200  5
  0  96  1  69  2  80  3  75  4  73
  0  41  1  49  2  7  3  32  4  77
  0  80  1  57  2  78  3  32  4  28
  0  60  1  54  2  52  3  97  4  22
  0  44  1  41  2  95  3  32  4  94
  0  70  1  44  2  25  3  42  4  39
  0  88  1  61  2  82  3  39  4  22
  0  56  1  38  2  5  3  21  4  76
  0  96  1  34  2  49  3  74  4  33
  0  17  1  82  2  49  3  43  4  7
  0  69  1  35  2  33  3  16  4  8
  0  59  1  68  2  38  3  35  4  35
  0  52  1  8  2  29  3  62  4  2
  0  56  1  82  2  60  3  44  4  34
  0  12  1  61  2  30  3  2  4  79
  0  32  1  68  2  97  3  73  4  93
  0  2  1  58  2  56  3  75  4  86
  0  37  1  77  2  14  3  61  4  34
  0  21  1  76  2  88  3  65  4  15
  0  86  1  24  2  99  3  50  4  59
  0  51  1  62  2  60  3  91  4  67
  0  82  1  69  2  61  3  27  4  21
  0  18  1  25  2  65  3  20  4  9
  0  19  1  67  2  54  3  42  4  12
  0  49  1  69  2  35  3  55  4  71
  0  53  1  37  2  28  3  99  4  64
  0  81  1  81  2  74  3  6  4  50
  0  22  1  72  2  42  3  38  4  94
  0  57  1  71  2  31  3  47  4  52
  0  18  1  42  2  91  3  93  4  5
  0  80  1  97  2  38  3  15  4  33
  0  79  1  30  2  50  3  82  4  55
  0  63  1  57  2  5  3  3  4  89
  0  74  1  11  2  35  3  45  4  12
  0  25  1  65  2  18  3  73  4  20
  0  44  1  62  2  90  3  45  4  71
  0  45  1  19  2  22  3  42  4  68
  0  10  1  88  2  59  3  98  4  76
  0  33  1  14  2  32  3  2  4  19
  0  52  1  28  2  65  3  16  4  39
  0  17  1  85  2  89  3  10  4  72
  0  90  1  90  2  73  3  79  4  93
  0  77  1  88  2  58  3  12  4  36
  0  43  1  12  2  55  3  96  4  6
  0  24  1  88  2  64  3  28  4  6
  0  33  1  91  2  11  3  78  4  65
  0  84  1  69  2  51  3  21  4  11
  0  64  1  94  2  25  3  42  4  73
  0  70  1  94  2  66  3  24  4  25
  0  89  1  41  2  22  3  75  4  16
  0  72  1  31  2  55  3  83  4  49
  0  94  1  65  2  2  3  62  4  10
  0  90  1  49  2  82  3  88  4  44
  0  42  1  89  2  68  3  66  4  19
  0  69  1  54  2  82  3  75  4  12
  0  11  1  97  2  48  3  99  4  31
  0  97  1  22  2  51  3  51  4  54
  0  98  1  56  2  90  3  78  4  73
  0  40  1  33  2  67  3  81  4  20
  0  84  1  28  2  35  3  47  4  61
  0  74  1  52  2  62  3  6  4  48
  0  34  1  83  2  33  3  85  4  71
  0  20  1  46  2  48  3  67  4  88
  0  80  1  86  2  9  3  48  4  67
  0  91  1  24  2  5  3  16  4  73
  0  16  1  51  2  72  3  63  4  51
  0  24  1  85  2  17  3  45  4  7
  0  93  1  81  2  79  3  19  4  27
  0  56  1  31  2  54  3  70  4  33
  0  10  1  60  2  38  3  30  4  27
  0  81  1  53  2  36  3  48  4  6
  0  45  1  30  2  94  3  78  4  94
  0  46  1  4  2  80  3  83  4  96
  0  55  1  83  2  58  3  81  4  37
  0  31  1  79  2  34  3  90  4  2
  0  35  1  87  2  70  3  63  4  42
  0  65  1  7  2  12  3  55  4  27
  0  51  1  63  2  59  3  16  4  51
  0  48  1  18  2  5  3  71  4  99
  0  2  1  27  2  81  3  69  4  20
  0  27  1  44  2  97  3  30  4  2
  0  2  1  6  2  94  3  81  4  35
  0  14  1  14  2  84  3  41  4  86
  0  53  1  59  2  54  3  68  4  48
  0  66  1  5  2  50  3  37  4  1
  0  98  1  81  2  85  3  26  4  60
  0  36  1  72  2  81  3  54  4  71
  0  69  1  1  2  3  3  56  4  33
  0  18  1  54  2  48  3  74  4  87
  0  61  1  51  2  7  3  13  4  92
  0  81  1  52  2  78  3  64  4  22
  0  74  1  28  2  91  3  49  4  82
  0  23  1  66  2  49  3  88  4  91
  0  35  1  72  2  40  3  28  4  25
  0  86  1  59  2  33  3  42  4  25
  0  49  1  78  2  37  3  44  4  50
  0  50  1  13  2  33  3  64  4  2
  0  31  1  46  2  77  3  12  4  22
  0  45  1  44  2  53  3  17  4  71
  0  16  1  84  2  65  3  90  4  34
  0  41  1  86  2  76  3  11  4  92
  0  75  1  21  2  62  3  73  4  78
  0  1  1  95  2  17  3  80  4  25
  0  30  1  47  2  92  3  49  4  21
  0  14  1  23  2  31  3  20  4  59
  0  64  1  60  2  79  3  71  4  41
  0  89  1  98  2  52  3  93  4  51
  0  48  1  98  2  97  3  35  4  42
  0  94  1  33  2  51  3  31  4  40
  0  70  1  30  2  46  3  83  4  24
  0  5  1  5  2  25  3  94  4  91
  0  62  1  92  2  2  3  68  4  80
  0  48  1  70  2  1  3  30  4  36
  0  45  1  82  2  63  3  85  4  14
  0  83  1  15  2  71  3  89  4  20
  0  20  1  30  2  73  3  87  4  58
  0  36  1  93  2  30  3  57  4  69
  0  1  1  29  2  27  3  13  4  61
  0  44  1  96  2  91  3  77  4  25
  0  76  1  19  2  25  3  83  4  70
  0  20  1  94  2  7  3  13  4  41
  0  73  1  29  2  6  3  81  4  95
  0  13  1  66  2  88  3  55  4  88
  0  32  1  8  2  68  3  68  4  68
  0  85  1  15  2  31  3  83  4  61
  0  98  1  36  2  37  3  90  4  8
  0  17  1  11  2  99  3  74  4  62
  0  66  1  51  2  52  3  94  4  4
  0  70  1  56  2  86  3  22  4  81
  0  53  1  88  2  10  3  29  4  88
  0  51  1  45  2  85  3  72  4  67
  0  70  1  98  2  84  3  77  4  65
  0  95  1  57  2  88  3  56  4  58
  0  52  1  30  2  9  3  53  4  29
  0  27  1  10  2  55  3  86  4  63
  0  26  1  15  2  22  3  85  4  98
  0  56  1  17  2  44  3  16  4  95
  0  82  1  87  2  66  3  31  4  99
  0  60  1  63  2  37  3  28  4  50
  0  99  1  60  2  88  3  9  4  75
  0  10  1  48  2  32  3  94  4  77
  0  36  1  64  2  34  3  45  4  82
  0  76  1  31  2  47  3  71  4  30
  0  41  1  7  2  35  3  21  4  55
  0  66  1  26  2  69  3  85  4  76
  0  59  1  98  2  64  3  3  4  11
  0  19  1  3  2  88  3  92  4  15
  0  6  1  63  2  64  3  84  4  50
  0  87  1  46  2  8  3  68  4  90
  0  38  1  15  2  82  3  15  4  55
  0  91  1  96  2  95  3  53  4  57
  0  38  1  31  2  84  3  75  4  98
  0  18  1  11  2  1  3  28  4  68
  0  84  1  69  2  66  3  20  4  47
  0  87  1  32  2  15  3  15  4  68
  0  96  1  9  2  62  3  23  4  5
  0  27  1  12  2  20  3  29  4  92
  0  91  1  50  2  79  3  77  4  22
  0  69  1  78  2  68  3  41  4  14
  0  90  1  32  2  84  3  90  4  77
  0  37  1  73  2  9  3  88  4  56
  0  76  1  94  2  30  3  55  4  56
  0  2  1  71  2  56  3  9  4  21
  0  66  1  14  2  60  3  40  4  19
  0  51  1  81  2  13  3  4  4  49
  0  21  1  39  2  32  3  73  4  93
  0  65  1  16  2  88  3  47  4  50
  0  78  1  1  2  11  3  65  4  9
  0  19  1  96  2  15  3  50  4  25
  0  91  1  6  2  98  3  99  4  96
  0  93  1  17  2  44  3  60  4  83
  0  5  1  91  2  34  3  77  4  93
  0  92  1  49  2  76  3  37  4  29
  0  85  1  88  2  15  3  94  4  85
  0  7  1  98  2  20  3  22  4  50
  0  10  1  62  2  44  3  79  4  93
  0  71  1  49  2  44  3  85  4  6
  0  47  1  5  2  35  3  55  4  26
  0  51  1  21  2  96  3  31  4  4
  0  68  1  99  2  21  3  69  4  61
  0  42  1  57  2  91  3  92  4  12
  0  36  1  13  2  20  3  4  4  87
  0  44  1  92  2  36  3  81  4  97
  0  90  1  44  2  18  3  46  4  76
  0  37  1  8  2  1  3  59  4  3
  0  56  1  20  2  20  3  20  4  97
  0  6  1  31  2  4  3  70  4  34
  0  12  1  80  2  8  3  31  4  51
  0  95  1  85  2  95  3  19  4  79
  0  70  1  30  2  45  3  25  4  36
  0  22  1  38  2  62  3  55  4  88
  0  56  1  34  2  80  3  95  4  72
  0  95  1  76  2  86  3  91  4  98
  0  61  1  97  2  2  3  44  4  68
  0  50  1  78  2  90  3  38  4  26
  0  66  1  74  2  10  3  87  4  19
  0  70  1  58  2  90  3  52  4  92
  0  6  1  97  2  60  3  23  4  98
  0  93  1  86  2  13  3  30  4  65
  0  61  1  6  2  53  3  88  4  34
TPM
  0  1786  1  1786  2  1786  3  1786  4  1786
PMT
  0  82  1  20  2  58  3  111  4  72
  0  127  1  34  2  14  3  109  4  4
  0  128  1  44  2  95  3  41  4  86
  0  122  1  31  2  95  3  43  4  31
  0  12  1  70  2  111  3  148  4  64
  0  69  1  104  2  12  3  89  4  90
  0  89  1  16  2  145  3  6  4  126
  0  25  1  56  2  9  3  101  4  146
  0  19  1  106  2  16  3  70  4  62
  0  112  1  108  2  21  3  109  4  143
  0  10  1  136  2  54  3  146  4  140
  0  35  1  57  2  41  3  143  4  81
