500  5
  0  8  1  5  2  86  3  87  4  99
  0  89  1  75  2  93  3  35  4  38
  0  15  1  81  2  27  3  63  4  43
  0  14  1  53  2  94  3  93  4  61
  0  97  1  31  2  70  3  21  4  82
  0  68  1  85  2  54  3  43  4  76
  0  1  1  46  2  80  3  51  4  62
  0  96  1  6  2  42  3  1  4  96
  0  64  1  39  2  49  3  40  4  88
  0  77  1  4  2  81  3  39  4  72
  0  20  1  41  2  11  3  20  4  17
  0  16  1  30  2  4  3  54  4  39
  0  68  1  6  2  73  3  13  4  28
  0  5  1  45  2  4  3  7  4  15
  0  48  1  51  2  28  3  96  4  71
  0  72  1  91  2  42  3  29  4  25
  0  91  1  16  2  15  3  71  4  94
  0  4  1  41  2  75  3  96  4  9
  0  42  1  3  2  74  3  75  4  31
  0  7  1  11  2  59  3  43  4  34
  0  74  1  56  2  6  3  76  4  58
  0  50  1  19  2  50  3  22  4  71
  0  27  1  75  2  98  3  48  4  30
  0  98  1  36  2  1  3  60  4  79
  0  13  1  26  2  7  3  13  4  35
  0  42  1  89  2  91  3  92  4  17
  0  3  1  11  2  58  3  98  4  73
  0  61  1  35  2  97  3  15  4  85
  0  91  1  13  2  69  3  81  4  49
  0  98  1  58  2  70  3  96  4  10
  0  8  1  75  2  62  3  57  4  92
  0  80  1  50  2  92  3  29  4  53
  0  37  1  87  2  11  3  52  4  83
  0  59  1  65  2  64  3  92  4  93
  0  76  1  41  2  38  3  45  4  92
  0  16  1  33  2  9  3  30  4  25
  0  16  1  11  2  29  3  82  4  78
  0  62  1  34  2  65  3  47  4  50
  0  90  1  97  2  11  3  87  4  90
  0  69  1  53  2  34  3  9  4  15
  0  17  1  52  2  7  3  22  4  27
  0  81  1  98  2  67  3  41  4  22
  0  14  1  98  2  9  3  70  4  84
  0  92  1  48  2  57  3  54  4  69
  0  79  1  68  2  84  3  50  4  81
  0  44  1  9  2  72  3  46  4  5
  0  48  1  14  2  44  3  44  4  97
  0  77  1  50  2  68  3  52  4  48
  0  69  1  93  2  20  3  23  4  68
  0  35  1  49  2  63  3  8  4  19
  0  64  1  41  2  26  3  33  4  82
  0  57  1  18  2  88  3  67  4  64
  0  16  1  36  2  39  3  31  4  62
  0  98  1  30  2  5  3  25  4  81
  0  80  1  89  2  10  3  86  4  93
  0  23  1  60  2  34  3  12  4  27
  0  47  1  78  2  66  3  75  4  93
  0  65  1  18  2  86  3  90  4  62
  0  8  1  44  2  95  3  73  4  52
  0  6  1  12  2  1  3  77  4  45
  0  96  1  35  2  77  3  43  4  61
  0  69  1  25  2  21  3  33  4  82
  0  74  1  82  2  7  3  26  4  50
  0  10  1  15  2  16  3  93  4  24
  0  72  1  15  2  13  3  6  4  93
  0  47  1  71  2  50  3  83  4  97
  0  96  1  86  2  37  3  71  4  99
  0  81  1  20  2  21  3  37  4  34
  0  6  1  74  2  54  3  2  4  79
  0  12  1  95  2  30  3  50  4  71
  0  72  1  76  2  37  3  2  4  2
  0  38  1  95  2  68  3  96  4  45
  0  20  1  88  2  39  3  59  4  42
  0  66  1  69  2  95  3  86  4  26
  0  95  1  73  2  78  3  89  4  81
  0  25  1  8  2  40  3  72  4  65
  0  85  1  50  2  81  3  72  4  59
  0  88  1  35  2  27  3  61  4  33
  0  40  1  41  2  17  3  36  4  41
  0  41  1  39  2  31  3  69  4  1
  0  62  1  77  2  6  3  47  4  25
  0  89  1  1  2  65  3  87  4  76
  0  35  1  90  2  34  3  2  4  14
  0  59  1  16  2  46  3  11  4  52
  0  29  1  19  2  29  3  61  4  20
  0  57  1  30  2  55  3  76  4  7
  0  51  1  28  2  49  3  77  4  10
  0  57  1  96  2  18  3  71  4  4
  0  66  1  42  2  33  3  26  4  34
  0  11  1  25  2  6  3  86  4  56
  0  66  1  88  2  15  3  86  4  3
  0  96  1  26  2  28  3  23  4  69
  0  32  1  68  2  26  3  31  4  51
  0  34  1  89  2  4  3  22  4  2
  0  66  1  92  2  41  3  16  4  99
  0  38  1  51  2  93  3  36  4  1
  0  51  1  5  2  78  3  8  4  9
  0  80  1  19  2  10  3  85  4  80
  0  24  1  96  2  12  3  25  4  71
  0  84  1  75  2  65  3  65  4  77
  0  6  1  51  2  73  3  53  4  62
  0  37  1  61  2  37  3  77  4  99
  0  30  1  51  2  89  3  88  4  62
  0  75  1  79  2  25  3  44  4  33
  0  98  1  9  2  28  3  96  4  44
  0  17  1  30  2  81  3  29  4  93
  0  99  1  69  2  27  3  59  4  91
  0  80  1  33  2  98  3  31  4  78
  0  34  1  11  2  57  3  87  4  87
  0  11  1  73  2  52  3  70  4  30
  0  63  1  70  2  17  3  59  4  18
  0  71  1  88  2  18  3  6  4  36
  0  20  1  53  2  90  3  62  4  45
  0  1  1  38  2  37  3  4  4  55
  0  12  1  65  2  64  3  43  4  28
  0  59  1  28  2  83  3  7  4  96
  0  3  1  87  2  72  3  93  4  45
  0  40  1  65  2  72  3  27  4  33
  0  69  1  82  2  59  3  83  4  75
  0  35  1  94  2  34  3  41  4  55
  0  81  1  18  2  95  3  44  4  41
  0  43  1  20  2  37  3  97  4  24
  0  92  1  58  2  73  3  73  4  82
  0  48  1  39  2  16  3  33  4  92
  0  69  1  3  2  53  3  77  4  59
  0  32  1  34  2  63  3  84  4  2
  0  44  1  39  2  22  3  54  4  63
  0  8  1  63  2  91  3  72  4  9
  0  84  1  60  2  5  3  86  4  57
  0  44  1  20  2  46  3  5  4  10
  0  71  1  73  2  54  3  99  4  54
  0  95  1  34  2  55  3  80  4  17
  0  4  1  26  2  4  3  63  4  31
  0  90  1  84  2  91  3  55  4  3
  0  91  1  85  2  78  3  27  4  53
  0  23  1  5  2  39  3  24  4  73
  0  2  1  2  2  19  3  98  4  45
  0  27  1  36  2  31  3  97  4  17
  0  72  1  61  2  15  3  14  4  92
  0  71  1  70  2  13  3  19  4  80
  0  69  1  22  2  45  3  99  4  70
  0  67  1  89  2  5  3  43  4  83
  0  47  1  82  2  40  3  30  4  5
  0  98  1  30  2  23  3  23  4  1
  0  68  1  88  2  3  3  56  4  58
  0  56  1  94  2  79  3  50  4  62
  0  14  1  3  2  83  3  28  4  65
  0  1  1  52  2  30  3  1  4  67
  0  76  1  82  2  57  3  99  4  80
  0  90  1  47  2  50  3  28  4  59
  0  5  1  41  2  63  3  48  4  6
  0  58  1  53  2  24  3  11  4  70
  0  33  1  38  2  8  3  30  4  3
  0  34  1  50  2  59  3  18  4  74
  0  17  1  38  2  83  3  24  4  35
  0  20  1  37  2  37  3  51  4  74
  0  80  1  37  2  36  3  8  4  3
  0  84  1  54  2  19  3  90  4  73
  0  54  1  2  2  33  3  98  4  26
  0  82  1  58  2  83  3  60  4  69
  0  64  1  66  2  5  3  40  4  22
  0  81  1  78  2  9  3  73  4  81
  0  15  1  37  2  57  3  93  4  33
  0  78  1  8  2  91  3  60  4  83
  0  41  1  42  2  52  3  97  4  15
  0  60  1  83  2  24  3  9  4  55
  0  19  1  40  2  87  3  79  4  70
  0  93  1  25  2  8  3  94  4  2
  0  9  1  93  2  21  3  50  4  55
  0  97  1  79  2  49  3  3  4  71
  0  75  1  94  2  52  3  51  4  46
  0  54  1  96  2  95  3  85  4  63
  0  39  1  58  2  18  3  7  4  87
  0  94  1  58  2  12  3  3  4  40
  0  9  1  5  2  8  3  1  4  45
  0  71  1  97  2  51  3  21  4  39
  0  11  1  35  2  87  3  89  4  47
  0  4  1  92  2  39  3  47  4  35
  0  25  1  56  2  59  3  36  4  7
  0  19  1  63  2  3  3  55  4  7
  0  42  1  99  2  58  3  94  4  92
  0  86  1  49  2  2  3  33  4  87
  0  66  1  83  2  58  3  2  4  27
  0  1  1  25  2  86  3  60  4  86
  0  86  1  69  2  84  3  3  4  7
  0  64  1  6  2  51  3  18  4  99
  0  82  1  81  2  6  3  88  4  94
  0  18  1  32  2  95  3  85  4  90
  0  38  1  75  2  91  3  43  4  73
  0  95  1  61  2  55  3  62  4  68
  0  35  1  5  2  86  3  44  4  36
  0  47  1  47  2  52  3  94  4  97
  0  55  1  90  2  5  3  37  4  33
  0  92  1  83  2  91  3  51  4  28
  0  95  1  29  2  14  3  15  4  33
  0  93  1  85  2  52  3  98  4  76
  0  12  1  3  2  13  3  71  4  70
  0  64  1  40  2  81  3  70  4  41
  0  18  1  69  2  78  3  88  4  21
  0  70  1  41  2  80  3  7  4  4
  0  22  1  42  2  9  3  57  4  91
  0  37  1  93  2  36  3  26  4  14
  0  83  1  83  2  4  3  23  4  7
  0  33  1  13  2  91  3  46  4  40
  0  93  1  6  2  85  3  2  4  95
  0  15  1  74  2  70  3  22  4  4
  0  56  1  10  2  71  3  54  4  45
  0  58  1  25  2  11  3  40  4  87
  0  26  1  28  2  3  3  89  4  44
  0  47  1  42  2  8  3  41  4  48
  0  92  1  6  2  61  3  52  4  71
  0  49  1  15  2  97  3  43  4  25
  0  44  1  95  2  40  3  40  4  76
  0  39  1  12  2  60  3  97  4  32
  0  3  1  89  2  20  3  53  4  79
  0  4  1  15  2  76  3  59  4  83
  0  34  1  10  2  8  3  4  4  44
  0  21  1  13  2  84  3  45  4  72
  0  47  1  16  2  55  3  73  4  82
  0  92  1  66  2  28  3  8  4  38
  0  18  1  33  2  75  3  98  4  43
  0  54  1  78  2  30  3  74  4  93
  0  13  1  20  2  19  3  14  4  9
  0  7  1  38  2  85  3  10  4  4
  0  99  1  83  2  44  3  19  4  77
  0  37  1  18  2  35  3  21  4  11
  0  18  1  12  2  20  3  77  4  17
  0  97  1  33  2  4  3  1  4  69
  0  60  1  65  2  70  3  43  4  79
  0  53  1  1  2  32  3  68  4  51
  0  29  1  23  2  88  3  83  4  30
  0  7  1  9  2  69  3  96  4  6
  0  72  1  36  2  19  3  45  4  68
  0  63  1  50  2  85  3  29  4  84
  0  87  1  15  2  84  3  40  4  16
  0  55  1  47  2  80  3  79  4  42
  0  83  1  56  2  1  3  75  4  28
  0  31  1  42  2  48  3  25  4  35
  0  84  1  16  2  6  3  8  4  74
  0  49  1  48  2  21  3  61  4  82
  0  69  1  82  2  21  3  57  4  34
  0  50  1  43  2  24  3  6  4  4
  0  29  1  45  2  61  3  71  4  17
  0  18  1  34  2  94  3  55  4  5
  0  78  1  83  2  58  3  43  4  53
  0  89  1  39  2  79  3  77  4  11
  0  1  1  30  2  97  3  95  4  20
  0  82  1  76  2  9  3  64  4  88
  0  93  1  90  2  21  3  93  4  5
  0  1  1  36  2  26  3  24  4  50
  0  82  1  35  2  97  3  44  4  11
  0  39  1  5  2  4  3  54  4  36
  0  96  1  30  2  83  3  88  4  57
  0  28  1  43  2  72  3  53  4  15
  0  4  1  60  2  95  3  66  4  20
  0  86  1  44  2  82  3  80  4  96
  0  17  1  78  2  78  3  92  4  88
  0  31  1  49  2  22  3  95  4  27
  0  52  1  66  2  73  3  7  4  88
  0  41  1  91  2  91  3  87  4  2
  0  81  1  48  2  99  3  18  4  52
  0  14  1  75  2  66  3  35  4  84
  0  35  1  46  2  33  3  72  4  35
  0  27  1  33  2  42  3  93  4  83
  0  18  1  98  2  53  3  60  4  3
  0  1  1  59  2  87  3  48  4  7
  0  91  1  42  2  58  3  72  4  5
  0  14  1  53  2  72  3  29  4  24
  0  61  1  10  2  51  3  11  4  95
  0  30  1  82  2  82  3  88  4  55
  0  79  1  84  2  13  3  10  4  68
  0  55  1  6  2  8  3  1  4  51
  0  75  1  99  2  29  3  61  4  54
  0  32  1  85  2  68  3  42  4  41
  0  9  1  92  2  32  3  94  4  40
  0  49  1  27  2  58  3  92  4  96
  0  89  1  34  2  54  3  55  4  71
  0  16  1  96  2  34  3  31  4  53
  0  85  1  73  2  22  3  7  4  17
  0  21  1  18  2  56  3  23  4  72
  0  11  1  76  2  34  3  53  4  83
  0  7  1  82  2  38  3  54  4  71
  0  74  1  6  2  50  3  22  4  80
  0  97  1  40  2  26  3  24  4  23
  0  53  1  96  2  49  3  19  4  39
  0  72  1  8  2  78  3  74  4  56
  0  12  1  87  2  6  3  92  4  12
  0  30  1  78  2  46  3  19  4  75
  0  3  1  91  2  75  3  41  4  55
  0  48  1  37  2  84  3  15  4  7
  0  30  1  94  2  71  3  31  4  88
  0  68  1  79  2  46  3  95  4  86
  0  24  1  27  2  61  3  45  4  24
  0  61  1  39  2  92  3  6  4  47
  0  56  1  79  2  3  3  49  4  85
  0  25  1  72  2  24  3  13  4  55
  0  42  1  84  2  78  3  68  4  15
  0  81  1  69  2  27  3  98  4  86
  0  12  1  93  2  45  3  45  4  93
  0  48  1  14  2  11  3  2  4  58
  0  81  1  76  2  65  3  88  4  82
  0  81  1  29  2  80  3  40  4  41
  0  15  1  25  2  22  3  44  4  26
  0  7  1  37  2  5  3  17  4  18
  0  51  1  62  2  27  3  43  4  93
  0  70  1  46  2  69  3  74  4  31
  0  73  1  86  2  48  3  33  4  78
  0  62  1  74  2  34  3  72  4  24
  0  78  1  76  2  59  3  74  4  5
  0  26  1  17  2  18  3  19  4  93
  0  24  1  84  2  94  3  46  4  53
  0  73  1  97  2  46  3  70  4  51
  0  58  1  64  2  19  3  84  4  74
  0  50  1  95  2  78  3  13  4  60
  0  22  1  65  2  79  3  88  4  81
  0  57  1  93  2  29  3  83  4  56
  0  66  1  69  2  44  3  91  4  87
  0  21  1  39  2  18  3  67  4  97
  0  31  1  7  2  68  3  17  4  90
  0  4  1  56  2  90  3  77  4  38
  0  30  1  23  2  19  3  12  4  17
  0  22  1  29  2  96  3  41  4  10
  0  48  1  21  2  15  3  90  4  98
  0  23  1  92  2  77  3  71  4  7
  0  86  1  33  2  7  3  20  4  59
  0  47  1  30  2  41  3  15  4  54
  0  53  1  59  2  64  3  88  4  48
  0  65  1  35  2  97  3  60  4  86
  0  54  1  84  2  23  3  56  4  25
  0  45  1  70  2  85  3  69  4  14
  0  80  1  65  2  15  3  43  4  91
  0  43  1  36  2  74  3  69  4  38
  0  99  1  70  2  11  3  83  4  53
  0  36  1  30  2  23  3  60  4  26
  0  53  1  90  2  88  3  25  4  9
  0  53  1  81  2  55  3  7  4  3
  0  82  1  35  2  30  3  12  4  89
  0  3  1  92  2  2  3  58  4  75
  0  27  1  83  2  85  3  4  4  6
  0  70  1  36  2  49  3  27  4  78
  0  92  1  96  2  96  3  42  4  53
  0  61  1  94  2  45  3  99  4  75
  0  19  1  20  2  97  3  54  4  27
  0  62  1  26  2  68  3  32  4  89
  0  35  1  84  2  13  3  9  4  74
  0  49  1  57  2  2  3  53  4  22
  0  39  1  18  2  8  3  82  4  92
  0  47  1  9  2  81  3  58  4  15
  0  19  1  94  2  82  3  5  4  80
  0  93  1  16  2  28  3  13  4  79
  0  43  1  70  2  26  3  93  4  25
  0  93  1  94  2  37  3  47  4  76
  0  47  1  52  2  4  3  26  4  61
  0  39  1  60  2  80  3  67  4  33
  0  68  1  85  2  7  3  31  4  38
  0  42  1  1  2  83  3  80  4  15
  0  19  1  57  2  77  3  81  4  44
  0  53  1  51  2  60  3  99  4  28
  0  23  1  18  2  63  3  50  4  2
  0  81  1  83  2  7  3  30  4  85
  0  90  1  19  2  82  3  31  4  54
  0  40  1  89  2  38  3  28  4  59
  0  43  1  22  2  85  3  10  4  97
  0  27  1  55  2  70  3  66  4  78
  0  73  1  17  2  94  3  66  4  47
  0  30  1  48  2  57  3  79  4  6
  0  48  1  79  2  94  3  99  4  44
  0  65  1  82  2  7  3  4  4  20
  0  32  1  65  2  66  3  48  4  35
  0  22  1  82  2  81  3  72  4  12
  0  37  1  61  2  22  3  32  4  38
  0  84  1  45  2  17  3  1  4  23
  0  34  1  40  2  74  3  48  4  45
  0  96  1  89  2  52  3  38  4  50
  0  14  1  35  2  88  3  56  4  50
  0  84  1  62  2  66  3  22  4  92
  0  64  1  98  2  17  3  68  4  80
  0  32  1  90  2  54  3  6  4  43
  0  53  1  42  2  7  3  98  4  81
  0  46  1  61  2  85  3  43  4  97
  0  93  1  23  2  15  3  51  4  70
  0  91  1  34  2  19  3  42  4  96
  0  22  1  75  2  49  3  14  4  49
  0  6  1  11  2  13  3  57  4  79
  0  80  1  46  2  42  3  76  4  34
  0  51  1  58  2  1  3  11  4  3
  0  17  1  54  2  48  3  8  4  66
  0  55  1  54  2  40  3  98  4  32
  0  23  1  49  2  4  3  17  4  96
  0  96  1  67  2  22  3  99  4  97
  0  5  1  80  2  21  3  73  4  40
  0  79  1  28  2  49  3  7  4  9
  0  16  1  40  2  13  3  19  4  28
  0  23  1  93  2  56  3  17  4  76
  0  61  1  3  2  32  3  43  4  99
  0  73  1  31  2  43  3  92  4  12
  0  61  1  46  2  62  3  3  4  79
  0  81  1  59  2  2  3  80  4  29
  0  41  1  37  2  49  3  49  4  23
  0  36  1  84  2  19  3  84  4  80
  0  39  1  86  2  78  3  5  4  72
  0  79  1  58  2  73  3  23  4  8
  0  35  1  18  2  36  3  50  4  27
  0  9  1  13  2  31  3  51  4  89
  0  56  1  10  2  92  3  24  4  35
  0  38  1  26  2  93  3  98  4  77
  0  91  1  79  2  1  3  60  4  46
  0  6  1  23  2  45  3  42  4  14
  0  98  1  3  2  95  3  26  4  92
  0  34  1  58  2  82  3  77  4  94
  0  8  1  84  2  97  3  91  4  6
  0  75  1  48  2  73  3  92  4  25
  0  74  1  16  2  30  3  20  4  85
  0  98  1  2  2  68  3  39  4  6
  0  27  1  62  2  34  3  99  4  61
  0  65  1  25  2  54  3  77  4  28
  0  30  1  50  2  58  3  22  4  26
  0  60  1  38  2  70  3  17  4  79
  0  80  1  9  2  45  3  81  4  80
  0  92  1  75  2  9  3  17  4  53
  0  54  1  14  2  3  3  56  4  58
  0  26  1  11  2  15  3  52  4  2
  0  74  1  69  2  32  3  83  4  70
  0  34  1  35  2  81  3  61  4  56
  0  20  1  37  2  37  3  69  4  69
  0  56  1  88  2  6  3  57  4  5
  0  7  1  15  2  78  3  2  4  72
  0  5  1  51  2  66  3  12  4  95
  0  23  1  98  2  98  3  53  4  44
  0  89  1  53  2  47  3  97  4  5
  0  61  1  53  2  87  3  87  4  98
  0  76  1  32  2  55  3  62  4  90
  0  18  1  11  2  23  3  2  4  95
  0  85  1  57  2  87  3  42  4  66
  0  19  1  74  2  9  3  1  4  66
  0  42  1  29  2  68  3  54  4  84
  0  63  1  64  2  40  3  49  4  2
  0  27  1  90  2  45  3  46  4  23
  0  73  1  96  2  46  3  57  4  57
  0  59  1  69  2  63  3  86  4  52
  0  16  1  26  2  77  3  63  4  12
  0  95  1  58  2  23  3  51  4  32
  0  58  1  62  2  58  3  73  4  11
  0  3  1  96  2  13  3  28  4  36
  0  48  1  42  2  58  3  94  4  32
  0  82  1  40  2  27  3  38  4  19
  0  8  1  18  2  6  3  5  4  22
  0  22  1  58  2  7  3  16  4  2
  0  76  1  96  2  90  3  95  4  82
  0  32  1  2  2  45  3  56  4  56
  0  14  1  53  2  5  3  23  4  19
  0  74  1  67  2  33  3  41  4  42
  0  18  1  16  2  82  3  76  4  98
  0  21  1  75  2  52  3  2  4  85
  0  48  1  3  2  72  3  87  4  15
  0  90  1  17  2  19  3  55  4  74
  0  18  1  29  2  41  3  48  4  7
  0  13  1  20  2  49  3  45  4  63
  0  69  1  34  2  99  3  2  4  83
  0  85  1  30  2  49  3  50  4  2
  0  21  1  21  2  27  3  74  4  9
  0  38  1  36  2  52  3  17  4  1
  0  29  1  61  2  70  3  60  4  91
  0  18  1  73  2  88  3  88  4  49
  0  60  1  35  2  71  3  30  4  52
  0  6  1  99  2  76  3  91  4  21
  0  47  1  66  2  23  3  31  4  87
  0  81  1  56  2  89  3  94  4  78
  0  12  1  22  2  92  3  47  4  53
  0  36  1  36  2  3  3  48  4  62
  0  19  1  27  2  11  3  19  4  35
  0  51  1  20  2  42  3  35  4  50
  0  22  1  28  2  57  3  84  4  41
  0  69  1  31  2  12  3  86  4  90
  0  73  1  64  2  12  3  13  4  31
  0  42  1  57  2  2  3  34  4  90
  0  3  1  77  2  68  3  53  4  92
  0  91  1  86  2  15  3  27  4  6
  0  5  1  76  2  14  3  18  4  58
  0  40  1  34  2  21  3  19  4  73
  0  73  1  97  2  91  3  98  4  3
  0  85  1  43  2  27  3  26  4  59
  0  34  1  12  2  34  3  10  4  56
  0  21  1  7  2  39  3  89  4  32
  0  69  1  76  2  40  3  98  4  11
  0  97  1  21  2  62  3  89  4  3
  0  81  1  92  2  92  3  74  4  10
  0  66  1  43  2  35  3  41  4  53
  0  54  1  68  2  75  3  45  4  68
  0  70  1  69  2  44  3  53  4  54
  0  49  1  11  2  22  3  16  4  85
  0  26  1  9  2  31  3  1  4  28
  0  19  1  68  2  11  3  18  4  21
  0  94  1  25  2  47  3  74  4  39
  0  52  1  43  2  87  3  47  4  84
  0  13  1  56  2  2  3  56  4  54
  0  36  1  39  2  9  3  53  4  37
  0  66  1  1  2  41  3  54  4  40
  0  45  1  56  2  61  3  98  4  61
  0  17  1  37  2  37  3  75  4  18
TPM
  0  2857  1  2857  2  2857  3  2857  4  2857
PMT
  0  3  1  15  2  5  3  21  4  6
  0  17  1  19  2  20  3  18  4  19
  0  7  1  2  2  14  3  1  4  12
  0  15  1  11  2  14  3  14  4  24
  0  12  1  1  2  22  3  3  4  20
  0  3  1  14  2  19  3  5  4  22
  0  10  1  12  2  10  3  9  4  23
  0  13  1  3  2  18  3  15  4  17
  0  7  1  2  2  16  3  17  4  7
  0  15  1  22  2  5  3  11  4  23
  0  11  1  4  2  9  3  15  4  15
  0  2  1  19  2  14  3  18  4  3
  0  13  1  12  2  8  3  1  4  8
  0  1  1  11  2  16  3  13  4  12
  0  6  1  8  2  11  3  7  4  3
  0  11  1  12  2  9  3  24  4  7
  0  5  1  19  2  15  3  22  4  5
  0  1  1  17  2  24  3  15  4  4
