200  20
  0  52  1  80  2  36  3  52  4  80  5  17  6  84  7  97  8  65  9  20  10  54  11  18  12  85  13  28  14  81  15  53  16  24  17  5  18  24  19  16
  0  14  1  2  2  30  3  98  4  67  5  11  6  14  7  24  8  10  9  71  10  75  11  7  12  85  13  93  14  34  15  99  16  99  17  16  18  70  19  61
  0  18  1  92  2  86  3  41  4  36  5  81  6  40  7  97  8  89  9  3  10  99  11  67  12  72  13  48  14  37  15  65  16  74  17  95  18  47  19  95
  0  68  1  52  2  69  3  77  4  92  5  3  6  42  7  32  8  25  9  77  10  17  11  82  12  34  13  45  14  19  15  62  16  54  17  86  18  24  19  32
  0  22  1  29  2  91  3  52  4  76  5  21  6  75  7  62  8  99  9  94  10  95  11  57  12  52  13  48  14  51  15  75  16  49  17  21  18  8  19  28
  0  43  1  72  2  70  3  31  4  48  5  80  6  55  7  34  8  3  9  98  10  3  11  44  12  51  13  66  14  95  15  88  16  5  17  50  18  76  19  84
  0  3  1  56  2  84  3  76  4  93  5  47  6  53  7  89  8  86  9  48  10  26  11  94  12  74  13  37  14  97  15  78  16  99  17  42  18  94  19  90
  0  29  1  88  2  18  3  73  4  62  5  84  6  52  7  22  8  67  9  29  10  92  11  28  12  56  13  66  14  37  15  1  16  4  17  51  18  74  19  60
  0  97  1  75  2  34  3  64  4  70  5  71  6  85  7  96  8  39  9  11  10  29  11  40  12  63  13  40  14  79  15  13  16  99  17  44  18  48  19  22
  0  10  1  13  2  94  3  91  4  35  5  51  6  68  7  49  8  79  9  78  10  87  11  80  12  29  13  82  14  17  15  96  16  18  17  39  18  42  19  58
  0  21  1  6  2  51  3  66  4  16  5  53  6  69  7  3  8  67  9  94  10  17  11  86  12  7  13  24  14  77  15  74  16  27  17  75  18  91  19  21
  0  98  1  58  2  32  3  93  4  87  5  38  6  5  7  78  8  34  9  68  10  93  11  40  12  11  13  88  14  43  15  31  16  83  17  39  18  37  19  40
  0  23  1  72  2  34  3  41  4  69  5  47  6  51  7  77  8  24  9  44  10  14  11  91  12  24  13  36  14  20  15  95  16  37  17  98  18  73  19  22
  0  69  1  51  2  88  3  19  4  81  5  56  6  86  7  72  8  42  9  27  10  7  11  70  12  86  13  6  14  24  15  36  16  40  17  32  18  50  19  4
  0  28  1  99  2  38  3  12  4  98  5  71  6  34  7  32  8  98  9  12  10  41  11  66  12  9  13  43  14  95  15  72  16  12  17  47  18  56  19  6
  0  55  1  55  2  68  3  90  4  33  5  10  6  53  7  49  8  92  9  89  10  27  11  57  12  48  13  23  14  62  15  9  16  50  17  35  18  25  19  2
  0  53  1  12  2  75  3  77  4  67  5  65  6  3  7  80  8  89  9  38  10  24  11  22  12  63  13  80  14  85  15  51  16  95  17  90  18  35  19  84
  0  36  1  99  2  56  3  44  4  99  5  37  6  79  7  88  8  87  9  17  10  17  11  55  12  38  13  25  14  86  15  47  16  95  17  2  18  19  19  26
  0  12  1  43  2  54  3  88  4  94  5  71  6  90  7  51  8  66  9  42  10  30  11  72  12  10  13  3  14  32  15  72  16  8  17  2  18  78  19  31
  0  6  1  16  2  1  3  92  4  48  5  63  6  31  7  95  8  75  9  1  10  72  11  91  12  80  13  20  14  9  15  49  16  58  17  11  18  85  19  44
  0  94  1  47  2  40  3  71  4  89  5  4  6  67  7  50  8  6  9  15  10  44  11  93  12  78  13  47  14  42  15  69  16  36  17  32  18  10  19  67
  0  21  1  74  2  14  3  62  4  8  5  59  6  45  7  26  8  45  9  95  10  45  11  33  12  85  13  79  14  15  15  63  16  79  17  72  18  98  19  87
  0  33  1  17  2  55  3  12  4  63  5  41  6  71  7  88  8  13  9  21  10  70  11  35  12  81  13  98  14  13  15  23  16  13  17  95  18  15  19  16
  0  31  1  37  2  13  3  74  4  6  5  98  6  50  7  59  8  21  9  42  10  78  11  97  12  37  13  84  14  85  15  95  16  4  17  41  18  95  19  7
  0  47  1  11  2  5  3  97  4  37  5  16  6  59  7  63  8  22  9  1  10  65  11  93  12  72  13  61  14  2  15  74  16  77  17  56  18  84  19  95
  0  84  1  10  2  84  3  93  4  75  5  33  6  7  7  32  8  23  9  3  10  86  11  32  12  66  13  73  14  51  15  78  16  99  17  29  18  63  19  72
  0  69  1  85  2  39  3  8  4  10  5  8  6  95  7  92  8  80  9  91  10  4  11  38  12  74  13  38  14  11  15  90  16  10  17  20  18  83  19  85
  0  26  1  98  2  88  3  23  4  53  5  66  6  91  7  31  8  18  9  7  10  56  11  40  12  98  13  1  14  73  15  87  16  67  17  28  18  51  19  38
  0  53  1  33  2  38  3  73  4  30  5  52  6  73  7  6  8  12  9  39  10  75  11  95  12  5  13  15  14  18  15  91  16  52  17  39  18  54  19  33
  0  69  1  82  2  88  3  60  4  60  5  35  6  3  7  36  8  50  9  91  10  90  11  72  12  92  13  97  14  63  15  21  16  21  17  42  18  8  19  58
  0  62  1  23  2  39  3  79  4  30  5  49  6  58  7  99  8  61  9  28  10  13  11  89  12  66  13  53  14  32  15  27  16  12  17  16  18  54  19  33
  0  48  1  78  2  11  3  11  4  51  5  94  6  1  7  23  8  50  9  61  10  72  11  65  12  47  13  46  14  26  15  32  16  58  17  17  18  65  19  61
  0  38  1  58  2  86  3  32  4  53  5  78  6  77  7  35  8  19  9  12  10  53  11  35  12  32  13  85  14  77  15  16  16  42  17  17  18  17  19  48
  0  54  1  27  2  43  3  51  4  60  5  19  6  81  7  21  8  26  9  44  10  65  11  42  12  99  13  47  14  39  15  18  16  7  17  84  18  37  19  81
  0  55  1  28  2  18  3  77  4  55  5  22  6  25  7  5  8  33  9  51  10  23  11  93  12  2  13  23  14  16  15  38  16  7  17  93  18  49  19  95
  0  56  1  72  2  52  3  59  4  18  5  97  6  79  7  32  8  39  9  59  10  44  11  66  12  4  13  11  14  63  15  67  16  57  17  11  18  60  19  46
  0  52  1  70  2  77  3  82  4  94  5  93  6  10  7  49  8  94  9  58  10  65  11  77  12  50  13  59  14  94  15  81  16  25  17  5  18  63  19  85
  0  92  1  56  2  49  3  89  4  52  5  44  6  98  7  93  8  56  9  91  10  59  11  58  12  84  13  38  14  80  15  63  16  67  17  50  18  61  19  13
  0  44  1  44  2  62  3  66  4  95  5  73  6  28  7  30  8  10  9  49  10  89  11  17  12  42  13  92  14  28  15  53  16  98  17  51  18  30  19  18
  0  56  1  14  2  69  3  13  4  73  5  6  6  82  7  14  8  87  9  65  10  30  11  55  12  79  13  18  14  68  15  39  16  62  17  98  18  60  19  75
  0  19  1  4  2  5  3  88  4  97  5  49  6  71  7  60  8  48  9  95  10  56  11  80  12  42  13  44  14  7  15  33  16  20  17  15  18  73  19  34
  0  54  1  77  2  92  3  6  4  37  5  86  6  6  7  49  8  1  9  34  10  66  11  41  12  56  13  28  14  98  15  93  16  99  17  72  18  93  19  16
  0  14  1  78  2  74  3  97  4  83  5  64  6  60  7  91  8  80  9  94  10  94  11  55  12  2  13  90  14  48  15  96  16  56  17  96  18  92  19  25
  0  47  1  89  2  95  3  4  4  85  5  72  6  7  7  47  8  24  9  69  10  28  11  27  12  16  13  41  14  75  15  62  16  31  17  66  18  85  19  17
  0  74  1  66  2  27  3  32  4  94  5  68  6  17  7  58  8  87  9  33  10  44  11  72  12  20  13  92  14  65  15  87  16  27  17  75  18  12  19  94
  0  76  1  15  2  30  3  2  4  81  5  61  6  45  7  43  8  18  9  58  10  12  11  83  12  73  13  37  14  2  15  46  16  32  17  43  18  36  19  26
  0  88  1  21  2  68  3  75  4  17  5  83  6  63  7  72  8  57  9  65  10  40  11  7  12  96  13  46  14  73  15  50  16  49  17  60  18  66  19  85
  0  62  1  64  2  37  3  21  4  10  5  4  6  91  7  7  8  45  9  10  10  67  11  35  12  24  13  24  14  70  15  92  16  24  17  16  18  48  19  86
  0  14  1  59  2  62  3  79  4  59  5  64  6  52  7  82  8  62  9  94  10  14  11  14  12  64  13  18  14  30  15  11  16  74  17  53  18  17  19  50
  0  98  1  24  2  89  3  23  4  67  5  42  6  49  7  59  8  6  9  58  10  49  11  13  12  89  13  62  14  97  15  37  16  68  17  34  18  82  19  13
  0  71  1  62  2  62  3  25  4  5  5  71  6  30  7  84  8  15  9  61  10  42  11  38  12  89  13  11  14  3  15  27  16  99  17  20  18  99  19  87
  0  13  1  92  2  65  3  83  4  36  5  69  6  7  7  29  8  63  9  87  10  99  11  55  12  38  13  97  14  78  15  96  16  50  17  88  18  45  19  26
  0  35  1  91  2  78  3  57  4  47  5  56  6  27  7  89  8  8  9  36  10  12  11  67  12  75  13  15  14  65  15  82  16  62  17  64  18  97  19  33
  0  15  1  16  2  58  3  25  4  29  5  76  6  24  7  78  8  49  9  48  10  55  11  69  12  99  13  98  14  79  15  24  16  34  17  11  18  5  19  50
  0  90  1  10  2  71  3  63  4  8  5  37  6  89  7  45  8  36  9  22  10  25  11  52  12  27  13  77  14  36  15  40  16  19  17  14  18  59  19  2
  0  31  1  42  2  11  3  2  4  30  5  25  6  47  7  80  8  46  9  88  10  96  11  53  12  50  13  2  14  60  15  18  16  9  17  81  18  47  19  60
  0  81  1  4  2  86  3  16  4  37  5  94  6  28  7  21  8  92  9  62  10  36  11  70  12  12  13  76  14  31  15  62  16  3  17  2  18  28  19  93
  0  11  1  69  2  83  3  44  4  99  5  8  6  54  7  48  8  58  9  89  10  19  11  66  12  82  13  59  14  25  15  80  16  14  17  53  18  50  19  86
  0  39  1  14  2  5  3  65  4  86  5  72  6  8  7  40  8  57  9  50  10  14  11  59  12  90  13  95  14  67  15  68  16  59  17  66  18  24  19  51
  0  19  1  11  2  56  3  54  4  78  5  31  6  31  7  29  8  59  9  3  10  41  11  59  12  58  13  1  14  9  15  47  16  35  17  65  18  1  19  76
  0  85  1  80  2  39  3  97  4  78  5  74  6  70  7  74  8  55  9  51  10  37  11  97  12  37  13  15  14  78  15  65  16  68  17  47  18  38  19  72
  0  11  1  56  2  58  3  64  4  57  5  92  6  86  7  48  8  20  9  3  10  41  11  64  12  42  13  91  14  88  15  57  16  1  17  76  18  35  19  12
  0  25  1  79  2  55  3  36  4  40  5  79  6  78  7  94  8  9  9  27  10  27  11  45  12  35  13  93  14  77  15  26  16  48  17  98  18  74  19  82
  0  85  1  47  2  31  3  48  4  35  5  69  6  87  7  12  8  18  9  37  10  25  11  32  12  11  13  4  14  36  15  90  16  41  17  2  18  16  19  85
  0  13  1  77  2  21  3  10  4  34  5  55  6  97  7  71  8  56  9  67  10  3  11  37  12  60  13  77  14  41  15  25  16  34  17  93  18  10  19  63
  0  22  1  55  2  21  3  87  4  63  5  18  6  32  7  63  8  33  9  90  10  25  11  37  12  53  13  94  14  91  15  57  16  40  17  49  18  37  19  28
  0  9  1  87  2  95  3  75  4  55  5  82  6  14  7  41  8  63  9  30  10  73  11  38  12  37  13  94  14  29  15  33  16  41  17  53  18  92  19  32
  0  94  1  67  2  6  3  96  4  59  5  65  6  54  7  2  8  20  9  43  10  34  11  28  12  45  13  84  14  74  15  41  16  62  17  68  18  62  19  96
  0  8  1  32  2  41  3  91  4  23  5  81  6  70  7  23  8  13  9  81  10  59  11  51  12  83  13  69  14  32  15  64  16  17  17  63  18  70  19  86
  0  74  1  73  2  48  3  2  4  12  5  25  6  55  7  50  8  60  9  53  10  68  11  42  12  7  13  45  14  23  15  3  16  68  17  8  18  90  19  17
  0  52  1  13  2  72  3  52  4  44  5  49  6  46  7  90  8  73  9  53  10  45  11  80  12  34  13  38  14  57  15  82  16  59  17  13  18  49  19  96
  0  6  1  71  2  84  3  79  4  62  5  3  6  70  7  80  8  98  9  28  10  54  11  71  12  40  13  96  14  65  15  41  16  2  17  70  18  61  19  80
  0  32  1  86  2  32  3  78  4  64  5  97  6  60  7  5  8  51  9  92  10  63  11  53  12  42  13  68  14  35  15  63  16  29  17  26  18  84  19  58
  0  69  1  63  2  44  3  49  4  69  5  21  6  67  7  4  8  63  9  12  10  61  11  87  12  52  13  7  14  26  15  4  16  63  17  81  18  79  19  6
  0  56  1  46  2  99  3  65  4  93  5  8  6  13  7  98  8  22  9  28  10  10  11  95  12  69  13  95  14  67  15  11  16  35  17  14  18  3  19  1
  0  22  1  68  2  98  3  19  4  52  5  44  6  69  7  4  8  61  9  77  10  53  11  23  12  51  13  96  14  54  15  58  16  68  17  62  18  82  19  43
  0  15  1  8  2  35  3  79  4  22  5  72  6  47  7  21  8  46  9  41  10  91  11  68  12  50  13  47  14  98  15  31  16  11  17  18  18  51  19  53
  0  21  1  42  2  42  3  95  4  21  5  5  6  22  7  33  8  56  9  23  10  77  11  4  12  38  13  56  14  96  15  24  16  80  17  7  18  30  19  44
  0  13  1  8  2  49  3  21  4  6  5  68  6  56  7  34  8  60  9  38  10  4  11  55  12  41  13  92  14  27  15  64  16  57  17  70  18  88  19  65
  0  30  1  91  2  3  3  42  4  78  5  50  6  74  7  69  8  33  9  73  10  82  11  47  12  59  13  60  14  86  15  50  16  28  17  68  18  34  19  88
  0  93  1  2  2  5  3  38  4  48  5  13  6  8  7  72  8  61  9  33  10  39  11  10  12  46  13  87  14  33  15  69  16  82  17  59  18  94  19  81
  0  1  1  12  2  89  3  98  4  14  5  80  6  10  7  21  8  39  9  95  10  68  11  8  12  61  13  97  14  77  15  56  16  5  17  49  18  8  19  63
  0  41  1  70  2  51  3  95  4  44  5  41  6  14  7  49  8  55  9  39  10  29  11  53  12  36  13  26  14  58  15  69  16  13  17  92  18  20  19  77
  0  45  1  16  2  64  3  55  4  70  5  1  6  91  7  90  8  6  9  12  10  68  11  83  12  12  13  1  14  97  15  31  16  44  17  98  18  60  19  96
  0  57  1  36  2  91  3  5  4  25  5  84  6  16  7  29  8  2  9  57  10  12  11  40  12  32  13  4  14  97  15  46  16  85  17  77  18  60  19  49
  0  78  1  76  2  49  3  79  4  97  5  78  6  50  7  98  8  52  9  19  10  57  11  76  12  8  13  83  14  46  15  82  16  87  17  18  18  8  19  52
  0  33  1  76  2  80  3  6  4  72  5  53  6  15  7  48  8  32  9  81  10  43  11  67  12  83  13  81  14  35  15  1  16  31  17  1  18  71  19  59
  0  54  1  76  2  63  3  9  4  85  5  7  6  99  7  60  8  74  9  24  10  3  11  13  12  68  13  88  14  10  15  47  16  20  17  69  18  31  19  80
  0  89  1  55  2  45  3  6  4  14  5  30  6  28  7  97  8  49  9  2  10  21  11  47  12  21  13  59  14  2  15  61  16  24  17  19  18  5  19  35
  0  70  1  60  2  89  3  86  4  73  5  73  6  84  7  15  8  10  9  71  10  33  11  13  12  97  13  34  14  17  15  53  16  94  17  89  18  50  19  21
  0  2  1  54  2  55  3  78  4  5  5  68  6  72  7  56  8  16  9  22  10  57  11  35  12  92  13  53  14  73  15  51  16  27  17  50  18  81  19  34
  0  62  1  93  2  78  3  66  4  53  5  36  6  53  7  22  8  86  9  91  10  44  11  26  12  43  13  71  14  24  15  41  16  42  17  19  18  39  19  66
  0  14  1  6  2  2  3  11  4  90  5  90  6  85  7  87  8  12  9  74  10  73  11  9  12  79  13  84  14  92  15  16  16  11  17  74  18  93  19  53
  0  78  1  30  2  75  3  66  4  35  5  5  6  72  7  1  8  51  9  43  10  42  11  15  12  25  13  51  14  27  15  44  16  49  17  24  18  72  19  75
  0  20  1  42  2  30  3  18  4  46  5  6  6  75  7  85  8  82  9  48  10  26  11  16  12  96  13  64  14  27  15  99  16  49  17  45  18  42  19  2
  0  33  1  83  2  87  3  77  4  16  5  28  6  65  7  38  8  82  9  69  10  5  11  96  12  50  13  90  14  13  15  18  16  29  17  33  18  93  19  53
  0  39  1  46  2  81  3  3  4  97  5  19  6  3  7  83  8  64  9  22  10  70  11  61  12  71  13  98  14  53  15  83  16  11  17  94  18  96  19  25
  0  39  1  8  2  70  3  35  4  11  5  91  6  83  7  41  8  80  9  56  10  85  11  44  12  9  13  45  14  35  15  34  16  72  17  81  18  27  19  77
  0  65  1  4  2  86  3  77  4  34  5  60  6  88  7  10  8  92  9  96  10  44  11  65  12  2  13  83  14  79  15  77  16  17  17  60  18  94  19  96
  0  32  1  80  2  58  3  41  4  76  5  14  6  10  7  58  8  42  9  1  10  44  11  43  12  47  13  99  14  20  15  22  16  70  17  54  18  11  19  87
  0  98  1  72  2  78  3  44  4  83  5  5  6  62  7  11  8  90  9  48  10  96  11  70  12  2  13  24  14  92  15  73  16  87  17  7  18  72  19  47
  0  62  1  95  2  21  3  44  4  11  5  56  6  92  7  43  8  13  9  82  10  10  11  97  12  29  13  47  14  14  15  72  16  31  17  45  18  69  19  23
  0  64  1  47  2  33  3  24  4  86  5  18  6  37  7  25  8  41  9  69  10  36  11  2  12  23  13  43  14  41  15  43  16  68  17  58  18  20  19  67
  0  76  1  57  2  44  3  76  4  38  5  34  6  11  7  88  8  26  9  40  10  69  11  5  12  74  13  87  14  46  15  96  16  70  17  10  18  10  19  29
  0  98  1  35  2  58  3  49  4  45  5  88  6  11  7  8  8  35  9  33  10  18  11  96  12  60  13  9  14  43  15  7  16  39  17  38  18  74  19  58
  0  78  1  89  2  55  3  47  4  69  5  39  6  70  7  5  8  16  9  59  10  2  11  72  12  76  13  28  14  42  15  42  16  81  17  38  18  56  19  5
  0  36  1  42  2  92  3  9  4  45  5  78  6  8  7  25  8  3  9  51  10  56  11  72  12  36  13  60  14  38  15  45  16  2  17  11  18  37  19  39
  0  71  1  42  2  72  3  92  4  49  5  60  6  36  7  61  8  20  9  65  10  23  11  5  12  6  13  90  14  48  15  60  16  94  17  24  18  8  19  22
  0  58  1  56  2  51  3  50  4  75  5  80  6  48  7  91  8  35  9  49  10  72  11  68  12  66  13  45  14  52  15  77  16  50  17  33  18  34  19  12
  0  79  1  4  2  79  3  75  4  85  5  20  6  83  7  82  8  55  9  14  10  83  11  34  12  92  13  22  14  3  15  36  16  9  17  42  18  37  19  83
  0  38  1  43  2  97  3  38  4  15  5  71  6  41  7  69  8  69  9  36  10  75  11  28  12  14  13  56  14  11  15  91  16  23  17  12  18  92  19  83
  0  56  1  35  2  45  3  56  4  50  5  10  6  95  7  99  8  80  9  3  10  78  11  20  12  89  13  17  14  30  15  69  16  13  17  39  18  12  19  59
  0  56  1  49  2  44  3  68  4  7  5  83  6  25  7  27  8  74  9  86  10  66  11  48  12  10  13  84  14  74  15  29  16  33  17  68  18  62  19  41
  0  65  1  83  2  63  3  1  4  73  5  36  6  80  7  61  8  37  9  77  10  4  11  91  12  16  13  40  14  69  15  20  16  76  17  17  18  50  19  55
  0  6  1  4  2  87  3  39  4  12  5  75  6  23  7  47  8  1  9  35  10  81  11  84  12  74  13  69  14  6  15  25  16  84  17  4  18  57  19  88
  0  51  1  31  2  29  3  60  4  12  5  67  6  28  7  94  8  75  9  45  10  33  11  54  12  87  13  62  14  37  15  93  16  40  17  35  18  12  19  57
  0  71  1  38  2  74  3  78  4  49  5  9  6  37  7  96  8  23  9  64  10  64  11  2  12  98  13  60  14  70  15  15  16  67  17  77  18  38  19  32
  0  85  1  27  2  43  3  4  4  1  5  98  6  90  7  26  8  54  9  5  10  33  11  57  12  22  13  92  14  10  15  4  16  65  17  16  18  13  19  21
  0  98  1  98  2  97  3  29  4  7  5  37  6  78  7  51  8  61  9  6  10  67  11  97  12  25  13  81  14  67  15  81  16  33  17  89  18  19  19  27
  0  98  1  38  2  50  3  95  4  84  5  4  6  1  7  62  8  30  9  67  10  5  11  2  12  27  13  29  14  52  15  75  16  84  17  48  18  76  19  20
  0  31  1  76  2  26  3  84  4  42  5  92  6  16  7  71  8  79  9  52  10  87  11  66  12  98  13  6  14  93  15  73  16  51  17  66  18  6  19  84
  0  85  1  4  2  8  3  48  4  34  5  15  6  16  7  22  8  25  9  95  10  58  11  23  12  72  13  5  14  69  15  11  16  19  17  10  18  17  19  54
  0  45  1  39  2  58  3  86  4  64  5  89  6  68  7  44  8  70  9  62  10  29  11  30  12  4  13  32  14  35  15  68  16  51  17  55  18  73  19  25
  0  5  1  93  2  85  3  14  4  38  5  91  6  99  7  23  8  71  9  45  10  21  11  17  12  39  13  46  14  87  15  10  16  87  17  86  18  47  19  10
  0  50  1  66  2  20  3  80  4  92  5  21  6  23  7  72  8  18  9  90  10  4  11  20  12  80  13  71  14  91  15  96  16  38  17  30  18  64  19  92
  0  46  1  73  2  96  3  45  4  82  5  6  6  27  7  32  8  43  9  10  10  73  11  26  12  55  13  38  14  72  15  46  16  89  17  3  18  25  19  73
  0  84  1  95  2  80  3  17  4  95  5  72  6  81  7  28  8  43  9  1  10  56  11  18  12  24  13  37  14  35  15  26  16  1  17  89  18  25  19  29
  0  87  1  82  2  61  3  2  4  7  5  28  6  27  7  65  8  67  9  77  10  18  11  85  12  4  13  88  14  75  15  4  16  71  17  54  18  29  19  15
  0  77  1  73  2  11  3  24  4  20  5  40  6  46  7  49  8  29  9  8  10  24  11  50  12  63  13  44  14  94  15  93  16  86  17  76  18  68  19  99
  0  32  1  5  2  95  3  22  4  42  5  24  6  53  7  44  8  17  9  88  10  77  11  17  12  27  13  8  14  12  15  63  16  77  17  52  18  60  19  7
  0  10  1  12  2  60  3  22  4  91  5  50  6  28  7  12  8  32  9  12  10  27  11  41  12  20  13  11  14  74  15  1  16  69  17  96  18  73  19  77
  0  20  1  60  2  42  3  46  4  34  5  51  6  88  7  14  8  78  9  4  10  29  11  89  12  93  13  90  14  69  15  50  16  78  17  65  18  85  19  20
  0  39  1  51  2  79  3  6  4  2  5  85  6  90  7  40  8  65  9  41  10  92  11  22  12  54  13  68  14  8  15  63  16  96  17  42  18  13  19  80
  0  32  1  92  2  23  3  93  4  39  5  72  6  78  7  14  8  14  9  73  10  64  11  29  12  62  13  2  14  47  15  35  16  79  17  82  18  2  19  60
  0  17  1  29  2  63  3  71  4  74  5  28  6  31  7  83  8  74  9  5  10  5  11  94  12  85  13  80  14  35  15  14  16  11  17  23  18  11  19  69
  0  68  1  68  2  28  3  5  4  14  5  60  6  94  7  2  8  91  9  20  10  82  11  82  12  18  13  73  14  30  15  94  16  18  17  64  18  36  19  72
  0  81  1  56  2  27  3  14  4  15  5  91  6  75  7  46  8  83  9  51  10  87  11  50  12  97  13  61  14  14  15  64  16  62  17  10  18  35  19  98
  0  6  1  79  2  32  3  29  4  73  5  24  6  35  7  40  8  7  9  22  10  19  11  47  12  92  13  1  14  90  15  24  16  30  17  14  18  78  19  91
  0  39  1  99  2  22  3  67  4  38  5  74  6  26  7  74  8  34  9  25  10  26  11  51  12  24  13  8  14  66  15  26  16  91  17  71  18  17  19  29
  0  44  1  54  2  46  3  76  4  38  5  31  6  49  7  35  8  74  9  2  10  94  11  49  12  66  13  55  14  24  15  7  16  9  17  47  18  43  19  55
  0  16  1  68  2  68  3  9  4  80  5  13  6  24  7  97  8  91  9  44  10  6  11  62  12  16  13  32  14  54  15  79  16  8  17  30  18  4  19  84
  0  25  1  72  2  98  3  21  4  62  5  40  6  98  7  31  8  15  9  29  10  10  11  77  12  50  13  93  14  11  15  45  16  43  17  71  18  62  19  73
  0  1  1  10  2  31  3  16  4  92  5  39  6  50  7  30  8  47  9  69  10  97  11  37  12  89  13  6  14  81  15  11  16  32  17  18  18  46  19  80
  0  41  1  88  2  45  3  64  4  37  5  40  6  46  7  65  8  11  9  20  10  60  11  81  12  50  13  76  14  16  15  43  16  25  17  73  18  12  19  50
  0  61  1  9  2  24  3  84  4  10  5  48  6  59  7  24  8  88  9  89  10  63  11  70  12  54  13  4  14  35  15  90  16  36  17  38  18  12  19  96
  0  17  1  61  2  17  3  54  4  84  5  90  6  78  7  73  8  49  9  47  10  85  11  16  12  14  13  98  14  18  15  42  16  59  17  8  18  64  19  66
  0  52  1  94  2  40  3  94  4  9  5  70  6  37  7  80  8  62  9  8  10  93  11  95  12  28  13  61  14  49  15  22  16  51  17  37  18  32  19  12
  0  81  1  85  2  89  3  52  4  24  5  78  6  59  7  55  8  47  9  59  10  51  11  46  12  52  13  16  14  62  15  23  16  36  17  94  18  80  19  12
  0  90  1  57  2  19  3  44  4  42  5  51  6  98  7  20  8  9  9  39  10  85  11  42  12  24  13  30  14  12  15  39  16  69  17  74  18  76  19  94
  0  12  1  39  2  93  3  73  4  25  5  69  6  14  7  98  8  54  9  1  10  62  11  14  12  53  13  83  14  61  15  51  16  90  17  24  18  25  19  83
  0  23  1  61  2  43  3  24  4  58  5  34  6  11  7  5  8  87  9  6  10  41  11  56  12  26  13  49  14  87  15  60  16  14  17  14  18  69  19  47
  0  62  1  23  2  51  3  66  4  40  5  73  6  42  7  51  8  38  9  40  10  6  11  49  12  64  13  6  14  6  15  91  16  52  17  65  18  16  19  31
  0  70  1  75  2  69  3  65  4  95  5  54  6  47  7  19  8  70  9  46  10  3  11  65  12  44  13  12  14  87  15  3  16  97  17  1  18  25  19  8
  0  81  1  20  2  43  3  56  4  17  5  14  6  67  7  58  8  54  9  8  10  25  11  50  12  69  13  80  14  25  15  69  16  60  17  84  18  8  19  63
  0  54  1  4  2  81  3  30  4  64  5  33  6  78  7  5  8  32  9  33  10  21  11  9  12  50  13  52  14  57  15  45  16  66  17  66  18  19  19  12
  0  95  1  55  2  9  3  48  4  95  5  5  6  15  7  48  8  89  9  33  10  26  11  10  12  34  13  59  14  67  15  93  16  71  17  64  18  5  19  9
  0  7  1  21  2  84  3  68  4  7  5  85  6  88  7  57  8  11  9  83  10  45  11  19  12  90  13  21  14  6  15  59  16  15  17  21  18  93  19  3
  0  87  1  59  2  77  3  76  4  84  5  29  6  19  7  83  8  95  9  97  10  16  11  2  12  42  13  9  14  17  15  29  16  47  17  37  18  99  19  36
  0  54  1  22  2  27  3  21  4  38  5  27  6  27  7  71  8  52  9  91  10  57  11  64  12  92  13  82  14  58  15  81  16  89  17  65  18  90  19  5
  0  51  1  40  2  32  3  21  4  18  5  28  6  64  7  58  8  98  9  82  10  69  11  26  12  8  13  81  14  41  15  37  16  17  17  14  18  51  19  23
  0  90  1  68  2  52  3  88  4  72  5  90  6  84  7  46  8  38  9  59  10  31  11  41  12  35  13  13  14  44  15  57  16  70  17  99  18  19  19  51
  0  24  1  67  2  3  3  74  4  92  5  97  6  58  7  61  8  90  9  33  10  31  11  7  12  70  13  89  14  66  15  59  16  31  17  32  18  93  19  92
  0  31  1  45  2  83  3  50  4  26  5  49  6  13  7  51  8  93  9  32  10  17  11  30  12  16  13  97  14  19  15  29  16  35  17  47  18  47  19  65
  0  6  1  51  2  86  3  62  4  90  5  86  6  34  7  84  8  4  9  22  10  44  11  45  12  74  13  90  14  88  15  65  16  86  17  97  18  68  19  95
  0  40  1  26  2  39  3  40  4  1  5  44  6  62  7  38  8  72  9  44  10  68  11  98  12  89  13  50  14  9  15  85  16  7  17  77  18  35  19  2
  0  57  1  37  2  12  3  29  4  81  5  6  6  80  7  1  8  62  9  23  10  13  11  36  12  20  13  69  14  15  15  58  16  39  17  42  18  94  19  55
  0  46  1  43  2  79  3  85  4  54  5  24  6  59  7  20  8  33  9  70  10  93  11  73  12  93  13  21  14  94  15  69  16  75  17  40  18  89  19  42
  0  80  1  1  2  18  3  68  4  1  5  38  6  17  7  83  8  23  9  90  10  98  11  31  12  9  13  38  14  33  15  26  16  93  17  81  18  69  19  63
  0  41  1  60  2  81  3  88  4  46  5  77  6  12  7  97  8  86  9  80  10  41  11  55  12  52  13  21  14  25  15  39  16  9  17  98  18  61  19  45
  0  76  1  53  2  78  3  21  4  18  5  59  6  78  7  99  8  85  9  45  10  43  11  64  12  61  13  33  14  15  15  63  16  81  17  79  18  2  19  42
  0  52  1  53  2  56  3  81  4  70  5  90  6  48  7  48  8  28  9  6  10  12  11  96  12  59  13  56  14  58  15  80  16  42  17  78  18  57  19  60
  0  89  1  53  2  51  3  23  4  80  5  64  6  52  7  40  8  99  9  60  10  23  11  34  12  18  13  25  14  50  15  37  16  12  17  27  18  68  19  46
  0  98  1  5  2  79  3  19  4  60  5  91  6  81  7  67  8  54  9  7  10  10  11  40  12  49  13  55  14  37  15  90  16  43  17  18  18  2  19  86
  0  32  1  18  2  54  3  8  4  37  5  99  6  35  7  19  8  35  9  64  10  39  11  36  12  21  13  29  14  15  15  18  16  5  17  15  18  12  19  40
  0  36  1  92  2  69  3  44  4  88  5  18  6  14  7  69  8  54  9  45  10  15  11  99  12  43  13  14  14  94  15  97  16  71  17  22  18  17  19  95
  0  82  1  50  2  83  3  71  4  50  5  99  6  20  7  29  8  48  9  44  10  34  11  59  12  80  13  24  14  64  15  59  16  16  17  19  18  65  19  15
  0  72  1  89  2  87  3  2  4  31  5  76  6  65  7  40  8  89  9  73  10  98  11  16  12  79  13  44  14  94  15  57  16  4  17  28  18  37  19  11
  0  80  1  65  2  53  3  87  4  83  5  30  6  22  7  44  8  24  9  52  10  44  11  33  12  18  13  81  14  63  15  39  16  28  17  94  18  6  19  72
  0  69  1  77  2  76  3  4  4  32  5  22  6  38  7  51  8  51  9  16  10  58  11  52  12  22  13  24  14  95  15  87  16  51  17  75  18  59  19  37
  0  84  1  26  2  75  3  82  4  67  5  41  6  29  7  89  8  94  9  24  10  76  11  35  12  93  13  94  14  43  15  59  16  32  17  73  18  47  19  61
  0  26  1  52  2  17  3  64  4  29  5  32  6  6  7  25  8  96  9  66  10  93  11  52  12  57  13  60  14  53  15  71  16  54  17  77  18  17  19  53
  0  30  1  83  2  58  3  67  4  57  5  25  6  87  7  59  8  51  9  3  10  26  11  47  12  14  13  16  14  94  15  89  16  89  17  65  18  49  19  67
  0  42  1  48  2  35  3  79  4  79  5  90  6  42  7  62  8  70  9  87  10  7  11  59  12  60  13  54  14  51  15  14  16  58  17  7  18  92  19  58
  0  47  1  26  2  49  3  23  4  61  5  73  6  17  7  93  8  23  9  63  10  13  11  81  12  18  13  4  14  88  15  85  16  73  17  67  18  77  19  65
  0  66  1  60  2  20  3  62  4  50  5  84  6  77  7  18  8  7  9  19  10  36  11  85  12  57  13  75  14  62  15  49  16  73  17  83  18  55  19  69
  0  82  1  31  2  3  3  39  4  58  5  56  6  56  7  14  8  46  9  53  10  64  11  46  12  50  13  71  14  27  15  44  16  92  17  84  18  78  19  25
  0  18  1  79  2  92  3  49  4  5  5  95  6  81  7  42  8  12  9  89  10  25  11  37  12  54  13  35  14  45  15  11  16  11  17  66  18  34  19  85
  0  83  1  27  2  77  3  21  4  87  5  85  6  41  7  12  8  15  9  29  10  16  11  81  12  15  13  44  14  31  15  32  16  91  17  47  18  92  19  67
  0  94  1  28  2  89  3  42  4  58  5  8  6  88  7  68  8  26  9  36  10  15  11  97  12  58  13  78  14  64  15  55  16  1  17  57  18  23  19  1
  0  78  1  57  2  72  3  38  4  29  5  8  6  17  7  92  8  8  9  5  10  50  11  43  12  99  13  23  14  54  15  57  16  45  17  45  18  99  19  88
  0  65  1  6  2  85  3  21  4  24  5  16  6  41  7  68  8  72  9  31  10  75  11  71  12  75  13  71  14  50  15  44  16  2  17  6  18  8  19  70
  0  22  1  54  2  81  3  40  4  62  5  86  6  72  7  83  8  99  9  7  10  66  11  47  12  97  13  53  14  27  15  8  16  16  17  56  18  92  19  32
  0  40  1  38  2  49  3  12  4  32  5  40  6  72  7  51  8  78  9  11  10  60  11  75  12  86  13  97  14  84  15  77  16  74  17  21  18  42  19  45
  0  39  1  18  2  96  3  20  4  98  5  97  6  19  7  83  8  53  9  36  10  77  11  65  12  1  13  1  14  40  15  36  16  7  17  93  18  82  19  14
  0  15  1  36  2  25  3  99  4  38  5  52  6  24  7  29  8  88  9  18  10  5  11  95  12  14  13  65  14  18  15  88  16  52  17  94  18  33  19  50
  0  39  1  1  2  22  3  44  4  11  5  29  6  88  7  85  8  92  9  27  10  44  11  86  12  73  13  32  14  47  15  8  16  94  17  47  18  38  19  19
  0  12  1  56  2  50  3  14  4  6  5  3  6  80  7  33  8  49  9  41  10  39  11  88  12  57  13  15  14  24  15  92  16  80  17  24  18  80  19  27
  0  12  1  98  2  40  3  26  4  25  5  91  6  68  7  44  8  58  9  27  10  36  11  23  12  12  13  7  14  12  15  5  16  33  17  45  18  52  19  35
  0  90  1  73  2  99  3  54  4  76  5  52  6  51  7  86  8  81  9  72  10  47  11  54  12  23  13  34  14  75  15  90  16  48  17  43  18  24  19  26
  0  12  1  49  2  93  3  67  4  11  5  26  6  68  7  2  8  41  9  73  10  23  11  79  12  82  13  64  14  74  15  80  16  47  17  5  18  42  19  55
TPM
  0  1591  1  1591  2  1591  3  1591  4  1591  5  1591  6  1591  7  1591  8  1591  9  1591  10  1591  11  1591  12  1591  13  1591  14  1591  15  1591  16  1591  17  1591  18  1591  19  1591
PMT
  0  61  1  80  2  97  3  132  4  23  5  30  6  112  7  58  8  43  9  82  10  69  11  75  12  35  13  128  14  89  15  49  16  138  17  95  18  66  19  94
  0  21  1  47  2  3  3  76  4  62  5  42  6  26  7  112  8  4  9  113  10  7  11  116  12  67  13  50  14  84  15  113  16  19  17  10  18  122  19  50
  0  92  1  54  2  93  3  134  4  63  5  35  6  80  7  73  8  144  9  80  10  13  11  110  12  96  13  43  14  29  15  56  16  133  17  25  18  116  19  36
  0  87  1  124  2  26  3  127  4  56  5  103  6  131  7  136  8  103  9  16  10  93  11  56  12  72  13  49  14  141  15  139  16  1  17  92  18  95  19  145
  0  29  1  35  2  114  3  69  4  60  5  56  6  37  7  41  8  85  9  32  10  2  11  136  12  21  13  89  14  45  15  91  16  30  17  7  18  109  19  50
  0  110  1  16  2  3  3  21  4  146  5  48  6  90  7  128  8  21  9  24  10  73  11  18  12  26  13  129  14  13  15  27  16  30  17  140  18  134  19  17
  0  125  1  109  2  42  3  20  4  76  5  78  6  92  7  58  8  78  9  111  10  102  11  45  12  72  13  77  14  9  15  46  16  42  17  86  18  108  19  105
  0  121  1  22  2  59  3  116  4  4  5  70  6  14  7  83  8  27  9  147  10  7  11  119  12  23  13  63  14  139  15  11  16  51  17  30  18  3  19  7
  0  75  1  2  2  117  3  51  4  69  5  60  6  149  7  80  8  97  9  111  10  59  11  37  12  123  13  148  14  52  15  47  16  71  17  144  18  46  19  74
  0  117  1  25  2  121  3  41  4  9  5  54  6  42  7  97  8  16  9  58  10  16  11  144  12  134  13  146  14  76  15  38  16  82  17  72  18  47  19  79
  0  62  1  127  2  96  3  8  4  122  5  40  6  8  7  92  8  121  9  27  10  102  11  27  12  120  13  115  14  74  15  73  16  28  17  4  18  88  19  80
  0  16  1  144  2  27  3  5  4  5  5  97  6  118  7  16  8  139  9  18  10  98  11  147  12  146  13  49  14  70  15  64  16  40  17  102  18  136  19  13
  0  132  1  122  2  95  3  10  4  51  5  108  6  93  7  60  8  33  9  44  10  11  11  30  12  70  13  142  14  38  15  98  16  122  17  139  18  5  19  34
