50  20
  0  54  1  45  2  91  3  47  4  31  5  48  6  95  7  39  8  33  9  45  10  55  11  9  12  64  13  25  14  55  15  68  16  96  17  94  18  19  19  85
  0  32  1  98  2  25  3  54  4  61  5  25  6  86  7  27  8  12  9  86  10  93  11  29  12  37  13  61  14  79  15  40  16  78  17  38  18  65  19  93
  0  97  1  87  2  82  3  46  4  71  5  60  6  81  7  5  8  89  9  80  10  81  11  35  12  94  13  93  14  15  15  58  16  67  17  82  18  71  19  35
  0  36  1  50  2  47  3  84  4  60  5  49  6  53  7  80  8  32  9  5  10  33  11  45  12  74  13  42  14  7  15  93  16  53  17  43  18  35  19  44
  0  18  1  74  2  54  3  66  4  30  5  65  6  54  7  37  8  67  9  29  10  88  11  49  12  98  13  52  14  27  15  50  16  58  17  11  18  2  19  51
  0  88  1  71  2  13  3  5  4  10  5  78  6  79  7  43  8  39  9  63  10  61  11  47  12  79  13  10  14  85  15  62  16  39  17  59  18  56  19  90
  0  50  1  43  2  25  3  33  4  8  5  76  6  50  7  53  8  46  9  60  10  86  11  84  12  6  13  54  14  66  15  11  16  85  17  35  18  70  19  81
  0  68  1  52  2  99  3  53  4  58  5  33  6  95  7  57  8  81  9  10  10  78  11  44  12  37  13  70  14  84  15  53  16  83  17  51  18  28  19  93
  0  22  1  25  2  35  3  66  4  94  5  55  6  98  7  29  8  13  9  12  10  71  11  3  12  86  13  80  14  85  15  77  16  17  17  4  18  73  19  37
  0  75  1  39  2  25  3  53  4  81  5  17  6  93  7  76  8  49  9  38  10  71  11  52  12  65  13  48  14  48  15  32  16  27  17  68  18  61  19  50
  0  37  1  74  2  91  3  99  4  49  5  55  6  51  7  11  8  3  9  96  10  79  11  40  12  94  13  59  14  42  15  95  16  70  17  54  18  99  19  73
  0  39  1  41  2  81  3  82  4  42  5  86  6  95  7  72  8  32  9  75  10  48  11  93  12  37  13  50  14  65  15  67  16  17  17  25  18  22  19  24
  0  47  1  1  2  44  3  55  4  72  5  72  6  25  7  78  8  24  9  20  10  68  11  14  12  93  13  3  14  58  15  18  16  97  17  10  18  17  19  25
  0  96  1  46  2  3  3  4  4  24  5  33  6  41  7  2  8  60  9  76  10  19  11  61  12  62  13  18  14  67  15  22  16  99  17  68  18  14  19  36
  0  95  1  13  2  86  3  69  4  61  5  4  6  95  7  65  8  62  9  4  10  25  11  82  12  63  13  40  14  11  15  51  16  40  17  80  18  93  19  1
  0  57  1  36  2  59  3  44  4  45  5  65  6  20  7  33  8  24  9  27  10  90  11  26  12  68  13  96  14  62  15  16  16  99  17  65  18  83  19  10
  0  48  1  65  2  99  3  86  4  37  5  8  6  6  7  34  8  64  9  12  10  15  11  65  12  93  13  67  14  56  15  70  16  72  17  73  18  45  19  33
  0  51  1  17  2  86  3  36  4  61  5  1  6  22  7  26  8  71  9  46  10  6  11  15  12  49  13  10  14  92  15  33  16  75  17  86  18  63  19  76
  0  5  1  13  2  17  3  94  4  61  5  76  6  16  7  15  8  7  9  88  10  51  11  16  12  46  13  94  14  77  15  77  16  26  17  15  18  14  19  78
  0  51  1  46  2  44  3  16  4  44  5  62  6  25  7  67  8  98  9  3  10  7  11  30  12  5  13  33  14  32  15  92  16  62  17  4  18  41  19  29
  0  93  1  67  2  23  3  29  4  31  5  7  6  81  7  90  8  45  9  96  10  8  11  52  12  17  13  1  14  72  15  29  16  93  17  63  18  88  19  87
  0  80  1  73  2  4  3  72  4  39  5  85  6  16  7  64  8  5  9  33  10  31  11  42  12  57  13  83  14  12  15  71  16  84  17  89  18  66  19  41
  0  36  1  66  2  89  3  25  4  56  5  88  6  62  7  45  8  41  9  69  10  47  11  42  12  55  13  4  14  69  15  7  16  15  17  46  18  40  19  14
  0  7  1  85  2  77  3  57  4  10  5  24  6  39  7  91  8  45  9  68  10  41  11  20  12  48  13  9  14  70  15  80  16  67  17  24  18  78  19  32
  0  13  1  49  2  33  3  33  4  15  5  86  6  59  7  64  8  73  9  58  10  99  11  49  12  92  13  21  14  71  15  55  16  44  17  90  18  98  19  92
  0  7  1  55  2  64  3  48  4  63  5  70  6  77  7  2  8  51  9  62  10  84  11  34  12  18  13  84  14  48  15  11  16  8  17  7  18  80  19  2
  0  88  1  27  2  8  3  79  4  93  5  39  6  93  7  94  8  34  9  97  10  53  11  28  12  24  13  54  14  36  15  69  16  95  17  65  18  62  19  73
  0  20  1  97  2  36  3  72  4  48  5  73  6  66  7  81  8  42  9  35  10  80  11  4  12  66  13  20  14  1  15  16  16  50  17  77  18  27  19  9
  0  39  1  75  2  37  3  1  4  6  5  56  6  3  7  57  8  94  9  68  10  92  11  80  12  92  13  62  14  84  15  43  16  78  17  28  18  31  19  98
  0  80  1  35  2  53  3  80  4  47  5  72  6  33  7  70  8  12  9  15  10  43  11  9  12  99  13  65  14  52  15  67  16  22  17  44  18  58  19  10
  0  39  1  22  2  60  3  13  4  96  5  28  6  77  7  23  8  66  9  72  10  57  11  70  12  47  13  55  14  40  15  68  16  1  17  80  18  78  19  55
  0  32  1  66  2  14  3  82  4  40  5  26  6  74  7  37  8  99  9  85  10  39  11  52  12  44  13  29  14  74  15  58  16  65  17  8  18  57  19  59
  0  52  1  45  2  28  3  55  4  22  5  37  6  26  7  30  8  34  9  8  10  34  11  86  12  76  13  88  14  5  15  92  16  67  17  29  18  48  19  67
  0  22  1  41  2  28  3  36  4  55  5  59  6  65  7  8  8  43  9  49  10  63  11  81  12  59  13  2  14  97  15  62  16  43  17  7  18  41  19  58
  0  82  1  77  2  15  3  81  4  15  5  75  6  74  7  80  8  71  9  59  10  86  11  70  12  32  13  58  14  53  15  39  16  51  17  46  18  85  19  55
  0  78  1  42  2  27  3  92  4  93  5  9  6  91  7  55  8  7  9  83  10  61  11  66  12  19  13  81  14  58  15  58  16  27  17  60  18  80  19  62
  0  24  1  16  2  75  3  9  4  29  5  74  6  89  7  67  8  43  9  83  10  6  11  94  12  31  13  16  14  78  15  72  16  43  17  47  18  5  19  45
  0  67  1  74  2  8  3  99  4  45  5  72  6  19  7  37  8  1  9  17  10  73  11  33  12  80  13  13  14  70  15  95  16  70  17  17  18  53  19  51
  0  77  1  35  2  18  3  21  4  65  5  36  6  40  7  78  8  81  9  13  10  3  11  98  12  35  13  73  14  47  15  28  16  97  17  68  18  74  19  38
  0  31  1  56  2  99  3  61  4  78  5  77  6  95  7  97  8  73  9  98  10  11  11  49  12  31  13  25  14  33  15  31  16  56  17  11  18  32  19  43
  0  61  1  16  2  22  3  31  4  80  5  67  6  90  7  46  8  45  9  52  10  23  11  85  12  19  13  30  14  2  15  93  16  40  17  52  18  49  19  31
  0  10  1  26  2  70  3  46  4  14  5  41  6  83  7  24  8  84  9  84  10  69  11  78  12  20  13  79  14  67  15  11  16  31  17  30  18  95  19  77
  0  89  1  67  2  80  3  3  4  76  5  28  6  16  7  54  8  67  9  92  10  96  11  64  12  11  13  91  14  87  15  53  16  69  17  37  18  23  19  2
  0  41  1  41  2  60  3  68  4  78  5  42  6  16  7  57  8  71  9  23  10  64  11  71  12  65  13  27  14  84  15  18  16  21  17  78  18  75  19  43
  0  48  1  68  2  74  3  20  4  66  5  77  6  60  7  8  8  73  9  31  10  23  11  64  12  21  13  6  14  10  15  77  16  39  17  54  18  14  19  41
  0  45  1  98  2  44  3  5  4  40  5  3  6  94  7  57  8  79  9  49  10  7  11  36  12  50  13  63  14  88  15  67  16  23  17  57  18  37  19  73
  0  34  1  2  2  77  3  16  4  31  5  39  6  21  7  45  8  87  9  83  10  79  11  86  12  51  13  98  14  30  15  79  16  13  17  34  18  88  19  50
  0  84  1  49  2  35  3  85  4  27  5  74  6  17  7  30  8  84  9  88  10  6  11  42  12  93  13  96  14  1  15  61  16  83  17  44  18  86  19  87
  0  91  1  9  2  98  3  65  4  50  5  53  6  57  7  24  8  18  9  23  10  64  11  28  12  79  13  23  14  77  15  22  16  13  17  15  18  7  19  84
  0  15  1  24  2  4  3  30  4  26  5  25  6  25  7  8  8  98  9  60  10  98  11  97  12  4  13  24  14  30  15  5  16  56  17  81  18  12  19  95
TPM
  0  1039  1  1039  2  1039  3  1039  4  1039  5  1039  6  1039  7  1039  8  1039  9  1039  10  1039  11  1039  12  1039  13  1039  14  1039  15  1039  16  1039  17  1039  18  1039  19  1039
PMT
  0  31  1  54  2  62  3  35  4  19  5  83  6  71  7  76  8  39  9  16  10  114  11  85  12  49  13  1  14  19  15  123  16  58  17  87  18  9  19  94
  0  8  1  103  2  66  3  65  4  87  5  57  6  1  7  123  8  69  9  137  10  32  11  111  12  28  13  5  14  89  15  104  16  62  17  108  18  81  19  82
  0  99  1  3  2  21  3  37  4  26  5  69  6  86  7  103  8  106  9  53  10  25  11  55  12  58  13  132  14  7  15  109  16  106  17  109  18  14  19  39
  0  75  1  121  2  91  3  105  4  67  5  28  6  116  7  3  8  48  9  55  10  4  11  139  12  26  13  63  14  116  15  27  16  6  17  117  18  18  19  129
  0  145  1  86  2  78  3  60  4  67  5  113  6  85  7  11  8  63  9  96  10  38  11  26  12  87  13  53  14  75  15  29  16  93  17  62  18  113  19  87
