500  15
  0  27  1  84  2  50  3  87  4  72  5  64  6  42  7  92  8  35  9  76  10  87  11  71  12  15  13  75  14  4
  0  88  1  29  2  27  3  51  4  75  5  40  6  91  7  91  8  20  9  65  10  71  11  72  12  26  13  8  14  14
  0  89  1  18  2  32  3  78  4  56  5  37  6  68  7  2  8  84  9  47  10  21  11  28  12  66  13  60  14  12
  0  79  1  90  2  49  3  89  4  94  5  50  6  86  7  86  8  48  9  15  10  56  11  94  12  39  13  86  14  9
  0  3  1  6  2  48  3  54  4  13  5  5  6  75  7  37  8  21  9  68  10  89  11  2  12  43  13  18  14  47
  0  74  1  13  2  6  3  3  4  5  5  84  6  3  7  8  8  44  9  14  10  75  11  99  12  54  13  5  14  90
  0  21  1  76  2  48  3  66  4  62  5  8  6  79  7  45  8  15  9  51  10  40  11  52  12  87  13  44  14  21
  0  88  1  17  2  92  3  8  4  43  5  71  6  53  7  82  8  38  9  33  10  31  11  30  12  48  13  18  14  6
  0  51  1  43  2  43  3  5  4  5  5  49  6  80  7  57  8  11  9  36  10  35  11  32  12  82  13  69  14  41
  0  24  1  95  2  80  3  74  4  37  5  82  6  56  7  12  8  6  9  25  10  35  11  94  12  21  13  89  14  71
  0  71  1  70  2  11  3  14  4  27  5  7  6  33  7  82  8  33  9  95  10  56  11  64  12  59  13  25  14  49
  0  59  1  45  2  56  3  29  4  38  5  23  6  64  7  18  8  88  9  21  10  84  11  20  12  81  13  17  14  76
  0  89  1  75  2  98  3  69  4  79  5  22  6  58  7  36  8  85  9  70  10  34  11  28  12  37  13  67  14  65
  0  59  1  85  2  92  3  29  4  21  5  3  6  5  7  74  8  72  9  90  10  57  11  79  12  29  13  49  14  17
  0  81  1  48  2  75  3  15  4  68  5  88  6  73  7  88  8  26  9  85  10  12  11  96  12  80  13  76  14  43
  0  35  1  90  2  56  3  82  4  63  5  52  6  60  7  18  8  29  9  48  10  98  11  71  12  58  13  49  14  92
  0  62  1  31  2  31  3  76  4  34  5  74  6  84  7  77  8  31  9  34  10  29  11  86  12  54  13  19  14  52
  0  75  1  34  2  10  3  28  4  26  5  77  6  91  7  9  8  79  9  96  10  57  11  73  12  19  13  27  14  63
  0  77  1  41  2  81  3  66  4  61  5  91  6  2  7  62  8  80  9  49  10  8  11  84  12  74  13  9  14  54
  0  71  1  10  2  72  3  43  4  83  5  32  6  68  7  53  8  26  9  27  10  52  11  81  12  39  13  83  14  48
  0  20  1  20  2  92  3  56  4  96  5  18  6  31  7  11  8  57  9  15  10  25  11  83  12  81  13  64  14  77
  0  61  1  46  2  66  3  99  4  32  5  70  6  1  7  11  8  70  9  36  10  42  11  65  12  12  13  36  14  26
  0  24  1  40  2  9  3  53  4  5  5  32  6  69  7  29  8  53  9  42  10  26  11  95  12  20  13  22  14  52
  0  1  1  58  2  93  3  59  4  92  5  49  6  29  7  88  8  58  9  34  10  9  11  98  12  39  13  16  14  58
  0  41  1  71  2  45  3  88  4  44  5  64  6  10  7  77  8  33  9  97  10  98  11  82  12  77  13  93  14  98
  0  70  1  35  2  22  3  48  4  93  5  20  6  13  7  69  8  56  9  38  10  4  11  26  12  50  13  59  14  44
  0  4  1  54  2  3  3  29  4  5  5  24  6  75  7  32  8  84  9  15  10  88  11  72  12  98  13  17  14  29
  0  25  1  27  2  98  3  70  4  58  5  85  6  86  7  48  8  69  9  53  10  17  11  33  12  35  13  70  14  49
  0  81  1  14  2  87  3  27  4  43  5  54  6  70  7  20  8  45  9  11  10  87  11  82  12  9  13  52  14  39
  0  20  1  40  2  30  3  5  4  42  5  17  6  40  7  15  8  39  9  60  10  79  11  77  12  32  13  55  14  5
  0  10  1  51  2  74  3  27  4  58  5  68  6  6  7  6  8  18  9  84  10  93  11  30  12  63  13  31  14  36
  0  89  1  66  2  56  3  18  4  80  5  63  6  97  7  54  8  3  9  90  10  56  11  68  12  39  13  2  14  33
  0  57  1  14  2  41  3  88  4  90  5  90  6  38  7  32  8  56  9  41  10  27  11  67  12  53  13  99  14  36
  0  25  1  83  2  87  3  83  4  78  5  14  6  69  7  69  8  29  9  79  10  79  11  72  12  81  13  77  14  17
  0  66  1  67  2  62  3  17  4  24  5  83  6  30  7  39  8  84  9  40  10  78  11  22  12  90  13  58  14  54
  0  2  1  15  2  44  3  36  4  1  5  50  6  28  7  24  8  21  9  20  10  61  11  15  12  8  13  31  14  97
  0  91  1  61  2  97  3  97  4  65  5  20  6  71  7  48  8  38  9  33  10  86  11  73  12  77  13  10  14  5
  0  82  1  21  2  97  3  90  4  81  5  46  6  35  7  86  8  35  9  91  10  82  11  44  12  86  13  99  14  24
  0  43  1  26  2  7  3  96  4  3  5  97  6  29  7  78  8  56  9  82  10  4  11  59  12  66  13  81  14  78
  0  68  1  75  2  9  3  72  4  26  5  38  6  44  7  37  8  48  9  68  10  22  11  5  12  29  13  8  14  58
  0  94  1  69  2  92  3  29  4  16  5  24  6  71  7  56  8  87  9  2  10  9  11  75  12  61  13  30  14  77
  0  75  1  28  2  62  3  18  4  42  5  26  6  98  7  13  8  53  9  6  10  49  11  30  12  95  13  94  14  63
  0  6  1  95  2  79  3  82  4  72  5  6  6  7  7  19  8  76  9  78  10  46  11  50  12  18  13  7  14  93
  0  87  1  10  2  30  3  89  4  59  5  51  6  26  7  90  8  7  9  54  10  46  11  14  12  1  13  64  14  55
  0  40  1  13  2  67  3  80  4  56  5  9  6  83  7  95  8  62  9  35  10  76  11  81  12  79  13  35  14  30
  0  44  1  24  2  96  3  81  4  85  5  51  6  28  7  7  8  44  9  73  10  18  11  85  12  69  13  98  14  14
  0  20  1  87  2  64  3  33  4  53  5  60  6  45  7  89  8  33  9  76  10  62  11  5  12  7  13  95  14  32
  0  20  1  47  2  44  3  25  4  51  5  47  6  46  7  19  8  37  9  20  10  21  11  74  12  75  13  12  14  89
  0  64  1  52  2  5  3  68  4  37  5  5  6  60  7  46  8  88  9  72  10  37  11  66  12  79  13  33  14  91
  0  67  1  20  2  20  3  33  4  51  5  13  6  70  7  92  8  78  9  20  10  58  11  36  12  16  13  90  14  98
  0  22  1  81  2  86  3  33  4  85  5  64  6  71  7  36  8  15  9  13  10  48  11  5  12  20  13  22  14  82
  0  4  1  34  2  57  3  29  4  1  5  6  6  3  7  50  8  1  9  37  10  17  11  1  12  66  13  9  14  32
  0  13  1  85  2  84  3  39  4  12  5  22  6  85  7  29  8  27  9  62  10  77  11  98  12  8  13  34  14  12
  0  37  1  38  2  77  3  22  4  37  5  16  6  80  7  42  8  20  9  42  10  16  11  32  12  55  13  28  14  33
  0  96  1  9  2  31  3  8  4  55  5  66  6  56  7  39  8  84  9  6  10  10  11  44  12  41  13  8  14  67
  0  12  1  54  2  47  3  4  4  89  5  25  6  95  7  5  8  30  9  79  10  17  11  42  12  14  13  61  14  53
  0  91  1  37  2  70  3  24  4  25  5  17  6  70  7  84  8  6  9  53  10  23  11  27  12  67  13  68  14  31
  0  6  1  51  2  88  3  93  4  26  5  36  6  54  7  96  8  35  9  94  10  68  11  9  12  96  13  48  14  22
  0  42  1  37  2  97  3  54  4  5  5  96  6  72  7  37  8  48  9  27  10  19  11  87  12  96  13  15  14  97
  0  51  1  7  2  25  3  3  4  20  5  84  6  84  7  84  8  60  9  72  10  70  11  52  12  69  13  81  14  49
  0  3  1  91  2  26  3  93  4  75  5  65  6  82  7  83  8  49  9  73  10  90  11  41  12  20  13  14  14  60
  0  80  1  40  2  31  3  60  4  59  5  84  6  59  7  89  8  76  9  94  10  74  11  69  12  32  13  14  14  56
  0  6  1  54  2  94  3  2  4  95  5  75  6  73  7  50  8  97  9  81  10  21  11  5  12  84  13  89  14  9
  0  59  1  28  2  22  3  80  4  76  5  15  6  70  7  81  8  63  9  79  10  91  11  9  12  39  13  90  14  64
  0  87  1  7  2  48  3  81  4  57  5  59  6  65  7  97  8  61  9  92  10  49  11  25  12  51  13  85  14  95
  0  48  1  53  2  98  3  67  4  28  5  50  6  82  7  28  8  78  9  96  10  91  11  34  12  60  13  63  14  74
  0  20  1  25  2  51  3  46  4  33  5  90  6  68  7  96  8  84  9  43  10  27  11  74  12  43  13  88  14  2
  0  51  1  74  2  8  3  89  4  61  5  8  6  78  7  26  8  67  9  89  10  73  11  56  12  3  13  38  14  51
  0  88  1  74  2  24  3  86  4  54  5  54  6  42  7  27  8  54  9  70  10  36  11  53  12  80  13  82  14  95
  0  85  1  24  2  8  3  56  4  71  5  28  6  26  7  36  8  39  9  29  10  80  11  23  12  6  13  3  14  58
  0  85  1  70  2  12  3  14  4  52  5  35  6  14  7  61  8  15  9  28  10  83  11  68  12  31  13  39  14  52
  0  4  1  30  2  68  3  69  4  44  5  55  6  57  7  47  8  24  9  94  10  65  11  28  12  93  13  83  14  90
  0  3  1  21  2  79  3  67  4  56  5  39  6  37  7  70  8  19  9  49  10  49  11  19  12  71  13  99  14  19
  0  72  1  91  2  27  3  76  4  29  5  82  6  20  7  71  8  98  9  94  10  39  11  84  12  3  13  35  14  8
  0  59  1  9  2  41  3  55  4  29  5  27  6  38  7  78  8  94  9  7  10  30  11  52  12  2  13  15  14  77
  0  6  1  79  2  88  3  70  4  42  5  74  6  96  7  4  8  75  9  85  10  41  11  91  12  4  13  66  14  84
  0  8  1  49  2  72  3  3  4  23  5  27  6  51  7  74  8  71  9  33  10  23  11  73  12  75  13  55  14  83
  0  18  1  7  2  50  3  24  4  89  5  79  6  41  7  68  8  43  9  67  10  26  11  63  12  46  13  26  14  7
  0  57  1  36  2  48  3  72  4  75  5  80  6  76  7  5  8  72  9  74  10  64  11  80  12  3  13  13  14  55
  0  93  1  66  2  22  3  12  4  24  5  97  6  40  7  28  8  17  9  15  10  75  11  6  12  63  13  51  14  86
  0  59  1  82  2  31  3  66  4  7  5  55  6  56  7  14  8  45  9  56  10  25  11  29  12  21  13  77  14  98
  0  80  1  40  2  58  3  80  4  9  5  87  6  47  7  80  8  68  9  50  10  65  11  74  12  41  13  45  14  55
  0  80  1  52  2  21  3  22  4  22  5  79  6  75  7  7  8  35  9  38  10  97  11  53  12  50  13  81  14  39
  0  55  1  55  2  48  3  69  4  86  5  11  6  48  7  75  8  62  9  83  10  67  11  95  12  82  13  18  14  28
  0  6  1  49  2  64  3  46  4  12  5  65  6  19  7  64  8  95  9  57  10  62  11  54  12  20  13  67  14  95
  0  13  1  13  2  22  3  4  4  99  5  55  6  71  7  2  8  2  9  63  10  42  11  48  12  94  13  37  14  65
  0  22  1  61  2  6  3  63  4  96  5  83  6  4  7  5  8  70  9  1  10  49  11  68  12  25  13  26  14  20
  0  72  1  20  2  43  3  32  4  62  5  56  6  34  7  77  8  54  9  57  10  17  11  81  12  83  13  54  14  70
  0  67  1  15  2  72  3  7  4  56  5  98  6  57  7  96  8  36  9  84  10  84  11  57  12  67  13  25  14  41
  0  80  1  25  2  45  3  86  4  32  5  81  6  39  7  7  8  64  9  88  10  31  11  36  12  31  13  9  14  12
  0  9  1  80  2  99  3  32  4  63  5  67  6  65  7  30  8  9  9  29  10  22  11  98  12  23  13  90  14  25
  0  40  1  61  2  11  3  82  4  60  5  67  6  78  7  42  8  89  9  35  10  17  11  11  12  47  13  56  14  73
  0  67  1  77  2  56  3  73  4  65  5  19  6  95  7  86  8  36  9  7  10  93  11  40  12  42  13  94  14  10
  0  48  1  42  2  53  3  69  4  72  5  60  6  97  7  43  8  19  9  87  10  29  11  99  12  33  13  34  14  1
  0  93  1  58  2  25  3  57  4  69  5  62  6  19  7  80  8  77  9  47  10  66  11  58  12  40  13  3  14  50
  0  71  1  23  2  65  3  84  4  30  5  81  6  85  7  49  8  37  9  1  10  32  11  90  12  47  13  45  14  67
  0  22  1  41  2  82  3  91  4  95  5  57  6  58  7  24  8  34  9  22  10  25  11  68  12  48  13  88  14  57
  0  4  1  67  2  77  3  99  4  66  5  62  6  63  7  47  8  35  9  55  10  60  11  37  12  31  13  16  14  13
  0  97  1  89  2  7  3  68  4  13  5  67  6  37  7  6  8  62  9  1  10  5  11  50  12  65  13  13  14  72
  0  78  1  38  2  45  3  86  4  17  5  36  6  66  7  34  8  70  9  49  10  69  11  10  12  50  13  53  14  72
  0  25  1  69  2  66  3  81  4  92  5  35  6  34  7  69  8  53  9  62  10  56  11  97  12  45  13  76  14  28
  0  78  1  22  2  86  3  58  4  41  5  71  6  40  7  85  8  66  9  98  10  98  11  2  12  99  13  60  14  92
  0  63  1  50  2  74  3  40  4  43  5  41  6  51  7  45  8  54  9  69  10  94  11  9  12  45  13  83  14  89
  0  9  1  55  2  4  3  76  4  46  5  76  6  21  7  56  8  53  9  58  10  59  11  6  12  20  13  52  14  3
  0  77  1  72  2  85  3  96  4  18  5  20  6  3  7  79  8  27  9  54  10  38  11  29  12  55  13  56  14  68
  0  92  1  93  2  60  3  93  4  67  5  10  6  67  7  33  8  28  9  43  10  13  11  24  12  26  13  45  14  31
  0  82  1  20  2  52  3  77  4  45  5  83  6  99  7  83  8  4  9  23  10  34  11  68  12  7  13  97  14  74
  0  42  1  99  2  23  3  32  4  45  5  99  6  83  7  92  8  39  9  52  10  19  11  6  12  26  13  7  14  36
  0  55  1  59  2  6  3  55  4  93  5  98  6  78  7  22  8  65  9  81  10  84  11  9  12  56  13  48  14  41
  0  17  1  37  2  29  3  42  4  34  5  1  6  78  7  37  8  10  9  90  10  24  11  41  12  66  13  90  14  52
  0  93  1  49  2  20  3  56  4  67  5  78  6  33  7  26  8  28  9  61  10  51  11  42  12  69  13  92  14  47
  0  2  1  80  2  14  3  75  4  7  5  33  6  54  7  14  8  76  9  76  10  39  11  63  12  63  13  89  14  55
  0  11  1  2  2  25  3  13  4  65  5  98  6  47  7  20  8  22  9  52  10  44  11  92  12  90  13  67  14  64
  0  40  1  33  2  91  3  20  4  7  5  63  6  93  7  44  8  70  9  11  10  57  11  98  12  7  13  67  14  73
  0  68  1  85  2  52  3  38  4  2  5  65  6  67  7  92  8  56  9  78  10  30  11  70  12  83  13  43  14  13
  0  39  1  58  2  33  3  9  4  31  5  14  6  3  7  23  8  31  9  78  10  39  11  45  12  41  13  88  14  84
  0  53  1  48  2  35  3  69  4  69  5  75  6  80  7  31  8  42  9  69  10  40  11  14  12  51  13  78  14  14
  0  79  1  40  2  12  3  22  4  68  5  40  6  85  7  73  8  96  9  21  10  88  11  72  12  76  13  94  14  50
  0  43  1  84  2  68  3  57  4  26  5  36  6  88  7  78  8  78  9  27  10  56  11  86  12  75  13  52  14  94
  0  72  1  9  2  9  3  93  4  22  5  11  6  54  7  61  8  70  9  68  10  74  11  68  12  64  13  93  14  64
  0  57  1  6  2  63  3  57  4  54  5  48  6  62  7  26  8  5  9  65  10  68  11  57  12  17  13  29  14  73
  0  80  1  95  2  50  3  49  4  75  5  87  6  77  7  61  8  15  9  80  10  53  11  26  12  8  13  22  14  79
  0  44  1  50  2  49  3  34  4  61  5  92  6  48  7  43  8  49  9  94  10  85  11  4  12  80  13  15  14  80
  0  8  1  76  2  53  3  5  4  14  5  24  6  65  7  30  8  65  9  94  10  88  11  72  12  55  13  31  14  62
  0  85  1  84  2  59  3  42  4  9  5  61  6  54  7  21  8  81  9  42  10  70  11  14  12  66  13  15  14  5
  0  82  1  46  2  60  3  61  4  87  5  94  6  64  7  31  8  2  9  28  10  48  11  13  12  26  13  84  14  46
  0  26  1  89  2  6  3  54  4  6  5  16  6  94  7  15  8  67  9  9  10  83  11  23  12  96  13  65  14  55
  0  69  1  87  2  31  3  60  4  51  5  35  6  63  7  60  8  5  9  75  10  46  11  80  12  66  13  2  14  94
  0  34  1  50  2  14  3  29  4  76  5  92  6  83  7  10  8  83  9  23  10  37  11  63  12  77  13  36  14  80
  0  48  1  28  2  92  3  34  4  22  5  12  6  71  7  41  8  27  9  14  10  42  11  70  12  1  13  84  14  36
  0  29  1  73  2  8  3  39  4  50  5  12  6  34  7  27  8  26  9  24  10  75  11  18  12  3  13  32  14  79
  0  13  1  56  2  74  3  33  4  58  5  6  6  6  7  38  8  38  9  52  10  87  11  88  12  80  13  36  14  7
  0  30  1  49  2  48  3  56  4  64  5  40  6  53  7  58  8  64  9  15  10  98  11  27  12  88  13  31  14  15
  0  98  1  6  2  58  3  41  4  69  5  87  6  92  7  24  8  19  9  20  10  95  11  76  12  18  13  41  14  30
  0  1  1  44  2  4  3  76  4  90  5  52  6  30  7  31  8  96  9  74  10  95  11  37  12  1  13  47  14  63
  0  96  1  32  2  88  3  64  4  56  5  37  6  74  7  80  8  74  9  66  10  91  11  84  12  13  13  54  14  55
  0  43  1  99  2  1  3  30  4  88  5  62  6  75  7  82  8  5  9  40  10  12  11  59  12  2  13  3  14  62
  0  80  1  57  2  51  3  17  4  64  5  59  6  64  7  26  8  42  9  69  10  34  11  68  12  39  13  3  14  88
  0  57  1  3  2  90  3  1  4  80  5  24  6  59  7  30  8  1  9  83  10  56  11  47  12  89  13  99  14  2
  0  48  1  49  2  85  3  53  4  30  5  44  6  29  7  90  8  19  9  74  10  42  11  83  12  50  13  24  14  67
  0  92  1  46  2  91  3  24  4  99  5  46  6  90  7  23  8  89  9  78  10  50  11  6  12  23  13  85  14  77
  0  69  1  62  2  34  3  56  4  83  5  49  6  73  7  94  8  23  9  52  10  33  11  32  12  55  13  22  14  59
  0  84  1  72  2  16  3  36  4  96  5  49  6  4  7  50  8  93  9  61  10  47  11  82  12  88  13  13  14  16
  0  38  1  79  2  34  3  91  4  48  5  16  6  62  7  66  8  21  9  56  10  28  11  36  12  94  13  29  14  79
  0  53  1  42  2  60  3  38  4  81  5  33  6  41  7  71  8  59  9  29  10  54  11  16  12  94  13  95  14  65
  0  84  1  13  2  39  3  60  4  46  5  47  6  8  7  88  8  72  9  45  10  14  11  26  12  64  13  27  14  69
  0  82  1  25  2  19  3  37  4  17  5  37  6  41  7  43  8  32  9  50  10  43  11  1  12  49  13  1  14  89
  0  46  1  10  2  12  3  64  4  77  5  40  6  50  7  28  8  53  9  71  10  28  11  47  12  96  13  7  14  88
  0  6  1  99  2  87  3  15  4  27  5  31  6  80  7  32  8  94  9  93  10  4  11  6  12  50  13  83  14  60
  0  68  1  86  2  38  3  36  4  3  5  90  6  89  7  98  8  76  9  80  10  52  11  91  12  8  13  54  14  14
  0  13  1  99  2  49  3  3  4  25  5  89  6  59  7  62  8  34  9  73  10  85  11  43  12  28  13  24  14  97
  0  98  1  80  2  11  3  34  4  55  5  41  6  77  7  81  8  66  9  71  10  46  11  96  12  1  13  10  14  54
  0  68  1  11  2  62  3  35  4  28  5  75  6  58  7  1  8  65  9  22  10  16  11  2  12  3  13  73  14  6
  0  55  1  23  2  69  3  8  4  59  5  76  6  54  7  5  8  69  9  98  10  48  11  54  12  69  13  14  14  19
  0  21  1  76  2  11  3  37  4  83  5  69  6  9  7  88  8  33  9  15  10  67  11  52  12  27  13  47  14  80
  0  94  1  72  2  13  3  83  4  17  5  47  6  85  7  53  8  71  9  88  10  29  11  73  12  29  13  98  14  45
  0  13  1  54  2  52  3  43  4  24  5  41  6  12  7  18  8  55  9  89  10  78  11  13  12  55  13  47  14  23
  0  28  1  98  2  42  3  96  4  75  5  56  6  68  7  16  8  98  9  98  10  17  11  38  12  17  13  6  14  52
  0  14  1  61  2  22  3  82  4  61  5  90  6  70  7  75  8  90  9  34  10  23  11  5  12  5  13  89  14  90
  0  52  1  16  2  51  3  82  4  79  5  79  6  84  7  39  8  51  9  34  10  46  11  43  12  79  13  81  14  13
  0  68  1  15  2  69  3  93  4  14  5  5  6  41  7  17  8  34  9  91  10  71  11  13  12  66  13  35  14  8
  0  53  1  6  2  63  3  80  4  14  5  2  6  95  7  55  8  47  9  50  10  92  11  32  12  16  13  12  14  24
  0  28  1  5  2  3  3  64  4  90  5  10  6  6  7  47  8  18  9  85  10  18  11  44  12  12  13  84  14  32
  0  57  1  63  2  29  3  4  4  29  5  44  6  1  7  73  8  6  9  88  10  33  11  28  12  23  13  48  14  35
  0  26  1  91  2  73  3  99  4  22  5  1  6  59  7  65  8  61  9  64  10  49  11  25  12  46  13  88  14  80
  0  21  1  64  2  27  3  31  4  51  5  55  6  50  7  95  8  87  9  56  10  53  11  79  12  76  13  32  14  74
  0  27  1  69  2  2  3  99  4  91  5  16  6  8  7  72  8  20  9  3  10  89  11  37  12  25  13  25  14  61
  0  82  1  50  2  32  3  2  4  75  5  55  6  72  7  5  8  77  9  79  10  37  11  58  12  7  13  61  14  75
  0  41  1  79  2  24  3  23  4  50  5  43  6  43  7  86  8  14  9  84  10  68  11  56  12  44  13  72  14  69
  0  42  1  29  2  86  3  4  4  67  5  78  6  10  7  60  8  57  9  64  10  15  11  98  12  4  13  31  14  60
  0  97  1  92  2  54  3  73  4  98  5  40  6  77  7  92  8  69  9  59  10  63  11  88  12  64  13  48  14  25
  0  5  1  38  2  94  3  34  4  58  5  32  6  15  7  23  8  14  9  54  10  85  11  18  12  16  13  14  14  27
  0  70  1  39  2  87  3  54  4  91  5  92  6  21  7  4  8  86  9  94  10  94  11  94  12  50  13  91  14  21
  0  89  1  74  2  93  3  22  4  66  5  79  6  62  7  33  8  4  9  61  10  48  11  30  12  50  13  19  14  87
  0  45  1  40  2  20  3  88  4  61  5  52  6  93  7  75  8  66  9  36  10  74  11  74  12  28  13  67  14  37
  0  50  1  11  2  82  3  85  4  26  5  41  6  6  7  92  8  60  9  12  10  97  11  12  12  51  13  59  14  58
  0  91  1  88  2  68  3  62  4  65  5  85  6  80  7  38  8  20  9  59  10  22  11  97  12  34  13  32  14  59
  0  68  1  59  2  72  3  65  4  14  5  90  6  16  7  51  8  23  9  18  10  20  11  81  12  5  13  91  14  36
  0  99  1  31  2  30  3  26  4  17  5  2  6  42  7  31  8  44  9  34  10  51  11  87  12  78  13  88  14  52
  0  45  1  60  2  1  3  22  4  19  5  71  6  64  7  72  8  3  9  40  10  94  11  22  12  6  13  65  14  67
  0  10  1  93  2  91  3  4  4  99  5  62  6  83  7  57  8  26  9  54  10  79  11  20  12  88  13  2  14  36
  0  48  1  13  2  66  3  88  4  80  5  97  6  2  7  77  8  1  9  55  10  54  11  28  12  60  13  89  14  86
  0  91  1  71  2  73  3  90  4  57  5  27  6  35  7  10  8  19  9  17  10  41  11  10  12  49  13  44  14  54
  0  45  1  5  2  54  3  93  4  27  5  82  6  40  7  34  8  83  9  84  10  79  11  11  12  62  13  68  14  24
  0  28  1  33  2  96  3  38  4  82  5  69  6  1  7  63  8  41  9  33  10  29  11  55  12  57  13  78  14  47
  0  17  1  89  2  65  3  98  4  25  5  70  6  34  7  63  8  25  9  45  10  78  11  55  12  47  13  55  14  47
  0  47  1  53  2  65  3  16  4  26  5  30  6  34  7  52  8  11  9  90  10  94  11  46  12  81  13  39  14  86
  0  68  1  1  2  14  3  55  4  8  5  42  6  16  7  11  8  69  9  36  10  95  11  17  12  55  13  10  14  39
  0  51  1  54  2  82  3  79  4  46  5  9  6  32  7  47  8  20  9  34  10  58  11  1  12  40  13  18  14  97
  0  22  1  90  2  15  3  71  4  72  5  34  6  23  7  67  8  23  9  79  10  94  11  87  12  25  13  6  14  30
  0  25  1  77  2  5  3  58  4  27  5  99  6  40  7  85  8  75  9  30  10  28  11  89  12  96  13  98  14  93
  0  65  1  61  2  48  3  73  4  78  5  52  6  96  7  30  8  59  9  13  10  80  11  37  12  45  13  88  14  1
  0  38  1  72  2  36  3  76  4  69  5  57  6  65  7  73  8  34  9  24  10  25  11  57  12  39  13  66  14  63
  0  6  1  44  2  60  3  9  4  48  5  83  6  47  7  68  8  54  9  64  10  70  11  26  12  61  13  38  14  34
  0  90  1  25  2  10  3  3  4  35  5  37  6  41  7  76  8  14  9  25  10  36  11  99  12  56  13  48  14  32
  0  93  1  75  2  54  3  46  4  25  5  38  6  46  7  19  8  35  9  77  10  74  11  81  12  9  13  61  14  78
  0  33  1  52  2  30  3  14  4  89  5  95  6  74  7  52  8  64  9  70  10  24  11  42  12  73  13  92  14  53
  0  58  1  80  2  72  3  37  4  93  5  27  6  31  7  4  8  51  9  18  10  82  11  73  12  54  13  43  14  31
  0  83  1  83  2  66  3  64  4  26  5  96  6  13  7  74  8  61  9  1  10  27  11  17  12  77  13  77  14  96
  0  84  1  8  2  84  3  51  4  82  5  33  6  84  7  85  8  4  9  19  10  63  11  67  12  57  13  79  14  52
  0  35  1  91  2  61  3  68  4  81  5  14  6  78  7  18  8  88  9  15  10  61  11  52  12  62  13  22  14  90
  0  46  1  73  2  57  3  20  4  62  5  10  6  79  7  30  8  4  9  88  10  21  11  52  12  71  13  99  14  53
  0  52  1  91  2  60  3  49  4  73  5  61  6  14  7  21  8  72  9  36  10  94  11  44  12  1  13  64  14  50
  0  18  1  12  2  31  3  94  4  94  5  95  6  65  7  14  8  96  9  78  10  41  11  74  12  10  13  33  14  53
  0  89  1  91  2  83  3  60  4  44  5  65  6  8  7  31  8  94  9  79  10  75  11  23  12  78  13  41  14  60
  0  85  1  14  2  62  3  23  4  74  5  67  6  81  7  51  8  8  9  18  10  44  11  13  12  2  13  52  14  51
  0  47  1  75  2  59  3  18  4  93  5  10  6  30  7  99  8  56  9  86  10  50  11  63  12  36  13  64  14  59
  0  37  1  80  2  51  3  23  4  42  5  37  6  85  7  24  8  7  9  9  10  41  11  72  12  6  13  49  14  3
  0  98  1  74  2  38  3  94  4  77  5  8  6  40  7  54  8  84  9  15  10  22  11  73  12  5  13  22  14  87
  0  60  1  26  2  12  3  58  4  87  5  93  6  68  7  3  8  37  9  13  10  57  11  1  12  57  13  22  14  44
  0  84  1  76  2  65  3  63  4  7  5  54  6  55  7  59  8  10  9  74  10  92  11  77  12  14  13  79  14  74
  0  79  1  44  2  26  3  37  4  2  5  48  6  8  7  84  8  80  9  98  10  65  11  6  12  25  13  64  14  87
  0  7  1  99  2  4  3  69  4  70  5  52  6  13  7  90  8  51  9  99  10  25  11  14  12  59  13  50  14  51
  0  29  1  73  2  39  3  6  4  89  5  24  6  89  7  65  8  18  9  2  10  42  11  37  12  71  13  93  14  99
  0  46  1  99  2  61  3  86  4  68  5  42  6  4  7  28  8  74  9  25  10  68  11  83  12  40  13  80  14  11
  0  4  1  57  2  85  3  8  4  78  5  52  6  93  7  84  8  14  9  80  10  9  11  95  12  46  13  65  14  19
  0  86  1  76  2  99  3  5  4  18  5  96  6  28  7  69  8  25  9  26  10  65  11  70  12  55  13  90  14  41
  0  45  1  93  2  6  3  65  4  53  5  83  6  54  7  48  8  94  9  89  10  62  11  21  12  62  13  63  14  10
  0  60  1  38  2  17  3  49  4  89  5  48  6  3  7  98  8  12  9  40  10  65  11  37  12  18  13  29  14  5
  0  25  1  48  2  44  3  74  4  27  5  18  6  73  7  98  8  97  9  39  10  63  11  79  12  73  13  74  14  50
  0  46  1  77  2  33  3  21  4  36  5  15  6  82  7  19  8  37  9  38  10  33  11  55  12  24  13  1  14  24
  0  88  1  57  2  23  3  13  4  77  5  40  6  39  7  63  8  28  9  46  10  17  11  55  12  83  13  65  14  41
  0  85  1  31  2  30  3  22  4  27  5  24  6  16  7  71  8  58  9  41  10  37  11  36  12  87  13  33  14  72
  0  10  1  31  2  31  3  96  4  41  5  22  6  10  7  98  8  18  9  57  10  37  11  18  12  96  13  8  14  54
  0  29  1  7  2  55  3  54  4  48  5  40  6  20  7  69  8  49  9  18  10  2  11  80  12  16  13  91  14  54
  0  5  1  53  2  8  3  45  4  24  5  52  6  67  7  92  8  67  9  76  10  36  11  64  12  61  13  95  14  98
  0  93  1  89  2  20  3  64  4  46  5  58  6  76  7  56  8  21  9  41  10  49  11  56  12  7  13  41  14  79
  0  78  1  93  2  13  3  76  4  90  5  32  6  24  7  99  8  14  9  75  10  44  11  22  12  73  13  56  14  97
  0  62  1  62  2  89  3  15  4  61  5  61  6  74  7  70  8  38  9  21  10  73  11  89  12  48  13  88  14  73
  0  65  1  33  2  49  3  51  4  18  5  24  6  4  7  11  8  78  9  59  10  21  11  54  12  94  13  3  14  6
  0  15  1  83  2  91  3  99  4  56  5  71  6  44  7  93  8  15  9  5  10  2  11  13  12  50  13  27  14  99
  0  20  1  11  2  36  3  72  4  30  5  54  6  92  7  49  8  47  9  63  10  23  11  96  12  52  13  47  14  41
  0  9  1  15  2  27  3  97  4  55  5  4  6  37  7  15  8  32  9  13  10  4  11  68  12  80  13  36  14  60
  0  30  1  77  2  55  3  36  4  74  5  91  6  27  7  11  8  25  9  72  10  69  11  26  12  82  13  22  14  2
  0  2  1  65  2  48  3  81  4  87  5  53  6  19  7  42  8  59  9  13  10  56  11  18  12  30  13  55  14  33
  0  20  1  45  2  41  3  75  4  3  5  73  6  40  7  80  8  21  9  15  10  14  11  89  12  73  13  93  14  70
  0  92  1  87  2  1  3  17  4  49  5  89  6  1  7  7  8  44  9  58  10  31  11  49  12  21  13  61  14  44
  0  48  1  63  2  22  3  78  4  65  5  8  6  71  7  56  8  33  9  22  10  68  11  42  12  75  13  61  14  11
  0  21  1  89  2  10  3  55  4  59  5  9  6  62  7  24  8  77  9  51  10  86  11  74  12  44  13  22  14  98
  0  48  1  52  2  20  3  20  4  27  5  65  6  71  7  10  8  70  9  23  10  91  11  94  12  5  13  51  14  39
  0  21  1  87  2  18  3  33  4  20  5  78  6  25  7  17  8  57  9  70  10  37  11  21  12  99  13  87  14  73
  0  41  1  33  2  32  3  20  4  32  5  97  6  45  7  45  8  93  9  36  10  14  11  23  12  91  13  74  14  40
  0  81  1  48  2  74  3  60  4  52  5  79  6  16  7  53  8  78  9  81  10  23  11  17  12  7  13  85  14  30
  0  70  1  77  2  33  3  39  4  22  5  68  6  34  7  37  8  12  9  90  10  30  11  60  12  14  13  12  14  52
  0  32  1  62  2  59  3  60  4  93  5  35  6  51  7  99  8  35  9  7  10  33  11  7  12  71  13  52  14  21
  0  57  1  20  2  75  3  94  4  35  5  99  6  75  7  79  8  66  9  22  10  92  11  7  12  40  13  80  14  85
  0  52  1  27  2  30  3  34  4  89  5  45  6  25  7  72  8  99  9  54  10  60  11  89  12  35  13  62  14  33
  0  68  1  22  2  86  3  9  4  28  5  50  6  3  7  69  8  2  9  91  10  57  11  84  12  76  13  30  14  52
  0  11  1  47  2  17  3  11  4  32  5  97  6  62  7  90  8  80  9  82  10  39  11  89  12  20  13  80  14  63
  0  80  1  57  2  57  3  60  4  62  5  28  6  33  7  50  8  3  9  73  10  64  11  99  12  25  13  99  14  79
  0  32  1  53  2  88  3  16  4  84  5  38  6  91  7  68  8  50  9  93  10  47  11  29  12  70  13  43  14  86
  0  84  1  31  2  57  3  17  4  14  5  94  6  13  7  7  8  70  9  81  10  17  11  7  12  76  13  58  14  74
  0  89  1  45  2  16  3  99  4  69  5  12  6  41  7  81  8  61  9  40  10  9  11  69  12  80  13  25  14  50
  0  42  1  80  2  33  3  80  4  55  5  4  6  33  7  89  8  5  9  68  10  97  11  17  12  40  13  36  14  1
  0  78  1  4  2  19  3  44  4  17  5  8  6  30  7  57  8  83  9  52  10  86  11  82  12  75  13  46  14  5
  0  36  1  93  2  1  3  64  4  84  5  90  6  97  7  29  8  13  9  20  10  45  11  34  12  47  13  11  14  82
  0  95  1  56  2  30  3  96  4  1  5  71  6  5  7  60  8  68  9  74  10  13  11  2  12  11  13  44  14  71
  0  63  1  17  2  79  3  75  4  24  5  48  6  22  7  72  8  74  9  25  10  51  11  67  12  79  13  16  14  29
  0  1  1  67  2  91  3  9  4  40  5  27  6  90  7  50  8  81  9  3  10  2  11  87  12  41  13  19  14  69
  0  46  1  1  2  78  3  81  4  25  5  26  6  5  7  87  8  58  9  67  10  38  11  44  12  49  13  20  14  90
  0  25  1  30  2  6  3  33  4  2  5  79  6  94  7  58  8  93  9  31  10  79  11  45  12  66  13  23  14  84
  0  34  1  95  2  89  3  48  4  61  5  38  6  90  7  35  8  27  9  80  10  30  11  52  12  6  13  60  14  8
  0  76  1  5  2  66  3  13  4  29  5  31  6  71  7  38  8  35  9  41  10  54  11  87  12  68  13  61  14  22
  0  10  1  70  2  15  3  18  4  50  5  84  6  94  7  90  8  51  9  49  10  60  11  74  12  2  13  35  14  58
  0  66  1  32  2  42  3  82  4  40  5  18  6  57  7  28  8  18  9  8  10  63  11  19  12  68  13  25  14  47
  0  90  1  46  2  75  3  33  4  68  5  58  6  81  7  62  8  77  9  18  10  28  11  71  12  67  13  58  14  64
  0  58  1  42  2  74  3  26  4  28  5  26  6  43  7  60  8  58  9  3  10  28  11  63  12  38  13  20  14  72
  0  70  1  49  2  34  3  38  4  51  5  14  6  40  7  35  8  13  9  15  10  21  11  67  12  96  13  66  14  95
  0  69  1  35  2  96  3  65  4  20  5  95  6  56  7  75  8  64  9  34  10  83  11  50  12  61  13  31  14  74
  0  64  1  51  2  80  3  40  4  58  5  17  6  70  7  62  8  16  9  63  10  49  11  61  12  52  13  56  14  83
  0  53  1  85  2  87  3  57  4  55  5  2  6  57  7  51  8  54  9  12  10  91  11  8  12  66  13  77  14  44
  0  85  1  47  2  59  3  33  4  37  5  19  6  93  7  21  8  66  9  35  10  20  11  51  12  74  13  1  14  10
  0  73  1  67  2  11  3  64  4  41  5  3  6  76  7  87  8  59  9  99  10  58  11  53  12  6  13  27  14  25
  0  8  1  75  2  58  3  87  4  4  5  91  6  48  7  16  8  35  9  10  10  75  11  97  12  16  13  3  14  47
  0  18  1  49  2  76  3  77  4  74  5  49  6  1  7  67  8  32  9  27  10  21  11  55  12  14  13  57  14  84
  0  15  1  57  2  76  3  23  4  29  5  87  6  83  7  47  8  51  9  96  10  40  11  65  12  33  13  24  14  6
  0  18  1  3  2  78  3  38  4  94  5  94  6  37  7  45  8  84  9  76  10  27  11  82  12  59  13  28  14  72
  0  21  1  1  2  70  3  48  4  35  5  26  6  29  7  92  8  73  9  65  10  6  11  56  12  32  13  85  14  79
  0  94  1  32  2  91  3  54  4  31  5  60  6  27  7  52  8  51  9  48  10  54  11  77  12  1  13  85  14  8
  0  35  1  92  2  81  3  21  4  68  5  61  6  46  7  94  8  43  9  9  10  38  11  54  12  2  13  27  14  97
  0  91  1  53  2  97  3  73  4  14  5  90  6  8  7  10  8  42  9  35  10  26  11  42  12  19  13  50  14  24
  0  29  1  22  2  90  3  42  4  13  5  8  6  62  7  45  8  89  9  8  10  6  11  99  12  33  13  71  14  53
  0  69  1  86  2  25  3  97  4  29  5  51  6  70  7  76  8  23  9  97  10  80  11  77  12  29  13  99  14  30
  0  95  1  1  2  70  3  79  4  13  5  96  6  29  7  20  8  79  9  31  10  57  11  15  12  4  13  85  14  97
  0  17  1  4  2  80  3  15  4  46  5  56  6  93  7  23  8  43  9  54  10  74  11  49  12  52  13  68  14  84
  0  84  1  86  2  44  3  67  4  32  5  75  6  21  7  40  8  84  9  12  10  25  11  33  12  56  13  37  14  75
  0  46  1  66  2  37  3  19  4  86  5  60  6  36  7  72  8  4  9  87  10  7  11  43  12  41  13  4  14  37
  0  46  1  74  2  46  3  33  4  53  5  94  6  99  7  27  8  36  9  62  10  70  11  31  12  82  13  47  14  6
  0  63  1  10  2  18  3  59  4  23  5  94  6  51  7  65  8  98  9  93  10  78  11  80  12  33  13  37  14  87
  0  12  1  86  2  1  3  41  4  25  5  58  6  5  7  84  8  24  9  71  10  78  11  63  12  18  13  23  14  9
  0  54  1  42  2  56  3  49  4  94  5  85  6  12  7  52  8  66  9  38  10  54  11  67  12  46  13  78  14  89
  0  8  1  59  2  41  3  21  4  76  5  82  6  51  7  96  8  9  9  72  10  17  11  64  12  74  13  47  14  97
  0  26  1  40  2  14  3  13  4  45  5  86  6  29  7  44  8  84  9  39  10  59  11  50  12  45  13  44  14  42
  0  96  1  38  2  4  3  85  4  72  5  31  6  65  7  53  8  43  9  27  10  1  11  27  12  58  13  85  14  48
  0  31  1  20  2  74  3  86  4  73  5  81  6  32  7  66  8  32  9  24  10  70  11  31  12  89  13  34  14  35
  0  74  1  10  2  87  3  36  4  51  5  75  6  99  7  78  8  13  9  69  10  8  11  76  12  44  13  48  14  88
  0  31  1  26  2  36  3  33  4  1  5  36  6  59  7  24  8  89  9  84  10  69  11  2  12  40  13  27  14  50
  0  91  1  7  2  12  3  99  4  46  5  37  6  49  7  26  8  34  9  96  10  17  11  2  12  43  13  13  14  28
  0  69  1  16  2  20  3  38  4  92  5  23  6  28  7  55  8  83  9  33  10  59  11  88  12  69  13  43  14  14
  0  56  1  65  2  83  3  64  4  9  5  71  6  4  7  87  8  76  9  13  10  95  11  85  12  24  13  79  14  32
  0  53  1  68  2  58  3  9  4  90  5  13  6  37  7  18  8  78  9  83  10  38  11  11  12  52  13  78  14  14
  0  3  1  52  2  71  3  93  4  39  5  29  6  23  7  91  8  31  9  32  10  88  11  95  12  24  13  20  14  36
  0  91  1  52  2  59  3  8  4  13  5  2  6  3  7  83  8  17  9  83  10  67  11  39  12  1  13  79  14  53
  0  4  1  44  2  27  3  66  4  54  5  25  6  48  7  47  8  11  9  35  10  39  11  9  12  15  13  18  14  68
  0  41  1  4  2  81  3  66  4  35  5  14  6  67  7  94  8  34  9  81  10  84  11  25  12  6  13  17  14  30
  0  69  1  14  2  67  3  60  4  46  5  9  6  11  7  83  8  67  9  82  10  31  11  82  12  76  13  52  14  64
  0  5  1  94  2  62  3  30  4  53  5  26  6  35  7  83  8  84  9  48  10  83  11  43  12  1  13  84  14  2
  0  86  1  67  2  29  3  57  4  23  5  19  6  85  7  79  8  76  9  25  10  15  11  19  12  45  13  27  14  32
  0  91  1  20  2  65  3  81  4  67  5  69  6  67  7  74  8  53  9  38  10  64  11  88  12  73  13  4  14  36
  0  46  1  56  2  96  3  38  4  20  5  77  6  76  7  34  8  54  9  23  10  11  11  40  12  75  13  61  14  15
  0  63  1  33  2  51  3  43  4  89  5  23  6  10  7  29  8  43  9  42  10  34  11  26  12  35  13  8  14  42
  0  2  1  66  2  31  3  66  4  71  5  50  6  17  7  38  8  84  9  80  10  54  11  28  12  99  13  49  14  94
  0  36  1  4  2  99  3  46  4  50  5  71  6  51  7  26  8  13  9  66  10  57  11  50  12  63  13  23  14  62
  0  60  1  50  2  75  3  77  4  2  5  25  6  10  7  92  8  9  9  74  10  56  11  85  12  74  13  31  14  58
  0  8  1  86  2  88  3  77  4  48  5  76  6  6  7  19  8  9  9  11  10  73  11  90  12  43  13  6  14  75
  0  31  1  41  2  63  3  77  4  68  5  60  6  56  7  21  8  90  9  40  10  1  11  89  12  51  13  40  14  93
  0  13  1  25  2  4  3  26  4  83  5  2  6  31  7  69  8  28  9  74  10  1  11  15  12  53  13  62  14  92
  0  8  1  48  2  77  3  99  4  1  5  27  6  20  7  17  8  36  9  36  10  67  11  47  12  8  13  59  14  81
  0  88  1  79  2  97  3  68  4  57  5  51  6  8  7  46  8  77  9  8  10  22  11  7  12  49  13  86  14  89
  0  94  1  56  2  44  3  5  4  18  5  2  6  19  7  19  8  76  9  53  10  18  11  50  12  68  13  54  14  63
  0  29  1  10  2  36  3  87  4  58  5  79  6  22  7  67  8  67  9  79  10  25  11  15  12  89  13  58  14  59
  0  89  1  85  2  50  3  43  4  89  5  13  6  34  7  41  8  29  9  94  10  82  11  87  12  19  13  35  14  4
  0  81  1  12  2  13  3  51  4  42  5  65  6  10  7  80  8  83  9  42  10  90  11  73  12  17  13  52  14  27
  0  49  1  21  2  2  3  19  4  47  5  16  6  12  7  88  8  33  9  45  10  5  11  17  12  86  13  42  14  95
  0  62  1  54  2  34  3  13  4  96  5  72  6  29  7  47  8  15  9  15  10  61  11  8  12  23  13  2  14  8
  0  21  1  25  2  77  3  3  4  15  5  35  6  51  7  1  8  62  9  90  10  49  11  74  12  86  13  66  14  36
  0  49  1  44  2  95  3  80  4  98  5  42  6  38  7  91  8  72  9  57  10  79  11  57  12  6  13  60  14  32
  0  39  1  56  2  61  3  73  4  15  5  59  6  34  7  49  8  80  9  76  10  86  11  23  12  45  13  22  14  77
  0  48  1  82  2  47  3  97  4  94  5  19  6  47  7  84  8  63  9  77  10  7  11  8  12  57  13  7  14  3
  0  58  1  7  2  60  3  32  4  51  5  52  6  11  7  27  8  79  9  49  10  6  11  83  12  17  13  36  14  8
  0  13  1  43  2  82  3  77  4  84  5  32  6  14  7  83  8  30  9  44  10  67  11  51  12  27  13  1  14  46
  0  88  1  68  2  28  3  53  4  44  5  11  6  10  7  40  8  93  9  24  10  85  11  90  12  50  13  19  14  74
  0  26  1  51  2  7  3  16  4  15  5  73  6  16  7  57  8  5  9  62  10  83  11  36  12  19  13  85  14  81
  0  28  1  87  2  56  3  54  4  56  5  2  6  70  7  76  8  92  9  11  10  64  11  55  12  99  13  2  14  84
  0  37  1  69  2  32  3  16  4  95  5  90  6  8  7  27  8  4  9  26  10  12  11  23  12  27  13  90  14  54
  0  6  1  80  2  69  3  71  4  88  5  42  6  94  7  99  8  19  9  20  10  97  11  32  12  4  13  3  14  82
  0  79  1  37  2  49  3  3  4  42  5  69  6  3  7  26  8  44  9  94  10  20  11  29  12  77  13  8  14  61
  0  51  1  81  2  86  3  89  4  93  5  30  6  90  7  48  8  61  9  17  10  72  11  42  12  59  13  66  14  67
  0  35  1  13  2  91  3  81  4  27  5  61  6  85  7  7  8  85  9  46  10  29  11  33  12  41  13  95  14  38
  0  36  1  71  2  75  3  79  4  55  5  34  6  60  7  43  8  95  9  22  10  35  11  42  12  15  13  50  14  52
  0  75  1  87  2  4  3  78  4  76  5  47  6  98  7  25  8  39  9  47  10  34  11  38  12  87  13  4  14  54
  0  95  1  24  2  4  3  23  4  37  5  94  6  91  7  93  8  16  9  34  10  61  11  42  12  61  13  85  14  31
  0  58  1  89  2  11  3  73  4  41  5  85  6  43  7  14  8  48  9  59  10  27  11  38  12  72  13  54  14  63
  0  66  1  54  2  36  3  63  4  83  5  65  6  22  7  47  8  25  9  11  10  95  11  74  12  73  13  26  14  48
  0  75  1  10  2  90  3  24  4  25  5  12  6  63  7  51  8  69  9  13  10  21  11  21  12  13  13  53  14  54
  0  8  1  22  2  85  3  41  4  65  5  77  6  23  7  33  8  29  9  25  10  38  11  80  12  28  13  76  14  44
  0  19  1  68  2  64  3  38  4  76  5  46  6  60  7  63  8  69  9  7  10  5  11  26  12  19  13  54  14  13
  0  92  1  68  2  81  3  49  4  25  5  27  6  67  7  84  8  49  9  39  10  73  11  87  12  63  13  60  14  24
  0  3  1  12  2  1  3  58  4  22  5  8  6  56  7  87  8  58  9  68  10  42  11  1  12  67  13  88  14  99
  0  93  1  82  2  82  3  36  4  16  5  49  6  50  7  28  8  68  9  97  10  64  11  83  12  84  13  65  14  87
  0  62  1  90  2  57  3  41  4  84  5  19  6  38  7  9  8  74  9  17  10  54  11  41  12  45  13  91  14  49
  0  86  1  80  2  62  3  25  4  77  5  13  6  21  7  50  8  29  9  68  10  32  11  26  12  46  13  47  14  4
  0  56  1  47  2  58  3  18  4  91  5  25  6  16  7  14  8  25  9  36  10  87  11  44  12  79  13  73  14  25
  0  55  1  9  2  57  3  38  4  72  5  89  6  56  7  83  8  67  9  96  10  30  11  83  12  62  13  70  14  51
  0  92  1  86  2  32  3  29  4  75  5  88  6  1  7  79  8  72  9  73  10  14  11  83  12  56  13  16  14  59
  0  36  1  14  2  80  3  76  4  89  5  4  6  25  7  70  8  26  9  69  10  90  11  56  12  26  13  14  14  1
  0  32  1  10  2  68  3  6  4  33  5  74  6  3  7  73  8  28  9  50  10  65  11  89  12  56  13  47  14  50
  0  20  1  17  2  71  3  23  4  68  5  53  6  24  7  68  8  11  9  6  10  20  11  22  12  91  13  16  14  86
  0  7  1  29  2  5  3  31  4  2  5  45  6  69  7  74  8  82  9  33  10  58  11  9  12  39  13  19  14  25
  0  27  1  47  2  80  3  67  4  3  5  49  6  36  7  10  8  52  9  80  10  9  11  80  12  95  13  26  14  34
  0  81  1  87  2  20  3  67  4  76  5  99  6  6  7  4  8  22  9  71  10  19  11  15  12  25  13  53  14  69
  0  84  1  12  2  21  3  33  4  64  5  24  6  28  7  71  8  16  9  87  10  20  11  46  12  86  13  24  14  42
  0  1  1  46  2  82  3  4  4  18  5  75  6  34  7  77  8  76  9  92  10  43  11  60  12  70  13  58  14  5
  0  7  1  67  2  68  3  29  4  31  5  2  6  74  7  92  8  22  9  50  10  50  11  98  12  20  13  29  14  4
  0  11  1  70  2  97  3  19  4  66  5  11  6  72  7  51  8  57  9  3  10  90  11  41  12  54  13  86  14  56
  0  88  1  21  2  22  3  73  4  22  5  11  6  59  7  52  8  54  9  78  10  35  11  30  12  99  13  23  14  1
  0  52  1  6  2  63  3  19  4  98  5  9  6  1  7  89  8  63  9  33  10  20  11  90  12  9  13  88  14  47
  0  49  1  51  2  24  3  40  4  75  5  64  6  57  7  11  8  10  9  95  10  85  11  77  12  96  13  39  14  37
  0  15  1  60  2  93  3  29  4  45  5  55  6  21  7  37  8  74  9  18  10  79  11  97  12  94  13  30  14  75
  0  89  1  83  2  96  3  89  4  68  5  77  6  71  7  46  8  52  9  1  10  89  11  48  12  90  13  84  14  10
  0  85  1  49  2  95  3  49  4  91  5  96  6  67  7  71  8  14  9  86  10  95  11  78  12  15  13  60  14  46
  0  90  1  16  2  15  3  97  4  30  5  61  6  16  7  90  8  40  9  62  10  47  11  76  12  6  13  34  14  28
  0  86  1  57  2  63  3  36  4  59  5  68  6  41  7  23  8  87  9  85  10  60  11  7  12  94  13  55  14  74
  0  75  1  37  2  17  3  40  4  46  5  91  6  1  7  18  8  50  9  83  10  39  11  83  12  48  13  51  14  66
  0  85  1  97  2  70  3  95  4  47  5  14  6  67  7  70  8  95  9  11  10  6  11  44  12  75  13  10  14  20
  0  31  1  68  2  38  3  23  4  29  5  40  6  81  7  38  8  14  9  64  10  44  11  6  12  52  13  19  14  25
  0  60  1  82  2  43  3  38  4  12  5  58  6  96  7  12  8  54  9  60  10  65  11  53  12  70  13  18  14  6
  0  71  1  41  2  93  3  17  4  79  5  56  6  24  7  89  8  31  9  82  10  24  11  65  12  57  13  51  14  89
  0  5  1  11  2  57  3  66  4  54  5  27  6  88  7  57  8  51  9  72  10  24  11  95  12  20  13  30  14  73
  0  7  1  32  2  33  3  49  4  30  5  46  6  72  7  83  8  76  9  46  10  21  11  36  12  38  13  45  14  43
  0  60  1  88  2  16  3  3  4  20  5  32  6  75  7  80  8  69  9  79  10  36  11  54  12  49  13  81  14  85
  0  11  1  51  2  35  3  68  4  98  5  54  6  31  7  90  8  29  9  49  10  37  11  51  12  90  13  85  14  16
  0  82  1  38  2  19  3  13  4  55  5  62  6  41  7  93  8  69  9  54  10  19  11  88  12  58  13  28  14  76
  0  80  1  45  2  56  3  87  4  55  5  61  6  37  7  86  8  86  9  92  10  97  11  89  12  33  13  28  14  92
  0  83  1  65  2  17  3  72  4  56  5  51  6  61  7  16  8  38  9  68  10  9  11  43  12  98  13  25  14  6
  0  78  1  18  2  1  3  43  4  13  5  11  6  45  7  88  8  81  9  97  10  88  11  4  12  67  13  38  14  68
  0  81  1  94  2  56  3  50  4  44  5  64  6  48  7  22  8  4  9  52  10  47  11  75  12  72  13  80  14  64
  0  7  1  52  2  6  3  60  4  7  5  78  6  19  7  93  8  9  9  63  10  28  11  59  12  33  13  81  14  68
  0  24  1  22  2  1  3  78  4  97  5  83  6  17  7  19  8  17  9  66  10  86  11  27  12  24  13  34  14  46
  0  39  1  67  2  25  3  53  4  24  5  58  6  12  7  8  8  99  9  55  10  79  11  29  12  37  13  62  14  14
  0  91  1  65  2  70  3  51  4  57  5  40  6  74  7  30  8  48  9  33  10  28  11  55  12  46  13  56  14  46
  0  65  1  26  2  30  3  53  4  52  5  46  6  59  7  38  8  80  9  48  10  71  11  59  12  14  13  64  14  35
  0  18  1  29  2  8  3  67  4  97  5  90  6  7  7  88  8  22  9  5  10  7  11  91  12  93  13  84  14  50
  0  22  1  10  2  92  3  15  4  6  5  65  6  34  7  51  8  55  9  95  10  32  11  72  12  38  13  16  14  97
  0  78  1  9  2  60  3  77  4  12  5  18  6  19  7  49  8  84  9  48  10  46  11  76  12  20  13  68  14  71
  0  77  1  1  2  71  3  33  4  40  5  23  6  55  7  39  8  93  9  72  10  66  11  95  12  33  13  12  14  93
  0  80  1  40  2  16  3  14  4  40  5  60  6  93  7  2  8  44  9  13  10  12  11  56  12  23  13  65  14  72
  0  25  1  62  2  83  3  34  4  14  5  54  6  35  7  67  8  8  9  9  10  31  11  97  12  62  13  76  14  6
  0  55  1  19  2  51  3  81  4  51  5  65  6  31  7  77  8  49  9  42  10  79  11  46  12  91  13  64  14  99
  0  42  1  9  2  16  3  15  4  78  5  15  6  23  7  30  8  5  9  76  10  31  11  1  12  23  13  93  14  27
  0  44  1  20  2  49  3  87  4  74  5  83  6  93  7  45  8  27  9  34  10  84  11  3  12  25  13  87  14  9
  0  39  1  93  2  30  3  28  4  80  5  22  6  64  7  44  8  38  9  40  10  78  11  81  12  32  13  38  14  22
  0  15  1  59  2  76  3  2  4  99  5  59  6  41  7  38  8  84  9  98  10  41  11  35  12  12  13  84  14  75
  0  54  1  33  2  60  3  91  4  2  5  89  6  49  7  22  8  70  9  56  10  60  11  81  12  86  13  27  14  58
  0  40  1  56  2  94  3  70  4  20  5  24  6  67  7  83  8  86  9  62  10  98  11  34  12  7  13  86  14  52
  0  29  1  23  2  37  3  14  4  22  5  51  6  83  7  10  8  42  9  98  10  52  11  15  12  56  13  74  14  61
  0  60  1  93  2  20  3  34  4  52  5  87  6  93  7  13  8  73  9  99  10  91  11  2  12  43  13  26  14  78
  0  96  1  34  2  14  3  53  4  8  5  87  6  31  7  1  8  53  9  61  10  66  11  80  12  92  13  20  14  56
  0  58  1  37  2  40  3  62  4  86  5  37  6  86  7  49  8  84  9  49  10  95  11  35  12  84  13  24  14  57
  0  12  1  30  2  75  3  93  4  60  5  48  6  11  7  69  8  12  9  38  10  40  11  78  12  20  13  43  14  1
  0  3  1  55  2  92  3  50  4  31  5  28  6  44  7  24  8  81  9  10  10  51  11  59  12  69  13  7  14  36
  0  28  1  15  2  91  3  56  4  35  5  75  6  25  7  84  8  69  9  60  10  98  11  32  12  24  13  49  14  89
  0  4  1  10  2  27  3  11  4  57  5  36  6  7  7  93  8  93  9  31  10  4  11  39  12  23  13  27  14  89
  0  20  1  63  2  37  3  20  4  32  5  73  6  86  7  30  8  5  9  35  10  81  11  41  12  43  13  22  14  36
  0  23  1  50  2  29  3  84  4  89  5  46  6  51  7  35  8  46  9  99  10  29  11  70  12  2  13  18  14  98
  0  84  1  8  2  71  3  30  4  2  5  13  6  62  7  17  8  45  9  18  10  36  11  67  12  23  13  79  14  9
  0  17  1  62  2  3  3  65  4  29  5  11  6  21  7  48  8  96  9  86  10  40  11  28  12  40  13  31  14  7
  0  42  1  48  2  15  3  32  4  44  5  42  6  97  7  64  8  76  9  40  10  28  11  7  12  94  13  44  14  47
  0  21  1  73  2  95  3  35  4  53  5  90  6  58  7  6  8  83  9  67  10  34  11  32  12  83  13  97  14  13
  0  78  1  34  2  24  3  10  4  55  5  30  6  11  7  54  8  30  9  77  10  32  11  22  12  50  13  72  14  92
  0  24  1  81  2  99  3  31  4  9  5  43  6  95  7  68  8  18  9  10  10  72  11  18  12  24  13  16  14  81
  0  67  1  28  2  54  3  81  4  87  5  94  6  93  7  27  8  34  9  64  10  26  11  89  12  50  13  56  14  34
  0  96  1  85  2  60  3  31  4  27  5  87  6  75  7  24  8  9  9  29  10  55  11  91  12  16  13  78  14  48
  0  81  1  46  2  34  3  62  4  77  5  29  6  70  7  82  8  67  9  5  10  65  11  17  12  44  13  70  14  17
  0  61  1  97  2  71  3  64  4  2  5  79  6  99  7  63  8  87  9  66  10  28  11  93  12  60  13  45  14  75
  0  92  1  9  2  76  3  96  4  36  5  87  6  42  7  38  8  26  9  25  10  68  11  6  12  45  13  99  14  67
  0  23  1  83  2  73  3  64  4  95  5  60  6  92  7  82  8  98  9  93  10  6  11  14  12  49  13  73  14  70
  0  92  1  45  2  66  3  28  4  49  5  61  6  48  7  69  8  21  9  57  10  21  11  41  12  38  13  26  14  2
  0  48  1  4  2  81  3  62  4  50  5  57  6  74  7  45  8  71  9  77  10  84  11  26  12  59  13  58  14  25
  0  66  1  68  2  80  3  50  4  72  5  47  6  47  7  74  8  84  9  70  10  62  11  13  12  35  13  24  14  70
  0  24  1  55  2  42  3  90  4  15  5  31  6  69  7  3  8  24  9  27  10  74  11  74  12  4  13  24  14  52
  0  44  1  63  2  59  3  79  4  85  5  52  6  44  7  31  8  25  9  80  10  1  11  49  12  90  13  18  14  64
  0  35  1  12  2  12  3  12  4  6  5  90  6  24  7  33  8  28  9  27  10  65  11  54  12  32  13  62  14  82
  0  65  1  54  2  67  3  34  4  32  5  78  6  7  7  42  8  81  9  60  10  32  11  31  12  89  13  56  14  7
  0  65  1  17  2  5  3  57  4  62  5  68  6  10  7  92  8  42  9  74  10  45  11  59  12  29  13  15  14  68
  0  5  1  34  2  39  3  8  4  76  5  62  6  48  7  82  8  71  9  46  10  47  11  39  12  24  13  83  14  82
  0  42  1  89  2  33  3  17  4  36  5  57  6  5  7  12  8  70  9  13  10  36  11  25  12  58  13  29  14  53
  0  36  1  4  2  44  3  49  4  51  5  26  6  69  7  31  8  63  9  55  10  35  11  21  12  68  13  92  14  57
  0  6  1  51  2  48  3  92  4  80  5  99  6  2  7  10  8  26  9  15  10  47  11  93  12  5  13  19  14  27
  0  68  1  82  2  83  3  56  4  97  5  6  6  21  7  90  8  97  9  83  10  23  11  5  12  77  13  57  14  37
  0  63  1  88  2  71  3  6  4  15  5  48  6  51  7  17  8  44  9  67  10  73  11  41  12  48  13  3  14  81
  0  54  1  31  2  9  3  71  4  60  5  36  6  59  7  62  8  80  9  55  10  63  11  16  12  59  13  85  14  7
  0  80  1  9  2  15  3  76  4  63  5  95  6  74  7  62  8  70  9  34  10  77  11  33  12  47  13  46  14  24
  0  37  1  30  2  93  3  68  4  87  5  80  6  13  7  49  8  1  9  61  10  77  11  43  12  20  13  87  14  94
  0  96  1  55  2  45  3  2  4  34  5  82  6  72  7  9  8  58  9  20  10  46  11  30  12  83  13  61  14  11
  0  68  1  72  2  19  3  49  4  64  5  60  6  40  7  79  8  22  9  98  10  68  11  27  12  74  13  47  14  74
  0  13  1  41  2  82  3  83  4  41  5  99  6  24  7  68  8  95  9  73  10  89  11  82  12  69  13  98  14  18
  0  58  1  81  2  42  3  34  4  95  5  68  6  55  7  45  8  3  9  44  10  11  11  82  12  86  13  67  14  44
  0  32  1  82  2  63  3  98  4  33  5  80  6  90  7  51  8  10  9  97  10  39  11  54  12  87  13  85  14  14
  0  46  1  3  2  82  3  36  4  84  5  97  6  42  7  52  8  23  9  85  10  18  11  60  12  40  13  90  14  57
  0  72  1  78  2  32  3  53  4  70  5  57  6  83  7  57  8  48  9  66  10  39  11  35  12  17  13  59  14  69
  0  45  1  38  2  94  3  33  4  42  5  9  6  7  7  95  8  62  9  95  10  83  11  59  12  24  13  20  14  9
  0  14  1  55  2  15  3  78  4  50  5  46  6  23  7  94  8  14  9  54  10  1  11  22  12  75  13  48  14  49
  0  31  1  45  2  49  3  79  4  80  5  74  6  99  7  91  8  5  9  7  10  82  11  29  12  22  13  70  14  64
  0  24  1  58  2  34  3  36  4  51  5  63  6  63  7  73  8  64  9  79  10  51  11  39  12  70  13  58  14  6
  0  6  1  66  2  55  3  20  4  67  5  61  6  50  7  61  8  66  9  34  10  68  11  54  12  58  13  14  14  84
  0  38  1  82  2  79  3  64  4  29  5  30  6  21  7  64  8  16  9  98  10  2  11  68  12  66  13  5  14  10
  0  77  1  37  2  76  3  6  4  52  5  95  6  41  7  89  8  70  9  98  10  7  11  45  12  71  13  6  14  70
  0  44  1  81  2  6  3  26  4  3  5  46  6  74  7  42  8  45  9  26  10  22  11  36  12  93  13  6  14  74
  0  69  1  4  2  48  3  95  4  32  5  11  6  85  7  68  8  91  9  51  10  18  11  62  12  36  13  90  14  80
  0  76  1  29  2  47  3  87  4  33  5  41  6  19  7  59  8  38  9  57  10  28  11  9  12  69  13  52  14  62
  0  29  1  39  2  81  3  72  4  3  5  29  6  45  7  35  8  55  9  30  10  15  11  17  12  83  13  97  14  22
  0  91  1  50  2  26  3  65  4  84  5  42  6  4  7  75  8  57  9  99  10  85  11  35  12  56  13  86  14  14
  0  65  1  83  2  59  3  65  4  13  5  67  6  37  7  5  8  92  9  39  10  3  11  67  12  84  13  42  14  73
  0  22  1  82  2  32  3  24  4  59  5  43  6  49  7  48  8  21  9  81  10  59  11  1  12  75  13  12  14  1
  0  47  1  80  2  45  3  92  4  11  5  7  6  62  7  73  8  10  9  9  10  48  11  90  12  5  13  64  14  50
  0  60  1  8  2  22  3  89  4  49  5  33  6  25  7  50  8  66  9  73  10  7  11  10  12  70  13  37  14  63
  0  2  1  15  2  91  3  67  4  12  5  82  6  86  7  61  8  57  9  7  10  47  11  51  12  90  13  66  14  80
  0  97  1  38  2  93  3  20  4  53  5  63  6  40  7  99  8  20  9  98  10  94  11  47  12  4  13  14  14  47
  0  20  1  1  2  92  3  33  4  37  5  41  6  39  7  4  8  76  9  72  10  48  11  18  12  36  13  60  14  98
  0  50  1  87  2  40  3  51  4  43  5  58  6  43  7  77  8  59  9  35  10  83  11  31  12  25  13  66  14  76
  0  49  1  52  2  3  3  32  4  51  5  74  6  13  7  39  8  50  9  64  10  60  11  26  12  16  13  90  14  29
  0  83  1  53  2  34  3  21  4  60  5  70  6  92  7  84  8  90  9  57  10  20  11  39  12  2  13  14  14  83
  0  90  1  8  2  72  3  55  4  74  5  97  6  21  7  41  8  62  9  68  10  21  11  33  12  9  13  58  14  65
  0  40  1  42  2  90  3  38  4  17  5  17  6  22  7  49  8  12  9  75  10  62  11  79  12  91  13  98  14  8
  0  41  1  27  2  41  3  3  4  42  5  35  6  65  7  36  8  21  9  15  10  44  11  7  12  79  13  31  14  78
  0  47  1  30  2  15  3  56  4  70  5  35  6  6  7  49  8  85  9  22  10  49  11  20  12  96  13  72  14  3
  0  93  1  76  2  34  3  44  4  7  5  85  6  17  7  78  8  45  9  77  10  47  11  65  12  30  13  4  14  5
  0  42  1  18  2  16  3  66  4  95  5  15  6  33  7  31  8  17  9  31  10  3  11  97  12  40  13  23  14  2
  0  15  1  39  2  90  3  30  4  39  5  58  6  39  7  2  8  59  9  78  10  22  11  49  12  72  13  41  14  8
  0  77  1  26  2  5  3  63  4  36  5  61  6  98  7  27  8  8  9  13  10  73  11  16  12  25  13  61  14  98
  0  3  1  56  2  39  3  44  4  44  5  35  6  30  7  26  8  53  9  15  10  31  11  38  12  41  13  74  14  44
  0  73  1  76  2  17  3  26  4  18  5  40  6  22  7  26  8  68  9  65  10  46  11  69  12  5  13  94  14  96
  0  76  1  25  2  91  3  11  4  27  5  19  6  1  7  6  8  7  9  35  10  29  11  11  12  97  13  66  14  89
  0  69  1  88  2  80  3  50  4  80  5  38  6  36  7  62  8  32  9  99  10  86  11  67  12  17  13  90  14  50
  0  96  1  58  2  80  3  2  4  35  5  82  6  13  7  25  8  93  9  98  10  96  11  6  12  10  13  94  14  24
  0  81  1  91  2  47  3  9  4  58  5  57  6  98  7  48  8  73  9  35  10  74  11  47  12  65  13  32  14  13
  0  68  1  56  2  93  3  46  4  89  5  91  6  95  7  62  8  83  9  76  10  46  11  18  12  52  13  93  14  3
  0  94  1  78  2  8  3  13  4  17  5  83  6  87  7  41  8  71  9  92  10  99  11  49  12  97  13  59  14  49
  0  25  1  43  2  95  3  76  4  92  5  89  6  95  7  43  8  45  9  10  10  76  11  50  12  70  13  11  14  54
  0  84  1  80  2  55  3  31  4  78  5  55  6  81  7  66  8  34  9  58  10  67  11  59  12  45  13  87  14  99
  0  55  1  18  2  74  3  41  4  67  5  74  6  43  7  15  8  67  9  86  10  74  11  55  12  79  13  79  14  68
  0  72  1  9  2  98  3  78  4  43  5  50  6  36  7  62  8  39  9  90  10  43  11  77  12  28  13  87  14  95
  0  20  1  21  2  79  3  81  4  74  5  57  6  80  7  19  8  30  9  45  10  49  11  34  12  84  13  1  14  35
  0  52  1  29  2  40  3  48  4  88  5  96  6  46  7  10  8  28  9  14  10  85  11  64  12  44  13  85  14  65
  0  69  1  94  2  7  3  48  4  3  5  83  6  80  7  63  8  33  9  87  10  79  11  96  12  63  13  81  14  93
  0  15  1  33  2  20  3  33  4  1  5  32  6  39  7  99  8  70  9  83  10  11  11  32  12  10  13  72  14  49
  0  80  1  58  2  49  3  46  4  97  5  14  6  23  7  2  8  15  9  53  10  25  11  66  12  57  13  80  14  9
  0  9  1  31  2  40  3  19  4  86  5  48  6  81  7  48  8  68  9  15  10  45  11  46  12  49  13  74  14  96
  0  75  1  54  2  75  3  59  4  19  5  10  6  30  7  94  8  65  9  46  10  61  11  39  12  56  13  48  14  67
TPM
  0  2857  1  2857  2  2857  3  2857  4  2857  5  2857  6  2857  7  2857  8  2857  9  2857  10  2857  11  2857  12  2857  13  2857  14  2857
PMT
  0  7  1  87  2  115  3  62  4  131  5  131  6  25  7  48  8  88  9  11  10  41  11  51  12  24  13  112  14  23
  0  60  1  38  2  20  3  55  4  143  5  134  6  39  7  5  8  45  9  21  10  119  11  85  12  105  13  81  14  45
  0  51  1  79  2  108  3  98  4  45  5  127  6  60  7  129  8  48  9  46  10  79  11  74  12  149  13  20  14  79
  0  72  1  133  2  101  3  107  4  149  5  86  6  125  7  63  8  102  9  3  10  23  11  60  12  66  13  17  14  80
  0  77  1  76  2  50  3  142  4  121  5  85  6  141  7  52  8  73  9  19  10  20  11  121  12  44  13  61  14  4
  0  110  1  66  2  69  3  88  4  50  5  11  6  38  7  89  8  140  9  118  10  141  11  59  12  134  13  128  14  94
  0  23  1  134  2  6  3  37  4  94  5  23  6  38  7  56  8  121  9  114  10  55  11  25  12  144  13  10  14  148
  0  110  1  127  2  147  3  147  4  76  5  29  6  78  7  145  8  88  9  103  10  143  11  48  12  8  13  12  14  72
  0  14  1  100  2  18  3  29  4  11  5  88  6  70  7  111  8  138  9  131  10  123  11  18  12  144  13  1  14  116
  0  33  1  28  2  98  3  43  4  55  5  66  6  67  7  112  8  118  9  5  10  66  11  143  12  107  13  8  14  80
  0  83  1  110  2  23  3  19  4  108  5  71  6  111  7  93  8  26  9  107  10  100  11  98  12  109  13  83  14  137
  0  26  1  14  2  44  3  133  4  95  5  74  6  2  7  47  8  20  9  55  10  13  11  123  12  3  13  47  14  29
  0  106  1  64  2  135  3  59  4  79  5  126  6  8  7  67  8  60  9  68  10  23  11  67  12  43  13  9  14  19
  0  56  1  82  2  106  3  5  4  32  5  86  6  59  7  141  8  100  9  46  10  63  11  35  12  109  13  128  14  45
  0  76  1  74  2  110  3  42  4  114  5  9  6  24  7  137  8  72  9  64  10  89  11  30  12  131  13  107  14  77
  0  28  1  63  2  1  3  135  4  27  5  41  6  116  7  25  8  137  9  66  10  113  11  46  12  30  13  92  14  67
  0  92  1  3  2  18  3  131  4  39  5  26  6  54  7  35  8  68  9  109  10  110  11  61  12  13  13  1  14  136
  0  103  1  9  2  136  3  126  4  3  5  108  6  100  7  13  8  104  9  5  10  68  11  18  12  47  13  63  14  53
