100  10
  0  4  1  52  2  84  3  33  4  18  5  58  6  31  7  14  8  81  9  29
  0  54  1  22  2  70  3  60  4  60  5  18  6  73  7  72  8  33  9  16
  0  9  1  31  2  40  3  74  4  93  5  94  6  36  7  11  8  52  9  96
  0  1  1  27  2  13  3  31  4  33  5  67  6  32  7  94  8  82  9  42
  0  34  1  5  2  3  3  61  4  63  5  94  6  49  7  94  8  95  9  56
  0  59  1  40  2  35  3  81  4  86  5  52  6  11  7  25  8  71  9  91
  0  42  1  88  2  82  3  70  4  35  5  89  6  52  7  17  8  39  9  87
  0  86  1  89  2  62  3  58  4  37  5  3  6  34  7  43  8  49  9  44
  0  58  1  28  2  39  3  11  4  5  5  13  6  47  7  74  8  20  9  84
  0  87  1  66  2  58  3  6  4  83  5  43  6  71  7  71  8  49  9  56
  0  5  1  6  2  77  3  62  4  82  5  7  6  26  7  28  8  80  9  41
  0  25  1  23  2  29  3  62  4  38  5  4  6  88  7  12  8  52  9  34
  0  78  1  94  2  87  3  92  4  78  5  79  6  39  7  64  8  6  9  34
  0  2  1  14  2  53  3  9  4  33  5  91  6  42  7  30  8  59  9  23
  0  11  1  61  2  35  3  63  4  59  5  51  6  96  7  48  8  14  9  57
  0  79  1  51  2  76  3  45  4  96  5  30  6  88  7  78  8  82  9  29
  0  6  1  51  2  58  3  67  4  66  5  42  6  77  7  37  8  25  9  72
  0  46  1  71  2  41  3  19  4  34  5  73  6  82  7  96  8  22  9  23
  0  65  1  16  2  50  3  74  4  37  5  85  6  59  7  40  8  84  9  10
  0  39  1  10  2  21  3  9  4  38  5  48  6  84  7  43  8  81  9  84
  0  42  1  43  2  17  3  61  4  92  5  64  6  70  7  41  8  14  9  19
  0  92  1  59  2  89  3  43  4  32  5  76  6  15  7  32  8  41  9  84
  0  66  1  22  2  33  3  56  4  83  5  7  6  29  7  39  8  5  9  37
  0  59  1  44  2  42  3  13  4  21  5  80  6  97  7  91  8  89  9  27
  0  52  1  48  2  59  3  40  4  85  5  85  6  37  7  57  8  98  9  64
  0  26  1  30  2  44  3  99  4  79  5  94  6  9  7  58  8  90  9  72
  0  83  1  38  2  71  3  55  4  6  5  21  6  29  7  21  8  93  9  29
  0  33  1  69  2  80  3  33  4  39  5  99  6  15  7  75  8  24  9  43
  0  10  1  25  2  22  3  41  4  36  5  67  6  93  7  25  8  95  9  93
  0  52  1  33  2  32  3  51  4  24  5  83  6  44  7  66  8  33  9  72
  0  28  1  48  2  36  3  85  4  62  5  32  6  24  7  24  8  92  9  37
  0  93  1  88  2  2  3  24  4  53  5  85  6  66  7  91  8  82  9  28
  0  25  1  54  2  15  3  58  4  23  5  67  6  65  7  19  8  3  9  14
  0  44  1  30  2  54  3  55  4  28  5  67  6  45  7  21  8  72  9  51
  0  93  1  82  2  97  3  73  4  62  5  31  6  66  7  32  8  69  9  73
  0  50  1  57  2  60  3  96  4  47  5  37  6  84  7  70  8  94  9  81
  0  60  1  92  2  92  3  87  4  35  5  1  6  36  7  81  8  59  9  88
  0  15  1  69  2  52  3  13  4  28  5  3  6  11  7  82  8  28  9  52
  0  85  1  56  2  95  3  46  4  48  5  91  6  90  7  9  8  4  9  29
  0  51  1  16  2  29  3  95  4  30  5  41  6  39  7  69  8  82  9  74
  0  18  1  36  2  52  3  20  4  58  5  18  6  23  7  11  8  99  9  78
  0  26  1  18  2  63  3  21  4  12  5  3  6  18  7  24  8  55  9  63
  0  24  1  4  2  23  3  91  4  50  5  78  6  30  7  89  8  45  9  88
  0  82  1  68  2  18  3  80  4  55  5  93  6  60  7  77  8  69  9  57
  0  15  1  83  2  66  3  3  4  60  5  87  6  90  7  11  8  81  9  92
  0  23  1  46  2  49  3  43  4  41  5  7  6  3  7  64  8  84  9  33
  0  39  1  22  2  50  3  60  4  36  5  54  6  65  7  36  8  64  9  60
  0  95  1  28  2  72  3  24  4  77  5  82  6  39  7  17  8  14  9  33
  0  35  1  10  2  44  3  50  4  39  5  86  6  83  7  87  8  95  9  37
  0  5  1  71  2  13  3  73  4  90  5  25  6  34  7  99  8  94  9  41
  0  34  1  23  2  75  3  34  4  26  5  93  6  8  7  34  8  74  9  6
  0  63  1  7  2  55  3  3  4  42  5  22  6  11  7  59  8  73  9  83
  0  70  1  46  2  26  3  8  4  68  5  87  6  9  7  15  8  57  9  78
  0  24  1  57  2  92  3  14  4  32  5  17  6  57  7  48  8  24  9  35
  0  44  1  93  2  15  3  47  4  4  5  12  6  7  7  59  8  40  9  79
  0  77  1  73  2  3  3  4  4  1  5  47  6  15  7  45  8  2  9  57
  0  33  1  60  2  6  3  80  4  17  5  66  6  29  7  42  8  83  9  7
  0  15  1  66  2  36  3  55  4  39  5  45  6  24  7  92  8  3  9  11
  0  60  1  50  2  11  3  59  4  1  5  88  6  2  7  94  8  68  9  68
  0  63  1  56  2  69  3  35  4  63  5  63  6  47  7  7  8  77  9  1
  0  54  1  55  2  90  3  10  4  47  5  7  6  1  7  69  8  41  9  14
  0  60  1  77  2  64  3  66  4  30  5  73  6  6  7  40  8  25  9  58
  0  54  1  16  2  81  3  93  4  60  5  3  6  88  7  6  8  77  9  48
  0  34  1  13  2  51  3  41  4  79  5  48  6  80  7  4  8  62  9  62
  0  65  1  59  2  84  3  12  4  99  5  12  6  40  7  72  8  89  9  65
  0  82  1  46  2  4  3  88  4  41  5  26  6  81  7  77  8  45  9  61
  0  61  1  93  2  2  3  23  4  89  5  76  6  30  7  66  8  47  9  40
  0  79  1  46  2  88  3  25  4  47  5  18  6  74  7  58  8  90  9  40
  0  60  1  33  2  10  3  69  4  57  5  24  6  21  7  89  8  91  9  89
  0  66  1  34  2  9  3  35  4  25  5  4  6  17  7  38  8  14  9  50
  0  66  1  48  2  6  3  19  4  85  5  23  6  93  7  50  8  52  9  67
  0  76  1  87  2  55  3  77  4  62  5  39  6  63  7  1  8  95  9  92
  0  30  1  82  2  55  3  81  4  88  5  53  6  96  7  54  8  15  9  66
  0  20  1  88  2  64  3  99  4  87  5  53  6  13  7  77  8  35  9  17
  0  57  1  90  2  36  3  50  4  49  5  94  6  15  7  70  8  77  9  33
  0  35  1  24  2  22  3  12  4  87  5  11  6  28  7  19  8  56  9  98
  0  95  1  66  2  58  3  70  4  76  5  6  6  67  7  99  8  12  9  29
  0  58  1  76  2  68  3  65  4  55  5  93  6  44  7  47  8  63  9  78
  0  64  1  78  2  6  3  46  4  74  5  51  6  6  7  81  8  11  9  89
  0  83  1  90  2  6  3  7  4  61  5  86  6  45  7  17  8  83  9  86
  0  6  1  30  2  17  3  39  4  24  5  22  6  64  7  6  8  79  9  61
  0  23  1  79  2  93  3  31  4  66  5  2  6  76  7  85  8  26  9  4
  0  79  1  14  2  10  3  6  4  25  5  20  6  77  7  29  8  21  9  22
  0  69  1  17  2  99  3  49  4  35  5  65  6  21  7  77  8  40  9  4
  0  26  1  25  2  30  3  90  4  45  5  24  6  74  7  6  8  1  9  13
  0  32  1  41  2  34  3  30  4  6  5  50  6  63  7  2  8  80  9  93
  0  61  1  49  2  52  3  71  4  83  5  67  6  9  7  69  8  13  9  39
  0  3  1  31  2  84  3  93  4  41  5  34  6  7  7  31  8  80  9  52
  0  3  1  48  2  79  3  7  4  32  5  63  6  91  7  56  8  67  9  14
  0  60  1  74  2  32  3  66  4  58  5  7  6  28  7  79  8  3  9  16
  0  12  1  2  2  19  3  57  4  93  5  84  6  34  7  30  8  72  9  62
  0  30  1  12  2  19  3  19  4  94  5  66  6  88  7  30  8  32  9  80
  0  15  1  81  2  30  3  69  4  9  5  79  6  4  7  55  8  88  9  96
  0  53  1  22  2  85  3  50  4  1  5  79  6  21  7  79  8  5  9  2
  0  45  1  70  2  66  3  30  4  72  5  66  6  73  7  38  8  77  9  33
  0  35  1  8  2  14  3  93  4  21  5  76  6  71  7  33  8  6  9  28
  0  1  1  42  2  67  3  54  4  63  5  59  6  5  7  19  8  69  9  25
  0  70  1  73  2  35  3  45  4  27  5  32  6  65  7  46  8  81  9  89
  0  30  1  67  2  56  3  50  4  9  5  3  6  86  7  97  8  9  9  13
  0  72  1  11  2  86  3  52  4  20  5  33  6  29  7  92  8  34  9  26
TPM
  0  1131  1  1131  2  1131  3  1131  4  1131  5  1131  6  1131  7  1131  8  1131  9  1131
PMT
  0  107  1  45  2  103  3  108  4  91  5  21  6  64  7  23  8  126  9  42
  0  84  1  62  2  53  3  22  4  143  5  67  6  114  7  39  8  148  9  51
  0  30  1  62  2  15  3  101  4  71  5  120  6  87  7  45  8  38  9  149
  0  52  1  115  2  144  3  104  4  89  5  38  6  72  7  69  8  63  9  87
  0  148  1  145  2  5  3  99  4  60  5  69  6  146  7  83  8  36  9  67
  0  78  1  133  2  13  3  123  4  27  5  57  6  104  7  137  8  148  9  99
  0  81  1  36  2  3  3  110  4  64  5  123  6  29  7  92  8  48  9  73
  0  73  1  19  2  93  3  74  4  1  5  129  6  72  7  35  8  82  9  110
  0  140  1  6  2  88  3  101  4  132  5  55  6  139  7  56  8  33  9  100
