200  5
  0  31  1  58  2  8  3  19  4  27
  0  48  1  20  2  16  3  83  4  58
  0  63  1  63  2  35  3  22  4  30
  0  82  1  71  2  55  3  27  4  17
  0  32  1  54  2  60  3  28  4  34
  0  26  1  98  2  70  3  95  4  59
  0  3  1  15  2  82  3  48  4  39
  0  90  1  89  2  18  3  28  4  78
  0  14  1  40  2  77  3  69  4  15
  0  17  1  12  2  61  3  43  4  65
  0  2  1  82  2  87  3  56  4  41
  0  40  1  80  2  76  3  35  4  48
  0  51  1  5  2  2  3  70  4  30
  0  38  1  85  2  97  3  22  4  13
  0  48  1  32  2  25  3  84  4  81
  0  50  1  55  2  82  3  54  4  80
  0  90  1  46  2  90  3  93  4  61
  0  97  1  44  2  11  3  42  4  31
  0  14  1  72  2  32  3  2  4  8
  0  19  1  11  2  56  3  67  4  79
  0  17  1  38  2  93  3  73  4  1
  0  45  1  40  2  58  3  16  4  46
  0  80  1  94  2  81  3  70  4  36
  0  6  1  13  2  15  3  43  4  40
  0  8  1  62  2  95  3  87  4  37
  0  83  1  81  2  91  3  70  4  67
  0  2  1  56  2  52  3  13  4  46
  0  55  1  81  2  66  3  62  4  75
  0  87  1  99  2  36  3  62  4  89
  0  47  1  77  2  48  3  86  4  58
  0  79  1  78  2  21  3  35  4  87
  0  61  1  96  2  49  3  99  4  21
  0  63  1  75  2  99  3  21  4  85
  0  69  1  60  2  79  3  68  4  81
  0  2  1  8  2  92  3  97  4  83
  0  41  1  96  2  27  3  49  4  31
  0  7  1  93  2  66  3  30  4  85
  0  2  1  39  2  89  3  77  4  61
  0  64  1  43  2  49  3  26  4  67
  0  45  1  60  2  56  3  57  4  98
  0  17  1  14  2  56  3  90  4  89
  0  59  1  9  2  91  3  94  4  96
  0  78  1  36  2  81  3  1  4  88
  0  48  1  62  2  5  3  49  4  94
  0  76  1  47  2  92  3  92  4  98
  0  1  1  7  2  75  3  99  4  34
  0  33  1  21  2  42  3  73  4  72
  0  82  1  65  2  68  3  16  4  77
  0  80  1  84  2  92  3  25  4  4
  0  72  1  98  2  40  3  69  4  74
  0  59  1  24  2  25  3  95  4  26
  0  8  1  87  2  22  3  16  4  36
  0  12  1  78  2  49  3  1  4  17
  0  62  1  39  2  72  3  42  4  72
  0  31  1  61  2  59  3  57  4  11
  0  35  1  45  2  15  3  21  4  63
  0  84  1  32  2  57  3  54  4  85
  0  61  1  24  2  29  3  1  4  51
  0  86  1  27  2  87  3  78  4  42
  0  48  1  70  2  68  3  91  4  71
  0  76  1  83  2  98  3  9  4  46
  0  21  1  47  2  80  3  63  4  50
  0  50  1  28  2  41  3  85  4  75
  0  86  1  55  2  64  3  68  4  96
  0  31  1  87  2  7  3  27  4  99
  0  37  1  15  2  23  3  92  4  71
  0  11  1  22  2  54  3  77  4  85
  0  85  1  61  2  19  3  13  4  52
  0  98  1  15  2  51  3  94  4  31
  0  33  1  92  2  49  3  63  4  86
  0  60  1  54  2  79  3  70  4  60
  0  88  1  4  2  72  3  42  4  37
  0  29  1  38  2  22  3  88  4  97
  0  92  1  77  2  61  3  35  4  35
  0  15  1  15  2  72  3  57  4  57
  0  74  1  5  2  61  3  31  4  96
  0  70  1  74  2  20  3  44  4  53
  0  78  1  26  2  43  3  39  4  16
  0  70  1  53  2  83  3  26  4  96
  0  65  1  58  2  34  3  81  4  6
  0  3  1  92  2  52  3  15  4  90
  0  41  1  75  2  33  3  70  4  48
  0  61  1  12  2  71  3  39  4  89
  0  13  1  68  2  29  3  76  4  95
  0  28  1  13  2  14  3  86  4  17
  0  80  1  51  2  72  3  23  4  69
  0  23  1  89  2  12  3  53  4  24
  0  70  1  41  2  43  3  81  4  85
  0  92  1  57  2  95  3  1  4  94
  0  55  1  31  2  8  3  48  4  78
  0  82  1  31  2  73  3  23  4  58
  0  3  1  49  2  37  3  47  4  55
  0  11  1  30  2  50  3  85  4  12
  0  17  1  20  2  78  3  93  4  57
  0  21  1  99  2  94  3  44  4  94
  0  98  1  1  2  63  3  26  4  78
  0  25  1  21  2  7  3  9  4  63
  0  20  1  61  2  21  3  58  4  19
  0  91  1  87  2  72  3  12  4  30
  0  70  1  66  2  25  3  29  4  13
  0  4  1  87  2  9  3  92  4  59
  0  52  1  63  2  67  3  80  4  63
  0  78  1  73  2  38  3  92  4  10
  0  65  1  68  2  91  3  47  4  11
  0  78  1  39  2  37  3  68  4  93
  0  76  1  51  2  18  3  41  4  56
  0  31  1  23  2  7  3  54  4  33
  0  36  1  24  2  14  3  51  4  94
  0  62  1  25  2  11  3  46  4  35
  0  66  1  47  2  14  3  40  4  40
  0  15  1  91  2  3  3  99  4  80
  0  23  1  91  2  46  3  20  4  7
  0  14  1  28  2  7  3  35  4  22
  0  91  1  50  2  51  3  86  4  49
  0  53  1  93  2  4  3  78  4  65
  0  49  1  70  2  53  3  69  4  43
  0  15  1  80  2  29  3  38  4  81
  0  91  1  66  2  5  3  15  4  10
  0  66  1  17  2  67  3  97  4  28
  0  52  1  52  2  46  3  87  4  13
  0  1  1  71  2  10  3  6  4  96
  0  19  1  6  2  39  3  7  4  8
  0  22  1  21  2  12  3  44  4  29
  0  72  1  25  2  95  3  82  4  91
  0  49  1  20  2  39  3  28  4  94
  0  62  1  62  2  53  3  81  4  82
  0  43  1  43  2  78  3  78  4  9
  0  97  1  65  2  6  3  17  4  70
  0  15  1  19  2  45  3  88  4  31
  0  73  1  22  2  72  3  97  4  80
  0  61  1  90  2  8  3  92  4  6
  0  23  1  94  2  55  3  74  4  95
  0  78  1  73  2  83  3  22  4  92
  0  59  1  79  2  64  3  67  4  62
  0  2  1  4  2  73  3  16  4  76
  0  67  1  57  2  28  3  85  4  64
  0  24  1  5  2  83  3  34  4  40
  0  8  1  56  2  86  3  74  4  52
  0  23  1  12  2  91  3  12  4  47
  0  74  1  68  2  91  3  98  4  26
  0  91  1  76  2  86  3  96  4  68
  0  69  1  47  2  50  3  58  4  78
  0  67  1  27  2  86  3  16  4  72
  0  79  1  28  2  11  3  99  4  3
  0  49  1  66  2  63  3  10  4  57
  0  1  1  43  2  82  3  93  4  43
  0  89  1  30  2  61  3  97  4  14
  0  11  1  94  2  85  3  83  4  13
  0  82  1  13  2  86  3  90  4  25
  0  50  1  97  2  13  3  84  4  9
  0  67  1  59  2  42  3  50  4  43
  0  75  1  89  2  58  3  49  4  76
  0  11  1  69  2  19  3  49  4  33
  0  44  1  49  2  10  3  53  4  13
  0  10  1  2  2  62  3  30  4  33
  0  38  1  37  2  32  3  73  4  45
  0  58  1  76  2  9  3  45  4  84
  0  94  1  9  2  72  3  87  4  17
  0  15  1  39  2  21  3  15  4  98
  0  83  1  94  2  93  3  79  4  58
  0  54  1  36  2  41  3  43  4  15
  0  45  1  64  2  2  3  77  4  77
  0  61  1  17  2  28  3  48  4  94
  0  51  1  14  2  31  3  1  4  37
  0  33  1  23  2  60  3  5  4  85
  0  14  1  86  2  61  3  66  4  90
  0  9  1  22  2  15  3  80  4  91
  0  39  1  37  2  85  3  12  4  68
  0  60  1  89  2  66  3  91  4  6
  0  25  1  15  2  67  3  77  4  29
  0  53  1  87  2  91  3  37  4  74
  0  59  1  20  2  90  3  86  4  35
  0  3  1  43  2  64  3  68  4  60
  0  11  1  70  2  69  3  9  4  94
  0  73  1  74  2  55  3  61  4  39
  0  61  1  39  2  72  3  82  4  88
  0  29  1  95  2  98  3  15  4  10
  0  34  1  18  2  40  3  99  4  55
  0  46  1  83  2  91  3  22  4  91
  0  66  1  25  2  30  3  79  4  88
  0  96  1  29  2  21  3  7  4  92
  0  74  1  75  2  44  3  4  4  20
  0  27  1  9  2  32  3  80  4  62
  0  86  1  19  2  2  3  20  4  37
  0  56  1  11  2  60  3  14  4  52
  0  63  1  57  2  86  3  48  4  80
  0  19  1  28  2  45  3  59  4  93
  0  6  1  58  2  98  3  18  4  84
  0  13  1  58  2  1  3  25  4  54
  0  69  1  65  2  49  3  30  4  43
  0  81  1  89  2  82  3  47  4  67
  0  60  1  36  2  66  3  48  4  2
  0  79  1  43  2  81  3  96  4  83
  0  69  1  3  2  63  3  97  4  94
  0  51  1  54  2  10  3  46  4  77
  0  35  1  74  2  89  3  26  4  24
  0  40  1  74  2  73  3  91  4  26
  0  43  1  52  2  80  3  30  4  96
  0  72  1  84  2  75  3  38  4  58
  0  79  1  26  2  58  3  29  4  23
TPM
  0  2033  1  2033  2  2033  3  2033  4  2033
PMT
  0  18  1  17  2  15  3  75  4  104
  0  5  1  70  2  59  3  116  4  6
  0  83  1  12  2  42  3  41  4  57
  0  126  1  137  2  102  3  66  4  93
  0  75  1  121  2  85  3  19  4  1
  0  39  1  49  2  56  3  98  4  58
  0  37  1  115  2  92  3  129  4  104
  0  147  1  7  2  24  3  36  4  56
  0  86  1  26  2  91  3  116  4  82
  0  68  1  128  2  98  3  67  4  118
