20  20
  0  32  1  64  2  29  3  27  4  62  5  29  6  43  7  20  8  52  9  74  10  48  11  61  12  18  13  91  14  7  15  96  16  2  17  10  18  60  19  51
  0  19  1  56  2  36  3  57  4  32  5  92  6  73  7  59  8  77  9  53  10  2  11  42  12  29  13  67  14  98  15  63  16  1  17  41  18  93  19  9
  0  97  1  32  2  91  3  71  4  80  5  49  6  46  7  42  8  4  9  47  10  1  11  68  12  36  13  8  14  67  15  91  16  74  17  27  18  28  19  1
  0  16  1  50  2  69  3  43  4  47  5  13  6  86  7  85  8  56  9  2  10  12  11  22  12  87  13  25  14  70  15  56  16  94  17  54  18  48  19  25
  0  53  1  99  2  32  3  30  4  41  5  8  6  75  7  86  8  13  9  3  10  60  11  22  12  1  13  10  14  97  15  73  16  34  17  31  18  69  19  72
  0  62  1  65  2  91  3  10  4  12  5  86  6  88  7  22  8  30  9  31  10  72  11  42  12  65  13  42  14  70  15  9  16  25  17  91  18  77  19  23
  0  82  1  73  2  88  3  95  4  33  5  18  6  50  7  31  8  27  9  93  10  52  11  34  12  15  13  1  14  25  15  31  16  98  17  46  18  27  19  58
  0  65  1  74  2  33  3  47  4  49  5  95  6  59  7  6  8  39  9  17  10  94  11  85  12  55  13  92  14  5  15  76  16  25  17  29  18  39  19  76
  0  52  1  21  2  67  3  17  4  74  5  99  6  10  7  51  8  14  9  26  10  42  11  35  12  97  13  50  14  94  15  52  16  97  17  27  18  68  19  58
  0  4  1  59  2  48  3  71  4  43  5  5  6  80  7  5  8  4  9  69  10  30  11  23  12  26  13  75  14  72  15  96  16  67  17  75  18  41  19  43
  0  65  1  46  2  67  3  9  4  37  5  94  6  73  7  25  8  98  9  48  10  93  11  35  12  1  13  17  14  61  15  82  16  97  17  52  18  60  19  98
  0  12  1  35  2  42  3  45  4  50  5  67  6  51  7  85  8  81  9  59  10  20  11  90  12  97  13  21  14  13  15  15  16  7  17  14  18  38  19  94
  0  25  1  16  2  58  3  37  4  74  5  7  6  58  7  28  8  8  9  72  10  70  11  62  12  6  13  91  14  43  15  74  16  21  17  52  18  16  19  26
  0  70  1  5  2  45  3  80  4  95  5  60  6  64  7  74  8  44  9  82  10  8  11  45  12  38  13  33  14  11  15  99  16  35  17  65  18  65  19  28
  0  3  1  97  2  9  3  83  4  54  5  75  6  52  7  97  8  19  9  29  10  5  11  92  12  50  13  83  14  19  15  12  16  82  17  69  18  86  19  90
  0  2  1  50  2  54  3  20  4  92  5  46  6  29  7  89  8  58  9  53  10  11  11  8  12  50  13  56  14  51  15  31  16  40  17  94  18  43  19  64
  0  17  1  43  2  80  3  95  4  4  5  89  6  45  7  89  8  21  9  49  10  17  11  48  12  46  13  31  14  98  15  20  16  27  17  49  18  13  19  8
  0  80  1  47  2  23  3  1  4  58  5  70  6  52  7  56  8  64  9  26  10  38  11  77  12  75  13  85  14  34  15  77  16  74  17  36  18  29  19  25
  0  13  1  93  2  73  3  16  4  55  5  15  6  16  7  3  8  74  9  80  10  93  11  85  12  6  13  45  14  33  15  50  16  72  17  59  18  40  19  95
  0  36  1  17  2  13  3  1  4  43  5  91  6  83  7  10  8  72  9  57  10  76  11  40  12  99  13  95  14  47  15  45  16  24  17  57  18  32  19  85
TPM
  0  530  1  530  2  530  3  530  4  530  5  530  6  530  7  530  8  530  9  530  10  530  11  530  12  530  13  530  14  530  15  530  16  530  17  530  18  530  19  530
PMT
  0  51  1  24  2  27  3  90  4  98  5  68  6  73  7  4  8  78  9  36  10  21  11  64  12  82  13  84  14  92  15  53  16  59  17  44  18  73  19  2
  0  71  1  7  2  96  3  63  4  59  5  40  6  10  7  70  8  61  9  87  10  24  11  43  12  67  13  7  14  93  15  20  16  90  17  54  18  77  19  21
  0  99  1  10  2  78  3  65  4  44  5  17  6  57  7  13  8  52  9  68  10  72  11  92  12  8  13  59  14  97  15  30  16  11  17  10  18  5  19  8
  0  88  1  3  2  21  3  6  4  19  5  6  6  3  7  6  8  75  9  62  10  82  11  64  12  1  13  85  14  70  15  80  16  74  17  73  18  35  19  17
