20  5
  0  26  1  36  2  13  3  56  4  21
  0  42  1  1  2  35  3  57  4  77
  0  44  1  74  2  20  3  10  4  60
  0  33  1  49  2  57  3  8  4  38
  0  56  1  71  2  82  3  19  4  72
  0  62  1  3  2  53  3  43  4  77
  0  58  1  89  2  24  3  69  4  54
  0  72  1  53  2  41  3  62  4  71
  0  86  1  33  2  57  3  97  4  34
  0  90  1  23  2  64  3  39  4  52
  0  23  1  12  2  69  3  4  4  97
  0  16  1  30  2  25  3  27  4  44
  0  7  1  21  2  53  3  26  4  2
  0  80  1  75  2  63  3  32  4  49
  0  51  1  82  2  75  3  85  4  65
  0  12  1  11  2  35  3  46  4  34
  0  84  1  48  2  58  3  56  4  77
  0  28  1  80  2  80  3  78  4  84
  0  58  1  81  2  82  3  20  4  92
  0  12  1  65  2  83  3  94  4  10
TPM
  0  678  1  678  2  678  3  678  4  678
PMT
  0  24  1  17  2  8  3  16  4  7
  0  10  1  4  2  14  3  21  4  1
  0  17  1  3  2  18  3  18  4  20
