50  5
  0  43  1  61  2  66  3  78  4  11
  0  30  1  26  2  86  3  59  4  1
  0  59  1  75  2  77  3  15  4  31
  0  8  1  87  2  1  3  64  4  93
  0  17  1  86  2  23  3  52  4  97
  0  41  1  47  2  18  3  32  4  35
  0  60  1  59  2  78  3  13  4  64
  0  43  1  43  2  18  3  71  4  88
  0  1  1  14  2  42  3  63  4  66
  0  95  1  40  2  33  3  81  4  77
  0  12  1  60  2  13  3  5  4  47
  0  15  1  53  2  31  3  1  4  52
  0  85  1  50  2  58  3  55  4  45
  0  82  1  82  2  47  3  87  4  42
  0  83  1  38  2  64  3  46  4  82
  0  53  1  35  2  49  3  79  4  43
  0  90  1  90  2  34  3  92  4  69
  0  2  1  17  2  68  3  68  4  24
  0  99  1  79  2  92  3  7  4  94
  0  29  1  11  2  8  3  43  4  91
  0  87  1  8  2  25  3  40  4  13
  0  6  1  56  2  12  3  64  4  70
  0  59  1  79  2  60  3  55  4  50
  0  63  1  95  2  99  3  78  4  29
  0  57  1  80  2  92  3  15  4  74
  0  89  1  39  2  9  3  50  4  33
  0  7  1  72  2  64  3  4  4  74
  0  71  1  62  2  56  3  29  4  55
  0  63  1  85  2  53  3  4  4  39
  0  94  1  15  2  44  3  73  4  2
  0  90  1  83  2  87  3  22  4  12
  0  21  1  76  2  18  3  21  4  39
  0  33  1  11  2  75  3  83  4  12
  0  99  1  23  2  77  3  80  4  23
  0  54  1  41  2  65  3  55  4  2
  0  98  1  74  2  41  3  25  4  97
  0  63  1  96  2  29  3  86  4  75
  0  25  1  82  2  5  3  72  4  43
  0  39  1  89  2  36  3  2  4  88
  0  10  1  6  2  50  3  76  4  74
  0  84  1  86  2  76  3  75  4  33
  0  72  1  7  2  66  3  17  4  34
  0  15  1  83  2  2  3  53  4  80
  0  64  1  91  2  24  3  18  4  18
  0  61  1  50  2  51  3  46  4  34
  0  74  1  25  2  35  3  94  4  92
  0  54  1  49  2  46  3  85  4  28
  0  8  1  52  2  64  3  36  4  30
  0  19  1  21  2  56  3  57  4  1
  0  25  1  47  2  15  3  57  4  13
TPM
  0  1039  1  1039  2  1039  3  1039  4  1039
PMT
  0  14  1  44  2  52  3  42  4  62
  0  14  1  5  2  4  3  3  4  27
  0  4  1  33  2  68  3  43  4  65
  0  13  1  23  2  25  3  29  4  66
  0  16  1  25  2  25  3  42  4  47
