50  5
  0  8  1  77  2  75  3  87  4  79
  0  88  1  50  2  93  3  71  4  72
  0  56  1  97  2  93  3  1  4  36
  0  69  1  67  2  61  3  7  4  38
  0  63  1  35  2  7  3  94  4  56
  0  82  1  25  2  44  3  11  4  44
  0  45  1  13  2  3  3  58  4  20
  0  20  1  39  2  48  3  58  4  98
  0  44  1  35  2  88  3  15  4  6
  0  85  1  33  2  18  3  15  4  93
  0  98  1  27  2  44  3  48  4  89
  0  27  1  26  2  53  3  70  4  42
  0  52  1  89  2  52  3  96  4  98
  0  43  1  75  2  96  3  28  4  24
  0  18  1  72  2  57  3  69  4  36
  0  82  1  63  2  97  3  36  4  64
  0  78  1  50  2  27  3  74  4  98
  0  48  1  90  2  67  3  96  4  43
  0  91  1  92  2  29  3  44  4  93
  0  14  1  60  2  47  3  62  4  91
  0  65  1  99  2  77  3  56  4  54
  0  83  1  77  2  89  3  60  4  80
  0  3  1  82  2  69  3  69  4  22
  0  23  1  79  2  79  3  62  4  61
  0  32  1  61  2  58  3  28  4  37
  0  86  1  3  2  19  3  94  4  80
  0  72  1  64  2  82  3  29  4  40
  0  50  1  69  2  32  3  21  4  61
  0  49  1  97  2  91  3  55  4  35
  0  85  1  92  2  97  3  49  4  53
  0  8  1  10  2  85  3  56  4  65
  0  15  1  40  2  16  3  15  4  72
  0  43  1  52  2  77  3  58  4  29
  0  34  1  60  2  11  3  24  4  14
  0  99  1  52  2  50  3  34  4  64
  0  72  1  65  2  29  3  22  4  7
  0  89  1  53  2  81  3  76  4  97
  0  27  1  35  2  49  3  64  4  52
  0  66  1  43  2  89  3  62  4  25
  0  96  1  64  2  9  3  43  4  53
  0  30  1  74  2  74  3  53  4  48
  0  95  1  82  2  32  3  86  4  22
  0  71  1  42  2  92  3  35  4  90
  0  77  1  1  2  15  3  15  4  62
  0  99  1  36  2  95  3  9  4  56
  0  10  1  38  2  87  3  64  4  18
  0  45  1  49  2  88  3  2  4  33
  0  85  1  89  2  7  3  10  4  40
  0  66  1  86  2  78  3  77  4  65
  0  20  1  91  2  91  3  15  4  7
TPM
  0  913  1  913  2  913  3  913  4  913
PMT
  0  61  1  14  2  2  3  20  4  30
  0  40  1  3  2  64  3  15  4  16
  0  14  1  70  2  56  3  22  4  65
  0  25  1  65  2  4  3  63  4  10
  0  8  1  8  2  8  3  28  4  42
  0  51  1  22  2  3  3  70  4  38
