50  15
  0  80  1  64  2  52  3  68  4  23  5  77  6  82  7  2  8  45  9  73  10  66  11  80  12  17  13  55  14  87
  0  66  1  73  2  23  3  13  4  19  5  10  6  73  7  24  8  35  9  30  10  5  11  70  12  16  13  49  14  62
  0  1  1  98  2  50  3  66  4  36  5  39  6  34  7  16  8  93  9  19  10  29  11  62  12  79  13  95  14  35
  0  88  1  2  2  56  3  21  4  43  5  67  6  14  7  16  8  18  9  76  10  65  11  38  12  64  13  30  14  10
  0  68  1  80  2  90  3  78  4  62  5  33  6  94  7  38  8  48  9  77  10  75  11  69  12  62  13  90  14  70
  0  20  1  18  2  52  3  8  4  96  5  10  6  13  7  90  8  47  9  96  10  42  11  53  12  28  13  15  14  56
  0  11  1  81  2  18  3  55  4  71  5  52  6  52  7  25  8  61  9  24  10  90  11  83  12  73  13  59  14  9
  0  74  1  62  2  64  3  67  4  45  5  32  6  17  7  25  8  46  9  86  10  25  11  18  12  59  13  52  14  17
  0  51  1  29  2  83  3  67  4  15  5  51  6  4  7  10  8  6  9  57  10  61  11  97  12  16  13  87  14  94
  0  15  1  37  2  40  3  21  4  39  5  61  6  46  7  17  8  17  9  4  10  13  11  46  12  97  13  70  14  14
  0  40  1  41  2  42  3  36  4  56  5  97  6  49  7  15  8  60  9  11  10  59  11  7  12  6  13  9  14  4
  0  77  1  10  2  81  3  17  4  20  5  48  6  48  7  57  8  21  9  21  10  67  11  33  12  43  13  53  14  62
  0  73  1  84  2  45  3  34  4  81  5  39  6  77  7  99  8  91  9  77  10  31  11  85  12  3  13  5  14  95
  0  52  1  60  2  72  3  56  4  28  5  19  6  54  7  87  8  88  9  84  10  16  11  13  12  8  13  54  14  23
  0  77  1  59  2  70  3  82  4  60  5  45  6  66  7  9  8  33  9  92  10  85  11  52  12  19  13  36  14  76
  0  43  1  22  2  65  3  19  4  25  5  32  6  39  7  14  8  93  9  20  10  55  11  53  12  59  13  78  14  50
  0  57  1  96  2  78  3  75  4  33  5  51  6  42  7  48  8  93  9  22  10  50  11  95  12  52  13  34  14  40
  0  31  1  73  2  68  3  64  4  34  5  39  6  20  7  3  8  23  9  76  10  93  11  65  12  37  13  47  14  64
  0  16  1  74  2  86  3  66  4  6  5  43  6  59  7  67  8  12  9  36  10  64  11  64  12  92  13  20  14  91
  0  2  1  25  2  13  3  36  4  88  5  89  6  86  7  6  8  76  9  95  10  7  11  83  12  18  13  83  14  21
  0  28  1  27  2  38  3  32  4  35  5  92  6  97  7  40  8  73  9  42  10  54  11  19  12  78  13  30  14  64
  0  72  1  77  2  18  3  19  4  92  5  61  6  66  7  56  8  98  9  33  10  44  11  4  12  39  13  10  14  40
  0  73  1  84  2  35  3  23  4  71  5  46  6  50  7  93  8  80  9  88  10  27  11  16  12  19  13  33  14  39
  0  19  1  9  2  57  3  61  4  25  5  80  6  53  7  93  8  25  9  12  10  90  11  60  12  8  13  81  14  87
  0  34  1  39  2  71  3  5  4  81  5  14  6  57  7  7  8  29  9  45  10  69  11  57  12  96  13  64  14  19
  0  29  1  51  2  41  3  8  4  71  5  71  6  52  7  82  8  46  9  34  10  43  11  90  12  29  13  52  14  83
  0  50  1  41  2  37  3  4  4  55  5  51  6  59  7  44  8  51  9  78  10  21  11  79  12  71  13  58  14  87
  0  94  1  31  2  82  3  20  4  13  5  83  6  8  7  12  8  8  9  13  10  93  11  31  12  57  13  17  14  23
  0  2  1  21  2  94  3  8  4  2  5  29  6  41  7  91  8  36  9  39  10  21  11  91  12  26  13  89  14  80
  0  50  1  29  2  49  3  97  4  86  5  52  6  58  7  95  8  57  9  64  10  84  11  71  12  89  13  86  14  64
  0  7  1  31  2  28  3  2  4  62  5  18  6  9  7  19  8  81  9  85  10  55  11  8  12  50  13  50  14  97
  0  23  1  78  2  39  3  79  4  1  5  22  6  55  7  58  8  11  9  42  10  2  11  85  12  58  13  73  14  95
  0  53  1  18  2  60  3  52  4  76  5  41  6  65  7  20  8  44  9  83  10  72  11  90  12  39  13  42  14  36
  0  28  1  39  2  87  3  39  4  71  5  22  6  56  7  75  8  24  9  48  10  9  11  63  12  21  13  10  14  87
  0  49  1  46  2  36  3  26  4  71  5  36  6  19  7  87  8  80  9  84  10  93  11  43  12  46  13  59  14  84
  0  18  1  89  2  67  3  7  4  48  5  24  6  44  7  66  8  54  9  91  10  46  11  33  12  2  13  36  14  90
  0  48  1  14  2  41  3  45  4  91  5  60  6  20  7  72  8  53  9  20  10  49  11  1  12  46  13  25  14  74
  0  38  1  66  2  91  3  37  4  83  5  6  6  27  7  82  8  94  9  50  10  66  11  66  12  99  13  28  14  45
  0  76  1  79  2  87  3  61  4  7  5  65  6  27  7  45  8  76  9  1  10  6  11  53  12  74  13  79  14  89
  0  61  1  69  2  69  3  33  4  4  5  17  6  60  7  95  8  6  9  54  10  11  11  38  12  97  13  62  14  77
  0  47  1  3  2  40  3  53  4  91  5  35  6  17  7  52  8  3  9  66  10  98  11  2  12  29  13  34  14  26
  0  51  1  17  2  97  3  78  4  91  5  14  6  77  7  82  8  52  9  87  10  21  11  68  12  21  13  18  14  86
  0  6  1  96  2  8  3  45  4  22  5  73  6  2  7  26  8  58  9  20  10  29  11  65  12  37  13  6  14  98
  0  39  1  36  2  67  3  19  4  82  5  93  6  38  7  11  8  19  9  2  10  83  11  41  12  68  13  42  14  3
  0  8  1  3  2  84  3  92  4  29  5  52  6  55  7  93  8  35  9  6  10  29  11  54  12  68  13  42  14  27
  0  85  1  22  2  82  3  1  4  98  5  90  6  74  7  42  8  37  9  6  10  17  11  56  12  50  13  72  14  4
  0  83  1  76  2  50  3  50  4  55  5  23  6  29  7  12  8  13  9  67  10  83  11  31  12  43  13  10  14  34
  0  54  1  95  2  59  3  29  4  8  5  82  6  38  7  28  8  40  9  90  10  13  11  54  12  44  13  40  14  17
  0  43  1  38  2  86  3  8  4  16  5  63  6  33  7  64  8  30  9  17  10  7  11  40  12  19  13  38  14  29
  0  13  1  92  2  18  3  58  4  92  5  79  6  93  7  6  8  95  9  28  10  52  11  45  12  83  13  90  14  53
TPM
  0  813  1  813  2  813  3  813  4  813  5  813  6  813  7  813  8  813  9  813  10  813  11  813  12  813  13  813  14  813
PMT
  0  32  1  10  2  36  3  20  4  19  5  5  6  49  7  7  8  1  9  7  10  28  11  36  12  43  13  27  14  43
  0  25  1  14  2  29  3  31  4  3  5  9  6  46  7  28  8  24  9  29  10  3  11  44  12  46  13  26  14  32
  0  12  1  41  2  27  3  32  4  13  5  19  6  5  7  19  8  12  9  1  10  3  11  43  12  15  13  43  14  23
  0  23  1  6  2  33  3  46  4  7  5  5  6  25  7  35  8  8  9  35  10  9  11  47  12  9  13  6  14  25
  0  48  1  33  2  21  3  25  4  22  5  15  6  13  7  8  8  32  9  47  10  20  11  30  12  28  13  12  14  40
  0  39  1  5  2  24  3  45  4  39  5  49  6  7  7  27  8  19  9  48  10  31  11  30  12  37  13  16  14  4
  0  48  1  12  2  1  3  46  4  3  5  31  6  44  7  29  8  20  9  8  10  28  11  16  12  12  13  29  14  13
