500  20
  0  83  1  70  2  27  3  64  4  14  5  23  6  35  7  44  8  49  9  37  10  10  11  44  12  50  13  25  14  2  15  17  16  86  17  35  18  54  19  81
  0  22  1  81  2  80  3  11  4  59  5  54  6  89  7  56  8  85  9  51  10  37  11  66  12  5  13  14  14  54  15  89  16  39  17  49  18  21  19  49
  0  34  1  48  2  47  3  28  4  20  5  61  6  2  7  25  8  82  9  80  10  94  11  48  12  67  13  29  14  7  15  60  16  23  17  76  18  17  19  5
  0  35  1  16  2  69  3  57  4  34  5  78  6  1  7  2  8  60  9  64  10  82  11  16  12  21  13  24  14  85  15  3  16  87  17  21  18  55  19  32
  0  95  1  41  2  48  3  57  4  58  5  55  6  81  7  23  8  13  9  29  10  92  11  81  12  44  13  49  14  8  15  89  16  63  17  14  18  58  19  47
  0  42  1  78  2  15  3  98  4  19  5  94  6  17  7  15  8  29  9  61  10  2  11  12  12  39  13  65  14  91  15  97  16  67  17  6  18  73  19  32
  0  33  1  15  2  73  3  52  4  68  5  21  6  38  7  91  8  73  9  16  10  43  11  2  12  14  13  23  14  13  15  60  16  74  17  87  18  8  19  94
  0  32  1  15  2  29  3  97  4  13  5  47  6  33  7  86  8  29  9  48  10  53  11  29  12  24  13  35  14  90  15  61  16  78  17  71  18  1  19  50
  0  37  1  26  2  3  3  79  4  68  5  51  6  71  7  69  8  74  9  23  10  6  11  56  12  98  13  80  14  78  15  80  16  8  17  24  18  6  19  78
  0  43  1  70  2  93  3  61  4  68  5  81  6  51  7  40  8  60  9  12  10  87  11  10  12  13  13  32  14  7  15  22  16  62  17  33  18  89  19  5
  0  46  1  19  2  31  3  94  4  47  5  31  6  42  7  9  8  4  9  82  10  68  11  56  12  75  13  77  14  67  15  87  16  86  17  44  18  43  19  98
  0  11  1  22  2  41  3  72  4  49  5  65  6  52  7  7  8  17  9  63  10  67  11  52  12  53  13  86  14  81  15  89  16  7  17  6  18  63  19  87
  0  69  1  50  2  8  3  41  4  52  5  97  6  51  7  69  8  37  9  9  10  25  11  34  12  44  13  54  14  56  15  99  16  84  17  3  18  65  19  43
  0  17  1  53  2  5  3  4  4  1  5  33  6  33  7  1  8  23  9  17  10  37  11  82  12  60  13  5  14  36  15  81  16  65  17  80  18  22  19  81
  0  19  1  55  2  36  3  23  4  86  5  31  6  79  7  8  8  47  9  68  10  96  11  74  12  12  13  35  14  6  15  61  16  30  17  63  18  36  19  73
  0  55  1  47  2  11  3  14  4  25  5  63  6  92  7  62  8  72  9  92  10  57  11  3  12  70  13  58  14  91  15  27  16  78  17  43  18  7  19  72
  0  51  1  29  2  23  3  74  4  14  5  64  6  73  7  34  8  25  9  72  10  19  11  35  12  75  13  47  14  83  15  61  16  98  17  94  18  43  19  99
  0  93  1  22  2  38  3  21  4  67  5  88  6  82  7  89  8  76  9  53  10  89  11  29  12  4  13  98  14  49  15  52  16  2  17  13  18  15  19  38
  0  6  1  56  2  86  3  94  4  70  5  41  6  4  7  63  8  6  9  8  10  79  11  43  12  12  13  79  14  45  15  32  16  26  17  13  18  75  19  35
  0  48  1  94  2  27  3  66  4  96  5  35  6  6  7  47  8  16  9  76  10  37  11  97  12  33  13  3  14  20  15  45  16  42  17  21  18  74  19  15
  0  60  1  59  2  23  3  74  4  75  5  92  6  62  7  40  8  1  9  92  10  16  11  75  12  76  13  69  14  71  15  35  16  16  17  43  18  49  19  34
  0  61  1  67  2  48  3  46  4  7  5  95  6  75  7  63  8  6  9  49  10  47  11  69  12  64  13  51  14  16  15  9  16  98  17  11  18  73  19  55
  0  84  1  84  2  24  3  1  4  59  5  51  6  28  7  42  8  32  9  71  10  63  11  20  12  9  13  22  14  59  15  23  16  63  17  14  18  88  19  6
  0  89  1  61  2  28  3  36  4  11  5  31  6  32  7  94  8  56  9  5  10  66  11  96  12  12  13  39  14  97  15  86  16  9  17  83  18  50  19  52
  0  7  1  16  2  59  3  41  4  89  5  93  6  83  7  76  8  82  9  33  10  69  11  14  12  37  13  58  14  73  15  85  16  79  17  89  18  70  19  12
  0  88  1  64  2  27  3  91  4  54  5  6  6  11  7  89  8  48  9  80  10  47  11  88  12  90  13  14  14  73  15  72  16  4  17  58  18  33  19  62
  0  78  1  23  2  6  3  13  4  7  5  16  6  89  7  43  8  42  9  65  10  55  11  74  12  2  13  99  14  47  15  74  16  22  17  26  18  14  19  51
  0  18  1  26  2  76  3  30  4  24  5  53  6  70  7  18  8  12  9  12  10  23  11  44  12  9  13  48  14  61  15  9  16  68  17  78  18  37  19  93
  0  56  1  40  2  38  3  27  4  63  5  41  6  16  7  88  8  66  9  37  10  34  11  93  12  71  13  74  14  48  15  15  16  34  17  62  18  38  19  15
  0  38  1  70  2  71  3  93  4  67  5  70  6  75  7  90  8  9  9  61  10  27  11  78  12  70  13  43  14  98  15  51  16  7  17  40  18  26  19  83
  0  75  1  73  2  75  3  24  4  75  5  52  6  25  7  41  8  39  9  18  10  94  11  34  12  74  13  68  14  96  15  89  16  87  17  44  18  67  19  31
  0  26  1  47  2  21  3  98  4  22  5  48  6  40  7  56  8  28  9  67  10  73  11  18  12  77  13  63  14  18  15  30  16  13  17  52  18  18  19  60
  0  46  1  42  2  82  3  77  4  73  5  64  6  17  7  20  8  42  9  21  10  28  11  86  12  35  13  93  14  33  15  12  16  36  17  73  18  95  19  88
  0  87  1  16  2  51  3  57  4  41  5  31  6  19  7  83  8  78  9  41  10  93  11  86  12  51  13  99  14  72  15  83  16  53  17  34  18  55  19  77
  0  43  1  48  2  29  3  93  4  62  5  25  6  30  7  33  8  30  9  82  10  22  11  26  12  11  13  96  14  58  15  75  16  71  17  93  18  11  19  40
  0  81  1  54  2  68  3  86  4  38  5  3  6  59  7  19  8  96  9  74  10  34  11  67  12  42  13  67  14  17  15  73  16  50  17  37  18  28  19  35
  0  8  1  84  2  4  3  76  4  87  5  42  6  92  7  54  8  13  9  68  10  4  11  35  12  46  13  98  14  10  15  89  16  81  17  10  18  67  19  86
  0  48  1  3  2  77  3  97  4  27  5  16  6  15  7  30  8  54  9  97  10  95  11  50  12  61  13  36  14  52  15  85  16  69  17  5  18  56  19  83
  0  52  1  64  2  84  3  90  4  10  5  49  6  38  7  80  8  44  9  21  10  44  11  21  12  18  13  58  14  13  15  89  16  29  17  25  18  23  19  49
  0  44  1  42  2  54  3  67  4  74  5  36  6  6  7  28  8  74  9  57  10  49  11  59  12  12  13  84  14  16  15  8  16  25  17  54  18  23  19  1
  0  78  1  85  2  67  3  89  4  81  5  97  6  67  7  66  8  15  9  24  10  17  11  2  12  4  13  76  14  74  15  33  16  18  17  29  18  27  19  12
  0  83  1  93  2  75  3  86  4  54  5  32  6  38  7  72  8  57  9  30  10  87  11  53  12  25  13  96  14  39  15  91  16  75  17  99  18  70  19  63
  0  91  1  34  2  49  3  38  4  32  5  80  6  80  7  52  8  53  9  7  10  9  11  80  12  42  13  26  14  40  15  79  16  80  17  2  18  67  19  54
  0  86  1  63  2  7  3  94  4  15  5  91  6  87  7  60  8  4  9  62  10  52  11  23  12  7  13  75  14  51  15  93  16  39  17  98  18  47  19  86
  0  29  1  6  2  67  3  7  4  59  5  89  6  50  7  58  8  33  9  84  10  95  11  4  12  8  13  13  14  6  15  42  16  65  17  54  18  70  19  61
  0  31  1  6  2  46  3  93  4  44  5  61  6  27  7  85  8  53  9  51  10  2  11  57  12  85  13  6  14  46  15  98  16  8  17  38  18  14  19  50
  0  89  1  66  2  93  3  55  4  27  5  6  6  62  7  70  8  86  9  14  10  67  11  94  12  87  13  68  14  85  15  32  16  29  17  1  18  60  19  16
  0  13  1  25  2  20  3  41  4  49  5  34  6  17  7  95  8  25  9  46  10  41  11  92  12  71  13  29  14  5  15  26  16  68  17  40  18  5  19  11
  0  75  1  44  2  88  3  89  4  69  5  10  6  6  7  6  8  24  9  97  10  10  11  67  12  72  13  79  14  34  15  75  16  37  17  62  18  76  19  71
  0  14  1  8  2  42  3  30  4  34  5  50  6  54  7  15  8  66  9  85  10  14  11  52  12  18  13  66  14  69  15  12  16  34  17  11  18  44  19  85
  0  32  1  52  2  11  3  6  4  1  5  42  6  25  7  52  8  56  9  9  10  47  11  30  12  38  13  38  14  31  15  14  16  75  17  2  18  39  19  5
  0  73  1  81  2  22  3  44  4  89  5  43  6  71  7  58  8  4  9  71  10  40  11  52  12  93  13  58  14  77  15  79  16  79  17  12  18  24  19  25
  0  1  1  35  2  80  3  11  4  28  5  73  6  21  7  3  8  31  9  51  10  36  11  61  12  51  13  35  14  12  15  90  16  56  17  85  18  83  19  57
  0  66  1  11  2  32  3  96  4  90  5  8  6  96  7  21  8  5  9  59  10  17  11  2  12  54  13  49  14  52  15  85  16  77  17  69  18  30  19  65
  0  77  1  62  2  97  3  33  4  80  5  27  6  19  7  55  8  69  9  50  10  20  11  73  12  70  13  71  14  63  15  13  16  42  17  84  18  34  19  45
  0  88  1  24  2  38  3  50  4  90  5  4  6  67  7  57  8  44  9  1  10  73  11  77  12  27  13  91  14  51  15  50  16  53  17  7  18  30  19  59
  0  72  1  36  2  23  3  1  4  33  5  14  6  77  7  6  8  7  9  70  10  33  11  49  12  54  13  15  14  76  15  94  16  72  17  98  18  54  19  63
  0  50  1  64  2  71  3  21  4  34  5  94  6  2  7  27  8  74  9  94  10  83  11  80  12  98  13  90  14  60  15  68  16  31  17  20  18  19  19  88
  0  82  1  42  2  10  3  14  4  41  5  14  6  71  7  19  8  50  9  76  10  69  11  72  12  79  13  77  14  45  15  87  16  91  17  19  18  33  19  59
  0  67  1  81  2  69  3  57  4  66  5  5  6  27  7  37  8  9  9  90  10  33  11  79  12  7  13  70  14  62  15  1  16  1  17  69  18  12  19  62
  0  64  1  27  2  95  3  89  4  84  5  77  6  16  7  75  8  29  9  9  10  2  11  28  12  63  13  28  14  29  15  83  16  87  17  15  18  44  19  99
  0  72  1  48  2  69  3  7  4  53  5  23  6  60  7  56  8  99  9  5  10  41  11  24  12  45  13  83  14  44  15  47  16  77  17  20  18  8  19  92
  0  17  1  4  2  43  3  93  4  14  5  65  6  55  7  11  8  59  9  4  10  60  11  84  12  92  13  36  14  76  15  7  16  39  17  60  18  52  19  10
  0  20  1  10  2  53  3  59  4  9  5  27  6  49  7  15  8  37  9  83  10  46  11  51  12  66  13  39  14  70  15  3  16  81  17  93  18  91  19  49
  0  71  1  98  2  48  3  51  4  5  5  16  6  6  7  22  8  17  9  41  10  62  11  71  12  55  13  46  14  92  15  83  16  65  17  81  18  73  19  92
  0  6  1  66  2  58  3  75  4  25  5  44  6  68  7  82  8  41  9  86  10  36  11  67  12  98  13  72  14  11  15  90  16  9  17  71  18  11  19  3
  0  81  1  19  2  93  3  37  4  16  5  46  6  56  7  68  8  10  9  19  10  8  11  16  12  88  13  85  14  72  15  94  16  80  17  46  18  5  19  43
  0  85  1  84  2  35  3  90  4  10  5  42  6  74  7  29  8  66  9  5  10  45  11  10  12  62  13  39  14  23  15  82  16  23  17  11  18  93  19  42
  0  29  1  53  2  67  3  49  4  56  5  80  6  19  7  46  8  58  9  63  10  20  11  79  12  18  13  1  14  87  15  3  16  58  17  72  18  92  19  24
  0  6  1  41  2  65  3  8  4  33  5  48  6  6  7  68  8  15  9  15  10  3  11  92  12  95  13  46  14  93  15  93  16  43  17  11  18  29  19  75
  0  27  1  13  2  30  3  66  4  59  5  18  6  45  7  44  8  88  9  70  10  47  11  65  12  19  13  24  14  27  15  73  16  3  17  82  18  71  19  37
  0  42  1  98  2  37  3  66  4  75  5  4  6  57  7  79  8  48  9  53  10  37  11  37  12  88  13  7  14  31  15  63  16  42  17  88  18  10  19  16
  0  34  1  91  2  45  3  78  4  59  5  18  6  91  7  87  8  20  9  77  10  29  11  15  12  69  13  77  14  98  15  65  16  21  17  78  18  51  19  73
  0  33  1  10  2  75  3  92  4  87  5  51  6  93  7  14  8  13  9  36  10  35  11  73  12  17  13  34  14  21  15  19  16  47  17  7  18  17  19  41
  0  74  1  62  2  61  3  9  4  76  5  33  6  43  7  51  8  73  9  65  10  99  11  73  12  24  13  97  14  82  15  10  16  8  17  47  18  65  19  40
  0  33  1  54  2  28  3  32  4  49  5  42  6  33  7  75  8  66  9  95  10  67  11  31  12  93  13  60  14  31  15  11  16  57  17  20  18  75  19  41
  0  63  1  9  2  51  3  8  4  12  5  59  6  95  7  65  8  70  9  93  10  69  11  51  12  77  13  7  14  43  15  63  16  31  17  8  18  69  19  70
  0  64  1  11  2  6  3  64  4  43  5  93  6  73  7  94  8  18  9  62  10  54  11  13  12  12  13  94  14  79  15  42  16  50  17  54  18  53  19  45
  0  36  1  82  2  7  3  38  4  37  5  28  6  90  7  99  8  52  9  63  10  43  11  58  12  53  13  96  14  97  15  54  16  29  17  75  18  3  19  17
  0  79  1  54  2  88  3  1  4  28  5  57  6  87  7  72  8  60  9  62  10  97  11  41  12  6  13  2  14  55  15  72  16  14  17  22  18  30  19  28
  0  90  1  91  2  95  3  27  4  8  5  19  6  9  7  22  8  95  9  18  10  11  11  18  12  78  13  60  14  39  15  95  16  9  17  73  18  3  19  26
  0  22  1  86  2  71  3  54  4  19  5  34  6  67  7  11  8  26  9  64  10  73  11  93  12  14  13  18  14  91  15  97  16  67  17  64  18  9  19  97
  0  28  1  26  2  63  3  19  4  64  5  16  6  20  7  49  8  42  9  67  10  81  11  67  12  83  13  46  14  18  15  91  16  52  17  58  18  74  19  91
  0  5  1  99  2  84  3  2  4  79  5  12  6  26  7  23  8  37  9  39  10  66  11  17  12  46  13  1  14  5  15  26  16  1  17  26  18  92  19  68
  0  5  1  7  2  4  3  88  4  56  5  83  6  83  7  69  8  25  9  49  10  82  11  37  12  94  13  44  14  77  15  14  16  33  17  91  18  17  19  88
  0  83  1  70  2  54  3  25  4  14  5  40  6  54  7  27  8  63  9  66  10  74  11  19  12  61  13  8  14  78  15  19  16  14  17  61  18  15  19  12
  0  91  1  74  2  75  3  52  4  57  5  82  6  18  7  49  8  10  9  19  10  11  11  14  12  39  13  5  14  45  15  75  16  32  17  34  18  9  19  93
  0  47  1  82  2  32  3  24  4  66  5  28  6  39  7  18  8  95  9  60  10  61  11  50  12  48  13  99  14  13  15  23  16  65  17  71  18  25  19  85
  0  32  1  99  2  81  3  51  4  1  5  11  6  12  7  28  8  39  9  71  10  41  11  77  12  55  13  91  14  84  15  65  16  63  17  73  18  47  19  78
  0  4  1  84  2  72  3  24  4  30  5  84  6  32  7  21  8  7  9  38  10  68  11  56  12  15  13  86  14  28  15  83  16  27  17  74  18  33  19  51
  0  16  1  33  2  2  3  17  4  8  5  79  6  2  7  80  8  84  9  92  10  91  11  28  12  8  13  56  14  1  15  80  16  9  17  83  18  44  19  96
  0  83  1  77  2  68  3  56  4  58  5  78  6  75  7  29  8  43  9  6  10  85  11  21  12  79  13  97  14  18  15  30  16  40  17  3  18  6  19  67
  0  52  1  82  2  84  3  23  4  36  5  19  6  99  7  75  8  98  9  48  10  41  11  88  12  11  13  57  14  98  15  35  16  55  17  17  18  78  19  37
  0  36  1  31  2  48  3  21  4  86  5  38  6  90  7  19  8  98  9  89  10  70  11  81  12  75  13  82  14  68  15  56  16  85  17  36  18  25  19  70
  0  51  1  23  2  88  3  13  4  20  5  16  6  81  7  2  8  84  9  91  10  14  11  92  12  59  13  1  14  3  15  43  16  35  17  23  18  1  19  69
  0  47  1  37  2  20  3  33  4  56  5  79  6  10  7  52  8  15  9  90  10  32  11  36  12  56  13  49  14  28  15  71  16  54  17  60  18  94  19  23
  0  16  1  34  2  87  3  9  4  29  5  82  6  30  7  87  8  58  9  17  10  3  11  49  12  59  13  13  14  31  15  94  16  81  17  5  18  4  19  67
  0  47  1  87  2  79  3  51  4  45  5  64  6  80  7  49  8  70  9  67  10  64  11  22  12  8  13  26  14  34  15  36  16  25  17  66  18  16  19  61
  0  31  1  76  2  31  3  8  4  27  5  55  6  33  7  92  8  30  9  34  10  69  11  92  12  70  13  51  14  27  15  3  16  84  17  98  18  40  19  13
  0  43  1  86  2  70  3  80  4  8  5  88  6  9  7  55  8  91  9  61  10  44  11  79  12  67  13  58  14  94  15  79  16  53  17  72  18  4  19  13
  0  68  1  89  2  54  3  50  4  36  5  26  6  37  7  83  8  83  9  80  10  80  11  12  12  57  13  37  14  42  15  40  16  51  17  94  18  99  19  80
  0  38  1  98  2  4  3  65  4  19  5  10  6  77  7  79  8  57  9  43  10  75  11  1  12  52  13  39  14  32  15  95  16  59  17  77  18  70  19  96
  0  88  1  30  2  50  3  78  4  13  5  7  6  62  7  96  8  64  9  56  10  18  11  59  12  36  13  27  14  81  15  48  16  78  17  78  18  44  19  7
  0  71  1  17  2  30  3  56  4  26  5  94  6  3  7  18  8  20  9  91  10  93  11  51  12  87  13  67  14  75  15  29  16  24  17  54  18  64  19  6
  0  62  1  36  2  2  3  70  4  22  5  18  6  69  7  69  8  74  9  4  10  31  11  45  12  42  13  12  14  4  15  39  16  26  17  14  18  92  19  37
  0  60  1  72  2  71  3  65  4  3  5  5  6  57  7  60  8  21  9  11  10  33  11  81  12  47  13  37  14  16  15  27  16  97  17  61  18  57  19  72
  0  78  1  20  2  56  3  56  4  28  5  19  6  80  7  66  8  73  9  1  10  57  11  9  12  90  13  47  14  71  15  63  16  99  17  49  18  76  19  55
  0  44  1  74  2  6  3  94  4  13  5  12  6  52  7  75  8  28  9  69  10  40  11  14  12  98  13  59  14  10  15  89  16  6  17  98  18  98  19  13
  0  80  1  4  2  73  3  18  4  80  5  62  6  63  7  78  8  82  9  5  10  85  11  75  12  51  13  17  14  70  15  74  16  41  17  56  18  29  19  92
  0  40  1  73  2  12  3  54  4  81  5  47  6  61  7  74  8  63  9  79  10  47  11  12  12  49  13  15  14  50  15  86  16  66  17  83  18  18  19  52
  0  91  1  71  2  18  3  68  4  13  5  77  6  66  7  6  8  2  9  11  10  90  11  89  12  28  13  25  14  69  15  64  16  16  17  6  18  54  19  25
  0  3  1  63  2  67  3  53  4  70  5  75  6  19  7  64  8  48  9  98  10  7  11  34  12  10  13  42  14  81  15  64  16  13  17  67  18  86  19  35
  0  55  1  63  2  9  3  12  4  48  5  95  6  11  7  22  8  26  9  52  10  13  11  35  12  41  13  21  14  50  15  86  16  22  17  69  18  39  19  39
  0  90  1  14  2  4  3  78  4  56  5  7  6  61  7  74  8  50  9  68  10  71  11  64  12  50  13  46  14  81  15  34  16  22  17  78  18  36  19  12
  0  77  1  96  2  33  3  84  4  9  5  93  6  40  7  17  8  73  9  25  10  97  11  28  12  21  13  58  14  84  15  52  16  91  17  50  18  20  19  94
  0  38  1  31  2  18  3  52  4  25  5  35  6  33  7  67  8  35  9  85  10  45  11  27  12  74  13  49  14  91  15  35  16  51  17  91  18  33  19  8
  0  81  1  19  2  8  3  81  4  31  5  78  6  26  7  26  8  14  9  52  10  93  11  3  12  3  13  77  14  71  15  18  16  7  17  54  18  14  19  53
  0  35  1  51  2  41  3  69  4  59  5  11  6  38  7  30  8  28  9  98  10  73  11  82  12  93  13  70  14  7  15  83  16  77  17  43  18  7  19  79
  0  61  1  89  2  97  3  58  4  86  5  98  6  28  7  37  8  11  9  70  10  2  11  66  12  35  13  28  14  30  15  48  16  15  17  80  18  1  19  97
  0  10  1  66  2  62  3  20  4  45  5  46  6  62  7  51  8  79  9  40  10  7  11  2  12  9  13  31  14  24  15  6  16  42  17  59  18  39  19  42
  0  43  1  98  2  1  3  16  4  15  5  89  6  15  7  78  8  62  9  52  10  85  11  47  12  85  13  18  14  49  15  57  16  60  17  56  18  65  19  34
  0  23  1  80  2  8  3  88  4  73  5  44  6  40  7  70  8  40  9  89  10  5  11  26  12  97  13  95  14  41  15  42  16  13  17  30  18  6  19  86
  0  61  1  13  2  71  3  71  4  55  5  44  6  34  7  90  8  53  9  57  10  36  11  13  12  55  13  90  14  92  15  42  16  10  17  88  18  89  19  63
  0  64  1  92  2  76  3  37  4  58  5  67  6  81  7  18  8  36  9  63  10  9  11  4  12  12  13  47  14  18  15  46  16  34  17  9  18  72  19  71
  0  26  1  51  2  20  3  3  4  89  5  21  6  46  7  74  8  12  9  23  10  93  11  75  12  10  13  44  14  59  15  82  16  95  17  61  18  4  19  51
  0  52  1  25  2  37  3  71  4  51  5  35  6  58  7  29  8  52  9  47  10  66  11  13  12  72  13  84  14  87  15  53  16  2  17  42  18  55  19  4
  0  12  1  98  2  50  3  80  4  88  5  85  6  8  7  27  8  72  9  72  10  20  11  79  12  97  13  68  14  2  15  36  16  58  17  50  18  3  19  62
  0  52  1  61  2  74  3  81  4  71  5  50  6  39  7  44  8  31  9  43  10  7  11  58  12  82  13  62  14  33  15  37  16  27  17  31  18  29  19  92
  0  40  1  41  2  66  3  75  4  67  5  70  6  17  7  54  8  48  9  63  10  39  11  68  12  91  13  25  14  3  15  5  16  93  17  84  18  99  19  87
  0  84  1  35  2  91  3  72  4  34  5  57  6  91  7  85  8  63  9  65  10  82  11  60  12  36  13  52  14  6  15  44  16  24  17  26  18  96  19  89
  0  77  1  40  2  31  3  55  4  41  5  83  6  12  7  67  8  98  9  70  10  20  11  31  12  29  13  48  14  99  15  87  16  17  17  21  18  55  19  49
  0  51  1  42  2  77  3  68  4  89  5  36  6  29  7  23  8  92  9  50  10  59  11  14  12  40  13  40  14  20  15  12  16  87  17  51  18  11  19  11
  0  34  1  37  2  78  3  54  4  97  5  34  6  23  7  55  8  21  9  87  10  26  11  33  12  58  13  87  14  76  15  13  16  20  17  69  18  53  19  82
  0  64  1  79  2  21  3  6  4  70  5  20  6  21  7  12  8  29  9  14  10  64  11  35  12  38  13  57  14  80  15  67  16  88  17  63  18  57  19  33
  0  73  1  84  2  85  3  27  4  65  5  95  6  91  7  47  8  31  9  72  10  20  11  27  12  91  13  71  14  4  15  52  16  40  17  31  18  29  19  9
  0  79  1  25  2  86  3  97  4  35  5  50  6  57  7  16  8  60  9  27  10  97  11  87  12  42  13  36  14  88  15  3  16  69  17  33  18  88  19  83
  0  21  1  12  2  99  3  89  4  91  5  3  6  29  7  48  8  62  9  19  10  15  11  41  12  66  13  12  14  41  15  16  16  42  17  80  18  67  19  76
  0  39  1  39  2  40  3  91  4  33  5  61  6  70  7  14  8  78  9  34  10  83  11  90  12  73  13  99  14  88  15  42  16  49  17  68  18  18  19  96
  0  86  1  26  2  23  3  31  4  32  5  69  6  46  7  60  8  62  9  56  10  94  11  61  12  13  13  30  14  85  15  28  16  92  17  74  18  39  19  97
  0  18  1  6  2  44  3  96  4  63  5  92  6  10  7  85  8  7  9  88  10  96  11  8  12  4  13  88  14  78  15  80  16  32  17  64  18  70  19  64
  0  89  1  32  2  50  3  12  4  36  5  53  6  32  7  84  8  4  9  86  10  83  11  74  12  24  13  24  14  89  15  86  16  52  17  93  18  13  19  53
  0  77  1  98  2  91  3  1  4  43  5  41  6  80  7  76  8  36  9  34  10  34  11  16  12  7  13  10  14  72  15  5  16  25  17  81  18  83  19  59
  0  90  1  1  2  65  3  48  4  49  5  36  6  92  7  3  8  93  9  49  10  73  11  14  12  33  13  58  14  29  15  99  16  71  17  9  18  5  19  88
  0  27  1  83  2  10  3  62  4  85  5  33  6  25  7  48  8  61  9  8  10  43  11  58  12  16  13  20  14  24  15  3  16  59  17  58  18  74  19  46
  0  28  1  53  2  93  3  66  4  14  5  46  6  39  7  40  8  96  9  17  10  5  11  68  12  5  13  91  14  20  15  8  16  85  17  92  18  98  19  84
  0  88  1  46  2  15  3  92  4  80  5  37  6  76  7  7  8  35  9  79  10  10  11  74  12  84  13  44  14  4  15  45  16  20  17  59  18  52  19  64
  0  65  1  83  2  11  3  51  4  80  5  5  6  40  7  15  8  57  9  26  10  11  11  87  12  19  13  30  14  7  15  82  16  27  17  45  18  15  19  14
  0  69  1  55  2  25  3  6  4  84  5  5  6  57  7  15  8  19  9  17  10  2  11  20  12  62  13  21  14  28  15  55  16  79  17  41  18  95  19  5
  0  40  1  13  2  6  3  64  4  23  5  13  6  26  7  59  8  33  9  31  10  9  11  55  12  71  13  15  14  95  15  14  16  34  17  65  18  39  19  74
  0  41  1  59  2  22  3  65  4  11  5  39  6  38  7  79  8  42  9  89  10  67  11  53  12  60  13  80  14  54  15  54  16  39  17  70  18  82  19  56
  0  19  1  74  2  5  3  49  4  62  5  56  6  52  7  29  8  32  9  98  10  56  11  54  12  80  13  46  14  46  15  66  16  76  17  43  18  3  19  9
  0  24  1  7  2  81  3  98  4  35  5  1  6  52  7  32  8  69  9  96  10  87  11  19  12  42  13  53  14  24  15  95  16  79  17  48  18  74  19  43
  0  65  1  26  2  44  3  21  4  95  5  56  6  13  7  95  8  59  9  31  10  55  11  9  12  91  13  24  14  23  15  34  16  71  17  90  18  24  19  2
  0  78  1  7  2  54  3  99  4  98  5  40  6  66  7  76  8  71  9  30  10  93  11  3  12  7  13  11  14  65  15  69  16  9  17  90  18  61  19  33
  0  3  1  98  2  9  3  28  4  28  5  38  6  21  7  10  8  64  9  14  10  20  11  2  12  95  13  36  14  97  15  57  16  27  17  2  18  7  19  57
  0  4  1  10  2  95  3  13  4  24  5  63  6  9  7  30  8  8  9  69  10  31  11  67  12  86  13  37  14  52  15  98  16  29  17  19  18  62  19  36
  0  96  1  76  2  17  3  4  4  16  5  40  6  32  7  59  8  99  9  3  10  97  11  87  12  55  13  67  14  14  15  37  16  68  17  39  18  87  19  65
  0  42  1  34  2  63  3  95  4  30  5  30  6  51  7  35  8  6  9  7  10  81  11  79  12  42  13  32  14  17  15  12  16  96  17  95  18  76  19  80
  0  32  1  99  2  68  3  95  4  18  5  53  6  35  7  97  8  83  9  40  10  45  11  70  12  26  13  45  14  3  15  23  16  91  17  59  18  48  19  35
  0  83  1  11  2  67  3  66  4  63  5  79  6  51  7  63  8  58  9  98  10  49  11  6  12  76  13  46  14  24  15  97  16  96  17  86  18  97  19  71
  0  1  1  12  2  49  3  75  4  40  5  84  6  93  7  59  8  70  9  2  10  60  11  78  12  98  13  12  14  58  15  77  16  11  17  63  18  76  19  27
  0  87  1  65  2  72  3  25  4  26  5  92  6  45  7  89  8  15  9  59  10  91  11  95  12  42  13  45  14  93  15  39  16  26  17  54  18  81  19  26
  0  3  1  28  2  83  3  29  4  6  5  61  6  44  7  55  8  25  9  71  10  74  11  5  12  35  13  33  14  66  15  36  16  12  17  81  18  90  19  50
  0  6  1  31  2  59  3  66  4  16  5  77  6  99  7  56  8  90  9  75  10  16  11  50  12  63  13  6  14  89  15  31  16  70  17  78  18  68  19  96
  0  36  1  39  2  55  3  34  4  14  5  59  6  56  7  47  8  5  9  53  10  96  11  42  12  18  13  33  14  91  15  34  16  22  17  90  18  17  19  54
  0  6  1  90  2  45  3  67  4  68  5  95  6  26  7  15  8  73  9  56  10  24  11  58  12  62  13  45  14  54  15  80  16  2  17  21  18  66  19  72
  0  14  1  42  2  74  3  11  4  15  5  66  6  35  7  9  8  47  9  12  10  19  11  91  12  6  13  64  14  22  15  21  16  71  17  57  18  19  19  90
  0  11  1  55  2  57  3  54  4  10  5  15  6  36  7  47  8  41  9  17  10  25  11  33  12  87  13  79  14  10  15  83  16  72  17  4  18  84  19  60
  0  69  1  14  2  6  3  61  4  89  5  77  6  97  7  61  8  65  9  41  10  68  11  54  12  89  13  7  14  63  15  57  16  76  17  19  18  88  19  66
  0  38  1  64  2  59  3  59  4  13  5  88  6  70  7  71  8  81  9  86  10  87  11  12  12  55  13  15  14  5  15  87  16  21  17  34  18  27  19  49
  0  82  1  96  2  52  3  80  4  35  5  15  6  91  7  94  8  48  9  73  10  27  11  6  12  63  13  2  14  1  15  89  16  17  17  92  18  95  19  68
  0  48  1  28  2  44  3  49  4  59  5  77  6  72  7  29  8  27  9  58  10  65  11  49  12  93  13  67  14  26  15  32  16  81  17  50  18  42  19  56
  0  98  1  38  2  95  3  63  4  51  5  88  6  79  7  70  8  66  9  6  10  4  11  49  12  91  13  9  14  5  15  12  16  25  17  12  18  86  19  76
  0  98  1  93  2  70  3  38  4  10  5  91  6  21  7  49  8  81  9  56  10  66  11  86  12  91  13  20  14  61  15  72  16  98  17  4  18  30  19  53
  0  65  1  39  2  89  3  74  4  43  5  83  6  71  7  99  8  87  9  70  10  56  11  54  12  91  13  4  14  3  15  96  16  80  17  4  18  43  19  58
  0  1  1  46  2  67  3  87  4  81  5  71  6  21  7  96  8  69  9  47  10  85  11  99  12  56  13  2  14  23  15  85  16  51  17  75  18  98  19  70
  0  67  1  53  2  15  3  17  4  25  5  75  6  20  7  15  8  92  9  32  10  77  11  67  12  17  13  3  14  99  15  22  16  8  17  87  18  96  19  36
  0  89  1  38  2  84  3  80  4  25  5  93  6  52  7  7  8  77  9  77  10  90  11  38  12  76  13  5  14  22  15  54  16  82  17  11  18  86  19  91
  0  74  1  3  2  85  3  68  4  24  5  81  6  70  7  7  8  4  9  13  10  36  11  19  12  49  13  16  14  62  15  70  16  90  17  13  18  1  19  47
  0  95  1  53  2  7  3  75  4  17  5  15  6  65  7  89  8  11  9  38  10  65  11  33  12  92  13  34  14  3  15  35  16  29  17  5  18  36  19  20
  0  87  1  32  2  15  3  10  4  4  5  43  6  60  7  56  8  15  9  51  10  69  11  94  12  96  13  38  14  53  15  13  16  75  17  19  18  58  19  76
  0  24  1  99  2  21  3  51  4  52  5  42  6  45  7  24  8  54  9  67  10  6  11  94  12  69  13  80  14  34  15  5  16  71  17  97  18  20  19  29
  0  99  1  97  2  35  3  25  4  83  5  36  6  90  7  38  8  32  9  96  10  40  11  3  12  94  13  63  14  21  15  68  16  98  17  38  18  2  19  74
  0  34  1  34  2  42  3  23  4  47  5  35  6  24  7  33  8  34  9  82  10  81  11  88  12  81  13  35  14  52  15  92  16  72  17  21  18  32  19  97
  0  55  1  74  2  78  3  88  4  64  5  16  6  34  7  15  8  15  9  27  10  40  11  10  12  19  13  40  14  57  15  55  16  7  17  20  18  37  19  56
  0  40  1  19  2  90  3  45  4  41  5  41  6  50  7  37  8  96  9  40  10  39  11  95  12  1  13  24  14  65  15  88  16  37  17  61  18  29  19  26
  0  24  1  10  2  3  3  34  4  71  5  90  6  14  7  99  8  27  9  3  10  56  11  69  12  99  13  47  14  92  15  13  16  93  17  90  18  37  19  79
  0  1  1  7  2  28  3  93  4  14  5  60  6  22  7  86  8  79  9  29  10  78  11  47  12  87  13  84  14  11  15  36  16  70  17  61  18  29  19  22
  0  71  1  98  2  89  3  99  4  86  5  31  6  35  7  17  8  96  9  53  10  94  11  24  12  44  13  9  14  64  15  11  16  31  17  46  18  93  19  4
  0  25  1  64  2  54  3  31  4  7  5  41  6  61  7  86  8  6  9  98  10  69  11  44  12  94  13  67  14  70  15  7  16  41  17  51  18  65  19  87
  0  45  1  92  2  83  3  58  4  2  5  99  6  65  7  25  8  74  9  88  10  53  11  90  12  68  13  36  14  31  15  38  16  21  17  68  18  26  19  38
  0  84  1  18  2  53  3  48  4  40  5  13  6  61  7  84  8  66  9  11  10  36  11  64  12  73  13  68  14  40  15  53  16  60  17  9  18  3  19  70
  0  58  1  40  2  99  3  32  4  69  5  31  6  86  7  38  8  10  9  48  10  56  11  29  12  27  13  5  14  51  15  73  16  41  17  84  18  49  19  59
  0  28  1  33  2  98  3  95  4  55  5  37  6  78  7  60  8  22  9  31  10  95  11  40  12  84  13  97  14  60  15  44  16  53  17  56  18  96  19  5
  0  90  1  58  2  77  3  77  4  65  5  19  6  84  7  17  8  18  9  79  10  48  11  88  12  58  13  60  14  6  15  35  16  3  17  47  18  86  19  16
  0  3  1  33  2  17  3  85  4  43  5  5  6  85  7  79  8  8  9  43  10  42  11  23  12  22  13  70  14  92  15  85  16  49  17  85  18  28  19  32
  0  82  1  37  2  98  3  64  4  53  5  57  6  12  7  46  8  68  9  45  10  32  11  38  12  33  13  53  14  91  15  14  16  16  17  49  18  57  19  19
  0  84  1  37  2  3  3  85  4  98  5  55  6  81  7  38  8  39  9  2  10  7  11  32  12  33  13  43  14  69  15  12  16  70  17  8  18  75  19  99
  0  43  1  72  2  57  3  29  4  55  5  98  6  94  7  93  8  70  9  66  10  78  11  78  12  1  13  9  14  61  15  90  16  55  17  75  18  1  19  4
  0  13  1  37  2  95  3  86  4  59  5  30  6  54  7  87  8  33  9  14  10  54  11  73  12  55  13  65  14  80  15  71  16  29  17  48  18  54  19  47
  0  66  1  33  2  83  3  8  4  36  5  47  6  2  7  46  8  68  9  89  10  81  11  31  12  58  13  28  14  23  15  25  16  40  17  73  18  71  19  80
  0  30  1  3  2  7  3  54  4  74  5  55  6  98  7  34  8  27  9  49  10  49  11  56  12  50  13  74  14  30  15  86  16  35  17  62  18  10  19  66
  0  50  1  52  2  34  3  56  4  81  5  84  6  70  7  32  8  40  9  95  10  70  11  15  12  12  13  17  14  94  15  37  16  9  17  69  18  84  19  65
  0  34  1  21  2  9  3  62  4  59  5  59  6  3  7  31  8  7  9  83  10  72  11  75  12  52  13  14  14  43  15  92  16  1  17  83  18  66  19  51
  0  16  1  64  2  24  3  46  4  94  5  23  6  81  7  22  8  6  9  30  10  86  11  97  12  50  13  51  14  17  15  62  16  18  17  5  18  15  19  86
  0  24  1  61  2  78  3  5  4  67  5  19  6  72  7  41  8  47  9  75  10  96  11  85  12  14  13  90  14  33  15  62  16  58  17  6  18  32  19  19
  0  50  1  55  2  30  3  48  4  91  5  1  6  5  7  11  8  41  9  68  10  5  11  34  12  22  13  66  14  18  15  91  16  25  17  7  18  59  19  82
  0  67  1  79  2  93  3  92  4  66  5  34  6  23  7  84  8  44  9  71  10  12  11  47  12  67  13  56  14  18  15  13  16  84  17  97  18  59  19  21
  0  32  1  57  2  37  3  85  4  2  5  89  6  82  7  81  8  95  9  15  10  20  11  81  12  22  13  85  14  43  15  90  16  97  17  96  18  47  19  67
  0  62  1  45  2  87  3  30  4  22  5  43  6  28  7  73  8  72  9  42  10  17  11  65  12  84  13  22  14  3  15  87  16  29  17  41  18  65  19  31
  0  88  1  72  2  47  3  85  4  86  5  52  6  83  7  53  8  20  9  28  10  87  11  97  12  83  13  73  14  29  15  2  16  17  17  19  18  17  19  94
  0  13  1  5  2  65  3  71  4  79  5  57  6  21  7  16  8  32  9  53  10  62  11  2  12  49  13  6  14  8  15  25  16  48  17  12  18  4  19  16
  0  34  1  20  2  48  3  93  4  44  5  24  6  8  7  3  8  93  9  81  10  15  11  22  12  74  13  26  14  45  15  27  16  87  17  7  18  35  19  83
  0  4  1  78  2  68  3  62  4  66  5  38  6  48  7  13  8  10  9  63  10  44  11  66  12  30  13  14  14  62  15  10  16  44  17  81  18  94  19  82
  0  36  1  27  2  30  3  84  4  43  5  17  6  47  7  75  8  69  9  56  10  18  11  35  12  99  13  87  14  82  15  90  16  65  17  83  18  89  19  45
  0  88  1  78  2  96  3  53  4  87  5  92  6  91  7  30  8  46  9  55  10  64  11  97  12  61  13  43  14  49  15  96  16  18  17  57  18  15  19  20
  0  73  1  37  2  67  3  45  4  43  5  73  6  5  7  72  8  12  9  57  10  30  11  1  12  15  13  98  14  6  15  84  16  74  17  85  18  20  19  73
  0  80  1  72  2  92  3  11  4  31  5  16  6  33  7  51  8  11  9  99  10  42  11  20  12  37  13  28  14  6  15  24  16  18  17  49  18  36  19  2
  0  8  1  64  2  44  3  40  4  33  5  35  6  66  7  23  8  50  9  69  10  60  11  89  12  36  13  81  14  55  15  96  16  44  17  24  18  20  19  27
  0  48  1  66  2  75  3  92  4  88  5  51  6  86  7  15  8  73  9  47  10  77  11  79  12  98  13  9  14  83  15  8  16  4  17  69  18  25  19  90
  0  59  1  64  2  53  3  63  4  72  5  48  6  31  7  34  8  36  9  44  10  23  11  84  12  72  13  47  14  13  15  16  16  43  17  73  18  85  19  91
  0  23  1  22  2  36  3  13  4  64  5  87  6  77  7  32  8  97  9  54  10  80  11  67  12  38  13  34  14  63  15  12  16  8  17  64  18  1  19  10
  0  84  1  47  2  35  3  67  4  37  5  7  6  2  7  21  8  6  9  10  10  8  11  63  12  43  13  46  14  16  15  21  16  28  17  95  18  28  19  21
  0  4  1  12  2  82  3  90  4  12  5  91  6  83  7  82  8  26  9  36  10  45  11  21  12  6  13  97  14  23  15  2  16  12  17  76  18  45  19  1
  0  71  1  18  2  83  3  69  4  75  5  14  6  24  7  27  8  49  9  21  10  18  11  68  12  22  13  35  14  33  15  55  16  92  17  91  18  32  19  59
  0  76  1  93  2  48  3  70  4  54  5  58  6  32  7  96  8  79  9  59  10  94  11  4  12  22  13  2  14  70  15  85  16  26  17  40  18  70  19  64
  0  26  1  47  2  4  3  50  4  67  5  86  6  84  7  14  8  85  9  38  10  55  11  55  12  71  13  86  14  94  15  70  16  23  17  85  18  82  19  45
  0  38  1  29  2  53  3  37  4  32  5  11  6  52  7  16  8  63  9  58  10  65  11  71  12  98  13  54  14  21  15  24  16  69  17  1  18  42  19  78
  0  80  1  75  2  25  3  20  4  87  5  84  6  69  7  38  8  46  9  32  10  71  11  20  12  97  13  30  14  77  15  65  16  61  17  40  18  38  19  1
  0  21  1  24  2  21  3  97  4  43  5  16  6  79  7  31  8  71  9  80  10  63  11  17  12  60  13  96  14  40  15  34  16  65  17  77  18  62  19  3
  0  94  1  43  2  73  3  80  4  84  5  73  6  74  7  12  8  61  9  29  10  65  11  12  12  96  13  13  14  51  15  98  16  76  17  4  18  65  19  94
  0  30  1  1  2  53  3  56  4  92  5  39  6  25  7  10  8  8  9  76  10  61  11  96  12  80  13  63  14  39  15  66  16  37  17  47  18  2  19  56
  0  70  1  63  2  98  3  54  4  52  5  19  6  70  7  37  8  55  9  81  10  45  11  23  12  18  13  6  14  73  15  80  16  39  17  87  18  32  19  93
  0  85  1  11  2  58  3  63  4  53  5  29  6  95  7  99  8  10  9  3  10  69  11  36  12  18  13  71  14  27  15  65  16  14  17  60  18  96  19  86
  0  72  1  10  2  57  3  5  4  20  5  10  6  33  7  32  8  46  9  67  10  39  11  65  12  31  13  33  14  45  15  54  16  2  17  75  18  46  19  88
  0  68  1  65  2  41  3  49  4  22  5  32  6  67  7  16  8  69  9  71  10  47  11  24  12  62  13  45  14  19  15  13  16  35  17  96  18  96  19  11
  0  51  1  53  2  51  3  36  4  40  5  13  6  17  7  26  8  54  9  29  10  71  11  20  12  96  13  32  14  28  15  48  16  88  17  64  18  63  19  9
  0  74  1  10  2  42  3  37  4  97  5  39  6  25  7  2  8  77  9  24  10  76  11  74  12  80  13  64  14  1  15  50  16  73  17  44  18  68  19  45
  0  78  1  15  2  28  3  67  4  88  5  67  6  95  7  45  8  13  9  36  10  83  11  79  12  46  13  51  14  3  15  21  16  90  17  37  18  44  19  11
  0  74  1  16  2  39  3  38  4  50  5  64  6  44  7  86  8  57  9  36  10  97  11  85  12  80  13  52  14  49  15  83  16  54  17  6  18  60  19  10
  0  81  1  58  2  25  3  98  4  67  5  93  6  52  7  78  8  91  9  82  10  23  11  59  12  67  13  69  14  2  15  75  16  64  17  63  18  67  19  54
  0  79  1  23  2  3  3  28  4  6  5  54  6  45  7  6  8  18  9  55  10  90  11  68  12  67  13  87  14  10  15  66  16  82  17  53  18  16  19  20
  0  90  1  11  2  85  3  51  4  14  5  49  6  32  7  17  8  16  9  15  10  79  11  96  12  93  13  57  14  84  15  63  16  39  17  32  18  2  19  55
  0  16  1  91  2  5  3  7  4  33  5  27  6  87  7  19  8  3  9  69  10  19  11  63  12  17  13  55  14  31  15  74  16  80  17  93  18  52  19  53
  0  86  1  19  2  21  3  89  4  16  5  11  6  44  7  87  8  4  9  90  10  83  11  34  12  2  13  60  14  75  15  68  16  31  17  24  18  36  19  21
  0  2  1  99  2  90  3  35  4  38  5  44  6  37  7  96  8  54  9  8  10  32  11  31  12  50  13  23  14  54  15  43  16  29  17  77  18  86  19  6
  0  61  1  30  2  29  3  28  4  40  5  80  6  25  7  53  8  3  9  71  10  55  11  75  12  18  13  22  14  58  15  69  16  61  17  98  18  54  19  70
  0  31  1  70  2  96  3  53  4  65  5  15  6  69  7  96  8  76  9  70  10  16  11  32  12  15  13  47  14  55  15  6  16  12  17  38  18  26  19  20
  0  77  1  8  2  75  3  13  4  52  5  35  6  53  7  7  8  34  9  39  10  15  11  30  12  24  13  28  14  20  15  83  16  83  17  32  18  86  19  26
  0  69  1  24  2  38  3  84  4  5  5  31  6  53  7  18  8  11  9  90  10  6  11  84  12  75  13  17  14  52  15  1  16  73  17  58  18  9  19  98
  0  39  1  79  2  22  3  94  4  59  5  98  6  29  7  41  8  41  9  56  10  47  11  37  12  79  13  92  14  63  15  94  16  11  17  69  18  94  19  99
  0  44  1  67  2  42  3  21  4  5  5  28  6  67  7  37  8  10  9  31  10  58  11  1  12  3  13  27  14  60  15  63  16  75  17  71  18  2  19  6
  0  68  1  13  2  23  3  71  4  44  5  49  6  99  7  96  8  51  9  43  10  23  11  68  12  36  13  65  14  62  15  62  16  61  17  15  18  30  19  52
  0  57  1  12  2  37  3  79  4  88  5  86  6  88  7  21  8  28  9  3  10  67  11  12  12  80  13  75  14  10  15  1  16  65  17  89  18  58  19  35
  0  84  1  30  2  62  3  22  4  20  5  53  6  47  7  97  8  34  9  96  10  76  11  13  12  72  13  81  14  82  15  7  16  97  17  59  18  42  19  32
  0  85  1  23  2  8  3  54  4  84  5  59  6  33  7  31  8  10  9  29  10  53  11  62  12  8  13  2  14  12  15  44  16  49  17  71  18  29  19  74
  0  96  1  39  2  66  3  14  4  79  5  40  6  33  7  64  8  71  9  38  10  34  11  47  12  29  13  31  14  56  15  83  16  75  17  28  18  41  19  1
  0  5  1  3  2  98  3  38  4  56  5  26  6  46  7  99  8  85  9  27  10  92  11  99  12  14  13  51  14  90  15  85  16  65  17  8  18  30  19  40
  0  91  1  15  2  52  3  96  4  56  5  95  6  95  7  9  8  36  9  89  10  12  11  80  12  45  13  66  14  10  15  29  16  6  17  66  18  18  19  37
  0  8  1  1  2  71  3  34  4  40  5  90  6  62  7  90  8  78  9  27  10  14  11  31  12  77  13  74  14  62  15  95  16  76  17  56  18  63  19  98
  0  40  1  95  2  48  3  75  4  89  5  95  6  5  7  11  8  70  9  80  10  55  11  87  12  11  13  42  14  52  15  99  16  17  17  56  18  24  19  24
  0  36  1  56  2  28  3  41  4  86  5  96  6  7  7  41  8  15  9  24  10  46  11  76  12  51  13  47  14  80  15  21  16  57  17  87  18  3  19  67
  0  3  1  22  2  64  3  64  4  97  5  71  6  74  7  76  8  76  9  94  10  44  11  15  12  15  13  79  14  18  15  81  16  18  17  60  18  4  19  15
  0  10  1  78  2  83  3  26  4  19  5  86  6  65  7  88  8  37  9  58  10  25  11  88  12  95  13  40  14  26  15  65  16  91  17  79  18  27  19  98
  0  40  1  96  2  16  3  25  4  59  5  97  6  30  7  73  8  9  9  34  10  48  11  77  12  14  13  70  14  65  15  86  16  83  17  3  18  84  19  79
  0  76  1  44  2  92  3  73  4  80  5  78  6  99  7  68  8  26  9  26  10  52  11  63  12  17  13  1  14  62  15  46  16  75  17  32  18  13  19  44
  0  33  1  86  2  13  3  77  4  94  5  20  6  34  7  58  8  75  9  30  10  48  11  29  12  90  13  4  14  30  15  29  16  27  17  76  18  20  19  37
  0  50  1  43  2  41  3  22  4  6  5  87  6  31  7  7  8  35  9  26  10  15  11  29  12  8  13  80  14  44  15  41  16  31  17  20  18  83  19  95
  0  12  1  49  2  92  3  5  4  56  5  14  6  62  7  69  8  45  9  69  10  96  11  15  12  26  13  32  14  41  15  83  16  95  17  85  18  95  19  65
  0  72  1  42  2  87  3  71  4  84  5  71  6  68  7  81  8  19  9  31  10  59  11  15  12  2  13  83  14  80  15  10  16  18  17  71  18  17  19  17
  0  83  1  87  2  21  3  31  4  32  5  64  6  45  7  17  8  62  9  66  10  57  11  14  12  86  13  63  14  83  15  22  16  59  17  13  18  85  19  91
  0  67  1  85  2  58  3  84  4  41  5  6  6  1  7  75  8  79  9  96  10  22  11  2  12  30  13  55  14  55  15  95  16  57  17  81  18  3  19  48
  0  73  1  48  2  43  3  79  4  41  5  92  6  58  7  41  8  62  9  53  10  75  11  50  12  99  13  85  14  28  15  37  16  15  17  29  18  69  19  69
  0  12  1  27  2  7  3  61  4  11  5  94  6  41  7  3  8  8  9  96  10  14  11  59  12  82  13  94  14  8  15  18  16  63  17  54  18  65  19  93
  0  64  1  36  2  90  3  16  4  51  5  3  6  69  7  59  8  98  9  16  10  29  11  91  12  49  13  22  14  5  15  41  16  91  17  21  18  97  19  28
  0  2  1  92  2  27  3  93  4  35  5  14  6  33  7  21  8  44  9  92  10  65  11  54  12  77  13  99  14  63  15  31  16  74  17  80  18  34  19  95
  0  55  1  72  2  48  3  72  4  90  5  59  6  48  7  95  8  76  9  46  10  17  11  31  12  73  13  21  14  46  15  48  16  63  17  61  18  24  19  13
  0  39  1  70  2  14  3  7  4  49  5  78  6  2  7  22  8  34  9  32  10  24  11  50  12  39  13  50  14  23  15  78  16  96  17  40  18  71  19  84
  0  11  1  76  2  71  3  53  4  69  5  7  6  24  7  82  8  89  9  34  10  16  11  48  12  67  13  73  14  73  15  41  16  69  17  1  18  87  19  97
  0  10  1  40  2  94  3  82  4  90  5  46  6  74  7  7  8  96  9  82  10  11  11  78  12  76  13  14  14  9  15  20  16  50  17  43  18  67  19  9
  0  27  1  78  2  67  3  17  4  14  5  7  6  6  7  54  8  64  9  92  10  83  11  47  12  93  13  60  14  52  15  12  16  41  17  2  18  52  19  88
  0  78  1  28  2  6  3  53  4  95  5  55  6  51  7  38  8  92  9  92  10  33  11  2  12  73  13  83  14  67  15  42  16  24  17  94  18  75  19  52
  0  1  1  73  2  27  3  47  4  94  5  15  6  55  7  16  8  10  9  6  10  31  11  85  12  97  13  36  14  93  15  93  16  29  17  93  18  2  19  98
  0  84  1  90  2  28  3  90  4  21  5  84  6  29  7  77  8  10  9  83  10  45  11  49  12  84  13  57  14  31  15  52  16  32  17  98  18  12  19  27
  0  8  1  90  2  13  3  96  4  73  5  87  6  16  7  92  8  77  9  17  10  35  11  73  12  31  13  42  14  14  15  63  16  47  17  62  18  91  19  11
  0  48  1  39  2  84  3  66  4  60  5  56  6  86  7  3  8  43  9  76  10  83  11  39  12  32  13  33  14  26  15  48  16  87  17  84  18  16  19  51
  0  79  1  9  2  7  3  21  4  47  5  21  6  3  7  66  8  19  9  43  10  21  11  63  12  78  13  47  14  59  15  33  16  12  17  76  18  60  19  21
  0  76  1  82  2  82  3  1  4  69  5  58  6  24  7  5  8  87  9  46  10  38  11  75  12  14  13  48  14  46  15  77  16  66  17  72  18  57  19  5
  0  93  1  96  2  13  3  86  4  4  5  15  6  42  7  86  8  61  9  18  10  95  11  13  12  96  13  24  14  73  15  20  16  96  17  35  18  90  19  58
  0  83  1  16  2  27  3  83  4  96  5  7  6  60  7  66  8  34  9  13  10  91  11  38  12  18  13  40  14  83  15  68  16  92  17  67  18  2  19  70
  0  70  1  77  2  13  3  65  4  79  5  75  6  71  7  63  8  78  9  76  10  32  11  38  12  51  13  55  14  30  15  98  16  85  17  56  18  33  19  91
  0  9  1  27  2  72  3  87  4  25  5  35  6  82  7  27  8  76  9  54  10  14  11  39  12  41  13  48  14  8  15  50  16  18  17  81  18  44  19  53
  0  70  1  43  2  83  3  4  4  28  5  46  6  95  7  51  8  75  9  59  10  23  11  39  12  65  13  71  14  19  15  29  16  40  17  88  18  80  19  14
  0  51  1  41  2  51  3  51  4  13  5  15  6  55  7  20  8  18  9  61  10  9  11  71  12  15  13  38  14  7  15  48  16  19  17  91  18  76  19  81
  0  1  1  76  2  68  3  81  4  91  5  72  6  98  7  97  8  75  9  54  10  78  11  14  12  77  13  17  14  89  15  76  16  63  17  62  18  5  19  12
  0  98  1  98  2  38  3  56  4  44  5  13  6  88  7  98  8  89  9  15  10  22  11  36  12  35  13  63  14  81  15  69  16  88  17  26  18  34  19  88
  0  33  1  28  2  1  3  44  4  79  5  87  6  9  7  90  8  13  9  66  10  81  11  45  12  93  13  52  14  51  15  5  16  81  17  62  18  43  19  12
  0  72  1  57  2  86  3  71  4  91  5  69  6  51  7  39  8  72  9  1  10  98  11  49  12  5  13  53  14  1  15  54  16  44  17  84  18  86  19  77
  0  16  1  2  2  89  3  22  4  52  5  48  6  24  7  71  8  36  9  27  10  11  11  80  12  61  13  84  14  25  15  49  16  21  17  41  18  45  19  10
  0  73  1  33  2  14  3  90  4  69  5  19  6  57  7  28  8  25  9  53  10  4  11  29  12  71  13  36  14  8  15  27  16  35  17  83  18  80  19  69
  0  8  1  92  2  61  3  29  4  16  5  79  6  94  7  40  8  14  9  20  10  5  11  81  12  36  13  31  14  58  15  78  16  97  17  59  18  76  19  81
  0  38  1  65  2  43  3  45  4  13  5  33  6  92  7  28  8  19  9  28  10  96  11  68  12  85  13  91  14  85  15  15  16  60  17  46  18  53  19  23
  0  1  1  41  2  50  3  40  4  17  5  71  6  57  7  36  8  48  9  51  10  90  11  62  12  63  13  9  14  88  15  32  16  16  17  51  18  75  19  75
  0  93  1  19  2  2  3  96  4  46  5  99  6  6  7  27  8  80  9  10  10  61  11  83  12  50  13  36  14  77  15  51  16  89  17  5  18  90  19  47
  0  66  1  21  2  57  3  51  4  45  5  93  6  26  7  6  8  91  9  46  10  67  11  4  12  63  13  63  14  74  15  40  16  59  17  38  18  69  19  88
  0  29  1  14  2  78  3  16  4  69  5  33  6  58  7  64  8  39  9  47  10  88  11  49  12  89  13  36  14  63  15  64  16  92  17  49  18  42  19  88
  0  94  1  66  2  53  3  27  4  46  5  42  6  46  7  41  8  77  9  75  10  49  11  55  12  22  13  24  14  68  15  23  16  7  17  54  18  42  19  13
  0  66  1  88  2  33  3  42  4  43  5  14  6  20  7  48  8  77  9  26  10  26  11  13  12  16  13  57  14  94  15  45  16  75  17  3  18  1  19  4
  0  48  1  24  2  45  3  16  4  37  5  26  6  95  7  14  8  47  9  16  10  54  11  13  12  86  13  88  14  58  15  79  16  42  17  13  18  65  19  81
  0  37  1  94  2  67  3  15  4  85  5  59  6  31  7  40  8  96  9  65  10  70  11  85  12  5  13  40  14  84  15  90  16  19  17  25  18  27  19  6
  0  16  1  32  2  97  3  60  4  27  5  76  6  49  7  75  8  89  9  39  10  64  11  77  12  72  13  47  14  57  15  43  16  73  17  8  18  78  19  77
  0  69  1  19  2  43  3  4  4  70  5  29  6  20  7  35  8  76  9  48  10  29  11  24  12  78  13  11  14  50  15  38  16  30  17  52  18  41  19  1
  0  78  1  43  2  10  3  82  4  47  5  92  6  91  7  51  8  87  9  34  10  28  11  3  12  70  13  24  14  56  15  34  16  56  17  38  18  32  19  35
  0  78  1  40  2  70  3  2  4  36  5  56  6  66  7  9  8  53  9  85  10  24  11  83  12  90  13  21  14  19  15  72  16  89  17  63  18  62  19  99
  0  76  1  63  2  49  3  46  4  85  5  12  6  97  7  8  8  65  9  61  10  27  11  10  12  64  13  68  14  23  15  80  16  31  17  66  18  80  19  20
  0  65  1  18  2  37  3  13  4  96  5  15  6  36  7  61  8  94  9  12  10  67  11  61  12  27  13  18  14  85  15  23  16  20  17  81  18  8  19  18
  0  86  1  38  2  38  3  13  4  31  5  20  6  59  7  9  8  46  9  35  10  98  11  1  12  53  13  58  14  72  15  30  16  56  17  11  18  34  19  90
  0  18  1  10  2  5  3  11  4  65  5  15  6  59  7  27  8  88  9  4  10  80  11  10  12  99  13  52  14  25  15  29  16  44  17  3  18  51  19  43
  0  2  1  53  2  7  3  63  4  15  5  89  6  71  7  40  8  19  9  40  10  9  11  39  12  80  13  49  14  74  15  36  16  55  17  65  18  69  19  37
  0  24  1  22  2  58  3  92  4  73  5  33  6  72  7  76  8  31  9  43  10  76  11  47  12  56  13  5  14  66  15  3  16  61  17  62  18  30  19  1
  0  22  1  82  2  86  3  14  4  68  5  42  6  76  7  29  8  2  9  78  10  90  11  16  12  68  13  45  14  37  15  28  16  65  17  57  18  94  19  7
  0  83  1  88  2  10  3  94  4  8  5  69  6  15  7  96  8  22  9  97  10  93  11  32  12  92  13  59  14  16  15  59  16  29  17  24  18  15  19  90
  0  47  1  54  2  74  3  6  4  82  5  56  6  63  7  39  8  22  9  43  10  31  11  2  12  58  13  10  14  31  15  64  16  95  17  23  18  67  19  7
  0  37  1  88  2  59  3  9  4  47  5  38  6  77  7  50  8  76  9  46  10  92  11  31  12  74  13  93  14  47  15  36  16  39  17  9  18  35  19  5
  0  78  1  58  2  46  3  79  4  75  5  92  6  20  7  44  8  95  9  37  10  15  11  75  12  60  13  97  14  78  15  64  16  89  17  32  18  72  19  93
  0  87  1  82  2  16  3  65  4  4  5  88  6  15  7  15  8  25  9  23  10  4  11  63  12  60  13  13  14  32  15  89  16  20  17  47  18  58  19  31
  0  23  1  75  2  26  3  29  4  61  5  56  6  49  7  89  8  16  9  1  10  33  11  31  12  5  13  28  14  93  15  20  16  96  17  28  18  58  19  36
  0  41  1  92  2  68  3  9  4  80  5  62  6  10  7  13  8  39  9  2  10  29  11  27  12  33  13  3  14  44  15  76  16  24  17  68  18  25  19  35
  0  9  1  48  2  16  3  35  4  32  5  95  6  32  7  26  8  50  9  96  10  34  11  74  12  3  13  81  14  84  15  95  16  42  17  10  18  23  19  66
  0  45  1  7  2  18  3  43  4  19  5  72  6  90  7  11  8  45  9  8  10  11  11  6  12  40  13  23  14  6  15  14  16  39  17  21  18  44  19  24
  0  6  1  72  2  78  3  88  4  39  5  22  6  56  7  34  8  37  9  2  10  44  11  95  12  15  13  32  14  10  15  99  16  15  17  38  18  62  19  6
  0  35  1  17  2  60  3  68  4  72  5  20  6  12  7  5  8  60  9  59  10  41  11  61  12  38  13  31  14  99  15  20  16  92  17  19  18  39  19  92
  0  46  1  30  2  72  3  81  4  89  5  67  6  92  7  23  8  92  9  48  10  34  11  20  12  21  13  10  14  81  15  45  16  54  17  78  18  71  19  80
  0  91  1  84  2  36  3  94  4  65  5  42  6  86  7  91  8  22  9  45  10  42  11  97  12  39  13  31  14  32  15  39  16  72  17  22  18  56  19  48
  0  61  1  42  2  55  3  91  4  40  5  71  6  33  7  16  8  27  9  84  10  48  11  47  12  96  13  92  14  45  15  86  16  42  17  71  18  4  19  12
  0  97  1  45  2  23  3  34  4  76  5  89  6  76  7  14  8  34  9  29  10  92  11  17  12  73  13  61  14  54  15  46  16  46  17  55  18  25  19  19
  0  19  1  68  2  32  3  40  4  99  5  1  6  84  7  10  8  64  9  78  10  89  11  68  12  6  13  35  14  93  15  43  16  5  17  34  18  82  19  84
  0  5  1  37  2  92  3  79  4  16  5  37  6  35  7  89  8  8  9  86  10  18  11  50  12  46  13  6  14  39  15  31  16  91  17  43  18  72  19  43
  0  64  1  20  2  61  3  35  4  44  5  98  6  16  7  26  8  62  9  36  10  55  11  62  12  82  13  19  14  52  15  95  16  19  17  97  18  76  19  9
  0  6  1  61  2  27  3  64  4  18  5  18  6  13  7  24  8  24  9  77  10  30  11  73  12  15  13  46  14  14  15  66  16  29  17  90  18  5  19  39
  0  74  1  15  2  26  3  93  4  28  5  65  6  65  7  29  8  49  9  67  10  36  11  77  12  36  13  44  14  15  15  71  16  28  17  71  18  24  19  53
  0  17  1  79  2  76  3  95  4  29  5  6  6  17  7  1  8  85  9  38  10  26  11  98  12  56  13  35  14  53  15  54  16  67  17  88  18  30  19  55
  0  13  1  66  2  47  3  48  4  9  5  70  6  1  7  43  8  61  9  77  10  67  11  88  12  51  13  48  14  37  15  12  16  56  17  38  18  17  19  58
  0  57  1  36  2  95  3  78  4  13  5  7  6  21  7  55  8  87  9  21  10  46  11  55  12  54  13  8  14  19  15  59  16  46  17  47  18  50  19  5
  0  93  1  92  2  65  3  32  4  73  5  98  6  36  7  33  8  86  9  81  10  37  11  43  12  98  13  52  14  82  15  10  16  38  17  83  18  41  19  40
  0  42  1  16  2  12  3  19  4  59  5  3  6  39  7  31  8  86  9  51  10  83  11  42  12  85  13  21  14  69  15  17  16  93  17  70  18  97  19  78
  0  50  1  68  2  76  3  42  4  79  5  21  6  8  7  80  8  14  9  65  10  51  11  83  12  48  13  45  14  30  15  42  16  51  17  54  18  71  19  65
  0  82  1  28  2  71  3  98  4  90  5  10  6  54  7  12  8  85  9  21  10  52  11  72  12  14  13  27  14  13  15  25  16  84  17  50  18  43  19  38
  0  12  1  98  2  15  3  95  4  88  5  2  6  6  7  31  8  92  9  65  10  53  11  49  12  99  13  94  14  37  15  74  16  49  17  51  18  23  19  17
  0  87  1  29  2  27  3  49  4  86  5  79  6  98  7  42  8  12  9  17  10  11  11  87  12  92  13  73  14  23  15  17  16  6  17  99  18  41  19  97
  0  84  1  30  2  3  3  50  4  17  5  39  6  55  7  28  8  92  9  83  10  4  11  64  12  2  13  91  14  54  15  52  16  12  17  45  18  62  19  30
  0  71  1  69  2  87  3  90  4  6  5  25  6  93  7  22  8  11  9  73  10  45  11  64  12  68  13  40  14  11  15  19  16  30  17  19  18  50  19  76
  0  39  1  90  2  53  3  20  4  93  5  30  6  65  7  29  8  76  9  36  10  11  11  5  12  92  13  24  14  99  15  67  16  90  17  36  18  69  19  19
  0  76  1  76  2  26  3  57  4  24  5  80  6  48  7  90  8  46  9  62  10  1  11  92  12  96  13  2  14  52  15  82  16  94  17  81  18  94  19  38
  0  5  1  63  2  27  3  68  4  13  5  70  6  24  7  96  8  74  9  32  10  23  11  46  12  40  13  83  14  91  15  14  16  69  17  35  18  61  19  82
  0  87  1  66  2  35  3  10  4  63  5  91  6  11  7  83  8  99  9  8  10  78  11  45  12  60  13  30  14  69  15  4  16  86  17  66  18  90  19  15
  0  73  1  85  2  49  3  77  4  4  5  88  6  54  7  78  8  62  9  79  10  70  11  93  12  89  13  2  14  33  15  17  16  25  17  79  18  64  19  87
  0  66  1  86  2  52  3  21  4  45  5  36  6  74  7  76  8  83  9  40  10  81  11  14  12  94  13  14  14  72  15  19  16  32  17  8  18  28  19  3
  0  2  1  86  2  76  3  7  4  5  5  5  6  28  7  62  8  58  9  29  10  74  11  90  12  17  13  20  14  56  15  48  16  99  17  76  18  54  19  36
  0  84  1  91  2  29  3  46  4  33  5  78  6  44  7  8  8  54  9  75  10  25  11  46  12  22  13  24  14  55  15  86  16  94  17  86  18  3  19  50
  0  26  1  51  2  29  3  24  4  39  5  27  6  29  7  15  8  7  9  42  10  96  11  15  12  86  13  89  14  18  15  22  16  72  17  88  18  39  19  16
  0  66  1  48  2  63  3  76  4  97  5  54  6  57  7  82  8  40  9  26  10  91  11  45  12  83  13  3  14  43  15  48  16  81  17  49  18  14  19  18
  0  83  1  17  2  68  3  26  4  1  5  73  6  82  7  7  8  86  9  96  10  61  11  46  12  23  13  1  14  59  15  68  16  44  17  35  18  12  19  25
  0  32  1  73  2  83  3  67  4  71  5  82  6  59  7  60  8  61  9  48  10  54  11  61  12  90  13  83  14  11  15  68  16  51  17  54  18  13  19  26
  0  36  1  1  2  42  3  38  4  48  5  31  6  32  7  6  8  15  9  21  10  24  11  27  12  77  13  48  14  15  15  95  16  24  17  38  18  45  19  88
  0  56  1  5  2  93  3  56  4  25  5  17  6  42  7  21  8  75  9  12  10  46  11  63  12  73  13  45  14  35  15  58  16  27  17  55  18  3  19  79
  0  1  1  61  2  76  3  86  4  96  5  42  6  75  7  66  8  59  9  60  10  95  11  93  12  9  13  21  14  79  15  24  16  24  17  89  18  58  19  48
  0  27  1  96  2  73  3  58  4  39  5  20  6  26  7  12  8  9  9  10  10  94  11  88  12  34  13  98  14  27  15  82  16  25  17  14  18  8  19  75
  0  89  1  85  2  32  3  69  4  27  5  19  6  60  7  90  8  62  9  67  10  30  11  93  12  72  13  30  14  37  15  10  16  61  17  57  18  22  19  32
  0  8  1  53  2  29  3  38  4  84  5  73  6  11  7  76  8  11  9  95  10  5  11  74  12  13  13  96  14  2  15  42  16  80  17  41  18  84  19  93
  0  56  1  13  2  7  3  88  4  91  5  2  6  31  7  73  8  59  9  39  10  61  11  87  12  3  13  61  14  33  15  44  16  62  17  21  18  39  19  15
  0  17  1  89  2  10  3  72  4  16  5  20  6  78  7  71  8  5  9  50  10  4  11  74  12  58  13  84  14  12  15  42  16  81  17  75  18  99  19  64
  0  41  1  89  2  6  3  80  4  35  5  32  6  34  7  29  8  16  9  69  10  1  11  25  12  20  13  66  14  19  15  38  16  77  17  30  18  65  19  51
  0  99  1  30  2  70  3  84  4  63  5  34  6  48  7  50  8  49  9  81  10  40  11  52  12  2  13  78  14  44  15  43  16  11  17  85  18  59  19  21
  0  32  1  46  2  59  3  16  4  11  5  69  6  81  7  97  8  63  9  43  10  87  11  4  12  28  13  81  14  40  15  84  16  2  17  9  18  92  19  89
  0  18  1  24  2  2  3  69  4  29  5  22  6  92  7  42  8  1  9  58  10  39  11  59  12  39  13  71  14  56  15  83  16  94  17  9  18  95  19  34
  0  28  1  23  2  1  3  89  4  16  5  31  6  66  7  39  8  45  9  53  10  99  11  20  12  25  13  72  14  84  15  2  16  95  17  80  18  93  19  77
  0  38  1  11  2  6  3  89  4  1  5  61  6  10  7  3  8  90  9  68  10  12  11  89  12  16  13  78  14  85  15  98  16  56  17  21  18  9  19  23
  0  5  1  7  2  1  3  83  4  21  5  72  6  39  7  94  8  66  9  61  10  16  11  81  12  23  13  21  14  91  15  64  16  23  17  27  18  14  19  33
  0  32  1  2  2  33  3  61  4  60  5  63  6  48  7  54  8  3  9  17  10  26  11  20  12  29  13  2  14  4  15  7  16  72  17  35  18  68  19  51
  0  93  1  16  2  56  3  18  4  16  5  87  6  33  7  46  8  49  9  74  10  39  11  17  12  65  13  31  14  13  15  9  16  84  17  76  18  23  19  13
  0  76  1  2  2  77  3  19  4  7  5  68  6  91  7  97  8  56  9  45  10  28  11  32  12  20  13  41  14  34  15  85  16  44  17  33  18  63  19  3
  0  62  1  7  2  34  3  78  4  52  5  51  6  56  7  44  8  98  9  64  10  70  11  63  12  60  13  81  14  26  15  19  16  64  17  32  18  27  19  47
  0  67  1  56  2  23  3  57  4  75  5  78  6  1  7  16  8  98  9  94  10  24  11  12  12  85  13  22  14  21  15  25  16  68  17  25  18  22  19  42
  0  4  1  14  2  77  3  28  4  2  5  81  6  35  7  24  8  69  9  11  10  45  11  29  12  13  13  91  14  13  15  2  16  80  17  16  18  29  19  70
  0  33  1  35  2  51  3  58  4  77  5  10  6  2  7  47  8  2  9  86  10  16  11  32  12  88  13  62  14  56  15  62  16  13  17  47  18  69  19  50
  0  27  1  22  2  61  3  1  4  14  5  47  6  6  7  99  8  44  9  86  10  23  11  46  12  66  13  33  14  87  15  34  16  40  17  61  18  54  19  18
  0  57  1  41  2  1  3  3  4  34  5  90  6  49  7  52  8  68  9  44  10  97  11  17  12  82  13  74  14  65  15  2  16  6  17  85  18  62  19  44
  0  64  1  67  2  9  3  72  4  81  5  90  6  76  7  40  8  12  9  57  10  30  11  94  12  51  13  63  14  86  15  99  16  5  17  22  18  21  19  21
  0  8  1  58  2  85  3  54  4  19  5  74  6  24  7  53  8  38  9  43  10  96  11  85  12  29  13  84  14  43  15  10  16  26  17  29  18  60  19  83
  0  71  1  78  2  61  3  14  4  16  5  97  6  37  7  27  8  59  9  30  10  65  11  19  12  36  13  97  14  5  15  98  16  58  17  25  18  81  19  62
  0  74  1  25  2  70  3  30  4  13  5  4  6  7  7  55  8  9  9  90  10  85  11  81  12  35  13  96  14  53  15  99  16  96  17  61  18  67  19  47
  0  43  1  31  2  3  3  33  4  21  5  86  6  27  7  95  8  63  9  20  10  58  11  15  12  92  13  6  14  2  15  45  16  83  17  41  18  7  19  35
  0  6  1  35  2  99  3  57  4  60  5  82  6  90  7  54  8  52  9  38  10  44  11  77  12  91  13  84  14  78  15  83  16  93  17  73  18  24  19  97
  0  35  1  53  2  49  3  84  4  84  5  33  6  56  7  52  8  93  9  54  10  78  11  9  12  56  13  47  14  52  15  41  16  41  17  99  18  32  19  66
  0  58  1  84  2  84  3  96  4  27  5  1  6  65  7  20  8  50  9  27  10  70  11  66  12  14  13  11  14  29  15  22  16  54  17  22  18  53  19  33
  0  86  1  50  2  83  3  70  4  62  5  28  6  91  7  75  8  14  9  9  10  16  11  5  12  2  13  28  14  58  15  40  16  64  17  29  18  63  19  29
  0  51  1  32  2  44  3  67  4  76  5  75  6  47  7  65  8  24  9  59  10  62  11  28  12  95  13  77  14  9  15  46  16  92  17  2  18  70  19  5
  0  51  1  64  2  53  3  24  4  83  5  64  6  86  7  1  8  4  9  69  10  97  11  26  12  21  13  99  14  21  15  79  16  43  17  25  18  30  19  34
  0  26  1  3  2  6  3  32  4  42  5  32  6  69  7  93  8  76  9  10  10  43  11  84  12  64  13  17  14  35  15  58  16  21  17  61  18  42  19  28
  0  38  1  63  2  22  3  62  4  47  5  55  6  80  7  84  8  70  9  32  10  80  11  30  12  9  13  78  14  58  15  1  16  37  17  53  18  5  19  5
  0  11  1  17  2  64  3  78  4  8  5  12  6  27  7  26  8  43  9  56  10  49  11  32  12  46  13  1  14  14  15  21  16  81  17  50  18  5  19  75
  0  54  1  65  2  77  3  37  4  34  5  83  6  42  7  46  8  78  9  29  10  83  11  5  12  53  13  7  14  89  15  57  16  69  17  90  18  71  19  30
  0  94  1  55  2  83  3  78  4  97  5  13  6  80  7  17  8  41  9  52  10  75  11  51  12  30  13  89  14  78  15  24  16  78  17  87  18  36  19  39
  0  57  1  89  2  99  3  50  4  28  5  83  6  78  7  98  8  80  9  89  10  89  11  53  12  33  13  38  14  72  15  90  16  51  17  81  18  53  19  99
  0  6  1  50  2  75  3  20  4  72  5  62  6  15  7  41  8  32  9  27  10  68  11  8  12  51  13  12  14  72  15  31  16  22  17  71  18  90  19  89
  0  10  1  40  2  74  3  63  4  30  5  52  6  94  7  51  8  54  9  28  10  91  11  49  12  21  13  54  14  92  15  96  16  93  17  39  18  95  19  22
  0  98  1  11  2  17  3  37  4  25  5  17  6  49  7  69  8  87  9  15  10  87  11  23  12  64  13  70  14  1  15  9  16  72  17  16  18  81  19  1
  0  42  1  24  2  79  3  81  4  93  5  94  6  12  7  4  8  47  9  68  10  7  11  81  12  95  13  18  14  14  15  71  16  37  17  73  18  5  19  22
  0  39  1  79  2  30  3  2  4  92  5  1  6  17  7  24  8  61  9  19  10  13  11  36  12  41  13  84  14  30  15  42  16  97  17  21  18  24  19  72
  0  24  1  95  2  12  3  20  4  57  5  96  6  42  7  12  8  30  9  92  10  38  11  76  12  57  13  51  14  85  15  35  16  79  17  50  18  47  19  23
  0  10  1  20  2  25  3  13  4  65  5  68  6  81  7  12  8  68  9  4  10  17  11  41  12  55  13  61  14  48  15  19  16  29  17  68  18  36  19  18
  0  40  1  33  2  77  3  55  4  85  5  34  6  18  7  41  8  50  9  32  10  95  11  4  12  47  13  49  14  1  15  43  16  20  17  81  18  98  19  3
  0  8  1  35  2  83  3  56  4  10  5  1  6  31  7  43  8  70  9  20  10  81  11  7  12  89  13  97  14  74  15  11  16  30  17  55  18  95  19  44
  0  69  1  53  2  40  3  48  4  16  5  6  6  78  7  99  8  95  9  75  10  73  11  60  12  80  13  24  14  17  15  72  16  96  17  45  18  53  19  40
  0  57  1  14  2  17  3  53  4  89  5  35  6  9  7  30  8  65  9  61  10  87  11  78  12  39  13  18  14  36  15  20  16  71  17  59  18  45  19  11
  0  74  1  45  2  24  3  63  4  14  5  4  6  13  7  50  8  64  9  20  10  83  11  38  12  77  13  79  14  29  15  90  16  43  17  39  18  88  19  34
  0  24  1  19  2  64  3  85  4  3  5  25  6  15  7  64  8  84  9  51  10  42  11  62  12  28  13  33  14  94  15  22  16  3  17  26  18  67  19  62
  0  97  1  47  2  66  3  53  4  34  5  17  6  60  7  9  8  40  9  48  10  46  11  74  12  9  13  14  14  98  15  12  16  42  17  67  18  85  19  13
  0  41  1  92  2  59  3  99  4  16  5  26  6  56  7  80  8  2  9  61  10  77  11  83  12  25  13  44  14  24  15  78  16  43  17  96  18  3  19  56
  0  59  1  47  2  40  3  36  4  82  5  54  6  63  7  16  8  76  9  37  10  33  11  76  12  39  13  63  14  40  15  24  16  86  17  55  18  8  19  16
  0  34  1  4  2  44  3  1  4  9  5  23  6  54  7  94  8  36  9  62  10  99  11  39  12  69  13  66  14  58  15  38  16  72  17  67  18  35  19  60
  0  65  1  17  2  18  3  51  4  91  5  16  6  79  7  97  8  78  9  98  10  72  11  38  12  83  13  66  14  68  15  8  16  55  17  90  18  32  19  62
  0  57  1  23  2  46  3  22  4  28  5  80  6  12  7  31  8  71  9  2  10  89  11  20  12  7  13  88  14  78  15  13  16  25  17  71  18  24  19  36
  0  19  1  78  2  3  3  87  4  99  5  80  6  52  7  5  8  6  9  49  10  9  11  25  12  66  13  61  14  89  15  26  16  81  17  10  18  40  19  97
  0  36  1  25  2  7  3  72  4  40  5  26  6  31  7  25  8  79  9  22  10  69  11  16  12  23  13  63  14  74  15  42  16  95  17  99  18  99  19  1
  0  44  1  98  2  12  3  11  4  35  5  31  6  28  7  31  8  66  9  19  10  10  11  56  12  85  13  26  14  65  15  6  16  41  17  99  18  64  19  28
  0  12  1  31  2  66  3  71  4  96  5  66  6  93  7  7  8  48  9  99  10  18  11  12  12  89  13  31  14  46  15  30  16  50  17  52  18  12  19  75
  0  6  1  21  2  13  3  55  4  5  5  13  6  47  7  18  8  25  9  77  10  48  11  51  12  89  13  29  14  16  15  92  16  34  17  45  18  88  19  25
  0  98  1  72  2  13  3  64  4  4  5  35  6  92  7  74  8  15  9  19  10  43  11  52  12  15  13  69  14  68  15  76  16  42  17  15  18  36  19  10
  0  46  1  20  2  25  3  2  4  97  5  21  6  69  7  30  8  18  9  6  10  19  11  68  12  53  13  32  14  94  15  89  16  84  17  94  18  9  19  20
  0  42  1  93  2  73  3  17  4  95  5  69  6  22  7  35  8  10  9  82  10  16  11  93  12  1  13  82  14  18  15  72  16  31  17  78  18  31  19  89
  0  21  1  95  2  66  3  45  4  81  5  15  6  73  7  28  8  72  9  89  10  30  11  25  12  62  13  11  14  8  15  78  16  40  17  64  18  45  19  78
  0  83  1  84  2  74  3  87  4  19  5  19  6  22  7  37  8  2  9  46  10  56  11  36  12  6  13  11  14  43  15  92  16  16  17  74  18  61  19  27
  0  43  1  94  2  65  3  30  4  19  5  73  6  4  7  7  8  29  9  49  10  36  11  88  12  5  13  12  14  98  15  21  16  74  17  76  18  13  19  54
  0  35  1  38  2  52  3  92  4  21  5  89  6  84  7  83  8  53  9  86  10  71  11  42  12  14  13  79  14  3  15  59  16  67  17  56  18  68  19  28
  0  33  1  59  2  22  3  77  4  78  5  73  6  77  7  26  8  77  9  95  10  41  11  63  12  70  13  38  14  77  15  40  16  7  17  18  18  54  19  23
  0  57  1  47  2  20  3  38  4  40  5  10  6  6  7  21  8  81  9  3  10  60  11  26  12  11  13  79  14  52  15  92  16  72  17  2  18  3  19  46
  0  78  1  17  2  33  3  88  4  61  5  1  6  42  7  16  8  91  9  27  10  43  11  48  12  52  13  70  14  23  15  86  16  16  17  45  18  15  19  3
  0  45  1  28  2  91  3  43  4  11  5  36  6  7  7  12  8  19  9  46  10  66  11  32  12  66  13  71  14  92  15  36  16  75  17  50  18  9  19  16
  0  93  1  91  2  67  3  30  4  29  5  94  6  98  7  65  8  75  9  42  10  48  11  77  12  58  13  17  14  24  15  80  16  69  17  4  18  89  19  47
  0  16  1  78  2  62  3  41  4  69  5  89  6  1  7  93  8  94  9  82  10  88  11  94  12  19  13  33  14  70  15  71  16  40  17  74  18  68  19  62
  0  91  1  52  2  97  3  1  4  34  5  25  6  71  7  93  8  14  9  2  10  32  11  44  12  24  13  91  14  87  15  40  16  54  17  94  18  13  19  33
  0  13  1  63  2  48  3  62  4  64  5  18  6  21  7  9  8  4  9  88  10  51  11  72  12  76  13  22  14  35  15  11  16  1  17  77  18  99  19  99
  0  59  1  92  2  93  3  80  4  67  5  95  6  39  7  3  8  29  9  5  10  63  11  9  12  41  13  28  14  4  15  90  16  14  17  58  18  16  19  11
  0  2  1  32  2  72  3  97  4  80  5  92  6  5  7  28  8  99  9  71  10  27  11  72  12  10  13  86  14  57  15  64  16  36  17  24  18  14  19  10
  0  37  1  35  2  62  3  59  4  3  5  82  6  22  7  6  8  41  9  11  10  78  11  79  12  81  13  24  14  55  15  49  16  92  17  2  18  32  19  56
  0  86  1  71  2  21  3  42  4  58  5  38  6  34  7  41  8  81  9  30  10  15  11  51  12  64  13  95  14  96  15  3  16  36  17  4  18  24  19  92
  0  11  1  77  2  58  3  48  4  51  5  2  6  27  7  45  8  43  9  80  10  16  11  81  12  32  13  16  14  2  15  96  16  88  17  48  18  62  19  85
  0  22  1  84  2  42  3  24  4  34  5  92  6  28  7  43  8  92  9  37  10  80  11  93  12  72  13  7  14  30  15  85  16  85  17  22  18  14  19  12
  0  1  1  59  2  33  3  73  4  19  5  10  6  41  7  85  8  71  9  61  10  7  11  7  12  38  13  81  14  99  15  33  16  8  17  24  18  96  19  65
  0  37  1  2  2  13  3  11  4  69  5  91  6  97  7  91  8  23  9  65  10  47  11  82  12  70  13  59  14  36  15  84  16  45  17  31  18  64  19  12
  0  67  1  68  2  57  3  45  4  75  5  35  6  92  7  91  8  88  9  86  10  19  11  39  12  51  13  83  14  96  15  2  16  30  17  70  18  88  19  98
  0  65  1  29  2  55  3  99  4  99  5  98  6  54  7  49  8  23  9  28  10  44  11  37  12  26  13  5  14  32  15  77  16  43  17  78  18  28  19  20
  0  17  1  72  2  87  3  16  4  28  5  40  6  58  7  83  8  74  9  26  10  60  11  72  12  80  13  31  14  72  15  12  16  73  17  92  18  93  19  85
  0  78  1  17  2  8  3  83  4  86  5  52  6  74  7  9  8  15  9  66  10  14  11  47  12  71  13  67  14  72  15  28  16  76  17  99  18  72  19  29
  0  11  1  87  2  93  3  12  4  95  5  13  6  32  7  77  8  17  9  48  10  38  11  93  12  52  13  87  14  34  15  28  16  76  17  38  18  54  19  79
  0  27  1  72  2  59  3  9  4  71  5  52  6  18  7  92  8  17  9  60  10  70  11  71  12  37  13  30  14  98  15  48  16  9  17  33  18  69  19  61
  0  91  1  71  2  44  3  57  4  98  5  96  6  52  7  7  8  14  9  33  10  70  11  63  12  82  13  92  14  76  15  49  16  75  17  4  18  48  19  11
  0  87  1  91  2  32  3  1  4  39  5  72  6  10  7  46  8  75  9  72  10  22  11  37  12  2  13  62  14  50  15  42  16  84  17  74  18  43  19  13
  0  3  1  54  2  45  3  64  4  45  5  40  6  77  7  20  8  79  9  96  10  61  11  65  12  38  13  31  14  89  15  63  16  91  17  80  18  88  19  2
  0  20  1  29  2  29  3  84  4  88  5  14  6  67  7  96  8  93  9  20  10  40  11  99  12  39  13  66  14  28  15  23  16  45  17  52  18  77  19  81
  0  21  1  95  2  33  3  20  4  33  5  89  6  25  7  65  8  61  9  62  10  24  11  45  12  28  13  26  14  29  15  92  16  31  17  18  18  84  19  54
  0  21  1  1  2  27  3  73  4  7  5  74  6  97  7  9  8  77  9  84  10  91  11  1  12  74  13  65  14  15  15  24  16  50  17  45  18  75  19  70
  0  98  1  76  2  31  3  40  4  51  5  3  6  65  7  57  8  50  9  58  10  67  11  28  12  78  13  58  14  40  15  5  16  79  17  33  18  56  19  26
  0  97  1  12  2  38  3  52  4  52  5  64  6  37  7  8  8  81  9  48  10  27  11  98  12  49  13  21  14  52  15  80  16  3  17  20  18  80  19  83
  0  5  1  18  2  58  3  16  4  89  5  3  6  67  7  16  8  18  9  41  10  34  11  13  12  30  13  31  14  36  15  21  16  11  17  45  18  3  19  85
  0  35  1  18  2  17  3  29  4  43  5  43  6  54  7  95  8  63  9  60  10  20  11  82  12  92  13  72  14  74  15  98  16  93  17  13  18  47  19  90
  0  75  1  41  2  87  3  37  4  57  5  58  6  7  7  97  8  40  9  56  10  95  11  54  12  30  13  47  14  37  15  98  16  2  17  34  18  32  19  45
  0  74  1  25  2  30  3  75  4  49  5  92  6  12  7  38  8  42  9  41  10  69  11  69  12  91  13  23  14  98  15  2  16  32  17  31  18  71  19  79
  0  71  1  43  2  74  3  92  4  3  5  94  6  27  7  2  8  35  9  31  10  8  11  25  12  44  13  36  14  58  15  89  16  52  17  46  18  42  19  81
  0  3  1  7  2  78  3  50  4  94  5  22  6  78  7  43  8  66  9  7  10  54  11  74  12  76  13  44  14  71  15  62  16  99  17  91  18  79  19  90
  0  41  1  17  2  28  3  60  4  42  5  37  6  54  7  59  8  15  9  95  10  13  11  56  12  56  13  2  14  65  15  90  16  4  17  16  18  62  19  29
  0  40  1  63  2  80  3  95  4  63  5  95  6  1  7  11  8  85  9  40  10  41  11  75  12  9  13  17  14  68  15  12  16  4  17  88  18  70  19  29
  0  91  1  96  2  50  3  74  4  96  5  87  6  77  7  3  8  27  9  31  10  13  11  59  12  93  13  97  14  76  15  67  16  82  17  26  18  49  19  63
  0  36  1  12  2  6  3  24  4  15  5  5  6  30  7  70  8  29  9  75  10  58  11  49  12  76  13  3  14  54  15  30  16  34  17  95  18  11  19  59
  0  60  1  37  2  19  3  68  4  34  5  29  6  72  7  17  8  19  9  61  10  82  11  32  12  43  13  49  14  23  15  62  16  26  17  98  18  39  19  62
  0  79  1  1  2  72  3  79  4  1  5  63  6  4  7  1  8  89  9  30  10  14  11  90  12  90  13  50  14  97  15  23  16  31  17  94  18  96  19  84
  0  2  1  22  2  40  3  10  4  11  5  63  6  90  7  74  8  95  9  62  10  50  11  45  12  84  13  87  14  68  15  86  16  36  17  20  18  53  19  45
  0  2  1  60  2  87  3  83  4  90  5  32  6  90  7  22  8  19  9  54  10  82  11  15  12  94  13  25  14  41  15  73  16  58  17  37  18  60  19  99
  0  69  1  4  2  44  3  10  4  34  5  80  6  4  7  44  8  91  9  13  10  32  11  8  12  22  13  32  14  81  15  82  16  25  17  86  18  66  19  97
  0  96  1  86  2  61  3  61  4  4  5  81  6  79  7  81  8  19  9  25  10  33  11  39  12  80  13  76  14  29  15  79  16  83  17  43  18  38  19  35
  0  18  1  74  2  50  3  13  4  14  5  56  6  1  7  91  8  46  9  68  10  21  11  16  12  26  13  90  14  69  15  84  16  72  17  96  18  26  19  76
  0  40  1  48  2  64  3  49  4  51  5  80  6  37  7  11  8  52  9  60  10  32  11  49  12  3  13  35  14  90  15  69  16  56  17  18  18  98  19  71
  0  96  1  72  2  75  3  73  4  33  5  87  6  41  7  55  8  83  9  74  10  28  11  82  12  82  13  2  14  59  15  44  16  92  17  60  18  29  19  92
  0  24  1  37  2  46  3  84  4  74  5  20  6  14  7  67  8  45  9  70  10  81  11  41  12  7  13  41  14  80  15  1  16  10  17  17  18  17  19  48
  0  59  1  12  2  10  3  8  4  22  5  49  6  73  7  97  8  6  9  6  10  92  11  47  12  46  13  98  14  45  15  48  16  97  17  48  18  57  19  82
  0  85  1  37  2  8  3  76  4  97  5  62  6  9  7  62  8  9  9  38  10  35  11  50  12  61  13  1  14  72  15  42  16  47  17  25  18  17  19  39
  0  79  1  51  2  41  3  30  4  31  5  91  6  94  7  52  8  79  9  35  10  36  11  70  12  99  13  13  14  86  15  12  16  77  17  68  18  64  19  53
  0  51  1  33  2  35  3  52  4  87  5  29  6  91  7  58  8  61  9  33  10  50  11  57  12  92  13  78  14  14  15  28  16  53  17  79  18  61  19  19
  0  64  1  90  2  38  3  70  4  22  5  62  6  79  7  40  8  44  9  39  10  74  11  4  12  17  13  3  14  62  15  56  16  79  17  79  18  23  19  14
  0  82  1  48  2  83  3  97  4  13  5  13  6  77  7  61  8  53  9  50  10  12  11  76  12  35  13  22  14  33  15  7  16  4  17  21  18  97  19  10
  0  85  1  95  2  93  3  74  4  55  5  67  6  58  7  68  8  14  9  32  10  94  11  46  12  43  13  16  14  80  15  64  16  97  17  26  18  26  19  83
  0  35  1  10  2  19  3  63  4  16  5  30  6  62  7  82  8  7  9  92  10  6  11  30  12  77  13  9  14  4  15  60  16  74  17  69  18  71  19  6
  0  8  1  60  2  15  3  78  4  86  5  52  6  57  7  20  8  91  9  33  10  78  11  81  12  65  13  85  14  51  15  23  16  66  17  11  18  47  19  85
  0  10  1  54  2  20  3  65  4  85  5  90  6  13  7  89  8  52  9  70  10  46  11  92  12  19  13  33  14  67  15  13  16  74  17  41  18  78  19  82
  0  30  1  96  2  80  3  72  4  77  5  24  6  84  7  10  8  89  9  57  10  84  11  89  12  4  13  51  14  7  15  40  16  63  17  3  18  55  19  22
  0  25  1  53  2  33  3  59  4  42  5  14  6  11  7  38  8  79  9  41  10  63  11  30  12  37  13  23  14  7  15  10  16  66  17  91  18  90  19  82
  0  25  1  54  2  46  3  45  4  94  5  1  6  84  7  35  8  55  9  48  10  92  11  51  12  97  13  20  14  81  15  46  16  12  17  64  18  81  19  24
  0  90  1  76  2  80  3  97  4  25  5  66  6  54  7  76  8  91  9  78  10  48  11  10  12  50  13  86  14  83  15  90  16  3  17  88  18  25  19  88
TPM
  0  2546  1  2546  2  2546  3  2546  4  2546  5  2546  6  2546  7  2546  8  2546  9  2546  10  2546  11  2546  12  2546  13  2546  14  2546  15  2546  16  2546  17  2546  18  2546  19  2546
PMT
  0  23  1  19  2  3  3  1  4  9  5  23  6  11  7  24  8  1  9  10  10  23  11  6  12  2  13  11  14  13  15  19  16  24  17  6  18  13  19  22
  0  19  1  22  2  8  3  17  4  21  5  8  6  6  7  11  8  15  9  17  10  12  11  24  12  24  13  21  14  7  15  9  16  18  17  4  18  18  19  18
  0  6  1  21  2  10  3  18  4  12  5  4  6  12  7  6  8  11  9  9  10  12  11  1  12  4  13  14  14  7  15  11  16  21  17  15  18  16  19  2
  0  5  1  19  2  8  3  5  4  21  5  4  6  20  7  10  8  1  9  13  10  7  11  9  12  7  13  14  14  19  15  22  16  10  17  5  18  24  19  10
  0  11  1  23  2  7  3  24  4  13  5  7  6  2  7  6  8  12  9  11  10  22  11  17  12  9  13  1  14  23  15  16  16  12  17  13  18  10  19  10
  0  20  1  22  2  15  3  13  4  3  5  21  6  14  7  18  8  8  9  18  10  18  11  23  12  17  13  7  14  22  15  21  16  3  17  17  18  14  19  3
  0  2  1  11  2  14  3  22  4  23  5  4  6  4  7  24  8  19  9  6  10  23  11  23  12  9  13  7  14  8  15  1  16  23  17  3  18  24  19  4
  0  19  1  12  2  1  3  3  4  19  5  6  6  18  7  5  8  16  9  18  10  16  11  3  12  10  13  6  14  24  15  7  16  18  17  13  18  6  19  14
  0  13  1  3  2  17  3  23  4  14  5  22  6  24  7  18  8  13  9  17  10  22  11  18  12  12  13  23  14  15  15  17  16  4  17  24  18  8  19  20
  0  15  1  11  2  3  3  10  4  14  5  8  6  5  7  3  8  21  9  6  10  24  11  6  12  10  13  8  14  3  15  15  16  21  17  6  18  6  19  14
  0  23  1  20  2  3  3  24  4  9  5  7  6  21  7  4  8  4  9  6  10  13  11  20  12  3  13  5  14  20  15  5  16  3  17  5  18  2  19  14
  0  12  1  3  2  17  3  10  4  23  5  14  6  23  7  12  8  12  9  22  10  17  11  14  12  16  13  18  14  3  15  8  16  9  17  10  18  14  19  11
  0  3  1  4  2  12  3  17  4  21  5  11  6  18  7  21  8  23  9  8  10  6  11  16  12  23  13  15  14  6  15  3  16  15  17  24  18  4  19  12
  0  5  1  20  2  24  3  21  4  12  5  15  6  3  7  19  8  15  9  23  10  1  11  3  12  3  13  9  14  14  15  7  16  4  17  23  18  16  19  17
  0  9  1  3  2  2  3  5  4  16  5  22  6  22  7  22  8  18  9  3  10  1  11  19  12  11  13  24  14  21  15  13  16  17  17  14  18  4  19  11
  0  12  1  4  2  4  3  7  4  6  5  21  6  10  7  15  8  3  9  13  10  15  11  6  12  2  13  22  14  19  15  20  16  6  17  22  18  14  19  24
  0  14  1  1  2  3  3  23  4  7  5  17  6  21  7  23  8  23  9  17  10  1  11  1  12  8  13  1  14  7  15  16  16  9  17  5  18  23  19  6
  0  8  1  9  2  11  3  23  4  4  5  1  6  6  7  24  8  12  9  5  10  16  11  3  12  5  13  5  14  5  15  21  16  11  17  10  18  20  19  8
  0  7  1  1  2  6  3  7  4  17  5  7  6  8  7  13  8  8  9  8  10  9  11  21  12  1  13  18  14  4  15  13  16  3  17  18  18  4  19  1
  0  6  1  4  2  24  3  15  4  17  5  13  6  8  7  16  8  7  9  18  10  8  11  4  12  3  13  14  14  5  15  14  16  8  17  7  18  15  19  19
