50  10
  0  96  1  70  2  94  3  7  4  94  5  99  6  57  7  62  8  93  9  86
  0  92  1  94  2  45  3  71  4  22  5  51  6  2  7  4  8  58  9  90
  0  66  1  71  2  36  3  70  4  47  5  40  6  28  7  19  8  85  9  71
  0  8  1  14  2  80  3  77  4  20  5  94  6  1  7  14  8  49  9  80
  0  96  1  38  2  3  3  60  4  30  5  83  6  59  7  89  8  77  9  11
  0  38  1  14  2  1  3  47  4  88  5  87  6  67  7  38  8  15  9  63
  0  69  1  39  2  81  3  77  4  85  5  58  6  55  7  64  8  67  9  5
  0  99  1  43  2  62  3  5  4  7  5  88  6  84  7  6  8  37  9  81
  0  13  1  58  2  16  3  76  4  76  5  72  6  96  7  48  8  38  9  58
  0  81  1  10  2  11  3  23  4  70  5  99  6  55  7  71  8  87  9  86
  0  39  1  32  2  82  3  48  4  67  5  13  6  23  7  3  8  6  9  53
  0  24  1  21  2  58  3  27  4  76  5  36  6  78  7  9  8  67  9  25
  0  15  1  23  2  16  3  43  4  22  5  22  6  57  7  21  8  92  9  66
  0  48  1  59  2  92  3  14  4  88  5  94  6  98  7  27  8  62  9  1
  0  71  1  58  2  63  3  50  4  19  5  85  6  48  7  80  8  25  9  85
  0  28  1  94  2  63  3  90  4  3  5  27  6  97  7  47  8  91  9  36
  0  57  1  80  2  16  3  6  4  36  5  37  6  31  7  84  8  48  9  51
  0  33  1  56  2  43  3  65  4  65  5  66  6  58  7  90  8  7  9  21
  0  67  1  95  2  26  3  34  4  55  5  60  6  23  7  96  8  18  9  28
  0  97  1  91  2  67  3  41  4  12  5  79  6  14  7  50  8  43  9  20
  0  18  1  29  2  37  3  22  4  66  5  33  6  13  7  15  8  98  9  88
  0  73  1  98  2  88  3  93  4  31  5  21  6  70  7  69  8  52  9  68
  0  41  1  5  2  65  3  85  4  98  5  64  6  5  7  55  8  98  9  66
  0  78  1  6  2  17  3  41  4  74  5  25  6  66  7  35  8  57  9  93
  0  20  1  17  2  12  3  77  4  6  5  1  6  30  7  35  8  96  9  93
  0  60  1  33  2  11  3  31  4  57  5  65  6  85  7  55  8  8  9  38
  0  1  1  63  2  10  3  48  4  60  5  11  6  36  7  71  8  54  9  56
  0  22  1  54  2  59  3  97  4  35  5  50  6  68  7  1  8  33  9  59
  0  30  1  50  2  14  3  58  4  54  5  76  6  8  7  35  8  18  9  9
  0  80  1  59  2  59  3  81  4  32  5  53  6  74  7  96  8  12  9  40
  0  22  1  1  2  98  3  97  4  13  5  47  6  97  7  37  8  57  9  42
  0  68  1  76  2  74  3  93  4  73  5  87  6  80  7  25  8  18  9  43
  0  45  1  8  2  26  3  76  4  49  5  27  6  58  7  31  8  91  9  97
  0  85  1  89  2  45  3  80  4  50  5  76  6  32  7  66  8  3  9  82
  0  89  1  37  2  86  3  70  4  39  5  17  6  96  7  44  8  81  9  73
  0  61  1  96  2  74  3  24  4  92  5  71  6  75  7  68  8  25  9  90
  0  50  1  54  2  37  3  54  4  82  5  27  6  12  7  95  8  29  9  48
  0  96  1  58  2  11  3  62  4  56  5  28  6  45  7  53  8  36  9  23
  0  32  1  32  2  82  3  49  4  71  5  19  6  76  7  56  8  77  9  40
  0  85  1  46  2  1  3  42  4  41  5  44  6  75  7  83  8  86  9  12
  0  71  1  73  2  71  3  64  4  4  5  58  6  67  7  37  8  19  9  75
  0  37  1  99  2  88  3  27  4  93  5  9  6  57  7  44  8  17  9  66
  0  29  1  40  2  16  3  11  4  96  5  78  6  66  7  48  8  47  9  6
  0  47  1  33  2  86  3  11  4  64  5  24  6  79  7  29  8  31  9  87
  0  94  1  93  2  44  3  24  4  92  5  97  6  81  7  34  8  14  9  38
  0  98  1  67  2  33  3  28  4  12  5  98  6  3  7  19  8  79  9  28
  0  5  1  66  2  40  3  17  4  59  5  21  6  59  7  90  8  86  9  44
  0  77  1  70  2  15  3  57  4  93  5  23  6  67  7  97  8  98  9  34
  0  77  1  30  2  53  3  47  4  27  5  31  6  88  7  27  8  90  9  57
  0  40  1  25  2  38  3  49  4  78  5  76  6  30  7  52  8  82  9  42
TPM
  0  913  1  913  2  913  3  913  4  913  5  913  6  913  7  913  8  913  9  913
PMT
  0  3  1  45  2  73  3  97  4  38  5  71  6  25  7  1  8  23  9  116
  0  87  1  88  2  58  3  46  4  70  5  30  6  103  7  49  8  102  9  18
  0  49  1  35  2  6  3  71  4  24  5  70  6  60  7  90  8  124  9  50
  0  12  1  103  2  48  3  2  4  56  5  5  6  124  7  25  8  64  9  47
  0  43  1  83  2  114  3  73  4  91  5  83  6  34  7  50  8  4  9  7
  0  61  1  101  2  45  3  5  4  30  5  21  6  5  7  123  8  5  9  26
