500  20
  0  34  1  6  2  25  3  45  4  98  5  81  6  3  7  4  8  19  9  59  10  43  11  79  12  12  13  68  14  87  15  68  16  35  17  15  18  63  19  72
  0  62  1  11  2  11  3  18  4  66  5  31  6  92  7  11  8  32  9  54  10  24  11  45  12  19  13  48  14  21  15  92  16  3  17  5  18  74  19  17
  0  94  1  20  2  92  3  9  4  25  5  85  6  55  7  36  8  8  9  34  10  89  11  39  12  51  13  60  14  62  15  36  16  68  17  3  18  21  19  95
  0  11  1  54  2  64  3  13  4  16  5  49  6  10  7  87  8  54  9  42  10  73  11  80  12  13  13  61  14  3  15  20  16  45  17  27  18  20  19  59
  0  89  1  39  2  64  3  24  4  14  5  98  6  39  7  98  8  55  9  10  10  2  11  23  12  63  13  67  14  62  15  29  16  53  17  38  18  72  19  18
  0  35  1  85  2  12  3  47  4  78  5  6  6  16  7  15  8  25  9  50  10  3  11  25  12  52  13  82  14  81  15  82  16  64  17  80  18  57  19  62
  0  53  1  72  2  68  3  36  4  52  5  85  6  14  7  60  8  97  9  38  10  64  11  54  12  40  13  3  14  53  15  29  16  88  17  18  18  3  19  31
  0  81  1  32  2  25  3  29  4  9  5  11  6  10  7  52  8  31  9  33  10  80  11  44  12  76  13  52  14  77  15  13  16  2  17  20  18  16  19  79
  0  56  1  69  2  20  3  53  4  81  5  29  6  17  7  94  8  29  9  10  10  58  11  36  12  98  13  68  14  10  15  74  16  9  17  64  18  97  19  55
  0  55  1  50  2  28  3  17  4  30  5  61  6  14  7  63  8  1  9  4  10  68  11  67  12  74  13  46  14  48  15  50  16  80  17  70  18  67  19  72
  0  72  1  39  2  7  3  33  4  22  5  77  6  82  7  70  8  43  9  81  10  67  11  92  12  91  13  99  14  66  15  12  16  7  17  53  18  89  19  31
  0  3  1  88  2  69  3  16  4  36  5  77  6  36  7  66  8  75  9  3  10  27  11  47  12  81  13  9  14  96  15  56  16  60  17  97  18  67  19  35
  0  41  1  94  2  18  3  53  4  12  5  17  6  18  7  18  8  89  9  27  10  41  11  91  12  25  13  49  14  23  15  21  16  64  17  69  18  47  19  5
  0  19  1  73  2  66  3  62  4  9  5  65  6  5  7  72  8  88  9  86  10  93  11  95  12  69  13  31  14  27  15  6  16  98  17  10  18  53  19  82
  0  50  1  30  2  34  3  54  4  47  5  76  6  32  7  86  8  23  9  22  10  20  11  49  12  76  13  98  14  7  15  17  16  95  17  2  18  33  19  81
  0  44  1  22  2  89  3  86  4  36  5  15  6  46  7  2  8  49  9  56  10  95  11  9  12  48  13  51  14  57  15  59  16  15  17  85  18  2  19  27
  0  13  1  31  2  72  3  70  4  28  5  66  6  23  7  71  8  72  9  57  10  10  11  18  12  30  13  4  14  87  15  47  16  87  17  62  18  7  19  76
  0  77  1  2  2  21  3  60  4  35  5  28  6  30  7  82  8  39  9  9  10  39  11  62  12  74  13  87  14  95  15  19  16  66  17  35  18  41  19  41
  0  57  1  16  2  91  3  45  4  13  5  49  6  18  7  30  8  8  9  89  10  14  11  47  12  8  13  64  14  55  15  57  16  49  17  40  18  95  19  30
  0  91  1  2  2  50  3  21  4  87  5  77  6  59  7  29  8  2  9  31  10  39  11  99  12  59  13  5  14  61  15  63  16  23  17  98  18  17  19  89
  0  23  1  5  2  49  3  16  4  81  5  34  6  76  7  77  8  17  9  15  10  24  11  42  12  10  13  39  14  47  15  39  16  72  17  83  18  10  19  17
  0  55  1  53  2  44  3  80  4  75  5  99  6  27  7  4  8  53  9  12  10  18  11  93  12  94  13  11  14  73  15  63  16  52  17  67  18  14  19  56
  0  56  1  25  2  13  3  91  4  95  5  14  6  41  7  61  8  85  9  81  10  69  11  82  12  63  13  71  14  39  15  72  16  92  17  19  18  23  19  30
  0  64  1  68  2  59  3  13  4  26  5  10  6  21  7  58  8  88  9  94  10  50  11  88  12  73  13  86  14  85  15  84  16  15  17  42  18  43  19  39
  0  24  1  45  2  37  3  9  4  76  5  23  6  53  7  23  8  86  9  29  10  13  11  39  12  77  13  68  14  79  15  29  16  59  17  94  18  5  19  48
  0  72  1  14  2  17  3  25  4  63  5  62  6  92  7  59  8  96  9  59  10  69  11  33  12  25  13  40  14  87  15  61  16  58  17  17  18  71  19  38
  0  21  1  38  2  84  3  61  4  79  5  32  6  19  7  32  8  73  9  56  10  15  11  65  12  99  13  93  14  99  15  75  16  9  17  60  18  11  19  85
  0  34  1  22  2  35  3  9  4  61  5  31  6  74  7  87  8  87  9  34  10  30  11  81  12  49  13  4  14  52  15  60  16  21  17  2  18  19  19  16
  0  89  1  81  2  14  3  25  4  81  5  75  6  33  7  6  8  83  9  34  10  42  11  69  12  86  13  4  14  58  15  43  16  49  17  75  18  26  19  19
  0  56  1  24  2  14  3  72  4  15  5  26  6  59  7  29  8  16  9  37  10  23  11  86  12  66  13  49  14  46  15  23  16  43  17  68  18  5  19  43
  0  51  1  81  2  19  3  47  4  73  5  4  6  58  7  19  8  42  9  27  10  47  11  69  12  72  13  6  14  61  15  90  16  49  17  50  18  71  19  97
  0  45  1  20  2  76  3  55  4  99  5  37  6  30  7  40  8  21  9  53  10  54  11  68  12  61  13  46  14  94  15  87  16  82  17  36  18  54  19  26
  0  30  1  34  2  20  3  35  4  55  5  70  6  63  7  73  8  73  9  68  10  85  11  27  12  50  13  52  14  25  15  42  16  29  17  16  18  59  19  40
  0  69  1  79  2  72  3  23  4  55  5  18  6  54  7  94  8  63  9  40  10  70  11  65  12  46  13  42  14  2  15  95  16  39  17  79  18  61  19  15
  0  96  1  18  2  22  3  10  4  38  5  57  6  18  7  75  8  28  9  53  10  7  11  67  12  55  13  69  14  1  15  5  16  61  17  31  18  8  19  2
  0  29  1  70  2  30  3  42  4  60  5  89  6  29  7  14  8  74  9  63  10  47  11  67  12  19  13  79  14  28  15  74  16  79  17  74  18  3  19  89
  0  12  1  10  2  20  3  52  4  58  5  14  6  34  7  70  8  98  9  64  10  89  11  78  12  58  13  8  14  57  15  70  16  81  17  11  18  13  19  34
  0  22  1  24  2  66  3  40  4  27  5  82  6  79  7  78  8  10  9  69  10  32  11  29  12  36  13  44  14  24  15  6  16  73  17  73  18  16  19  33
  0  74  1  44  2  63  3  25  4  92  5  47  6  80  7  73  8  59  9  37  10  41  11  83  12  60  13  32  14  14  15  2  16  98  17  97  18  76  19  17
  0  28  1  25  2  59  3  44  4  92  5  10  6  20  7  21  8  11  9  81  10  44  11  65  12  86  13  40  14  18  15  75  16  39  17  8  18  27  19  80
  0  80  1  93  2  77  3  75  4  79  5  30  6  38  7  78  8  99  9  44  10  46  11  12  12  97  13  42  14  37  15  93  16  14  17  53  18  86  19  76
  0  91  1  39  2  67  3  97  4  19  5  68  6  69  7  95  8  67  9  29  10  28  11  30  12  72  13  1  14  65  15  1  16  84  17  31  18  39  19  53
  0  84  1  84  2  43  3  23  4  46  5  47  6  22  7  44  8  70  9  18  10  77  11  32  12  53  13  19  14  85  15  16  16  46  17  89  18  60  19  86
  0  12  1  68  2  15  3  66  4  99  5  74  6  21  7  36  8  94  9  17  10  65  11  66  12  99  13  28  14  48  15  41  16  64  17  82  18  71  19  71
  0  72  1  44  2  24  3  29  4  47  5  64  6  50  7  65  8  34  9  9  10  59  11  78  12  70  13  7  14  20  15  44  16  67  17  26  18  38  19  42
  0  42  1  41  2  22  3  19  4  75  5  28  6  68  7  89  8  7  9  13  10  45  11  56  12  70  13  64  14  34  15  93  16  39  17  87  18  64  19  50
  0  33  1  79  2  62  3  38  4  6  5  41  6  79  7  25  8  21  9  63  10  89  11  59  12  75  13  26  14  60  15  67  16  37  17  83  18  37  19  25
  0  94  1  23  2  2  3  89  4  52  5  9  6  90  7  35  8  8  9  73  10  82  11  31  12  86  13  98  14  90  15  61  16  44  17  93  18  28  19  77
  0  41  1  86  2  21  3  13  4  55  5  66  6  87  7  25  8  93  9  41  10  15  11  35  12  10  13  18  14  6  15  70  16  45  17  2  18  56  19  43
  0  45  1  74  2  11  3  26  4  25  5  7  6  93  7  80  8  76  9  3  10  5  11  77  12  51  13  94  14  57  15  10  16  56  17  25  18  59  19  66
  0  47  1  88  2  89  3  44  4  1  5  22  6  19  7  3  8  16  9  63  10  67  11  93  12  60  13  16  14  7  15  12  16  68  17  92  18  45  19  58
  0  57  1  30  2  49  3  11  4  11  5  79  6  99  7  42  8  69  9  37  10  85  11  21  12  85  13  61  14  73  15  5  16  79  17  81  18  7  19  1
  0  69  1  9  2  37  3  41  4  74  5  90  6  81  7  23  8  26  9  88  10  49  11  90  12  5  13  55  14  2  15  70  16  22  17  28  18  24  19  81
  0  95  1  7  2  26  3  77  4  89  5  41  6  7  7  7  8  20  9  63  10  37  11  86  12  50  13  48  14  57  15  27  16  22  17  63  18  93  19  51
  0  95  1  73  2  32  3  7  4  2  5  79  6  5  7  55  8  23  9  25  10  83  11  84  12  54  13  8  14  92  15  81  16  25  17  52  18  56  19  69
  0  63  1  52  2  76  3  89  4  43  5  87  6  93  7  72  8  53  9  70  10  57  11  46  12  65  13  70  14  49  15  68  16  95  17  24  18  3  19  75
  0  91  1  49  2  11  3  89  4  76  5  87  6  47  7  36  8  50  9  67  10  15  11  45  12  14  13  54  14  96  15  45  16  69  17  29  18  89  19  82
  0  31  1  17  2  36  3  17  4  10  5  48  6  83  7  71  8  96  9  31  10  41  11  44  12  45  13  72  14  10  15  18  16  9  17  60  18  6  19  5
  0  10  1  2  2  4  3  21  4  37  5  97  6  69  7  99  8  92  9  68  10  67  11  47  12  34  13  77  14  45  15  29  16  95  17  20  18  40  19  41
  0  80  1  63  2  67  3  87  4  40  5  66  6  66  7  75  8  9  9  11  10  35  11  5  12  38  13  17  14  66  15  17  16  67  17  28  18  65  19  5
  0  13  1  97  2  21  3  35  4  52  5  98  6  51  7  4  8  76  9  46  10  56  11  40  12  84  13  1  14  30  15  36  16  72  17  93  18  39  19  48
  0  51  1  97  2  52  3  16  4  61  5  21  6  78  7  82  8  99  9  15  10  61  11  22  12  69  13  4  14  25  15  1  16  93  17  97  18  74  19  24
  0  96  1  32  2  91  3  60  4  13  5  48  6  80  7  30  8  76  9  15  10  65  11  7  12  24  13  45  14  28  15  71  16  89  17  66  18  37  19  4
  0  94  1  43  2  32  3  20  4  41  5  69  6  29  7  80  8  76  9  58  10  85  11  29  12  87  13  26  14  34  15  27  16  33  17  27  18  69  19  15
  0  25  1  84  2  57  3  4  4  28  5  50  6  81  7  64  8  27  9  49  10  69  11  96  12  75  13  24  14  56  15  72  16  47  17  72  18  59  19  94
  0  35  1  40  2  4  3  14  4  72  5  25  6  97  7  99  8  74  9  80  10  51  11  48  12  31  13  54  14  6  15  75  16  80  17  80  18  86  19  47
  0  63  1  14  2  29  3  13  4  31  5  82  6  12  7  65  8  44  9  84  10  20  11  43  12  18  13  69  14  5  15  35  16  60  17  68  18  24  19  70
  0  34  1  73  2  80  3  89  4  46  5  68  6  75  7  39  8  12  9  73  10  67  11  26  12  80  13  49  14  92  15  34  16  13  17  70  18  81  19  90
  0  29  1  76  2  88  3  13  4  85  5  43  6  13  7  5  8  51  9  43  10  80  11  62  12  70  13  88  14  15  15  13  16  61  17  69  18  10  19  96
  0  64  1  36  2  99  3  68  4  46  5  87  6  67  7  77  8  37  9  55  10  47  11  47  12  35  13  11  14  22  15  70  16  16  17  30  18  5  19  92
  0  34  1  80  2  59  3  34  4  8  5  30  6  10  7  94  8  6  9  92  10  28  11  33  12  96  13  47  14  11  15  98  16  19  17  8  18  84  19  90
  0  85  1  26  2  91  3  41  4  38  5  46  6  52  7  67  8  96  9  68  10  8  11  26  12  86  13  56  14  83  15  74  16  31  17  23  18  28  19  22
  0  49  1  69  2  27  3  14  4  81  5  54  6  79  7  98  8  46  9  35  10  4  11  54  12  2  13  91  14  2  15  89  16  51  17  38  18  89  19  36
  0  35  1  64  2  3  3  92  4  75  5  93  6  97  7  7  8  94  9  11  10  30  11  88  12  98  13  28  14  77  15  89  16  5  17  76  18  37  19  8
  0  64  1  39  2  11  3  83  4  93  5  84  6  63  7  15  8  27  9  34  10  19  11  92  12  46  13  99  14  20  15  34  16  57  17  58  18  77  19  85
  0  12  1  60  2  77  3  95  4  2  5  89  6  30  7  92  8  66  9  2  10  63  11  23  12  99  13  33  14  16  15  26  16  35  17  53  18  66  19  48
  0  57  1  81  2  4  3  36  4  65  5  22  6  43  7  53  8  77  9  63  10  22  11  1  12  63  13  56  14  36  15  54  16  44  17  72  18  9  19  38
  0  81  1  90  2  94  3  2  4  65  5  79  6  59  7  60  8  61  9  68  10  1  11  27  12  71  13  19  14  81  15  49  16  37  17  50  18  6  19  10
  0  68  1  66  2  58  3  73  4  92  5  4  6  71  7  80  8  50  9  89  10  17  11  25  12  78  13  71  14  14  15  55  16  65  17  82  18  5  19  99
  0  73  1  21  2  57  3  98  4  39  5  83  6  68  7  95  8  22  9  74  10  94  11  20  12  54  13  72  14  39  15  56  16  8  17  30  18  51  19  2
  0  85  1  49  2  33  3  34  4  98  5  45  6  59  7  56  8  93  9  92  10  45  11  88  12  37  13  22  14  30  15  17  16  70  17  4  18  55  19  23
  0  94  1  55  2  46  3  58  4  47  5  27  6  45  7  37  8  79  9  79  10  45  11  49  12  53  13  53  14  13  15  28  16  99  17  81  18  18  19  32
  0  30  1  7  2  96  3  7  4  79  5  3  6  15  7  44  8  12  9  9  10  12  11  61  12  44  13  23  14  50  15  59  16  49  17  26  18  82  19  36
  0  45  1  21  2  22  3  64  4  93  5  4  6  86  7  54  8  51  9  21  10  30  11  70  12  47  13  66  14  6  15  65  16  94  17  16  18  7  19  50
  0  51  1  18  2  83  3  24  4  72  5  77  6  47  7  12  8  49  9  9  10  84  11  5  12  3  13  40  14  56  15  95  16  90  17  91  18  63  19  43
  0  39  1  73  2  87  3  15  4  3  5  57  6  43  7  7  8  39  9  33  10  4  11  13  12  14  13  48  14  91  15  7  16  96  17  89  18  30  19  64
  0  27  1  57  2  10  3  29  4  18  5  44  6  20  7  1  8  62  9  9  10  29  11  5  12  60  13  21  14  34  15  68  16  48  17  13  18  7  19  9
  0  35  1  46  2  7  3  18  4  64  5  13  6  33  7  87  8  48  9  1  10  40  11  25  12  51  13  4  14  45  15  27  16  17  17  60  18  89  19  44
  0  70  1  38  2  44  3  36  4  30  5  15  6  61  7  90  8  19  9  10  10  21  11  80  12  65  13  69  14  16  15  57  16  7  17  19  18  84  19  29
  0  70  1  23  2  75  3  55  4  79  5  23  6  4  7  48  8  93  9  38  10  42  11  96  12  12  13  61  14  47  15  14  16  73  17  77  18  19  19  1
  0  44  1  70  2  36  3  63  4  79  5  34  6  34  7  33  8  84  9  68  10  95  11  75  12  23  13  38  14  81  15  77  16  58  17  34  18  24  19  78
  0  4  1  44  2  55  3  39  4  24  5  53  6  53  7  99  8  31  9  98  10  2  11  72  12  39  13  63  14  30  15  35  16  92  17  94  18  65  19  54
  0  79  1  60  2  95  3  52  4  78  5  98  6  57  7  72  8  23  9  3  10  71  11  33  12  66  13  67  14  10  15  58  16  85  17  84  18  52  19  37
  0  59  1  43  2  60  3  40  4  9  5  2  6  8  7  1  8  80  9  24  10  17  11  37  12  13  13  88  14  89  15  70  16  24  17  26  18  51  19  77
  0  98  1  41  2  39  3  61  4  67  5  18  6  87  7  51  8  10  9  22  10  13  11  51  12  26  13  42  14  94  15  95  16  47  17  44  18  98  19  3
  0  83  1  17  2  93  3  7  4  45  5  40  6  56  7  24  8  61  9  13  10  67  11  86  12  98  13  4  14  46  15  46  16  53  17  23  18  70  19  22
  0  52  1  25  2  78  3  51  4  15  5  99  6  57  7  88  8  38  9  94  10  61  11  15  12  9  13  87  14  8  15  95  16  75  17  1  18  55  19  85
  0  5  1  24  2  57  3  54  4  27  5  94  6  37  7  2  8  38  9  32  10  44  11  79  12  8  13  52  14  71  15  31  16  24  17  87  18  53  19  24
  0  53  1  3  2  77  3  42  4  26  5  69  6  66  7  43  8  42  9  48  10  19  11  16  12  83  13  91  14  26  15  90  16  73  17  59  18  85  19  76
  0  97  1  17  2  95  3  44  4  9  5  54  6  88  7  63  8  62  9  51  10  37  11  68  12  55  13  62  14  59  15  25  16  66  17  19  18  84  19  97
  0  23  1  57  2  60  3  55  4  42  5  20  6  29  7  64  8  21  9  89  10  88  11  51  12  72  13  65  14  11  15  43  16  26  17  79  18  3  19  6
  0  56  1  3  2  16  3  43  4  93  5  14  6  43  7  35  8  29  9  11  10  73  11  15  12  33  13  99  14  64  15  28  16  36  17  82  18  75  19  2
  0  39  1  23  2  72  3  38  4  66  5  89  6  81  7  11  8  72  9  70  10  66  11  1  12  46  13  28  14  47  15  30  16  8  17  41  18  92  19  76
  0  75  1  40  2  50  3  59  4  30  5  39  6  96  7  40  8  37  9  24  10  24  11  87  12  85  13  44  14  87  15  84  16  50  17  19  18  96  19  89
  0  96  1  64  2  6  3  68  4  83  5  80  6  43  7  66  8  27  9  77  10  97  11  87  12  31  13  23  14  31  15  1  16  8  17  37  18  97  19  81
  0  31  1  59  2  85  3  63  4  10  5  78  6  14  7  69  8  54  9  6  10  50  11  30  12  88  13  95  14  25  15  17  16  38  17  85  18  64  19  48
  0  69  1  95  2  74  3  39  4  86  5  96  6  34  7  20  8  98  9  48  10  82  11  25  12  18  13  72  14  22  15  30  16  48  17  3  18  55  19  4
  0  75  1  20  2  36  3  89  4  75  5  91  6  3  7  35  8  88  9  37  10  24  11  29  12  40  13  19  14  66  15  34  16  93  17  16  18  79  19  3
  0  77  1  25  2  47  3  26  4  11  5  20  6  49  7  44  8  28  9  32  10  44  11  33  12  76  13  54  14  49  15  36  16  26  17  76  18  98  19  93
  0  33  1  3  2  86  3  21  4  36  5  13  6  43  7  8  8  72  9  58  10  87  11  45  12  54  13  14  14  59  15  21  16  37  17  27  18  31  19  22
  0  64  1  34  2  37  3  35  4  81  5  20  6  87  7  40  8  45  9  69  10  43  11  47  12  80  13  17  14  69  15  94  16  41  17  89  18  2  19  30
  0  3  1  21  2  83  3  49  4  80  5  55  6  67  7  33  8  39  9  89  10  84  11  38  12  61  13  15  14  19  15  19  16  78  17  49  18  49  19  86
  0  79  1  84  2  48  3  33  4  53  5  85  6  40  7  75  8  30  9  6  10  63  11  2  12  33  13  21  14  89  15  25  16  47  17  87  18  93  19  63
  0  71  1  74  2  80  3  21  4  12  5  32  6  2  7  28  8  21  9  95  10  35  11  62  12  13  13  33  14  99  15  71  16  90  17  84  18  19  19  49
  0  66  1  63  2  79  3  58  4  70  5  96  6  34  7  91  8  81  9  43  10  39  11  1  12  5  13  17  14  37  15  61  16  98  17  83  18  22  19  39
  0  26  1  31  2  47  3  66  4  69  5  18  6  60  7  65  8  44  9  62  10  75  11  58  12  1  13  11  14  24  15  67  16  91  17  6  18  43  19  74
  0  53  1  50  2  78  3  13  4  23  5  25  6  27  7  7  8  93  9  16  10  45  11  60  12  75  13  48  14  89  15  3  16  11  17  42  18  70  19  99
  0  80  1  35  2  33  3  5  4  74  5  42  6  1  7  27  8  34  9  26  10  47  11  8  12  67  13  30  14  66  15  53  16  24  17  75  18  73  19  59
  0  58  1  20  2  61  3  34  4  14  5  62  6  66  7  84  8  39  9  99  10  45  11  44  12  77  13  90  14  65  15  46  16  19  17  93  18  39  19  72
  0  98  1  57  2  76  3  34  4  72  5  3  6  30  7  55  8  20  9  15  10  52  11  83  12  40  13  31  14  87  15  33  16  50  17  7  18  83  19  33
  0  94  1  81  2  78  3  48  4  31  5  85  6  99  7  99  8  52  9  49  10  93  11  68  12  53  13  18  14  63  15  2  16  52  17  81  18  78  19  37
  0  36  1  62  2  88  3  99  4  80  5  30  6  69  7  65  8  58  9  34  10  51  11  75  12  57  13  75  14  39  15  48  16  48  17  48  18  12  19  38
  0  83  1  39  2  47  3  13  4  27  5  47  6  42  7  68  8  31  9  75  10  91  11  99  12  13  13  6  14  61  15  84  16  5  17  44  18  75  19  71
  0  75  1  21  2  78  3  48  4  47  5  61  6  73  7  60  8  52  9  77  10  31  11  94  12  10  13  36  14  8  15  38  16  16  17  5  18  47  19  99
  0  73  1  89  2  30  3  26  4  6  5  4  6  1  7  75  8  31  9  45  10  3  11  23  12  3  13  60  14  75  15  96  16  21  17  17  18  3  19  83
  0  77  1  41  2  38  3  58  4  17  5  61  6  13  7  9  8  77  9  71  10  18  11  68  12  80  13  22  14  29  15  81  16  80  17  84  18  87  19  64
  0  65  1  51  2  76  3  26  4  7  5  68  6  56  7  71  8  75  9  16  10  28  11  1  12  76  13  79  14  65  15  76  16  80  17  78  18  21  19  21
  0  34  1  45  2  90  3  54  4  94  5  68  6  1  7  17  8  22  9  47  10  53  11  5  12  3  13  23  14  46  15  20  16  16  17  79  18  34  19  32
  0  46  1  23  2  22  3  77  4  12  5  99  6  94  7  56  8  65  9  98  10  24  11  5  12  72  13  48  14  7  15  48  16  95  17  19  18  34  19  63
  0  25  1  60  2  84  3  5  4  27  5  70  6  88  7  74  8  25  9  50  10  27  11  47  12  11  13  4  14  39  15  61  16  63  17  82  18  63  19  58
  0  25  1  75  2  34  3  22  4  43  5  22  6  8  7  44  8  4  9  59  10  95  11  34  12  1  13  65  14  16  15  31  16  12  17  44  18  7  19  94
  0  89  1  57  2  51  3  91  4  80  5  16  6  8  7  84  8  23  9  77  10  57  11  6  12  3  13  13  14  95  15  69  16  61  17  26  18  37  19  48
  0  77  1  70  2  26  3  29  4  72  5  71  6  35  7  10  8  18  9  45  10  30  11  18  12  34  13  94  14  25  15  48  16  10  17  12  18  33  19  60
  0  95  1  6  2  15  3  76  4  29  5  54  6  74  7  75  8  6  9  43  10  40  11  71  12  14  13  29  14  43  15  26  16  80  17  59  18  80  19  22
  0  98  1  16  2  16  3  12  4  42  5  81  6  71  7  9  8  91  9  41  10  95  11  85  12  5  13  56  14  25  15  8  16  26  17  91  18  65  19  99
  0  19  1  74  2  63  3  34  4  51  5  6  6  44  7  88  8  76  9  78  10  44  11  11  12  91  13  45  14  47  15  80  16  65  17  53  18  11  19  71
  0  56  1  47  2  55  3  39  4  82  5  90  6  30  7  93  8  3  9  62  10  91  11  37  12  8  13  41  14  53  15  63  16  64  17  68  18  99  19  63
  0  27  1  51  2  67  3  72  4  29  5  68  6  33  7  58  8  17  9  67  10  67  11  42  12  74  13  71  14  46  15  82  16  79  17  39  18  23  19  85
  0  57  1  49  2  99  3  14  4  44  5  87  6  60  7  95  8  68  9  78  10  57  11  78  12  14  13  67  14  44  15  63  16  28  17  65  18  10  19  15
  0  74  1  3  2  66  3  36  4  55  5  47  6  80  7  62  8  57  9  5  10  48  11  95  12  79  13  77  14  63  15  89  16  62  17  75  18  37  19  73
  0  17  1  92  2  43  3  45  4  30  5  90  6  19  7  98  8  95  9  60  10  39  11  49  12  79  13  55  14  36  15  76  16  48  17  5  18  46  19  6
  0  92  1  57  2  2  3  89  4  46  5  22  6  84  7  57  8  60  9  88  10  34  11  48  12  3  13  65  14  58  15  59  16  86  17  50  18  90  19  50
  0  29  1  23  2  12  3  96  4  40  5  44  6  3  7  90  8  39  9  69  10  8  11  24  12  77  13  40  14  30  15  94  16  22  17  98  18  91  19  41
  0  4  1  29  2  7  3  78  4  60  5  43  6  79  7  95  8  4  9  50  10  6  11  46  12  15  13  71  14  44  15  22  16  26  17  8  18  98  19  19
  0  57  1  62  2  6  3  10  4  16  5  65  6  34  7  94  8  62  9  72  10  36  11  99  12  18  13  21  14  11  15  31  16  57  17  70  18  62  19  15
  0  21  1  61  2  64  3  74  4  26  5  63  6  76  7  26  8  70  9  5  10  54  11  6  12  66  13  99  14  59  15  40  16  28  17  16  18  64  19  29
  0  13  1  51  2  2  3  23  4  95  5  9  6  4  7  80  8  7  9  85  10  37  11  60  12  88  13  29  14  19  15  80  16  26  17  8  18  78  19  41
  0  72  1  15  2  3  3  6  4  71  5  92  6  61  7  73  8  45  9  44  10  22  11  98  12  6  13  89  14  92  15  35  16  90  17  56  18  45  19  11
  0  57  1  23  2  12  3  57  4  71  5  64  6  71  7  68  8  70  9  56  10  46  11  31  12  93  13  37  14  78  15  78  16  17  17  47  18  82  19  51
  0  16  1  73  2  62  3  59  4  63  5  86  6  45  7  93  8  23  9  49  10  93  11  10  12  96  13  12  14  71  15  15  16  49  17  51  18  78  19  97
  0  97  1  4  2  1  3  94  4  61  5  91  6  19  7  93  8  84  9  65  10  72  11  99  12  2  13  96  14  89  15  27  16  97  17  86  18  19  19  85
  0  76  1  90  2  13  3  76  4  52  5  76  6  75  7  22  8  14  9  44  10  44  11  86  12  41  13  93  14  92  15  61  16  66  17  18  18  61  19  28
  0  97  1  46  2  53  3  26  4  76  5  79  6  62  7  73  8  9  9  78  10  99  11  34  12  98  13  7  14  66  15  16  16  90  17  36  18  61  19  54
  0  74  1  65  2  28  3  14  4  21  5  13  6  94  7  95  8  61  9  76  10  45  11  67  12  17  13  80  14  26  15  20  16  30  17  55  18  87  19  30
  0  85  1  99  2  2  3  93  4  1  5  43  6  19  7  43  8  19  9  8  10  43  11  68  12  50  13  12  14  38  15  12  16  44  17  95  18  10  19  93
  0  67  1  47  2  12  3  4  4  42  5  57  6  68  7  55  8  66  9  28  10  26  11  83  12  9  13  29  14  65  15  52  16  59  17  66  18  38  19  78
  0  79  1  1  2  12  3  5  4  79  5  46  6  36  7  72  8  10  9  18  10  66  11  83  12  65  13  33  14  3  15  36  16  12  17  59  18  33  19  86
  0  3  1  73  2  89  3  80  4  43  5  92  6  57  7  30  8  13  9  61  10  91  11  51  12  57  13  21  14  33  15  83  16  9  17  4  18  34  19  47
  0  7  1  6  2  19  3  29  4  4  5  54  6  63  7  74  8  6  9  64  10  51  11  54  12  70  13  35  14  41  15  25  16  48  17  61  18  69  19  80
  0  65  1  35  2  48  3  98  4  74  5  70  6  52  7  11  8  4  9  90  10  96  11  43  12  9  13  26  14  49  15  22  16  91  17  53  18  39  19  34
  0  40  1  48  2  29  3  80  4  15  5  31  6  95  7  79  8  67  9  52  10  23  11  89  12  85  13  14  14  81  15  66  16  92  17  46  18  88  19  75
  0  41  1  81  2  38  3  26  4  82  5  93  6  65  7  92  8  5  9  90  10  76  11  38  12  71  13  77  14  50  15  67  16  96  17  45  18  20  19  62
  0  37  1  27  2  63  3  76  4  5  5  45  6  63  7  6  8  14  9  38  10  38  11  48  12  13  13  23  14  27  15  19  16  81  17  68  18  2  19  98
  0  82  1  49  2  24  3  19  4  95  5  19  6  74  7  4  8  88  9  34  10  32  11  50  12  80  13  92  14  63  15  92  16  19  17  97  18  69  19  78
  0  77  1  34  2  74  3  81  4  25  5  31  6  82  7  3  8  50  9  54  10  19  11  36  12  27  13  32  14  34  15  15  16  46  17  32  18  38  19  59
  0  78  1  23  2  1  3  80  4  11  5  2  6  23  7  22  8  88  9  57  10  74  11  52  12  61  13  17  14  47  15  14  16  96  17  92  18  73  19  17
  0  21  1  1  2  6  3  29  4  5  5  61  6  56  7  74  8  97  9  70  10  55  11  87  12  68  13  11  14  47  15  44  16  30  17  51  18  68  19  83
  0  37  1  32  2  56  3  2  4  85  5  65  6  83  7  62  8  62  9  63  10  22  11  58  12  15  13  5  14  75  15  36  16  49  17  80  18  46  19  52
  0  61  1  85  2  15  3  23  4  73  5  63  6  44  7  91  8  29  9  84  10  50  11  25  12  53  13  52  14  94  15  14  16  6  17  50  18  85  19  30
  0  69  1  72  2  2  3  81  4  43  5  6  6  68  7  49  8  53  9  53  10  57  11  12  12  89  13  24  14  82  15  84  16  26  17  19  18  17  19  33
  0  88  1  90  2  50  3  31  4  88  5  64  6  71  7  78  8  19  9  41  10  34  11  2  12  79  13  16  14  38  15  98  16  5  17  89  18  53  19  92
  0  77  1  63  2  47  3  22  4  74  5  25  6  3  7  74  8  67  9  83  10  39  11  34  12  77  13  2  14  72  15  17  16  60  17  39  18  67  19  94
  0  59  1  3  2  83  3  45  4  70  5  62  6  8  7  79  8  88  9  88  10  24  11  24  12  45  13  15  14  73  15  62  16  43  17  26  18  92  19  75
  0  57  1  36  2  40  3  19  4  54  5  97  6  49  7  32  8  48  9  64  10  67  11  71  12  2  13  92  14  66  15  12  16  30  17  48  18  37  19  53
  0  72  1  78  2  99  3  32  4  42  5  32  6  96  7  19  8  66  9  59  10  50  11  55  12  66  13  24  14  97  15  69  16  65  17  3  18  39  19  56
  0  96  1  50  2  56  3  22  4  60  5  65  6  93  7  33  8  64  9  84  10  9  11  6  12  24  13  82  14  29  15  41  16  22  17  60  18  76  19  86
  0  51  1  50  2  46  3  63  4  83  5  67  6  42  7  25  8  49  9  86  10  28  11  5  12  15  13  28  14  22  15  71  16  86  17  71  18  49  19  26
  0  90  1  48  2  51  3  80  4  98  5  65  6  84  7  7  8  99  9  64  10  77  11  65  12  44  13  22  14  30  15  32  16  6  17  54  18  57  19  83
  0  29  1  64  2  28  3  24  4  74  5  45  6  52  7  49  8  72  9  54  10  95  11  90  12  42  13  88  14  48  15  78  16  41  17  42  18  66  19  16
  0  53  1  29  2  64  3  67  4  33  5  92  6  28  7  77  8  50  9  44  10  74  11  2  12  21  13  94  14  77  15  94  16  12  17  74  18  38  19  94
  0  48  1  55  2  73  3  7  4  64  5  26  6  35  7  58  8  85  9  69  10  2  11  90  12  29  13  60  14  1  15  8  16  41  17  74  18  41  19  97
  0  43  1  66  2  79  3  90  4  27  5  85  6  40  7  28  8  29  9  6  10  71  11  53  12  83  13  11  14  96  15  41  16  17  17  48  18  96  19  39
  0  55  1  51  2  44  3  85  4  32  5  85  6  56  7  14  8  34  9  75  10  50  11  72  12  29  13  21  14  10  15  22  16  42  17  85  18  10  19  71
  0  89  1  51  2  45  3  79  4  86  5  50  6  56  7  39  8  76  9  18  10  70  11  94  12  63  13  34  14  72  15  86  16  35  17  49  18  99  19  17
  0  14  1  1  2  8  3  67  4  62  5  77  6  52  7  25  8  46  9  91  10  3  11  1  12  23  13  41  14  53  15  36  16  7  17  99  18  23  19  32
  0  30  1  62  2  45  3  58  4  10  5  14  6  94  7  14  8  74  9  19  10  2  11  60  12  23  13  47  14  47  15  28  16  15  17  77  18  48  19  86
  0  10  1  45  2  64  3  29  4  22  5  27  6  94  7  92  8  29  9  82  10  41  11  33  12  81  13  84  14  63  15  19  16  84  17  29  18  42  19  20
  0  50  1  80  2  34  3  90  4  43  5  10  6  76  7  83  8  71  9  30  10  88  11  50  12  94  13  33  14  66  15  99  16  43  17  82  18  65  19  27
  0  79  1  13  2  32  3  37  4  46  5  55  6  15  7  27  8  68  9  63  10  76  11  90  12  25  13  43  14  70  15  65  16  94  17  77  18  81  19  47
  0  30  1  18  2  16  3  20  4  48  5  87  6  6  7  89  8  8  9  99  10  65  11  24  12  25  13  6  14  93  15  24  16  55  17  14  18  45  19  87
  0  29  1  48  2  81  3  42  4  28  5  33  6  87  7  48  8  36  9  36  10  22  11  13  12  4  13  91  14  25  15  53  16  8  17  85  18  8  19  8
  0  1  1  90  2  95  3  77  4  66  5  66  6  1  7  54  8  53  9  73  10  48  11  65  12  24  13  56  14  70  15  27  16  51  17  98  18  60  19  13
  0  67  1  66  2  37  3  59  4  20  5  73  6  62  7  70  8  3  9  50  10  23  11  95  12  70  13  87  14  59  15  87  16  50  17  98  18  6  19  72
  0  1  1  16  2  71  3  81  4  99  5  10  6  83  7  29  8  50  9  8  10  69  11  38  12  26  13  41  14  42  15  47  16  19  17  55  18  25  19  46
  0  47  1  49  2  29  3  30  4  31  5  46  6  61  7  65  8  55  9  1  10  36  11  6  12  68  13  93  14  13  15  16  16  92  17  73  18  86  19  63
  0  45  1  49  2  93  3  12  4  87  5  33  6  27  7  19  8  55  9  98  10  62  11  14  12  47  13  95  14  30  15  18  16  60  17  38  18  6  19  25
  0  5  1  65  2  95  3  64  4  44  5  27  6  24  7  6  8  27  9  58  10  70  11  80  12  21  13  31  14  14  15  30  16  68  17  9  18  60  19  3
  0  98  1  37  2  74  3  65  4  96  5  49  6  55  7  1  8  98  9  58  10  2  11  92  12  59  13  81  14  66  15  41  16  29  17  12  18  5  19  47
  0  16  1  21  2  56  3  63  4  26  5  83  6  16  7  95  8  23  9  28  10  85  11  6  12  33  13  73  14  15  15  50  16  78  17  13  18  64  19  52
  0  51  1  21  2  57  3  1  4  17  5  33  6  5  7  10  8  39  9  9  10  9  11  91  12  62  13  63  14  87  15  25  16  72  17  55  18  81  19  21
  0  46  1  47  2  24  3  21  4  53  5  81  6  86  7  73  8  66  9  36  10  39  11  77  12  87  13  60  14  83  15  88  16  16  17  99  18  46  19  31
  0  2  1  53  2  41  3  51  4  59  5  32  6  37  7  14  8  35  9  17  10  98  11  24  12  69  13  21  14  73  15  23  16  72  17  4  18  46  19  2
  0  21  1  13  2  91  3  17  4  41  5  32  6  92  7  5  8  34  9  56  10  1  11  44  12  61  13  47  14  57  15  94  16  86  17  19  18  4  19  12
  0  57  1  58  2  55  3  32  4  65  5  93  6  8  7  69  8  16  9  54  10  99  11  57  12  91  13  84  14  57  15  41  16  10  17  11  18  97  19  5
  0  88  1  72  2  56  3  74  4  75  5  66  6  65  7  48  8  14  9  61  10  12  11  30  12  42  13  88  14  40  15  80  16  45  17  9  18  77  19  1
  0  22  1  18  2  6  3  21  4  19  5  35  6  99  7  56  8  55  9  91  10  14  11  52  12  34  13  13  14  75  15  28  16  15  17  53  18  25  19  95
  0  2  1  43  2  15  3  17  4  58  5  40  6  45  7  11  8  58  9  6  10  10  11  40  12  44  13  48  14  74  15  29  16  32  17  95  18  10  19  99
  0  4  1  91  2  57  3  19  4  66  5  39  6  99  7  94  8  65  9  25  10  46  11  79  12  97  13  91  14  89  15  50  16  38  17  62  18  61  19  74
  0  94  1  16  2  9  3  92  4  50  5  71  6  67  7  79  8  48  9  41  10  4  11  42  12  43  13  45  14  48  15  83  16  18  17  7  18  45  19  46
  0  26  1  64  2  92  3  1  4  38  5  80  6  41  7  43  8  79  9  28  10  84  11  28  12  82  13  68  14  53  15  48  16  22  17  81  18  98  19  25
  0  73  1  93  2  24  3  85  4  29  5  11  6  6  7  33  8  61  9  66  10  7  11  39  12  11  13  27  14  78  15  15  16  50  17  29  18  1  19  38
  0  42  1  28  2  10  3  38  4  88  5  87  6  2  7  78  8  54  9  45  10  33  11  78  12  5  13  20  14  41  15  68  16  78  17  64  18  51  19  63
  0  9  1  65  2  53  3  11  4  46  5  40  6  68  7  40  8  49  9  1  10  28  11  15  12  51  13  74  14  34  15  79  16  19  17  92  18  86  19  37
  0  57  1  96  2  85  3  9  4  25  5  30  6  51  7  56  8  73  9  3  10  7  11  76  12  12  13  45  14  31  15  81  16  75  17  97  18  79  19  47
  0  39  1  6  2  6  3  81  4  96  5  99  6  56  7  32  8  20  9  97  10  18  11  61  12  55  13  43  14  26  15  42  16  11  17  82  18  77  19  54
  0  59  1  44  2  98  3  82  4  60  5  42  6  65  7  55  8  54  9  67  10  81  11  69  12  14  13  97  14  45  15  83  16  30  17  57  18  76  19  86
  0  75  1  12  2  81  3  71  4  84  5  60  6  72  7  65  8  23  9  79  10  68  11  94  12  47  13  25  14  51  15  99  16  81  17  90  18  54  19  19
  0  51  1  84  2  93  3  94  4  55  5  76  6  84  7  94  8  69  9  18  10  97  11  40  12  9  13  41  14  43  15  71  16  98  17  94  18  96  19  20
  0  15  1  68  2  1  3  45  4  11  5  5  6  93  7  55  8  46  9  17  10  74  11  41  12  51  13  57  14  88  15  70  16  35  17  88  18  88  19  25
  0  94  1  75  2  22  3  96  4  83  5  85  6  39  7  45  8  62  9  65  10  22  11  8  12  26  13  43  14  76  15  6  16  88  17  60  18  55  19  82
  0  59  1  45  2  79  3  74  4  52  5  61  6  89  7  99  8  15  9  25  10  46  11  16  12  53  13  45  14  55  15  69  16  99  17  42  18  87  19  62
  0  56  1  57  2  21  3  86  4  88  5  40  6  25  7  11  8  82  9  91  10  66  11  23  12  67  13  92  14  98  15  54  16  65  17  46  18  71  19  47
  0  42  1  20  2  77  3  41  4  52  5  58  6  5  7  80  8  99  9  99  10  81  11  73  12  73  13  29  14  20  15  72  16  20  17  44  18  2  19  25
  0  59  1  17  2  58  3  26  4  56  5  73  6  37  7  96  8  17  9  28  10  60  11  32  12  58  13  56  14  24  15  9  16  66  17  71  18  77  19  56
  0  62  1  46  2  88  3  14  4  23  5  9  6  96  7  41  8  30  9  84  10  89  11  46  12  48  13  76  14  67  15  49  16  50  17  96  18  77  19  4
  0  48  1  95  2  35  3  32  4  89  5  60  6  57  7  58  8  32  9  57  10  83  11  34  12  7  13  62  14  56  15  99  16  27  17  94  18  79  19  23
  0  15  1  35  2  96  3  7  4  44  5  29  6  27  7  58  8  12  9  66  10  80  11  58  12  12  13  7  14  25  15  83  16  53  17  3  18  75  19  62
  0  51  1  12  2  35  3  57  4  89  5  27  6  6  7  30  8  21  9  54  10  50  11  9  12  62  13  15  14  58  15  71  16  6  17  54  18  75  19  25
  0  45  1  82  2  80  3  26  4  76  5  91  6  12  7  80  8  55  9  2  10  99  11  26  12  89  13  49  14  44  15  79  16  11  17  10  18  37  19  87
  0  55  1  28  2  39  3  45  4  46  5  89  6  36  7  35  8  56  9  52  10  51  11  32  12  89  13  40  14  90  15  56  16  25  17  48  18  28  19  73
  0  90  1  21  2  81  3  89  4  76  5  5  6  25  7  58  8  3  9  80  10  26  11  39  12  94  13  25  14  31  15  38  16  32  17  69  18  20  19  30
  0  81  1  45  2  94  3  66  4  28  5  30  6  98  7  81  8  54  9  45  10  57  11  72  12  43  13  66  14  97  15  22  16  6  17  35  18  93  19  62
  0  44  1  1  2  23  3  32  4  18  5  24  6  60  7  50  8  72  9  10  10  23  11  18  12  32  13  72  14  47  15  25  16  77  17  36  18  70  19  15
  0  72  1  24  2  36  3  45  4  86  5  91  6  52  7  29  8  34  9  15  10  68  11  67  12  46  13  29  14  59  15  96  16  17  17  74  18  14  19  4
  0  12  1  11  2  88  3  93  4  23  5  95  6  52  7  12  8  98  9  41  10  49  11  55  12  7  13  92  14  52  15  15  16  82  17  95  18  73  19  46
  0  84  1  42  2  68  3  55  4  63  5  20  6  37  7  48  8  98  9  97  10  31  11  76  12  80  13  19  14  83  15  85  16  32  17  95  18  54  19  39
  0  88  1  20  2  51  3  81  4  93  5  33  6  45  7  65  8  82  9  22  10  19  11  44  12  43  13  32  14  13  15  18  16  87  17  21  18  41  19  81
  0  82  1  83  2  99  3  6  4  99  5  26  6  3  7  55  8  4  9  75  10  1  11  27  12  83  13  45  14  73  15  58  16  86  17  95  18  4  19  38
  0  27  1  59  2  71  3  25  4  58  5  22  6  26  7  54  8  51  9  77  10  28  11  77  12  5  13  93  14  62  15  86  16  79  17  68  18  68  19  96
  0  44  1  56  2  39  3  4  4  60  5  82  6  87  7  29  8  53  9  1  10  71  11  30  12  44  13  43  14  40  15  24  16  45  17  70  18  30  19  69
  0  23  1  28  2  33  3  97  4  13  5  57  6  12  7  69  8  19  9  29  10  27  11  36  12  25  13  80  14  19  15  3  16  33  17  95  18  40  19  25
  0  72  1  40  2  42  3  96  4  54  5  52  6  61  7  9  8  80  9  52  10  51  11  79  12  14  13  7  14  68  15  86  16  70  17  77  18  92  19  65
  0  5  1  34  2  54  3  33  4  80  5  12  6  91  7  69  8  57  9  40  10  57  11  56  12  40  13  74  14  60  15  54  16  64  17  12  18  97  19  81
  0  8  1  68  2  17  3  6  4  71  5  46  6  21  7  73  8  54  9  26  10  2  11  42  12  15  13  56  14  50  15  80  16  9  17  32  18  10  19  54
  0  24  1  69  2  40  3  17  4  65  5  37  6  24  7  73  8  70  9  92  10  38  11  75  12  33  13  35  14  54  15  78  16  83  17  69  18  56  19  68
  0  54  1  43  2  84  3  26  4  16  5  15  6  43  7  3  8  75  9  45  10  28  11  15  12  66  13  33  14  66  15  84  16  70  17  28  18  80  19  83
  0  58  1  10  2  99  3  56  4  26  5  91  6  94  7  36  8  76  9  97  10  16  11  65  12  76  13  43  14  43  15  1  16  62  17  72  18  86  19  58
  0  7  1  75  2  1  3  20  4  55  5  72  6  90  7  19  8  92  9  22  10  30  11  72  12  2  13  25  14  23  15  25  16  20  17  95  18  68  19  23
  0  17  1  48  2  16  3  39  4  40  5  8  6  25  7  6  8  98  9  37  10  61  11  38  12  92  13  65  14  87  15  43  16  1  17  27  18  44  19  63
  0  83  1  61  2  25  3  85  4  66  5  43  6  78  7  12  8  15  9  28  10  10  11  92  12  9  13  32  14  52  15  50  16  77  17  89  18  36  19  42
  0  57  1  63  2  74  3  64  4  89  5  80  6  45  7  66  8  53  9  31  10  34  11  42  12  7  13  58  14  67  15  25  16  4  17  18  18  61  19  82
  0  73  1  87  2  53  3  8  4  96  5  54  6  95  7  39  8  35  9  13  10  27  11  66  12  62  13  50  14  60  15  94  16  18  17  5  18  36  19  80
  0  99  1  14  2  45  3  64  4  43  5  96  6  13  7  53  8  57  9  44  10  93  11  36  12  20  13  93  14  35  15  37  16  63  17  19  18  92  19  33
  0  76  1  70  2  6  3  93  4  24  5  43  6  78  7  18  8  59  9  43  10  22  11  83  12  69  13  99  14  38  15  22  16  85  17  30  18  66  19  87
  0  55  1  66  2  23  3  1  4  46  5  86  6  93  7  56  8  29  9  22  10  67  11  37  12  74  13  27  14  27  15  95  16  43  17  31  18  16  19  57
  0  62  1  22  2  65  3  81  4  26  5  8  6  49  7  86  8  41  9  83  10  86  11  5  12  20  13  69  14  25  15  42  16  8  17  27  18  67  19  50
  0  57  1  56  2  22  3  43  4  20  5  16  6  2  7  3  8  8  9  48  10  86  11  65  12  39  13  84  14  33  15  86  16  77  17  55  18  93  19  17
  0  30  1  50  2  82  3  40  4  59  5  87  6  3  7  55  8  21  9  95  10  97  11  13  12  46  13  10  14  32  15  24  16  16  17  42  18  88  19  4
  0  99  1  77  2  31  3  31  4  64  5  98  6  89  7  22  8  68  9  52  10  60  11  52  12  89  13  95  14  16  15  84  16  72  17  99  18  82  19  69
  0  70  1  92  2  27  3  43  4  36  5  66  6  51  7  35  8  79  9  80  10  99  11  44  12  83  13  43  14  14  15  74  16  77  17  50  18  6  19  16
  0  80  1  4  2  18  3  15  4  68  5  54  6  98  7  88  8  45  9  28  10  21  11  46  12  3  13  40  14  99  15  50  16  6  17  4  18  11  19  16
  0  42  1  76  2  97  3  29  4  18  5  17  6  30  7  49  8  83  9  45  10  50  11  5  12  38  13  12  14  9  15  10  16  30  17  31  18  94  19  59
  0  54  1  41  2  97  3  81  4  27  5  79  6  62  7  49  8  70  9  96  10  16  11  87  12  50  13  44  14  98  15  19  16  47  17  15  18  98  19  42
  0  49  1  10  2  94  3  35  4  3  5  71  6  53  7  25  8  52  9  3  10  20  11  63  12  66  13  54  14  23  15  2  16  21  17  73  18  60  19  64
  0  87  1  13  2  52  3  55  4  63  5  71  6  67  7  33  8  7  9  98  10  66  11  70  12  8  13  92  14  13  15  59  16  75  17  76  18  49  19  32
  0  27  1  14  2  41  3  23  4  34  5  27  6  29  7  66  8  21  9  3  10  44  11  28  12  53  13  19  14  78  15  5  16  54  17  13  18  24  19  50
  0  22  1  75  2  6  3  86  4  54  5  60  6  77  7  36  8  95  9  14  10  67  11  83  12  59  13  82  14  77  15  21  16  2  17  62  18  78  19  70
  0  31  1  70  2  62  3  77  4  1  5  72  6  30  7  8  8  11  9  94  10  36  11  4  12  4  13  98  14  16  15  74  16  48  17  1  18  66  19  36
  0  42  1  64  2  60  3  17  4  70  5  93  6  98  7  94  8  2  9  12  10  59  11  38  12  18  13  1  14  69  15  61  16  5  17  30  18  22  19  17
  0  36  1  15  2  25  3  87  4  55  5  64  6  23  7  52  8  15  9  22  10  57  11  34  12  33  13  7  14  52  15  50  16  91  17  5  18  28  19  41
  0  55  1  70  2  84  3  29  4  14  5  35  6  17  7  34  8  76  9  41  10  43  11  66  12  45  13  39  14  64  15  52  16  66  17  16  18  79  19  70
  0  41  1  51  2  28  3  14  4  27  5  14  6  46  7  86  8  73  9  43  10  37  11  16  12  73  13  78  14  94  15  35  16  13  17  38  18  59  19  59
  0  68  1  53  2  60  3  76  4  68  5  7  6  78  7  6  8  19  9  43  10  64  11  11  12  80  13  39  14  61  15  67  16  19  17  55  18  24  19  11
  0  77  1  6  2  51  3  31  4  55  5  22  6  59  7  80  8  75  9  93  10  56  11  8  12  71  13  5  14  15  15  47  16  49  17  23  18  41  19  15
  0  81  1  77  2  83  3  90  4  49  5  53  6  38  7  94  8  43  9  92  10  39  11  90  12  77  13  61  14  48  15  56  16  90  17  33  18  69  19  21
  0  23  1  5  2  62  3  56  4  15  5  34  6  27  7  63  8  46  9  67  10  81  11  4  12  12  13  98  14  69  15  56  16  27  17  83  18  43  19  3
  0  75  1  87  2  25  3  76  4  66  5  47  6  55  7  21  8  56  9  87  10  48  11  48  12  44  13  96  14  40  15  92  16  67  17  72  18  91  19  92
  0  31  1  87  2  78  3  55  4  58  5  32  6  80  7  90  8  58  9  39  10  61  11  7  12  29  13  91  14  90  15  1  16  47  17  71  18  52  19  9
  0  20  1  8  2  41  3  84  4  90  5  14  6  49  7  11  8  38  9  46  10  83  11  82  12  89  13  2  14  61  15  8  16  56  17  46  18  2  19  9
  0  51  1  50  2  80  3  30  4  56  5  56  6  23  7  80  8  38  9  14  10  69  11  65  12  36  13  60  14  23  15  85  16  77  17  22  18  53  19  13
  0  72  1  78  2  49  3  67  4  24  5  99  6  13  7  59  8  31  9  56  10  46  11  55  12  79  13  67  14  88  15  3  16  47  17  26  18  82  19  15
  0  72  1  24  2  91  3  91  4  52  5  58  6  92  7  39  8  84  9  7  10  17  11  7  12  57  13  86  14  16  15  62  16  47  17  41  18  66  19  65
  0  98  1  22  2  51  3  12  4  79  5  61  6  76  7  63  8  35  9  41  10  10  11  85  12  94  13  19  14  51  15  47  16  1  17  58  18  77  19  67
  0  55  1  72  2  6  3  12  4  17  5  83  6  84  7  65  8  87  9  54  10  8  11  39  12  61  13  49  14  82  15  90  16  51  17  21  18  36  19  59
  0  86  1  37  2  19  3  57  4  66  5  90  6  36  7  48  8  5  9  66  10  31  11  23  12  96  13  46  14  86  15  53  16  17  17  76  18  35  19  57
  0  87  1  39  2  72  3  52  4  13  5  88  6  31  7  36  8  59  9  60  10  59  11  44  12  13  13  44  14  2  15  76  16  62  17  97  18  81  19  70
  0  76  1  28  2  32  3  94  4  81  5  73  6  30  7  62  8  59  9  70  10  22  11  3  12  4  13  66  14  50  15  32  16  34  17  37  18  15  19  28
  0  33  1  9  2  43  3  80  4  60  5  90  6  28  7  73  8  70  9  70  10  78  11  46  12  17  13  38  14  88  15  1  16  46  17  22  18  6  19  82
  0  86  1  64  2  77  3  47  4  8  5  76  6  79  7  67  8  95  9  35  10  79  11  77  12  65  13  19  14  82  15  37  16  16  17  95  18  42  19  63
  0  93  1  11  2  66  3  66  4  18  5  36  6  32  7  93  8  88  9  77  10  86  11  61  12  80  13  51  14  9  15  20  16  82  17  79  18  52  19  1
  0  58  1  70  2  96  3  27  4  13  5  62  6  76  7  92  8  6  9  77  10  66  11  39  12  48  13  88  14  38  15  79  16  57  17  6  18  24  19  59
  0  74  1  48  2  46  3  56  4  60  5  21  6  3  7  34  8  28  9  57  10  11  11  35  12  70  13  73  14  62  15  53  16  96  17  33  18  24  19  32
  0  94  1  47  2  97  3  81  4  65  5  45  6  37  7  90  8  5  9  77  10  48  11  16  12  31  13  61  14  59  15  30  16  87  17  58  18  19  19  85
  0  56  1  61  2  51  3  30  4  69  5  23  6  2  7  67  8  2  9  41  10  26  11  49  12  86  13  13  14  12  15  50  16  90  17  91  18  58  19  65
  0  16  1  26  2  20  3  14  4  50  5  64  6  4  7  56  8  58  9  44  10  96  11  50  12  95  13  13  14  19  15  5  16  83  17  41  18  67  19  11
  0  77  1  22  2  85  3  45  4  25  5  77  6  60  7  91  8  81  9  12  10  49  11  25  12  39  13  72  14  75  15  37  16  88  17  26  18  58  19  14
  0  12  1  53  2  50  3  89  4  84  5  4  6  11  7  35  8  28  9  95  10  34  11  59  12  36  13  28  14  7  15  28  16  91  17  39  18  70  19  31
  0  12  1  55  2  8  3  48  4  10  5  80  6  82  7  2  8  65  9  35  10  2  11  91  12  25  13  56  14  71  15  47  16  80  17  97  18  76  19  52
  0  8  1  2  2  8  3  19  4  56  5  33  6  95  7  15  8  8  9  90  10  47  11  79  12  67  13  47  14  83  15  73  16  52  17  62  18  34  19  58
  0  66  1  99  2  17  3  84  4  12  5  19  6  27  7  49  8  50  9  25  10  17  11  50  12  19  13  15  14  19  15  32  16  78  17  30  18  60  19  31
  0  33  1  22  2  70  3  29  4  51  5  77  6  79  7  96  8  79  9  74  10  47  11  87  12  40  13  49  14  85  15  96  16  29  17  4  18  61  19  6
  0  78  1  90  2  84  3  76  4  42  5  42  6  24  7  72  8  9  9  35  10  9  11  8  12  67  13  16  14  99  15  55  16  76  17  12  18  48  19  68
  0  95  1  19  2  68  3  6  4  96  5  34  6  93  7  39  8  69  9  67  10  96  11  7  12  62  13  67  14  83  15  38  16  51  17  30  18  8  19  45
  0  15  1  81  2  51  3  85  4  49  5  51  6  67  7  16  8  73  9  82  10  93  11  2  12  91  13  41  14  69  15  59  16  15  17  22  18  28  19  31
  0  65  1  60  2  29  3  29  4  12  5  98  6  67  7  1  8  8  9  75  10  79  11  90  12  32  13  25  14  1  15  14  16  56  17  4  18  85  19  54
  0  85  1  92  2  72  3  65  4  49  5  35  6  50  7  30  8  33  9  5  10  74  11  98  12  89  13  31  14  32  15  29  16  53  17  97  18  46  19  86
  0  61  1  17  2  76  3  80  4  57  5  40  6  71  7  46  8  4  9  44  10  41  11  91  12  69  13  18  14  92  15  84  16  37  17  36  18  34  19  31
  0  58  1  92  2  25  3  77  4  53  5  22  6  58  7  47  8  26  9  50  10  76  11  75  12  53  13  40  14  63  15  20  16  51  17  23  18  76  19  47
  0  48  1  36  2  97  3  37  4  96  5  1  6  13  7  44  8  16  9  29  10  73  11  8  12  57  13  15  14  68  15  9  16  6  17  70  18  33  19  7
  0  82  1  9  2  68  3  7  4  10  5  75  6  28  7  45  8  41  9  89  10  35  11  87  12  84  13  40  14  95  15  78  16  52  17  58  18  45  19  86
  0  33  1  41  2  46  3  40  4  63  5  24  6  98  7  45  8  37  9  10  10  61  11  14  12  90  13  99  14  84  15  75  16  49  17  97  18  88  19  28
  0  17  1  75  2  63  3  48  4  46  5  14  6  51  7  88  8  37  9  73  10  51  11  11  12  26  13  46  14  58  15  40  16  73  17  91  18  9  19  42
  0  74  1  70  2  22  3  57  4  33  5  19  6  37  7  36  8  79  9  30  10  88  11  71  12  30  13  37  14  82  15  15  16  5  17  7  18  60  19  24
  0  63  1  2  2  46  3  75  4  20  5  62  6  40  7  51  8  48  9  8  10  95  11  67  12  85  13  73  14  73  15  9  16  4  17  30  18  91  19  1
  0  95  1  38  2  95  3  11  4  1  5  51  6  14  7  83  8  73  9  65  10  90  11  21  12  59  13  69  14  93  15  96  16  32  17  54  18  50  19  52
  0  13  1  84  2  55  3  94  4  77  5  40  6  48  7  22  8  13  9  69  10  65  11  37  12  82  13  32  14  8  15  17  16  9  17  16  18  80  19  55
  0  3  1  33  2  89  3  1  4  66  5  72  6  12  7  47  8  65  9  32  10  73  11  53  12  55  13  56  14  87  15  5  16  94  17  83  18  56  19  35
  0  85  1  43  2  25  3  73  4  13  5  71  6  48  7  88  8  3  9  47  10  7  11  41  12  82  13  46  14  80  15  67  16  41  17  77  18  70  19  57
  0  14  1  49  2  20  3  96  4  30  5  73  6  92  7  87  8  23  9  15  10  83  11  68  12  57  13  28  14  89  15  95  16  52  17  57  18  64  19  63
  0  90  1  83  2  19  3  60  4  42  5  37  6  63  7  8  8  52  9  20  10  88  11  17  12  59  13  6  14  29  15  58  16  53  17  10  18  72  19  40
  0  83  1  37  2  94  3  23  4  81  5  70  6  32  7  46  8  50  9  37  10  34  11  6  12  47  13  83  14  45  15  38  16  48  17  33  18  15  19  89
  0  83  1  7  2  38  3  73  4  73  5  48  6  63  7  48  8  6  9  58  10  30  11  66  12  41  13  53  14  27  15  86  16  23  17  87  18  73  19  25
  0  50  1  5  2  58  3  18  4  11  5  25  6  14  7  8  8  10  9  58  10  87  11  67  12  34  13  16  14  43  15  30  16  18  17  66  18  14  19  7
  0  33  1  32  2  70  3  81  4  95  5  57  6  99  7  27  8  62  9  66  10  88  11  90  12  80  13  97  14  67  15  32  16  82  17  6  18  56  19  13
  0  72  1  30  2  10  3  73  4  15  5  94  6  78  7  50  8  42  9  95  10  98  11  9  12  45  13  66  14  1  15  5  16  89  17  41  18  3  19  94
  0  94  1  64  2  4  3  60  4  60  5  1  6  17  7  14  8  31  9  46  10  5  11  2  12  20  13  63  14  89  15  27  16  52  17  61  18  70  19  54
  0  83  1  19  2  61  3  61  4  15  5  14  6  29  7  64  8  2  9  90  10  7  11  25  12  26  13  11  14  94  15  9  16  98  17  41  18  88  19  62
  0  84  1  85  2  93  3  32  4  78  5  65  6  8  7  29  8  86  9  3  10  96  11  19  12  71  13  61  14  72  15  4  16  79  17  49  18  65  19  96
  0  50  1  88  2  58  3  34  4  79  5  4  6  91  7  65  8  93  9  94  10  91  11  9  12  38  13  82  14  57  15  68  16  11  17  42  18  25  19  61
  0  71  1  78  2  87  3  81  4  23  5  96  6  28  7  10  8  41  9  68  10  20  11  46  12  94  13  10  14  78  15  22  16  91  17  10  18  75  19  23
  0  30  1  80  2  60  3  17  4  51  5  17  6  35  7  84  8  19  9  92  10  76  11  90  12  76  13  16  14  25  15  36  16  42  17  39  18  54  19  84
  0  63  1  84  2  7  3  64  4  30  5  28  6  66  7  71  8  13  9  70  10  76  11  27  12  84  13  62  14  58  15  83  16  45  17  89  18  63  19  61
  0  45  1  12  2  74  3  66  4  82  5  16  6  40  7  32  8  25  9  54  10  98  11  66  12  77  13  35  14  40  15  12  16  94  17  11  18  98  19  47
  0  6  1  92  2  80  3  83  4  21  5  52  6  72  7  39  8  7  9  22  10  83  11  86  12  69  13  89  14  7  15  20  16  86  17  47  18  18  19  80
  0  56  1  48  2  39  3  27  4  77  5  73  6  36  7  55  8  61  9  21  10  26  11  97  12  51  13  57  14  20  15  56  16  92  17  5  18  18  19  46
  0  86  1  53  2  37  3  57  4  11  5  12  6  40  7  66  8  98  9  49  10  94  11  48  12  9  13  74  14  79  15  70  16  20  17  78  18  12  19  70
  0  46  1  17  2  79  3  54  4  40  5  14  6  83  7  66  8  44  9  20  10  38  11  99  12  99  13  45  14  67  15  77  16  30  17  60  18  16  19  3
  0  43  1  31  2  58  3  60  4  44  5  32  6  48  7  33  8  27  9  44  10  86  11  39  12  1  13  52  14  61  15  31  16  79  17  82  18  10  19  91
  0  5  1  46  2  98  3  29  4  25  5  78  6  19  7  59  8  22  9  10  10  53  11  9  12  60  13  74  14  46  15  98  16  14  17  63  18  4  19  84
  0  84  1  87  2  80  3  54  4  19  5  75  6  55  7  23  8  89  9  54  10  86  11  69  12  96  13  72  14  96  15  94  16  5  17  57  18  39  19  23
  0  26  1  33  2  47  3  48  4  1  5  30  6  51  7  5  8  58  9  59  10  27  11  27  12  42  13  46  14  17  15  14  16  31  17  30  18  20  19  12
  0  5  1  88  2  57  3  93  4  29  5  36  6  51  7  89  8  47  9  2  10  75  11  95  12  17  13  95  14  68  15  66  16  32  17  18  18  14  19  76
  0  7  1  53  2  28  3  97  4  14  5  77  6  19  7  24  8  7  9  57  10  88  11  58  12  75  13  18  14  14  15  17  16  2  17  21  18  12  19  42
  0  22  1  54  2  77  3  13  4  9  5  61  6  66  7  92  8  35  9  29  10  28  11  69  12  78  13  25  14  44  15  62  16  78  17  58  18  12  19  99
  0  57  1  90  2  74  3  7  4  62  5  43  6  1  7  49  8  2  9  52  10  52  11  11  12  64  13  78  14  96  15  18  16  57  17  85  18  65  19  37
  0  4  1  26  2  40  3  98  4  79  5  99  6  37  7  23  8  77  9  86  10  23  11  62  12  30  13  60  14  64  15  87  16  44  17  36  18  15  19  59
  0  7  1  4  2  72  3  87  4  73  5  56  6  85  7  61  8  54  9  23  10  66  11  95  12  48  13  41  14  46  15  36  16  8  17  48  18  95  19  13
  0  16  1  81  2  80  3  43  4  12  5  92  6  24  7  9  8  10  9  38  10  3  11  71  12  82  13  92  14  2  15  97  16  14  17  92  18  98  19  4
  0  32  1  21  2  48  3  45  4  90  5  74  6  93  7  11  8  48  9  85  10  37  11  99  12  66  13  80  14  16  15  79  16  32  17  8  18  94  19  65
  0  65  1  62  2  64  3  70  4  84  5  83  6  93  7  1  8  11  9  10  10  90  11  11  12  62  13  22  14  63  15  44  16  68  17  1  18  84  19  10
  0  75  1  72  2  3  3  81  4  61  5  42  6  58  7  16  8  53  9  21  10  92  11  34  12  31  13  91  14  49  15  97  16  56  17  83  18  28  19  85
  0  56  1  52  2  21  3  57  4  55  5  66  6  45  7  37  8  32  9  61  10  69  11  79  12  54  13  15  14  61  15  90  16  99  17  47  18  43  19  8
  0  82  1  45  2  13  3  72  4  37  5  77  6  62  7  51  8  32  9  48  10  13  11  76  12  6  13  84  14  46  15  25  16  59  17  87  18  1  19  47
  0  46  1  69  2  51  3  22  4  36  5  66  6  9  7  92  8  43  9  93  10  4  11  15  12  62  13  85  14  27  15  23  16  33  17  45  18  55  19  88
  0  34  1  75  2  81  3  30  4  78  5  90  6  29  7  4  8  63  9  14  10  14  11  85  12  91  13  10  14  84  15  98  16  63  17  22  18  67  19  85
  0  19  1  2  2  76  3  7  4  76  5  45  6  81  7  12  8  79  9  86  10  34  11  24  12  72  13  11  14  94  15  34  16  58  17  76  18  31  19  93
  0  95  1  71  2  45  3  41  4  61  5  35  6  75  7  28  8  66  9  25  10  84  11  98  12  18  13  12  14  1  15  60  16  46  17  21  18  2  19  44
  0  51  1  66  2  55  3  31  4  49  5  43  6  39  7  13  8  92  9  66  10  15  11  98  12  21  13  79  14  31  15  89  16  61  17  68  18  83  19  85
  0  66  1  62  2  37  3  96  4  93  5  83  6  14  7  60  8  32  9  6  10  86  11  13  12  38  13  19  14  29  15  40  16  53  17  9  18  29  19  20
  0  93  1  7  2  46  3  32  4  47  5  52  6  87  7  86  8  14  9  7  10  16  11  8  12  72  13  66  14  26  15  75  16  66  17  98  18  58  19  99
  0  36  1  86  2  15  3  88  4  43  5  49  6  14  7  39  8  62  9  87  10  3  11  43  12  35  13  62  14  91  15  17  16  17  17  3  18  4  19  71
  0  54  1  13  2  34  3  85  4  81  5  17  6  80  7  63  8  16  9  57  10  76  11  77  12  95  13  47  14  39  15  29  16  84  17  30  18  22  19  73
  0  46  1  6  2  28  3  3  4  59  5  20  6  21  7  81  8  14  9  35  10  46  11  67  12  32  13  22  14  51  15  68  16  80  17  36  18  53  19  23
  0  92  1  80  2  12  3  4  4  89  5  67  6  89  7  72  8  92  9  9  10  17  11  47  12  59  13  34  14  97  15  51  16  67  17  85  18  3  19  63
  0  62  1  51  2  59  3  79  4  10  5  39  6  31  7  64  8  48  9  92  10  28  11  49  12  4  13  12  14  11  15  92  16  35  17  19  18  73  19  41
  0  14  1  1  2  14  3  23  4  49  5  88  6  32  7  76  8  30  9  86  10  9  11  6  12  22  13  47  14  63  15  95  16  67  17  41  18  89  19  40
  0  47  1  1  2  11  3  68  4  27  5  11  6  20  7  68  8  88  9  72  10  73  11  38  12  8  13  89  14  78  15  19  16  50  17  32  18  76  19  96
  0  76  1  70  2  12  3  64  4  95  5  15  6  54  7  86  8  94  9  73  10  92  11  18  12  33  13  21  14  38  15  42  16  1  17  61  18  88  19  63
  0  46  1  91  2  51  3  52  4  48  5  34  6  29  7  14  8  85  9  70  10  4  11  62  12  5  13  4  14  86  15  96  16  23  17  41  18  5  19  7
  0  97  1  51  2  60  3  78  4  50  5  57  6  69  7  62  8  26  9  64  10  66  11  17  12  40  13  37  14  41  15  52  16  23  17  58  18  34  19  41
  0  68  1  56  2  15  3  60  4  73  5  74  6  10  7  72  8  81  9  10  10  66  11  90  12  96  13  62  14  62  15  61  16  29  17  59  18  93  19  56
  0  72  1  45  2  7  3  74  4  46  5  63  6  58  7  91  8  33  9  61  10  17  11  95  12  2  13  88  14  34  15  6  16  8  17  90  18  58  19  67
  0  91  1  96  2  64  3  59  4  26  5  63  6  21  7  64  8  91  9  22  10  25  11  81  12  70  13  45  14  62  15  93  16  76  17  21  18  91  19  6
  0  95  1  8  2  48  3  26  4  76  5  9  6  15  7  49  8  95  9  80  10  12  11  65  12  8  13  76  14  2  15  15  16  32  17  81  18  10  19  41
  0  50  1  87  2  3  3  30  4  14  5  28  6  87  7  35  8  81  9  56  10  6  11  14  12  39  13  37  14  52  15  42  16  71  17  7  18  35  19  74
  0  88  1  93  2  51  3  59  4  28  5  18  6  57  7  41  8  77  9  14  10  52  11  4  12  4  13  41  14  95  15  26  16  63  17  78  18  40  19  70
  0  53  1  9  2  45  3  16  4  10  5  55  6  6  7  10  8  57  9  15  10  2  11  96  12  4  13  97  14  58  15  46  16  86  17  82  18  88  19  7
  0  39  1  28  2  27  3  23  4  39  5  14  6  97  7  27  8  42  9  99  10  76  11  78  12  22  13  16  14  30  15  97  16  63  17  41  18  36  19  53
  0  91  1  12  2  47  3  64  4  21  5  82  6  19  7  36  8  59  9  31  10  28  11  61  12  7  13  63  14  60  15  27  16  37  17  82  18  28  19  23
  0  37  1  16  2  59  3  44  4  54  5  10  6  53  7  25  8  73  9  42  10  22  11  55  12  22  13  23  14  29  15  59  16  85  17  58  18  17  19  43
  0  57  1  17  2  82  3  39  4  84  5  27  6  33  7  2  8  62  9  69  10  36  11  36  12  1  13  73  14  47  15  63  16  59  17  17  18  89  19  48
  0  25  1  78  2  92  3  54  4  84  5  17  6  33  7  95  8  5  9  54  10  39  11  89  12  35  13  90  14  41  15  56  16  89  17  97  18  76  19  90
  0  72  1  40  2  92  3  23  4  47  5  36  6  5  7  36  8  84  9  58  10  87  11  98  12  20  13  38  14  32  15  49  16  6  17  10  18  71  19  20
  0  51  1  20  2  75  3  8  4  82  5  96  6  63  7  11  8  55  9  26  10  72  11  95  12  11  13  10  14  99  15  70  16  56  17  89  18  95  19  73
  0  16  1  54  2  73  3  92  4  72  5  79  6  71  7  93  8  98  9  60  10  82  11  12  12  62  13  28  14  15  15  35  16  31  17  75  18  89  19  84
  0  29  1  30  2  56  3  74  4  12  5  34  6  84  7  2  8  72  9  39  10  85  11  92  12  77  13  16  14  47  15  29  16  10  17  34  18  98  19  3
  0  67  1  75  2  31  3  85  4  38  5  67  6  50  7  18  8  50  9  62  10  35  11  43  12  69  13  99  14  13  15  46  16  99  17  17  18  98  19  69
  0  3  1  12  2  42  3  19  4  34  5  51  6  89  7  87  8  74  9  99  10  48  11  46  12  6  13  5  14  9  15  84  16  44  17  49  18  74  19  11
  0  49  1  87  2  91  3  34  4  51  5  94  6  81  7  85  8  86  9  8  10  23  11  60  12  20  13  53  14  36  15  85  16  89  17  64  18  55  19  33
  0  24  1  47  2  10  3  54  4  93  5  44  6  34  7  88  8  9  9  7  10  82  11  76  12  74  13  79  14  27  15  86  16  63  17  46  18  49  19  24
  0  72  1  98  2  63  3  94  4  58  5  30  6  36  7  33  8  84  9  55  10  76  11  12  12  28  13  18  14  23  15  12  16  4  17  37  18  52  19  8
  0  24  1  90  2  71  3  83  4  13  5  57  6  87  7  14  8  9  9  53  10  58  11  52  12  48  13  29  14  54  15  26  16  18  17  29  18  15  19  10
  0  2  1  16  2  60  3  52  4  72  5  22  6  78  7  64  8  93  9  68  10  33  11  86  12  48  13  72  14  38  15  11  16  91  17  39  18  94  19  12
  0  4  1  88  2  98  3  21  4  93  5  84  6  53  7  37  8  64  9  57  10  47  11  73  12  61  13  37  14  92  15  67  16  54  17  40  18  20  19  15
  0  14  1  70  2  75  3  1  4  2  5  46  6  82  7  43  8  75  9  37  10  46  11  59  12  79  13  93  14  17  15  33  16  77  17  94  18  47  19  48
  0  24  1  44  2  8  3  88  4  23  5  4  6  35  7  53  8  87  9  24  10  41  11  22  12  3  13  21  14  3  15  61  16  68  17  23  18  6  19  73
  0  67  1  58  2  17  3  17  4  80  5  77  6  7  7  55  8  55  9  33  10  50  11  9  12  89  13  35  14  73  15  26  16  84  17  95  18  25  19  86
  0  99  1  94  2  88  3  4  4  86  5  43  6  67  7  10  8  99  9  36  10  12  11  4  12  11  13  6  14  58  15  31  16  66  17  24  18  15  19  8
  0  76  1  21  2  98  3  4  4  17  5  99  6  23  7  66  8  83  9  88  10  77  11  28  12  29  13  45  14  60  15  37  16  80  17  5  18  46  19  21
  0  7  1  40  2  3  3  43  4  87  5  76  6  98  7  27  8  8  9  85  10  40  11  70  12  74  13  24  14  61  15  49  16  27  17  26  18  36  19  98
  0  96  1  52  2  84  3  21  4  33  5  38  6  5  7  55  8  91  9  18  10  43  11  3  12  68  13  7  14  86  15  7  16  20  17  65  18  42  19  15
  0  94  1  83  2  32  3  81  4  74  5  53  6  29  7  93  8  3  9  24  10  94  11  17  12  40  13  54  14  13  15  92  16  80  17  6  18  23  19  48
  0  13  1  43  2  88  3  96  4  25  5  32  6  68  7  21  8  66  9  60  10  69  11  87  12  26  13  12  14  92  15  35  16  90  17  64  18  20  19  21
  0  94  1  21  2  81  3  25  4  69  5  54  6  7  7  51  8  53  9  50  10  67  11  66  12  28  13  82  14  41  15  76  16  81  17  29  18  59  19  17
  0  28  1  46  2  38  3  21  4  18  5  32  6  75  7  85  8  25  9  60  10  81  11  44  12  13  13  67  14  81  15  35  16  76  17  10  18  87  19  88
  0  49  1  46  2  42  3  17  4  9  5  86  6  82  7  47  8  9  9  33  10  69  11  35  12  43  13  2  14  83  15  72  16  98  17  78  18  84  19  42
  0  71  1  86  2  84  3  13  4  34  5  33  6  81  7  64  8  95  9  73  10  52  11  80  12  79  13  36  14  3  15  63  16  18  17  49  18  24  19  49
  0  39  1  98  2  10  3  24  4  87  5  1  6  15  7  84  8  13  9  56  10  76  11  74  12  9  13  37  14  28  15  7  16  1  17  7  18  69  19  42
  0  97  1  91  2  75  3  83  4  69  5  34  6  55  7  30  8  4  9  11  10  4  11  53  12  70  13  1  14  95  15  39  16  78  17  14  18  20  19  79
  0  16  1  37  2  58  3  10  4  8  5  47  6  37  7  39  8  15  9  2  10  34  11  1  12  95  13  8  14  8  15  39  16  58  17  24  18  59  19  95
  0  9  1  56  2  83  3  66  4  63  5  35  6  40  7  43  8  72  9  7  10  63  11  66  12  81  13  66  14  89  15  32  16  27  17  1  18  63  19  56
  0  47  1  46  2  67  3  84  4  37  5  58  6  75  7  69  8  98  9  62  10  25  11  98  12  58  13  16  14  53  15  24  16  46  17  18  18  62  19  9
  0  63  1  40  2  85  3  32  4  93  5  59  6  82  7  81  8  16  9  26  10  84  11  38  12  30  13  91  14  60  15  43  16  13  17  78  18  83  19  80
  0  60  1  71  2  14  3  36  4  73  5  66  6  31  7  97  8  6  9  84  10  78  11  16  12  84  13  69  14  2  15  51  16  52  17  99  18  97  19  60
  0  11  1  96  2  7  3  95  4  58  5  10  6  9  7  34  8  51  9  94  10  11  11  62  12  23  13  48  14  38  15  61  16  57  17  28  18  59  19  89
  0  96  1  92  2  10  3  49  4  9  5  45  6  8  7  78  8  70  9  44  10  51  11  26  12  37  13  32  14  61  15  73  16  95  17  91  18  7  19  24
  0  18  1  33  2  15  3  84  4  81  5  57  6  64  7  86  8  9  9  67  10  7  11  38  12  38  13  18  14  77  15  5  16  48  17  15  18  71  19  51
  0  75  1  17  2  7  3  92  4  12  5  94  6  5  7  49  8  64  9  50  10  53  11  87  12  21  13  11  14  29  15  4  16  47  17  34  18  7  19  80
  0  11  1  95  2  71  3  10  4  11  5  58  6  5  7  85  8  54  9  21  10  42  11  90  12  11  13  15  14  82  15  35  16  38  17  94  18  23  19  33
  0  55  1  17  2  45  3  4  4  5  5  44  6  63  7  55  8  44  9  85  10  36  11  69  12  38  13  71  14  74  15  7  16  61  17  30  18  16  19  2
  0  16  1  98  2  40  3  1  4  31  5  5  6  47  7  84  8  11  9  86  10  27  11  68  12  21  13  45  14  84  15  65  16  54  17  41  18  5  19  60
  0  8  1  87  2  69  3  41  4  53  5  96  6  66  7  65  8  98  9  72  10  37  11  72  12  62  13  82  14  67  15  66  16  6  17  22  18  21  19  29
  0  10  1  71  2  54  3  31  4  77  5  7  6  72  7  66  8  92  9  8  10  15  11  21  12  92  13  87  14  79  15  36  16  9  17  18  18  23  19  50
  0  98  1  43  2  95  3  22  4  61  5  98  6  99  7  59  8  19  9  74  10  75  11  16  12  10  13  93  14  69  15  29  16  8  17  95  18  13  19  14
  0  83  1  45  2  35  3  24  4  62  5  2  6  88  7  56  8  46  9  29  10  47  11  63  12  97  13  19  14  22  15  85  16  21  17  70  18  89  19  30
  0  68  1  38  2  35  3  49  4  69  5  43  6  62  7  6  8  55  9  25  10  11  11  20  12  27  13  47  14  79  15  37  16  97  17  18  18  69  19  59
  0  93  1  67  2  66  3  37  4  98  5  1  6  46  7  5  8  86  9  17  10  66  11  14  12  67  13  61  14  73  15  92  16  39  17  58  18  51  19  34
  0  30  1  29  2  72  3  6  4  64  5  7  6  43  7  12  8  93  9  93  10  50  11  62  12  72  13  19  14  38  15  37  16  68  17  6  18  1  19  30
  0  44  1  51  2  37  3  29  4  40  5  61  6  18  7  65  8  57  9  18  10  79  11  21  12  5  13  61  14  6  15  98  16  75  17  10  18  94  19  81
  0  57  1  56  2  6  3  40  4  89  5  10  6  44  7  62  8  37  9  74  10  20  11  17  12  17  13  83  14  82  15  74  16  28  17  27  18  46  19  45
  0  51  1  50  2  18  3  7  4  18  5  96  6  22  7  36  8  79  9  37  10  78  11  64  12  11  13  5  14  67  15  23  16  44  17  16  18  92  19  43
  0  98  1  66  2  38  3  31  4  69  5  17  6  64  7  35  8  85  9  17  10  87  11  69  12  39  13  26  14  63  15  65  16  70  17  30  18  31  19  61
  0  34  1  66  2  19  3  60  4  91  5  8  6  14  7  2  8  20  9  56  10  20  11  45  12  12  13  60  14  93  15  46  16  3  17  51  18  17  19  76
  0  79  1  58  2  25  3  30  4  26  5  63  6  40  7  1  8  28  9  75  10  46  11  27  12  35  13  70  14  15  15  50  16  48  17  4  18  77  19  24
  0  94  1  96  2  86  3  64  4  99  5  57  6  25  7  42  8  60  9  81  10  52  11  47  12  92  13  52  14  89  15  80  16  8  17  24  18  96  19  52
  0  20  1  70  2  81  3  91  4  21  5  16  6  40  7  1  8  45  9  3  10  42  11  94  12  32  13  46  14  81  15  31  16  47  17  78  18  72  19  9
  0  21  1  97  2  59  3  79  4  22  5  66  6  66  7  28  8  67  9  17  10  12  11  90  12  40  13  68  14  53  15  25  16  64  17  65  18  48  19  59
  0  62  1  83  2  43  3  77  4  85  5  61  6  20  7  8  8  7  9  63  10  76  11  41  12  5  13  86  14  4  15  88  16  77  17  41  18  91  19  41
  0  78  1  93  2  88  3  20  4  46  5  46  6  79  7  99  8  81  9  78  10  68  11  58  12  91  13  95  14  66  15  92  16  97  17  41  18  44  19  90
  0  92  1  74  2  82  3  45  4  70  5  28  6  28  7  70  8  84  9  87  10  51  11  45  12  3  13  54  14  55  15  77  16  60  17  1  18  79  19  99
  0  24  1  8  2  5  3  10  4  38  5  60  6  51  7  20  8  1  9  34  10  21  11  6  12  83  13  91  14  34  15  31  16  16  17  98  18  50  19  7
  0  80  1  83  2  86  3  21  4  92  5  42  6  69  7  33  8  66  9  48  10  73  11  18  12  84  13  3  14  39  15  11  16  24  17  67  18  86  19  95
  0  16  1  29  2  46  3  17  4  22  5  19  6  78  7  20  8  77  9  69  10  64  11  59  12  18  13  81  14  86  15  11  16  87  17  46  18  14  19  88
  0  17  1  25  2  82  3  50  4  94  5  8  6  31  7  42  8  84  9  77  10  15  11  15  12  51  13  65  14  41  15  16  16  16  17  76  18  62  19  39
  0  32  1  8  2  44  3  74  4  64  5  2  6  93  7  12  8  17  9  1  10  98  11  78  12  24  13  89  14  32  15  5  16  25  17  61  18  14  19  64
  0  66  1  22  2  28  3  29  4  8  5  23  6  52  7  31  8  35  9  8  10  37  11  24  12  93  13  75  14  37  15  80  16  1  17  36  18  3  19  81
  0  99  1  84  2  59  3  73  4  67  5  18  6  47  7  96  8  84  9  98  10  99  11  23  12  33  13  2  14  71  15  48  16  71  17  31  18  56  19  21
  0  15  1  74  2  52  3  18  4  17  5  31  6  67  7  89  8  21  9  46  10  57  11  33  12  43  13  25  14  58  15  71  16  87  17  10  18  55  19  46
  0  23  1  49  2  77  3  46  4  62  5  89  6  40  7  40  8  21  9  61  10  51  11  77  12  54  13  60  14  62  15  71  16  93  17  25  18  37  19  95
  0  35  1  62  2  55  3  39  4  43  5  89  6  85  7  9  8  90  9  82  10  83  11  84  12  26  13  40  14  12  15  45  16  44  17  26  18  82  19  32
  0  22  1  32  2  67  3  27  4  18  5  69  6  20  7  45  8  58  9  8  10  23  11  75  12  64  13  88  14  45  15  27  16  86  17  96  18  56  19  50
  0  48  1  73  2  62  3  49  4  21  5  90  6  42  7  12  8  83  9  25  10  97  11  6  12  29  13  6  14  57  15  26  16  31  17  24  18  81  19  4
  0  79  1  21  2  80  3  89  4  46  5  96  6  27  7  87  8  47  9  6  10  13  11  95  12  92  13  44  14  24  15  86  16  74  17  18  18  87  19  24
  0  99  1  68  2  37  3  3  4  86  5  91  6  2  7  66  8  85  9  69  10  5  11  23  12  68  13  5  14  41  15  80  16  33  17  29  18  51  19  63
  0  88  1  23  2  25  3  77  4  25  5  70  6  1  7  49  8  89  9  32  10  43  11  41  12  26  13  9  14  2  15  24  16  29  17  44  18  8  19  71
  0  37  1  68  2  48  3  84  4  74  5  92  6  12  7  73  8  89  9  98  10  22  11  58  12  64  13  1  14  87  15  61  16  5  17  54  18  29  19  98
  0  12  1  41  2  77  3  3  4  10  5  69  6  45  7  24  8  77  9  62  10  10  11  97  12  6  13  8  14  72  15  79  16  86  17  13  18  76  19  76
  0  93  1  90  2  93  3  33  4  16  5  36  6  23  7  43  8  60  9  15  10  44  11  4  12  24  13  45  14  40  15  36  16  12  17  45  18  74  19  19
  0  43  1  90  2  68  3  34  4  73  5  89  6  40  7  5  8  32  9  91  10  95  11  82  12  40  13  56  14  73  15  7  16  74  17  70  18  78  19  54
  0  80  1  91  2  82  3  42  4  47  5  44  6  54  7  47  8  7  9  98  10  46  11  81  12  28  13  18  14  69  15  3  16  88  17  42  18  14  19  67
  0  76  1  48  2  8  3  62  4  35  5  22  6  18  7  56  8  60  9  91  10  31  11  59  12  22  13  45  14  86  15  97  16  42  17  28  18  21  19  27
  0  84  1  65  2  68  3  42  4  20  5  80  6  27  7  58  8  63  9  8  10  60  11  80  12  26  13  98  14  26  15  76  16  1  17  80  18  36  19  15
  0  81  1  32  2  82  3  53  4  2  5  56  6  94  7  63  8  10  9  86  10  17  11  49  12  49  13  48  14  2  15  87  16  97  17  59  18  81  19  87
  0  72  1  55  2  45  3  64  4  25  5  52  6  41  7  61  8  71  9  97  10  89  11  75  12  37  13  70  14  59  15  65  16  3  17  27  18  51  19  39
  0  89  1  3  2  94  3  69  4  18  5  23  6  58  7  66  8  31  9  79  10  98  11  13  12  56  13  69  14  36  15  50  16  57  17  15  18  19  19  41
  0  97  1  7  2  91  3  87  4  14  5  30  6  18  7  57  8  73  9  76  10  98  11  34  12  58  13  54  14  86  15  25  16  22  17  35  18  99  19  79
  0  73  1  12  2  71  3  86  4  18  5  56  6  5  7  73  8  45  9  89  10  5  11  20  12  43  13  15  14  6  15  59  16  88  17  80  18  39  19  24
  0  22  1  48  2  84  3  62  4  35  5  16  6  98  7  40  8  7  9  98  10  42  11  91  12  73  13  73  14  21  15  94  16  26  17  43  18  22  19  79
  0  51  1  70  2  17  3  86  4  85  5  97  6  46  7  56  8  26  9  34  10  31  11  93  12  25  13  4  14  54  15  49  16  74  17  55  18  15  19  17
  0  32  1  2  2  52  3  20  4  65  5  26  6  92  7  56  8  12  9  77  10  61  11  21  12  76  13  51  14  53  15  12  16  16  17  99  18  82  19  1
  0  80  1  52  2  29  3  26  4  21  5  25  6  58  7  27  8  72  9  39  10  93  11  44  12  71  13  97  14  46  15  42  16  71  17  75  18  59  19  23
  0  71  1  27  2  95  3  58  4  60  5  18  6  86  7  49  8  40  9  38  10  31  11  75  12  95  13  38  14  92  15  13  16  13  17  14  18  46  19  33
  0  64  1  26  2  71  3  91  4  13  5  15  6  95  7  93  8  7  9  76  10  20  11  78  12  65  13  78  14  3  15  60  16  81  17  54  18  67  19  35
  0  77  1  98  2  64  3  18  4  4  5  42  6  11  7  82  8  68  9  94  10  69  11  15  12  23  13  70  14  63  15  12  16  58  17  50  18  21  19  67
  0  71  1  24  2  2  3  41  4  18  5  40  6  59  7  3  8  58  9  36  10  21  11  89  12  63  13  39  14  3  15  27  16  27  17  61  18  96  19  91
  0  17  1  10  2  82  3  29  4  61  5  25  6  58  7  41  8  24  9  68  10  93  11  15  12  58  13  63  14  56  15  61  16  16  17  40  18  45  19  69
  0  48  1  38  2  50  3  13  4  44  5  86  6  20  7  55  8  75  9  33  10  92  11  33  12  56  13  23  14  40  15  37  16  30  17  33  18  21  19  96
  0  39  1  10  2  40  3  43  4  46  5  81  6  62  7  21  8  13  9  28  10  41  11  52  12  47  13  29  14  36  15  91  16  82  17  38  18  41  19  16
  0  48  1  46  2  64  3  31  4  43  5  18  6  98  7  10  8  21  9  36  10  95  11  80  12  48  13  79  14  34  15  19  16  6  17  13  18  27  19  36
  0  25  1  72  2  30  3  50  4  90  5  70  6  33  7  93  8  54  9  62  10  43  11  79  12  36  13  31  14  7  15  41  16  3  17  99  18  17  19  26
  0  63  1  71  2  2  3  77  4  9  5  57  6  4  7  67  8  93  9  36  10  80  11  55  12  32  13  61  14  95  15  71  16  52  17  23  18  74  19  67
  0  50  1  96  2  53  3  73  4  15  5  64  6  40  7  55  8  22  9  90  10  53  11  72  12  25  13  70  14  34  15  53  16  93  17  90  18  28  19  69
  0  58  1  74  2  83  3  60  4  78  5  7  6  22  7  31  8  46  9  41  10  69  11  48  12  74  13  49  14  52  15  83  16  52  17  67  18  12  19  95
  0  51  1  37  2  70  3  42  4  16  5  60  6  65  7  58  8  89  9  97  10  37  11  65  12  36  13  99  14  20  15  65  16  73  17  37  18  98  19  52
  0  24  1  73  2  3  3  51  4  44  5  98  6  70  7  55  8  5  9  8  10  94  11  18  12  8  13  5  14  31  15  37  16  82  17  62  18  46  19  26
  0  95  1  68  2  14  3  53  4  52  5  24  6  3  7  18  8  88  9  3  10  12  11  64  12  77  13  66  14  38  15  76  16  92  17  95  18  91  19  87
  0  16  1  97  2  89  3  11  4  69  5  77  6  98  7  67  8  10  9  95  10  99  11  69  12  26  13  61  14  90  15  86  16  21  17  10  18  69  19  95
  0  61  1  74  2  54  3  8  4  37  5  58  6  15  7  5  8  66  9  58  10  49  11  42  12  21  13  95  14  23  15  93  16  81  17  61  18  41  19  50
  0  23  1  71  2  29  3  88  4  10  5  7  6  52  7  80  8  46  9  62  10  86  11  14  12  91  13  43  14  16  15  28  16  73  17  85  18  46  19  1
  0  25  1  75  2  29  3  34  4  43  5  5  6  48  7  23  8  50  9  82  10  24  11  12  12  86  13  99  14  14  15  64  16  90  17  3  18  38  19  6
  0  21  1  31  2  43  3  17  4  45  5  19  6  90  7  79  8  94  9  80  10  25  11  12  12  43  13  9  14  68  15  39  16  93  17  73  18  45  19  84
  0  48  1  87  2  17  3  84  4  5  5  82  6  8  7  59  8  23  9  21  10  33  11  90  12  26  13  13  14  60  15  82  16  50  17  35  18  73  19  24
  0  47  1  67  2  21  3  69  4  10  5  88  6  58  7  90  8  74  9  94  10  21  11  97  12  11  13  42  14  91  15  9  16  18  17  20  18  44  19  22
  0  77  1  2  2  79  3  22  4  33  5  49  6  80  7  22  8  99  9  42  10  60  11  32  12  20  13  68  14  77  15  84  16  28  17  14  18  37  19  78
  0  76  1  9  2  7  3  16  4  38  5  35  6  19  7  35  8  9  9  5  10  31  11  80  12  40  13  56  14  67  15  43  16  2  17  28  18  76  19  79
  0  49  1  13  2  50  3  80  4  37  5  1  6  18  7  54  8  14  9  57  10  97  11  51  12  77  13  99  14  64  15  23  16  94  17  72  18  73  19  18
  0  97  1  28  2  52  3  47  4  10  5  64  6  40  7  59  8  80  9  79  10  44  11  32  12  22  13  39  14  42  15  55  16  65  17  76  18  39  19  57
  0  97  1  59  2  84  3  15  4  47  5  96  6  78  7  38  8  8  9  81  10  31  11  24  12  43  13  73  14  70  15  17  16  97  17  78  18  92  19  28
  0  9  1  81  2  11  3  88  4  2  5  34  6  37  7  50  8  7  9  3  10  16  11  54  12  25  13  31  14  92  15  34  16  42  17  75  18  62  19  12
  0  70  1  11  2  67  3  23  4  44  5  22  6  23  7  68  8  32  9  19  10  70  11  67  12  11  13  57  14  25  15  91  16  38  17  30  18  38  19  65
TPM
  0  2857  1  2857  2  2857  3  2857  4  2857  5  2857  6  2857  7  2857  8  2857  9  2857  10  2857  11  2857  12  2857  13  2857  14  2857  15  2857  16  2857  17  2857  18  2857  19  2857
PMT
  0  3  1  41  2  1  3  45  4  27  5  27  6  34  7  15  8  5  9  28  10  27  11  14  12  19  13  14  14  31  15  48  16  20  17  24  18  12  19  30
  0  26  1  39  2  36  3  27  4  3  5  37  6  32  7  8  8  22  9  40  10  25  11  5  12  22  13  7  14  11  15  46  16  29  17  41  18  5  19  40
  0  42  1  2  2  11  3  2  4  15  5  12  6  47  7  16  8  2  9  12  10  33  11  20  12  8  13  11  14  22  15  11  16  48  17  23  18  17  19  35
  0  48  1  31  2  38  3  1  4  21  5  44  6  40  7  35  8  13  9  19  10  34  11  14  12  46  13  15  14  27  15  43  16  15  17  2  18  24  19  13
  0  27  1  7  2  9  3  15  4  44  5  39  6  45  7  30  8  39  9  16  10  32  11  47  12  19  13  32  14  14  15  31  16  30  17  49  18  31  19  9
  0  27  1  7  2  22  3  31  4  24  5  45  6  37  7  31  8  44  9  48  10  2  11  40  12  22  13  39  14  11  15  21  16  28  17  26  18  31  19  11
  0  18  1  17  2  7  3  31  4  35  5  2  6  6  7  14  8  49  9  13  10  11  11  4  12  31  13  35  14  45  15  20  16  26  17  44  18  13  19  21
  0  10  1  28  2  22  3  4  4  34  5  38  6  48  7  33  8  8  9  9  10  32  11  5  12  19  13  2  14  32  15  40  16  34  17  7  18  19  19  18
  0  47  1  25  2  46  3  49  4  38  5  22  6  7  7  35  8  48  9  34  10  40  11  37  12  47  13  24  14  31  15  13  16  30  17  30  18  23  19  39
  0  37  1  8  2  25  3  45  4  25  5  17  6  13  7  44  8  31  9  26  10  10  11  18  12  14  13  23  14  44  15  18  16  21  17  18  18  33  19  12
  0  33  1  13  2  19  3  21  4  29  5  32  6  20  7  31  8  45  9  38  10  19  11  17  12  32  13  31  14  14  15  43  16  10  17  33  18  18  19  30
  0  24  1  45  2  35  3  42  4  7  5  41  6  46  7  19  8  9  9  12  10  30  11  13  12  13  13  47  14  11  15  28  16  7  17  8  18  34  19  26
  0  36  1  33  2  13  3  38  4  10  5  21  6  28  7  39  8  43  9  41  10  30  11  47  12  45  13  13  14  3  15  21  16  3  17  14  18  37  19  8
  0  35  1  24  2  27  3  29  4  18  5  29  6  42  7  32  8  14  9  16  10  21  11  18  12  27  13  35  14  19  15  14  16  47  17  4  18  22  19  3
  0  40  1  9  2  42  3  18  4  8  5  37  6  20  7  41  8  1  9  19  10  34  11  29  12  43  13  14  14  28  15  33  16  23  17  24  18  3  19  22
  0  18  1  31  2  24  3  33  4  12  5  10  6  37  7  46  8  29  9  42  10  28  11  31  12  10  13  23  14  15  15  25  16  6  17  37  18  47  19  42
  0  16  1  36  2  48  3  18  4  35  5  22  6  16  7  25  8  46  9  17  10  43  11  5  12  18  13  41  14  41  15  2  16  6  17  22  18  9  19  31
  0  45  1  35  2  1  3  1  4  4  5  43  6  18  7  21  8  15  9  39  10  43  11  17  12  36  13  41  14  25  15  2  16  15  17  27  18  47  19  32
