200  20
  0  63  1  70  2  28  3  17  4  7  5  27  6  87  7  4  8  26  9  87  10  78  11  45  12  25  13  74  14  46  15  9  16  85  17  3  18  17  19  11
  0  14  1  34  2  12  3  51  4  55  5  37  6  54  7  84  8  24  9  19  10  67  11  48  12  9  13  74  14  5  15  66  16  76  17  60  18  73  19  1
  0  67  1  96  2  33  3  2  4  56  5  54  6  86  7  2  8  40  9  85  10  98  11  32  12  53  13  84  14  89  15  75  16  28  17  17  18  16  19  73
  0  64  1  30  2  21  3  49  4  68  5  37  6  15  7  28  8  55  9  53  10  24  11  53  12  57  13  9  14  13  15  29  16  67  17  70  18  83  19  55
  0  6  1  54  2  83  3  12  4  93  5  3  6  86  7  26  8  71  9  64  10  41  11  23  12  3  13  3  14  77  15  36  16  33  17  2  18  30  19  51
  0  20  1  75  2  25  3  79  4  28  5  75  6  15  7  2  8  70  9  66  10  91  11  34  12  43  13  5  14  81  15  89  16  70  17  41  18  16  19  51
  0  65  1  54  2  42  3  73  4  79  5  40  6  92  7  78  8  84  9  63  10  49  11  16  12  11  13  16  14  63  15  7  16  52  17  45  18  14  19  77
  0  89  1  55  2  18  3  60  4  4  5  76  6  30  7  36  8  79  9  77  10  90  11  6  12  26  13  55  14  5  15  49  16  54  17  17  18  73  19  1
  0  91  1  57  2  96  3  36  4  32  5  86  6  31  7  70  8  40  9  60  10  60  11  95  12  64  13  22  14  21  15  16  16  25  17  54  18  92  19  57
  0  82  1  7  2  26  3  54  4  8  5  33  6  93  7  57  8  96  9  77  10  79  11  89  12  14  13  67  14  25  15  58  16  52  17  18  18  16  19  13
  0  43  1  58  2  80  3  81  4  49  5  21  6  12  7  38  8  38  9  69  10  59  11  89  12  7  13  43  14  38  15  68  16  6  17  49  18  49  19  87
  0  92  1  37  2  23  3  85  4  98  5  23  6  12  7  59  8  6  9  60  10  13  11  83  12  49  13  72  14  78  15  39  16  11  17  76  18  51  19  24
  0  59  1  97  2  46  3  4  4  41  5  25  6  46  7  26  8  55  9  59  10  88  11  11  12  43  13  79  14  64  15  88  16  85  17  95  18  63  19  53
  0  86  1  85  2  16  3  41  4  86  5  31  6  35  7  58  8  31  9  84  10  52  11  25  12  95  13  60  14  96  15  4  16  39  17  8  18  70  19  15
  0  26  1  14  2  4  3  83  4  60  5  60  6  19  7  57  8  98  9  5  10  9  11  84  12  58  13  85  14  19  15  51  16  23  17  58  18  6  19  10
  0  5  1  11  2  80  3  55  4  42  5  23  6  80  7  26  8  18  9  67  10  31  11  31  12  32  13  59  14  67  15  44  16  71  17  5  18  53  19  7
  0  53  1  15  2  8  3  30  4  44  5  71  6  21  7  87  8  64  9  73  10  26  11  49  12  42  13  89  14  51  15  83  16  84  17  98  18  94  19  38
  0  61  1  3  2  52  3  75  4  24  5  39  6  24  7  12  8  19  9  10  10  82  11  11  12  55  13  34  14  45  15  99  16  34  17  76  18  21  19  33
  0  56  1  91  2  4  3  13  4  67  5  28  6  34  7  36  8  97  9  42  10  60  11  42  12  14  13  31  14  57  15  58  16  90  17  88  18  97  19  91
  0  58  1  42  2  76  3  99  4  97  5  19  6  31  7  38  8  80  9  52  10  18  11  75  12  83  13  22  14  26  15  21  16  17  17  3  18  48  19  99
  0  42  1  58  2  28  3  73  4  85  5  88  6  74  7  99  8  62  9  40  10  88  11  70  12  60  13  36  14  55  15  63  16  61  17  69  18  3  19  19
  0  99  1  71  2  14  3  13  4  69  5  68  6  57  7  76  8  44  9  59  10  63  11  16  12  71  13  93  14  74  15  97  16  51  17  34  18  30  19  25
  0  7  1  23  2  72  3  16  4  7  5  1  6  90  7  48  8  20  9  29  10  26  11  53  12  74  13  28  14  14  15  50  16  76  17  33  18  35  19  65
  0  14  1  17  2  3  3  85  4  27  5  42  6  1  7  17  8  49  9  46  10  52  11  68  12  30  13  59  14  3  15  80  16  97  17  12  18  6  19  58
  0  33  1  89  2  90  3  80  4  49  5  36  6  21  7  99  8  7  9  12  10  77  11  56  12  6  13  60  14  41  15  68  16  38  17  40  18  36  19  62
  0  80  1  23  2  74  3  70  4  79  5  68  6  8  7  1  8  44  9  18  10  77  11  57  12  50  13  87  14  14  15  76  16  33  17  28  18  43  19  82
  0  99  1  94  2  75  3  99  4  16  5  48  6  5  7  79  8  25  9  73  10  37  11  2  12  13  13  84  14  28  15  81  16  40  17  62  18  94  19  92
  0  71  1  36  2  30  3  65  4  11  5  4  6  41  7  48  8  98  9  59  10  88  11  27  12  36  13  68  14  1  15  31  16  50  17  10  18  69  19  93
  0  94  1  69  2  84  3  32  4  76  5  69  6  46  7  59  8  35  9  51  10  46  11  56  12  22  13  55  14  42  15  59  16  42  17  64  18  40  19  36
  0  85  1  4  2  67  3  69  4  35  5  14  6  96  7  65  8  32  9  41  10  64  11  42  12  45  13  3  14  88  15  84  16  64  17  37  18  64  19  68
  0  30  1  39  2  21  3  77  4  47  5  33  6  44  7  75  8  61  9  41  10  11  11  11  12  92  13  55  14  88  15  54  16  54  17  10  18  86  19  4
  0  96  1  13  2  71  3  15  4  62  5  93  6  84  7  24  8  36  9  68  10  21  11  81  12  26  13  26  14  54  15  20  16  17  17  97  18  16  19  8
  0  74  1  52  2  75  3  80  4  87  5  30  6  68  7  32  8  89  9  27  10  70  11  29  12  95  13  62  14  21  15  60  16  23  17  6  18  33  19  48
  0  14  1  61  2  54  3  80  4  64  5  7  6  59  7  34  8  14  9  50  10  92  11  9  12  76  13  59  14  83  15  81  16  98  17  63  18  18  19  64
  0  78  1  34  2  22  3  6  4  91  5  99  6  97  7  83  8  90  9  51  10  24  11  85  12  84  13  39  14  4  15  53  16  25  17  71  18  25  19  50
  0  33  1  58  2  56  3  85  4  51  5  71  6  14  7  86  8  20  9  11  10  56  11  18  12  95  13  93  14  95  15  81  16  65  17  4  18  36  19  48
  0  19  1  83  2  71  3  99  4  98  5  41  6  12  7  96  8  30  9  6  10  16  11  84  12  85  13  62  14  44  15  7  16  71  17  40  18  67  19  98
  0  9  1  49  2  98  3  67  4  55  5  63  6  18  7  88  8  7  9  25  10  23  11  73  12  50  13  5  14  17  15  85  16  71  17  29  18  22  19  15
  0  35  1  90  2  74  3  34  4  96  5  71  6  43  7  97  8  1  9  65  10  75  11  56  12  87  13  72  14  64  15  96  16  10  17  97  18  95  19  41
  0  24  1  83  2  96  3  40  4  17  5  60  6  30  7  71  8  80  9  84  10  78  11  19  12  40  13  2  14  20  15  78  16  4  17  67  18  91  19  40
  0  88  1  90  2  93  3  27  4  41  5  99  6  76  7  96  8  52  9  44  10  10  11  34  12  37  13  69  14  47  15  83  16  40  17  42  18  4  19  19
  0  70  1  8  2  28  3  30  4  81  5  11  6  46  7  80  8  59  9  99  10  82  11  74  12  77  13  4  14  7  15  14  16  21  17  67  18  54  19  66
  0  14  1  49  2  19  3  48  4  80  5  44  6  16  7  98  8  29  9  86  10  59  11  21  12  46  13  23  14  19  15  74  16  34  17  85  18  25  19  87
  0  31  1  89  2  55  3  99  4  94  5  40  6  22  7  53  8  39  9  31  10  23  11  12  12  65  13  49  14  58  15  44  16  4  17  38  18  95  19  39
  0  82  1  75  2  46  3  5  4  80  5  72  6  1  7  89  8  14  9  87  10  6  11  26  12  99  13  28  14  6  15  71  16  59  17  80  18  76  19  13
  0  75  1  70  2  9  3  47  4  15  5  82  6  39  7  69  8  69  9  53  10  31  11  13  12  88  13  37  14  38  15  30  16  7  17  17  18  24  19  17
  0  74  1  73  2  12  3  10  4  59  5  77  6  78  7  5  8  79  9  48  10  33  11  92  12  71  13  82  14  37  15  94  16  12  17  76  18  49  19  50
  0  53  1  60  2  18  3  88  4  25  5  44  6  35  7  88  8  26  9  41  10  42  11  9  12  9  13  97  14  45  15  31  16  19  17  69  18  69  19  70
  0  51  1  14  2  80  3  27  4  32  5  85  6  37  7  85  8  45  9  57  10  54  11  97  12  47  13  2  14  4  15  92  16  56  17  14  18  65  19  7
  0  99  1  48  2  10  3  23  4  49  5  7  6  84  7  68  8  2  9  5  10  29  11  98  12  59  13  93  14  36  15  82  16  29  17  18  18  38  19  56
  0  39  1  46  2  94  3  5  4  56  5  90  6  88  7  8  8  39  9  10  10  83  11  40  12  55  13  61  14  81  15  28  16  66  17  44  18  83  19  80
  0  44  1  58  2  55  3  77  4  80  5  48  6  40  7  59  8  94  9  39  10  73  11  53  12  60  13  58  14  87  15  48  16  98  17  10  18  23  19  75
  0  18  1  40  2  69  3  82  4  85  5  25  6  16  7  95  8  71  9  50  10  72  11  11  12  98  13  70  14  1  15  50  16  77  17  84  18  62  19  87
  0  30  1  27  2  74  3  30  4  14  5  7  6  28  7  87  8  9  9  11  10  8  11  95  12  24  13  60  14  31  15  55  16  44  17  3  18  71  19  12
  0  13  1  57  2  60  3  84  4  29  5  56  6  67  7  21  8  3  9  53  10  98  11  34  12  95  13  81  14  77  15  47  16  44  17  95  18  87  19  64
  0  32  1  17  2  98  3  24  4  81  5  68  6  1  7  15  8  51  9  80  10  8  11  63  12  79  13  95  14  31  15  11  16  14  17  98  18  12  19  51
  0  98  1  51  2  71  3  95  4  18  5  23  6  17  7  74  8  33  9  30  10  13  11  3  12  32  13  24  14  1  15  75  16  2  17  9  18  40  19  52
  0  90  1  62  2  89  3  50  4  98  5  89  6  45  7  79  8  49  9  51  10  39  11  59  12  95  13  22  14  28  15  4  16  88  17  91  18  33  19  87
  0  2  1  5  2  27  3  12  4  81  5  93  6  71  7  24  8  84  9  71  10  36  11  87  12  9  13  72  14  77  15  77  16  37  17  59  18  39  19  66
  0  39  1  37  2  8  3  21  4  14  5  52  6  44  7  21  8  61  9  47  10  63  11  72  12  14  13  13  14  32  15  79  16  71  17  60  18  18  19  99
  0  19  1  92  2  2  3  75  4  18  5  58  6  38  7  59  8  99  9  19  10  28  11  26  12  8  13  52  14  26  15  72  16  63  17  74  18  22  19  44
  0  55  1  70  2  50  3  22  4  66  5  43  6  6  7  81  8  5  9  30  10  1  11  88  12  84  13  51  14  77  15  6  16  94  17  84  18  39  19  16
  0  32  1  80  2  2  3  99  4  88  5  60  6  55  7  3  8  41  9  67  10  89  11  2  12  52  13  62  14  35  15  35  16  2  17  78  18  99  19  72
  0  98  1  76  2  33  3  40  4  49  5  74  6  29  7  96  8  77  9  38  10  47  11  78  12  17  13  49  14  27  15  9  16  31  17  96  18  8  19  65
  0  34  1  54  2  2  3  55  4  99  5  44  6  62  7  21  8  94  9  96  10  45  11  91  12  84  13  44  14  76  15  55  16  69  17  33  18  50  19  3
  0  70  1  25  2  34  3  81  4  76  5  27  6  47  7  58  8  1  9  66  10  48  11  65  12  20  13  4  14  40  15  1  16  8  17  58  18  78  19  94
  0  65  1  72  2  49  3  60  4  9  5  50  6  46  7  96  8  89  9  43  10  60  11  10  12  41  13  72  14  69  15  72  16  74  17  10  18  83  19  38
  0  72  1  45  2  92  3  69  4  62  5  30  6  13  7  64  8  53  9  66  10  29  11  80  12  69  13  75  14  94  15  83  16  31  17  79  18  9  19  84
  0  46  1  66  2  7  3  37  4  23  5  27  6  27  7  3  8  11  9  88  10  32  11  17  12  40  13  79  14  7  15  99  16  18  17  92  18  53  19  8
  0  72  1  50  2  65  3  11  4  1  5  68  6  42  7  48  8  24  9  87  10  82  11  95  12  63  13  10  14  60  15  35  16  10  17  56  18  80  19  33
  0  25  1  52  2  65  3  49  4  9  5  84  6  10  7  40  8  27  9  96  10  24  11  22  12  70  13  12  14  35  15  23  16  95  17  13  18  28  19  24
  0  76  1  3  2  36  3  64  4  52  5  27  6  23  7  88  8  63  9  47  10  8  11  31  12  95  13  81  14  35  15  72  16  98  17  48  18  72  19  27
  0  25  1  90  2  12  3  35  4  14  5  75  6  92  7  66  8  26  9  63  10  65  11  63  12  89  13  19  14  91  15  84  16  17  17  14  18  18  19  16
  0  7  1  10  2  86  3  73  4  43  5  56  6  65  7  4  8  43  9  26  10  17  11  58  12  32  13  72  14  32  15  5  16  33  17  83  18  89  19  94
  0  6  1  70  2  43  3  4  4  79  5  6  6  21  7  6  8  47  9  15  10  99  11  66  12  28  13  70  14  94  15  44  16  22  17  47  18  60  19  47
  0  89  1  46  2  16  3  88  4  58  5  80  6  24  7  23  8  23  9  1  10  81  11  71  12  86  13  78  14  28  15  62  16  76  17  99  18  49  19  38
  0  24  1  17  2  47  3  24  4  80  5  79  6  14  7  35  8  29  9  24  10  98  11  86  12  1  13  6  14  94  15  30  16  5  17  2  18  55  19  14
  0  44  1  9  2  26  3  67  4  57  5  31  6  62  7  40  8  25  9  8  10  51  11  47  12  15  13  55  14  65  15  3  16  80  17  5  18  26  19  45
  0  1  1  50  2  38  3  90  4  53  5  72  6  30  7  53  8  59  9  67  10  21  11  34  12  20  13  14  14  80  15  59  16  50  17  62  18  66  19  22
  0  81  1  8  2  54  3  57  4  80  5  8  6  86  7  52  8  7  9  35  10  15  11  82  12  10  13  85  14  9  15  8  16  36  17  84  18  49  19  85
  0  1  1  53  2  41  3  73  4  37  5  39  6  5  7  36  8  33  9  5  10  36  11  75  12  19  13  49  14  38  15  50  16  67  17  99  18  69  19  54
  0  5  1  81  2  67  3  61  4  70  5  83  6  22  7  74  8  53  9  50  10  33  11  14  12  94  13  82  14  62  15  56  16  46  17  29  18  60  19  89
  0  13  1  85  2  42  3  48  4  24  5  50  6  32  7  65  8  11  9  98  10  1  11  22  12  83  13  73  14  69  15  6  16  35  17  93  18  62  19  4
  0  25  1  48  2  12  3  81  4  97  5  22  6  58  7  37  8  64  9  50  10  9  11  23  12  38  13  27  14  35  15  75  16  97  17  98  18  19  19  1
  0  38  1  22  2  90  3  4  4  14  5  60  6  10  7  46  8  94  9  61  10  92  11  96  12  80  13  28  14  68  15  89  16  55  17  83  18  29  19  5
  0  70  1  86  2  17  3  45  4  93  5  46  6  41  7  70  8  52  9  55  10  33  11  13  12  62  13  28  14  77  15  77  16  34  17  14  18  79  19  21
  0  81  1  26  2  52  3  34  4  69  5  10  6  38  7  98  8  1  9  26  10  2  11  79  12  9  13  45  14  49  15  74  16  6  17  56  18  60  19  32
  0  17  1  49  2  58  3  13  4  86  5  23  6  28  7  57  8  44  9  24  10  69  11  76  12  62  13  24  14  55  15  80  16  50  17  81  18  6  19  24
  0  56  1  52  2  30  3  17  4  85  5  51  6  73  7  35  8  37  9  66  10  72  11  41  12  35  13  79  14  31  15  72  16  6  17  57  18  32  19  88
  0  10  1  3  2  73  3  66  4  48  5  86  6  93  7  84  8  97  9  4  10  10  11  41  12  37  13  10  14  93  15  2  16  73  17  51  18  58  19  61
  0  91  1  78  2  33  3  61  4  62  5  17  6  41  7  21  8  99  9  28  10  9  11  49  12  58  13  80  14  85  15  54  16  85  17  40  18  37  19  74
  0  1  1  7  2  38  3  83  4  41  5  93  6  97  7  56  8  9  9  11  10  75  11  93  12  12  13  92  14  74  15  41  16  69  17  2  18  27  19  45
  0  41  1  75  2  3  3  50  4  82  5  11  6  4  7  10  8  62  9  5  10  30  11  64  12  61  13  91  14  33  15  41  16  60  17  42  18  77  19  31
  0  90  1  19  2  96  3  81  4  79  5  3  6  4  7  7  8  42  9  45  10  80  11  89  12  87  13  86  14  84  15  36  16  41  17  63  18  25  19  9
  0  3  1  97  2  94  3  51  4  96  5  30  6  84  7  62  8  74  9  41  10  90  11  12  12  83  13  80  14  95  15  79  16  14  17  98  18  6  19  73
  0  76  1  28  2  45  3  55  4  88  5  94  6  53  7  82  8  53  9  32  10  49  11  39  12  73  13  32  14  29  15  12  16  38  17  61  18  38  19  54
  0  51  1  18  2  24  3  17  4  15  5  25  6  48  7  54  8  74  9  64  10  43  11  34  12  88  13  2  14  15  15  4  16  83  17  75  18  33  19  99
  0  5  1  30  2  76  3  91  4  77  5  15  6  8  7  8  8  30  9  97  10  88  11  79  12  48  13  49  14  89  15  97  16  77  17  99  18  31  19  77
  0  60  1  80  2  53  3  67  4  3  5  87  6  35  7  52  8  97  9  53  10  73  11  30  12  45  13  89  14  12  15  69  16  58  17  48  18  81  19  84
  0  30  1  22  2  82  3  60  4  13  5  55  6  28  7  36  8  26  9  73  10  22  11  28  12  10  13  22  14  51  15  35  16  60  17  78  18  5  19  76
  0  48  1  94  2  53  3  47  4  86  5  64  6  57  7  80  8  97  9  31  10  79  11  68  12  13  13  84  14  18  15  77  16  79  17  1  18  4  19  51
  0  82  1  33  2  2  3  94  4  97  5  59  6  28  7  78  8  18  9  35  10  72  11  11  12  40  13  13  14  76  15  61  16  7  17  27  18  21  19  42
  0  18  1  56  2  5  3  69  4  64  5  10  6  46  7  66  8  72  9  97  10  10  11  90  12  31  13  88  14  52  15  72  16  41  17  60  18  51  19  26
  0  42  1  92  2  39  3  45  4  67  5  68  6  74  7  13  8  48  9  73  10  8  11  78  12  76  13  14  14  40  15  80  16  86  17  89  18  68  19  24
  0  8  1  3  2  65  3  36  4  19  5  69  6  56  7  66  8  94  9  84  10  65  11  84  12  18  13  52  14  57  15  30  16  14  17  63  18  3  19  73
  0  14  1  16  2  28  3  22  4  75  5  85  6  41  7  76  8  93  9  87  10  36  11  3  12  86  13  16  14  16  15  5  16  58  17  24  18  99  19  85
  0  52  1  89  2  91  3  48  4  42  5  86  6  30  7  71  8  51  9  47  10  45  11  51  12  75  13  90  14  92  15  13  16  52  17  52  18  44  19  17
  0  15  1  37  2  56  3  14  4  1  5  85  6  33  7  42  8  27  9  23  10  66  11  50  12  46  13  27  14  27  15  90  16  25  17  41  18  14  19  34
  0  40  1  16  2  14  3  84  4  64  5  52  6  13  7  99  8  84  9  87  10  58  11  41  12  93  13  41  14  83  15  25  16  31  17  3  18  15  19  31
  0  65  1  56  2  46  3  87  4  48  5  44  6  45  7  69  8  92  9  29  10  15  11  41  12  33  13  7  14  44  15  46  16  79  17  75  18  2  19  37
  0  88  1  62  2  71  3  75  4  88  5  73  6  26  7  64  8  49  9  6  10  87  11  82  12  76  13  33  14  28  15  32  16  70  17  83  18  96  19  25
  0  84  1  34  2  92  3  73  4  68  5  8  6  1  7  41  8  82  9  55  10  76  11  88  12  19  13  42  14  47  15  25  16  69  17  80  18  43  19  15
  0  12  1  77  2  3  3  44  4  30  5  86  6  3  7  25  8  62  9  83  10  10  11  81  12  54  13  12  14  56  15  68  16  74  17  48  18  72  19  6
  0  98  1  9  2  53  3  27  4  72  5  86  6  27  7  79  8  22  9  75  10  47  11  19  12  69  13  45  14  38  15  94  16  59  17  65  18  62  19  19
  0  13  1  77  2  87  3  43  4  67  5  85  6  67  7  22  8  70  9  4  10  75  11  11  12  18  13  71  14  49  15  31  16  80  17  52  18  26  19  11
  0  45  1  43  2  98  3  76  4  57  5  83  6  99  7  46  8  60  9  42  10  3  11  69  12  50  13  93  14  11  15  99  16  8  17  52  18  41  19  88
  0  61  1  95  2  55  3  60  4  93  5  1  6  84  7  86  8  17  9  89  10  39  11  76  12  54  13  39  14  12  15  45  16  3  17  12  18  17  19  43
  0  93  1  8  2  18  3  45  4  42  5  55  6  35  7  23  8  70  9  75  10  40  11  79  12  43  13  89  14  79  15  89  16  44  17  72  18  82  19  89
  0  94  1  46  2  36  3  12  4  75  5  89  6  53  7  41  8  21  9  91  10  50  11  63  12  84  13  74  14  6  15  18  16  94  17  82  18  94  19  67
  0  64  1  92  2  81  3  64  4  2  5  99  6  45  7  68  8  51  9  83  10  63  11  43  12  62  13  63  14  63  15  39  16  50  17  90  18  40  19  37
  0  16  1  35  2  82  3  17  4  22  5  74  6  65  7  69  8  53  9  89  10  98  11  69  12  13  13  9  14  33  15  70  16  10  17  80  18  75  19  97
  0  60  1  51  2  54  3  57  4  11  5  78  6  45  7  62  8  36  9  7  10  41  11  64  12  81  13  94  14  25  15  46  16  58  17  61  18  96  19  90
  0  3  1  85  2  35  3  50  4  55  5  1  6  15  7  82  8  31  9  35  10  19  11  13  12  82  13  15  14  79  15  50  16  69  17  23  18  79  19  67
  0  1  1  76  2  75  3  13  4  99  5  72  6  16  7  29  8  12  9  6  10  2  11  77  12  66  13  76  14  65  15  12  16  42  17  15  18  98  19  43
  0  18  1  12  2  51  3  79  4  90  5  31  6  68  7  47  8  7  9  26  10  44  11  23  12  30  13  6  14  16  15  28  16  43  17  12  18  20  19  71
  0  63  1  4  2  84  3  34  4  7  5  62  6  30  7  40  8  40  9  68  10  5  11  55  12  11  13  3  14  76  15  99  16  24  17  77  18  49  19  83
  0  28  1  10  2  91  3  81  4  20  5  71  6  85  7  16  8  71  9  5  10  27  11  17  12  57  13  66  14  49  15  75  16  25  17  39  18  45  19  4
  0  29  1  49  2  10  3  74  4  39  5  47  6  23  7  5  8  84  9  55  10  52  11  99  12  81  13  92  14  51  15  78  16  84  17  22  18  59  19  37
  0  34  1  87  2  54  3  39  4  4  5  28  6  3  7  21  8  62  9  97  10  4  11  54  12  3  13  15  14  38  15  19  16  24  17  28  18  46  19  62
  0  38  1  81  2  12  3  47  4  51  5  88  6  29  7  31  8  47  9  74  10  64  11  14  12  70  13  40  14  46  15  46  16  76  17  44  18  53  19  99
  0  97  1  24  2  75  3  25  4  69  5  91  6  67  7  62  8  72  9  75  10  28  11  68  12  16  13  95  14  59  15  81  16  61  17  7  18  8  19  40
  0  51  1  17  2  78  3  23  4  9  5  89  6  73  7  76  8  11  9  87  10  11  11  46  12  51  13  1  14  5  15  34  16  51  17  80  18  27  19  37
  0  82  1  61  2  77  3  57  4  12  5  58  6  33  7  68  8  75  9  51  10  47  11  88  12  48  13  9  14  31  15  1  16  65  17  9  18  33  19  4
  0  11  1  54  2  86  3  7  4  80  5  5  6  15  7  79  8  84  9  48  10  96  11  32  12  40  13  8  14  31  15  90  16  84  17  48  18  67  19  80
  0  96  1  23  2  81  3  43  4  8  5  78  6  4  7  40  8  46  9  14  10  48  11  34  12  40  13  59  14  93  15  32  16  82  17  7  18  6  19  45
  0  19  1  34  2  9  3  94  4  21  5  77  6  49  7  66  8  56  9  66  10  4  11  99  12  66  13  15  14  25  15  52  16  12  17  24  18  30  19  93
  0  46  1  67  2  69  3  5  4  28  5  36  6  47  7  82  8  92  9  76  10  51  11  96  12  19  13  47  14  46  15  32  16  88  17  82  18  21  19  15
  0  13  1  33  2  80  3  13  4  64  5  18  6  65  7  47  8  56  9  15  10  92  11  70  12  49  13  77  14  73  15  87  16  70  17  43  18  61  19  25
  0  86  1  75  2  5  3  80  4  64  5  67  6  46  7  6  8  98  9  77  10  60  11  98  12  7  13  89  14  39  15  19  16  11  17  18  18  67  19  44
  0  52  1  92  2  28  3  37  4  29  5  97  6  63  7  86  8  23  9  54  10  54  11  35  12  77  13  62  14  94  15  30  16  46  17  44  18  92  19  38
  0  91  1  63  2  11  3  13  4  52  5  96  6  25  7  20  8  63  9  95  10  73  11  39  12  25  13  65  14  24  15  20  16  47  17  26  18  69  19  38
  0  8  1  67  2  46  3  95  4  20  5  90  6  26  7  57  8  70  9  98  10  26  11  7  12  1  13  85  14  39  15  85  16  27  17  35  18  80  19  28
  0  21  1  28  2  4  3  14  4  11  5  14  6  19  7  99  8  55  9  7  10  47  11  13  12  12  13  97  14  56  15  97  16  6  17  10  18  80  19  59
  0  59  1  20  2  35  3  48  4  47  5  37  6  41  7  78  8  74  9  8  10  54  11  64  12  21  13  85  14  51  15  29  16  64  17  88  18  5  19  18
  0  93  1  28  2  81  3  13  4  83  5  83  6  8  7  40  8  66  9  63  10  18  11  15  12  47  13  69  14  61  15  58  16  38  17  53  18  37  19  84
  0  2  1  36  2  93  3  56  4  37  5  35  6  88  7  32  8  51  9  12  10  23  11  73  12  91  13  25  14  79  15  72  16  37  17  81  18  25  19  30
  0  71  1  90  2  70  3  88  4  82  5  78  6  97  7  88  8  75  9  16  10  74  11  31  12  80  13  62  14  47  15  38  16  86  17  39  18  63  19  52
  0  53  1  72  2  67  3  21  4  68  5  77  6  78  7  61  8  52  9  68  10  32  11  81  12  30  13  27  14  52  15  23  16  27  17  48  18  88  19  49
  0  46  1  54  2  29  3  77  4  44  5  51  6  67  7  54  8  22  9  56  10  2  11  98  12  63  13  34  14  83  15  76  16  30  17  10  18  42  19  79
  0  68  1  43  2  56  3  16  4  92  5  3  6  50  7  47  8  59  9  51  10  31  11  8  12  26  13  40  14  2  15  16  16  93  17  82  18  6  19  56
  0  36  1  37  2  4  3  68  4  92  5  28  6  67  7  11  8  73  9  92  10  57  11  60  12  93  13  24  14  26  15  64  16  46  17  42  18  29  19  70
  0  68  1  27  2  71  3  89  4  83  5  90  6  18  7  72  8  90  9  62  10  18  11  2  12  62  13  31  14  47  15  36  16  62  17  56  18  67  19  53
  0  85  1  42  2  42  3  71  4  97  5  49  6  72  7  64  8  16  9  66  10  30  11  88  12  61  13  90  14  10  15  79  16  71  17  69  18  34  19  4
  0  63  1  13  2  59  3  58  4  70  5  81  6  87  7  63  8  11  9  91  10  84  11  91  12  39  13  19  14  38  15  11  16  15  17  77  18  26  19  61
  0  68  1  92  2  70  3  76  4  55  5  24  6  96  7  19  8  35  9  86  10  30  11  1  12  2  13  79  14  86  15  99  16  72  17  26  18  55  19  92
  0  87  1  75  2  70  3  71  4  99  5  30  6  14  7  13  8  42  9  87  10  20  11  9  12  10  13  31  14  45  15  93  16  84  17  78  18  35  19  6
  0  9  1  93  2  13  3  87  4  63  5  25  6  60  7  9  8  16  9  1  10  58  11  48  12  59  13  23  14  27  15  94  16  19  17  25  18  65  19  40
  0  44  1  80  2  90  3  68  4  81  5  88  6  26  7  81  8  96  9  79  10  77  11  96  12  13  13  91  14  17  15  21  16  65  17  34  18  39  19  76
  0  90  1  33  2  80  3  40  4  4  5  17  6  10  7  24  8  39  9  3  10  14  11  90  12  46  13  73  14  71  15  9  16  68  17  67  18  58  19  64
  0  51  1  20  2  30  3  9  4  60  5  25  6  2  7  88  8  92  9  13  10  85  11  99  12  23  13  48  14  83  15  58  16  15  17  10  18  24  19  76
  0  91  1  5  2  10  3  96  4  39  5  9  6  3  7  7  8  90  9  65  10  67  11  52  12  24  13  63  14  50  15  12  16  50  17  83  18  54  19  14
  0  92  1  85  2  64  3  84  4  79  5  66  6  3  7  76  8  1  9  28  10  29  11  29  12  95  13  19  14  26  15  21  16  76  17  46  18  24  19  47
  0  11  1  73  2  54  3  32  4  6  5  44  6  45  7  38  8  73  9  2  10  87  11  51  12  75  13  97  14  40  15  44  16  66  17  3  18  53  19  53
  0  81  1  63  2  34  3  17  4  60  5  76  6  65  7  59  8  78  9  65  10  74  11  23  12  28  13  80  14  94  15  79  16  97  17  66  18  76  19  75
  0  8  1  60  2  43  3  88  4  19  5  16  6  79  7  1  8  27  9  67  10  26  11  26  12  93  13  82  14  98  15  31  16  84  17  58  18  57  19  41
  0  26  1  69  2  96  3  34  4  82  5  70  6  43  7  50  8  19  9  6  10  56  11  70  12  22  13  85  14  86  15  45  16  62  17  25  18  50  19  83
  0  47  1  67  2  86  3  19  4  85  5  19  6  36  7  22  8  55  9  85  10  54  11  27  12  67  13  77  14  37  15  88  16  51  17  21  18  31  19  82
  0  1  1  8  2  46  3  25  4  70  5  48  6  12  7  75  8  8  9  33  10  24  11  29  12  48  13  3  14  79  15  36  16  21  17  79  18  10  19  97
  0  48  1  29  2  39  3  14  4  14  5  33  6  39  7  2  8  52  9  7  10  62  11  97  12  88  13  86  14  61  15  3  16  2  17  65  18  37  19  65
  0  25  1  66  2  70  3  82  4  91  5  70  6  25  7  66  8  78  9  39  10  37  11  23  12  29  13  1  14  20  15  27  16  38  17  96  18  52  19  98
  0  42  1  95  2  23  3  1  4  42  5  28  6  69  7  22  8  49  9  97  10  11  11  34  12  45  13  71  14  63  15  96  16  78  17  63  18  19  19  79
  0  49  1  43  2  83  3  21  4  51  5  61  6  32  7  29  8  80  9  51  10  23  11  11  12  16  13  53  14  72  15  78  16  34  17  89  18  87  19  61
  0  37  1  53  2  4  3  32  4  64  5  17  6  77  7  32  8  50  9  66  10  35  11  30  12  38  13  9  14  68  15  74  16  60  17  15  18  34  19  11
  0  44  1  98  2  3  3  77  4  7  5  39  6  46  7  1  8  54  9  96  10  85  11  54  12  77  13  83  14  16  15  45  16  42  17  88  18  88  19  56
  0  83  1  63  2  23  3  54  4  66  5  22  6  62  7  21  8  87  9  12  10  16  11  98  12  96  13  62  14  43  15  44  16  90  17  8  18  57  19  22
  0  3  1  45  2  83  3  93  4  73  5  87  6  73  7  89  8  4  9  96  10  75  11  46  12  97  13  33  14  9  15  71  16  67  17  39  18  86  19  58
  0  54  1  48  2  91  3  53  4  67  5  86  6  97  7  68  8  78  9  11  10  97  11  76  12  95  13  5  14  55  15  32  16  17  17  7  18  29  19  16
  0  36  1  67  2  16  3  85  4  50  5  46  6  96  7  83  8  88  9  88  10  14  11  40  12  70  13  63  14  1  15  63  16  52  17  33  18  22  19  12
  0  22  1  92  2  31  3  82  4  63  5  10  6  24  7  76  8  85  9  30  10  62  11  8  12  92  13  51  14  91  15  65  16  36  17  72  18  64  19  75
  0  92  1  68  2  71  3  79  4  38  5  44  6  12  7  55  8  12  9  86  10  72  11  44  12  12  13  95  14  1  15  42  16  51  17  69  18  66  19  94
  0  51  1  91  2  77  3  79  4  88  5  16  6  84  7  86  8  91  9  76  10  69  11  15  12  55  13  44  14  34  15  46  16  44  17  22  18  18  19  85
  0  67  1  51  2  8  3  45  4  79  5  55  6  26  7  39  8  15  9  61  10  9  11  9  12  70  13  69  14  8  15  80  16  5  17  52  18  79  19  55
  0  90  1  16  2  43  3  52  4  67  5  55  6  30  7  69  8  66  9  72  10  40  11  44  12  9  13  51  14  86  15  2  16  91  17  3  18  4  19  41
  0  28  1  35  2  32  3  2  4  91  5  88  6  12  7  92  8  85  9  68  10  60  11  87  12  46  13  45  14  95  15  21  16  31  17  10  18  39  19  34
  0  72  1  18  2  25  3  53  4  84  5  31  6  70  7  6  8  57  9  66  10  6  11  96  12  75  13  7  14  64  15  14  16  50  17  19  18  75  19  30
  0  39  1  93  2  16  3  6  4  12  5  14  6  13  7  37  8  66  9  87  10  93  11  83  12  18  13  26  14  47  15  70  16  13  17  56  18  23  19  61
  0  23  1  68  2  80  3  39  4  59  5  67  6  88  7  43  8  71  9  74  10  9  11  38  12  39  13  80  14  35  15  41  16  77  17  67  18  55  19  99
  0  6  1  36  2  75  3  20  4  48  5  10  6  6  7  81  8  71  9  12  10  8  11  76  12  75  13  25  14  54  15  83  16  93  17  74  18  39  19  43
  0  71  1  15  2  52  3  98  4  21  5  97  6  6  7  31  8  74  9  46  10  64  11  91  12  94  13  75  14  18  15  3  16  96  17  25  18  28  19  10
  0  5  1  5  2  91  3  69  4  38  5  50  6  30  7  29  8  6  9  59  10  99  11  28  12  53  13  47  14  70  15  24  16  85  17  37  18  22  19  24
  0  73  1  85  2  53  3  75  4  93  5  95  6  9  7  49  8  87  9  77  10  67  11  8  12  20  13  59  14  42  15  65  16  77  17  52  18  84  19  54
  0  38  1  20  2  8  3  69  4  9  5  22  6  54  7  58  8  98  9  10  10  76  11  72  12  81  13  17  14  15  15  99  16  77  17  56  18  84  19  33
  0  32  1  14  2  4  3  63  4  89  5  23  6  27  7  98  8  94  9  34  10  73  11  26  12  48  13  28  14  51  15  94  16  20  17  34  18  22  19  80
  0  87  1  46  2  63  3  40  4  47  5  65  6  18  7  94  8  35  9  87  10  35  11  87  12  31  13  28  14  42  15  96  16  49  17  61  18  18  19  8
  0  33  1  95  2  30  3  88  4  7  5  24  6  70  7  92  8  58  9  26  10  19  11  2  12  45  13  99  14  80  15  95  16  56  17  53  18  8  19  73
  0  68  1  90  2  99  3  5  4  75  5  59  6  18  7  58  8  98  9  62  10  87  11  44  12  73  13  30  14  61  15  72  16  97  17  18  18  57  19  6
  0  82  1  83  2  16  3  66  4  30  5  41  6  24  7  16  8  36  9  96  10  6  11  31  12  93  13  35  14  71  15  31  16  46  17  93  18  88  19  35
  0  2  1  33  2  10  3  62  4  37  5  27  6  53  7  89  8  20  9  90  10  53  11  37  12  43  13  41  14  11  15  50  16  61  17  63  18  95  19  88
  0  51  1  9  2  9  3  47  4  43  5  64  6  93  7  73  8  9  9  58  10  42  11  45  12  86  13  1  14  59  15  27  16  82  17  71  18  65  19  35
  0  85  1  93  2  54  3  47  4  76  5  73  6  28  7  64  8  26  9  78  10  95  11  6  12  5  13  96  14  93  15  82  16  61  17  88  18  62  19  95
TPM
  0  1786  1  1786  2  1786  3  1786  4  1786  5  1786  6  1786  7  1786  8  1786  9  1786  10  1786  11  1786  12  1786  13  1786  14  1786  15  1786  16  1786  17  1786  18  1786  19  1786
PMT
  0  11  1  15  2  44  3  19  4  23  5  7  6  7  7  6  8  5  9  22  10  19  11  43  12  11  13  25  14  3  15  27  16  6  17  2  18  9  19  24
  0  35  1  11  2  13  3  34  4  21  5  31  6  6  7  41  8  3  9  44  10  12  11  10  12  17  13  14  14  35  15  49  16  17  17  20  18  25  19  47
  0  26  1  9  2  42  3  3  4  35  5  25  6  3  7  16  8  30  9  1  10  30  11  40  12  6  13  22  14  45  15  42  16  21  17  3  18  44  19  36
  0  25  1  10  2  38  3  13  4  39  5  9  6  26  7  22  8  36  9  33  10  24  11  33  12  46  13  33  14  49  15  18  16  43  17  28  18  1  19  8
  0  17  1  39  2  28  3  33  4  12  5  10  6  49  7  37  8  13  9  9  10  16  11  31  12  41  13  1  14  35  15  25  16  40  17  6  18  12  19  11
  0  23  1  3  2  46  3  10  4  21  5  28  6  22  7  1  8  19  9  2  10  47  11  47  12  11  13  47  14  19  15  24  16  24  17  21  18  27  19  29
  0  29  1  44  2  10  3  23  4  1  5  14  6  4  7  45  8  27  9  33  10  4  11  8  12  1  13  41  14  32  15  29  16  29  17  23  18  33  19  7
  0  5  1  45  2  20  3  11  4  5  5  26  6  31  7  48  8  45  9  14  10  33  11  35  12  17  13  2  14  6  15  1  16  13  17  31  18  20  19  48
  0  1  1  40  2  24  3  20  4  26  5  25  6  25  7  47  8  16  9  46  10  44  11  31  12  47  13  47  14  20  15  1  16  34  17  1  18  7  19  12
  0  11  1  5  2  24  3  26  4  46  5  19  6  21  7  40  8  40  9  19  10  36  11  40  12  8  13  3  14  8  15  21  16  37  17  38  18  17  19  24
  0  49  1  26  2  4  3  13  4  5  5  29  6  24  7  49  8  30  9  19  10  2  11  31  12  37  13  21  14  5  15  25  16  7  17  35  18  10  19  15
  0  6  1  29  2  31  3  6  4  38  5  14  6  6  7  2  8  6  9  25  10  2  11  23  12  15  13  33  14  47  15  29  16  37  17  47  18  37  19  18
