500  10
  0  56  1  3  2  6  3  36  4  77  5  74  6  18  7  24  8  35  9  1
  0  52  1  83  2  23  3  81  4  33  5  14  6  31  7  21  8  32  9  45
  0  73  1  94  2  13  3  81  4  54  5  82  6  88  7  10  8  39  9  73
  0  20  1  28  2  55  3  48  4  51  5  86  6  28  7  9  8  20  9  44
  0  27  1  9  2  36  3  88  4  87  5  2  6  89  7  68  8  26  9  15
  0  24  1  30  2  65  3  5  4  16  5  67  6  34  7  70  8  17  9  25
  0  14  1  15  2  68  3  7  4  47  5  83  6  83  7  89  8  20  9  28
  0  60  1  37  2  95  3  66  4  78  5  61  6  61  7  41  8  80  9  87
  0  98  1  97  2  48  3  12  4  8  5  23  6  19  7  59  8  44  9  41
  0  15  1  75  2  37  3  30  4  63  5  27  6  5  7  18  8  42  9  76
  0  93  1  82  2  81  3  55  4  87  5  36  6  85  7  70  8  78  9  98
  0  85  1  4  2  4  3  73  4  16  5  84  6  60  7  83  8  76  9  57
  0  83  1  27  2  35  3  69  4  30  5  73  6  68  7  50  8  12  9  1
  0  61  1  55  2  76  3  37  4  96  5  1  6  4  7  70  8  9  9  11
  0  3  1  35  2  3  3  51  4  1  5  87  6  34  7  18  8  66  9  31
  0  11  1  16  2  9  3  49  4  76  5  41  6  50  7  63  8  69  9  35
  0  58  1  20  2  70  3  9  4  76  5  71  6  88  7  28  8  8  9  13
  0  46  1  6  2  33  3  78  4  53  5  66  6  61  7  23  8  5  9  60
  0  48  1  29  2  16  3  42  4  35  5  22  6  84  7  49  8  87  9  85
  0  70  1  44  2  42  3  4  4  93  5  98  6  83  7  79  8  13  9  44
  0  16  1  92  2  38  3  3  4  98  5  19  6  76  7  87  8  60  9  1
  0  26  1  36  2  15  3  51  4  55  5  90  6  35  7  43  8  48  9  81
  0  63  1  85  2  96  3  41  4  68  5  19  6  50  7  62  8  73  9  67
  0  91  1  7  2  6  3  31  4  73  5  77  6  63  7  10  8  33  9  55
  0  82  1  81  2  88  3  44  4  56  5  87  6  62  7  72  8  39  9  4
  0  4  1  52  2  32  3  76  4  93  5  90  6  51  7  69  8  56  9  14
  0  1  1  56  2  20  3  24  4  11  5  37  6  84  7  31  8  23  9  71
  0  4  1  8  2  22  3  66  4  81  5  63  6  46  7  42  8  44  9  45
  0  35  1  82  2  31  3  99  4  81  5  33  6  28  7  60  8  12  9  1
  0  23  1  42  2  7  3  82  4  62  5  59  6  25  7  8  8  50  9  93
  0  8  1  86  2  88  3  90  4  77  5  93  6  88  7  47  8  40  9  31
  0  72  1  23  2  69  3  45  4  56  5  92  6  32  7  94  8  84  9  19
  0  80  1  96  2  55  3  16  4  14  5  95  6  55  7  23  8  96  9  31
  0  92  1  18  2  79  3  1  4  10  5  45  6  58  7  42  8  87  9  25
  0  77  1  87  2  94  3  66  4  45  5  51  6  50  7  22  8  38  9  67
  0  71  1  36  2  92  3  80  4  54  5  78  6  27  7  59  8  2  9  79
  0  33  1  83  2  82  3  85  4  31  5  25  6  10  7  19  8  78  9  29
  0  52  1  5  2  78  3  55  4  26  5  92  6  25  7  44  8  29  9  9
  0  84  1  16  2  15  3  81  4  93  5  13  6  18  7  49  8  33  9  50
  0  78  1  45  2  2  3  30  4  32  5  7  6  91  7  35  8  48  9  59
  0  64  1  11  2  52  3  68  4  48  5  94  6  51  7  67  8  28  9  60
  0  55  1  99  2  89  3  74  4  61  5  31  6  37  7  95  8  36  9  24
  0  5  1  60  2  32  3  86  4  25  5  25  6  2  7  13  8  21  9  68
  0  10  1  14  2  46  3  82  4  51  5  77  6  75  7  80  8  27  9  9
  0  32  1  23  2  35  3  66  4  7  5  38  6  78  7  57  8  82  9  68
  0  97  1  78  2  94  3  95  4  77  5  22  6  83  7  12  8  96  9  67
  0  13  1  30  2  95  3  34  4  63  5  78  6  11  7  66  8  28  9  99
  0  79  1  85  2  71  3  45  4  22  5  9  6  20  7  66  8  54  9  37
  0  98  1  10  2  83  3  60  4  39  5  76  6  3  7  23  8  17  9  23
  0  65  1  58  2  91  3  85  4  29  5  70  6  62  7  72  8  83  9  51
  0  59  1  53  2  6  3  19  4  39  5  29  6  13  7  53  8  46  9  84
  0  96  1  47  2  61  3  38  4  72  5  96  6  57  7  36  8  62  9  11
  0  22  1  79  2  4  3  97  4  18  5  66  6  53  7  78  8  99  9  77
  0  22  1  19  2  7  3  58  4  73  5  82  6  85  7  65  8  50  9  51
  0  35  1  80  2  34  3  69  4  54  5  11  6  37  7  90  8  52  9  22
  0  86  1  58  2  53  3  93  4  53  5  27  6  81  7  68  8  32  9  12
  0  37  1  45  2  71  3  37  4  86  5  44  6  18  7  99  8  21  9  35
  0  24  1  82  2  70  3  7  4  15  5  81  6  69  7  23  8  46  9  22
  0  9  1  97  2  70  3  91  4  24  5  63  6  99  7  15  8  8  9  50
  0  48  1  28  2  46  3  65  4  72  5  47  6  1  7  55  8  49  9  46
  0  9  1  6  2  66  3  53  4  67  5  78  6  9  7  68  8  7  9  11
  0  63  1  45  2  93  3  37  4  82  5  86  6  3  7  79  8  73  9  54
  0  54  1  35  2  7  3  83  4  5  5  67  6  61  7  70  8  34  9  49
  0  43  1  49  2  76  3  38  4  56  5  94  6  75  7  76  8  5  9  12
  0  73  1  49  2  48  3  94  4  57  5  32  6  61  7  71  8  19  9  17
  0  52  1  66  2  10  3  11  4  32  5  40  6  98  7  22  8  69  9  2
  0  53  1  99  2  49  3  88  4  4  5  77  6  19  7  66  8  75  9  45
  0  12  1  99  2  84  3  50  4  53  5  79  6  34  7  85  8  16  9  26
  0  57  1  45  2  57  3  96  4  97  5  29  6  69  7  58  8  23  9  36
  0  25  1  13  2  8  3  90  4  86  5  93  6  30  7  60  8  24  9  53
  0  80  1  93  2  60  3  17  4  63  5  67  6  30  7  83  8  40  9  18
  0  23  1  81  2  62  3  19  4  56  5  21  6  73  7  4  8  82  9  1
  0  79  1  56  2  50  3  54  4  30  5  23  6  42  7  48  8  55  9  14
  0  85  1  67  2  40  3  94  4  1  5  54  6  40  7  90  8  23  9  70
  0  73  1  58  2  33  3  20  4  36  5  83  6  60  7  38  8  26  9  17
  0  58  1  32  2  76  3  69  4  61  5  50  6  35  7  13  8  76  9  83
  0  33  1  51  2  63  3  47  4  31  5  83  6  3  7  99  8  53  9  52
  0  71  1  79  2  17  3  56  4  65  5  76  6  37  7  72  8  29  9  74
  0  76  1  10  2  1  3  19  4  33  5  99  6  72  7  4  8  23  9  86
  0  20  1  85  2  76  3  76  4  64  5  57  6  68  7  61  8  58  9  46
  0  50  1  21  2  13  3  25  4  34  5  70  6  10  7  37  8  82  9  10
  0  65  1  84  2  77  3  91  4  37  5  28  6  74  7  12  8  91  9  93
  0  72  1  87  2  70  3  91  4  57  5  81  6  38  7  89  8  96  9  92
  0  77  1  87  2  84  3  6  4  75  5  99  6  72  7  75  8  25  9  39
  0  47  1  7  2  17  3  47  4  18  5  34  6  14  7  28  8  33  9  10
  0  21  1  73  2  48  3  71  4  99  5  90  6  5  7  49  8  81  9  63
  0  94  1  8  2  93  3  18  4  18  5  54  6  88  7  72  8  62  9  59
  0  43  1  71  2  64  3  66  4  78  5  69  6  16  7  72  8  96  9  90
  0  50  1  34  2  62  3  77  4  96  5  10  6  47  7  20  8  5  9  50
  0  36  1  21  2  72  3  97  4  56  5  35  6  21  7  52  8  71  9  87
  0  18  1  26  2  63  3  75  4  24  5  76  6  87  7  84  8  25  9  7
  0  73  1  88  2  74  3  66  4  7  5  12  6  48  7  87  8  24  9  73
  0  2  1  43  2  87  3  35  4  74  5  21  6  39  7  35  8  71  9  28
  0  41  1  66  2  34  3  91  4  58  5  42  6  74  7  18  8  30  9  51
  0  30  1  2  2  51  3  93  4  62  5  28  6  46  7  63  8  14  9  3
  0  12  1  92  2  98  3  78  4  69  5  4  6  77  7  96  8  33  9  18
  0  53  1  44  2  11  3  8  4  88  5  87  6  67  7  15  8  23  9  59
  0  35  1  56  2  49  3  83  4  56  5  83  6  78  7  78  8  63  9  92
  0  89  1  67  2  60  3  72  4  54  5  93  6  57  7  51  8  91  9  12
  0  53  1  85  2  62  3  6  4  87  5  86  6  45  7  57  8  3  9  90
  0  32  1  57  2  78  3  12  4  33  5  46  6  38  7  33  8  94  9  16
  0  40  1  37  2  52  3  10  4  93  5  59  6  88  7  15  8  75  9  28
  0  57  1  14  2  30  3  41  4  97  5  55  6  73  7  54  8  46  9  60
  0  46  1  16  2  24  3  59  4  79  5  57  6  66  7  45  8  65  9  23
  0  91  1  76  2  51  3  13  4  63  5  70  6  2  7  50  8  75  9  59
  0  91  1  12  2  51  3  17  4  19  5  87  6  68  7  76  8  67  9  39
  0  19  1  70  2  50  3  88  4  79  5  99  6  4  7  58  8  64  9  1
  0  24  1  31  2  57  3  40  4  66  5  10  6  66  7  4  8  48  9  94
  0  49  1  31  2  19  3  7  4  81  5  98  6  91  7  32  8  92  9  87
  0  62  1  44  2  73  3  73  4  38  5  58  6  35  7  5  8  63  9  8
  0  76  1  95  2  26  3  41  4  86  5  19  6  54  7  96  8  87  9  79
  0  65  1  93  2  1  3  26  4  15  5  44  6  88  7  99  8  44  9  80
  0  93  1  52  2  47  3  52  4  4  5  70  6  1  7  27  8  86  9  87
  0  14  1  25  2  86  3  80  4  97  5  34  6  82  7  70  8  73  9  18
  0  35  1  80  2  56  3  98  4  79  5  25  6  85  7  80  8  45  9  25
  0  88  1  43  2  4  3  67  4  6  5  19  6  83  7  77  8  4  9  48
  0  85  1  51  2  57  3  54  4  8  5  67  6  90  7  96  8  58  9  86
  0  81  1  92  2  3  3  4  4  93  5  15  6  92  7  3  8  78  9  99
  0  58  1  44  2  62  3  30  4  64  5  71  6  18  7  80  8  71  9  22
  0  77  1  27  2  44  3  86  4  40  5  68  6  88  7  31  8  72  9  14
  0  31  1  2  2  31  3  20  4  63  5  60  6  22  7  96  8  5  9  20
  0  89  1  12  2  66  3  90  4  18  5  53  6  22  7  43  8  58  9  46
  0  10  1  50  2  28  3  18  4  31  5  75  6  54  7  66  8  9  9  14
  0  36  1  74  2  28  3  87  4  69  5  74  6  75  7  75  8  54  9  52
  0  39  1  27  2  57  3  54  4  43  5  63  6  31  7  26  8  33  9  97
  0  95  1  4  2  22  3  16  4  29  5  30  6  72  7  88  8  37  9  72
  0  83  1  19  2  89  3  67  4  84  5  54  6  39  7  5  8  79  9  89
  0  75  1  39  2  74  3  62  4  67  5  89  6  92  7  22  8  97  9  65
  0  61  1  91  2  96  3  17  4  15  5  93  6  24  7  22  8  53  9  83
  0  73  1  38  2  57  3  16  4  64  5  84  6  43  7  52  8  76  9  39
  0  98  1  54  2  39  3  67  4  50  5  56  6  51  7  9  8  52  9  93
  0  34  1  85  2  78  3  20  4  21  5  26  6  76  7  66  8  29  9  6
  0  15  1  9  2  88  3  43  4  11  5  37  6  11  7  17  8  54  9  70
  0  17  1  81  2  38  3  38  4  71  5  99  6  63  7  26  8  83  9  29
  0  92  1  67  2  75  3  7  4  63  5  15  6  25  7  49  8  81  9  35
  0  28  1  43  2  56  3  2  4  58  5  91  6  54  7  79  8  2  9  59
  0  75  1  38  2  88  3  11  4  87  5  23  6  66  7  49  8  65  9  77
  0  85  1  91  2  16  3  96  4  79  5  48  6  3  7  49  8  59  9  78
  0  84  1  13  2  76  3  48  4  38  5  88  6  1  7  15  8  33  9  4
  0  28  1  8  2  72  3  22  4  14  5  85  6  19  7  4  8  89  9  79
  0  69  1  7  2  24  3  67  4  60  5  99  6  22  7  31  8  91  9  36
  0  71  1  84  2  23  3  28  4  99  5  85  6  73  7  85  8  79  9  70
  0  25  1  35  2  2  3  59  4  20  5  28  6  14  7  38  8  84  9  90
  0  77  1  8  2  45  3  99  4  11  5  52  6  92  7  58  8  99  9  79
  0  33  1  26  2  3  3  14  4  17  5  21  6  93  7  74  8  36  9  95
  0  5  1  44  2  40  3  61  4  54  5  13  6  98  7  2  8  1  9  78
  0  25  1  8  2  36  3  2  4  19  5  29  6  4  7  70  8  17  9  20
  0  31  1  17  2  37  3  8  4  89  5  90  6  72  7  48  8  26  9  82
  0  57  1  13  2  30  3  46  4  21  5  37  6  39  7  69  8  98  9  27
  0  86  1  93  2  57  3  90  4  41  5  81  6  76  7  58  8  3  9  69
  0  65  1  91  2  53  3  69  4  23  5  12  6  66  7  13  8  73  9  79
  0  32  1  30  2  27  3  20  4  56  5  14  6  44  7  78  8  29  9  29
  0  16  1  29  2  76  3  46  4  85  5  93  6  40  7  18  8  60  9  39
  0  58  1  25  2  6  3  50  4  25  5  65  6  15  7  5  8  59  9  59
  0  91  1  97  2  19  3  89  4  91  5  88  6  29  7  13  8  18  9  66
  0  18  1  96  2  57  3  69  4  68  5  76  6  95  7  81  8  49  9  34
  0  71  1  13  2  61  3  42  4  39  5  33  6  24  7  34  8  49  9  95
  0  90  1  80  2  76  3  3  4  63  5  82  6  55  7  78  8  38  9  32
  0  84  1  47  2  17  3  77  4  35  5  49  6  60  7  99  8  56  9  34
  0  56  1  3  2  68  3  10  4  51  5  47  6  97  7  42  8  48  9  7
  0  65  1  29  2  81  3  7  4  65  5  6  6  13  7  86  8  80  9  40
  0  21  1  90  2  18  3  29  4  62  5  77  6  68  7  10  8  43  9  10
  0  18  1  46  2  20  3  50  4  67  5  49  6  12  7  97  8  48  9  43
  0  18  1  15  2  15  3  90  4  43  5  45  6  74  7  32  8  86  9  27
  0  87  1  12  2  57  3  32  4  25  5  85  6  8  7  6  8  87  9  31
  0  3  1  74  2  15  3  25  4  65  5  55  6  43  7  39  8  71  9  75
  0  87  1  67  2  72  3  92  4  53  5  4  6  85  7  77  8  5  9  22
  0  71  1  80  2  55  3  23  4  73  5  26  6  46  7  54  8  26  9  70
  0  28  1  32  2  20  3  41  4  64  5  93  6  93  7  45  8  27  9  77
  0  4  1  88  2  49  3  9  4  70  5  75  6  47  7  34  8  14  9  62
  0  39  1  31  2  26  3  79  4  18  5  87  6  43  7  70  8  54  9  36
  0  14  1  84  2  34  3  69  4  73  5  32  6  66  7  87  8  72  9  1
  0  9  1  49  2  30  3  73  4  95  5  27  6  92  7  2  8  68  9  82
  0  26  1  36  2  44  3  26  4  78  5  4  6  70  7  14  8  82  9  88
  0  54  1  97  2  85  3  59  4  57  5  42  6  34  7  45  8  3  9  57
  0  41  1  54  2  36  3  32  4  14  5  90  6  25  7  42  8  39  9  9
  0  98  1  90  2  18  3  11  4  69  5  89  6  29  7  85  8  64  9  95
  0  54  1  30  2  84  3  68  4  77  5  11  6  57  7  84  8  70  9  57
  0  39  1  67  2  7  3  89  4  14  5  87  6  66  7  29  8  65  9  43
  0  29  1  36  2  27  3  39  4  79  5  75  6  45  7  19  8  47  9  11
  0  9  1  18  2  66  3  73  4  18  5  40  6  43  7  54  8  2  9  71
  0  45  1  19  2  24  3  95  4  51  5  41  6  7  7  72  8  42  9  5
  0  81  1  79  2  6  3  28  4  48  5  47  6  97  7  95  8  87  9  23
  0  71  1  14  2  70  3  54  4  71  5  20  6  56  7  73  8  60  9  8
  0  67  1  19  2  17  3  60  4  88  5  35  6  24  7  95  8  35  9  28
  0  42  1  58  2  67  3  66  4  29  5  26  6  67  7  74  8  51  9  13
  0  92  1  27  2  13  3  83  4  75  5  64  6  68  7  99  8  38  9  87
  0  25  1  89  2  35  3  78  4  38  5  86  6  45  7  92  8  44  9  92
  0  76  1  85  2  12  3  58  4  52  5  82  6  79  7  74  8  97  9  18
  0  18  1  46  2  42  3  70  4  51  5  57  6  5  7  2  8  1  9  70
  0  32  1  69  2  53  3  20  4  96  5  43  6  58  7  79  8  92  9  87
  0  4  1  21  2  69  3  65  4  45  5  98  6  96  7  71  8  60  9  22
  0  56  1  14  2  68  3  90  4  97  5  5  6  36  7  27  8  99  9  7
  0  58  1  15  2  40  3  68  4  83  5  23  6  51  7  44  8  21  9  96
  0  9  1  55  2  62  3  21  4  8  5  79  6  76  7  2  8  94  9  38
  0  93  1  14  2  73  3  40  4  70  5  18  6  6  7  96  8  90  9  35
  0  59  1  7  2  74  3  42  4  99  5  99  6  71  7  21  8  6  9  51
  0  67  1  73  2  56  3  45  4  50  5  87  6  43  7  25  8  88  9  15
  0  72  1  55  2  21  3  3  4  83  5  10  6  84  7  75  8  94  9  27
  0  5  1  74  2  39  3  23  4  30  5  87  6  77  7  40  8  94  9  40
  0  73  1  75  2  31  3  22  4  80  5  19  6  71  7  64  8  86  9  90
  0  9  1  12  2  90  3  58  4  6  5  37  6  30  7  77  8  69  9  89
  0  76  1  91  2  40  3  90  4  53  5  60  6  49  7  15  8  74  9  32
  0  52  1  8  2  76  3  63  4  41  5  29  6  9  7  54  8  95  9  47
  0  5  1  53  2  10  3  94  4  40  5  44  6  31  7  71  8  64  9  36
  0  78  1  59  2  44  3  98  4  29  5  80  6  73  7  17  8  3  9  14
  0  24  1  81  2  61  3  50  4  46  5  4  6  26  7  60  8  52  9  41
  0  64  1  83  2  25  3  78  4  11  5  90  6  47  7  77  8  99  9  59
  0  45  1  19  2  58  3  65  4  76  5  70  6  73  7  92  8  30  9  78
  0  6  1  98  2  93  3  59  4  60  5  1  6  20  7  23  8  3  9  57
  0  5  1  85  2  92  3  74  4  30  5  22  6  72  7  54  8  69  9  85
  0  35  1  57  2  38  3  94  4  53  5  60  6  33  7  44  8  45  9  27
  0  9  1  19  2  20  3  13  4  81  5  98  6  9  7  87  8  43  9  87
  0  90  1  36  2  41  3  6  4  60  5  68  6  61  7  28  8  6  9  64
  0  97  1  60  2  82  3  21  4  20  5  75  6  2  7  75  8  55  9  71
  0  88  1  34  2  57  3  2  4  52  5  25  6  21  7  98  8  86  9  46
  0  68  1  1  2  98  3  92  4  22  5  35  6  22  7  68  8  17  9  30
  0  64  1  30  2  55  3  55  4  5  5  11  6  71  7  11  8  38  9  19
  0  70  1  18  2  15  3  19  4  76  5  81  6  52  7  31  8  76  9  22
  0  90  1  11  2  59  3  7  4  35  5  97  6  87  7  20  8  99  9  29
  0  55  1  50  2  46  3  84  4  98  5  90  6  87  7  87  8  82  9  87
  0  90  1  74  2  85  3  61  4  9  5  35  6  29  7  97  8  18  9  52
  0  45  1  94  2  43  3  18  4  82  5  89  6  2  7  97  8  65  9  24
  0  88  1  55  2  91  3  98  4  96  5  88  6  17  7  50  8  35  9  13
  0  52  1  34  2  84  3  4  4  91  5  95  6  24  7  88  8  32  9  83
  0  91  1  37  2  59  3  7  4  83  5  6  6  16  7  70  8  94  9  17
  0  60  1  20  2  51  3  5  4  96  5  78  6  6  7  28  8  32  9  82
  0  73  1  50  2  86  3  18  4  40  5  42  6  64  7  29  8  83  9  38
  0  62  1  57  2  60  3  62  4  80  5  13  6  71  7  12  8  44  9  10
  0  8  1  57  2  64  3  97  4  23  5  84  6  2  7  77  8  9  9  17
  0  99  1  96  2  47  3  64  4  97  5  42  6  73  7  6  8  58  9  81
  0  83  1  91  2  54  3  29  4  58  5  28  6  6  7  33  8  88  9  79
  0  59  1  9  2  28  3  94  4  49  5  61  6  8  7  56  8  95  9  74
  0  86  1  94  2  7  3  70  4  23  5  23  6  8  7  53  8  92  9  83
  0  15  1  88  2  86  3  12  4  2  5  95  6  62  7  63  8  65  9  48
  0  35  1  49  2  62  3  7  4  39  5  82  6  72  7  28  8  79  9  31
  0  23  1  37  2  63  3  29  4  73  5  43  6  86  7  94  8  47  9  34
  0  6  1  42  2  55  3  1  4  30  5  10  6  52  7  46  8  95  9  23
  0  19  1  7  2  33  3  67  4  61  5  80  6  20  7  51  8  72  9  29
  0  85  1  71  2  89  3  22  4  12  5  13  6  53  7  18  8  44  9  48
  0  51  1  8  2  14  3  27  4  84  5  80  6  17  7  51  8  15  9  56
  0  28  1  88  2  62  3  18  4  23  5  78  6  72  7  48  8  44  9  9
  0  69  1  11  2  39  3  93  4  55  5  75  6  47  7  64  8  32  9  62
  0  23  1  55  2  65  3  37  4  12  5  56  6  91  7  6  8  25  9  49
  0  54  1  89  2  73  3  67  4  22  5  58  6  68  7  29  8  19  9  65
  0  80  1  37  2  70  3  32  4  27  5  63  6  40  7  32  8  33  9  32
  0  30  1  10  2  70  3  89  4  42  5  21  6  93  7  27  8  47  9  69
  0  97  1  72  2  94  3  3  4  90  5  94  6  60  7  64  8  50  9  68
  0  33  1  29  2  94  3  97  4  60  5  66  6  6  7  98  8  22  9  16
  0  74  1  87  2  96  3  55  4  53  5  26  6  43  7  99  8  45  9  14
  0  6  1  75  2  53  3  40  4  17  5  39  6  85  7  32  8  68  9  42
  0  71  1  48  2  53  3  72  4  44  5  26  6  10  7  3  8  1  9  69
  0  35  1  39  2  25  3  31  4  19  5  59  6  60  7  40  8  35  9  53
  0  48  1  64  2  2  3  45  4  78  5  22  6  60  7  29  8  7  9  65
  0  73  1  56  2  55  3  19  4  27  5  68  6  86  7  35  8  72  9  41
  0  10  1  95  2  72  3  5  4  81  5  86  6  12  7  45  8  97  9  9
  0  94  1  99  2  82  3  7  4  55  5  11  6  28  7  39  8  21  9  95
  0  50  1  11  2  33  3  39  4  45  5  34  6  9  7  31  8  71  9  14
  0  83  1  99  2  98  3  51  4  85  5  4  6  87  7  9  8  27  9  2
  0  95  1  13  2  7  3  95  4  20  5  43  6  68  7  22  8  31  9  66
  0  54  1  50  2  57  3  8  4  40  5  85  6  4  7  49  8  63  9  12
  0  44  1  31  2  62  3  7  4  6  5  59  6  82  7  16  8  32  9  76
  0  47  1  81  2  2  3  32  4  61  5  37  6  28  7  53  8  27  9  39
  0  84  1  28  2  71  3  90  4  13  5  25  6  18  7  55  8  15  9  22
  0  60  1  1  2  45  3  26  4  8  5  7  6  38  7  95  8  30  9  11
  0  48  1  94  2  86  3  99  4  85  5  49  6  59  7  59  8  72  9  93
  0  97  1  40  2  56  3  1  4  45  5  7  6  49  7  55  8  23  9  71
  0  83  1  8  2  76  3  28  4  13  5  21  6  7  7  58  8  74  9  89
  0  51  1  46  2  14  3  94  4  96  5  37  6  35  7  48  8  8  9  36
  0  11  1  95  2  31  3  14  4  84  5  12  6  1  7  77  8  42  9  19
  0  47  1  20  2  34  3  69  4  1  5  62  6  76  7  11  8  24  9  33
  0  62  1  17  2  29  3  70  4  54  5  37  6  56  7  39  8  62  9  15
  0  22  1  82  2  98  3  68  4  61  5  64  6  77  7  42  8  26  9  67
  0  13  1  64  2  13  3  54  4  11  5  66  6  26  7  12  8  65  9  67
  0  11  1  17  2  20  3  11  4  3  5  19  6  39  7  7  8  81  9  13
  0  95  1  36  2  24  3  50  4  83  5  98  6  4  7  10  8  14  9  23
  0  63  1  33  2  31  3  63  4  74  5  89  6  78  7  62  8  54  9  23
  0  99  1  40  2  98  3  11  4  37  5  52  6  70  7  17  8  83  9  15
  0  18  1  32  2  84  3  1  4  46  5  30  6  13  7  49  8  57  9  83
  0  42  1  36  2  15  3  21  4  7  5  18  6  21  7  5  8  23  9  21
  0  94  1  82  2  98  3  55  4  5  5  29  6  73  7  73  8  86  9  80
  0  46  1  1  2  45  3  33  4  2  5  98  6  25  7  52  8  25  9  57
  0  4  1  32  2  83  3  17  4  40  5  63  6  99  7  54  8  73  9  44
  0  49  1  9  2  65  3  15  4  74  5  14  6  25  7  99  8  56  9  62
  0  66  1  12  2  34  3  29  4  77  5  15  6  36  7  22  8  9  9  88
  0  57  1  39  2  9  3  14  4  26  5  50  6  56  7  84  8  11  9  25
  0  86  1  14  2  84  3  93  4  91  5  83  6  35  7  95  8  41  9  65
  0  88  1  53  2  78  3  4  4  97  5  90  6  59  7  44  8  99  9  63
  0  51  1  45  2  39  3  87  4  18  5  6  6  29  7  74  8  38  9  96
  0  91  1  11  2  47  3  88  4  75  5  44  6  6  7  93  8  85  9  55
  0  17  1  82  2  38  3  36  4  52  5  39  6  33  7  5  8  68  9  50
  0  23  1  18  2  15  3  71  4  96  5  69  6  63  7  94  8  25  9  77
  0  18  1  99  2  33  3  18  4  74  5  1  6  86  7  31  8  50  9  85
  0  23  1  24  2  99  3  22  4  46  5  49  6  75  7  86  8  81  9  16
  0  17  1  24  2  60  3  83  4  68  5  53  6  53  7  30  8  56  9  83
  0  14  1  2  2  85  3  85  4  75  5  78  6  20  7  53  8  7  9  27
  0  73  1  42  2  42  3  11  4  19  5  68  6  23  7  84  8  91  9  8
  0  30  1  94  2  48  3  23  4  80  5  56  6  89  7  18  8  23  9  92
  0  94  1  89  2  65  3  38  4  91  5  33  6  4  7  53  8  71  9  8
  0  42  1  5  2  30  3  83  4  32  5  1  6  85  7  20  8  50  9  85
  0  4  1  52  2  11  3  39  4  39  5  68  6  78  7  37  8  64  9  28
  0  21  1  54  2  55  3  43  4  22  5  30  6  41  7  11  8  46  9  28
  0  45  1  93  2  21  3  41  4  87  5  68  6  78  7  56  8  95  9  90
  0  79  1  46  2  71  3  55  4  1  5  74  6  98  7  45  8  66  9  26
  0  86  1  89  2  52  3  89  4  99  5  89  6  95  7  74  8  96  9  75
  0  79  1  15  2  91  3  3  4  91  5  13  6  16  7  94  8  61  9  13
  0  27  1  6  2  32  3  14  4  13  5  46  6  23  7  51  8  69  9  3
  0  76  1  27  2  57  3  45  4  21  5  51  6  73  7  86  8  66  9  17
  0  82  1  74  2  23  3  53  4  95  5  90  6  21  7  97  8  95  9  2
  0  56  1  87  2  40  3  7  4  1  5  83  6  4  7  41  8  44  9  46
  0  27  1  54  2  62  3  44  4  84  5  75  6  24  7  65  8  3  9  9
  0  87  1  56  2  77  3  43  4  42  5  10  6  74  7  77  8  97  9  75
  0  15  1  65  2  33  3  71  4  78  5  49  6  46  7  7  8  77  9  43
  0  79  1  65  2  78  3  77  4  98  5  82  6  85  7  4  8  56  9  37
  0  97  1  41  2  81  3  41  4  18  5  7  6  48  7  75  8  75  9  49
  0  31  1  29  2  69  3  2  4  58  5  30  6  68  7  1  8  3  9  84
  0  25  1  48  2  87  3  37  4  65  5  12  6  77  7  49  8  84  9  89
  0  6  1  48  2  50  3  86  4  42  5  75  6  1  7  77  8  98  9  70
  0  82  1  52  2  51  3  40  4  61  5  64  6  92  7  11  8  19  9  46
  0  72  1  66  2  95  3  40  4  70  5  20  6  61  7  64  8  15  9  54
  0  14  1  32  2  56  3  55  4  37  5  59  6  31  7  11  8  77  9  60
  0  93  1  40  2  10  3  99  4  6  5  94  6  4  7  48  8  94  9  32
  0  23  1  81  2  29  3  59  4  97  5  89  6  79  7  96  8  72  9  4
  0  45  1  8  2  14  3  68  4  87  5  93  6  16  7  88  8  81  9  52
  0  60  1  45  2  79  3  56  4  5  5  67  6  65  7  78  8  15  9  86
  0  15  1  91  2  53  3  19  4  16  5  17  6  93  7  58  8  8  9  79
  0  38  1  64  2  23  3  22  4  34  5  78  6  73  7  72  8  29  9  18
  0  98  1  56  2  17  3  15  4  50  5  17  6  49  7  97  8  20  9  79
  0  22  1  50  2  1  3  65  4  68  5  82  6  47  7  47  8  8  9  97
  0  95  1  3  2  30  3  42  4  23  5  11  6  27  7  76  8  85  9  80
  0  98  1  5  2  55  3  30  4  74  5  37  6  43  7  48  8  55  9  92
  0  80  1  87  2  59  3  50  4  94  5  2  6  10  7  13  8  7  9  8
  0  20  1  47  2  28  3  32  4  52  5  1  6  41  7  88  8  59  9  20
  0  87  1  80  2  32  3  20  4  96  5  34  6  17  7  73  8  40  9  1
  0  69  1  23  2  76  3  93  4  69  5  38  6  35  7  29  8  99  9  62
  0  49  1  10  2  68  3  35  4  36  5  57  6  44  7  64  8  94  9  73
  0  1  1  2  2  40  3  14  4  20  5  49  6  37  7  77  8  85  9  70
  0  69  1  54  2  71  3  20  4  60  5  88  6  3  7  1  8  55  9  50
  0  43  1  99  2  99  3  15  4  49  5  78  6  95  7  93  8  74  9  23
  0  17  1  82  2  31  3  56  4  99  5  96  6  33  7  91  8  61  9  25
  0  82  1  65  2  5  3  13  4  72  5  81  6  3  7  69  8  18  9  68
  0  82  1  47  2  31  3  5  4  52  5  35  6  17  7  84  8  28  9  84
  0  48  1  30  2  67  3  36  4  37  5  57  6  18  7  24  8  28  9  61
  0  25  1  88  2  63  3  84  4  64  5  8  6  18  7  67  8  94  9  29
  0  79  1  8  2  43  3  74  4  33  5  73  6  74  7  36  8  81  9  49
  0  98  1  1  2  99  3  4  4  20  5  55  6  15  7  15  8  40  9  63
  0  41  1  85  2  54  3  34  4  45  5  44  6  14  7  97  8  84  9  4
  0  49  1  67  2  63  3  25  4  54  5  66  6  5  7  17  8  99  9  35
  0  14  1  57  2  19  3  38  4  99  5  27  6  74  7  63  8  65  9  80
  0  10  1  64  2  95  3  7  4  44  5  80  6  1  7  47  8  61  9  66
  0  82  1  78  2  97  3  80  4  49  5  65  6  31  7  34  8  82  9  57
  0  36  1  98  2  40  3  82  4  48  5  20  6  48  7  45  8  46  9  85
  0  98  1  44  2  62  3  47  4  93  5  79  6  60  7  94  8  60  9  88
  0  62  1  25  2  55  3  44  4  92  5  70  6  27  7  13  8  83  9  62
  0  87  1  33  2  58  3  47  4  47  5  88  6  86  7  93  8  80  9  67
  0  74  1  47  2  36  3  35  4  31  5  15  6  22  7  74  8  41  9  97
  0  15  1  50  2  17  3  13  4  79  5  20  6  9  7  39  8  93  9  92
  0  16  1  15  2  22  3  96  4  15  5  51  6  76  7  27  8  82  9  38
  0  63  1  68  2  16  3  77  4  1  5  22  6  43  7  41  8  49  9  74
  0  92  1  62  2  10  3  3  4  68  5  91  6  62  7  84  8  37  9  90
  0  55  1  65  2  30  3  32  4  71  5  12  6  21  7  34  8  29  9  38
  0  30  1  53  2  97  3  86  4  50  5  4  6  28  7  10  8  23  9  79
  0  28  1  79  2  91  3  10  4  50  5  9  6  11  7  53  8  47  9  84
  0  91  1  28  2  24  3  34  4  20  5  28  6  4  7  61  8  65  9  68
  0  63  1  53  2  65  3  69  4  16  5  24  6  74  7  57  8  58  9  47
  0  87  1  61  2  93  3  99  4  86  5  17  6  98  7  16  8  77  9  16
  0  7  1  29  2  7  3  59  4  21  5  38  6  78  7  97  8  72  9  37
  0  5  1  82  2  95  3  90  4  74  5  42  6  84  7  47  8  10  9  71
  0  43  1  18  2  51  3  89  4  63  5  61  6  93  7  9  8  74  9  64
  0  50  1  23  2  48  3  91  4  37  5  92  6  73  7  59  8  90  9  10
  0  10  1  48  2  68  3  51  4  1  5  59  6  84  7  54  8  1  9  86
  0  93  1  79  2  38  3  46  4  24  5  49  6  38  7  6  8  3  9  65
  0  57  1  80  2  56  3  44  4  13  5  9  6  55  7  37  8  18  9  15
  0  39  1  10  2  33  3  17  4  53  5  5  6  10  7  56  8  70  9  13
  0  97  1  36  2  86  3  17  4  10  5  96  6  8  7  98  8  1  9  85
  0  71  1  15  2  81  3  83  4  67  5  78  6  73  7  83  8  58  9  5
  0  99  1  62  2  99  3  21  4  42  5  78  6  28  7  24  8  14  9  68
  0  51  1  55  2  37  3  54  4  67  5  21  6  30  7  70  8  4  9  73
  0  18  1  70  2  28  3  39  4  41  5  76  6  1  7  47  8  34  9  79
  0  59  1  9  2  70  3  1  4  46  5  41  6  20  7  84  8  32  9  40
  0  58  1  71  2  92  3  41  4  19  5  63  6  38  7  30  8  80  9  9
  0  8  1  86  2  38  3  41  4  72  5  71  6  88  7  57  8  19  9  2
  0  34  1  27  2  94  3  62  4  88  5  64  6  45  7  46  8  31  9  98
  0  74  1  36  2  51  3  28  4  5  5  61  6  71  7  51  8  18  9  85
  0  49  1  93  2  8  3  25  4  92  5  95  6  73  7  94  8  32  9  8
  0  29  1  19  2  44  3  20  4  20  5  82  6  22  7  28  8  59  9  88
  0  24  1  98  2  35  3  49  4  53  5  93  6  42  7  29  8  56  9  67
  0  48  1  28  2  33  3  44  4  91  5  57  6  97  7  43  8  71  9  45
  0  39  1  2  2  85  3  1  4  69  5  16  6  11  7  85  8  47  9  8
  0  47  1  97  2  30  3  78  4  63  5  63  6  87  7  11  8  7  9  87
  0  71  1  26  2  89  3  1  4  36  5  19  6  39  7  22  8  49  9  9
  0  75  1  12  2  35  3  3  4  85  5  79  6  46  7  37  8  64  9  92
  0  46  1  55  2  63  3  77  4  62  5  43  6  79  7  20  8  32  9  10
  0  45  1  3  2  43  3  8  4  25  5  50  6  69  7  15  8  26  9  40
  0  28  1  32  2  66  3  32  4  3  5  59  6  73  7  10  8  43  9  68
  0  96  1  23  2  11  3  62  4  55  5  11  6  19  7  14  8  73  9  6
  0  23  1  14  2  46  3  71  4  32  5  54  6  54  7  21  8  55  9  70
  0  25  1  6  2  96  3  63  4  95  5  97  6  81  7  15  8  39  9  74
  0  64  1  60  2  44  3  99  4  39  5  62  6  68  7  55  8  77  9  26
  0  7  1  64  2  55  3  30  4  49  5  14  6  34  7  73  8  1  9  61
  0  19  1  59  2  2  3  91  4  2  5  70  6  82  7  50  8  71  9  95
  0  16  1  84  2  45  3  26  4  65  5  45  6  37  7  24  8  40  9  46
  0  1  1  27  2  11  3  87  4  81  5  59  6  36  7  78  8  75  9  35
  0  7  1  22  2  96  3  98  4  19  5  44  6  70  7  35  8  19  9  83
  0  27  1  23  2  84  3  75  4  51  5  45  6  37  7  86  8  21  9  57
  0  8  1  94  2  35  3  81  4  86  5  20  6  11  7  88  8  33  9  39
  0  14  1  74  2  34  3  53  4  31  5  41  6  34  7  88  8  17  9  50
  0  67  1  43  2  63  3  3  4  68  5  9  6  86  7  58  8  57  9  49
  0  11  1  10  2  99  3  89  4  7  5  63  6  6  7  58  8  12  9  95
  0  13  1  96  2  44  3  91  4  66  5  8  6  75  7  80  8  99  9  28
  0  32  1  26  2  58  3  25  4  52  5  31  6  39  7  75  8  82  9  72
  0  44  1  63  2  39  3  71  4  42  5  94  6  27  7  66  8  10  9  49
  0  11  1  46  2  93  3  78  4  89  5  48  6  8  7  41  8  86  9  48
  0  65  1  38  2  95  3  84  4  93  5  78  6  22  7  94  8  12  9  90
  0  8  1  57  2  36  3  57  4  41  5  66  6  56  7  52  8  89  9  94
  0  12  1  93  2  90  3  95  4  39  5  40  6  9  7  72  8  81  9  8
  0  32  1  16  2  71  3  75  4  66  5  64  6  48  7  4  8  62  9  68
  0  48  1  96  2  59  3  47  4  92  5  63  6  64  7  62  8  56  9  79
  0  69  1  66  2  93  3  40  4  92  5  87  6  58  7  60  8  92  9  55
  0  31  1  65  2  86  3  93  4  59  5  68  6  87  7  15  8  62  9  51
  0  17  1  16  2  54  3  61  4  71  5  40  6  91  7  15  8  61  9  62
  0  55  1  70  2  28  3  15  4  10  5  92  6  16  7  55  8  5  9  48
  0  64  1  53  2  21  3  72  4  32  5  30  6  62  7  27  8  84  9  2
  0  51  1  25  2  88  3  88  4  81  5  82  6  8  7  99  8  34  9  47
  0  93  1  11  2  60  3  95  4  6  5  87  6  81  7  5  8  18  9  22
  0  77  1  36  2  79  3  83  4  36  5  90  6  59  7  15  8  9  9  35
  0  65  1  5  2  96  3  79  4  39  5  30  6  26  7  80  8  66  9  51
  0  38  1  95  2  30  3  91  4  71  5  4  6  28  7  47  8  5  9  81
  0  12  1  98  2  21  3  84  4  30  5  32  6  80  7  82  8  65  9  74
  0  25  1  52  2  21  3  16  4  52  5  21  6  86  7  70  8  31  9  4
  0  78  1  85  2  45  3  97  4  48  5  26  6  86  7  18  8  2  9  66
  0  41  1  80  2  72  3  85  4  25  5  80  6  35  7  44  8  80  9  10
  0  56  1  76  2  30  3  17  4  26  5  44  6  44  7  8  8  9  9  30
  0  84  1  29  2  7  3  57  4  15  5  94  6  32  7  74  8  99  9  39
  0  17  1  36  2  26  3  10  4  29  5  73  6  25  7  37  8  51  9  33
  0  80  1  38  2  46  3  25  4  38  5  42  6  36  7  10  8  64  9  48
  0  38  1  17  2  18  3  56  4  47  5  85  6  29  7  26  8  73  9  37
  0  97  1  44  2  48  3  58  4  64  5  29  6  70  7  39  8  3  9  95
  0  65  1  74  2  48  3  36  4  56  5  65  6  61  7  18  8  92  9  47
  0  78  1  3  2  67  3  31  4  10  5  16  6  30  7  52  8  86  9  35
  0  74  1  54  2  63  3  86  4  50  5  53  6  29  7  51  8  42  9  50
  0  81  1  22  2  97  3  7  4  68  5  70  6  16  7  81  8  6  9  13
  0  16  1  9  2  22  3  85  4  47  5  58  6  84  7  60  8  17  9  4
  0  11  1  64  2  42  3  3  4  76  5  96  6  63  7  49  8  68  9  39
  0  47  1  65  2  34  3  9  4  2  5  34  6  47  7  11  8  61  9  95
  0  71  1  69  2  13  3  55  4  99  5  60  6  84  7  75  8  11  9  72
  0  1  1  52  2  42  3  62  4  93  5  2  6  10  7  82  8  7  9  93
  0  94  1  7  2  49  3  29  4  77  5  76  6  63  7  25  8  12  9  30
  0  39  1  70  2  55  3  8  4  71  5  66  6  87  7  42  8  46  9  47
  0  1  1  60  2  11  3  72  4  43  5  73  6  51  7  5  8  33  9  26
  0  87  1  46  2  95  3  22  4  66  5  76  6  71  7  71  8  3  9  11
  0  10  1  99  2  99  3  6  4  50  5  24  6  61  7  32  8  31  9  97
  0  53  1  29  2  17  3  58  4  7  5  2  6  95  7  49  8  46  9  10
  0  11  1  87  2  91  3  80  4  27  5  2  6  75  7  31  8  25  9  65
  0  70  1  88  2  9  3  95  4  6  5  41  6  41  7  92  8  37  9  59
  0  47  1  46  2  89  3  63  4  61  5  27  6  82  7  45  8  3  9  38
  0  20  1  50  2  3  3  4  4  88  5  83  6  14  7  16  8  13  9  6
  0  88  1  59  2  50  3  17  4  95  5  92  6  24  7  57  8  13  9  63
  0  34  1  66  2  22  3  58  4  92  5  82  6  85  7  54  8  62  9  68
  0  87  1  91  2  18  3  99  4  63  5  87  6  32  7  58  8  55  9  84
  0  71  1  4  2  62  3  77  4  61  5  21  6  79  7  70  8  31  9  71
  0  41  1  61  2  73  3  89  4  12  5  56  6  59  7  10  8  83  9  55
  0  7  1  3  2  92  3  65  4  95  5  70  6  44  7  29  8  57  9  20
  0  17  1  82  2  1  3  15  4  86  5  73  6  52  7  88  8  86  9  7
  0  12  1  40  2  1  3  89  4  55  5  75  6  44  7  13  8  44  9  53
  0  97  1  70  2  6  3  44  4  80  5  13  6  17  7  14  8  89  9  93
  0  83  1  97  2  35  3  32  4  10  5  20  6  52  7  27  8  6  9  71
  0  68  1  82  2  56  3  60  4  59  5  29  6  66  7  85  8  17  9  52
  0  59  1  15  2  13  3  65  4  84  5  51  6  37  7  90  8  50  9  22
  0  42  1  24  2  11  3  37  4  20  5  9  6  65  7  88  8  90  9  42
  0  40  1  86  2  91  3  80  4  64  5  66  6  80  7  35  8  72  9  96
  0  97  1  52  2  76  3  82  4  60  5  37  6  1  7  48  8  66  9  58
  0  76  1  24  2  38  3  41  4  24  5  95  6  47  7  42  8  91  9  77
  0  82  1  52  2  1  3  15  4  47  5  84  6  44  7  33  8  23  9  39
  0  26  1  98  2  25  3  41  4  23  5  34  6  18  7  4  8  43  9  21
  0  90  1  73  2  79  3  87  4  7  5  39  6  90  7  45  8  66  9  9
  0  69  1  36  2  51  3  15  4  71  5  98  6  43  7  80  8  11  9  74
  0  42  1  52  2  58  3  95  4  7  5  96  6  83  7  36  8  6  9  13
  0  35  1  22  2  56  3  99  4  55  5  22  6  78  7  90  8  60  9  72
  0  96  1  40  2  40  3  98  4  66  5  17  6  64  7  48  8  11  9  55
  0  87  1  42  2  86  3  59  4  87  5  6  6  22  7  52  8  4  9  45
  0  92  1  38  2  33  3  66  4  29  5  98  6  6  7  74  8  73  9  46
  0  64  1  77  2  25  3  19  4  1  5  92  6  42  7  69  8  29  9  36
  0  99  1  97  2  4  3  28  4  2  5  22  6  12  7  62  8  19  9  90
  0  83  1  6  2  89  3  80  4  24  5  34  6  92  7  35  8  39  9  30
  0  10  1  29  2  19  3  74  4  12  5  77  6  6  7  32  8  41  9  11
  0  42  1  97  2  79  3  97  4  99  5  62  6  28  7  79  8  12  9  11
  0  19  1  44  2  83  3  51  4  55  5  65  6  29  7  68  8  53  9  74
  0  73  1  14  2  99  3  43  4  22  5  92  6  86  7  2  8  69  9  19
  0  66  1  7  2  19  3  35  4  43  5  47  6  20  7  15  8  1  9  48
  0  54  1  12  2  9  3  1  4  20  5  7  6  93  7  47  8  4  9  77
  0  38  1  84  2  35  3  90  4  53  5  67  6  55  7  72  8  48  9  28
  0  63  1  48  2  69  3  48  4  4  5  12  6  1  7  39  8  21  9  94
  0  51  1  19  2  84  3  39  4  51  5  96  6  68  7  82  8  51  9  6
  0  34  1  33  2  91  3  35  4  56  5  62  6  72  7  55  8  81  9  73
  0  68  1  44  2  15  3  99  4  46  5  53  6  75  7  58  8  83  9  68
  0  63  1  49  2  5  3  60  4  35  5  82  6  75  7  22  8  60  9  81
  0  24  1  47  2  40  3  70  4  81  5  96  6  77  7  73  8  57  9  40
  0  48  1  63  2  87  3  90  4  11  5  46  6  39  7  66  8  44  9  65
  0  43  1  33  2  17  3  64  4  83  5  18  6  16  7  44  8  81  9  16
TPM
  0  2857  1  2857  2  2857  3  2857  4  2857  5  2857  6  2857  7  2857  8  2857  9  2857
PMT
  0  109  1  115  2  62  3  6  4  91  5  112  6  119  7  51  8  61  9  4
  0  1  1  36  2  105  3  35  4  18  5  73  6  120  7  56  8  43  9  75
  0  67  1  113  2  66  3  36  4  75  5  83  6  6  7  17  8  32  9  50
  0  51  1  90  2  122  3  119  4  16  5  46  6  25  7  68  8  49  9  52
  0  32  1  91  2  115  3  10  4  4  5  83  6  40  7  114  8  92  9  59
  0  79  1  39  2  103  3  69  4  5  5  70  6  97  7  27  8  99  9  55
  0  52  1  3  2  118  3  42  4  122  5  74  6  54  7  39  8  122  9  117
  0  51  1  93  2  91  3  53  4  22  5  48  6  121  7  114  8  114  9  104
  0  5  1  112  2  6  3  6  4  48  5  56  6  12  7  22  8  79  9  41
  0  20  1  108  2  32  3  93  4  69  5  119  6  65  7  51  8  21  9  123
  0  72  1  123  2  61  3  22  4  79  5  12  6  71  7  73  8  59  9  37
  0  18  1  101  2  3  3  1  4  100  5  39  6  80  7  10  8  3  9  18
  0  24  1  54  2  21  3  113  4  27  5  20  6  5  7  7  8  100  9  109
  0  65  1  101  2  105  3  33  4  39  5  59  6  95  7  15  8  105  9  102
  0  15  1  26  2  114  3  101  4  58  5  118  6  73  7  109  8  44  9  72
  0  45  1  63  2  65  3  44  4  100  5  106  6  71  7  124  8  115  9  76
  0  80  1  42  2  21  3  52  4  115  5  120  6  94  7  56  8  124  9  33
  0  90  1  2  2  45  3  27  4  108  5  41  6  87  7  97  8  65  9  99
