200  15
  0  96  1  47  2  98  3  41  4  53  5  94  6  46  7  28  8  31  9  48  10  92  11  51  12  95  13  77  14  50
  0  19  1  93  2  2  3  33  4  22  5  85  6  48  7  91  8  76  9  95  10  5  11  53  12  29  13  33  14  11
  0  46  1  61  2  55  3  57  4  74  5  85  6  63  7  91  8  88  9  41  10  74  11  27  12  34  13  96  14  90
  0  24  1  6  2  44  3  65  4  92  5  23  6  43  7  49  8  11  9  8  10  28  11  39  12  81  13  31  14  5
  0  88  1  67  2  54  3  93  4  45  5  70  6  94  7  4  8  13  9  48  10  76  11  24  12  70  13  82  14  55
  0  89  1  83  2  51  3  20  4  52  5  93  6  56  7  21  8  49  9  78  10  11  11  74  12  68  13  99  14  2
  0  32  1  46  2  5  3  63  4  29  5  46  6  38  7  36  8  41  9  1  10  68  11  98  12  22  13  17  14  56
  0  95  1  89  2  89  3  3  4  91  5  97  6  56  7  70  8  37  9  97  10  87  11  48  12  17  13  78  14  16
  0  9  1  17  2  55  3  30  4  92  5  41  6  27  7  83  8  96  9  47  10  26  11  16  12  66  13  98  14  35
  0  67  1  10  2  40  3  48  4  37  5  93  6  50  7  96  8  23  9  76  10  29  11  52  12  38  13  99  14  20
  0  7  1  98  2  39  3  74  4  74  5  12  6  77  7  14  8  56  9  27  10  70  11  45  12  85  13  21  14  2
  0  22  1  30  2  32  3  48  4  86  5  19  6  55  7  11  8  99  9  23  10  78  11  81  12  69  13  10  14  15
  0  38  1  30  2  50  3  51  4  2  5  17  6  40  7  34  8  98  9  67  10  72  11  57  12  99  13  14  14  82
  0  22  1  37  2  66  3  22  4  73  5  26  6  99  7  64  8  51  9  27  10  85  11  36  12  9  13  45  14  40
  0  23  1  64  2  31  3  77  4  98  5  15  6  46  7  81  8  78  9  18  10  10  11  55  12  88  13  14  14  12
  0  84  1  8  2  55  3  98  4  46  5  29  6  63  7  38  8  41  9  25  10  16  11  28  12  22  13  48  14  55
  0  14  1  70  2  68  3  65  4  11  5  14  6  46  7  41  8  62  9  3  10  94  11  70  12  78  13  2  14  65
  0  90  1  26  2  33  3  78  4  92  5  75  6  97  7  67  8  81  9  18  10  65  11  19  12  20  13  13  14  94
  0  20  1  18  2  27  3  34  4  52  5  30  6  75  7  10  8  85  9  88  10  78  11  9  12  67  13  81  14  85
  0  4  1  15  2  44  3  48  4  80  5  36  6  36  7  21  8  77  9  59  10  14  11  39  12  24  13  39  14  20
  0  94  1  57  2  67  3  54  4  10  5  48  6  5  7  3  8  85  9  58  10  12  11  22  12  60  13  24  14  55
  0  20  1  27  2  25  3  4  4  83  5  73  6  93  7  52  8  23  9  54  10  62  11  24  12  56  13  13  14  64
  0  55  1  53  2  2  3  37  4  55  5  80  6  78  7  78  8  85  9  60  10  65  11  69  12  24  13  15  14  17
  0  66  1  90  2  43  3  13  4  3  5  48  6  79  7  87  8  83  9  22  10  20  11  56  12  49  13  85  14  12
  0  89  1  28  2  15  3  40  4  75  5  29  6  1  7  68  8  36  9  33  10  77  11  14  12  5  13  77  14  20
  0  50  1  90  2  50  3  82  4  86  5  67  6  41  7  15  8  59  9  65  10  8  11  67  12  31  13  73  14  56
  0  69  1  89  2  60  3  51  4  40  5  84  6  71  7  99  8  71  9  51  10  76  11  67  12  93  13  7  14  55
  0  33  1  1  2  17  3  68  4  86  5  20  6  70  7  26  8  19  9  24  10  8  11  67  12  68  13  40  14  89
  0  16  1  20  2  1  3  10  4  53  5  67  6  32  7  74  8  60  9  85  10  89  11  17  12  81  13  81  14  69
  0  14  1  35  2  11  3  67  4  11  5  72  6  80  7  63  8  97  9  43  10  81  11  47  12  67  13  48  14  14
  0  14  1  63  2  57  3  99  4  7  5  96  6  37  7  5  8  66  9  77  10  25  11  94  12  26  13  13  14  25
  0  21  1  70  2  44  3  26  4  3  5  24  6  39  7  65  8  31  9  54  10  54  11  83  12  45  13  6  14  40
  0  47  1  35  2  92  3  52  4  36  5  73  6  18  7  84  8  18  9  84  10  95  11  45  12  63  13  2  14  5
  0  42  1  65  2  76  3  87  4  40  5  71  6  23  7  75  8  14  9  49  10  36  11  8  12  9  13  26  14  98
  0  75  1  83  2  94  3  73  4  6  5  89  6  54  7  39  8  64  9  16  10  43  11  26  12  49  13  15  14  88
  0  56  1  99  2  69  3  53  4  82  5  38  6  75  7  81  8  5  9  28  10  54  11  64  12  84  13  17  14  13
  0  67  1  99  2  80  3  14  4  11  5  10  6  8  7  40  8  77  9  17  10  78  11  39  12  96  13  44  14  34
  0  2  1  25  2  75  3  38  4  13  5  27  6  23  7  65  8  57  9  30  10  3  11  90  12  90  13  90  14  63
  0  51  1  99  2  14  3  75  4  99  5  7  6  3  7  74  8  80  9  4  10  38  11  45  12  94  13  13  14  4
  0  46  1  33  2  8  3  15  4  48  5  97  6  52  7  15  8  22  9  40  10  26  11  54  12  91  13  72  14  58
  0  47  1  55  2  56  3  86  4  87  5  24  6  61  7  91  8  68  9  42  10  35  11  11  12  29  13  83  14  48
  0  2  1  28  2  37  3  4  4  16  5  10  6  31  7  10  8  22  9  34  10  53  11  59  12  53  13  55  14  65
  0  84  1  2  2  91  3  36  4  55  5  73  6  25  7  15  8  46  9  60  10  94  11  31  12  4  13  26  14  9
  0  12  1  76  2  78  3  70  4  17  5  83  6  92  7  80  8  54  9  53  10  17  11  89  12  32  13  47  14  46
  0  98  1  40  2  41  3  73  4  22  5  79  6  46  7  42  8  76  9  85  10  85  11  60  12  56  13  8  14  51
  0  46  1  1  2  31  3  17  4  24  5  74  6  80  7  82  8  86  9  8  10  17  11  62  12  88  13  76  14  23
  0  53  1  42  2  14  3  50  4  55  5  31  6  72  7  51  8  6  9  59  10  7  11  47  12  63  13  95  14  19
  0  80  1  63  2  2  3  90  4  61  5  12  6  27  7  19  8  17  9  92  10  29  11  88  12  87  13  21  14  45
  0  79  1  33  2  55  3  13  4  93  5  51  6  43  7  44  8  19  9  16  10  84  11  72  12  93  13  77  14  14
  0  31  1  34  2  6  3  57  4  54  5  30  6  43  7  1  8  84  9  24  10  14  11  76  12  36  13  33  14  7
  0  64  1  54  2  72  3  15  4  55  5  62  6  97  7  20  8  23  9  87  10  76  11  30  12  13  13  12  14  30
  0  28  1  26  2  86  3  46  4  84  5  74  6  99  7  33  8  39  9  29  10  99  11  49  12  51  13  77  14  3
  0  65  1  83  2  81  3  41  4  15  5  68  6  83  7  27  8  47  9  52  10  14  11  43  12  96  13  49  14  94
  0  92  1  22  2  18  3  36  4  41  5  86  6  63  7  81  8  66  9  77  10  29  11  41  12  85  13  91  14  4
  0  14  1  12  2  25  3  98  4  11  5  88  6  61  7  35  8  96  9  76  10  27  11  65  12  36  13  4  14  72
  0  21  1  13  2  11  3  90  4  37  5  35  6  32  7  75  8  33  9  74  10  16  11  9  12  15  13  82  14  61
  0  87  1  45  2  81  3  25  4  64  5  3  6  42  7  37  8  49  9  7  10  77  11  14  12  88  13  95  14  12
  0  67  1  36  2  88  3  25  4  45  5  70  6  47  7  63  8  53  9  24  10  30  11  74  12  41  13  31  14  19
  0  2  1  54  2  14  3  42  4  50  5  87  6  50  7  18  8  19  9  84  10  10  11  16  12  36  13  74  14  44
  0  1  1  65  2  40  3  56  4  94  5  66  6  59  7  10  8  79  9  15  10  57  11  29  12  36  13  29  14  69
  0  17  1  84  2  48  3  1  4  84  5  55  6  70  7  29  8  62  9  33  10  34  11  87  12  60  13  42  14  8
  0  26  1  72  2  58  3  21  4  37  5  44  6  70  7  48  8  96  9  71  10  34  11  33  12  54  13  80  14  79
  0  12  1  59  2  2  3  73  4  73  5  44  6  54  7  43  8  65  9  61  10  96  11  11  12  33  13  60  14  10
  0  12  1  56  2  69  3  15  4  65  5  8  6  79  7  47  8  48  9  59  10  86  11  33  12  84  13  15  14  11
  0  55  1  34  2  25  3  5  4  83  5  69  6  31  7  35  8  15  9  58  10  36  11  77  12  61  13  84  14  13
  0  74  1  53  2  94  3  69  4  38  5  79  6  41  7  51  8  98  9  53  10  53  11  63  12  40  13  84  14  71
  0  9  1  55  2  18  3  15  4  95  5  30  6  26  7  75  8  73  9  32  10  1  11  48  12  62  13  55  14  79
  0  54  1  22  2  59  3  77  4  6  5  64  6  98  7  35  8  24  9  84  10  32  11  88  12  6  13  3  14  48
  0  32  1  8  2  12  3  68  4  25  5  87  6  78  7  92  8  55  9  15  10  57  11  3  12  80  13  57  14  96
  0  54  1  87  2  93  3  60  4  3  5  56  6  8  7  82  8  52  9  16  10  71  11  37  12  25  13  20  14  22
  0  93  1  89  2  93  3  75  4  75  5  93  6  20  7  60  8  53  9  83  10  65  11  32  12  40  13  21  14  66
  0  24  1  72  2  18  3  38  4  44  5  79  6  50  7  54  8  5  9  93  10  28  11  20  12  64  13  43  14  30
  0  50  1  13  2  32  3  22  4  3  5  29  6  3  7  29  8  37  9  85  10  27  11  27  12  9  13  90  14  80
  0  70  1  7  2  81  3  94  4  71  5  95  6  21  7  82  8  4  9  24  10  50  11  92  12  93  13  11  14  2
  0  37  1  10  2  26  3  85  4  88  5  88  6  6  7  90  8  48  9  32  10  96  11  64  12  34  13  79  14  6
  0  76  1  40  2  39  3  90  4  60  5  48  6  22  7  39  8  6  9  23  10  25  11  7  12  39  13  1  14  45
  0  14  1  2  2  55  3  34  4  28  5  42  6  9  7  13  8  65  9  53  10  15  11  17  12  13  13  41  14  35
  0  29  1  41  2  92  3  79  4  27  5  45  6  84  7  95  8  62  9  61  10  54  11  9  12  33  13  33  14  16
  0  69  1  14  2  21  3  7  4  36  5  77  6  78  7  79  8  19  9  4  10  55  11  82  12  62  13  57  14  84
  0  5  1  17  2  98  3  61  4  66  5  64  6  38  7  36  8  74  9  71  10  66  11  70  12  87  13  97  14  3
  0  25  1  66  2  70  3  63  4  85  5  76  6  18  7  26  8  39  9  90  10  19  11  50  12  66  13  11  14  97
  0  82  1  2  2  91  3  91  4  42  5  77  6  43  7  57  8  87  9  69  10  44  11  91  12  89  13  86  14  3
  0  97  1  70  2  89  3  25  4  8  5  89  6  26  7  91  8  42  9  72  10  10  11  63  12  85  13  26  14  1
  0  44  1  81  2  80  3  42  4  81  5  2  6  48  7  66  8  86  9  27  10  96  11  89  12  6  13  46  14  72
  0  47  1  63  2  71  3  27  4  26  5  67  6  9  7  21  8  25  9  52  10  52  11  16  12  29  13  80  14  72
  0  86  1  76  2  56  3  25  4  98  5  74  6  99  7  12  8  37  9  66  10  85  11  41  12  93  13  81  14  64
  0  2  1  37  2  99  3  5  4  30  5  23  6  22  7  20  8  29  9  20  10  31  11  80  12  91  13  66  14  76
  0  21  1  10  2  72  3  26  4  93  5  92  6  40  7  54  8  18  9  15  10  61  11  82  12  44  13  69  14  16
  0  66  1  21  2  2  3  89  4  9  5  32  6  37  7  66  8  52  9  49  10  49  11  81  12  53  13  18  14  6
  0  38  1  68  2  59  3  5  4  4  5  92  6  70  7  97  8  66  9  29  10  53  11  32  12  8  13  82  14  90
  0  84  1  9  2  7  3  73  4  66  5  17  6  52  7  20  8  11  9  21  10  82  11  71  12  77  13  33  14  66
  0  26  1  42  2  56  3  60  4  63  5  41  6  84  7  38  8  72  9  8  10  96  11  33  12  66  13  9  14  94
  0  97  1  72  2  57  3  25  4  4  5  12  6  91  7  89  8  21  9  16  10  16  11  13  12  68  13  44  14  49
  0  35  1  11  2  87  3  49  4  51  5  49  6  98  7  78  8  4  9  35  10  57  11  41  12  9  13  88  14  65
  0  18  1  74  2  25  3  56  4  64  5  24  6  95  7  24  8  52  9  62  10  21  11  36  12  71  13  21  14  51
  0  72  1  24  2  79  3  88  4  6  5  77  6  62  7  68  8  25  9  53  10  30  11  71  12  49  13  65  14  38
  0  11  1  2  2  59  3  31  4  23  5  29  6  81  7  75  8  64  9  92  10  97  11  71  12  72  13  65  14  48
  0  84  1  65  2  7  3  90  4  93  5  66  6  2  7  80  8  38  9  92  10  96  11  77  12  17  13  50  14  46
  0  4  1  77  2  1  3  73  4  58  5  82  6  17  7  99  8  85  9  55  10  25  11  95  12  53  13  35  14  10
  0  62  1  68  2  2  3  32  4  42  5  63  6  35  7  76  8  20  9  9  10  32  11  33  12  64  13  43  14  99
  0  85  1  16  2  27  3  76  4  50  5  23  6  68  7  77  8  94  9  97  10  56  11  46  12  36  13  6  14  22
  0  57  1  79  2  54  3  5  4  26  5  61  6  19  7  83  8  95  9  13  10  24  11  20  12  9  13  43  14  73
  0  15  1  96  2  8  3  93  4  61  5  45  6  38  7  40  8  67  9  1  10  9  11  69  12  75  13  40  14  94
  0  91  1  84  2  21  3  44  4  37  5  83  6  70  7  54  8  25  9  17  10  1  11  36  12  97  13  70  14  37
  0  11  1  66  2  35  3  10  4  62  5  89  6  80  7  49  8  34  9  57  10  61  11  67  12  74  13  85  14  24
  0  38  1  34  2  16  3  96  4  94  5  80  6  79  7  79  8  5  9  96  10  88  11  58  12  6  13  68  14  44
  0  17  1  96  2  68  3  78  4  24  5  23  6  6  7  79  8  14  9  12  10  96  11  54  12  83  13  25  14  73
  0  35  1  85  2  46  3  30  4  39  5  89  6  29  7  77  8  20  9  21  10  58  11  69  12  89  13  28  14  3
  0  98  1  89  2  19  3  72  4  84  5  42  6  77  7  3  8  11  9  13  10  38  11  17  12  74  13  54  14  90
  0  56  1  50  2  27  3  48  4  80  5  94  6  15  7  74  8  58  9  40  10  66  11  89  12  15  13  38  14  47
  0  73  1  13  2  76  3  76  4  40  5  60  6  65  7  83  8  67  9  99  10  63  11  8  12  85  13  3  14  2
  0  27  1  70  2  74  3  12  4  91  5  96  6  62  7  81  8  92  9  35  10  96  11  86  12  97  13  15  14  20
  0  58  1  30  2  67  3  91  4  18  5  71  6  42  7  61  8  59  9  25  10  43  11  46  12  64  13  53  14  37
  0  67  1  5  2  87  3  33  4  27  5  31  6  79  7  20  8  25  9  82  10  18  11  35  12  44  13  48  14  63
  0  79  1  73  2  76  3  50  4  12  5  29  6  3  7  60  8  88  9  84  10  51  11  84  12  30  13  56  14  28
  0  9  1  27  2  66  3  97  4  97  5  18  6  94  7  46  8  60  9  9  10  5  11  26  12  31  13  13  14  82
  0  73  1  82  2  19  3  36  4  25  5  65  6  31  7  44  8  75  9  47  10  46  11  48  12  68  13  74  14  31
  0  29  1  81  2  4  3  40  4  13  5  85  6  60  7  89  8  87  9  56  10  26  11  55  12  49  13  84  14  66
  0  84  1  76  2  21  3  44  4  18  5  25  6  28  7  79  8  80  9  92  10  42  11  59  12  82  13  77  14  72
  0  5  1  24  2  46  3  69  4  38  5  13  6  77  7  59  8  28  9  39  10  54  11  26  12  86  13  53  14  13
  0  64  1  56  2  41  3  73  4  65  5  9  6  15  7  14  8  96  9  40  10  39  11  61  12  76  13  42  14  67
  0  6  1  67  2  76  3  63  4  70  5  46  6  81  7  34  8  89  9  3  10  95  11  86  12  70  13  85  14  74
  0  95  1  56  2  14  3  26  4  51  5  3  6  95  7  7  8  97  9  36  10  34  11  41  12  13  13  69  14  12
  0  63  1  70  2  73  3  96  4  90  5  83  6  49  7  84  8  75  9  43  10  35  11  84  12  6  13  74  14  48
  0  26  1  41  2  79  3  51  4  20  5  97  6  59  7  78  8  15  9  39  10  9  11  82  12  28  13  23  14  36
  0  69  1  50  2  10  3  63  4  30  5  40  6  40  7  90  8  12  9  67  10  29  11  32  12  60  13  65  14  45
  0  74  1  32  2  6  3  58  4  5  5  73  6  10  7  87  8  89  9  95  10  39  11  75  12  39  13  2  14  60
  0  68  1  67  2  46  3  55  4  87  5  22  6  32  7  19  8  14  9  70  10  70  11  93  12  25  13  42  14  65
  0  93  1  45  2  85  3  97  4  45  5  20  6  68  7  11  8  46  9  9  10  38  11  34  12  99  13  58  14  32
  0  99  1  98  2  8  3  92  4  19  5  53  6  25  7  21  8  42  9  92  10  98  11  83  12  19  13  76  14  14
  0  70  1  12  2  9  3  83  4  32  5  55  6  30  7  36  8  73  9  54  10  34  11  68  12  79  13  54  14  40
  0  99  1  84  2  39  3  99  4  16  5  25  6  37  7  39  8  69  9  36  10  35  11  59  12  73  13  69  14  37
  0  43  1  18  2  61  3  17  4  36  5  82  6  64  7  46  8  8  9  42  10  22  11  6  12  17  13  67  14  66
  0  1  1  21  2  79  3  42  4  44  5  11  6  14  7  4  8  85  9  66  10  90  11  46  12  89  13  57  14  14
  0  42  1  84  2  34  3  28  4  13  5  56  6  92  7  11  8  59  9  47  10  92  11  90  12  18  13  75  14  76
  0  7  1  26  2  1  3  14  4  52  5  3  6  91  7  67  8  66  9  94  10  80  11  56  12  75  13  33  14  92
  0  61  1  90  2  92  3  5  4  5  5  8  6  74  7  63  8  83  9  81  10  22  11  64  12  62  13  55  14  68
  0  78  1  34  2  78  3  62  4  63  5  7  6  38  7  18  8  22  9  94  10  84  11  90  12  71  13  93  14  33
  0  76  1  42  2  89  3  69  4  89  5  24  6  23  7  89  8  46  9  30  10  3  11  52  12  82  13  40  14  57
  0  29  1  78  2  39  3  49  4  70  5  58  6  82  7  99  8  32  9  87  10  29  11  5  12  26  13  9  14  41
  0  26  1  93  2  60  3  39  4  95  5  12  6  76  7  51  8  73  9  76  10  80  11  6  12  34  13  29  14  98
  0  47  1  83  2  28  3  59  4  91  5  22  6  68  7  69  8  33  9  9  10  95  11  66  12  64  13  3  14  90
  0  96  1  3  2  66  3  6  4  68  5  96  6  73  7  75  8  73  9  79  10  51  11  41  12  82  13  95  14  49
  0  59  1  54  2  91  3  10  4  86  5  21  6  74  7  90  8  50  9  31  10  72  11  63  12  62  13  58  14  42
  0  78  1  26  2  25  3  5  4  90  5  39  6  88  7  33  8  55  9  11  10  79  11  83  12  69  13  27  14  7
  0  67  1  10  2  38  3  59  4  13  5  70  6  58  7  75  8  36  9  32  10  91  11  53  12  44  13  5  14  37
  0  19  1  28  2  15  3  24  4  93  5  29  6  39  7  83  8  9  9  75  10  14  11  65  12  68  13  19  14  53
  0  49  1  59  2  41  3  66  4  6  5  50  6  83  7  61  8  19  9  36  10  33  11  63  12  61  13  24  14  70
  0  92  1  92  2  57  3  50  4  80  5  23  6  26  7  88  8  18  9  50  10  17  11  57  12  60  13  82  14  89
  0  28  1  41  2  90  3  1  4  97  5  58  6  47  7  90  8  8  9  46  10  64  11  18  12  28  13  40  14  26
  0  6  1  58  2  96  3  74  4  32  5  92  6  34  7  5  8  75  9  28  10  93  11  69  12  5  13  23  14  44
  0  1  1  71  2  33  3  86  4  7  5  40  6  76  7  15  8  93  9  71  10  24  11  50  12  11  13  38  14  92
  0  57  1  45  2  41  3  96  4  4  5  96  6  54  7  96  8  25  9  98  10  20  11  28  12  99  13  91  14  64
  0  23  1  55  2  51  3  17  4  40  5  57  6  22  7  39  8  72  9  53  10  19  11  9  12  2  13  61  14  93
  0  15  1  7  2  47  3  75  4  45  5  60  6  13  7  45  8  85  9  63  10  90  11  77  12  63  13  99  14  33
  0  89  1  91  2  13  3  21  4  64  5  7  6  38  7  35  8  32  9  11  10  40  11  79  12  46  13  45  14  44
  0  35  1  69  2  68  3  56  4  83  5  68  6  12  7  2  8  36  9  73  10  42  11  50  12  55  13  60  14  39
  0  88  1  55  2  53  3  80  4  61  5  9  6  63  7  96  8  98  9  15  10  1  11  20  12  90  13  90  14  41
  0  51  1  88  2  89  3  15  4  20  5  37  6  78  7  69  8  13  9  60  10  3  11  8  12  87  13  72  14  36
  0  11  1  3  2  71  3  89  4  95  5  28  6  41  7  26  8  67  9  22  10  75  11  8  12  66  13  84  14  92
  0  70  1  15  2  23  3  3  4  6  5  28  6  91  7  51  8  81  9  20  10  92  11  57  12  54  13  45  14  40
  0  4  1  37  2  38  3  40  4  58  5  27  6  49  7  34  8  33  9  17  10  90  11  90  12  8  13  35  14  33
  0  70  1  75  2  93  3  26  4  82  5  88  6  30  7  26  8  10  9  9  10  84  11  59  12  75  13  94  14  47
  0  51  1  67  2  74  3  51  4  97  5  63  6  92  7  19  8  66  9  98  10  27  11  66  12  43  13  90  14  14
  0  37  1  77  2  97  3  23  4  23  5  75  6  80  7  81  8  71  9  45  10  99  11  30  12  15  13  18  14  61
  0  60  1  49  2  62  3  91  4  74  5  61  6  89  7  8  8  50  9  82  10  19  11  24  12  21  13  97  14  31
  0  84  1  97  2  63  3  47  4  39  5  78  6  10  7  11  8  91  9  47  10  6  11  45  12  89  13  39  14  41
  0  24  1  26  2  24  3  45  4  85  5  82  6  51  7  39  8  59  9  40  10  40  11  99  12  2  13  14  14  20
  0  73  1  53  2  12  3  43  4  82  5  59  6  15  7  42  8  95  9  27  10  20  11  86  12  70  13  4  14  8
  0  70  1  70  2  2  3  23  4  36  5  33  6  97  7  65  8  8  9  45  10  96  11  49  12  4  13  15  14  27
  0  72  1  35  2  95  3  6  4  88  5  21  6  71  7  99  8  1  9  73  10  12  11  60  12  92  13  33  14  67
  0  20  1  86  2  66  3  48  4  68  5  81  6  32  7  26  8  47  9  14  10  7  11  29  12  38  13  53  14  15
  0  38  1  29  2  6  3  88  4  5  5  80  6  8  7  81  8  27  9  27  10  21  11  87  12  76  13  95  14  67
  0  52  1  63  2  13  3  56  4  75  5  61  6  38  7  7  8  30  9  48  10  50  11  55  12  69  13  29  14  64
  0  96  1  81  2  42  3  62  4  24  5  9  6  80  7  62  8  39  9  58  10  55  11  69  12  55  13  59  14  97
  0  60  1  25  2  42  3  88  4  20  5  52  6  55  7  33  8  19  9  82  10  31  11  41  12  96  13  66  14  74
  0  73  1  3  2  48  3  44  4  65  5  1  6  35  7  31  8  42  9  35  10  28  11  68  12  78  13  25  14  31
  0  20  1  72  2  31  3  74  4  35  5  37  6  4  7  10  8  72  9  27  10  17  11  68  12  17  13  58  14  44
  0  78  1  55  2  79  3  25  4  8  5  73  6  8  7  39  8  52  9  1  10  47  11  73  12  96  13  13  14  34
  0  61  1  28  2  60  3  88  4  25  5  51  6  93  7  67  8  41  9  66  10  97  11  45  12  31  13  98  14  55
  0  68  1  21  2  72  3  8  4  52  5  48  6  95  7  76  8  35  9  92  10  86  11  68  12  92  13  51  14  45
  0  73  1  71  2  19  3  79  4  28  5  21  6  9  7  17  8  17  9  3  10  35  11  60  12  14  13  30  14  55
  0  86  1  94  2  53  3  27  4  81  5  81  6  87  7  36  8  64  9  91  10  78  11  96  12  53  13  94  14  15
  0  36  1  47  2  15  3  56  4  7  5  69  6  27  7  33  8  91  9  61  10  33  11  29  12  5  13  32  14  8
  0  61  1  81  2  20  3  66  4  9  5  31  6  88  7  87  8  69  9  94  10  90  11  90  12  29  13  7  14  67
  0  47  1  87  2  89  3  57  4  85  5  64  6  3  7  31  8  22  9  80  10  30  11  97  12  6  13  97  14  90
  0  23  1  76  2  58  3  93  4  65  5  84  6  47  7  73  8  30  9  92  10  70  11  77  12  76  13  76  14  47
  0  99  1  48  2  99  3  27  4  71  5  2  6  17  7  90  8  58  9  53  10  34  11  4  12  23  13  68  14  29
  0  23  1  54  2  76  3  26  4  81  5  73  6  64  7  48  8  90  9  63  10  94  11  22  12  52  13  83  14  53
  0  85  1  52  2  71  3  14  4  38  5  85  6  35  7  87  8  23  9  41  10  93  11  72  12  41  13  36  14  19
  0  42  1  33  2  83  3  78  4  37  5  65  6  26  7  97  8  36  9  36  10  80  11  81  12  20  13  56  14  68
  0  56  1  75  2  89  3  32  4  38  5  85  6  50  7  54  8  28  9  96  10  99  11  35  12  98  13  79  14  80
  0  97  1  8  2  13  3  77  4  23  5  62  6  52  7  17  8  30  9  37  10  74  11  13  12  66  13  78  14  96
  0  39  1  57  2  85  3  28  4  89  5  35  6  36  7  84  8  37  9  66  10  96  11  85  12  27  13  9  14  34
  0  16  1  45  2  98  3  26  4  2  5  56  6  47  7  31  8  70  9  7  10  70  11  59  12  51  13  22  14  17
  0  75  1  68  2  66  3  48  4  5  5  19  6  20  7  76  8  25  9  35  10  5  11  90  12  77  13  91  14  67
  0  10  1  31  2  73  3  89  4  38  5  56  6  57  7  97  8  27  9  24  10  39  11  70  12  60  13  25  14  16
  0  94  1  13  2  64  3  28  4  95  5  60  6  94  7  85  8  51  9  33  10  79  11  63  12  67  13  38  14  8
  0  24  1  65  2  2  3  91  4  98  5  23  6  4  7  27  8  54  9  59  10  98  11  7  12  11  13  52  14  54
  0  92  1  92  2  40  3  48  4  5  5  20  6  40  7  2  8  78  9  89  10  82  11  47  12  1  13  95  14  47
TPM
  0  2033  1  2033  2  2033  3  2033  4  2033  5  2033  6  2033  7  2033  8  2033  9  2033  10  2033  11  2033  12  2033  13  2033  14  2033
PMT
  0  42  1  13  2  54  3  36  4  45  5  64  6  64  7  10  8  54  9  7  10  68  11  26  12  46  13  45  14  29
  0  3  1  35  2  12  3  61  4  40  5  24  6  22  7  31  8  54  9  50  10  22  11  16  12  36  13  20  14  3
  0  45  1  55  2  24  3  23  4  1  5  21  6  58  7  43  8  62  9  64  10  8  11  16  12  74  13  36  14  57
  0  66  1  57  2  60  3  50  4  30  5  47  6  10  7  65  8  31  9  32  10  17  11  33  12  45  13  71  14  11
  0  29  1  22  2  65  3  64  4  70  5  51  6  38  7  72  8  44  9  14  10  67  11  18  12  54  13  21  14  22
  0  43  1  54  2  12  3  59  4  40  5  66  6  9  7  67  8  57  9  38  10  10  11  16  12  56  13  5  14  25
  0  42  1  60  2  15  3  26  4  7  5  21  6  5  7  36  8  30  9  24  10  17  11  38  12  42  13  52  14  3
  0  27  1  48  2  41  3  31  4  63  5  4  6  71  7  16  8  50  9  69  10  66  11  56  12  64  13  23  14  59
  0  13  1  41  2  52  3  59  4  50  5  74  6  43  7  41  8  55  9  60  10  47  11  69  12  1  13  7  14  64
  0  17  1  28  2  74  3  8  4  46  5  28  6  46  7  11  8  66  9  11  10  31  11  60  12  55  13  18  14  55
