100  20
  0  74  1  57  2  67  3  14  4  44  5  13  6  86  7  4  8  12  9  85  10  84  11  84  12  87  13  66  14  41  15  27  16  3  17  74  18  54  19  33
  0  92  1  7  2  77  3  56  4  39  5  8  6  9  7  1  8  63  9  79  10  49  11  30  12  12  13  26  14  51  15  87  16  46  17  97  18  38  19  11
  0  61  1  71  2  62  3  89  4  79  5  99  6  30  7  7  8  84  9  4  10  11  11  54  12  7  13  87  14  10  15  20  16  86  17  12  18  74  19  77
  0  34  1  46  2  57  3  35  4  7  5  92  6  64  7  25  8  53  9  43  10  51  11  30  12  87  13  20  14  56  15  89  16  17  17  12  18  75  19  24
  0  7  1  92  2  25  3  74  4  75  5  12  6  36  7  51  8  57  9  61  10  90  11  17  12  59  13  79  14  84  15  76  16  98  17  40  18  70  19  31
  0  28  1  44  2  42  3  25  4  45  5  96  6  30  7  90  8  70  9  44  10  38  11  63  12  29  13  24  14  48  15  41  16  65  17  10  18  48  19  93
  0  4  1  95  2  85  3  43  4  90  5  32  6  39  7  90  8  17  9  2  10  59  11  43  12  94  13  17  14  27  15  67  16  30  17  61  18  24  19  83
  0  26  1  14  2  29  3  67  4  99  5  25  6  59  7  33  8  11  9  32  10  38  11  95  12  13  13  46  14  62  15  61  16  96  17  30  18  84  19  75
  0  78  1  51  2  47  3  33  4  45  5  97  6  23  7  36  8  74  9  71  10  56  11  39  12  81  13  6  14  11  15  36  16  57  17  69  18  63  19  61
  0  8  1  50  2  99  3  18  4  15  5  43  6  1  7  60  8  59  9  69  10  33  11  83  12  90  13  11  14  78  15  2  16  31  17  42  18  51  19  17
  0  52  1  76  2  19  3  14  4  52  5  73  6  96  7  27  8  26  9  75  10  91  11  70  12  17  13  56  14  28  15  24  16  74  17  9  18  57  19  11
  0  73  1  14  2  50  3  27  4  48  5  47  6  21  7  86  8  72  9  28  10  34  11  8  12  75  13  24  14  82  15  46  16  65  17  44  18  52  19  56
  0  22  1  10  2  2  3  39  4  62  5  62  6  22  7  88  8  1  9  63  10  67  11  69  12  48  13  1  14  52  15  75  16  37  17  70  18  72  19  57
  0  49  1  52  2  92  3  8  4  93  5  55  6  93  7  55  8  61  9  14  10  94  11  96  12  50  13  78  14  77  15  77  16  35  17  99  18  79  19  93
  0  37  1  22  2  39  3  71  4  9  5  34  6  7  7  56  8  30  9  40  10  55  11  14  12  9  13  32  14  52  15  31  16  97  17  7  18  75  19  45
  0  97  1  47  2  93  3  79  4  3  5  38  6  32  7  27  8  86  9  21  10  2  11  29  12  68  13  92  14  60  15  37  16  91  17  92  18  33  19  53
  0  91  1  56  2  19  3  91  4  59  5  5  6  39  7  92  8  16  9  13  10  29  11  4  12  44  13  82  14  69  15  93  16  63  17  88  18  3  19  65
  0  34  1  1  2  88  3  89  4  19  5  80  6  92  7  70  8  49  9  22  10  3  11  11  12  72  13  67  14  39  15  58  16  77  17  29  18  81  19  20
  0  17  1  1  2  29  3  98  4  82  5  26  6  92  7  85  8  4  9  75  10  52  11  1  12  59  13  30  14  46  15  83  16  51  17  88  18  76  19  56
  0  47  1  39  2  39  3  30  4  15  5  67  6  19  7  14  8  99  9  82  10  8  11  48  12  8  13  91  14  29  15  83  16  13  17  54  18  87  19  61
  0  82  1  88  2  72  3  74  4  8  5  24  6  77  7  21  8  65  9  10  10  28  11  63  12  65  13  31  14  15  15  68  16  47  17  93  18  86  19  90
  0  29  1  65  2  49  3  17  4  35  5  7  6  58  7  91  8  47  9  16  10  28  11  81  12  52  13  64  14  79  15  61  16  87  17  15  18  90  19  24
  0  4  1  36  2  40  3  43  4  98  5  57  6  56  7  41  8  90  9  30  10  98  11  54  12  31  13  94  14  38  15  76  16  82  17  57  18  23  19  42
  0  10  1  28  2  43  3  67  4  49  5  84  6  20  7  68  8  72  9  58  10  92  11  21  12  46  13  54  14  81  15  29  16  55  17  43  18  41  19  25
  0  52  1  6  2  37  3  4  4  36  5  12  6  9  7  85  8  76  9  54  10  6  11  34  12  42  13  78  14  9  15  96  16  4  17  74  18  61  19  35
  0  1  1  29  2  93  3  48  4  10  5  46  6  98  7  39  8  55  9  88  10  98  11  50  12  30  13  93  14  11  15  71  16  40  17  74  18  96  19  7
  0  78  1  1  2  66  3  52  4  97  5  26  6  55  7  7  8  30  9  7  10  3  11  34  12  72  13  20  14  5  15  49  16  54  17  88  18  14  19  72
  0  37  1  61  2  8  3  8  4  11  5  16  6  54  7  20  8  99  9  63  10  38  11  16  12  92  13  96  14  40  15  61  16  46  17  99  18  64  19  88
  0  35  1  99  2  67  3  71  4  53  5  47  6  40  7  75  8  75  9  53  10  27  11  11  12  50  13  2  14  2  15  44  16  68  17  35  18  30  19  47
  0  38  1  78  2  72  3  91  4  59  5  37  6  38  7  12  8  68  9  98  10  67  11  95  12  15  13  14  14  5  15  86  16  73  17  46  18  13  19  88
  0  11  1  8  2  12  3  21  4  58  5  17  6  64  7  64  8  68  9  62  10  26  11  82  12  42  13  41  14  40  15  23  16  58  17  13  18  51  19  34
  0  60  1  91  2  50  3  37  4  52  5  58  6  91  7  49  8  27  9  73  10  39  11  54  12  34  13  16  14  22  15  50  16  41  17  88  18  30  19  33
  0  64  1  53  2  58  3  88  4  62  5  91  6  82  7  8  8  12  9  9  10  44  11  44  12  34  13  19  14  48  15  79  16  21  17  86  18  33  19  63
  0  70  1  3  2  36  3  48  4  59  5  35  6  85  7  31  8  89  9  64  10  85  11  71  12  99  13  8  14  68  15  61  16  13  17  90  18  44  19  48
  0  76  1  6  2  57  3  38  4  14  5  90  6  49  7  47  8  83  9  95  10  56  11  67  12  27  13  32  14  25  15  54  16  40  17  19  18  8  19  74
  0  12  1  66  2  69  3  56  4  5  5  73  6  23  7  29  8  73  9  20  10  67  11  57  12  50  13  79  14  12  15  96  16  37  17  85  18  91  19  25
  0  89  1  30  2  20  3  29  4  80  5  78  6  24  7  62  8  69  9  17  10  70  11  79  12  28  13  83  14  71  15  26  16  1  17  40  18  18  19  52
  0  86  1  82  2  1  3  55  4  69  5  3  6  1  7  83  8  56  9  56  10  66  11  51  12  81  13  79  14  5  15  52  16  82  17  77  18  56  19  72
  0  77  1  73  2  32  3  25  4  71  5  78  6  33  7  74  8  98  9  46  10  74  11  25  12  59  13  98  14  91  15  69  16  12  17  42  18  97  19  43
  0  40  1  23  2  16  3  25  4  87  5  78  6  23  7  72  8  47  9  87  10  46  11  90  12  35  13  26  14  28  15  72  16  92  17  80  18  47  19  54
  0  95  1  72  2  41  3  74  4  62  5  12  6  89  7  35  8  90  9  59  10  48  11  6  12  67  13  76  14  34  15  4  16  26  17  6  18  9  19  56
  0  51  1  85  2  19  3  31  4  52  5  12  6  69  7  67  8  53  9  91  10  58  11  75  12  80  13  47  14  90  15  59  16  31  17  84  18  46  19  95
  0  60  1  12  2  79  3  81  4  34  5  78  6  65  7  99  8  5  9  86  10  26  11  6  12  37  13  69  14  1  15  15  16  76  17  60  18  44  19  38
  0  31  1  83  2  62  3  5  4  31  5  43  6  25  7  71  8  64  9  99  10  14  11  3  12  15  13  52  14  91  15  65  16  48  17  61  18  7  19  85
  0  21  1  90  2  62  3  54  4  11  5  57  6  20  7  74  8  95  9  96  10  17  11  94  12  16  13  97  14  7  15  70  16  12  17  76  18  71  19  38
  0  25  1  61  2  47  3  15  4  84  5  30  6  63  7  34  8  33  9  27  10  8  11  90  12  58  13  36  14  35  15  68  16  44  17  88  18  8  19  46
  0  37  1  41  2  29  3  31  4  13  5  48  6  91  7  53  8  78  9  13  10  84  11  16  12  41  13  92  14  1  15  98  16  42  17  86  18  49  19  47
  0  26  1  48  2  67  3  3  4  93  5  81  6  86  7  47  8  69  9  21  10  95  11  75  12  66  13  10  14  97  15  23  16  42  17  16  18  66  19  96
  0  76  1  59  2  44  3  94  4  3  5  37  6  33  7  28  8  97  9  61  10  78  11  48  12  77  13  66  14  37  15  67  16  90  17  33  18  84  19  24
  0  85  1  34  2  17  3  17  4  87  5  15  6  18  7  30  8  35  9  55  10  35  11  97  12  38  13  71  14  58  15  99  16  67  17  59  18  4  19  86
  0  99  1  88  2  60  3  63  4  52  5  96  6  20  7  86  8  1  9  44  10  26  11  62  12  54  13  27  14  5  15  31  16  45  17  62  18  61  19  94
  0  41  1  87  2  50  3  16  4  84  5  46  6  59  7  86  8  52  9  44  10  72  11  64  12  36  13  97  14  79  15  98  16  31  17  22  18  71  19  22
  0  66  1  11  2  32  3  60  4  4  5  21  6  96  7  86  8  22  9  55  10  73  11  40  12  19  13  9  14  18  15  64  16  30  17  30  18  10  19  45
  0  41  1  96  2  1  3  58  4  36  5  13  6  95  7  47  8  6  9  94  10  97  11  92  12  18  13  75  14  51  15  49  16  24  17  54  18  31  19  61
  0  40  1  88  2  80  3  75  4  45  5  80  6  94  7  16  8  72  9  13  10  94  11  95  12  83  13  41  14  53  15  74  16  65  17  55  18  45  19  82
  0  84  1  40  2  55  3  73  4  76  5  25  6  58  7  91  8  68  9  87  10  46  11  39  12  59  13  58  14  81  15  90  16  10  17  39  18  89  19  1
  0  3  1  28  2  29  3  95  4  88  5  24  6  94  7  28  8  29  9  38  10  44  11  60  12  88  13  53  14  55  15  1  16  51  17  92  18  57  19  84
  0  56  1  3  2  83  3  14  4  81  5  49  6  53  7  57  8  15  9  87  10  62  11  8  12  98  13  58  14  51  15  30  16  33  17  12  18  92  19  38
  0  71  1  74  2  81  3  22  4  52  5  96  6  57  7  65  8  39  9  56  10  73  11  57  12  70  13  98  14  86  15  83  16  44  17  46  18  51  19  34
  0  78  1  1  2  25  3  83  4  29  5  28  6  29  7  21  8  57  9  88  10  14  11  36  12  77  13  67  14  25  15  88  16  27  17  7  18  75  19  17
  0  28  1  40  2  64  3  70  4  58  5  99  6  97  7  58  8  27  9  28  10  4  11  58  12  32  13  25  14  41  15  30  16  49  17  8  18  55  19  21
  0  63  1  63  2  30  3  57  4  69  5  21  6  17  7  65  8  74  9  89  10  71  11  64  12  94  13  12  14  9  15  20  16  29  17  44  18  64  19  53
  0  46  1  67  2  19  3  51  4  22  5  75  6  25  7  10  8  6  9  16  10  50  11  16  12  21  13  60  14  12  15  47  16  9  17  29  18  79  19  41
  0  73  1  19  2  62  3  72  4  4  5  86  6  17  7  32  8  59  9  96  10  32  11  92  12  59  13  34  14  79  15  18  16  6  17  37  18  43  19  43
  0  33  1  14  2  58  3  26  4  61  5  29  6  32  7  59  8  96  9  85  10  7  11  86  12  15  13  42  14  15  15  65  16  9  17  24  18  23  19  67
  0  86  1  38  2  51  3  7  4  60  5  92  6  46  7  45  8  60  9  66  10  13  11  7  12  56  13  7  14  54  15  2  16  80  17  35  18  65  19  53
  0  72  1  77  2  74  3  54  4  6  5  74  6  48  7  24  8  55  9  28  10  87  11  20  12  15  13  71  14  71  15  37  16  83  17  3  18  54  19  4
  0  70  1  89  2  5  3  35  4  86  5  49  6  37  7  28  8  38  9  66  10  87  11  96  12  16  13  85  14  30  15  82  16  64  17  4  18  33  19  86
  0  74  1  48  2  97  3  15  4  11  5  20  6  44  7  30  8  5  9  19  10  18  11  46  12  39  13  4  14  40  15  22  16  28  17  37  18  32  19  22
  0  58  1  32  2  77  3  66  4  44  5  88  6  2  7  88  8  26  9  85  10  89  11  50  12  87  13  80  14  68  15  11  16  6  17  26  18  24  19  39
  0  34  1  93  2  27  3  8  4  82  5  75  6  90  7  17  8  69  9  15  10  92  11  33  12  30  13  60  14  14  15  47  16  16  17  60  18  91  19  76
  0  37  1  47  2  92  3  70  4  7  5  66  6  41  7  99  8  94  9  53  10  65  11  29  12  24  13  70  14  46  15  8  16  31  17  42  18  80  19  30
  0  92  1  70  2  97  3  46  4  4  5  98  6  77  7  30  8  26  9  68  10  79  11  29  12  61  13  87  14  67  15  58  16  30  17  90  18  82  19  6
  0  37  1  86  2  25  3  69  4  65  5  90  6  19  7  47  8  27  9  13  10  86  11  27  12  66  13  37  14  52  15  75  16  98  17  18  18  51  19  14
  0  10  1  77  2  21  3  16  4  72  5  72  6  89  7  85  8  46  9  85  10  86  11  85  12  56  13  29  14  61  15  40  16  88  17  91  18  65  19  10
  0  30  1  63  2  35  3  31  4  49  5  93  6  88  7  69  8  92  9  6  10  18  11  7  12  42  13  44  14  49  15  86  16  63  17  41  18  86  19  78
  0  35  1  26  2  73  3  30  4  40  5  5  6  33  7  25  8  61  9  5  10  80  11  62  12  12  13  43  14  5  15  26  16  87  17  65  18  65  19  11
  0  31  1  71  2  63  3  24  4  35  5  26  6  73  7  75  8  36  9  3  10  40  11  25  12  61  13  36  14  90  15  62  16  39  17  59  18  3  19  20
  0  91  1  57  2  38  3  55  4  59  5  70  6  28  7  50  8  19  9  21  10  69  11  13  12  22  13  46  14  76  15  88  16  43  17  70  18  78  19  96
  0  10  1  34  2  80  3  66  4  81  5  81  6  12  7  36  8  68  9  57  10  33  11  27  12  28  13  70  14  84  15  21  16  71  17  35  18  84  19  1
  0  68  1  75  2  11  3  22  4  39  5  80  6  43  7  30  8  56  9  22  10  27  11  50  12  17  13  86  14  89  15  7  16  41  17  75  18  36  19  42
  0  9  1  85  2  88  3  54  4  54  5  63  6  48  7  74  8  62  9  94  10  9  11  35  12  50  13  88  14  29  15  20  16  17  17  43  18  55  19  88
  0  6  1  23  2  58  3  19  4  4  5  77  6  4  7  4  8  74  9  75  10  92  11  99  12  4  13  47  14  34  15  21  16  96  17  47  18  30  19  15
  0  62  1  80  2  85  3  65  4  68  5  67  6  88  7  17  8  58  9  27  10  5  11  10  12  60  13  8  14  87  15  66  16  30  17  97  18  7  19  75
  0  4  1  84  2  32  3  64  4  60  5  70  6  38  7  51  8  20  9  31  10  8  11  22  12  13  13  90  14  52  15  62  16  15  17  60  18  81  19  60
  0  27  1  42  2  84  3  49  4  30  5  8  6  7  7  40  8  71  9  7  10  37  11  95  12  42  13  52  14  36  15  21  16  51  17  1  18  70  19  79
  0  26  1  19  2  38  3  59  4  70  5  96  6  97  7  54  8  72  9  65  10  26  11  27  12  51  13  20  14  89  15  66  16  61  17  49  18  84  19  69
  0  16  1  35  2  84  3  97  4  89  5  71  6  10  7  91  8  12  9  5  10  1  11  45  12  57  13  9  14  52  15  75  16  5  17  38  18  59  19  30
  0  12  1  24  2  66  3  29  4  25  5  13  6  16  7  33  8  42  9  52  10  66  11  68  12  65  13  82  14  88  15  72  16  38  17  80  18  87  19  27
  0  41  1  69  2  1  3  98  4  95  5  95  6  59  7  97  8  2  9  26  10  31  11  32  12  91  13  22  14  74  15  11  16  5  17  91  18  62  19  27
  0  97  1  36  2  72  3  33  4  38  5  22  6  41  7  67  8  65  9  65  10  28  11  13  12  4  13  2  14  45  15  94  16  62  17  68  18  43  19  40
  0  60  1  42  2  55  3  63  4  61  5  91  6  47  7  47  8  11  9  50  10  28  11  33  12  91  13  11  14  3  15  42  16  63  17  92  18  87  19  90
  0  41  1  55  2  18  3  68  4  28  5  30  6  10  7  98  8  15  9  13  10  66  11  95  12  91  13  37  14  25  15  83  16  60  17  11  18  10  19  48
  0  30  1  1  2  14  3  44  4  31  5  84  6  30  7  56  8  86  9  8  10  21  11  4  12  22  13  25  14  68  15  43  16  7  17  2  18  71  19  83
  0  53  1  8  2  65  3  44  4  24  5  32  6  87  7  11  8  14  9  2  10  13  11  58  12  10  13  76  14  23  15  62  16  56  17  60  18  8  19  20
  0  66  1  48  2  90  3  30  4  54  5  94  6  21  7  21  8  93  9  85  10  8  11  28  12  15  13  29  14  56  15  46  16  98  17  21  18  41  19  21
  0  38  1  32  2  33  3  49  4  63  5  30  6  59  7  95  8  50  9  35  10  63  11  60  12  76  13  65  14  92  15  49  16  75  17  31  18  40  19  19
  0  12  1  68  2  98  3  20  4  75  5  48  6  30  7  44  8  68  9  64  10  34  11  48  12  39  13  16  14  76  15  32  16  68  17  36  18  29  19  61
  0  35  1  5  2  1  3  87  4  3  5  83  6  79  7  97  8  9  9  43  10  18  11  86  12  43  13  61  14  28  15  56  16  51  17  30  18  54  19  64
  0  5  1  95  2  66  3  82  4  11  5  12  6  72  7  45  8  66  9  87  10  40  11  84  12  69  13  55  14  1  15  94  16  47  17  94  18  50  19  71
TPM
  0  1270  1  1270  2  1270  3  1270  4  1270  5  1270  6  1270  7  1270  8  1270  9  1270  10  1270  11  1270  12  1270  13  1270  14  1270  15  1270  16  1270  17  1270  18  1270  19  1270
PMT
  0  17  1  22  2  18  3  2  4  9  5  23  6  19  7  10  8  24  9  9  10  18  11  4  12  22  13  5  14  23  15  18  16  9  17  6  18  19  19  16
  0  15  1  1  2  1  3  23  4  13  5  18  6  6  7  14  8  6  9  15  10  15  11  6  12  14  13  17  14  13  15  22  16  2  17  3  18  7  19  20
  0  2  1  6  2  2  3  23  4  5  5  1  6  4  7  8  8  22  9  1  10  19  11  23  12  7  13  2  14  5  15  9  16  7  17  9  18  24  19  8
  0  16  1  5  2  3  3  16  4  16  5  8  6  8  7  22  8  7  9  21  10  18  11  24  12  4  13  11  14  14  15  17  16  2  17  24  18  22  19  4
  0  7  1  9  2  20  3  18  4  22  5  16  6  4  7  14  8  16  9  5  10  10  11  15  12  2  13  17  14  15  15  16  16  19  17  17  18  24  19  21
  0  10  1  3  2  24  3  6  4  22  5  12  6  22  7  24  8  19  9  4  10  6  11  12  12  2  13  18  14  7  15  19  16  14  17  12  18  23  19  2
  0  20  1  22  2  8  3  17  4  4  5  21  6  5  7  11  8  15  9  4  10  22  11  21  12  12  13  22  14  22  15  21  16  11  17  18  18  16  19  6
  0  17  1  9  2  18  3  5  4  15  5  23  6  19  7  2  8  19  9  12  10  18  11  14  12  10  13  5  14  11  15  15  16  14  17  4  18  11  19  24
