50  20
  0  73  1  98  2  72  3  30  4  69  5  81  6  90  7  27  8  40  9  52  10  6  11  28  12  41  13  44  14  87  15  48  16  38  17  90  18  54  19  51
  0  74  1  98  2  39  3  16  4  5  5  87  6  21  7  49  8  24  9  15  10  44  11  31  12  59  13  72  14  58  15  42  16  49  17  35  18  34  19  89
  0  7  1  83  2  44  3  69  4  27  5  41  6  26  7  8  8  15  9  98  10  51  11  62  12  21  13  6  14  74  15  96  16  28  17  59  18  32  19  47
  0  7  1  25  2  27  3  49  4  51  5  61  6  4  7  83  8  57  9  32  10  96  11  72  12  88  13  36  14  40  15  32  16  78  17  87  18  27  19  47
  0  28  1  12  2  78  3  52  4  9  5  61  6  72  7  11  8  95  9  52  10  16  11  34  12  66  13  83  14  82  15  86  16  57  17  81  18  30  19  60
  0  58  1  86  2  92  3  29  4  81  5  83  6  93  7  96  8  45  9  23  10  22  11  12  12  53  13  94  14  96  15  17  16  60  17  64  18  72  19  39
  0  51  1  62  2  84  3  58  4  84  5  88  6  41  7  95  8  72  9  94  10  90  11  11  12  83  13  35  14  36  15  18  16  22  17  93  18  77  19  29
  0  92  1  55  2  94  3  8  4  56  5  57  6  94  7  86  8  61  9  37  10  15  11  70  12  73  13  78  14  27  15  52  16  58  17  9  18  88  19  85
  0  78  1  11  2  59  3  7  4  27  5  32  6  41  7  7  8  85  9  28  10  47  11  78  12  97  13  65  14  79  15  98  16  88  17  55  18  88  19  24
  0  62  1  19  2  42  3  2  4  84  5  86  6  8  7  30  8  96  9  86  10  61  11  23  12  51  13  81  14  41  15  51  16  44  17  54  18  28  19  70
  0  85  1  46  2  29  3  74  4  54  5  3  6  63  7  6  8  94  9  89  10  19  11  25  12  79  13  72  14  95  15  35  16  41  17  68  18  69  19  89
  0  25  1  29  2  45  3  34  4  51  5  7  6  64  7  80  8  58  9  98  10  15  11  93  12  76  13  1  14  28  15  32  16  67  17  86  18  85  19  7
  0  5  1  6  2  53  3  18  4  90  5  77  6  23  7  85  8  41  9  98  10  31  11  10  12  82  13  18  14  80  15  1  16  30  17  28  18  87  19  66
  0  54  1  81  2  22  3  65  4  48  5  41  6  28  7  47  8  59  9  9  10  35  11  39  12  40  13  95  14  88  15  62  16  38  17  37  18  68  19  70
  0  21  1  50  2  87  3  55  4  20  5  4  6  58  7  63  8  29  9  36  10  92  11  10  12  82  13  39  14  71  15  85  16  34  17  12  18  86  19  99
  0  63  1  29  2  54  3  97  4  12  5  96  6  43  7  54  8  29  9  72  10  81  11  18  12  58  13  89  14  10  15  70  16  6  17  8  18  19  19  21
  0  75  1  65  2  88  3  47  4  58  5  29  6  87  7  61  8  5  9  51  10  38  11  51  12  29  13  79  14  34  15  34  16  17  17  89  18  67  19  19
  0  36  1  27  2  11  3  65  4  66  5  79  6  46  7  84  8  20  9  21  10  58  11  29  12  89  13  94  14  12  15  45  16  57  17  29  18  95  19  6
  0  67  1  94  2  94  3  47  4  19  5  61  6  21  7  58  8  45  9  3  10  35  11  16  12  91  13  63  14  8  15  53  16  1  17  75  18  22  19  10
  0  58  1  4  2  20  3  3  4  78  5  50  6  26  7  6  8  23  9  37  10  23  11  41  12  73  13  73  14  43  15  15  16  10  17  45  18  10  19  39
  0  72  1  9  2  46  3  38  4  96  5  63  6  25  7  35  8  53  9  32  10  39  11  40  12  28  13  89  14  1  15  12  16  38  17  2  18  20  19  61
  0  61  1  71  2  97  3  98  4  9  5  11  6  50  7  66  8  92  9  73  10  49  11  1  12  64  13  25  14  29  15  11  16  14  17  31  18  17  19  68
  0  55  1  96  2  73  3  51  4  52  5  80  6  50  7  88  8  55  9  64  10  9  11  80  12  43  13  70  14  49  15  16  16  99  17  29  18  55  19  94
  0  71  1  59  2  37  3  29  4  77  5  15  6  37  7  91  8  71  9  90  10  40  11  20  12  79  13  13  14  81  15  5  16  69  17  48  18  68  19  18
  0  4  1  99  2  35  3  61  4  1  5  92  6  11  7  37  8  13  9  43  10  77  11  74  12  67  13  85  14  26  15  62  16  55  17  87  18  52  19  71
  0  58  1  86  2  51  3  65  4  36  5  20  6  94  7  43  8  30  9  35  10  7  11  47  12  47  13  14  14  67  15  36  16  34  17  17  18  14  19  17
  0  52  1  66  2  10  3  67  4  12  5  4  6  17  7  3  8  31  9  97  10  80  11  72  12  32  13  80  14  9  15  85  16  73  17  50  18  18  19  90
  0  98  1  56  2  67  3  77  4  39  5  59  6  3  7  69  8  6  9  44  10  94  11  17  12  63  13  3  14  24  15  13  16  52  17  38  18  63  19  5
  0  27  1  42  2  56  3  53  4  11  5  60  6  73  7  72  8  80  9  35  10  38  11  57  12  54  13  92  14  5  15  71  16  21  17  31  18  62  19  60
  0  41  1  92  2  87  3  5  4  27  5  56  6  67  7  38  8  50  9  81  10  72  11  84  12  55  13  67  14  39  15  3  16  78  17  29  18  9  19  22
  0  85  1  97  2  14  3  33  4  91  5  1  6  27  7  46  8  23  9  73  10  94  11  38  12  31  13  3  14  33  15  58  16  66  17  24  18  64  19  49
  0  80  1  99  2  1  3  15  4  16  5  63  6  17  7  41  8  82  9  12  10  76  11  42  12  53  13  58  14  84  15  91  16  16  17  2  18  90  19  79
  0  67  1  72  2  74  3  67  4  31  5  35  6  68  7  62  8  42  9  97  10  15  11  36  12  33  13  24  14  55  15  26  16  97  17  64  18  3  19  25
  0  35  1  55  2  43  3  44  4  89  5  32  6  62  7  91  8  50  9  92  10  5  11  6  12  60  13  61  14  4  15  43  16  58  17  71  18  36  19  10
  0  54  1  65  2  95  3  73  4  11  5  62  6  97  7  6  8  80  9  51  10  37  11  40  12  11  13  24  14  74  15  51  16  40  17  31  18  38  19  70
  0  29  1  36  2  31  3  16  4  3  5  18  6  12  7  94  8  95  9  11  10  77  11  99  12  42  13  11  14  61  15  16  16  32  17  86  18  39  19  99
  0  31  1  50  2  85  3  10  4  50  5  5  6  40  7  92  8  87  9  59  10  79  11  52  12  3  13  68  14  82  15  60  16  79  17  66  18  52  19  84
  0  90  1  75  2  37  3  41  4  83  5  13  6  42  7  3  8  27  9  43  10  43  11  12  12  7  13  32  14  41  15  84  16  57  17  5  18  9  19  4
  0  56  1  19  2  29  3  41  4  34  5  93  6  22  7  47  8  68  9  75  10  7  11  7  12  54  13  8  14  61  15  50  16  96  17  45  18  44  19  56
  0  42  1  47  2  25  3  6  4  53  5  13  6  25  7  52  8  98  9  50  10  53  11  31  12  6  13  6  14  8  15  26  16  2  17  89  18  64  19  42
  0  34  1  59  2  84  3  89  4  61  5  68  6  96  7  50  8  37  9  75  10  51  11  80  12  37  13  85  14  50  15  98  16  5  17  54  18  82  19  30
  0  8  1  87  2  45  3  27  4  39  5  12  6  12  7  76  8  95  9  99  10  79  11  68  12  31  13  77  14  19  15  92  16  50  17  40  18  91  19  72
  0  99  1  70  2  24  3  61  4  85  5  13  6  36  7  68  8  85  9  64  10  86  11  71  12  80  13  84  14  59  15  51  16  94  17  26  18  14  19  47
  0  23  1  41  2  83  3  7  4  3  5  33  6  70  7  9  8  24  9  26  10  97  11  56  12  21  13  88  14  96  15  71  16  75  17  56  18  54  19  50
  0  10  1  95  2  37  3  60  4  75  5  30  6  73  7  73  8  51  9  28  10  65  11  73  12  3  13  2  14  48  15  95  16  81  17  78  18  28  19  64
  0  49  1  48  2  66  3  50  4  72  5  85  6  85  7  61  8  8  9  13  10  24  11  37  12  77  13  44  14  59  15  14  16  18  17  31  18  62  19  68
  0  28  1  97  2  90  3  76  4  69  5  36  6  94  7  34  8  88  9  8  10  6  11  19  12  58  13  49  14  50  15  8  16  67  17  11  18  77  19  67
  0  98  1  48  2  19  3  79  4  80  5  54  6  6  7  81  8  95  9  15  10  9  11  20  12  81  13  7  14  94  15  57  16  71  17  73  18  97  19  74
  0  36  1  61  2  44  3  62  4  46  5  94  6  6  7  92  8  57  9  12  10  40  11  9  12  78  13  1  14  63  15  86  16  99  17  14  18  55  19  47
  0  61  1  33  2  90  3  21  4  9  5  24  6  55  7  99  8  69  9  10  10  80  11  30  12  22  13  26  14  11  15  20  16  71  17  67  18  88  19  75
TPM
  0  913  1  913  2  913  3  913  4  913  5  913  6  913  7  913  8  913  9  913  10  913  11  913  12  913  13  913  14  913  15  913  16  913  17  913  18  913  19  913
PMT
  0  33  1  28  2  17  3  86  4  91  5  78  6  32  7  25  8  4  9  56  10  15  11  27  12  30  13  52  14  91  15  70  16  44  17  14  18  30  19  73
  0  40  1  14  2  20  3  71  4  37  5  32  6  99  7  48  8  58  9  71  10  57  11  34  12  24  13  96  14  25  15  83  16  95  17  59  18  53  19  17
  0  51  1  61  2  16  3  68  4  83  5  62  6  96  7  75  8  61  9  35  10  49  11  28  12  73  13  23  14  45  15  26  16  56  17  57  18  30  19  39
  0  92  1  31  2  71  3  55  4  99  5  49  6  61  7  69  8  63  9  90  10  6  11  46  12  88  13  52  14  17  15  53  16  66  17  72  18  88  19  51
  0  75  1  41  2  24  3  96  4  74  5  46  6  35  7  80  8  49  9  22  10  51  11  13  12  28  13  90  14  92  15  32  16  67  17  13  18  98  19  90
  0  79  1  91  2  19  3  52  4  53  5  99  6  4  7  95  8  85  9  14  10  57  11  22  12  38  13  82  14  40  15  95  16  59  17  62  18  21  19  77
