200  10
  0  42  1  3  2  22  3  76  4  52  5  24  6  91  7  41  8  81  9  65
  0  52  1  10  2  8  3  24  4  6  5  37  6  24  7  2  8  80  9  29
  0  51  1  61  2  1  3  59  4  95  5  63  6  78  7  92  8  76  9  14
  0  36  1  72  2  47  3  66  4  12  5  12  6  49  7  53  8  6  9  95
  0  8  1  42  2  67  3  79  4  46  5  47  6  31  7  55  8  64  9  36
  0  56  1  3  2  30  3  12  4  28  5  53  6  68  7  64  8  8  9  45
  0  47  1  20  2  67  3  32  4  86  5  29  6  32  7  74  8  62  9  72
  0  7  1  47  2  65  3  86  4  77  5  12  6  27  7  20  8  6  9  54
  0  47  1  79  2  56  3  92  4  69  5  40  6  25  7  90  8  95  9  11
  0  62  1  35  2  25  3  77  4  6  5  73  6  72  7  88  8  63  9  7
  0  95  1  31  2  25  3  94  4  32  5  20  6  75  7  6  8  35  9  7
  0  44  1  32  2  51  3  62  4  22  5  44  6  75  7  17  8  24  9  57
  0  93  1  30  2  72  3  38  4  76  5  46  6  36  7  59  8  99  9  59
  0  57  1  5  2  7  3  67  4  39  5  62  6  15  7  27  8  74  9  64
  0  63  1  11  2  52  3  63  4  37  5  30  6  65  7  52  8  13  9  97
  0  99  1  66  2  13  3  15  4  84  5  30  6  72  7  25  8  38  9  27
  0  47  1  66  2  36  3  12  4  16  5  8  6  70  7  1  8  57  9  57
  0  7  1  88  2  13  3  75  4  33  5  99  6  51  7  41  8  67  9  62
  0  3  1  30  2  70  3  57  4  38  5  21  6  66  7  90  8  93  9  50
  0  88  1  91  2  75  3  53  4  90  5  28  6  97  7  68  8  88  9  87
  0  35  1  22  2  26  3  83  4  93  5  84  6  85  7  69  8  19  9  69
  0  81  1  74  2  25  3  48  4  4  5  94  6  86  7  68  8  7  9  99
  0  28  1  99  2  56  3  45  4  26  5  72  6  84  7  2  8  84  9  55
  0  6  1  27  2  56  3  2  4  6  5  54  6  20  7  56  8  2  9  76
  0  51  1  99  2  29  3  38  4  17  5  79  6  10  7  71  8  6  9  42
  0  15  1  37  2  70  3  88  4  9  5  54  6  28  7  93  8  49  9  34
  0  70  1  61  2  80  3  50  4  60  5  35  6  40  7  9  8  19  9  54
  0  71  1  2  2  39  3  36  4  3  5  54  6  73  7  35  8  45  9  8
  0  78  1  89  2  20  3  88  4  24  5  72  6  8  7  63  8  87  9  99
  0  88  1  76  2  3  3  70  4  18  5  13  6  22  7  28  8  43  9  56
  0  22  1  74  2  78  3  4  4  60  5  90  6  66  7  77  8  48  9  19
  0  12  1  47  2  21  3  24  4  71  5  38  6  2  7  43  8  9  9  94
  0  99  1  89  2  75  3  33  4  88  5  56  6  65  7  1  8  47  9  50
  0  50  1  7  2  69  3  57  4  2  5  15  6  72  7  94  8  53  9  11
  0  52  1  24  2  56  3  63  4  79  5  21  6  38  7  71  8  21  9  36
  0  63  1  43  2  37  3  72  4  53  5  60  6  92  7  77  8  20  9  23
  0  74  1  35  2  16  3  72  4  9  5  80  6  17  7  48  8  15  9  91
  0  66  1  11  2  53  3  29  4  70  5  54  6  35  7  22  8  11  9  76
  0  10  1  21  2  21  3  84  4  57  5  74  6  37  7  63  8  38  9  86
  0  19  1  17  2  77  3  80  4  15  5  67  6  95  7  59  8  92  9  89
  0  14  1  37  2  81  3  85  4  79  5  5  6  91  7  45  8  2  9  31
  0  1  1  42  2  3  3  11  4  22  5  70  6  3  7  34  8  10  9  3
  0  6  1  23  2  49  3  45  4  59  5  48  6  43  7  6  8  94  9  50
  0  94  1  3  2  75  3  3  4  41  5  94  6  13  7  12  8  4  9  87
  0  25  1  16  2  37  3  61  4  41  5  54  6  6  7  25  8  93  9  6
  0  26  1  88  2  32  3  15  4  41  5  98  6  59  7  63  8  16  9  6
  0  76  1  46  2  83  3  29  4  89  5  75  6  61  7  49  8  97  9  95
  0  35  1  59  2  83  3  11  4  71  5  25  6  76  7  41  8  5  9  54
  0  38  1  57  2  11  3  80  4  15  5  79  6  69  7  93  8  46  9  16
  0  70  1  85  2  21  3  83  4  15  5  84  6  27  7  54  8  26  9  12
  0  32  1  95  2  57  3  66  4  90  5  13  6  75  7  28  8  67  9  98
  0  47  1  38  2  24  3  69  4  60  5  93  6  8  7  25  8  56  9  74
  0  24  1  59  2  63  3  63  4  15  5  33  6  41  7  63  8  45  9  51
  0  91  1  94  2  75  3  38  4  90  5  40  6  89  7  80  8  41  9  65
  0  78  1  95  2  58  3  32  4  24  5  37  6  39  7  92  8  21  9  45
  0  68  1  9  2  29  3  12  4  69  5  62  6  52  7  7  8  7  9  35
  0  80  1  95  2  82  3  65  4  43  5  36  6  98  7  38  8  58  9  41
  0  79  1  35  2  83  3  37  4  56  5  71  6  90  7  71  8  82  9  92
  0  25  1  26  2  16  3  93  4  30  5  55  6  87  7  6  8  37  9  56
  0  56  1  46  2  54  3  29  4  95  5  41  6  7  7  96  8  91  9  44
  0  7  1  82  2  23  3  35  4  65  5  69  6  56  7  64  8  63  9  95
  0  97  1  63  2  47  3  42  4  57  5  52  6  29  7  35  8  35  9  17
  0  79  1  70  2  24  3  22  4  70  5  6  6  96  7  89  8  99  9  12
  0  24  1  70  2  79  3  57  4  24  5  66  6  13  7  76  8  67  9  98
  0  60  1  46  2  59  3  23  4  73  5  54  6  95  7  34  8  59  9  62
  0  49  1  22  2  96  3  79  4  45  5  59  6  16  7  97  8  23  9  31
  0  9  1  63  2  94  3  54  4  51  5  82  6  56  7  32  8  23  9  82
  0  94  1  37  2  85  3  77  4  17  5  43  6  45  7  17  8  76  9  15
  0  89  1  11  2  88  3  50  4  16  5  50  6  45  7  36  8  58  9  86
  0  80  1  38  2  83  3  25  4  49  5  60  6  30  7  41  8  12  9  33
  0  1  1  49  2  39  3  20  4  25  5  53  6  84  7  46  8  63  9  70
  0  93  1  96  2  19  3  18  4  31  5  29  6  71  7  91  8  48  9  6
  0  51  1  72  2  47  3  34  4  26  5  55  6  80  7  78  8  59  9  76
  0  6  1  76  2  59  3  78  4  95  5  61  6  46  7  54  8  51  9  7
  0  86  1  44  2  86  3  9  4  81  5  86  6  74  7  90  8  4  9  47
  0  72  1  96  2  29  3  65  4  69  5  93  6  1  7  5  8  22  9  28
  0  12  1  98  2  70  3  67  4  19  5  12  6  56  7  55  8  1  9  74
  0  74  1  50  2  32  3  57  4  38  5  8  6  41  7  83  8  39  9  67
  0  62  1  5  2  32  3  15  4  10  5  92  6  65  7  44  8  26  9  13
  0  55  1  50  2  94  3  80  4  60  5  16  6  8  7  27  8  7  9  72
  0  23  1  22  2  82  3  54  4  73  5  20  6  76  7  74  8  98  9  38
  0  64  1  92  2  7  3  87  4  35  5  44  6  92  7  94  8  24  9  62
  0  81  1  7  2  8  3  17  4  49  5  59  6  51  7  30  8  62  9  45
  0  30  1  56  2  29  3  19  4  72  5  47  6  42  7  27  8  77  9  19
  0  84  1  45  2  9  3  2  4  99  5  58  6  86  7  42  8  63  9  24
  0  4  1  78  2  2  3  3  4  51  5  26  6  47  7  37  8  35  9  22
  0  28  1  23  2  1  3  31  4  20  5  2  6  14  7  10  8  28  9  66
  0  58  1  76  2  62  3  63  4  53  5  33  6  15  7  20  8  86  9  45
  0  85  1  50  2  32  3  74  4  81  5  8  6  4  7  99  8  94  9  79
  0  30  1  4  2  55  3  57  4  93  5  94  6  77  7  21  8  45  9  74
  0  80  1  14  2  86  3  8  4  29  5  15  6  97  7  24  8  34  9  14
  0  29  1  66  2  10  3  56  4  10  5  81  6  71  7  17  8  26  9  88
  0  30  1  16  2  69  3  91  4  4  5  84  6  74  7  23  8  67  9  39
  0  75  1  25  2  2  3  33  4  71  5  2  6  16  7  87  8  62  9  15
  0  45  1  22  2  5  3  93  4  68  5  36  6  5  7  86  8  82  9  13
  0  26  1  69  2  24  3  39  4  10  5  99  6  41  7  80  8  7  9  68
  0  37  1  37  2  85  3  95  4  58  5  77  6  67  7  73  8  84  9  30
  0  87  1  47  2  44  3  61  4  98  5  92  6  73  7  3  8  56  9  23
  0  79  1  69  2  59  3  46  4  81  5  8  6  27  7  46  8  43  9  57
  0  49  1  60  2  19  3  6  4  24  5  73  6  68  7  90  8  76  9  65
  0  30  1  58  2  36  3  66  4  36  5  93  6  92  7  6  8  25  9  78
  0  76  1  79  2  88  3  50  4  22  5  48  6  38  7  44  8  18  9  51
  0  92  1  70  2  54  3  2  4  25  5  53  6  11  7  96  8  13  9  4
  0  44  1  45  2  81  3  51  4  88  5  15  6  32  7  14  8  63  9  51
  0  2  1  4  2  44  3  94  4  93  5  5  6  58  7  32  8  65  9  32
  0  97  1  33  2  81  3  11  4  72  5  77  6  53  7  97  8  37  9  55
  0  28  1  38  2  62  3  7  4  99  5  50  6  46  7  40  8  52  9  60
  0  80  1  24  2  66  3  31  4  10  5  60  6  33  7  73  8  57  9  79
  0  63  1  23  2  5  3  17  4  7  5  10  6  47  7  43  8  82  9  75
  0  63  1  89  2  8  3  3  4  67  5  71  6  77  7  64  8  32  9  89
  0  25  1  8  2  13  3  94  4  66  5  25  6  95  7  17  8  6  9  86
  0  54  1  3  2  69  3  31  4  95  5  24  6  76  7  39  8  17  9  36
  0  75  1  35  2  21  3  94  4  4  5  96  6  41  7  88  8  43  9  64
  0  87  1  15  2  85  3  72  4  21  5  14  6  29  7  68  8  91  9  58
  0  69  1  62  2  28  3  35  4  50  5  33  6  48  7  81  8  4  9  7
  0  18  1  65  2  77  3  39  4  12  5  14  6  28  7  9  8  12  9  31
  0  56  1  83  2  76  3  64  4  76  5  8  6  62  7  5  8  66  9  55
  0  59  1  32  2  36  3  8  4  5  5  41  6  8  7  72  8  59  9  16
  0  13  1  61  2  80  3  21  4  15  5  64  6  6  7  43  8  46  9  15
  0  52  1  1  2  8  3  22  4  81  5  92  6  50  7  7  8  91  9  69
  0  73  1  94  2  32  3  32  4  78  5  20  6  53  7  10  8  75  9  54
  0  49  1  55  2  31  3  90  4  28  5  66  6  99  7  2  8  47  9  30
  0  86  1  82  2  78  3  25  4  23  5  43  6  6  7  54  8  64  9  2
  0  54  1  85  2  25  3  10  4  10  5  9  6  27  7  83  8  89  9  55
  0  20  1  49  2  55  3  30  4  98  5  22  6  83  7  44  8  25  9  57
  0  46  1  74  2  30  3  65  4  56  5  57  6  61  7  73  8  73  9  3
  0  86  1  64  2  95  3  7  4  83  5  37  6  67  7  61  8  67  9  74
  0  75  1  23  2  40  3  91  4  36  5  71  6  59  7  20  8  61  9  70
  0  67  1  48  2  87  3  27  4  20  5  8  6  92  7  78  8  12  9  5
  0  28  1  98  2  90  3  3  4  54  5  65  6  89  7  28  8  45  9  42
  0  46  1  56  2  17  3  78  4  68  5  79  6  70  7  13  8  67  9  90
  0  73  1  41  2  84  3  8  4  22  5  88  6  54  7  44  8  43  9  96
  0  99  1  93  2  34  3  97  4  59  5  68  6  63  7  68  8  70  9  48
  0  58  1  52  2  66  3  81  4  65  5  20  6  69  7  76  8  59  9  88
  0  84  1  76  2  27  3  26  4  21  5  84  6  75  7  15  8  90  9  96
  0  5  1  44  2  79  3  57  4  75  5  63  6  82  7  49  8  52  9  99
  0  34  1  75  2  89  3  49  4  87  5  91  6  18  7  68  8  41  9  7
  0  21  1  36  2  80  3  62  4  24  5  72  6  99  7  39  8  39  9  11
  0  43  1  76  2  24  3  82  4  42  5  80  6  58  7  56  8  59  9  72
  0  46  1  21  2  70  3  4  4  92  5  37  6  30  7  18  8  17  9  71
  0  15  1  62  2  95  3  93  4  30  5  67  6  61  7  6  8  28  9  47
  0  77  1  34  2  84  3  82  4  89  5  98  6  8  7  10  8  7  9  39
  0  93  1  5  2  65  3  68  4  54  5  41  6  91  7  74  8  70  9  80
  0  49  1  6  2  53  3  97  4  45  5  98  6  19  7  55  8  31  9  25
  0  97  1  96  2  26  3  91  4  46  5  7  6  37  7  6  8  33  9  58
  0  67  1  79  2  1  3  50  4  24  5  56  6  43  7  7  8  81  9  70
  0  41  1  88  2  48  3  73  4  53  5  31  6  49  7  92  8  39  9  24
  0  22  1  8  2  80  3  91  4  87  5  44  6  16  7  27  8  47  9  43
  0  5  1  1  2  5  3  42  4  2  5  56  6  33  7  75  8  75  9  39
  0  25  1  86  2  36  3  40  4  91  5  1  6  42  7  45  8  8  9  20
  0  92  1  15  2  17  3  8  4  33  5  50  6  39  7  4  8  39  9  10
  0  46  1  77  2  44  3  76  4  7  5  96  6  25  7  4  8  99  9  92
  0  73  1  85  2  59  3  34  4  4  5  23  6  4  7  44  8  84  9  86
  0  44  1  22  2  86  3  4  4  94  5  55  6  94  7  4  8  23  9  34
  0  20  1  14  2  4  3  4  4  3  5  90  6  77  7  13  8  8  9  17
  0  23  1  51  2  43  3  10  4  88  5  78  6  54  7  12  8  52  9  84
  0  72  1  67  2  98  3  47  4  36  5  10  6  29  7  57  8  85  9  97
  0  56  1  49  2  20  3  82  4  38  5  39  6  68  7  10  8  46  9  61
  0  96  1  57  2  1  3  71  4  73  5  90  6  88  7  34  8  50  9  73
  0  52  1  31  2  35  3  61  4  33  5  41  6  66  7  88  8  89  9  97
  0  12  1  90  2  26  3  16  4  59  5  53  6  9  7  32  8  58  9  66
  0  59  1  16  2  41  3  26  4  25  5  49  6  33  7  19  8  6  9  69
  0  17  1  61  2  62  3  16  4  32  5  8  6  31  7  52  8  8  9  35
  0  39  1  36  2  59  3  58  4  85  5  52  6  14  7  47  8  25  9  53
  0  26  1  56  2  82  3  50  4  5  5  63  6  82  7  59  8  76  9  99
  0  55  1  3  2  35  3  19  4  88  5  2  6  56  7  10  8  93  9  32
  0  99  1  84  2  40  3  8  4  99  5  86  6  62  7  28  8  21  9  80
  0  38  1  4  2  54  3  39  4  6  5  41  6  54  7  47  8  55  9  50
  0  41  1  54  2  25  3  3  4  43  5  79  6  79  7  76  8  35  9  33
  0  45  1  33  2  90  3  11  4  45  5  28  6  83  7  78  8  54  9  63
  0  71  1  52  2  46  3  10  4  62  5  40  6  36  7  67  8  66  9  95
  0  22  1  49  2  45  3  16  4  71  5  93  6  39  7  64  8  30  9  54
  0  25  1  11  2  27  3  7  4  35  5  25  6  7  7  84  8  49  9  50
  0  27  1  31  2  16  3  55  4  92  5  22  6  98  7  46  8  3  9  7
  0  24  1  66  2  54  3  58  4  91  5  33  6  21  7  48  8  76  9  83
  0  83  1  75  2  19  3  38  4  5  5  10  6  95  7  79  8  69  9  44
  0  13  1  30  2  19  3  55  4  64  5  69  6  64  7  21  8  46  9  11
  0  52  1  40  2  20  3  56  4  22  5  57  6  64  7  66  8  72  9  90
  0  68  1  37  2  23  3  7  4  40  5  72  6  60  7  97  8  42  9  65
  0  73  1  49  2  76  3  63  4  37  5  13  6  83  7  63  8  95  9  13
  0  22  1  50  2  56  3  51  4  53  5  98  6  88  7  3  8  31  9  92
  0  91  1  98  2  84  3  15  4  81  5  44  6  48  7  38  8  99  9  30
  0  54  1  13  2  57  3  21  4  25  5  9  6  59  7  31  8  95  9  95
  0  65  1  28  2  74  3  43  4  2  5  22  6  31  7  70  8  13  9  26
  0  43  1  2  2  19  3  98  4  53  5  92  6  35  7  6  8  30  9  23
  0  46  1  65  2  19  3  88  4  51  5  53  6  25  7  37  8  34  9  87
  0  83  1  15  2  98  3  26  4  83  5  35  6  1  7  40  8  69  9  82
  0  49  1  38  2  34  3  98  4  61  5  71  6  61  7  39  8  6  9  40
  0  11  1  78  2  44  3  65  4  28  5  3  6  82  7  19  8  26  9  35
  0  79  1  13  2  86  3  55  4  64  5  93  6  64  7  35  8  80  9  91
  0  90  1  88  2  47  3  24  4  18  5  1  6  98  7  49  8  50  9  9
  0  61  1  21  2  44  3  19  4  59  5  93  6  84  7  2  8  74  9  67
  0  60  1  3  2  85  3  89  4  4  5  44  6  77  7  40  8  64  9  15
  0  93  1  64  2  26  3  79  4  51  5  44  6  96  7  41  8  78  9  13
  0  24  1  48  2  13  3  47  4  21  5  25  6  77  7  13  8  97  9  71
  0  42  1  24  2  43  3  55  4  10  5  52  6  88  7  94  8  97  9  7
  0  62  1  12  2  9  3  50  4  14  5  86  6  3  7  40  8  50  9  65
  0  22  1  97  2  40  3  89  4  19  5  47  6  60  7  40  8  4  9  90
  0  86  1  36  2  1  3  90  4  73  5  20  6  83  7  84  8  56  9  12
  0  32  1  56  2  72  3  25  4  18  5  40  6  99  7  78  8  37  9  27
TPM
  0  1786  1  1786  2  1786  3  1786  4  1786  5  1786  6  1786  7  1786  8  1786  9  1786
PMT
  0  65  1  52  2  25  3  133  4  25  5  86  6  124  7  109  8  25  9  107
  0  95  1  140  2  112  3  91  4  87  5  70  6  48  7  60  8  10  9  35
  0  113  1  129  2  44  3  121  4  57  5  31  6  47  7  41  8  59  9  97
  0  125  1  141  2  35  3  35  4  37  5  38  6  42  7  95  8  80  9  7
  0  115  1  137  2  7  3  137  4  144  5  73  6  26  7  71  8  123  9  107
  0  71  1  85  2  116  3  3  4  129  5  149  6  59  7  41  8  122  9  11
  0  141  1  139  2  105  3  20  4  32  5  29  6  112  7  142  8  11  9  14
  0  36  1  74  2  93  3  55  4  139  5  83  6  138  7  63  8  116  9  36
  0  106  1  129  2  71  3  39  4  71  5  43  6  68  7  85  8  129  9  57
  0  30  1  113  2  51  3  74  4  27  5  42  6  74  7  39  8  102  9  59
  0  67  1  126  2  50  3  59  4  34  5  8  6  23  7  85  8  17  9  33
  0  49  1  127  2  42  3  100  4  27  5  32  6  46  7  39  8  138  9  34
