20  20
  0  12  1  29  2  18  3  38  4  57  5  92  6  60  7  73  8  27  9  26  10  87  11  76  12  18  13  34  14  39  15  29  16  87  17  67  18  24  19  11
  0  51  1  14  2  22  3  39  4  88  5  54  6  16  7  28  8  15  9  31  10  50  11  26  12  92  13  42  14  88  15  80  16  99  17  79  18  91  19  14
  0  68  1  57  2  72  3  33  4  62  5  13  6  70  7  98  8  66  9  66  10  57  11  15  12  89  13  70  14  85  15  35  16  25  17  1  18  19  19  79
  0  96  1  51  2  12  3  20  4  5  5  42  6  36  7  69  8  48  9  56  10  70  11  87  12  60  13  61  14  83  15  89  16  25  17  77  18  97  19  10
  0  34  1  10  2  8  3  81  4  7  5  44  6  80  7  1  8  89  9  74  10  81  11  13  12  96  13  30  14  80  15  29  16  72  17  86  18  47  19  62
  0  73  1  14  2  38  3  38  4  5  5  78  6  31  7  21  8  71  9  95  10  57  11  69  12  7  13  14  14  45  15  92  16  1  17  70  18  70  19  93
  0  50  1  54  2  72  3  4  4  86  5  55  6  89  7  49  8  53  9  98  10  24  11  17  12  53  13  81  14  31  15  84  16  86  17  70  18  89  19  56
  0  27  1  27  2  26  3  9  4  32  5  59  6  58  7  33  8  78  9  24  10  14  11  46  12  59  13  28  14  28  15  80  16  93  17  7  18  15  19  1
  0  36  1  66  2  92  3  92  4  74  5  27  6  79  7  23  8  71  9  6  10  11  11  73  12  73  13  18  14  28  15  86  16  93  17  90  18  58  19  87
  0  57  1  18  2  65  3  66  4  49  5  2  6  58  7  23  8  5  9  50  10  78  11  29  12  44  13  41  14  95  15  50  16  31  17  60  18  12  19  25
  0  10  1  73  2  11  3  2  4  50  5  6  6  35  7  87  8  3  9  16  10  72  11  44  12  58  13  5  14  75  15  40  16  35  17  91  18  41  19  62
  0  62  1  42  2  47  3  9  4  33  5  39  6  1  7  54  8  26  9  27  10  50  11  40  12  34  13  73  14  79  15  26  16  54  17  15  18  59  19  25
  0  9  1  8  2  53  3  89  4  14  5  76  6  87  7  31  8  17  9  32  10  26  11  81  12  68  13  26  14  33  15  41  16  91  17  38  18  90  19  68
  0  66  1  14  2  12  3  93  4  59  5  19  6  75  7  77  8  43  9  61  10  62  11  36  12  90  13  4  14  71  15  16  16  60  17  62  18  42  19  76
  0  76  1  67  2  33  3  14  4  82  5  38  6  95  7  51  8  40  9  83  10  73  11  58  12  72  13  46  14  10  15  88  16  84  17  38  18  30  19  41
  0  28  1  47  2  50  3  86  4  61  5  4  6  16  7  15  8  46  9  34  10  75  11  93  12  77  13  59  14  50  15  47  16  22  17  99  18  37  19  93
  0  34  1  81  2  73  3  91  4  67  5  86  6  52  7  3  8  90  9  74  10  41  11  55  12  80  13  66  14  72  15  68  16  65  17  71  18  98  19  78
  0  25  1  97  2  19  3  72  4  69  5  82  6  38  7  18  8  60  9  25  10  5  11  47  12  59  13  6  14  38  15  38  16  85  17  39  18  43  19  91
  0  40  1  84  2  79  3  8  4  29  5  99  6  26  7  98  8  82  9  38  10  51  11  3  12  59  13  3  14  97  15  82  16  79  17  26  18  28  19  15
  0  32  1  13  2  94  3  19  4  36  5  89  6  33  7  67  8  68  9  47  10  80  11  87  12  80  13  39  14  85  15  38  16  61  17  19  18  52  19  23
TPM
  0  678  1  678  2  678  3  678  4  678  5  678  6  678  7  678  8  678  9  678  10  678  11  678  12  678  13  678  14  678  15  678  16  678  17  678  18  678  19  678
PMT
  0  33  1  140  2  39  3  125  4  27  5  54  6  50  7  103  8  35  9  135  10  29  11  118  12  40  13  82  14  67  15  62  16  24  17  53  18  68  19  79
  0  95  1  134  2  89  3  146  4  63  5  32  6  106  7  56  8  32  9  123  10  57  11  18  12  44  13  146  14  141  15  30  16  118  17  35  18  65  19  79
  0  143  1  140  2  125  3  4  4  139  5  46  6  59  7  111  8  126  9  9  10  125  11  101  12  41  13  134  14  103  15  13  16  53  17  48  18  23  19  73
