20  20
  0  36  1  58  2  83  3  4  4  5  5  44  6  96  7  6  8  65  9  58  10  55  11  69  12  74  13  39  14  37  15  83  16  64  17  12  18  61  19  5
  0  62  1  3  2  66  3  85  4  65  5  19  6  74  7  7  8  40  9  77  10  66  11  78  12  65  13  27  14  53  15  86  16  34  17  91  18  4  19  16
  0  82  1  22  2  1  3  61  4  18  5  52  6  96  7  9  8  46  9  74  10  8  11  61  12  44  13  96  14  77  15  16  16  16  17  45  18  75  19  47
  0  11  1  5  2  31  3  31  4  36  5  47  6  16  7  23  8  47  9  56  10  11  11  78  12  19  13  62  14  39  15  64  16  41  17  55  18  41  19  20
  0  60  1  14  2  20  3  48  4  95  5  3  6  98  7  60  8  80  9  93  10  45  11  90  12  11  13  34  14  76  15  64  16  7  17  54  18  40  19  87
  0  9  1  4  2  28  3  77  4  80  5  45  6  81  7  69  8  75  9  35  10  90  11  57  12  94  13  11  14  88  15  56  16  45  17  15  18  96  19  2
  0  68  1  50  2  90  3  14  4  12  5  56  6  57  7  93  8  45  9  25  10  88  11  32  12  67  13  13  14  33  15  48  16  29  17  22  18  84  19  90
  0  83  1  43  2  87  3  62  4  47  5  84  6  97  7  48  8  11  9  45  10  13  11  75  12  48  13  87  14  65  15  21  16  16  17  32  18  50  19  38
  0  28  1  71  2  20  3  85  4  53  5  73  6  78  7  76  8  86  9  37  10  47  11  70  12  60  13  93  14  91  15  77  16  21  17  94  18  29  19  67
  0  86  1  17  2  57  3  70  4  44  5  67  6  68  7  42  8  62  9  80  10  51  11  15  12  36  13  47  14  86  15  53  16  81  17  94  18  81  19  1
  0  31  1  22  2  16  3  75  4  33  5  66  6  84  7  50  8  28  9  39  10  59  11  32  12  55  13  70  14  9  15  25  16  38  17  40  18  42  19  33
  0  19  1  89  2  77  3  46  4  62  5  46  6  39  7  17  8  47  9  96  10  35  11  12  12  1  13  96  14  82  15  1  16  65  17  3  18  68  19  25
  0  88  1  53  2  59  3  37  4  79  5  57  6  19  7  30  8  71  9  47  10  77  11  76  12  89  13  8  14  65  15  54  16  5  17  97  18  20  19  35
  0  30  1  13  2  97  3  49  4  88  5  72  6  84  7  68  8  48  9  10  10  65  11  50  12  30  13  14  14  96  15  55  16  4  17  44  18  9  19  28
  0  42  1  19  2  7  3  83  4  8  5  50  6  72  7  62  8  70  9  73  10  69  11  42  12  93  13  93  14  3  15  8  16  47  17  46  18  4  19  26
  0  11  1  59  2  18  3  75  4  87  5  35  6  33  7  33  8  57  9  12  10  69  11  12  12  8  13  71  14  12  15  88  16  44  17  94  18  76  19  95
  0  72  1  82  2  22  3  51  4  81  5  99  6  50  7  32  8  87  9  8  10  66  11  47  12  11  13  86  14  88  15  52  16  6  17  71  18  26  19  96
  0  52  1  54  2  62  3  27  4  79  5  14  6  16  7  54  8  97  9  82  10  75  11  81  12  34  13  73  14  9  15  48  16  23  17  10  18  12  19  16
  0  76  1  33  2  45  3  34  4  41  5  89  6  60  7  32  8  35  9  17  10  28  11  47  12  82  13  82  14  19  15  70  16  32  17  42  18  90  19  71
  0  3  1  20  2  86  3  49  4  85  5  34  6  54  7  99  8  27  9  15  10  30  11  10  12  40  13  89  14  60  15  13  16  28  17  32  18  36  19  71
TPM
  0  530  1  530  2  530  3  530  4  530  5  530  6  530  7  530  8  530  9  530  10  530  11  530  12  530  13  530  14  530  15  530  16  530  17  530  18  530  19  530
PMT
  0  42  1  3  2  109  3  78  4  31  5  22  6  53  7  113  8  116  9  53  10  64  11  68  12  31  13  96  14  61  15  34  16  79  17  112  18  98  19  56
  0  110  1  22  2  22  3  13  4  76  5  38  6  90  7  49  8  35  9  52  10  51  11  31  12  85  13  123  14  59  15  120  16  50  17  121  18  6  19  110
  0  64  1  110  2  73  3  58  4  81  5  111  6  28  7  60  8  19  9  10  10  124  11  5  12  103  13  49  14  70  15  87  16  103  17  2  18  114  19  115
  0  40  1  11  2  22  3  61  4  19  5  22  6  59  7  101  8  86  9  90  10  60  11  18  12  64  13  56  14  24  15  21  16  69  17  67  18  105  19  55
