500  10
  0  18  1  70  2  90  3  59  4  43  5  55  6  54  7  68  8  87  9  30
  0  4  1  43  2  53  3  88  4  98  5  44  6  23  7  23  8  53  9  36
  0  63  1  33  2  93  3  19  4  87  5  36  6  44  7  95  8  20  9  94
  0  47  1  39  2  48  3  41  4  69  5  30  6  42  7  94  8  31  9  81
  0  78  1  77  2  68  3  71  4  19  5  78  6  19  7  32  8  5  9  33
  0  85  1  95  2  74  3  5  4  22  5  81  6  27  7  93  8  41  9  61
  0  75  1  11  2  41  3  62  4  75  5  79  6  6  7  80  8  6  9  67
  0  16  1  12  2  44  3  59  4  80  5  31  6  87  7  9  8  83  9  70
  0  63  1  50  2  86  3  86  4  69  5  45  6  48  7  6  8  35  9  94
  0  54  1  89  2  62  3  57  4  49  5  71  6  30  7  24  8  29  9  45
  0  37  1  73  2  39  3  1  4  33  5  93  6  71  7  56  8  69  9  26
  0  68  1  21  2  46  3  9  4  73  5  82  6  57  7  87  8  79  9  12
  0  52  1  31  2  76  3  32  4  75  5  90  6  95  7  84  8  30  9  58
  0  93  1  89  2  2  3  32  4  33  5  97  6  28  7  93  8  45  9  65
  0  91  1  49  2  99  3  5  4  93  5  91  6  90  7  89  8  11  9  86
  0  23  1  29  2  59  3  88  4  76  5  24  6  21  7  40  8  59  9  74
  0  85  1  12  2  84  3  12  4  31  5  81  6  31  7  60  8  55  9  69
  0  86  1  59  2  94  3  65  4  56  5  99  6  34  7  25  8  9  9  50
  0  67  1  17  2  89  3  93  4  75  5  49  6  1  7  81  8  23  9  4
  0  68  1  72  2  91  3  58  4  8  5  43  6  20  7  82  8  70  9  53
  0  76  1  25  2  53  3  21  4  33  5  33  6  66  7  40  8  82  9  79
  0  25  1  35  2  30  3  73  4  89  5  50  6  57  7  89  8  72  9  5
  0  16  1  49  2  4  3  70  4  37  5  17  6  1  7  48  8  26  9  14
  0  87  1  50  2  95  3  59  4  80  5  17  6  73  7  82  8  13  9  22
  0  46  1  74  2  62  3  50  4  62  5  71  6  36  7  49  8  2  9  82
  0  88  1  75  2  52  3  17  4  97  5  14  6  95  7  53  8  23  9  24
  0  71  1  76  2  21  3  32  4  53  5  67  6  82  7  95  8  98  9  11
  0  27  1  94  2  19  3  70  4  71  5  35  6  95  7  44  8  44  9  50
  0  45  1  95  2  26  3  59  4  94  5  14  6  32  7  10  8  33  9  77
  0  65  1  1  2  43  3  90  4  11  5  86  6  30  7  41  8  47  9  88
  0  6  1  87  2  94  3  69  4  86  5  76  6  29  7  60  8  22  9  50
  0  29  1  23  2  63  3  91  4  37  5  6  6  22  7  22  8  43  9  21
  0  2  1  44  2  42  3  40  4  91  5  97  6  98  7  11  8  46  9  64
  0  40  1  11  2  5  3  54  4  50  5  13  6  21  7  45  8  38  9  29
  0  1  1  64  2  9  3  41  4  69  5  28  6  49  7  44  8  27  9  89
  0  19  1  67  2  45  3  55  4  93  5  39  6  32  7  58  8  29  9  9
  0  59  1  18  2  2  3  59  4  20  5  19  6  81  7  48  8  84  9  75
  0  28  1  79  2  51  3  82  4  3  5  87  6  18  7  59  8  69  9  89
  0  16  1  37  2  94  3  29  4  95  5  56  6  89  7  24  8  44  9  54
  0  45  1  92  2  68  3  79  4  53  5  15  6  90  7  63  8  29  9  60
  0  29  1  11  2  56  3  79  4  62  5  22  6  31  7  54  8  99  9  34
  0  78  1  37  2  9  3  56  4  63  5  42  6  72  7  39  8  25  9  57
  0  68  1  86  2  93  3  82  4  9  5  19  6  87  7  41  8  68  9  37
  0  81  1  89  2  93  3  41  4  6  5  34  6  81  7  19  8  16  9  39
  0  46  1  95  2  35  3  67  4  41  5  6  6  64  7  2  8  85  9  40
  0  19  1  32  2  14  3  78  4  24  5  6  6  57  7  5  8  77  9  82
  0  21  1  61  2  82  3  33  4  9  5  99  6  85  7  76  8  23  9  31
  0  81  1  49  2  29  3  85  4  73  5  42  6  62  7  18  8  91  9  59
  0  36  1  41  2  22  3  74  4  50  5  71  6  84  7  97  8  29  9  97
  0  71  1  67  2  28  3  27  4  25  5  48  6  93  7  66  8  32  9  76
  0  66  1  37  2  54  3  99  4  56  5  37  6  6  7  8  8  33  9  93
  0  88  1  26  2  9  3  70  4  6  5  46  6  14  7  29  8  28  9  1
  0  77  1  56  2  92  3  10  4  85  5  96  6  54  7  48  8  53  9  66
  0  8  1  33  2  52  3  33  4  58  5  11  6  77  7  80  8  20  9  89
  0  32  1  5  2  53  3  68  4  83  5  99  6  73  7  38  8  2  9  34
  0  5  1  68  2  96  3  32  4  44  5  1  6  2  7  1  8  68  9  5
  0  86  1  70  2  3  3  81  4  87  5  38  6  25  7  14  8  79  9  42
  0  81  1  1  2  49  3  93  4  31  5  12  6  25  7  47  8  52  9  74
  0  79  1  89  2  70  3  58  4  17  5  74  6  3  7  20  8  98  9  43
  0  14  1  48  2  77  3  93  4  31  5  87  6  41  7  89  8  82  9  47
  0  89  1  41  2  30  3  33  4  89  5  73  6  23  7  42  8  87  9  77
  0  94  1  15  2  72  3  19  4  81  5  36  6  11  7  25  8  24  9  26
  0  16  1  94  2  91  3  65  4  3  5  96  6  36  7  50  8  49  9  49
  0  63  1  55  2  73  3  94  4  84  5  63  6  72  7  25  8  78  9  99
  0  18  1  97  2  82  3  49  4  72  5  66  6  93  7  78  8  88  9  25
  0  39  1  61  2  2  3  99  4  53  5  3  6  24  7  87  8  87  9  3
  0  10  1  92  2  1  3  91  4  35  5  14  6  39  7  51  8  31  9  2
  0  99  1  82  2  47  3  61  4  24  5  2  6  36  7  97  8  67  9  65
  0  98  1  6  2  53  3  52  4  23  5  70  6  3  7  61  8  94  9  16
  0  79  1  10  2  83  3  22  4  29  5  19  6  19  7  6  8  63  9  38
  0  13  1  28  2  42  3  48  4  98  5  69  6  51  7  28  8  80  9  94
  0  62  1  89  2  30  3  98  4  53  5  7  6  58  7  90  8  92  9  4
  0  57  1  80  2  35  3  68  4  98  5  55  6  84  7  5  8  8  9  71
  0  7  1  48  2  78  3  95  4  11  5  12  6  83  7  65  8  25  9  18
  0  91  1  65  2  41  3  47  4  10  5  28  6  98  7  16  8  1  9  14
  0  31  1  48  2  42  3  22  4  3  5  11  6  44  7  33  8  6  9  26
  0  23  1  9  2  92  3  90  4  3  5  70  6  61  7  46  8  2  9  40
  0  33  1  93  2  15  3  32  4  67  5  44  6  5  7  13  8  28  9  54
  0  57  1  64  2  74  3  70  4  70  5  28  6  57  7  97  8  76  9  16
  0  31  1  68  2  27  3  11  4  20  5  55  6  75  7  85  8  4  9  81
  0  43  1  27  2  87  3  9  4  63  5  42  6  7  7  95  8  21  9  69
  0  53  1  77  2  50  3  36  4  34  5  6  6  49  7  32  8  99  9  28
  0  13  1  85  2  3  3  24  4  19  5  65  6  68  7  14  8  1  9  46
  0  97  1  6  2  87  3  8  4  29  5  51  6  12  7  61  8  24  9  21
  0  2  1  7  2  65  3  27  4  15  5  93  6  68  7  46  8  78  9  12
  0  60  1  30  2  36  3  41  4  62  5  92  6  38  7  54  8  89  9  24
  0  95  1  26  2  55  3  65  4  2  5  9  6  24  7  43  8  99  9  74
  0  89  1  51  2  32  3  33  4  32  5  23  6  1  7  73  8  91  9  41
  0  44  1  91  2  92  3  64  4  93  5  5  6  54  7  83  8  62  9  57
  0  16  1  23  2  90  3  71  4  38  5  63  6  41  7  99  8  66  9  35
  0  33  1  89  2  73  3  22  4  33  5  48  6  95  7  72  8  70  9  78
  0  67  1  98  2  23  3  39  4  77  5  27  6  96  7  19  8  25  9  11
  0  10  1  49  2  52  3  34  4  33  5  96  6  63  7  62  8  53  9  98
  0  75  1  16  2  76  3  33  4  45  5  78  6  68  7  48  8  78  9  62
  0  3  1  86  2  12  3  84  4  80  5  69  6  25  7  45  8  19  9  44
  0  21  1  1  2  36  3  96  4  82  5  61  6  80  7  88  8  95  9  80
  0  72  1  65  2  96  3  3  4  64  5  51  6  79  7  74  8  38  9  26
  0  74  1  63  2  88  3  42  4  90  5  21  6  70  7  41  8  67  9  79
  0  98  1  63  2  90  3  83  4  37  5  66  6  66  7  91  8  9  9  3
  0  54  1  96  2  23  3  9  4  5  5  47  6  91  7  13  8  51  9  68
  0  81  1  68  2  59  3  30  4  34  5  62  6  24  7  90  8  37  9  59
  0  67  1  22  2  41  3  78  4  84  5  97  6  46  7  18  8  41  9  94
  0  5  1  66  2  8  3  46  4  17  5  80  6  96  7  35  8  19  9  5
  0  35  1  31  2  78  3  57  4  80  5  98  6  58  7  33  8  81  9  32
  0  12  1  74  2  12  3  99  4  12  5  14  6  56  7  91  8  38  9  5
  0  20  1  24  2  70  3  74  4  78  5  20  6  57  7  78  8  99  9  82
  0  69  1  34  2  10  3  36  4  47  5  71  6  66  7  87  8  96  9  12
  0  85  1  42  2  18  3  81  4  15  5  70  6  43  7  12  8  57  9  21
  0  26  1  78  2  91  3  15  4  21  5  95  6  37  7  69  8  34  9  44
  0  67  1  40  2  32  3  31  4  54  5  69  6  43  7  82  8  19  9  1
  0  95  1  25  2  9  3  75  4  64  5  20  6  19  7  26  8  29  9  36
  0  43  1  46  2  59  3  85  4  23  5  85  6  87  7  66  8  9  9  5
  0  29  1  68  2  76  3  90  4  59  5  44  6  49  7  22  8  64  9  60
  0  18  1  21  2  18  3  71  4  76  5  44  6  52  7  77  8  88  9  90
  0  29  1  69  2  70  3  41  4  30  5  66  6  56  7  38  8  13  9  95
  0  70  1  89  2  10  3  83  4  35  5  50  6  66  7  41  8  76  9  92
  0  46  1  68  2  19  3  17  4  40  5  18  6  65  7  18  8  69  9  85
  0  21  1  22  2  67  3  18  4  98  5  81  6  68  7  56  8  11  9  56
  0  56  1  59  2  47  3  51  4  35  5  68  6  73  7  66  8  35  9  12
  0  22  1  89  2  61  3  64  4  55  5  39  6  51  7  3  8  4  9  26
  0  93  1  19  2  34  3  11  4  30  5  5  6  85  7  54  8  42  9  88
  0  83  1  7  2  89  3  7  4  20  5  68  6  53  7  47  8  51  9  22
  0  9  1  66  2  70  3  28  4  25  5  5  6  35  7  21  8  55  9  34
  0  71  1  54  2  91  3  2  4  75  5  77  6  69  7  74  8  93  9  54
  0  60  1  89  2  46  3  40  4  97  5  57  6  18  7  83  8  98  9  89
  0  53  1  31  2  95  3  33  4  8  5  31  6  87  7  37  8  45  9  79
  0  71  1  90  2  98  3  45  4  20  5  98  6  20  7  79  8  1  9  92
  0  85  1  83  2  69  3  80  4  47  5  87  6  83  7  98  8  23  9  92
  0  99  1  11  2  92  3  39  4  69  5  64  6  23  7  29  8  42  9  8
  0  47  1  11  2  32  3  22  4  68  5  2  6  24  7  25  8  66  9  6
  0  4  1  44  2  26  3  50  4  55  5  80  6  13  7  65  8  58  9  90
  0  70  1  51  2  68  3  71  4  6  5  27  6  65  7  30  8  8  9  60
  0  18  1  56  2  79  3  99  4  83  5  47  6  16  7  82  8  37  9  36
  0  42  1  75  2  22  3  36  4  81  5  73  6  42  7  3  8  45  9  71
  0  53  1  62  2  43  3  73  4  9  5  75  6  60  7  8  8  85  9  20
  0  53  1  71  2  86  3  19  4  59  5  10  6  85  7  56  8  27  9  5
  0  81  1  37  2  99  3  44  4  62  5  93  6  18  7  77  8  96  9  54
  0  22  1  87  2  9  3  15  4  79  5  29  6  15  7  75  8  46  9  27
  0  93  1  46  2  51  3  18  4  54  5  26  6  76  7  87  8  13  9  9
  0  39  1  42  2  71  3  75  4  21  5  97  6  98  7  62  8  5  9  95
  0  19  1  39  2  1  3  76  4  83  5  17  6  67  7  48  8  66  9  66
  0  81  1  61  2  19  3  40  4  98  5  60  6  70  7  4  8  2  9  64
  0  54  1  36  2  40  3  30  4  7  5  44  6  10  7  56  8  64  9  10
  0  14  1  70  2  54  3  56  4  11  5  84  6  46  7  9  8  45  9  17
  0  36  1  89  2  11  3  23  4  54  5  53  6  90  7  68  8  22  9  74
  0  77  1  53  2  12  3  37  4  72  5  56  6  78  7  84  8  2  9  73
  0  61  1  22  2  17  3  48  4  81  5  98  6  62  7  42  8  81  9  3
  0  7  1  79  2  82  3  33  4  7  5  56  6  56  7  57  8  26  9  21
  0  34  1  53  2  28  3  49  4  3  5  83  6  27  7  71  8  65  9  79
  0  54  1  32  2  52  3  8  4  88  5  86  6  22  7  58  8  39  9  62
  0  88  1  78  2  93  3  39  4  55  5  27  6  65  7  37  8  46  9  46
  0  5  1  3  2  71  3  54  4  50  5  31  6  58  7  18  8  47  9  80
  0  36  1  58  2  54  3  52  4  65  5  92  6  2  7  51  8  36  9  18
  0  3  1  38  2  81  3  87  4  1  5  54  6  91  7  51  8  13  9  75
  0  10  1  31  2  27  3  8  4  39  5  83  6  19  7  61  8  23  9  49
  0  30  1  48  2  49  3  97  4  14  5  84  6  93  7  27  8  36  9  12
  0  21  1  58  2  92  3  48  4  85  5  53  6  73  7  44  8  20  9  26
  0  98  1  13  2  94  3  46  4  95  5  36  6  78  7  44  8  85  9  82
  0  54  1  61  2  21  3  94  4  49  5  16  6  73  7  13  8  91  9  76
  0  68  1  50  2  14  3  55  4  22  5  53  6  41  7  65  8  10  9  84
  0  55  1  21  2  2  3  26  4  15  5  44  6  15  7  96  8  73  9  35
  0  78  1  23  2  27  3  6  4  18  5  2  6  73  7  80  8  98  9  52
  0  81  1  32  2  80  3  54  4  93  5  78  6  82  7  97  8  5  9  88
  0  59  1  8  2  2  3  48  4  25  5  21  6  47  7  98  8  91  9  8
  0  44  1  48  2  2  3  92  4  27  5  5  6  73  7  6  8  45  9  2
  0  80  1  53  2  45  3  1  4  51  5  19  6  73  7  94  8  42  9  6
  0  45  1  53  2  23  3  7  4  56  5  67  6  99  7  39  8  33  9  5
  0  32  1  92  2  51  3  73  4  36  5  83  6  56  7  52  8  86  9  2
  0  79  1  36  2  40  3  98  4  33  5  12  6  66  7  47  8  10  9  65
  0  44  1  88  2  45  3  63  4  52  5  30  6  99  7  81  8  82  9  55
  0  78  1  74  2  45  3  83  4  93  5  94  6  40  7  72  8  29  9  10
  0  11  1  43  2  79  3  83  4  21  5  3  6  57  7  16  8  10  9  51
  0  96  1  48  2  11  3  38  4  2  5  92  6  51  7  83  8  6  9  41
  0  57  1  74  2  52  3  45  4  43  5  21  6  10  7  91  8  47  9  16
  0  75  1  12  2  51  3  41  4  35  5  93  6  95  7  12  8  92  9  81
  0  67  1  50  2  65  3  92  4  39  5  27  6  26  7  84  8  75  9  33
  0  35  1  40  2  35  3  36  4  88  5  69  6  36  7  53  8  77  9  37
  0  68  1  56  2  37  3  62  4  65  5  64  6  29  7  57  8  63  9  9
  0  80  1  98  2  27  3  69  4  89  5  47  6  3  7  15  8  43  9  52
  0  33  1  2  2  39  3  18  4  52  5  12  6  83  7  24  8  38  9  35
  0  14  1  3  2  90  3  17  4  73  5  34  6  58  7  39  8  31  9  12
  0  49  1  7  2  27  3  79  4  79  5  46  6  78  7  55  8  53  9  41
  0  93  1  80  2  80  3  68  4  56  5  60  6  72  7  8  8  99  9  4
  0  65  1  32  2  72  3  53  4  78  5  5  6  54  7  72  8  91  9  49
  0  98  1  40  2  5  3  51  4  98  5  53  6  14  7  21  8  83  9  54
  0  16  1  29  2  29  3  23  4  30  5  72  6  16  7  97  8  85  9  60
  0  63  1  24  2  34  3  14  4  49  5  49  6  71  7  10  8  65  9  91
  0  75  1  37  2  82  3  70  4  8  5  21  6  29  7  70  8  24  9  45
  0  94  1  77  2  96  3  84  4  19  5  6  6  42  7  10  8  35  9  6
  0  8  1  41  2  63  3  22  4  62  5  60  6  77  7  47  8  86  9  4
  0  6  1  77  2  72  3  3  4  18  5  76  6  63  7  28  8  15  9  4
  0  4  1  76  2  37  3  53  4  74  5  97  6  43  7  24  8  31  9  34
  0  22  1  5  2  83  3  52  4  53  5  54  6  70  7  58  8  31  9  96
  0  19  1  43  2  90  3  84  4  96  5  4  6  32  7  77  8  4  9  18
  0  17  1  44  2  49  3  80  4  81  5  5  6  6  7  38  8  97  9  42
  0  59  1  57  2  70  3  63  4  81  5  30  6  52  7  96  8  79  9  3
  0  20  1  46  2  36  3  64  4  46  5  39  6  13  7  56  8  39  9  36
  0  86  1  66  2  60  3  4  4  56  5  32  6  32  7  53  8  24  9  61
  0  93  1  96  2  46  3  48  4  66  5  91  6  97  7  44  8  40  9  47
  0  14  1  96  2  96  3  37  4  87  5  89  6  15  7  36  8  40  9  33
  0  45  1  63  2  95  3  85  4  33  5  15  6  25  7  12  8  35  9  11
  0  41  1  4  2  52  3  93  4  58  5  35  6  82  7  46  8  55  9  94
  0  64  1  22  2  95  3  49  4  50  5  6  6  93  7  21  8  52  9  42
  0  45  1  66  2  42  3  13  4  43  5  18  6  89  7  30  8  55  9  9
  0  74  1  88  2  41  3  87  4  13  5  10  6  15  7  2  8  84  9  31
  0  5  1  18  2  35  3  60  4  53  5  81  6  9  7  84  8  56  9  47
  0  27  1  94  2  49  3  43  4  14  5  85  6  65  7  40  8  46  9  21
  0  49  1  21  2  73  3  91  4  88  5  13  6  27  7  90  8  87  9  91
  0  22  1  92  2  20  3  80  4  27  5  20  6  13  7  17  8  43  9  2
  0  51  1  35  2  25  3  99  4  24  5  13  6  30  7  26  8  28  9  58
  0  84  1  82  2  11  3  54  4  95  5  20  6  22  7  67  8  60  9  54
  0  98  1  7  2  36  3  25  4  6  5  82  6  75  7  77  8  5  9  90
  0  57  1  80  2  31  3  38  4  43  5  34  6  92  7  77  8  53  9  25
  0  21  1  17  2  49  3  28  4  44  5  20  6  42  7  69  8  58  9  19
  0  93  1  87  2  23  3  4  4  58  5  65  6  89  7  56  8  85  9  34
  0  59  1  43  2  99  3  40  4  26  5  90  6  92  7  46  8  31  9  2
  0  32  1  18  2  62  3  88  4  49  5  90  6  56  7  38  8  54  9  32
  0  90  1  18  2  20  3  48  4  84  5  99  6  7  7  98  8  27  9  68
  0  23  1  8  2  9  3  26  4  54  5  92  6  41  7  11  8  1  9  53
  0  65  1  4  2  6  3  87  4  95  5  81  6  58  7  25  8  55  9  40
  0  11  1  92  2  87  3  99  4  48  5  64  6  63  7  68  8  90  9  52
  0  2  1  18  2  17  3  37  4  87  5  95  6  45  7  47  8  59  9  99
  0  8  1  43  2  73  3  63  4  3  5  60  6  91  7  35  8  15  9  6
  0  51  1  59  2  31  3  33  4  95  5  81  6  99  7  34  8  86  9  43
  0  7  1  2  2  21  3  34  4  63  5  82  6  32  7  16  8  37  9  9
  0  41  1  39  2  66  3  75  4  84  5  16  6  38  7  7  8  46  9  22
  0  19  1  26  2  55  3  41  4  72  5  32  6  37  7  61  8  12  9  26
  0  35  1  12  2  42  3  65  4  21  5  83  6  20  7  23  8  77  9  62
  0  31  1  77  2  20  3  96  4  46  5  78  6  80  7  54  8  19  9  45
  0  84  1  48  2  36  3  3  4  79  5  36  6  33  7  59  8  11  9  23
  0  34  1  79  2  40  3  24  4  70  5  10  6  63  7  62  8  9  9  60
  0  63  1  14  2  70  3  47  4  10  5  20  6  30  7  50  8  94  9  31
  0  40  1  38  2  56  3  52  4  96  5  70  6  40  7  7  8  48  9  84
  0  91  1  32  2  30  3  3  4  86  5  83  6  58  7  43  8  36  9  99
  0  17  1  14  2  30  3  59  4  33  5  10  6  98  7  42  8  12  9  61
  0  11  1  55  2  86  3  92  4  38  5  5  6  93  7  85  8  52  9  18
  0  93  1  70  2  33  3  36  4  79  5  76  6  9  7  54  8  59  9  23
  0  55  1  59  2  95  3  24  4  19  5  95  6  41  7  48  8  52  9  76
  0  5  1  50  2  64  3  93  4  30  5  62  6  33  7  11  8  85  9  23
  0  32  1  46  2  81  3  74  4  62  5  66  6  73  7  50  8  93  9  57
  0  14  1  48  2  61  3  35  4  59  5  53  6  74  7  27  8  52  9  46
  0  13  1  22  2  31  3  29  4  43  5  71  6  33  7  46  8  71  9  6
  0  92  1  80  2  2  3  73  4  67  5  50  6  86  7  37  8  21  9  43
  0  79  1  71  2  56  3  66  4  24  5  57  6  85  7  82  8  40  9  65
  0  63  1  77  2  97  3  57  4  31  5  75  6  86  7  71  8  47  9  86
  0  9  1  60  2  3  3  73  4  78  5  92  6  42  7  46  8  85  9  44
  0  40  1  47  2  56  3  33  4  6  5  68  6  36  7  85  8  19  9  14
  0  63  1  30  2  13  3  16  4  4  5  46  6  56  7  42  8  84  9  34
  0  13  1  74  2  30  3  76  4  64  5  39  6  87  7  2  8  38  9  8
  0  19  1  66  2  66  3  22  4  64  5  36  6  72  7  90  8  21  9  15
  0  65  1  69  2  91  3  49  4  75  5  27  6  2  7  34  8  74  9  49
  0  80  1  57  2  58  3  43  4  42  5  89  6  91  7  35  8  51  9  6
  0  24  1  74  2  22  3  67  4  48  5  99  6  98  7  34  8  55  9  16
  0  24  1  70  2  96  3  90  4  74  5  59  6  66  7  72  8  40  9  50
  0  64  1  87  2  66  3  97  4  4  5  72  6  83  7  68  8  63  9  38
  0  94  1  22  2  11  3  79  4  5  5  92  6  49  7  80  8  2  9  37
  0  43  1  71  2  22  3  13  4  47  5  41  6  63  7  2  8  40  9  11
  0  44  1  6  2  23  3  19  4  89  5  70  6  56  7  87  8  16  9  14
  0  21  1  47  2  45  3  70  4  47  5  54  6  57  7  68  8  46  9  37
  0  71  1  12  2  12  3  30  4  14  5  34  6  16  7  4  8  11  9  29
  0  88  1  93  2  14  3  94  4  58  5  76  6  45  7  45  8  11  9  59
  0  28  1  58  2  69  3  79  4  32  5  81  6  20  7  24  8  42  9  6
  0  29  1  11  2  54  3  85  4  28  5  9  6  28  7  59  8  66  9  82
  0  72  1  98  2  45  3  70  4  27  5  94  6  93  7  60  8  82  9  53
  0  55  1  2  2  36  3  69  4  81  5  74  6  84  7  92  8  56  9  10
  0  2  1  98  2  3  3  14  4  49  5  40  6  47  7  71  8  19  9  47
  0  26  1  99  2  2  3  79  4  79  5  84  6  40  7  65  8  65  9  44
  0  2  1  80  2  63  3  77  4  83  5  47  6  89  7  90  8  34  9  51
  0  21  1  26  2  54  3  23  4  87  5  30  6  8  7  18  8  13  9  28
  0  67  1  87  2  85  3  99  4  57  5  44  6  4  7  72  8  82  9  49
  0  24  1  71  2  53  3  73  4  97  5  92  6  38  7  22  8  92  9  8
  0  14  1  9  2  20  3  85  4  92  5  38  6  16  7  11  8  32  9  18
  0  58  1  30  2  80  3  4  4  1  5  47  6  98  7  76  8  66  9  71
  0  63  1  72  2  36  3  53  4  41  5  36  6  13  7  98  8  94  9  59
  0  53  1  24  2  59  3  28  4  95  5  95  6  88  7  86  8  35  9  80
  0  75  1  96  2  7  3  78  4  90  5  53  6  90  7  27  8  85  9  65
  0  55  1  8  2  65  3  42  4  80  5  74  6  20  7  27  8  50  9  91
  0  77  1  58  2  96  3  59  4  7  5  76  6  32  7  57  8  88  9  92
  0  6  1  33  2  44  3  70  4  68  5  17  6  59  7  24  8  39  9  44
  0  80  1  9  2  98  3  9  4  49  5  51  6  50  7  89  8  95  9  65
  0  40  1  14  2  33  3  48  4  15  5  54  6  93  7  33  8  51  9  67
  0  19  1  62  2  4  3  31  4  94  5  10  6  44  7  36  8  73  9  39
  0  93  1  23  2  47  3  14  4  61  5  92  6  53  7  71  8  52  9  21
  0  27  1  29  2  4  3  54  4  37  5  92  6  62  7  68  8  58  9  80
  0  14  1  19  2  78  3  88  4  18  5  10  6  36  7  46  8  25  9  71
  0  47  1  53  2  66  3  10  4  50  5  93  6  51  7  74  8  89  9  61
  0  8  1  63  2  22  3  51  4  48  5  44  6  91  7  87  8  57  9  84
  0  44  1  13  2  20  3  99  4  44  5  43  6  52  7  73  8  29  9  68
  0  87  1  2  2  19  3  53  4  32  5  70  6  57  7  68  8  12  9  66
  0  51  1  60  2  53  3  82  4  42  5  25  6  73  7  63  8  26  9  63
  0  81  1  2  2  92  3  29  4  9  5  93  6  70  7  82  8  25  9  96
  0  83  1  21  2  1  3  54  4  56  5  60  6  30  7  89  8  35  9  69
  0  27  1  73  2  3  3  90  4  38  5  12  6  99  7  98  8  66  9  33
  0  92  1  80  2  83  3  42  4  47  5  39  6  58  7  79  8  87  9  45
  0  65  1  25  2  63  3  9  4  20  5  1  6  52  7  27  8  66  9  76
  0  56  1  32  2  19  3  95  4  89  5  56  6  25  7  58  8  59  9  81
  0  3  1  24  2  75  3  35  4  72  5  46  6  54  7  56  8  86  9  30
  0  2  1  52  2  21  3  73  4  84  5  93  6  92  7  55  8  26  9  40
  0  6  1  55  2  89  3  2  4  49  5  32  6  31  7  47  8  91  9  95
  0  37  1  38  2  48  3  49  4  81  5  52  6  24  7  77  8  60  9  7
  0  49  1  15  2  96  3  10  4  50  5  28  6  12  7  93  8  52  9  82
  0  25  1  19  2  82  3  74  4  10  5  31  6  20  7  72  8  23  9  33
  0  30  1  72  2  97  3  92  4  56  5  69  6  44  7  94  8  77  9  18
  0  16  1  22  2  41  3  98  4  32  5  3  6  28  7  45  8  65  9  88
  0  24  1  86  2  21  3  14  4  91  5  2  6  90  7  81  8  70  9  5
  0  40  1  67  2  46  3  3  4  62  5  26  6  71  7  87  8  26  9  54
  0  36  1  69  2  69  3  39  4  97  5  41  6  45  7  4  8  40  9  51
  0  12  1  11  2  19  3  22  4  14  5  10  6  93  7  24  8  8  9  19
  0  80  1  12  2  30  3  87  4  59  5  73  6  1  7  76  8  26  9  55
  0  15  1  57  2  65  3  54  4  74  5  8  6  92  7  96  8  49  9  63
  0  91  1  42  2  75  3  55  4  41  5  85  6  29  7  25  8  13  9  49
  0  41  1  22  2  66  3  70  4  22  5  12  6  5  7  41  8  34  9  42
  0  42  1  66  2  24  3  62  4  98  5  18  6  82  7  81  8  37  9  17
  0  32  1  19  2  95  3  85  4  26  5  71  6  80  7  21  8  20  9  8
  0  36  1  7  2  67  3  73  4  86  5  54  6  17  7  43  8  28  9  35
  0  37  1  77  2  29  3  63  4  94  5  60  6  29  7  22  8  51  9  24
  0  84  1  47  2  62  3  87  4  82  5  18  6  89  7  68  8  18  9  16
  0  65  1  43  2  17  3  44  4  69  5  65  6  36  7  31  8  94  9  66
  0  93  1  50  2  33  3  93  4  86  5  30  6  93  7  76  8  17  9  51
  0  35  1  6  2  24  3  28  4  80  5  71  6  97  7  48  8  40  9  13
  0  23  1  4  2  71  3  46  4  70  5  31  6  28  7  96  8  51  9  66
  0  12  1  48  2  75  3  55  4  99  5  62  6  5  7  99  8  16  9  68
  0  85  1  9  2  92  3  5  4  86  5  96  6  7  7  55  8  97  9  54
  0  8  1  28  2  52  3  64  4  68  5  64  6  78  7  57  8  29  9  75
  0  7  1  17  2  1  3  40  4  65  5  89  6  64  7  10  8  61  9  48
  0  81  1  25  2  22  3  20  4  84  5  8  6  41  7  84  8  38  9  5
  0  55  1  83  2  68  3  95  4  54  5  21  6  17  7  80  8  84  9  31
  0  56  1  17  2  15  3  38  4  70  5  74  6  66  7  59  8  8  9  24
  0  21  1  96  2  38  3  69  4  78  5  29  6  72  7  9  8  93  9  18
  0  45  1  69  2  57  3  55  4  54  5  57  6  65  7  44  8  2  9  8
  0  97  1  82  2  96  3  44  4  28  5  80  6  6  7  69  8  97  9  45
  0  60  1  48  2  42  3  13  4  57  5  57  6  69  7  2  8  18  9  9
  0  93  1  20  2  78  3  83  4  4  5  58  6  47  7  9  8  11  9  48
  0  35  1  93  2  89  3  63  4  40  5  86  6  38  7  86  8  70  9  22
  0  90  1  95  2  5  3  82  4  69  5  10  6  42  7  76  8  74  9  23
  0  85  1  19  2  26  3  7  4  62  5  60  6  9  7  51  8  80  9  7
  0  5  1  93  2  55  3  18  4  97  5  42  6  76  7  83  8  76  9  99
  0  3  1  14  2  91  3  29  4  76  5  87  6  35  7  45  8  17  9  49
  0  38  1  98  2  41  3  56  4  15  5  93  6  1  7  99  8  99  9  63
  0  40  1  64  2  52  3  84  4  27  5  93  6  22  7  12  8  97  9  82
  0  11  1  52  2  19  3  11  4  62  5  37  6  60  7  79  8  64  9  22
  0  36  1  29  2  67  3  55  4  54  5  46  6  26  7  87  8  70  9  82
  0  21  1  96  2  61  3  51  4  44  5  74  6  42  7  65  8  28  9  81
  0  96  1  37  2  52  3  78  4  9  5  60  6  75  7  77  8  93  9  35
  0  68  1  88  2  79  3  4  4  35  5  37  6  91  7  21  8  61  9  91
  0  27  1  71  2  28  3  19  4  33  5  97  6  63  7  57  8  18  9  12
  0  44  1  83  2  68  3  9  4  46  5  2  6  43  7  91  8  21  9  82
  0  66  1  84  2  49  3  38  4  53  5  90  6  75  7  14  8  25  9  22
  0  64  1  6  2  3  3  14  4  90  5  71  6  94  7  89  8  80  9  74
  0  1  1  44  2  62  3  70  4  10  5  67  6  80  7  45  8  66  9  19
  0  2  1  51  2  19  3  20  4  95  5  12  6  90  7  44  8  89  9  69
  0  26  1  98  2  15  3  23  4  7  5  40  6  95  7  65  8  38  9  71
  0  55  1  15  2  61  3  6  4  41  5  14  6  19  7  91  8  81  9  25
  0  99  1  36  2  33  3  56  4  43  5  90  6  88  7  91  8  51  9  50
  0  41  1  13  2  69  3  7  4  35  5  34  6  22  7  60  8  40  9  81
  0  7  1  46  2  36  3  8  4  96  5  74  6  1  7  6  8  93  9  65
  0  14  1  53  2  41  3  24  4  47  5  37  6  82  7  99  8  95  9  9
  0  21  1  25  2  58  3  72  4  31  5  12  6  82  7  22  8  12  9  70
  0  37  1  71  2  94  3  73  4  62  5  33  6  32  7  59  8  26  9  58
  0  38  1  83  2  80  3  37  4  67  5  42  6  87  7  6  8  33  9  15
  0  74  1  37  2  13  3  20  4  32  5  93  6  85  7  84  8  58  9  68
  0  14  1  49  2  14  3  56  4  48  5  70  6  59  7  12  8  18  9  2
  0  66  1  7  2  52  3  47  4  26  5  80  6  27  7  37  8  13  9  45
  0  42  1  55  2  72  3  98  4  65  5  19  6  20  7  46  8  14  9  6
  0  96  1  49  2  42  3  56  4  11  5  28  6  64  7  15  8  44  9  13
  0  32  1  77  2  35  3  3  4  41  5  64  6  31  7  81  8  50  9  34
  0  97  1  7  2  6  3  1  4  24  5  57  6  45  7  39  8  42  9  19
  0  94  1  63  2  77  3  33  4  88  5  36  6  82  7  50  8  92  9  38
  0  22  1  48  2  78  3  94  4  9  5  20  6  12  7  51  8  18  9  32
  0  40  1  43  2  28  3  13  4  76  5  90  6  54  7  26  8  44  9  29
  0  81  1  20  2  10  3  53  4  14  5  88  6  21  7  14  8  99  9  54
  0  34  1  33  2  86  3  78  4  87  5  93  6  29  7  52  8  71  9  34
  0  46  1  22  2  77  3  57  4  6  5  57  6  54  7  18  8  77  9  59
  0  80  1  71  2  87  3  79  4  42  5  77  6  62  7  74  8  82  9  99
  0  44  1  44  2  40  3  47  4  22  5  6  6  17  7  48  8  2  9  15
  0  27  1  44  2  16  3  34  4  22  5  52  6  44  7  1  8  93  9  37
  0  95  1  59  2  2  3  81  4  71  5  45  6  77  7  49  8  16  9  49
  0  95  1  84  2  13  3  92  4  16  5  89  6  99  7  80  8  50  9  65
  0  95  1  42  2  91  3  22  4  65  5  50  6  6  7  86  8  74  9  79
  0  97  1  59  2  2  3  72  4  78  5  6  6  12  7  87  8  2  9  85
  0  8  1  64  2  56  3  43  4  18  5  43  6  16  7  23  8  81  9  96
  0  97  1  83  2  44  3  88  4  75  5  16  6  71  7  42  8  40  9  1
  0  38  1  95  2  24  3  51  4  75  5  92  6  10  7  26  8  47  9  97
  0  3  1  15  2  10  3  67  4  39  5  35  6  83  7  9  8  48  9  71
  0  18  1  95  2  96  3  74  4  46  5  30  6  93  7  80  8  50  9  81
  0  13  1  20  2  94  3  24  4  79  5  42  6  87  7  56  8  20  9  55
  0  83  1  84  2  69  3  72  4  33  5  1  6  95  7  97  8  50  9  75
  0  70  1  16  2  49  3  60  4  11  5  44  6  61  7  61  8  60  9  80
  0  58  1  33  2  87  3  49  4  13  5  9  6  24  7  14  8  96  9  45
  0  62  1  39  2  87  3  79  4  93  5  98  6  27  7  2  8  51  9  56
  0  70  1  97  2  92  3  91  4  2  5  22  6  29  7  29  8  17  9  98
  0  92  1  87  2  89  3  58  4  5  5  78  6  80  7  64  8  68  9  10
  0  52  1  89  2  14  3  58  4  94  5  34  6  66  7  45  8  82  9  4
  0  12  1  17  2  13  3  98  4  77  5  97  6  95  7  57  8  68  9  99
  0  2  1  77  2  9  3  79  4  77  5  11  6  80  7  81  8  95  9  75
  0  74  1  30  2  89  3  61  4  80  5  23  6  98  7  18  8  83  9  70
  0  26  1  37  2  55  3  66  4  57  5  74  6  37  7  86  8  36  9  86
  0  72  1  60  2  69  3  56  4  29  5  44  6  96  7  44  8  10  9  13
  0  71  1  97  2  57  3  31  4  35  5  80  6  92  7  78  8  63  9  25
  0  41  1  39  2  25  3  23  4  40  5  78  6  1  7  90  8  37  9  70
  0  20  1  76  2  10  3  46  4  39  5  10  6  74  7  76  8  56  9  5
  0  61  1  10  2  37  3  57  4  81  5  30  6  6  7  10  8  9  9  3
  0  12  1  65  2  34  3  27  4  86  5  82  6  98  7  7  8  52  9  83
  0  93  1  19  2  32  3  38  4  78  5  27  6  91  7  35  8  68  9  79
  0  9  1  33  2  82  3  94  4  33  5  50  6  65  7  99  8  5  9  59
  0  13  1  6  2  33  3  71  4  63  5  13  6  56  7  30  8  41  9  88
  0  35  1  57  2  75  3  58  4  44  5  30  6  1  7  3  8  73  9  51
  0  35  1  63  2  44  3  66  4  96  5  69  6  16  7  41  8  77  9  70
  0  26  1  84  2  18  3  30  4  79  5  97  6  28  7  88  8  18  9  73
  0  54  1  44  2  87  3  90  4  1  5  73  6  22  7  53  8  25  9  10
  0  93  1  95  2  2  3  45  4  90  5  38  6  3  7  21  8  55  9  68
  0  37  1  33  2  51  3  84  4  59  5  51  6  70  7  15  8  30  9  50
  0  94  1  21  2  2  3  75  4  62  5  29  6  41  7  10  8  17  9  57
  0  28  1  15  2  27  3  25  4  94  5  53  6  17  7  75  8  78  9  19
  0  35  1  38  2  17  3  32  4  53  5  5  6  3  7  79  8  85  9  17
  0  74  1  4  2  50  3  70  4  22  5  69  6  24  7  89  8  19  9  65
  0  68  1  32  2  12  3  17  4  13  5  18  6  43  7  20  8  30  9  2
  0  76  1  16  2  52  3  27  4  40  5  74  6  91  7  36  8  38  9  56
  0  69  1  17  2  64  3  60  4  84  5  18  6  32  7  93  8  53  9  60
  0  9  1  99  2  9  3  19  4  7  5  51  6  51  7  74  8  79  9  87
  0  75  1  35  2  25  3  46  4  20  5  83  6  81  7  21  8  16  9  14
  0  83  1  54  2  33  3  49  4  8  5  42  6  40  7  56  8  25  9  99
  0  44  1  97  2  37  3  29  4  56  5  99  6  66  7  81  8  10  9  13
  0  35  1  6  2  39  3  89  4  31  5  27  6  63  7  25  8  68  9  92
  0  65  1  21  2  81  3  81  4  48  5  68  6  13  7  76  8  96  9  69
  0  68  1  22  2  4  3  30  4  79  5  28  6  19  7  5  8  74  9  7
  0  19  1  72  2  44  3  32  4  45  5  73  6  77  7  60  8  24  9  39
  0  78  1  67  2  68  3  82  4  5  5  78  6  52  7  48  8  87  9  1
  0  71  1  41  2  10  3  76  4  56  5  56  6  66  7  28  8  93  9  7
  0  40  1  59  2  72  3  12  4  43  5  31  6  57  7  92  8  23  9  28
  0  54  1  85  2  40  3  80  4  41  5  70  6  49  7  18  8  48  9  83
  0  46  1  58  2  24  3  47  4  71  5  64  6  36  7  45  8  78  9  19
  0  68  1  26  2  97  3  2  4  30  5  13  6  66  7  75  8  77  9  45
  0  3  1  96  2  24  3  91  4  37  5  26  6  89  7  3  8  38  9  5
  0  99  1  89  2  98  3  1  4  50  5  60  6  51  7  67  8  93  9  35
  0  46  1  48  2  18  3  27  4  9  5  33  6  13  7  73  8  55  9  47
  0  47  1  26  2  30  3  16  4  14  5  57  6  99  7  56  8  10  9  41
  0  23  1  77  2  38  3  2  4  61  5  88  6  86  7  48  8  26  9  50
  0  93  1  34  2  53  3  22  4  7  5  21  6  63  7  81  8  8  9  16
  0  49  1  34  2  46  3  27  4  93  5  17  6  22  7  52  8  15  9  79
  0  83  1  94  2  78  3  9  4  55  5  76  6  50  7  89  8  8  9  73
  0  48  1  62  2  15  3  24  4  37  5  3  6  87  7  62  8  75  9  11
  0  65  1  80  2  89  3  32  4  96  5  32  6  58  7  14  8  58  9  15
  0  16  1  63  2  85  3  16  4  10  5  1  6  11  7  87  8  81  9  77
  0  28  1  94  2  45  3  35  4  49  5  53  6  81  7  11  8  5  9  53
  0  85  1  16  2  2  3  29  4  20  5  47  6  54  7  22  8  67  9  5
  0  46  1  56  2  91  3  33  4  78  5  3  6  46  7  90  8  25  9  33
  0  75  1  37  2  2  3  64  4  22  5  80  6  4  7  42  8  27  9  27
  0  88  1  38  2  64  3  24  4  93  5  42  6  85  7  89  8  19  9  75
  0  37  1  69  2  25  3  55  4  81  5  70  6  13  7  98  8  43  9  48
  0  84  1  30  2  52  3  58  4  20  5  33  6  62  7  96  8  98  9  81
  0  61  1  87  2  61  3  9  4  5  5  97  6  85  7  22  8  32  9  79
  0  26  1  61  2  64  3  71  4  48  5  65  6  75  7  17  8  28  9  94
  0  84  1  77  2  38  3  14  4  34  5  40  6  14  7  44  8  23  9  61
  0  69  1  32  2  28  3  85  4  31  5  4  6  28  7  31  8  83  9  90
  0  9  1  46  2  53  3  47  4  21  5  56  6  80  7  5  8  16  9  70
  0  55  1  24  2  80  3  12  4  2  5  43  6  45  7  89  8  54  9  36
  0  40  1  39  2  63  3  24  4  19  5  73  6  97  7  3  8  83  9  49
  0  58  1  89  2  64  3  23  4  13  5  95  6  54  7  53  8  5  9  65
  0  95  1  87  2  12  3  65  4  66  5  20  6  51  7  94  8  11  9  21
  0  51  1  46  2  24  3  73  4  44  5  60  6  78  7  63  8  49  9  34
  0  43  1  13  2  46  3  83  4  49  5  54  6  61  7  64  8  88  9  72
  0  15  1  10  2  62  3  81  4  6  5  46  6  5  7  3  8  30  9  66
  0  57  1  56  2  52  3  2  4  63  5  91  6  88  7  11  8  3  9  21
  0  62  1  71  2  11  3  14  4  46  5  54  6  18  7  90  8  90  9  5
  0  27  1  9  2  19  3  69  4  10  5  25  6  33  7  35  8  85  9  93
  0  43  1  77  2  14  3  25  4  45  5  30  6  22  7  7  8  86  9  19
  0  40  1  72  2  4  3  31  4  12  5  78  6  20  7  5  8  24  9  92
  0  32  1  66  2  46  3  40  4  41  5  45  6  88  7  47  8  79  9  47
  0  24  1  60  2  62  3  65  4  11  5  65  6  57  7  51  8  43  9  10
  0  45  1  97  2  88  3  3  4  28  5  77  6  1  7  62  8  95  9  60
  0  23  1  25  2  58  3  91  4  1  5  26  6  18  7  11  8  98  9  35
  0  21  1  45  2  62  3  2  4  21  5  88  6  79  7  24  8  53  9  81
  0  42  1  78  2  81  3  27  4  1  5  51  6  79  7  19  8  58  9  58
  0  64  1  62  2  72  3  62  4  79  5  20  6  22  7  8  8  99  9  10
  0  90  1  35  2  19  3  34  4  69  5  48  6  17  7  27  8  52  9  53
  0  39  1  32  2  15  3  71  4  29  5  63  6  76  7  18  8  91  9  10
  0  92  1  88  2  81  3  77  4  31  5  88  6  44  7  84  8  17  9  13
  0  53  1  53  2  68  3  49  4  29  5  66  6  42  7  67  8  14  9  80
  0  65  1  14  2  57  3  10  4  32  5  31  6  35  7  27  8  71  9  60
  0  86  1  48  2  37  3  11  4  66  5  89  6  59  7  92  8  40  9  16
  0  70  1  48  2  56  3  26  4  85  5  39  6  90  7  39  8  1  9  55
  0  37  1  68  2  54  3  76  4  91  5  16  6  40  7  81  8  61  9  13
  0  90  1  92  2  75  3  80  4  50  5  14  6  4  7  4  8  21  9  73
  0  96  1  38  2  43  3  7  4  3  5  82  6  49  7  22  8  35  9  92
  0  94  1  43  2  77  3  30  4  56  5  17  6  64  7  48  8  64  9  30
  0  83  1  84  2  91  3  87  4  60  5  94  6  22  7  19  8  39  9  44
  0  77  1  35  2  78  3  70  4  72  5  60  6  99  7  45  8  17  9  76
  0  83  1  17  2  98  3  94  4  89  5  26  6  12  7  20  8  36  9  1
  0  5  1  68  2  89  3  77  4  81  5  75  6  28  7  27  8  63  9  80
  0  85  1  57  2  94  3  93  4  91  5  29  6  71  7  66  8  69  9  9
  0  97  1  36  2  45  3  43  4  16  5  6  6  91  7  38  8  61  9  78
  0  6  1  59  2  39  3  68  4  83  5  93  6  22  7  45  8  59  9  57
  0  16  1  88  2  18  3  9  4  40  5  68  6  81  7  24  8  31  9  65
  0  45  1  38  2  53  3  92  4  17  5  50  6  73  7  5  8  67  9  67
  0  47  1  92  2  14  3  8  4  20  5  87  6  82  7  11  8  24  9  41
  0  22  1  12  2  44  3  61  4  76  5  85  6  81  7  89  8  32  9  61
  0  19  1  78  2  78  3  68  4  95  5  95  6  86  7  61  8  26  9  55
  0  63  1  33  2  15  3  71  4  39  5  25  6  78  7  62  8  19  9  72
  0  51  1  68  2  71  3  62  4  44  5  52  6  65  7  92  8  88  9  94
TPM
  0  2546  1  2546  2  2546  3  2546  4  2546  5  2546  6  2546  7  2546  8  2546  9  2546
PMT
  0  64  1  43  2  77  3  12  4  32  5  5  6  89  7  53  8  30  9  45
  0  55  1  50  2  89  3  79  4  9  5  29  6  97  7  84  8  20  9  17
  0  37  1  93  2  18  3  88  4  53  5  24  6  34  7  48  8  51  9  58
  0  34  1  27  2  41  3  64  4  27  5  53  6  83  7  24  8  49  9  32
  0  13  1  17  2  69  3  18  4  21  5  66  6  76  7  90  8  46  9  56
  0  30  1  53  2  97  3  61  4  91  5  22  6  4  7  60  8  59  9  68
  0  67  1  29  2  89  3  40  4  62  5  18  6  65  7  73  8  25  9  69
  0  43  1  53  2  89  3  34  4  3  5  18  6  97  7  77  8  66  9  86
  0  79  1  4  2  67  3  60  4  74  5  30  6  88  7  44  8  46  9  76
  0  94  1  63  2  8  3  71  4  30  5  95  6  70  7  90  8  64  9  26
  0  62  1  60  2  88  3  1  4  4  5  3  6  17  7  45  8  22  9  14
  0  30  1  57  2  34  3  87  4  68  5  8  6  55  7  29  8  79  9  90
  0  93  1  25  2  37  3  18  4  35  5  74  6  32  7  59  8  41  9  64
  0  74  1  47  2  15  3  80  4  58  5  11  6  87  7  72  8  99  9  23
  0  60  1  1  2  18  3  50  4  80  5  62  6  47  7  49  8  41  9  52
  0  84  1  55  2  47  3  6  4  16  5  50  6  71  7  45  8  72  9  10
  0  95  1  18  2  21  3  56  4  16  5  88  6  71  7  82  8  63  9  39
  0  64  1  12  2  45  3  78  4  84  5  20  6  33  7  79  8  91  9  19
  0  48  1  67  2  77  3  87  4  99  5  59  6  80  7  10  8  6  9  13
  0  32  1  30  2  88  3  24  4  9  5  56  6  15  7  12  8  3  9  68
