200  15
  0  1  1  50  2  82  3  23  4  60  5  61  6  34  7  37  8  65  9  82  10  73  11  71  12  36  13  20  14  94
  0  9  1  99  2  2  3  25  4  50  5  92  6  10  7  32  8  9  9  48  10  53  11  16  12  71  13  26  14  91
  0  10  1  11  2  85  3  19  4  51  5  23  6  98  7  82  8  84  9  25  10  47  11  6  12  93  13  35  14  59
  0  26  1  98  2  27  3  76  4  65  5  51  6  22  7  62  8  7  9  16  10  67  11  76  12  39  13  22  14  9
  0  97  1  85  2  22  3  63  4  59  5  41  6  95  7  38  8  23  9  74  10  79  11  70  12  17  13  71  14  14
  0  59  1  6  2  34  3  39  4  38  5  80  6  53  7  81  8  94  9  67  10  13  11  6  12  41  13  4  14  13
  0  35  1  92  2  39  3  6  4  59  5  1  6  40  7  81  8  74  9  60  10  21  11  54  12  41  13  76  14  28
  0  32  1  41  2  71  3  44  4  71  5  80  6  50  7  88  8  48  9  57  10  70  11  45  12  1  13  94  14  82
  0  23  1  22  2  22  3  35  4  44  5  8  6  32  7  54  8  18  9  86  10  64  11  47  12  29  13  97  14  80
  0  92  1  61  2  74  3  47  4  18  5  42  6  69  7  25  8  68  9  57  10  13  11  35  12  17  13  83  14  98
  0  64  1  86  2  51  3  44  4  10  5  67  6  7  7  53  8  87  9  51  10  62  11  88  12  51  13  30  14  35
  0  37  1  1  2  11  3  23  4  20  5  68  6  64  7  71  8  69  9  15  10  89  11  17  12  93  13  85  14  76
  0  22  1  92  2  85  3  95  4  32  5  90  6  91  7  40  8  24  9  11  10  12  11  13  12  19  13  97  14  40
  0  9  1  81  2  62  3  91  4  72  5  46  6  19  7  4  8  97  9  4  10  21  11  33  12  10  13  77  14  22
  0  94  1  58  2  52  3  28  4  19  5  95  6  39  7  6  8  26  9  27  10  93  11  60  12  31  13  54  14  7
  0  12  1  46  2  55  3  60  4  23  5  33  6  60  7  89  8  58  9  19  10  26  11  14  12  79  13  98  14  18
  0  22  1  7  2  59  3  45  4  18  5  6  6  12  7  20  8  69  9  64  10  31  11  20  12  16  13  85  14  11
  0  89  1  27  2  9  3  1  4  11  5  15  6  25  7  91  8  5  9  40  10  55  11  40  12  76  13  76  14  10
  0  71  1  97  2  14  3  46  4  92  5  87  6  13  7  87  8  4  9  44  10  46  11  77  12  94  13  30  14  90
  0  79  1  54  2  26  3  53  4  50  5  49  6  86  7  40  8  31  9  26  10  80  11  10  12  60  13  60  14  96
  0  68  1  84  2  49  3  31  4  90  5  17  6  23  7  8  8  83  9  90  10  22  11  91  12  22  13  86  14  64
  0  92  1  22  2  45  3  5  4  65  5  37  6  80  7  49  8  63  9  83  10  65  11  83  12  9  13  38  14  58
  0  35  1  55  2  67  3  83  4  71  5  91  6  66  7  79  8  89  9  96  10  27  11  90  12  80  13  31  14  73
  0  68  1  53  2  60  3  14  4  90  5  45  6  6  7  6  8  26  9  73  10  95  11  42  12  5  13  98  14  53
  0  91  1  65  2  85  3  40  4  55  5  94  6  13  7  51  8  33  9  77  10  47  11  17  12  92  13  21  14  85
  0  75  1  5  2  29  3  39  4  6  5  71  6  32  7  94  8  41  9  64  10  98  11  11  12  4  13  68  14  88
  0  96  1  27  2  62  3  31  4  95  5  61  6  13  7  14  8  89  9  75  10  57  11  37  12  66  13  2  14  81
  0  72  1  33  2  83  3  46  4  10  5  62  6  25  7  3  8  94  9  16  10  60  11  94  12  88  13  61  14  81
  0  61  1  12  2  90  3  85  4  68  5  37  6  13  7  47  8  23  9  43  10  57  11  27  12  84  13  67  14  30
  0  54  1  46  2  95  3  4  4  58  5  56  6  85  7  30  8  30  9  16  10  10  11  7  12  48  13  52  14  72
  0  40  1  92  2  76  3  28  4  84  5  30  6  55  7  98  8  50  9  46  10  70  11  95  12  9  13  60  14  35
  0  60  1  34  2  47  3  89  4  96  5  70  6  50  7  18  8  60  9  10  10  57  11  23  12  19  13  6  14  81
  0  73  1  10  2  75  3  69  4  16  5  46  6  69  7  8  8  96  9  63  10  84  11  30  12  42  13  88  14  77
  0  29  1  7  2  91  3  90  4  25  5  68  6  41  7  96  8  52  9  41  10  75  11  37  12  60  13  34  14  69
  0  89  1  37  2  67  3  39  4  12  5  16  6  38  7  37  8  26  9  11  10  89  11  12  12  56  13  87  14  26
  0  51  1  35  2  79  3  72  4  17  5  25  6  1  7  88  8  50  9  30  10  7  11  63  12  2  13  7  14  15
  0  65  1  17  2  76  3  84  4  22  5  87  6  7  7  7  8  49  9  26  10  25  11  77  12  60  13  58  14  69
  0  29  1  11  2  16  3  93  4  55  5  84  6  78  7  75  8  58  9  10  10  5  11  12  12  96  13  48  14  44
  0  83  1  17  2  29  3  26  4  22  5  88  6  1  7  59  8  30  9  85  10  10  11  96  12  25  13  89  14  59
  0  47  1  92  2  86  3  87  4  27  5  2  6  92  7  69  8  98  9  96  10  52  11  41  12  44  13  70  14  54
  0  84  1  41  2  90  3  82  4  45  5  66  6  19  7  10  8  45  9  44  10  69  11  67  12  31  13  93  14  74
  0  76  1  66  2  59  3  59  4  9  5  49  6  33  7  48  8  27  9  31  10  83  11  56  12  9  13  44  14  63
  0  24  1  53  2  90  3  62  4  18  5  46  6  29  7  19  8  2  9  4  10  71  11  16  12  22  13  38  14  73
  0  14  1  11  2  10  3  84  4  6  5  65  6  69  7  89  8  93  9  63  10  85  11  48  12  22  13  34  14  22
  0  33  1  16  2  77  3  17  4  8  5  11  6  21  7  66  8  3  9  69  10  43  11  23  12  72  13  29  14  3
  0  51  1  53  2  18  3  59  4  10  5  47  6  31  7  72  8  59  9  5  10  73  11  14  12  92  13  79  14  84
  0  28  1  57  2  72  3  15  4  28  5  10  6  8  7  23  8  17  9  19  10  87  11  14  12  55  13  14  14  20
  0  22  1  39  2  33  3  34  4  19  5  36  6  40  7  11  8  13  9  5  10  89  11  91  12  48  13  5  14  67
  0  57  1  28  2  45  3  50  4  78  5  28  6  60  7  45  8  85  9  68  10  86  11  1  12  5  13  54  14  89
  0  17  1  59  2  15  3  72  4  79  5  35  6  91  7  45  8  11  9  61  10  62  11  51  12  92  13  49  14  97
  0  81  1  24  2  91  3  87  4  12  5  8  6  19  7  83  8  48  9  79  10  64  11  47  12  76  13  30  14  80
  0  1  1  35  2  69  3  14  4  12  5  59  6  58  7  24  8  67  9  80  10  75  11  9  12  21  13  66  14  23
  0  78  1  12  2  30  3  72  4  69  5  83  6  63  7  7  8  14  9  66  10  54  11  16  12  92  13  95  14  97
  0  44  1  41  2  72  3  21  4  6  5  83  6  98  7  68  8  4  9  21  10  34  11  24  12  34  13  91  14  66
  0  65  1  51  2  80  3  88  4  73  5  18  6  54  7  20  8  54  9  91  10  34  11  20  12  31  13  1  14  48
  0  79  1  23  2  1  3  13  4  95  5  15  6  51  7  45  8  45  9  83  10  24  11  97  12  39  13  48  14  34
  0  72  1  6  2  30  3  71  4  58  5  31  6  73  7  60  8  83  9  80  10  48  11  81  12  3  13  44  14  20
  0  27  1  32  2  1  3  91  4  78  5  27  6  3  7  24  8  30  9  51  10  4  11  4  12  95  13  78  14  87
  0  12  1  63  2  44  3  80  4  5  5  96  6  18  7  54  8  32  9  95  10  76  11  36  12  26  13  63  14  92
  0  97  1  50  2  34  3  73  4  89  5  5  6  75  7  13  8  37  9  95  10  61  11  31  12  9  13  41  14  67
  0  38  1  41  2  66  3  59  4  24  5  67  6  1  7  61  8  66  9  77  10  90  11  16  12  24  13  36  14  81
  0  94  1  31  2  96  3  42  4  6  5  29  6  15  7  29  8  12  9  3  10  47  11  14  12  57  13  91  14  78
  0  21  1  55  2  3  3  21  4  50  5  4  6  54  7  70  8  90  9  20  10  11  11  30  12  28  13  7  14  95
  0  16  1  23  2  3  3  93  4  17  5  3  6  69  7  80  8  73  9  95  10  27  11  32  12  91  13  4  14  28
  0  14  1  13  2  82  3  48  4  50  5  4  6  90  7  22  8  6  9  32  10  11  11  46  12  61  13  47  14  63
  0  49  1  37  2  91  3  72  4  86  5  12  6  88  7  30  8  2  9  36  10  96  11  97  12  78  13  35  14  34
  0  28  1  78  2  59  3  95  4  81  5  6  6  11  7  27  8  5  9  87  10  77  11  24  12  62  13  34  14  29
  0  74  1  55  2  22  3  71  4  63  5  65  6  14  7  63  8  2  9  11  10  20  11  32  12  49  13  94  14  48
  0  49  1  48  2  89  3  6  4  61  5  92  6  85  7  55  8  65  9  83  10  98  11  16  12  90  13  51  14  13
  0  1  1  27  2  61  3  99  4  94  5  97  6  14  7  54  8  25  9  82  10  5  11  20  12  89  13  29  14  27
  0  9  1  36  2  13  3  15  4  29  5  8  6  33  7  53  8  77  9  95  10  47  11  25  12  67  13  70  14  96
  0  54  1  90  2  80  3  70  4  70  5  33  6  38  7  90  8  8  9  2  10  28  11  51  12  2  13  23  14  21
  0  17  1  61  2  27  3  62  4  67  5  23  6  28  7  72  8  63  9  9  10  53  11  96  12  40  13  60  14  95
  0  58  1  72  2  2  3  89  4  29  5  74  6  67  7  31  8  12  9  4  10  93  11  85  12  4  13  6  14  57
  0  71  1  70  2  9  3  15  4  99  5  67  6  53  7  68  8  6  9  87  10  18  11  74  12  23  13  98  14  80
  0  56  1  55  2  34  3  21  4  99  5  67  6  22  7  56  8  28  9  7  10  77  11  64  12  4  13  1  14  99
  0  32  1  91  2  10  3  37  4  49  5  81  6  41  7  13  8  15  9  55  10  21  11  32  12  39  13  46  14  12
  0  11  1  55  2  39  3  9  4  95  5  72  6  83  7  45  8  56  9  36  10  35  11  14  12  86  13  77  14  49
  0  51  1  38  2  68  3  84  4  70  5  69  6  4  7  91  8  30  9  80  10  95  11  96  12  71  13  82  14  45
  0  6  1  57  2  14  3  4  4  91  5  8  6  85  7  82  8  24  9  10  10  48  11  34  12  80  13  45  14  87
  0  27  1  29  2  58  3  10  4  5  5  71  6  71  7  56  8  68  9  4  10  11  11  71  12  44  13  11  14  93
  0  11  1  30  2  16  3  14  4  58  5  17  6  52  7  92  8  94  9  34  10  24  11  11  12  34  13  71  14  62
  0  31  1  26  2  69  3  21  4  57  5  73  6  83  7  47  8  25  9  36  10  63  11  14  12  88  13  9  14  7
  0  27  1  64  2  84  3  66  4  22  5  46  6  65  7  37  8  22  9  91  10  56  11  38  12  17  13  62  14  72
  0  74  1  86  2  42  3  41  4  40  5  88  6  96  7  61  8  95  9  64  10  29  11  90  12  37  13  48  14  35
  0  34  1  33  2  79  3  96  4  65  5  3  6  53  7  36  8  25  9  56  10  55  11  25  12  51  13  30  14  72
  0  41  1  41  2  66  3  69  4  88  5  66  6  51  7  76  8  39  9  74  10  87  11  33  12  71  13  47  14  65
  0  65  1  85  2  10  3  75  4  13  5  46  6  10  7  63  8  20  9  78  10  1  11  22  12  67  13  99  14  3
  0  71  1  90  2  90  3  36  4  74  5  31  6  18  7  34  8  90  9  13  10  62  11  85  12  54  13  21  14  30
  0  78  1  46  2  59  3  39  4  20  5  85  6  76  7  6  8  71  9  50  10  18  11  81  12  23  13  30  14  28
  0  12  1  83  2  53  3  6  4  17  5  77  6  29  7  3  8  18  9  67  10  22  11  7  12  55  13  36  14  44
  0  54  1  70  2  2  3  10  4  53  5  58  6  67  7  18  8  31  9  8  10  98  11  40  12  24  13  69  14  94
  0  29  1  69  2  47  3  7  4  89  5  83  6  89  7  3  8  57  9  22  10  17  11  89  12  87  13  54  14  24
  0  37  1  55  2  16  3  47  4  81  5  9  6  7  7  71  8  75  9  29  10  42  11  22  12  34  13  88  14  96
  0  77  1  87  2  19  3  77  4  80  5  35  6  25  7  25  8  43  9  71  10  92  11  34  12  78  13  14  14  5
  0  29  1  87  2  73  3  40  4  47  5  6  6  26  7  25  8  9  9  68  10  89  11  75  12  84  13  60  14  17
  0  26  1  79  2  58  3  45  4  51  5  97  6  75  7  74  8  26  9  61  10  76  11  61  12  68  13  93  14  8
  0  54  1  67  2  92  3  79  4  96  5  98  6  47  7  78  8  88  9  64  10  84  11  6  12  72  13  17  14  41
  0  70  1  80  2  60  3  98  4  75  5  80  6  29  7  33  8  84  9  76  10  89  11  56  12  50  13  73  14  18
  0  60  1  49  2  15  3  47  4  85  5  46  6  30  7  86  8  74  9  87  10  69  11  61  12  90  13  3  14  9
  0  13  1  2  2  42  3  55  4  75  5  62  6  10  7  77  8  8  9  45  10  50  11  37  12  38  13  10  14  93
  0  27  1  79  2  5  3  85  4  99  5  91  6  32  7  49  8  68  9  10  10  41  11  45  12  12  13  75  14  15
  0  42  1  5  2  27  3  64  4  2  5  65  6  33  7  60  8  53  9  88  10  91  11  51  12  4  13  1  14  19
  0  51  1  94  2  61  3  89  4  3  5  39  6  6  7  24  8  41  9  63  10  74  11  24  12  22  13  52  14  7
  0  94  1  79  2  71  3  83  4  21  5  34  6  17  7  31  8  68  9  68  10  15  11  38  12  40  13  29  14  63
  0  52  1  8  2  44  3  9  4  38  5  87  6  39  7  69  8  25  9  45  10  3  11  79  12  82  13  37  14  46
  0  96  1  89  2  32  3  40  4  3  5  92  6  61  7  26  8  91  9  66  10  97  11  42  12  14  13  21  14  63
  0  13  1  41  2  26  3  7  4  85  5  55  6  37  7  16  8  7  9  78  10  45  11  32  12  88  13  98  14  97
  0  12  1  3  2  58  3  40  4  28  5  84  6  13  7  97  8  15  9  60  10  72  11  83  12  10  13  21  14  86
  0  3  1  20  2  94  3  32  4  1  5  44  6  3  7  16  8  59  9  15  10  6  11  5  12  51  13  39  14  57
  0  40  1  93  2  57  3  37  4  5  5  84  6  48  7  32  8  39  9  83  10  50  11  66  12  42  13  87  14  72
  0  28  1  82  2  17  3  24  4  24  5  25  6  98  7  74  8  59  9  38  10  27  11  30  12  44  13  26  14  19
  0  96  1  45  2  35  3  18  4  39  5  54  6  91  7  93  8  86  9  37  10  87  11  58  12  36  13  82  14  22
  0  79  1  29  2  68  3  65  4  68  5  39  6  8  7  96  8  88  9  78  10  49  11  32  12  80  13  8  14  38
  0  60  1  25  2  11  3  75  4  29  5  82  6  69  7  14  8  66  9  84  10  63  11  84  12  25  13  47  14  44
  0  51  1  76  2  56  3  98  4  30  5  13  6  35  7  80  8  14  9  11  10  85  11  66  12  99  13  73  14  82
  0  93  1  12  2  62  3  36  4  64  5  52  6  81  7  76  8  17  9  37  10  62  11  18  12  23  13  93  14  82
  0  98  1  48  2  28  3  5  4  9  5  79  6  84  7  17  8  60  9  16  10  64  11  23  12  48  13  70  14  71
  0  99  1  16  2  38  3  95  4  30  5  19  6  19  7  62  8  65  9  54  10  98  11  99  12  5  13  2  14  40
  0  17  1  57  2  79  3  23  4  70  5  47  6  26  7  44  8  83  9  82  10  62  11  64  12  40  13  76  14  82
  0  52  1  58  2  16  3  81  4  90  5  31  6  95  7  31  8  9  9  75  10  70  11  42  12  83  13  39  14  6
  0  88  1  13  2  38  3  10  4  77  5  44  6  49  7  82  8  89  9  43  10  65  11  29  12  27  13  95  14  80
  0  4  1  36  2  1  3  84  4  88  5  4  6  3  7  62  8  33  9  30  10  49  11  46  12  96  13  38  14  94
  0  46  1  67  2  75  3  67  4  74  5  62  6  1  7  89  8  39  9  29  10  76  11  1  12  48  13  92  14  11
  0  31  1  82  2  26  3  7  4  29  5  10  6  47  7  25  8  28  9  47  10  56  11  64  12  29  13  8  14  61
  0  8  1  2  2  72  3  80  4  5  5  57  6  77  7  5  8  76  9  38  10  25  11  44  12  60  13  22  14  35
  0  19  1  41  2  45  3  1  4  54  5  34  6  77  7  25  8  89  9  10  10  23  11  47  12  16  13  80  14  15
  0  81  1  93  2  88  3  32  4  26  5  27  6  66  7  60  8  28  9  89  10  55  11  70  12  97  13  24  14  10
  0  85  1  10  2  70  3  16  4  62  5  47  6  87  7  4  8  15  9  55  10  72  11  41  12  43  13  33  14  2
  0  20  1  48  2  66  3  37  4  89  5  59  6  73  7  73  8  93  9  83  10  43  11  31  12  6  13  70  14  57
  0  3  1  88  2  47  3  41  4  24  5  2  6  59  7  92  8  16  9  47  10  35  11  58  12  21  13  23  14  46
  0  83  1  45  2  18  3  50  4  47  5  51  6  87  7  11  8  39  9  80  10  64  11  58  12  70  13  11  14  16
  0  21  1  10  2  56  3  55  4  40  5  79  6  69  7  39  8  64  9  64  10  16  11  42  12  56  13  22  14  22
  0  80  1  92  2  84  3  15  4  8  5  15  6  90  7  7  8  30  9  66  10  5  11  93  12  3  13  43  14  92
  0  73  1  96  2  7  3  73  4  96  5  64  6  73  7  57  8  10  9  34  10  56  11  49  12  54  13  9  14  29
  0  71  1  26  2  57  3  44  4  30  5  18  6  15  7  15  8  47  9  90  10  38  11  56  12  10  13  50  14  80
  0  23  1  23  2  27  3  77  4  17  5  68  6  77  7  65  8  32  9  91  10  65  11  66  12  67  13  90  14  88
  0  16  1  24  2  60  3  50  4  20  5  62  6  23  7  2  8  62  9  1  10  49  11  3  12  97  13  62  14  53
  0  76  1  10  2  12  3  10  4  44  5  9  6  38  7  26  8  88  9  4  10  79  11  80  12  67  13  84  14  80
  0  89  1  62  2  74  3  43  4  78  5  73  6  52  7  13  8  71  9  52  10  67  11  97  12  12  13  58  14  70
  0  19  1  88  2  85  3  53  4  45  5  31  6  61  7  60  8  62  9  85  10  62  11  20  12  53  13  7  14  61
  0  10  1  29  2  6  3  11  4  43  5  12  6  47  7  38  8  61  9  61  10  94  11  94  12  43  13  7  14  34
  0  85  1  84  2  9  3  30  4  81  5  15  6  90  7  99  8  79  9  24  10  80  11  93  12  67  13  48  14  70
  0  35  1  10  2  29  3  98  4  56  5  56  6  26  7  84  8  19  9  54  10  72  11  75  12  16  13  92  14  97
  0  7  1  94  2  26  3  41  4  71  5  49  6  57  7  45  8  39  9  62  10  64  11  10  12  85  13  4  14  13
  0  21  1  21  2  11  3  84  4  4  5  29  6  16  7  11  8  69  9  41  10  82  11  91  12  32  13  24  14  70
  0  49  1  35  2  54  3  60  4  37  5  9  6  94  7  74  8  93  9  42  10  8  11  96  12  42  13  50  14  72
  0  77  1  46  2  63  3  75  4  66  5  76  6  65  7  7  8  18  9  75  10  69  11  86  12  55  13  87  14  8
  0  77  1  97  2  8  3  53  4  79  5  75  6  88  7  28  8  16  9  91  10  63  11  45  12  43  13  13  14  8
  0  97  1  39  2  86  3  53  4  97  5  77  6  15  7  87  8  12  9  74  10  53  11  42  12  63  13  56  14  92
  0  41  1  84  2  9  3  47  4  49  5  48  6  91  7  70  8  66  9  11  10  30  11  46  12  24  13  42  14  14
  0  56  1  18  2  22  3  81  4  7  5  61  6  40  7  49  8  50  9  34  10  17  11  23  12  68  13  88  14  37
  0  7  1  77  2  16  3  71  4  90  5  75  6  94  7  7  8  75  9  57  10  67  11  38  12  77  13  40  14  26
  0  64  1  20  2  3  3  93  4  18  5  1  6  25  7  35  8  3  9  89  10  53  11  47  12  19  13  95  14  71
  0  83  1  19  2  27  3  29  4  40  5  94  6  99  7  47  8  2  9  16  10  93  11  31  12  6  13  60  14  53
  0  33  1  7  2  90  3  85  4  62  5  19  6  96  7  97  8  33  9  78  10  93  11  71  12  83  13  71  14  32
  0  89  1  25  2  85  3  84  4  28  5  96  6  7  7  3  8  13  9  34  10  69  11  55  12  82  13  69  14  9
  0  99  1  4  2  43  3  93  4  42  5  60  6  76  7  43  8  91  9  74  10  33  11  35  12  16  13  48  14  86
  0  65  1  37  2  49  3  51  4  39  5  54  6  50  7  66  8  71  9  64  10  8  11  16  12  37  13  99  14  57
  0  34  1  16  2  48  3  27  4  47  5  3  6  87  7  24  8  22  9  80  10  57  11  35  12  34  13  85  14  66
  0  47  1  88  2  3  3  85  4  75  5  31  6  82  7  94  8  58  9  54  10  54  11  67  12  65  13  80  14  79
  0  21  1  9  2  67  3  82  4  68  5  71  6  77  7  39  8  40  9  78  10  5  11  8  12  65  13  87  14  53
  0  51  1  39  2  73  3  99  4  69  5  1  6  17  7  1  8  38  9  15  10  45  11  8  12  39  13  20  14  66
  0  24  1  13  2  83  3  7  4  95  5  78  6  92  7  38  8  25  9  96  10  58  11  55  12  66  13  66  14  12
  0  37  1  13  2  93  3  23  4  6  5  14  6  68  7  75  8  75  9  55  10  21  11  72  12  29  13  12  14  74
  0  53  1  94  2  50  3  91  4  49  5  92  6  29  7  86  8  24  9  79  10  40  11  58  12  46  13  11  14  80
  0  60  1  9  2  92  3  48  4  12  5  2  6  4  7  5  8  13  9  73  10  5  11  48  12  34  13  69  14  57
  0  78  1  73  2  15  3  34  4  69  5  11  6  76  7  89  8  58  9  3  10  36  11  99  12  30  13  97  14  53
  0  31  1  53  2  61  3  93  4  66  5  97  6  43  7  54  8  2  9  32  10  33  11  26  12  8  13  90  14  68
  0  51  1  99  2  58  3  12  4  75  5  72  6  2  7  3  8  15  9  93  10  59  11  40  12  72  13  54  14  58
  0  75  1  74  2  24  3  25  4  1  5  19  6  69  7  9  8  66  9  56  10  10  11  36  12  71  13  39  14  42
  0  50  1  5  2  11  3  56  4  30  5  30  6  25  7  96  8  73  9  38  10  13  11  79  12  88  13  23  14  46
  0  49  1  47  2  42  3  48  4  28  5  66  6  77  7  60  8  15  9  39  10  96  11  77  12  14  13  41  14  85
  0  86  1  16  2  55  3  15  4  86  5  51  6  8  7  34  8  73  9  95  10  19  11  30  12  14  13  97  14  87
  0  89  1  43  2  44  3  78  4  37  5  60  6  6  7  82  8  52  9  14  10  19  11  51  12  89  13  82  14  80
  0  54  1  47  2  11  3  87  4  88  5  55  6  59  7  37  8  37  9  89  10  52  11  62  12  80  13  27  14  54
  0  75  1  77  2  95  3  16  4  48  5  90  6  89  7  42  8  48  9  11  10  51  11  95  12  97  13  17  14  41
  0  32  1  48  2  65  3  42  4  29  5  68  6  92  7  76  8  59  9  92  10  98  11  33  12  11  13  86  14  10
  0  20  1  68  2  16  3  67  4  7  5  90  6  24  7  77  8  17  9  69  10  70  11  23  12  64  13  41  14  70
  0  15  1  84  2  82  3  35  4  45  5  69  6  25  7  21  8  67  9  15  10  58  11  22  12  3  13  58  14  23
  0  65  1  64  2  35  3  83  4  99  5  43  6  6  7  61  8  84  9  95  10  25  11  62  12  17  13  21  14  45
  0  8  1  56  2  33  3  91  4  84  5  34  6  50  7  41  8  53  9  59  10  71  11  95  12  76  13  56  14  93
  0  27  1  78  2  91  3  10  4  40  5  25  6  83  7  77  8  87  9  94  10  94  11  54  12  11  13  87  14  57
  0  41  1  12  2  70  3  76  4  64  5  74  6  85  7  15  8  19  9  87  10  41  11  48  12  19  13  35  14  77
  0  54  1  51  2  64  3  89  4  65  5  20  6  42  7  11  8  2  9  25  10  61  11  26  12  71  13  25  14  58
  0  56  1  86  2  52  3  45  4  29  5  55  6  14  7  84  8  27  9  24  10  71  11  49  12  82  13  7  14  84
  0  38  1  70  2  99  3  83  4  59  5  89  6  82  7  76  8  86  9  56  10  62  11  23  12  52  13  61  14  81
  0  33  1  42  2  27  3  29  4  57  5  92  6  98  7  16  8  90  9  12  10  45  11  86  12  11  13  81  14  46
  0  2  1  97  2  96  3  11  4  4  5  34  6  64  7  29  8  46  9  68  10  56  11  71  12  53  13  91  14  96
  0  76  1  45  2  65  3  25  4  2  5  34  6  88  7  63  8  18  9  84  10  14  11  84  12  73  13  1  14  24
  0  54  1  66  2  54  3  49  4  94  5  97  6  6  7  79  8  96  9  83  10  56  11  93  12  77  13  60  14  38
  0  34  1  47  2  20  3  33  4  63  5  59  6  28  7  76  8  16  9  32  10  45  11  90  12  9  13  71  14  39
  0  43  1  81  2  51  3  51  4  36  5  85  6  3  7  76  8  67  9  28  10  38  11  43  12  17  13  57  14  10
  0  24  1  54  2  34  3  69  4  7  5  67  6  29  7  85  8  98  9  59  10  37  11  36  12  58  13  61  14  10
  0  79  1  65  2  66  3  34  4  71  5  78  6  71  7  11  8  82  9  38  10  81  11  21  12  34  13  24  14  34
  0  72  1  57  2  58  3  20  4  62  5  43  6  25  7  24  8  20  9  34  10  51  11  12  12  86  13  77  14  55
  0  29  1  58  2  54  3  70  4  1  5  16  6  26  7  93  8  34  9  87  10  82  11  20  12  64  13  33  14  92
  0  59  1  14  2  58  3  59  4  54  5  28  6  69  7  62  8  33  9  28  10  53  11  24  12  71  13  89  14  29
  0  24  1  56  2  25  3  4  4  82  5  69  6  52  7  46  8  41  9  16  10  50  11  36  12  42  13  1  14  60
  0  72  1  87  2  3  3  63  4  44  5  96  6  97  7  46  8  89  9  36  10  57  11  56  12  3  13  63  14  85
TPM
  0  1591  1  1591  2  1591  3  1591  4  1591  5  1591  6  1591  7  1591  8  1591  9  1591  10  1591  11  1591  12  1591  13  1591  14  1591
PMT
  0  111  1  96  2  8  3  2  4  125  5  7  6  129  7  103  8  3  9  38  10  84  11  50  12  149  13  51  14  134
  0  12  1  60  2  115  3  84  4  42  5  139  6  98  7  130  8  107  9  32  10  58  11  128  12  146  13  56  14  148
  0  75  1  105  2  113  3  34  4  23  5  71  6  62  7  38  8  46  9  112  10  17  11  54  12  41  13  7  14  18
  0  28  1  61  2  22  3  1  4  31  5  149  6  47  7  23  8  102  9  133  10  76  11  114  12  27  13  71  14  33
  0  78  1  52  2  105  3  65  4  43  5  103  6  19  7  115  8  51  9  57  10  26  11  130  12  22  13  67  14  31
  0  86  1  99  2  122  3  4  4  55  5  97  6  14  7  127  8  41  9  62  10  5  11  148  12  15  13  14  14  14
  0  107  1  104  2  50  3  82  4  149  5  106  6  142  7  149  8  31  9  132  10  2  11  37  12  132  13  149  14  36
  0  1  1  30  2  137  3  146  4  114  5  104  6  56  7  125  8  121  9  60  10  76  11  130  12  44  13  81  14  22
  0  143  1  116  2  35  3  73  4  95  5  99  6  5  7  94  8  96  9  68  10  38  11  6  12  122  13  110  14  36
  0  6  1  44  2  52  3  32  4  114  5  133  6  17  7  38  8  37  9  51  10  10  11  89  12  87  13  101  14  23
  0  43  1  44  2  133  3  108  4  119  5  59  6  118  7  48  8  50  9  111  10  74  11  102  12  115  13  94  14  29
  0  121  1  66  2  126  3  142  4  93  5  51  6  77  7  116  8  80  9  66  10  77  11  28  12  136  13  2  14  37
  0  1  1  54  2  55  3  17  4  25  5  34  6  51  7  137  8  97  9  109  10  51  11  9  12  140  13  95  14  136
