100  5
  0  24  1  71  2  23  3  27  4  74
  0  48  1  17  2  56  3  18  4  23
  0  33  1  41  2  39  3  78  4  13
  0  22  1  57  2  76  3  78  4  29
  0  48  1  73  2  65  3  18  4  31
  0  39  1  9  2  30  3  86  4  62
  0  9  1  55  2  16  3  13  4  37
  0  19  1  48  2  97  3  71  4  93
  0  64  1  41  2  67  3  19  4  85
  0  62  1  15  2  90  3  53  4  37
  0  17  1  34  2  2  3  63  4  99
  0  82  1  81  2  82  3  53  4  25
  0  8  1  2  2  41  3  94  4  29
  0  27  1  35  2  10  3  36  4  26
  0  77  1  87  2  71  3  45  4  57
  0  97  1  1  2  70  3  52  4  26
  0  48  1  98  2  4  3  54  4  26
  0  68  1  85  2  88  3  92  4  59
  0  9  1  93  2  27  3  52  4  68
  0  2  1  10  2  27  3  21  4  12
  0  38  1  28  2  53  3  7  4  18
  0  23  1  74  2  38  3  13  4  39
  0  53  1  62  2  45  3  62  4  68
  0  33  1  69  2  7  3  51  4  73
  0  76  1  17  2  48  3  99  4  91
  0  51  1  10  2  49  3  66  4  48
  0  1  1  45  2  95  3  95  4  89
  0  2  1  98  2  30  3  46  4  55
  0  43  1  53  2  74  3  65  4  9
  0  45  1  43  2  19  3  15  4  91
  0  4  1  54  2  59  3  72  4  99
  0  62  1  42  2  78  3  9  4  47
  0  73  1  44  2  83  3  38  4  89
  0  16  1  56  2  8  3  22  4  96
  0  49  1  24  2  98  3  42  4  97
  0  33  1  70  2  88  3  63  4  69
  0  88  1  32  2  25  3  30  4  81
  0  14  1  40  2  60  3  6  4  62
  0  36  1  33  2  67  3  89  4  78
  0  28  1  37  2  68  3  99  4  41
  0  9  1  19  2  13  3  76  4  77
  0  79  1  31  2  96  3  25  4  50
  0  64  1  50  2  53  3  33  4  74
  0  85  1  96  2  1  3  99  4  29
  0  98  1  73  2  88  3  80  4  49
  0  78  1  96  2  58  3  96  4  32
  0  42  1  2  2  96  3  67  4  17
  0  1  1  65  2  84  3  11  4  21
  0  30  1  11  2  82  3  33  4  11
  0  92  1  87  2  87  3  72  4  61
  0  60  1  62  2  29  3  29  4  89
  0  95  1  86  2  26  3  52  4  80
  0  66  1  78  2  81  3  72  4  36
  0  80  1  94  2  46  3  38  4  22
  0  98  1  2  2  9  3  70  4  56
  0  1  1  4  2  8  3  76  4  83
  0  92  1  94  2  53  3  12  4  89
  0  92  1  89  2  17  3  7  4  68
  0  58  1  55  2  80  3  75  4  95
  0  18  1  89  2  66  3  28  4  18
  0  61  1  4  2  83  3  70  4  47
  0  49  1  27  2  40  3  12  4  67
  0  30  1  6  2  53  3  69  4  64
  0  87  1  64  2  71  3  65  4  14
  0  4  1  60  2  32  3  50  4  15
  0  84  1  34  2  86  3  37  4  6
  0  53  1  78  2  86  3  83  4  79
  0  88  1  96  2  88  3  36  4  48
  0  54  1  58  2  15  3  69  4  64
  0  26  1  29  2  54  3  28  4  18
  0  20  1  92  2  37  3  78  4  89
  0  39  1  83  2  66  3  28  4  10
  0  70  1  48  2  57  3  50  4  57
  0  62  1  28  2  52  3  71  4  50
  0  26  1  30  2  91  3  59  4  71
  0  71  1  50  2  74  3  34  4  40
  0  42  1  31  2  83  3  89  4  26
  0  19  1  51  2  7  3  41  4  73
  0  80  1  1  2  96  3  13  4  77
  0  10  1  6  2  86  3  98  4  89
  0  50  1  15  2  42  3  96  4  19
  0  49  1  19  2  91  3  49  4  94
  0  19  1  25  2  58  3  55  4  12
  0  73  1  58  2  98  3  37  4  42
  0  77  1  53  2  74  3  56  4  36
  0  91  1  4  2  95  3  52  4  48
  0  84  1  62  2  76  3  84  4  31
  0  68  1  75  2  97  3  53  4  93
  0  15  1  38  2  75  3  51  4  16
  0  79  1  89  2  47  3  83  4  54
  0  70  1  47  2  25  3  52  4  68
  0  56  1  23  2  45  3  77  4  2
  0  6  1  84  2  8  3  62  4  56
  0  80  1  42  2  72  3  36  4  71
  0  44  1  23  2  14  3  24  4  44
  0  16  1  45  2  38  3  24  4  47
  0  14  1  43  2  73  3  25  4  55
  0  9  1  97  2  62  3  6  4  4
  0  92  1  80  2  67  3  75  4  17
  0  18  1  61  2  46  3  22  4  44
TPM
  0  1131  1  1131  2  1131  3  1131  4  1131
PMT
  0  4  1  9  2  10  3  2  4  7
  0  11  1  5  2  19  3  16  4  3
  0  13  1  10  2  8  3  11  4  18
  0  23  1  19  2  14  3  18  4  5
  0  12  1  17  2  23  3  11  4  6
  0  12  1  21  2  22  3  7  4  11
  0  6  1  7  2  17  3  11  4  17
  0  15  1  12  2  16  3  12  4  12
  0  20  1  5  2  10  3  7  4  18
