50  5
  0  56  1  59  2  89  3  57  4  69
  0  19  1  42  2  82  3  34  4  93
  0  42  1  1  2  87  3  32  4  41
  0  5  1  42  2  91  3  99  4  24
  0  42  1  78  2  88  3  22  4  31
  0  95  1  71  2  98  3  22  4  68
  0  35  1  61  2  28  3  22  4  85
  0  56  1  94  2  3  3  7  4  87
  0  39  1  98  2  46  3  44  4  88
  0  89  1  9  2  29  3  64  4  22
  0  33  1  60  2  80  3  3  4  92
  0  78  1  15  2  51  3  69  4  81
  0  98  1  57  2  64  3  81  4  35
  0  30  1  46  2  54  3  20  4  33
  0  66  1  1  2  41  3  47  4  88
  0  81  1  81  2  12  3  98  4  62
  0  49  1  18  2  98  3  87  4  96
  0  62  1  11  2  85  3  26  4  3
  0  37  1  56  2  75  3  42  4  43
  0  94  1  35  2  57  3  73  4  63
  0  52  1  41  2  21  3  8  4  95
  0  15  1  83  2  77  3  21  4  52
  0  12  1  8  2  39  3  93  4  9
  0  53  1  75  2  70  3  39  4  2
  0  85  1  41  2  71  3  96  4  56
  0  30  1  43  2  50  3  13  4  10
  0  40  1  19  2  2  3  68  4  8
  0  85  1  38  2  60  3  61  4  64
  0  11  1  20  2  42  3  11  4  8
  0  97  1  42  2  28  3  3  4  44
  0  9  1  76  2  91  3  43  4  81
  0  46  1  96  2  85  3  26  4  41
  0  76  1  27  2  77  3  75  4  82
  0  61  1  7  2  11  3  78  4  24
  0  65  1  46  2  7  3  83  4  68
  0  65  1  54  2  12  3  36  4  2
  0  67  1  11  2  93  3  59  4  17
  0  65  1  95  2  19  3  5  4  31
  0  42  1  8  2  63  3  80  4  83
  0  10  1  7  2  76  3  32  4  52
  0  5  1  30  2  51  3  96  4  19
  0  71  1  63  2  7  3  3  4  47
  0  97  1  84  2  58  3  7  4  3
  0  91  1  13  2  47  3  51  4  99
  0  38  1  47  2  32  3  36  4  39
  0  75  1  20  2  15  3  89  4  78
  0  41  1  75  2  80  3  84  4  92
  0  60  1  4  2  67  3  83  4  20
  0  5  1  51  2  94  3  8  4  66
  0  72  1  87  2  12  3  7  4  13
TPM
  0  1039  1  1039  2  1039  3  1039  4  1039
PMT
  0  1  1  21  2  3  3  36  4  12
  0  28  1  45  2  24  3  7  4  5
  0  24  1  18  2  14  3  20  4  23
  0  39  1  36  2  26  3  37  4  6
  0  38  1  16  2  20  3  2  4  29
