100  15
  0  44  1  26  2  90  3  3  4  86  5  49  6  39  7  69  8  62  9  43  10  26  11  64  12  8  13  65  14  78
  0  72  1  67  2  3  3  45  4  77  5  45  6  63  7  48  8  96  9  14  10  18  11  99  12  23  13  70  14  25
  0  95  1  62  2  84  3  68  4  30  5  87  6  83  7  8  8  2  9  23  10  51  11  8  12  96  13  50  14  64
  0  5  1  77  2  87  3  65  4  27  5  3  6  84  7  58  8  62  9  58  10  45  11  83  12  71  13  93  14  56
  0  89  1  52  2  62  3  95  4  25  5  25  6  39  7  37  8  7  9  1  10  43  11  86  12  52  13  33  14  97
  0  15  1  60  2  76  3  14  4  58  5  95  6  99  7  58  8  21  9  12  10  32  11  62  12  91  13  99  14  28
  0  69  1  54  2  71  3  97  4  39  5  65  6  1  7  22  8  42  9  18  10  72  11  45  12  28  13  19  14  41
  0  44  1  40  2  55  3  69  4  87  5  6  6  18  7  13  8  34  9  48  10  4  11  74  12  55  13  72  14  33
  0  30  1  69  2  27  3  40  4  20  5  13  6  66  7  19  8  34  9  1  10  36  11  46  12  55  13  44  14  66
  0  3  1  29  2  30  3  56  4  70  5  74  6  82  7  68  8  74  9  54  10  50  11  78  12  98  13  74  14  7
  0  43  1  91  2  77  3  41  4  81  5  38  6  43  7  86  8  81  9  79  10  28  11  18  12  86  13  91  14  83
  0  91  1  13  2  51  3  59  4  43  5  99  6  60  7  62  8  46  9  11  10  17  11  39  12  88  13  25  14  28
  0  95  1  49  2  79  3  17  4  74  5  53  6  71  7  73  8  61  9  49  10  18  11  47  12  69  13  43  14  31
  0  74  1  49  2  70  3  66  4  99  5  7  6  2  7  42  8  27  9  33  10  2  11  38  12  6  13  70  14  99
  0  34  1  61  2  81  3  35  4  28  5  84  6  90  7  80  8  55  9  75  10  1  11  67  12  3  13  96  14  28
  0  59  1  75  2  67  3  97  4  52  5  73  6  15  7  81  8  85  9  76  10  73  11  89  12  12  13  52  14  83
  0  34  1  50  2  24  3  21  4  34  5  5  6  82  7  96  8  25  9  60  10  11  11  72  12  93  13  48  14  59
  0  83  1  55  2  66  3  97  4  91  5  33  6  96  7  24  8  86  9  24  10  40  11  18  12  7  13  45  14  78
  0  46  1  63  2  98  3  19  4  80  5  81  6  10  7  89  8  79  9  84  10  10  11  95  12  37  13  95  14  82
  0  39  1  6  2  34  3  85  4  74  5  44  6  23  7  19  8  54  9  55  10  31  11  9  12  75  13  99  14  31
  0  21  1  43  2  14  3  41  4  16  5  1  6  62  7  69  8  26  9  9  10  5  11  2  12  13  13  52  14  53
  0  76  1  18  2  25  3  55  4  57  5  38  6  11  7  34  8  89  9  74  10  63  11  47  12  94  13  44  14  64
  0  75  1  56  2  45  3  83  4  40  5  83  6  19  7  4  8  97  9  61  10  56  11  69  12  85  13  31  14  31
  0  61  1  97  2  51  3  56  4  29  5  19  6  34  7  12  8  14  9  54  10  67  11  78  12  53  13  27  14  45
  0  68  1  45  2  20  3  91  4  54  5  21  6  7  7  37  8  25  9  50  10  84  11  86  12  34  13  68  14  97
  0  81  1  95  2  16  3  31  4  53  5  62  6  16  7  98  8  25  9  90  10  40  11  64  12  87  13  67  14  38
  0  65  1  81  2  56  3  17  4  27  5  47  6  91  7  11  8  90  9  26  10  34  11  76  12  90  13  25  14  47
  0  94  1  59  2  87  3  71  4  75  5  32  6  20  7  10  8  86  9  95  10  63  11  42  12  56  13  92  14  30
  0  34  1  26  2  81  3  27  4  11  5  48  6  14  7  38  8  10  9  51  10  64  11  47  12  29  13  31  14  56
  0  9  1  45  2  21  3  35  4  12  5  56  6  62  7  3  8  90  9  79  10  84  11  4  12  64  13  13  14  45
  0  38  1  29  2  29  3  11  4  37  5  31  6  72  7  66  8  14  9  77  10  68  11  79  12  95  13  76  14  75
  0  80  1  89  2  22  3  32  4  14  5  37  6  44  7  78  8  63  9  61  10  6  11  59  12  88  13  14  14  15
  0  36  1  4  2  69  3  68  4  63  5  77  6  40  7  71  8  12  9  65  10  82  11  81  12  35  13  68  14  47
  0  67  1  20  2  3  3  70  4  98  5  71  6  26  7  20  8  96  9  2  10  29  11  51  12  6  13  46  14  20
  0  12  1  80  2  26  3  40  4  28  5  83  6  4  7  98  8  43  9  51  10  33  11  4  12  97  13  67  14  84
  0  33  1  76  2  47  3  94  4  89  5  48  6  27  7  84  8  99  9  83  10  13  11  20  12  73  13  32  14  36
  0  45  1  35  2  78  3  4  4  80  5  81  6  22  7  62  8  74  9  37  10  44  11  99  12  72  13  3  14  55
  0  55  1  1  2  28  3  39  4  22  5  14  6  48  7  44  8  44  9  49  10  68  11  75  12  60  13  63  14  76
  0  84  1  40  2  66  3  34  4  88  5  4  6  78  7  65  8  33  9  44  10  59  11  43  12  88  13  73  14  1
  0  48  1  70  2  65  3  73  4  43  5  82  6  73  7  73  8  98  9  48  10  41  11  4  12  50  13  85  14  34
  0  92  1  80  2  13  3  64  4  32  5  52  6  16  7  74  8  84  9  44  10  11  11  19  12  97  13  57  14  65
  0  55  1  19  2  89  3  81  4  19  5  3  6  11  7  50  8  59  9  52  10  75  11  21  12  57  13  42  14  57
  0  51  1  55  2  1  3  91  4  37  5  57  6  67  7  65  8  26  9  87  10  43  11  85  12  77  13  29  14  88
  0  10  1  8  2  56  3  64  4  42  5  45  6  41  7  94  8  3  9  83  10  15  11  14  12  29  13  93  14  87
  0  16  1  87  2  56  3  72  4  15  5  82  6  99  7  67  8  10  9  89  10  81  11  91  12  84  13  68  14  23
  0  68  1  88  2  18  3  95  4  10  5  3  6  83  7  39  8  57  9  64  10  26  11  16  12  52  13  3  14  19
  0  68  1  76  2  35  3  29  4  25  5  58  6  93  7  87  8  65  9  48  10  2  11  78  12  39  13  12  14  18
  0  89  1  9  2  82  3  11  4  90  5  55  6  81  7  37  8  54  9  61  10  92  11  32  12  31  13  78  14  59
  0  46  1  25  2  15  3  18  4  68  5  59  6  32  7  15  8  31  9  5  10  15  11  50  12  94  13  25  14  52
  0  49  1  40  2  56  3  68  4  67  5  28  6  23  7  55  8  58  9  99  10  62  11  30  12  77  13  30  14  4
  0  95  1  99  2  56  3  37  4  77  5  62  6  42  7  43  8  95  9  69  10  52  11  98  12  53  13  29  14  47
  0  60  1  69  2  82  3  27  4  92  5  2  6  73  7  68  8  1  9  13  10  57  11  57  12  76  13  84  14  42
  0  94  1  72  2  87  3  16  4  25  5  60  6  67  7  7  8  38  9  37  10  78  11  76  12  13  13  95  14  3
  0  39  1  26  2  56  3  33  4  64  5  37  6  35  7  83  8  97  9  21  10  99  11  88  12  21  13  10  14  32
  0  81  1  17  2  71  3  3  4  72  5  25  6  30  7  13  8  66  9  3  10  98  11  84  12  88  13  17  14  6
  0  87  1  8  2  39  3  6  4  24  5  81  6  27  7  16  8  34  9  55  10  94  11  30  12  82  13  87  14  18
  0  89  1  28  2  2  3  35  4  15  5  97  6  60  7  22  8  29  9  28  10  29  11  53  12  23  13  20  14  80
  0  96  1  54  2  29  3  34  4  88  5  69  6  12  7  50  8  78  9  86  10  56  11  30  12  65  13  98  14  3
  0  63  1  43  2  61  3  24  4  44  5  32  6  86  7  3  8  58  9  76  10  64  11  54  12  78  13  11  14  67
  0  64  1  54  2  51  3  14  4  41  5  63  6  46  7  6  8  8  9  68  10  2  11  59  12  79  13  92  14  64
  0  88  1  3  2  11  3  19  4  22  5  49  6  29  7  44  8  54  9  1  10  67  11  37  12  61  13  52  14  8
  0  82  1  47  2  29  3  53  4  39  5  74  6  6  7  4  8  75  9  14  10  40  11  59  12  58  13  24  14  97
  0  94  1  99  2  18  3  12  4  74  5  93  6  4  7  93  8  95  9  10  10  94  11  13  12  85  13  27  14  28
  0  95  1  80  2  24  3  35  4  16  5  67  6  48  7  57  8  70  9  78  10  39  11  99  12  75  13  44  14  85
  0  54  1  19  2  62  3  28  4  62  5  51  6  39  7  43  8  68  9  11  10  6  11  66  12  93  13  99  14  6
  0  47  1  53  2  76  3  31  4  45  5  61  6  14  7  32  8  91  9  19  10  48  11  33  12  3  13  75  14  18
  0  37  1  96  2  9  3  62  4  87  5  59  6  58  7  30  8  40  9  69  10  13  11  20  12  38  13  57  14  43
  0  63  1  16  2  75  3  11  4  95  5  64  6  5  7  14  8  1  9  29  10  10  11  45  12  13  13  35  14  33
  0  64  1  14  2  50  3  82  4  25  5  65  6  38  7  53  8  95  9  45  10  54  11  99  12  66  13  4  14  95
  0  23  1  44  2  41  3  98  4  64  5  57  6  72  7  55  8  15  9  39  10  45  11  82  12  69  13  57  14  6
  0  68  1  98  2  94  3  46  4  88  5  10  6  27  7  76  8  46  9  24  10  25  11  85  12  6  13  89  14  90
  0  9  1  97  2  9  3  4  4  12  5  33  6  45  7  31  8  37  9  48  10  39  11  41  12  3  13  64  14  63
  0  8  1  29  2  41  3  69  4  4  5  38  6  53  7  23  8  18  9  60  10  19  11  34  12  55  13  26  14  62
  0  21  1  80  2  46  3  87  4  60  5  39  6  92  7  92  8  23  9  53  10  37  11  59  12  92  13  81  14  21
  0  90  1  12  2  83  3  52  4  79  5  17  6  36  7  50  8  40  9  41  10  88  11  92  12  31  13  99  14  50
  0  33  1  39  2  1  3  63  4  91  5  27  6  25  7  72  8  40  9  47  10  83  11  29  12  29  13  74  14  41
  0  78  1  33  2  23  3  60  4  4  5  7  6  30  7  14  8  44  9  84  10  43  11  61  12  8  13  67  14  29
  0  88  1  35  2  60  3  94  4  64  5  99  6  82  7  97  8  51  9  36  10  49  11  59  12  84  13  46  14  89
  0  49  1  3  2  11  3  64  4  68  5  81  6  20  7  87  8  61  9  35  10  89  11  81  12  47  13  56  14  29
  0  88  1  28  2  19  3  89  4  51  5  35  6  71  7  81  8  22  9  2  10  89  11  70  12  55  13  91  14  64
  0  73  1  5  2  11  3  47  4  14  5  26  6  80  7  75  8  16  9  56  10  60  11  57  12  39  13  18  14  36
  0  77  1  90  2  76  3  16  4  61  5  53  6  38  7  9  8  12  9  36  10  78  11  63  12  91  13  21  14  31
  0  97  1  35  2  63  3  77  4  55  5  94  6  78  7  22  8  56  9  68  10  9  11  36  12  36  13  56  14  70
  0  14  1  86  2  49  3  10  4  65  5  49  6  37  7  23  8  43  9  12  10  97  11  21  12  82  13  25  14  12
  0  44  1  89  2  28  3  86  4  53  5  23  6  49  7  20  8  57  9  42  10  38  11  12  12  49  13  16  14  16
  0  14  1  66  2  26  3  73  4  74  5  90  6  3  7  54  8  19  9  53  10  76  11  85  12  71  13  29  14  28
  0  50  1  4  2  2  3  81  4  28  5  85  6  60  7  71  8  31  9  45  10  58  11  67  12  15  13  85  14  21
  0  46  1  48  2  9  3  20  4  49  5  63  6  35  7  16  8  51  9  30  10  34  11  57  12  38  13  15  14  99
  0  83  1  76  2  23  3  26  4  65  5  98  6  39  7  73  8  87  9  66  10  8  11  47  12  47  13  66  14  20
  0  95  1  39  2  45  3  3  4  24  5  29  6  21  7  21  8  84  9  54  10  86  11  43  12  57  13  4  14  17
  0  31  1  77  2  42  3  49  4  47  5  35  6  13  7  70  8  97  9  71  10  17  11  67  12  57  13  52  14  49
  0  96  1  33  2  72  3  51  4  92  5  68  6  44  7  1  8  14  9  5  10  56  11  57  12  98  13  32  14  18
  0  22  1  90  2  12  3  23  4  94  5  35  6  47  7  90  8  30  9  66  10  36  11  73  12  16  13  45  14  28
  0  40  1  45  2  8  3  77  4  77  5  40  6  33  7  55  8  55  9  52  10  41  11  69  12  59  13  57  14  91
  0  6  1  94  2  96  3  26  4  77  5  85  6  64  7  84  8  68  9  55  10  12  11  92  12  80  13  52  14  35
  0  85  1  39  2  41  3  76  4  35  5  23  6  93  7  20  8  73  9  92  10  42  11  6  12  56  13  64  14  80
  0  69  1  83  2  42  3  19  4  73  5  78  6  96  7  37  8  6  9  14  10  75  11  91  12  59  13  97  14  52
  0  58  1  7  2  90  3  78  4  38  5  39  6  3  7  84  8  34  9  36  10  88  11  31  12  95  13  91  14  51
  0  34  1  81  2  94  3  8  4  89  5  73  6  52  7  94  8  81  9  79  10  8  11  2  12  54  13  63  14  83
  0  67  1  71  2  17  3  46  4  73  5  7  6  62  7  88  8  27  9  22  10  37  11  70  12  14  13  41  14  6
TPM
  0  1446  1  1446  2  1446  3  1446  4  1446  5  1446  6  1446  7  1446  8  1446  9  1446  10  1446  11  1446  12  1446  13  1446  14  1446
PMT
  0  12  1  14  2  5  3  24  4  4  5  3  6  17  7  23  8  23  9  2  10  22  11  10  12  23  13  23  14  3
  0  9  1  1  2  7  3  12  4  7  5  13  6  15  7  13  8  1  9  10  10  3  11  11  12  17  13  9  14  13
  0  4  1  16  2  6  3  10  4  14  5  13  6  22  7  12  8  17  9  16  10  3  11  10  12  6  13  16  14  4
  0  23  1  17  2  20  3  9  4  10  5  23  6  18  7  1  8  1  9  4  10  22  11  15  12  12  13  23  14  5
  0  18  1  16  2  15  3  15  4  17  5  2  6  19  7  8  8  18  9  1  10  13  11  6  12  21  13  1  14  9
  0  11  1  14  2  19  3  19  4  15  5  6  6  2  7  3  8  2  9  16  10  11  11  16  12  5  13  21  14  5
  0  19  1  2  2  17  3  20  4  3  5  24  6  12  7  4  8  1  9  2  10  23  11  14  12  12  13  14  14  11
