20  20
  0  20  1  37  2  59  3  85  4  34  5  61  6  6  7  51  8  71  9  35  10  45  11  11  12  65  13  4  14  60  15  71  16  2  17  92  18  34  19  61
  0  53  1  12  2  80  3  21  4  75  5  65  6  48  7  77  8  86  9  50  10  64  11  97  12  53  13  48  14  96  15  47  16  18  17  78  18  50  19  22
  0  50  1  51  2  37  3  16  4  26  5  37  6  63  7  42  8  41  9  53  10  48  11  31  12  29  13  16  14  57  15  63  16  33  17  32  18  3  19  15
  0  53  1  4  2  70  3  18  4  80  5  86  6  48  7  72  8  61  9  24  10  83  11  57  12  75  13  34  14  92  15  24  16  31  17  43  18  85  19  78
  0  75  1  81  2  2  3  76  4  99  5  70  6  46  7  87  8  95  9  94  10  95  11  19  12  55  13  27  14  92  15  83  16  61  17  34  18  56  19  57
  0  88  1  8  2  91  3  81  4  12  5  79  6  41  7  72  8  3  9  19  10  46  11  66  12  55  13  32  14  97  15  12  16  72  17  94  18  86  19  73
  0  94  1  99  2  92  3  19  4  70  5  99  6  74  7  6  8  92  9  65  10  40  11  83  12  40  13  11  14  15  15  77  16  8  17  32  18  40  19  29
  0  26  1  80  2  65  3  93  4  75  5  53  6  21  7  34  8  68  9  79  10  67  11  56  12  51  13  39  14  90  15  74  16  43  17  24  18  64  19  5
  0  12  1  53  2  94  3  12  4  66  5  82  6  42  7  86  8  6  9  82  10  70  11  98  12  51  13  64  14  66  15  61  16  65  17  88  18  27  19  22
  0  21  1  84  2  31  3  31  4  75  5  48  6  11  7  81  8  78  9  22  10  10  11  8  12  94  13  63  14  90  15  90  16  35  17  45  18  17  19  7
  0  34  1  63  2  44  3  15  4  92  5  28  6  71  7  75  8  97  9  79  10  53  11  38  12  78  13  43  14  68  15  51  16  66  17  11  18  99  19  65
  0  48  1  37  2  59  3  51  4  55  5  59  6  76  7  47  8  27  9  89  10  33  11  93  12  12  13  54  14  95  15  46  16  27  17  50  18  7  19  49
  0  79  1  59  2  9  3  28  4  6  5  54  6  27  7  25  8  12  9  53  10  33  11  85  12  86  13  31  14  65  15  77  16  49  17  96  18  77  19  92
  0  37  1  77  2  35  3  62  4  46  5  81  6  88  7  93  8  98  9  27  10  99  11  7  12  60  13  59  14  84  15  19  16  78  17  91  18  1  19  22
  0  87  1  48  2  11  3  34  4  94  5  87  6  80  7  39  8  67  9  30  10  95  11  22  12  73  13  40  14  20  15  83  16  34  17  15  18  12  19  91
  0  12  1  78  2  77  3  77  4  28  5  4  6  42  7  22  8  87  9  96  10  37  11  66  12  61  13  15  14  60  15  37  16  34  17  9  18  57  19  93
  0  44  1  6  2  8  3  12  4  59  5  80  6  36  7  88  8  60  9  70  10  80  11  5  12  37  13  42  14  72  15  97  16  9  17  13  18  25  19  30
  0  38  1  80  2  36  3  42  4  87  5  15  6  37  7  52  8  32  9  19  10  54  11  8  12  49  13  69  14  68  15  23  16  32  17  70  18  84  19  62
  0  1  1  8  2  38  3  35  4  9  5  76  6  14  7  15  8  68  9  5  10  50  11  20  12  49  13  27  14  49  15  91  16  11  17  57  18  21  19  70
  0  79  1  63  2  27  3  56  4  92  5  57  6  10  7  97  8  42  9  53  10  16  11  52  12  18  13  35  14  53  15  13  16  25  17  61  18  35  19  81
TPM
  0  678  1  678  2  678  3  678  4  678  5  678  6  678  7  678  8  678  9  678  10  678  11  678  12  678  13  678  14  678  15  678  16  678  17  678  18  678  19  678
PMT
  0  6  1  44  2  6  3  25  4  27  5  44  6  39  7  7  8  32  9  48  10  10  11  8  12  17  13  2  14  18  15  11  16  13  17  3  18  19  19  30
  0  28  1  21  2  17  3  30  4  33  5  2  6  10  7  2  8  25  9  47  10  36  11  30  12  41  13  36  14  40  15  32  16  49  17  45  18  38  19  32
  0  34  1  16  2  32  3  21  4  7  5  14  6  19  7  47  8  17  9  21  10  19  11  11  12  25  13  9  14  45  15  24  16  42  17  4  18  31  19  3
