500  5
  0  74  1  19  2  72  3  82  4  45
  0  50  1  79  2  39  3  67  4  28
  0  28  1  25  2  55  3  52  4  50
  0  76  1  42  2  75  3  35  4  31
  0  95  1  79  2  81  3  51  4  96
  0  73  1  72  2  22  3  80  4  94
  0  13  1  22  2  90  3  56  4  72
  0  36  1  83  2  83  3  10  4  53
  0  98  1  34  2  65  3  55  4  71
  0  89  1  68  2  9  3  65  4  67
  0  79  1  8  2  35  3  86  4  66
  0  22  1  64  2  83  3  97  4  60
  0  29  1  80  2  76  3  49  4  73
  0  19  1  75  2  84  3  21  4  44
  0  30  1  7  2  41  3  87  4  6
  0  9  1  44  2  79  3  44  4  83
  0  76  1  95  2  50  3  52  4  54
  0  17  1  96  2  45  3  30  4  68
  0  19  1  32  2  97  3  38  4  66
  0  4  1  87  2  25  3  10  4  64
  0  81  1  39  2  22  3  86  4  74
  0  73  1  2  2  35  3  51  4  15
  0  72  1  69  2  57  3  45  4  12
  0  60  1  77  2  84  3  70  4  6
  0  60  1  50  2  96  3  21  4  43
  0  41  1  71  2  27  3  76  4  75
  0  20  1  83  2  41  3  36  4  54
  0  27  1  4  2  7  3  69  4  3
  0  77  1  94  2  90  3  29  4  63
  0  83  1  38  2  1  3  82  4  58
  0  78  1  36  2  48  3  86  4  53
  0  31  1  24  2  65  3  24  4  54
  0  60  1  54  2  63  3  21  4  27
  0  59  1  84  2  7  3  60  4  35
  0  89  1  2  2  6  3  26  4  71
  0  23  1  27  2  61  3  21  4  12
  0  97  1  66  2  97  3  12  4  17
  0  67  1  75  2  86  3  99  4  98
  0  90  1  18  2  34  3  30  4  14
  0  24  1  18  2  89  3  62  4  50
  0  5  1  40  2  7  3  41  4  22
  0  24  1  29  2  4  3  57  4  12
  0  63  1  2  2  1  3  94  4  94
  0  56  1  11  2  17  3  17  4  32
  0  31  1  34  2  79  3  44  4  70
  0  51  1  56  2  11  3  45  4  68
  0  21  1  27  2  21  3  37  4  28
  0  50  1  13  2  13  3  16  4  22
  0  39  1  51  2  84  3  49  4  25
  0  88  1  25  2  35  3  6  4  88
  0  90  1  33  2  81  3  73  4  39
  0  56  1  18  2  50  3  91  4  71
  0  89  1  92  2  88  3  51  4  21
  0  71  1  28  2  80  3  67  4  23
  0  22  1  23  2  37  3  79  4  16
  0  4  1  52  2  47  3  35  4  61
  0  99  1  72  2  78  3  75  4  16
  0  28  1  54  2  71  3  3  4  42
  0  34  1  64  2  85  3  17  4  77
  0  84  1  44  2  25  3  41  4  2
  0  75  1  91  2  79  3  46  4  87
  0  76  1  4  2  83  3  17  4  31
  0  58  1  93  2  21  3  88  4  22
  0  63  1  98  2  14  3  49  4  3
  0  26  1  26  2  11  3  20  4  19
  0  54  1  93  2  32  3  55  4  9
  0  70  1  5  2  30  3  66  4  58
  0  28  1  8  2  9  3  10  4  79
  0  5  1  57  2  18  3  34  4  23
  0  91  1  30  2  25  3  99  4  57
  0  90  1  59  2  68  3  83  4  66
  0  37  1  24  2  77  3  28  4  43
  0  45  1  68  2  78  3  1  4  22
  0  1  1  65  2  99  3  88  4  22
  0  7  1  51  2  53  3  99  4  26
  0  32  1  83  2  68  3  74  4  5
  0  86  1  89  2  79  3  42  4  83
  0  76  1  56  2  85  3  91  4  15
  0  62  1  16  2  33  3  82  4  95
  0  22  1  49  2  58  3  49  4  85
  0  98  1  47  2  84  3  28  4  52
  0  92  1  83  2  79  3  12  4  38
  0  90  1  70  2  30  3  54  4  58
  0  52  1  4  2  52  3  50  4  7
  0  60  1  52  2  68  3  90  4  62
  0  62  1  14  2  19  3  6  4  8
  0  97  1  9  2  84  3  97  4  45
  0  12  1  42  2  26  3  80  4  18
  0  39  1  54  2  78  3  8  4  3
  0  98  1  10  2  83  3  37  4  41
  0  35  1  12  2  22  3  34  4  6
  0  54  1  6  2  52  3  90  4  65
  0  90  1  26  2  35  3  85  4  65
  0  68  1  6  2  73  3  14  4  48
  0  97  1  31  2  26  3  2  4  2
  0  26  1  77  2  78  3  53  4  25
  0  69  1  55  2  7  3  81  4  19
  0  63  1  23  2  39  3  59  4  27
  0  47  1  52  2  4  3  1  4  28
  0  28  1  42  2  39  3  96  4  54
  0  13  1  65  2  2  3  48  4  57
  0  97  1  89  2  50  3  31  4  60
  0  48  1  61  2  61  3  88  4  80
  0  66  1  46  2  99  3  57  4  23
  0  49  1  97  2  67  3  92  4  45
  0  23  1  78  2  44  3  87  4  70
  0  62  1  65  2  33  3  41  4  52
  0  44  1  46  2  94  3  33  4  30
  0  40  1  15  2  93  3  73  4  51
  0  20  1  82  2  88  3  49  4  61
  0  37  1  27  2  26  3  7  4  1
  0  20  1  19  2  94  3  31  4  36
  0  53  1  7  2  63  3  87  4  22
  0  97  1  93  2  39  3  33  4  74
  0  88  1  34  2  83  3  23  4  27
  0  35  1  53  2  9  3  53  4  41
  0  26  1  24  2  78  3  21  4  67
  0  28  1  61  2  86  3  29  4  26
  0  67  1  3  2  67  3  75  4  70
  0  75  1  78  2  15  3  63  4  99
  0  81  1  55  2  75  3  49  4  39
  0  71  1  25  2  20  3  60  4  1
  0  47  1  84  2  27  3  21  4  85
  0  17  1  76  2  71  3  25  4  67
  0  80  1  32  2  8  3  36  4  36
  0  86  1  71  2  49  3  51  4  30
  0  85  1  37  2  86  3  85  4  79
  0  84  1  91  2  56  3  3  4  90
  0  38  1  20  2  34  3  53  4  51
  0  43  1  53  2  73  3  83  4  75
  0  34  1  56  2  81  3  37  4  14
  0  26  1  38  2  33  3  68  4  4
  0  43  1  38  2  73  3  6  4  65
  0  48  1  48  2  70  3  22  4  81
  0  15  1  11  2  31  3  76  4  97
  0  49  1  52  2  41  3  64  4  95
  0  48  1  16  2  93  3  67  4  41
  0  75  1  84  2  56  3  31  4  88
  0  75  1  99  2  7  3  92  4  29
  0  9  1  63  2  58  3  94  4  56
  0  16  1  57  2  56  3  37  4  61
  0  62  1  33  2  46  3  32  4  20
  0  92  1  32  2  52  3  96  4  73
  0  35  1  68  2  85  3  58  4  7
  0  51  1  14  2  22  3  73  4  46
  0  4  1  47  2  92  3  53  4  62
  0  94  1  10  2  59  3  4  4  59
  0  20  1  26  2  52  3  54  4  86
  0  48  1  46  2  97  3  77  4  6
  0  59  1  7  2  14  3  77  4  16
  0  12  1  51  2  7  3  49  4  51
  0  26  1  19  2  41  3  6  4  50
  0  34  1  41  2  87  3  23  4  40
  0  48  1  95  2  9  3  98  4  4
  0  84  1  85  2  8  3  42  4  31
  0  71  1  47  2  74  3  90  4  79
  0  81  1  23  2  62  3  59  4  87
  0  18  1  20  2  33  3  32  4  31
  0  76  1  18  2  30  3  9  4  80
  0  6  1  48  2  24  3  77  4  44
  0  31  1  57  2  63  3  28  4  67
  0  86  1  31  2  98  3  39  4  47
  0  86  1  28  2  94  3  69  4  65
  0  96  1  55  2  27  3  1  4  39
  0  44  1  56  2  17  3  78  4  93
  0  12  1  40  2  88  3  74  4  74
  0  53  1  65  2  48  3  35  4  44
  0  66  1  38  2  20  3  28  4  91
  0  71  1  16  2  21  3  73  4  35
  0  26  1  15  2  25  3  51  4  66
  0  77  1  58  2  67  3  61  4  77
  0  62  1  2  2  29  3  1  4  23
  0  11  1  49  2  13  3  5  4  55
  0  45  1  95  2  27  3  82  4  36
  0  39  1  24  2  61  3  50  4  83
  0  54  1  20  2  74  3  44  4  98
  0  92  1  9  2  51  3  74  4  64
  0  44  1  93  2  40  3  61  4  71
  0  57  1  80  2  52  3  8  4  84
  0  91  1  32  2  74  3  98  4  5
  0  14  1  90  2  70  3  18  4  51
  0  53  1  28  2  26  3  69  4  99
  0  28  1  70  2  72  3  8  4  35
  0  45  1  48  2  63  3  91  4  32
  0  3  1  85  2  71  3  51  4  94
  0  15  1  36  2  49  3  36  4  94
  0  48  1  65  2  94  3  94  4  18
  0  40  1  11  2  61  3  72  4  65
  0  6  1  97  2  76  3  85  4  62
  0  4  1  56  2  94  3  84  4  35
  0  87  1  2  2  83  3  46  4  68
  0  48  1  34  2  44  3  72  4  96
  0  99  1  61  2  54  3  43  4  44
  0  18  1  66  2  1  3  37  4  44
  0  97  1  69  2  51  3  70  4  41
  0  85  1  7  2  17  3  56  4  19
  0  91  1  32  2  85  3  59  4  89
  0  66  1  37  2  4  3  69  4  78
  0  40  1  50  2  34  3  11  4  40
  0  46  1  29  2  86  3  90  4  59
  0  53  1  2  2  50  3  55  4  31
  0  28  1  12  2  9  3  29  4  49
  0  91  1  84  2  37  3  84  4  79
  0  59  1  30  2  86  3  30  4  70
  0  2  1  6  2  24  3  17  4  25
  0  64  1  45  2  49  3  68  4  87
  0  52  1  16  2  7  3  70  4  41
  0  61  1  70  2  90  3  17  4  86
  0  31  1  88  2  31  3  28  4  41
  0  83  1  50  2  1  3  45  4  85
  0  64  1  21  2  33  3  24  4  46
  0  4  1  35  2  23  3  19  4  1
  0  34  1  61  2  4  3  20  4  75
  0  16  1  43  2  45  3  97  4  81
  0  26  1  48  2  87  3  5  4  59
  0  56  1  77  2  74  3  71  4  31
  0  96  1  69  2  22  3  48  4  67
  0  38  1  70  2  11  3  4  4  74
  0  29  1  16  2  48  3  11  4  87
  0  63  1  61  2  40  3  95  4  84
  0  42  1  37  2  44  3  15  4  52
  0  48  1  74  2  46  3  67  4  62
  0  3  1  38  2  76  3  80  4  47
  0  66  1  8  2  61  3  97  4  33
  0  49  1  85  2  55  3  82  4  85
  0  93  1  32  2  84  3  93  4  73
  0  99  1  80  2  34  3  98  4  19
  0  7  1  54  2  55  3  88  4  46
  0  86  1  10  2  93  3  60  4  3
  0  94  1  50  2  9  3  63  4  14
  0  69  1  62  2  62  3  8  4  91
  0  59  1  71  2  27  3  57  4  68
  0  27  1  84  2  22  3  49  4  7
  0  15  1  35  2  36  3  98  4  43
  0  27  1  72  2  61  3  37  4  83
  0  77  1  18  2  18  3  3  4  30
  0  40  1  24  2  64  3  85  4  13
  0  76  1  45  2  73  3  83  4  83
  0  70  1  42  2  45  3  70  4  92
  0  31  1  94  2  43  3  17  4  13
  0  69  1  12  2  30  3  14  4  70
  0  22  1  98  2  17  3  93  4  89
  0  44  1  4  2  49  3  28  4  3
  0  82  1  47  2  7  3  39  4  24
  0  51  1  95  2  71  3  80  4  56
  0  61  1  7  2  86  3  31  4  49
  0  28  1  41  2  26  3  45  4  52
  0  30  1  43  2  99  3  58  4  50
  0  26  1  82  2  74  3  26  4  2
  0  69  1  41  2  32  3  86  4  1
  0  10  1  77  2  53  3  53  4  44
  0  4  1  94  2  24  3  23  4  94
  0  55  1  7  2  71  3  20  4  3
  0  10  1  61  2  48  3  61  4  65
  0  67  1  94  2  40  3  4  4  59
  0  11  1  10  2  2  3  76  4  6
  0  32  1  39  2  7  3  75  4  23
  0  5  1  65  2  76  3  24  4  54
  0  63  1  55  2  5  3  94  4  87
  0  45  1  13  2  53  3  40  4  67
  0  57  1  69  2  20  3  14  4  84
  0  90  1  29  2  93  3  89  4  84
  0  46  1  70  2  57  3  87  4  94
  0  25  1  43  2  55  3  98  4  8
  0  31  1  81  2  14  3  89  4  20
  0  3  1  56  2  7  3  44  4  9
  0  84  1  58  2  15  3  22  4  1
  0  14  1  36  2  15  3  77  4  30
  0  55  1  83  2  24  3  90  4  15
  0  93  1  51  2  7  3  50  4  67
  0  98  1  55  2  32  3  68  4  26
  0  39  1  43  2  27  3  99  4  90
  0  63  1  90  2  6  3  59  4  70
  0  89  1  83  2  48  3  99  4  79
  0  61  1  96  2  24  3  75  4  25
  0  24  1  34  2  90  3  70  4  70
  0  30  1  61  2  8  3  18  4  67
  0  12  1  15  2  63  3  18  4  72
  0  74  1  76  2  13  3  95  4  27
  0  81  1  12  2  96  3  30  4  16
  0  4  1  23  2  2  3  89  4  17
  0  42  1  2  2  23  3  20  4  90
  0  58  1  36  2  20  3  19  4  57
  0  42  1  7  2  38  3  58  4  44
  0  87  1  51  2  78  3  42  4  9
  0  5  1  88  2  4  3  77  4  28
  0  90  1  61  2  5  3  14  4  86
  0  26  1  54  2  76  3  46  4  38
  0  54  1  89  2  34  3  93  4  12
  0  73  1  68  2  21  3  44  4  10
  0  99  1  84  2  99  3  81  4  50
  0  58  1  48  2  80  3  42  4  77
  0  58  1  22  2  7  3  72  4  86
  0  54  1  64  2  42  3  57  4  76
  0  90  1  13  2  95  3  68  4  34
  0  6  1  46  2  22  3  50  4  89
  0  1  1  19  2  46  3  6  4  3
  0  92  1  63  2  91  3  3  4  68
  0  53  1  25  2  96  3  77  4  9
  0  84  1  58  2  80  3  50  4  94
  0  50  1  48  2  5  3  85  4  78
  0  88  1  6  2  1  3  15  4  15
  0  3  1  30  2  25  3  94  4  67
  0  51  1  45  2  19  3  34  4  5
  0  20  1  98  2  5  3  35  4  85
  0  51  1  13  2  76  3  56  4  60
  0  20  1  62  2  58  3  6  4  98
  0  92  1  14  2  95  3  14  4  82
  0  64  1  63  2  14  3  69  4  89
  0  94  1  1  2  81  3  79  4  5
  0  16  1  54  2  25  3  80  4  90
  0  70  1  71  2  57  3  27  4  73
  0  42  1  94  2  18  3  43  4  10
  0  72  1  20  2  64  3  91  4  18
  0  33  1  21  2  88  3  35  4  59
  0  82  1  97  2  12  3  43  4  81
  0  57  1  99  2  2  3  93  4  19
  0  10  1  19  2  63  3  50  4  66
  0  49  1  46  2  7  3  18  4  49
  0  53  1  31  2  77  3  57  4  25
  0  74  1  64  2  54  3  59  4  37
  0  55  1  7  2  85  3  75  4  71
  0  58  1  54  2  33  3  65  4  25
  0  70  1  79  2  62  3  14  4  16
  0  70  1  10  2  63  3  10  4  64
  0  94  1  84  2  34  3  53  4  59
  0  36  1  95  2  5  3  29  4  84
  0  9  1  8  2  9  3  11  4  41
  0  77  1  32  2  74  3  23  4  63
  0  65  1  55  2  29  3  62  4  99
  0  12  1  99  2  33  3  73  4  45
  0  27  1  58  2  26  3  57  4  42
  0  9  1  63  2  23  3  91  4  1
  0  89  1  41  2  53  3  52  4  36
  0  15  1  60  2  83  3  82  4  82
  0  31  1  5  2  76  3  4  4  8
  0  96  1  63  2  63  3  58  4  88
  0  4  1  58  2  2  3  57  4  43
  0  66  1  58  2  29  3  43  4  23
  0  26  1  54  2  4  3  57  4  45
  0  73  1  35  2  53  3  94  4  3
  0  48  1  37  2  44  3  17  4  80
  0  19  1  40  2  92  3  79  4  35
  0  5  1  40  2  3  3  56  4  86
  0  57  1  12  2  74  3  80  4  50
  0  59  1  79  2  5  3  39  4  14
  0  81  1  7  2  23  3  65  4  48
  0  45  1  66  2  84  3  57  4  46
  0  59  1  67  2  89  3  56  4  31
  0  56  1  5  2  22  3  43  4  33
  0  79  1  79  2  79  3  29  4  7
  0  30  1  9  2  81  3  75  4  30
  0  2  1  45  2  73  3  34  4  9
  0  40  1  11  2  56  3  37  4  81
  0  28  1  43  2  94  3  34  4  44
  0  79  1  75  2  84  3  65  4  64
  0  4  1  11  2  59  3  21  4  72
  0  26  1  55  2  45  3  41  4  85
  0  32  1  97  2  65  3  5  4  9
  0  88  1  85  2  31  3  41  4  16
  0  1  1  61  2  96  3  58  4  87
  0  88  1  47  2  31  3  62  4  38
  0  26  1  56  2  78  3  15  4  16
  0  98  1  12  2  66  3  74  4  87
  0  87  1  58  2  11  3  3  4  31
  0  82  1  77  2  6  3  64  4  70
  0  30  1  61  2  70  3  76  4  73
  0  38  1  2  2  43  3  6  4  26
  0  5  1  74  2  7  3  90  4  77
  0  77  1  59  2  47  3  99  4  46
  0  82  1  37  2  89  3  90  4  13
  0  31  1  76  2  52  3  82  4  90
  0  3  1  46  2  55  3  72  4  86
  0  18  1  36  2  49  3  5  4  19
  0  63  1  74  2  94  3  32  4  43
  0  34  1  62  2  92  3  86  4  43
  0  64  1  93  2  61  3  95  4  89
  0  83  1  76  2  66  3  55  4  70
  0  41  1  16  2  15  3  4  4  83
  0  74  1  16  2  4  3  22  4  76
  0  65  1  46  2  5  3  82  4  96
  0  35  1  84  2  20  3  45  4  9
  0  84  1  11  2  60  3  71  4  59
  0  84  1  31  2  45  3  79  4  87
  0  96  1  74  2  84  3  29  4  62
  0  47  1  73  2  40  3  51  4  87
  0  37  1  28  2  52  3  61  4  52
  0  52  1  57  2  87  3  95  4  54
  0  89  1  35  2  30  3  18  4  68
  0  74  1  85  2  45  3  59  4  90
  0  40  1  69  2  8  3  87  4  60
  0  44  1  61  2  37  3  70  4  83
  0  13  1  56  2  47  3  29  4  38
  0  9  1  67  2  78  3  94  4  77
  0  53  1  13  2  12  3  35  4  89
  0  79  1  97  2  29  3  17  4  39
  0  23  1  44  2  14  3  79  4  72
  0  13  1  25  2  48  3  76  4  94
  0  8  1  68  2  46  3  28  4  85
  0  27  1  94  2  42  3  51  4  53
  0  5  1  75  2  48  3  41  4  78
  0  35  1  15  2  54  3  82  4  96
  0  89  1  49  2  70  3  38  4  95
  0  82  1  51  2  38  3  55  4  95
  0  27  1  96  2  11  3  1  4  25
  0  55  1  48  2  89  3  97  4  22
  0  44  1  65  2  63  3  36  4  87
  0  55  1  9  2  14  3  51  4  48
  0  83  1  69  2  10  3  76  4  51
  0  11  1  22  2  39  3  79  4  34
  0  37  1  14  2  82  3  77  4  92
  0  34  1  48  2  21  3  95  4  4
  0  23  1  16  2  25  3  96  4  18
  0  94  1  90  2  42  3  72  4  11
  0  31  1  10  2  88  3  74  4  42
  0  46  1  18  2  10  3  64  4  4
  0  71  1  52  2  72  3  99  4  63
  0  31  1  54  2  64  3  42  4  44
  0  50  1  79  2  48  3  99  4  11
  0  24  1  96  2  72  3  91  4  59
  0  91  1  23  2  75  3  36  4  12
  0  69  1  20  2  99  3  25  4  90
  0  36  1  28  2  15  3  29  4  78
  0  20  1  42  2  8  3  87  4  36
  0  58  1  74  2  1  3  43  4  52
  0  58  1  59  2  21  3  1  4  68
  0  37  1  33  2  40  3  6  4  95
  0  65  1  94  2  46  3  36  4  2
  0  25  1  16  2  88  3  56  4  77
  0  82  1  83  2  12  3  44  4  15
  0  72  1  36  2  77  3  94  4  1
  0  45  1  17  2  82  3  67  4  55
  0  11  1  70  2  91  3  60  4  42
  0  71  1  90  2  86  3  4  4  29
  0  51  1  36  2  77  3  55  4  14
  0  29  1  2  2  15  3  33  4  83
  0  43  1  21  2  77  3  99  4  3
  0  21  1  65  2  52  3  24  4  73
  0  69  1  92  2  82  3  45  4  29
  0  11  1  74  2  88  3  50  4  28
  0  33  1  75  2  88  3  6  4  38
  0  88  1  40  2  84  3  8  4  10
  0  84  1  12  2  69  3  48  4  62
  0  6  1  69  2  1  3  75  4  56
  0  57  1  36  2  40  3  89  4  48
  0  42  1  40  2  21  3  65  4  87
  0  50  1  68  2  4  3  75  4  35
  0  36  1  68  2  2  3  36  4  53
  0  89  1  33  2  10  3  46  4  99
  0  79  1  73  2  76  3  34  4  17
  0  74  1  64  2  3  3  87  4  92
  0  3  1  18  2  95  3  29  4  99
  0  95  1  52  2  59  3  29  4  62
  0  51  1  42  2  71  3  29  4  87
  0  11  1  63  2  21  3  37  4  95
  0  5  1  64  2  54  3  47  4  83
  0  82  1  82  2  72  3  9  4  47
  0  50  1  79  2  80  3  76  4  23
  0  14  1  26  2  94  3  28  4  33
  0  76  1  82  2  59  3  26  4  76
  0  82  1  49  2  11  3  36  4  50
  0  51  1  41  2  77  3  46  4  71
  0  10  1  41  2  28  3  44  4  40
  0  38  1  79  2  54  3  91  4  67
  0  86  1  21  2  28  3  48  4  46
  0  15  1  16  2  25  3  64  4  86
  0  66  1  38  2  94  3  96  4  22
  0  88  1  4  2  93  3  62  4  21
  0  79  1  84  2  75  3  10  4  7
  0  83  1  16  2  23  3  89  4  39
  0  61  1  5  2  87  3  71  4  17
  0  86  1  84  2  73  3  42  4  30
  0  35  1  56  2  6  3  60  4  29
  0  47  1  69  2  34  3  83  4  61
  0  86  1  67  2  47  3  8  4  47
  0  93  1  85  2  12  3  98  4  55
  0  69  1  51  2  56  3  27  4  93
  0  41  1  40  2  31  3  95  4  20
  0  36  1  96  2  47  3  20  4  52
  0  70  1  55  2  25  3  18  4  82
  0  67  1  34  2  57  3  15  4  88
  0  12  1  18  2  45  3  54  4  75
  0  55  1  45  2  13  3  45  4  85
  0  66  1  97  2  75  3  74  4  41
  0  16  1  29  2  8  3  72  4  81
  0  67  1  77  2  14  3  42  4  64
  0  69  1  35  2  11  3  77  4  30
  0  34  1  89  2  26  3  70  4  59
  0  33  1  51  2  13  3  25  4  14
  0  81  1  97  2  48  3  67  4  5
  0  6  1  46  2  36  3  35  4  60
  0  51  1  44  2  16  3  18  4  58
  0  60  1  6  2  67  3  92  4  47
  0  38  1  75  2  66  3  91  4  36
  0  73  1  78  2  65  3  51  4  64
  0  46  1  69  2  31  3  79  4  94
  0  49  1  44  2  39  3  48  4  95
  0  27  1  83  2  73  3  67  4  19
  0  73  1  89  2  81  3  98  4  91
  0  47  1  82  2  44  3  77  4  22
TPM
  0  2857  1  2857  2  2857  3  2857  4  2857
PMT
  0  85  1  87  2  88  3  88  4  24
  0  20  1  67  2  80  3  77  4  71
  0  56  1  22  2  63  3  86  4  89
  0  17  1  87  2  54  3  56  4  21
  0  12  1  62  2  8  3  16  4  79
  0  98  1  64  2  90  3  4  4  9
  0  37  1  80  2  15  3  82  4  64
  0  23  1  4  2  33  3  43  4  20
  0  38  1  87  2  92  3  42  4  10
  0  13  1  89  2  94  3  55  4  22
  0  47  1  26  2  62  3  63  4  49
  0  63  1  30  2  70  3  44  4  6
  0  71  1  27  2  65  3  95  4  72
  0  80  1  38  2  57  3  32  4  99
  0  75  1  78  2  51  3  74  4  93
  0  63  1  61  2  82  3  81  4  93
  0  93  1  94  2  14  3  61  4  33
  0  72  1  88  2  81  3  10  4  86
