20  5
  0  45  1  79  2  26  3  82  4  33
  0  91  1  19  2  24  3  93  4  98
  0  11  1  93  2  35  3  75  4  36
  0  43  1  89  2  20  3  54  4  2
  0  26  1  37  2  67  3  24  4  16
  0  84  1  35  2  36  3  29  4  75
  0  82  1  57  2  71  3  63  4  23
  0  67  1  77  2  57  3  34  4  45
  0  36  1  44  2  42  3  5  4  9
  0  9  1  39  2  85  3  56  4  83
  0  8  1  5  2  97  3  69  4  34
  0  50  1  64  2  9  3  50  4  82
  0  16  1  98  2  11  3  78  4  35
  0  79  1  19  2  28  3  26  4  39
  0  39  1  72  2  66  3  7  4  69
  0  36  1  5  2  40  3  64  4  3
  0  94  1  24  2  25  3  31  4  1
  0  29  1  92  2  12  3  39  4  14
  0  29  1  9  2  16  3  48  4  51
  0  38  1  82  2  2  3  68  4  79
TPM
  0  595  1  595  2  595  3  595  4  595
PMT
  0  43  1  59  2  48  3  41  4  114
  0  133  1  133  2  22  3  60  4  140
  0  32  1  105  2  120  3  87  4  126
  0  11  1  81  2  76  3  4  4  46
