100  5
  0  53  1  20  2  39  3  22  4  48
  0  93  1  71  2  33  3  29  4  6
  0  8  1  14  2  90  3  76  4  55
  0  89  1  26  2  38  3  3  4  39
  0  60  1  56  2  60  3  72  4  14
  0  89  1  61  2  39  3  29  4  59
  0  33  1  69  2  17  3  34  4  49
  0  46  1  19  2  68  3  28  4  74
  0  80  1  38  2  36  3  86  4  90
  0  59  1  96  2  5  3  32  4  91
  0  38  1  54  2  35  3  65  4  18
  0  88  1  53  2  66  3  3  4  74
  0  74  1  83  2  99  3  47  4  59
  0  3  1  63  2  43  3  64  4  94
  0  29  1  49  2  82  3  33  4  39
  0  49  1  15  2  35  3  75  4  45
  0  62  1  32  2  97  3  79  4  97
  0  82  1  61  2  94  3  42  4  3
  0  71  1  4  2  81  3  82  4  77
  0  58  1  73  2  89  3  32  4  37
  0  54  1  4  2  61  3  87  4  23
  0  23  1  19  2  95  3  69  4  25
  0  28  1  79  2  88  3  97  4  25
  0  15  1  79  2  52  3  61  4  31
  0  23  1  84  2  38  3  67  4  94
  0  66  1  58  2  54  3  58  4  63
  0  41  1  52  2  33  3  8  4  28
  0  89  1  43  2  97  3  65  4  64
  0  86  1  81  2  54  3  94  4  83
  0  39  1  99  2  53  3  87  4  5
  0  3  1  9  2  84  3  56  4  61
  0  53  1  84  2  81  3  98  4  6
  0  10  1  2  2  16  3  3  4  22
  0  3  1  46  2  28  3  35  4  8
  0  57  1  40  2  28  3  88  4  17
  0  96  1  20  2  13  3  44  4  84
  0  10  1  52  2  83  3  8  4  70
  0  21  1  92  2  92  3  51  4  2
  0  20  1  6  2  28  3  91  4  22
  0  2  1  19  2  67  3  47  4  43
  0  43  1  57  2  63  3  53  4  77
  0  65  1  45  2  14  3  73  4  82
  0  16  1  94  2  5  3  90  4  18
  0  81  1  76  2  38  3  67  4  63
  0  17  1  39  2  7  3  67  4  15
  0  24  1  63  2  57  3  99  4  63
  0  73  1  45  2  61  3  12  4  42
  0  78  1  50  2  63  3  31  4  94
  0  22  1  20  2  15  3  62  4  12
  0  96  1  31  2  49  3  48  4  25
  0  14  1  88  2  33  3  34  4  9
  0  24  1  71  2  3  3  82  4  72
  0  16  1  35  2  86  3  18  4  38
  0  91  1  39  2  36  3  83  4  65
  0  31  1  6  2  42  3  6  4  78
  0  63  1  46  2  31  3  64  4  6
  0  81  1  59  2  48  3  35  4  77
  0  61  1  39  2  29  3  5  4  34
  0  62  1  43  2  93  3  10  4  58
  0  14  1  70  2  77  3  89  4  91
  0  43  1  87  2  64  3  37  4  16
  0  28  1  82  2  69  3  97  4  38
  0  73  1  11  2  28  3  72  4  74
  0  17  1  54  2  31  3  74  4  54
  0  18  1  36  2  24  3  65  4  39
  0  95  1  75  2  53  3  9  4  7
  0  19  1  55  2  23  3  79  4  16
  0  96  1  24  2  82  3  44  4  45
  0  35  1  43  2  27  3  98  4  87
  0  57  1  88  2  93  3  93  4  82
  0  56  1  95  2  20  3  34  4  26
  0  26  1  33  2  87  3  39  4  31
  0  54  1  74  2  41  3  84  4  40
  0  25  1  33  2  15  3  50  4  72
  0  17  1  52  2  3  3  56  4  8
  0  72  1  12  2  61  3  73  4  67
  0  54  1  90  2  90  3  67  4  19
  0  59  1  70  2  10  3  32  4  60
  0  64  1  9  2  61  3  34  4  59
  0  80  1  41  2  36  3  29  4  39
  0  78  1  8  2  94  3  48  4  21
  0  68  1  14  2  4  3  5  4  93
  0  99  1  87  2  18  3  59  4  46
  0  3  1  26  2  52  3  93  4  96
  0  71  1  71  2  81  3  21  4  34
  0  94  1  64  2  90  3  98  4  63
  0  80  1  40  2  95  3  10  4  11
  0  84  1  87  2  55  3  55  4  38
  0  24  1  17  2  31  3  50  4  95
  0  30  1  57  2  58  3  53  4  60
  0  73  1  60  2  61  3  63  4  32
  0  70  1  28  2  28  3  37  4  7
  0  11  1  85  2  28  3  9  4  89
  0  5  1  37  2  9  3  75  4  73
  0  58  1  87  2  73  3  55  4  17
  0  94  1  25  2  73  3  20  4  8
  0  14  1  40  2  27  3  70  4  89
  0  59  1  74  2  32  3  51  4  57
  0  48  1  65  2  2  3  17  4  75
  0  54  1  49  2  26  3  84  4  62
TPM
  0  1446  1  1446  2  1446  3  1446  4  1446
PMT
  0  9  1  16  2  15  3  10  4  4
  0  22  1  24  2  2  3  17  4  23
  0  24  1  12  2  6  3  14  4  3
  0  23  1  5  2  16  3  20  4  13
  0  16  1  17  2  14  3  13  4  6
  0  1  1  23  2  2  3  16  4  5
  0  1  1  21  2  24  3  12  4  5
