500  10
  0  97  1  32  2  62  3  32  4  2  5  6  6  92  7  51  8  30  9  20
  0  81  1  67  2  69  3  23  4  38  5  22  6  92  7  2  8  43  9  59
  0  52  1  20  2  23  3  5  4  73  5  91  6  85  7  28  8  6  9  40
  0  59  1  57  2  7  3  89  4  49  5  18  6  46  7  2  8  85  9  99
  0  69  1  68  2  36  3  83  4  53  5  94  6  10  7  85  8  38  9  51
  0  71  1  94  2  31  3  78  4  43  5  5  6  98  7  64  8  68  9  82
  0  16  1  43  2  51  3  14  4  13  5  67  6  10  7  15  8  52  9  65
  0  5  1  7  2  40  3  77  4  22  5  96  6  17  7  39  8  37  9  2
  0  20  1  57  2  67  3  12  4  98  5  85  6  14  7  79  8  9  9  4
  0  35  1  88  2  43  3  54  4  3  5  32  6  65  7  99  8  42  9  97
  0  42  1  89  2  48  3  56  4  6  5  59  6  38  7  84  8  89  9  95
  0  63  1  76  2  7  3  50  4  20  5  29  6  84  7  70  8  11  9  93
  0  61  1  95  2  47  3  40  4  1  5  26  6  6  7  70  8  2  9  61
  0  70  1  77  2  99  3  87  4  20  5  43  6  72  7  21  8  58  9  9
  0  16  1  77  2  83  3  73  4  54  5  3  6  39  7  97  8  79  9  79
  0  10  1  19  2  55  3  20  4  42  5  15  6  14  7  79  8  9  9  46
  0  50  1  76  2  45  3  95  4  75  5  90  6  20  7  68  8  81  9  66
  0  35  1  15  2  55  3  66  4  46  5  15  6  10  7  38  8  66  9  99
  0  41  1  82  2  90  3  36  4  28  5  51  6  34  7  73  8  26  9  7
  0  8  1  37  2  26  3  13  4  44  5  28  6  81  7  54  8  54  9  40
  0  16  1  92  2  94  3  29  4  81  5  15  6  48  7  79  8  10  9  20
  0  67  1  54  2  88  3  65  4  33  5  32  6  57  7  61  8  16  9  60
  0  90  1  71  2  53  3  75  4  35  5  84  6  71  7  81  8  94  9  51
  0  28  1  74  2  96  3  94  4  43  5  60  6  80  7  43  8  39  9  5
  0  78  1  60  2  32  3  9  4  7  5  40  6  18  7  3  8  58  9  16
  0  54  1  1  2  76  3  4  4  44  5  53  6  70  7  48  8  58  9  97
  0  57  1  75  2  49  3  97  4  84  5  58  6  60  7  3  8  53  9  47
  0  22  1  86  2  30  3  15  4  82  5  46  6  43  7  33  8  30  9  52
  0  84  1  76  2  93  3  5  4  68  5  9  6  35  7  19  8  16  9  10
  0  60  1  50  2  73  3  40  4  26  5  41  6  77  7  70  8  5  9  31
  0  15  1  87  2  49  3  78  4  66  5  85  6  62  7  80  8  11  9  94
  0  52  1  90  2  32  3  99  4  54  5  63  6  61  7  59  8  28  9  79
  0  44  1  17  2  63  3  45  4  15  5  82  6  68  7  46  8  15  9  9
  0  10  1  4  2  94  3  99  4  25  5  90  6  79  7  19  8  44  9  61
  0  86  1  95  2  72  3  38  4  32  5  38  6  35  7  51  8  67  9  98
  0  79  1  1  2  16  3  65  4  76  5  22  6  13  7  55  8  90  9  58
  0  73  1  48  2  87  3  62  4  37  5  85  6  7  7  90  8  51  9  8
  0  26  1  67  2  10  3  25  4  77  5  21  6  57  7  37  8  9  9  27
  0  13  1  41  2  95  3  4  4  82  5  94  6  37  7  52  8  65  9  34
  0  5  1  36  2  70  3  59  4  24  5  31  6  97  7  20  8  2  9  8
  0  50  1  88  2  34  3  14  4  85  5  93  6  57  7  74  8  18  9  42
  0  27  1  30  2  35  3  70  4  36  5  69  6  82  7  89  8  9  9  41
  0  34  1  15  2  26  3  41  4  61  5  7  6  82  7  16  8  49  9  48
  0  68  1  24  2  37  3  46  4  19  5  45  6  82  7  32  8  3  9  40
  0  65  1  88  2  16  3  84  4  89  5  41  6  11  7  37  8  45  9  80
  0  80  1  26  2  46  3  14  4  71  5  46  6  41  7  51  8  6  9  7
  0  75  1  83  2  19  3  81  4  58  5  7  6  60  7  42  8  33  9  90
  0  6  1  69  2  87  3  11  4  79  5  95  6  42  7  77  8  80  9  2
  0  88  1  44  2  69  3  77  4  88  5  66  6  60  7  29  8  42  9  49
  0  9  1  75  2  77  3  12  4  15  5  81  6  53  7  44  8  61  9  15
  0  35  1  41  2  62  3  20  4  14  5  37  6  98  7  52  8  75  9  76
  0  60  1  17  2  19  3  2  4  20  5  98  6  18  7  29  8  11  9  78
  0  38  1  50  2  85  3  78  4  68  5  87  6  71  7  81  8  46  9  78
  0  55  1  9  2  49  3  76  4  66  5  57  6  11  7  90  8  29  9  26
  0  83  1  2  2  13  3  95  4  32  5  19  6  99  7  26  8  50  9  79
  0  45  1  88  2  40  3  3  4  7  5  52  6  76  7  37  8  52  9  96
  0  53  1  71  2  98  3  2  4  98  5  7  6  16  7  55  8  84  9  92
  0  5  1  71  2  78  3  90  4  55  5  6  6  12  7  8  8  7  9  28
  0  68  1  14  2  87  3  61  4  99  5  48  6  18  7  19  8  41  9  56
  0  77  1  99  2  78  3  35  4  77  5  5  6  74  7  65  8  9  9  95
  0  80  1  56  2  36  3  26  4  81  5  47  6  56  7  75  8  34  9  25
  0  62  1  7  2  17  3  50  4  60  5  8  6  7  7  23  8  43  9  82
  0  21  1  12  2  13  3  23  4  16  5  23  6  2  7  58  8  28  9  4
  0  47  1  68  2  84  3  90  4  9  5  9  6  32  7  50  8  35  9  90
  0  60  1  73  2  17  3  96  4  8  5  25  6  91  7  46  8  90  9  59
  0  82  1  28  2  83  3  39  4  80  5  55  6  47  7  34  8  9  9  41
  0  77  1  95  2  31  3  70  4  18  5  3  6  86  7  25  8  81  9  44
  0  62  1  92  2  43  3  99  4  46  5  64  6  14  7  98  8  9  9  4
  0  18  1  86  2  12  3  25  4  14  5  45  6  51  7  43  8  45  9  16
  0  63  1  60  2  3  3  35  4  65  5  7  6  45  7  90  8  9  9  57
  0  95  1  48  2  61  3  82  4  24  5  98  6  53  7  11  8  74  9  47
  0  40  1  13  2  97  3  26  4  83  5  26  6  10  7  8  8  49  9  90
  0  69  1  57  2  57  3  57  4  50  5  34  6  55  7  89  8  66  9  52
  0  91  1  76  2  55  3  48  4  6  5  19  6  32  7  8  8  66  9  68
  0  90  1  70  2  17  3  15  4  74  5  97  6  28  7  66  8  83  9  75
  0  49  1  61  2  69  3  95  4  7  5  8  6  30  7  27  8  6  9  40
  0  23  1  77  2  28  3  33  4  52  5  2  6  22  7  19  8  87  9  11
  0  41  1  4  2  28  3  87  4  71  5  61  6  34  7  14  8  51  9  62
  0  60  1  63  2  78  3  74  4  84  5  11  6  56  7  18  8  13  9  67
  0  27  1  86  2  94  3  53  4  86  5  60  6  96  7  38  8  85  9  56
  0  97  1  36  2  60  3  14  4  19  5  37  6  39  7  8  8  2  9  84
  0  35  1  16  2  81  3  62  4  14  5  9  6  43  7  30  8  75  9  28
  0  38  1  31  2  27  3  66  4  1  5  60  6  14  7  76  8  11  9  54
  0  28  1  62  2  61  3  58  4  32  5  32  6  57  7  78  8  53  9  21
  0  39  1  14  2  40  3  11  4  99  5  29  6  85  7  99  8  61  9  26
  0  62  1  10  2  7  3  12  4  18  5  21  6  98  7  76  8  32  9  80
  0  29  1  19  2  28  3  28  4  63  5  96  6  92  7  21  8  1  9  92
  0  52  1  72  2  49  3  1  4  99  5  11  6  84  7  92  8  74  9  42
  0  44  1  15  2  40  3  70  4  83  5  26  6  13  7  5  8  85  9  74
  0  40  1  55  2  4  3  71  4  18  5  99  6  80  7  17  8  3  9  78
  0  72  1  79  2  75  3  44  4  74  5  41  6  29  7  67  8  18  9  52
  0  15  1  85  2  88  3  59  4  58  5  48  6  98  7  7  8  26  9  76
  0  97  1  21  2  15  3  66  4  97  5  21  6  81  7  83  8  76  9  29
  0  52  1  34  2  58  3  59  4  61  5  23  6  94  7  25  8  15  9  11
  0  95  1  77  2  88  3  41  4  77  5  67  6  94  7  13  8  47  9  11
  0  73  1  4  2  10  3  78  4  7  5  61  6  89  7  47  8  54  9  42
  0  5  1  87  2  55  3  51  4  10  5  73  6  52  7  8  8  30  9  38
  0  23  1  56  2  28  3  8  4  34  5  74  6  84  7  91  8  53  9  70
  0  84  1  15  2  72  3  62  4  35  5  7  6  45  7  72  8  72  9  99
  0  22  1  96  2  9  3  93  4  53  5  23  6  41  7  81  8  92  9  1
  0  38  1  60  2  95  3  1  4  41  5  53  6  37  7  11  8  71  9  32
  0  61  1  56  2  33  3  15  4  43  5  34  6  29  7  58  8  35  9  12
  0  53  1  98  2  23  3  27  4  20  5  93  6  15  7  80  8  32  9  67
  0  26  1  15  2  18  3  68  4  51  5  25  6  72  7  93  8  38  9  34
  0  89  1  31  2  78  3  41  4  79  5  27  6  5  7  11  8  81  9  82
  0  58  1  76  2  51  3  35  4  48  5  69  6  58  7  80  8  35  9  83
  0  24  1  31  2  99  3  70  4  5  5  35  6  85  7  91  8  74  9  80
  0  26  1  84  2  79  3  78  4  84  5  26  6  72  7  88  8  80  9  91
  0  25  1  23  2  74  3  47  4  2  5  68  6  39  7  17  8  35  9  88
  0  34  1  25  2  25  3  95  4  61  5  93  6  76  7  25  8  69  9  46
  0  14  1  35  2  44  3  59  4  70  5  9  6  91  7  47  8  27  9  56
  0  93  1  82  2  30  3  19  4  17  5  84  6  53  7  31  8  86  9  24
  0  48  1  1  2  61  3  34  4  6  5  3  6  60  7  22  8  46  9  2
  0  51  1  19  2  71  3  47  4  86  5  16  6  81  7  1  8  35  9  73
  0  21  1  9  2  69  3  98  4  7  5  7  6  97  7  35  8  69  9  24
  0  37  1  98  2  85  3  44  4  89  5  67  6  2  7  16  8  48  9  96
  0  68  1  23  2  56  3  19  4  43  5  78  6  97  7  67  8  19  9  80
  0  76  1  4  2  95  3  44  4  36  5  61  6  2  7  15  8  5  9  25
  0  26  1  19  2  86  3  11  4  25  5  92  6  20  7  20  8  11  9  17
  0  77  1  70  2  36  3  41  4  85  5  42  6  36  7  62  8  74  9  85
  0  79  1  18  2  7  3  73  4  57  5  78  6  20  7  1  8  4  9  70
  0  3  1  66  2  15  3  57  4  81  5  84  6  32  7  63  8  81  9  15
  0  96  1  11  2  3  3  1  4  82  5  4  6  17  7  65  8  73  9  99
  0  66  1  2  2  49  3  29  4  40  5  49  6  77  7  52  8  53  9  55
  0  40  1  91  2  34  3  51  4  39  5  52  6  22  7  4  8  62  9  20
  0  26  1  11  2  86  3  20  4  80  5  55  6  77  7  54  8  5  9  48
  0  93  1  63  2  71  3  1  4  4  5  73  6  21  7  29  8  89  9  24
  0  67  1  69  2  74  3  96  4  15  5  58  6  20  7  86  8  59  9  11
  0  59  1  70  2  37  3  98  4  72  5  88  6  66  7  9  8  32  9  32
  0  79  1  33  2  47  3  96  4  43  5  30  6  6  7  59  8  16  9  46
  0  91  1  71  2  93  3  98  4  14  5  96  6  39  7  44  8  89  9  13
  0  94  1  4  2  56  3  69  4  19  5  2  6  10  7  81  8  21  9  43
  0  94  1  71  2  50  3  46  4  97  5  12  6  83  7  91  8  8  9  37
  0  22  1  65  2  46  3  96  4  68  5  2  6  1  7  97  8  79  9  52
  0  95  1  53  2  81  3  40  4  76  5  16  6  7  7  77  8  17  9  83
  0  4  1  49  2  54  3  1  4  1  5  95  6  27  7  93  8  48  9  47
  0  52  1  4  2  60  3  84  4  79  5  17  6  28  7  49  8  19  9  2
  0  83  1  7  2  98  3  4  4  27  5  34  6  31  7  54  8  61  9  13
  0  77  1  97  2  77  3  24  4  39  5  44  6  90  7  73  8  26  9  93
  0  42  1  14  2  69  3  2  4  80  5  34  6  82  7  73  8  10  9  19
  0  89  1  7  2  73  3  15  4  74  5  26  6  87  7  58  8  20  9  74
  0  69  1  32  2  39  3  52  4  5  5  73  6  14  7  23  8  58  9  51
  0  3  1  38  2  24  3  69  4  80  5  19  6  57  7  76  8  10  9  26
  0  53  1  92  2  73  3  5  4  50  5  68  6  11  7  56  8  71  9  44
  0  33  1  12  2  43  3  88  4  14  5  89  6  52  7  12  8  85  9  52
  0  18  1  87  2  79  3  20  4  3  5  47  6  93  7  87  8  91  9  10
  0  79  1  56  2  99  3  66  4  71  5  83  6  91  7  39  8  14  9  96
  0  38  1  79  2  49  3  47  4  24  5  71  6  77  7  78  8  86  9  60
  0  97  1  43  2  58  3  23  4  90  5  5  6  39  7  41  8  8  9  85
  0  14  1  62  2  74  3  64  4  90  5  38  6  23  7  27  8  51  9  83
  0  98  1  25  2  1  3  9  4  36  5  6  6  78  7  99  8  70  9  3
  0  74  1  48  2  35  3  99  4  48  5  77  6  85  7  27  8  47  9  99
  0  9  1  38  2  76  3  95  4  42  5  72  6  72  7  16  8  5  9  13
  0  60  1  40  2  98  3  83  4  22  5  38  6  49  7  59  8  98  9  27
  0  93  1  69  2  87  3  12  4  20  5  24  6  30  7  57  8  29  9  91
  0  88  1  30  2  74  3  12  4  62  5  4  6  92  7  22  8  88  9  17
  0  36  1  16  2  23  3  31  4  57  5  89  6  17  7  28  8  36  9  23
  0  5  1  39  2  18  3  7  4  96  5  96  6  14  7  13  8  24  9  50
  0  97  1  75  2  80  3  99  4  69  5  23  6  79  7  16  8  2  9  73
  0  86  1  64  2  71  3  5  4  25  5  60  6  36  7  28  8  51  9  98
  0  31  1  60  2  44  3  56  4  74  5  60  6  75  7  55  8  19  9  58
  0  27  1  28  2  82  3  23  4  89  5  31  6  47  7  28  8  61  9  90
  0  7  1  11  2  17  3  90  4  7  5  43  6  26  7  15  8  8  9  55
  0  43  1  26  2  57  3  77  4  88  5  28  6  58  7  97  8  96  9  48
  0  72  1  47  2  12  3  43  4  91  5  52  6  35  7  5  8  53  9  35
  0  70  1  22  2  13  3  37  4  28  5  33  6  77  7  92  8  61  9  66
  0  61  1  97  2  62  3  46  4  28  5  26  6  37  7  41  8  30  9  8
  0  39  1  44  2  56  3  61  4  30  5  33  6  42  7  48  8  86  9  60
  0  18  1  91  2  93  3  36  4  85  5  72  6  72  7  41  8  56  9  8
  0  45  1  65  2  96  3  52  4  30  5  52  6  45  7  5  8  16  9  11
  0  14  1  96  2  78  3  18  4  86  5  79  6  6  7  17  8  69  9  68
  0  66  1  94  2  64  3  93  4  45  5  90  6  55  7  63  8  5  9  68
  0  56  1  38  2  67  3  49  4  31  5  85  6  18  7  93  8  1  9  57
  0  78  1  89  2  97  3  94  4  94  5  55  6  21  7  74  8  42  9  96
  0  22  1  39  2  47  3  61  4  2  5  83  6  66  7  78  8  20  9  71
  0  78  1  78  2  28  3  30  4  92  5  36  6  94  7  35  8  52  9  80
  0  74  1  70  2  3  3  58  4  34  5  49  6  68  7  46  8  56  9  14
  0  21  1  56  2  60  3  60  4  55  5  74  6  31  7  44  8  24  9  23
  0  36  1  80  2  51  3  41  4  63  5  24  6  65  7  27  8  31  9  9
  0  7  1  78  2  35  3  78  4  95  5  33  6  40  7  29  8  83  9  91
  0  27  1  62  2  94  3  64  4  61  5  96  6  67  7  4  8  41  9  10
  0  12  1  81  2  28  3  94  4  81  5  36  6  90  7  57  8  4  9  6
  0  97  1  83  2  10  3  12  4  41  5  60  6  87  7  63  8  94  9  25
  0  21  1  97  2  8  3  79  4  99  5  71  6  15  7  88  8  10  9  77
  0  9  1  55  2  51  3  45  4  84  5  39  6  28  7  49  8  80  9  61
  0  4  1  40  2  67  3  10  4  39  5  62  6  40  7  40  8  39  9  30
  0  42  1  45  2  69  3  80  4  12  5  18  6  42  7  11  8  26  9  43
  0  63  1  80  2  2  3  3  4  88  5  34  6  54  7  59  8  52  9  73
  0  40  1  62  2  38  3  79  4  26  5  4  6  27  7  69  8  69  9  87
  0  34  1  48  2  92  3  21  4  14  5  63  6  91  7  28  8  9  9  98
  0  11  1  40  2  58  3  57  4  75  5  19  6  97  7  7  8  55  9  18
  0  18  1  12  2  16  3  83  4  56  5  55  6  74  7  56  8  54  9  31
  0  52  1  18  2  85  3  62  4  17  5  1  6  44  7  75  8  38  9  55
  0  63  1  34  2  5  3  28  4  79  5  9  6  74  7  18  8  79  9  50
  0  66  1  3  2  88  3  73  4  94  5  43  6  83  7  85  8  27  9  25
  0  55  1  3  2  5  3  90  4  32  5  55  6  52  7  56  8  50  9  57
  0  82  1  40  2  42  3  97  4  51  5  26  6  59  7  94  8  34  9  57
  0  59  1  85  2  30  3  18  4  30  5  76  6  1  7  52  8  22  9  65
  0  12  1  40  2  15  3  97  4  30  5  12  6  37  7  38  8  99  9  78
  0  23  1  53  2  94  3  17  4  62  5  56  6  12  7  24  8  84  9  32
  0  76  1  39  2  91  3  67  4  55  5  89  6  11  7  46  8  99  9  20
  0  50  1  78  2  70  3  2  4  68  5  87  6  21  7  32  8  93  9  55
  0  24  1  78  2  57  3  20  4  83  5  17  6  16  7  54  8  61  9  82
  0  92  1  96  2  15  3  12  4  55  5  81  6  14  7  65  8  99  9  15
  0  92  1  50  2  24  3  86  4  61  5  80  6  6  7  99  8  59  9  47
  0  20  1  87  2  54  3  86  4  46  5  17  6  95  7  66  8  70  9  25
  0  88  1  31  2  72  3  20  4  49  5  70  6  58  7  49  8  41  9  11
  0  67  1  25  2  23  3  41  4  73  5  37  6  53  7  15  8  66  9  23
  0  16  1  98  2  60  3  44  4  81  5  56  6  88  7  17  8  18  9  88
  0  71  1  79  2  95  3  70  4  65  5  92  6  70  7  52  8  32  9  22
  0  37  1  13  2  85  3  23  4  72  5  87  6  9  7  60  8  32  9  18
  0  42  1  98  2  50  3  73  4  85  5  69  6  64  7  58  8  80  9  94
  0  77  1  97  2  40  3  14  4  98  5  72  6  62  7  64  8  58  9  44
  0  36  1  84  2  65  3  78  4  29  5  67  6  61  7  78  8  15  9  67
  0  95  1  69  2  74  3  32  4  11  5  5  6  93  7  40  8  24  9  85
  0  22  1  37  2  38  3  7  4  75  5  8  6  30  7  77  8  7  9  39
  0  80  1  73  2  58  3  56  4  54  5  36  6  72  7  23  8  48  9  98
  0  52  1  53  2  58  3  21  4  59  5  81  6  37  7  68  8  10  9  66
  0  44  1  51  2  14  3  38  4  4  5  25  6  52  7  21  8  33  9  96
  0  95  1  83  2  94  3  17  4  9  5  87  6  95  7  34  8  92  9  60
  0  32  1  29  2  59  3  96  4  45  5  93  6  42  7  66  8  55  9  86
  0  84  1  89  2  74  3  87  4  60  5  97  6  19  7  52  8  22  9  99
  0  66  1  13  2  75  3  18  4  48  5  94  6  29  7  62  8  47  9  39
  0  69  1  59  2  51  3  44  4  51  5  57  6  97  7  81  8  21  9  60
  0  80  1  29  2  94  3  84  4  28  5  49  6  64  7  25  8  63  9  88
  0  12  1  69  2  5  3  77  4  44  5  21  6  76  7  71  8  84  9  96
  0  27  1  40  2  80  3  10  4  80  5  16  6  19  7  79  8  70  9  45
  0  45  1  98  2  20  3  9  4  45  5  60  6  83  7  9  8  32  9  37
  0  60  1  27  2  27  3  41  4  33  5  14  6  51  7  32  8  3  9  58
  0  66  1  39  2  20  3  46  4  10  5  6  6  38  7  9  8  29  9  88
  0  33  1  17  2  14  3  72  4  66  5  83  6  67  7  57  8  79  9  59
  0  71  1  58  2  69  3  55  4  48  5  7  6  54  7  14  8  98  9  46
  0  42  1  13  2  94  3  74  4  74  5  86  6  39  7  51  8  76  9  84
  0  28  1  94  2  69  3  2  4  81  5  30  6  3  7  57  8  16  9  49
  0  24  1  18  2  90  3  21  4  89  5  59  6  32  7  42  8  82  9  41
  0  40  1  15  2  97  3  35  4  14  5  15  6  4  7  11  8  54  9  56
  0  90  1  1  2  35  3  89  4  74  5  71  6  51  7  78  8  3  9  80
  0  77  1  42  2  84  3  16  4  1  5  65  6  59  7  17  8  15  9  6
  0  47  1  29  2  80  3  50  4  60  5  72  6  97  7  10  8  82  9  88
  0  40  1  42  2  14  3  9  4  48  5  48  6  61  7  69  8  78  9  83
  0  27  1  46  2  60  3  75  4  95  5  11  6  14  7  40  8  56  9  3
  0  6  1  38  2  90  3  81  4  74  5  21  6  12  7  18  8  43  9  40
  0  53  1  10  2  86  3  35  4  17  5  56  6  41  7  27  8  55  9  10
  0  69  1  67  2  26  3  95  4  3  5  20  6  55  7  76  8  43  9  99
  0  97  1  87  2  91  3  64  4  71  5  72  6  31  7  53  8  22  9  8
  0  75  1  18  2  19  3  85  4  80  5  68  6  12  7  85  8  65  9  67
  0  94  1  77  2  84  3  10  4  40  5  13  6  67  7  82  8  23  9  10
  0  4  1  8  2  37  3  36  4  38  5  90  6  60  7  46  8  9  9  32
  0  50  1  26  2  48  3  89  4  49  5  45  6  15  7  85  8  49  9  34
  0  47  1  92  2  33  3  27  4  32  5  49  6  96  7  29  8  45  9  99
  0  27  1  25  2  13  3  37  4  70  5  9  6  84  7  6  8  43  9  17
  0  20  1  97  2  43  3  99  4  37  5  35  6  76  7  40  8  82  9  37
  0  16  1  36  2  90  3  8  4  38  5  81  6  74  7  82  8  14  9  20
  0  51  1  42  2  55  3  58  4  89  5  66  6  32  7  62  8  48  9  83
  0  19  1  71  2  25  3  52  4  39  5  4  6  49  7  65  8  97  9  42
  0  75  1  81  2  42  3  20  4  75  5  2  6  91  7  39  8  25  9  63
  0  98  1  7  2  29  3  13  4  61  5  67  6  52  7  82  8  92  9  47
  0  22  1  78  2  2  3  62  4  40  5  52  6  64  7  55  8  15  9  26
  0  72  1  43  2  91  3  83  4  94  5  9  6  59  7  47  8  88  9  62
  0  48  1  2  2  46  3  56  4  50  5  48  6  65  7  29  8  23  9  80
  0  66  1  10  2  77  3  28  4  19  5  18  6  30  7  13  8  34  9  20
  0  92  1  93  2  27  3  54  4  27  5  18  6  79  7  22  8  75  9  97
  0  39  1  88  2  61  3  69  4  42  5  78  6  9  7  17  8  47  9  39
  0  26  1  62  2  2  3  92  4  59  5  54  6  13  7  32  8  12  9  9
  0  53  1  6  2  66  3  79  4  50  5  9  6  80  7  66  8  42  9  74
  0  33  1  90  2  67  3  23  4  32  5  92  6  60  7  32  8  28  9  21
  0  53  1  16  2  83  3  39  4  90  5  33  6  91  7  60  8  37  9  72
  0  54  1  70  2  14  3  68  4  47  5  25  6  95  7  58  8  53  9  17
  0  67  1  75  2  19  3  46  4  10  5  43  6  79  7  55  8  63  9  20
  0  58  1  93  2  93  3  96  4  24  5  29  6  61  7  62  8  75  9  32
  0  64  1  74  2  77  3  87  4  99  5  8  6  73  7  9  8  78  9  75
  0  46  1  68  2  78  3  31  4  96  5  67  6  19  7  94  8  74  9  3
  0  4  1  87  2  75  3  4  4  42  5  40  6  73  7  58  8  82  9  10
  0  85  1  39  2  76  3  45  4  53  5  6  6  82  7  69  8  9  9  36
  0  81  1  55  2  63  3  24  4  38  5  40  6  5  7  40  8  61  9  95
  0  40  1  34  2  21  3  30  4  80  5  51  6  38  7  24  8  62  9  60
  0  59  1  96  2  74  3  34  4  72  5  63  6  6  7  30  8  22  9  43
  0  45  1  52  2  48  3  9  4  9  5  98  6  48  7  99  8  61  9  32
  0  17  1  32  2  51  3  8  4  47  5  85  6  4  7  68  8  82  9  47
  0  21  1  77  2  40  3  42  4  73  5  52  6  63  7  74  8  9  9  24
  0  67  1  65  2  98  3  28  4  90  5  72  6  91  7  12  8  49  9  1
  0  57  1  94  2  78  3  63  4  32  5  41  6  1  7  36  8  2  9  22
  0  43  1  29  2  81  3  59  4  10  5  60  6  87  7  9  8  75  9  96
  0  89  1  6  2  59  3  18  4  14  5  73  6  79  7  97  8  18  9  91
  0  21  1  30  2  62  3  62  4  55  5  16  6  61  7  8  8  90  9  12
  0  54  1  9  2  48  3  9  4  79  5  63  6  91  7  60  8  99  9  8
  0  50  1  20  2  27  3  55  4  24  5  26  6  60  7  26  8  53  9  61
  0  97  1  75  2  81  3  67  4  24  5  52  6  68  7  88  8  67  9  40
  0  13  1  87  2  72  3  62  4  93  5  45  6  48  7  53  8  49  9  46
  0  68  1  30  2  40  3  99  4  50  5  8  6  79  7  63  8  36  9  61
  0  13  1  56  2  43  3  7  4  89  5  91  6  62  7  64  8  55  9  49
  0  30  1  27  2  55  3  81  4  90  5  45  6  38  7  19  8  26  9  4
  0  85  1  18  2  29  3  42  4  14  5  67  6  39  7  56  8  30  9  46
  0  64  1  82  2  25  3  99  4  65  5  38  6  42  7  74  8  77  9  79
  0  65  1  38  2  82  3  17  4  92  5  59  6  70  7  55  8  3  9  30
  0  51  1  95  2  41  3  69  4  95  5  93  6  54  7  21  8  29  9  54
  0  72  1  37  2  95  3  29  4  18  5  25  6  81  7  27  8  75  9  83
  0  45  1  65  2  63  3  64  4  8  5  14  6  88  7  30  8  1  9  22
  0  75  1  98  2  64  3  16  4  97  5  91  6  56  7  16  8  57  9  29
  0  2  1  9  2  89  3  43  4  7  5  72  6  86  7  87  8  6  9  43
  0  64  1  80  2  18  3  68  4  28  5  7  6  40  7  82  8  98  9  51
  0  96  1  8  2  7  3  66  4  7  5  62  6  74  7  70  8  75  9  23
  0  34  1  33  2  94  3  87  4  56  5  19  6  1  7  16  8  87  9  66
  0  55  1  62  2  22  3  26  4  23  5  21  6  51  7  15  8  68  9  44
  0  64  1  22  2  98  3  9  4  11  5  94  6  22  7  39  8  31  9  85
  0  96  1  14  2  9  3  42  4  94  5  16  6  32  7  62  8  8  9  96
  0  42  1  54  2  50  3  65  4  3  5  72  6  67  7  36  8  39  9  9
  0  29  1  76  2  17  3  89  4  76  5  53  6  67  7  63  8  55  9  57
  0  63  1  15  2  37  3  67  4  19  5  36  6  42  7  77  8  70  9  18
  0  83  1  84  2  38  3  70  4  11  5  44  6  98  7  68  8  31  9  10
  0  13  1  80  2  13  3  17  4  78  5  45  6  24  7  1  8  18  9  75
  0  52  1  38  2  9  3  29  4  92  5  47  6  18  7  65  8  26  9  11
  0  11  1  73  2  11  3  81  4  24  5  50  6  60  7  98  8  41  9  57
  0  73  1  23  2  7  3  89  4  60  5  59  6  58  7  25  8  63  9  47
  0  70  1  53  2  61  3  8  4  43  5  94  6  34  7  99  8  72  9  52
  0  88  1  16  2  82  3  63  4  1  5  24  6  14  7  51  8  21  9  34
  0  1  1  80  2  30  3  36  4  70  5  67  6  65  7  56  8  55  9  11
  0  41  1  18  2  95  3  39  4  33  5  4  6  82  7  74  8  11  9  52
  0  64  1  86  2  25  3  48  4  4  5  68  6  88  7  79  8  85  9  52
  0  19  1  65  2  85  3  72  4  12  5  95  6  66  7  15  8  72  9  18
  0  56  1  32  2  32  3  73  4  28  5  94  6  18  7  67  8  79  9  26
  0  47  1  16  2  86  3  31  4  79  5  22  6  83  7  13  8  37  9  48
  0  82  1  50  2  81  3  15  4  46  5  61  6  7  7  29  8  70  9  5
  0  76  1  13  2  40  3  58  4  38  5  5  6  67  7  4  8  68  9  50
  0  28  1  1  2  45  3  87  4  48  5  17  6  48  7  9  8  16  9  67
  0  35  1  64  2  9  3  62  4  36  5  13  6  69  7  75  8  79  9  47
  0  74  1  78  2  26  3  65  4  72  5  11  6  85  7  38  8  76  9  70
  0  38  1  12  2  59  3  48  4  80  5  41  6  73  7  46  8  81  9  38
  0  89  1  48  2  98  3  95  4  36  5  29  6  14  7  95  8  80  9  33
  0  70  1  43  2  83  3  47  4  21  5  59  6  8  7  50  8  29  9  32
  0  83  1  17  2  84  3  19  4  46  5  11  6  11  7  39  8  98  9  92
  0  77  1  98  2  76  3  15  4  70  5  39  6  97  7  8  8  46  9  11
  0  47  1  51  2  98  3  93  4  16  5  95  6  10  7  37  8  90  9  86
  0  49  1  75  2  78  3  88  4  64  5  45  6  96  7  28  8  64  9  23
  0  75  1  96  2  89  3  34  4  41  5  74  6  19  7  29  8  92  9  78
  0  66  1  10  2  73  3  42  4  58  5  57  6  6  7  76  8  97  9  96
  0  54  1  73  2  53  3  92  4  18  5  48  6  36  7  73  8  62  9  34
  0  50  1  18  2  67  3  74  4  19  5  48  6  38  7  79  8  39  9  29
  0  83  1  40  2  9  3  56  4  3  5  11  6  20  7  76  8  98  9  12
  0  36  1  95  2  22  3  11  4  74  5  40  6  20  7  82  8  60  9  94
  0  29  1  57  2  52  3  33  4  55  5  7  6  22  7  2  8  7  9  25
  0  55  1  37  2  96  3  13  4  9  5  17  6  18  7  60  8  31  9  76
  0  57  1  95  2  32  3  49  4  4  5  41  6  73  7  8  8  68  9  93
  0  1  1  6  2  27  3  23  4  31  5  59  6  31  7  48  8  4  9  14
  0  79  1  55  2  13  3  84  4  22  5  36  6  7  7  70  8  42  9  87
  0  15  1  63  2  56  3  91  4  42  5  29  6  1  7  57  8  38  9  17
  0  12  1  10  2  19  3  13  4  20  5  51  6  24  7  70  8  4  9  24
  0  22  1  60  2  75  3  55  4  89  5  35  6  14  7  70  8  40  9  1
  0  35  1  85  2  73  3  28  4  84  5  35  6  75  7  66  8  2  9  91
  0  80  1  22  2  61  3  74  4  80  5  30  6  16  7  56  8  45  9  23
  0  92  1  27  2  87  3  75  4  5  5  60  6  86  7  83  8  91  9  97
  0  50  1  99  2  96  3  41  4  82  5  45  6  46  7  29  8  90  9  48
  0  86  1  27  2  42  3  12  4  91  5  54  6  53  7  77  8  58  9  50
  0  84  1  57  2  35  3  22  4  59  5  52  6  65  7  47  8  32  9  59
  0  38  1  17  2  79  3  69  4  68  5  39  6  97  7  68  8  59  9  50
  0  1  1  22  2  22  3  87  4  87  5  6  6  44  7  35  8  4  9  86
  0  30  1  37  2  10  3  95  4  78  5  45  6  51  7  39  8  44  9  40
  0  80  1  25  2  99  3  51  4  73  5  16  6  25  7  57  8  47  9  38
  0  54  1  42  2  68  3  91  4  65  5  45  6  12  7  57  8  21  9  23
  0  5  1  91  2  55  3  20  4  63  5  42  6  88  7  1  8  27  9  45
  0  17  1  8  2  13  3  74  4  87  5  41  6  76  7  57  8  86  9  69
  0  38  1  75  2  76  3  21  4  9  5  17  6  62  7  16  8  34  9  53
  0  90  1  46  2  25  3  39  4  95  5  94  6  66  7  86  8  42  9  64
  0  2  1  36  2  49  3  63  4  38  5  36  6  76  7  49  8  36  9  16
  0  9  1  45  2  55  3  84  4  86  5  71  6  88  7  19  8  47  9  62
  0  99  1  11  2  85  3  50  4  39  5  82  6  51  7  52  8  15  9  98
  0  30  1  82  2  43  3  34  4  95  5  67  6  91  7  69  8  5  9  57
  0  1  1  23  2  85  3  48  4  57  5  53  6  57  7  52  8  25  9  74
  0  44  1  90  2  82  3  83  4  2  5  4  6  21  7  80  8  62  9  81
  0  82  1  32  2  59  3  71  4  69  5  22  6  99  7  24  8  32  9  68
  0  75  1  68  2  22  3  20  4  53  5  39  6  80  7  51  8  77  9  86
  0  87  1  19  2  67  3  53  4  81  5  55  6  98  7  93  8  46  9  2
  0  8  1  63  2  19  3  24  4  49  5  17  6  52  7  37  8  94  9  82
  0  49  1  57  2  57  3  6  4  50  5  51  6  84  7  72  8  40  9  31
  0  49  1  73  2  97  3  45  4  17  5  49  6  23  7  42  8  99  9  29
  0  93  1  24  2  6  3  76  4  51  5  92  6  34  7  77  8  12  9  76
  0  99  1  40  2  56  3  96  4  79  5  11  6  40  7  74  8  92  9  98
  0  23  1  29  2  86  3  78  4  28  5  3  6  84  7  19  8  59  9  96
  0  94  1  37  2  43  3  29  4  14  5  93  6  80  7  40  8  60  9  78
  0  22  1  95  2  28  3  37  4  94  5  76  6  38  7  49  8  46  9  51
  0  28  1  64  2  96  3  64  4  21  5  40  6  4  7  2  8  51  9  53
  0  69  1  99  2  35  3  66  4  73  5  10  6  27  7  82  8  87  9  52
  0  91  1  18  2  9  3  7  4  78  5  57  6  31  7  23  8  92  9  3
  0  25  1  51  2  81  3  10  4  5  5  36  6  95  7  66  8  98  9  8
  0  85  1  84  2  59  3  68  4  37  5  86  6  68  7  65  8  81  9  9
  0  28  1  96  2  3  3  64  4  47  5  80  6  39  7  34  8  60  9  91
  0  65  1  77  2  35  3  55  4  83  5  70  6  64  7  31  8  69  9  33
  0  41  1  46  2  45  3  91  4  60  5  50  6  81  7  87  8  12  9  4
  0  52  1  29  2  35  3  23  4  85  5  55  6  66  7  43  8  88  9  44
  0  2  1  72  2  45  3  96  4  36  5  47  6  4  7  80  8  73  9  14
  0  15  1  90  2  10  3  96  4  78  5  99  6  33  7  27  8  12  9  77
  0  89  1  39  2  51  3  99  4  17  5  65  6  42  7  98  8  46  9  82
  0  93  1  8  2  4  3  89  4  81  5  6  6  89  7  23  8  48  9  64
  0  4  1  35  2  17  3  56  4  36  5  1  6  22  7  77  8  60  9  13
  0  38  1  86  2  87  3  95  4  31  5  69  6  60  7  40  8  92  9  74
  0  17  1  41  2  10  3  93  4  39  5  97  6  92  7  69  8  58  9  82
  0  65  1  46  2  4  3  28  4  76  5  19  6  1  7  55  8  1  9  40
  0  56  1  56  2  31  3  66  4  95  5  3  6  84  7  82  8  27  9  45
  0  68  1  31  2  62  3  22  4  82  5  14  6  8  7  84  8  55  9  73
  0  6  1  38  2  40  3  42  4  99  5  7  6  8  7  39  8  38  9  16
  0  29  1  48  2  58  3  34  4  28  5  86  6  3  7  1  8  41  9  80
  0  56  1  63  2  15  3  87  4  16  5  82  6  45  7  27  8  37  9  73
  0  15  1  22  2  99  3  5  4  97  5  66  6  92  7  70  8  39  9  45
  0  32  1  96  2  10  3  7  4  32  5  61  6  30  7  37  8  3  9  34
  0  69  1  98  2  62  3  58  4  94  5  34  6  64  7  40  8  22  9  34
  0  80  1  16  2  79  3  43  4  6  5  10  6  4  7  26  8  63  9  99
  0  13  1  38  2  22  3  67  4  38  5  66  6  67  7  82  8  2  9  30
  0  86  1  58  2  80  3  67  4  38  5  78  6  80  7  30  8  44  9  71
  0  24  1  85  2  17  3  1  4  19  5  82  6  94  7  84  8  59  9  26
  0  65  1  58  2  86  3  86  4  93  5  56  6  93  7  23  8  84  9  76
  0  72  1  97  2  51  3  35  4  20  5  13  6  52  7  53  8  62  9  7
  0  45  1  7  2  53  3  74  4  54  5  47  6  70  7  6  8  37  9  71
  0  8  1  63  2  31  3  93  4  29  5  32  6  87  7  52  8  47  9  19
  0  28  1  53  2  33  3  90  4  91  5  35  6  76  7  57  8  50  9  95
  0  41  1  64  2  8  3  39  4  99  5  40  6  24  7  7  8  34  9  2
  0  4  1  19  2  31  3  34  4  68  5  33  6  27  7  84  8  94  9  97
  0  59  1  41  2  67  3  58  4  43  5  80  6  6  7  35  8  74  9  17
  0  52  1  3  2  35  3  73  4  25  5  15  6  43  7  67  8  86  9  65
  0  72  1  76  2  69  3  82  4  48  5  27  6  63  7  91  8  77  9  26
  0  59  1  96  2  79  3  21  4  3  5  66  6  21  7  61  8  94  9  20
  0  79  1  4  2  57  3  51  4  74  5  75  6  39  7  41  8  52  9  84
  0  28  1  42  2  15  3  57  4  10  5  28  6  20  7  26  8  76  9  62
  0  94  1  8  2  75  3  8  4  44  5  36  6  56  7  88  8  54  9  45
  0  59  1  84  2  95  3  26  4  41  5  4  6  3  7  82  8  46  9  82
  0  83  1  67  2  60  3  85  4  53  5  92  6  2  7  27  8  44  9  13
  0  46  1  24  2  4  3  51  4  88  5  50  6  81  7  9  8  80  9  66
  0  89  1  65  2  1  3  29  4  65  5  86  6  53  7  5  8  81  9  75
  0  93  1  60  2  83  3  37  4  24  5  82  6  43  7  50  8  23  9  60
  0  58  1  61  2  86  3  36  4  47  5  48  6  96  7  97  8  8  9  7
  0  52  1  75  2  42  3  73  4  25  5  62  6  70  7  82  8  24  9  80
  0  81  1  8  2  78  3  53  4  88  5  58  6  83  7  46  8  6  9  19
  0  54  1  14  2  39  3  44  4  89  5  44  6  78  7  61  8  49  9  86
  0  27  1  44  2  76  3  23  4  87  5  45  6  37  7  1  8  34  9  8
  0  55  1  42  2  90  3  1  4  51  5  99  6  24  7  43  8  32  9  29
  0  24  1  8  2  76  3  84  4  3  5  25  6  23  7  72  8  68  9  23
  0  47  1  6  2  34  3  79  4  82  5  51  6  68  7  74  8  45  9  70
  0  15  1  51  2  29  3  81  4  10  5  47  6  14  7  94  8  3  9  46
  0  88  1  11  2  46  3  46  4  74  5  76  6  4  7  67  8  31  9  32
  0  98  1  36  2  41  3  5  4  12  5  17  6  29  7  32  8  90  9  74
  0  56  1  3  2  12  3  96  4  4  5  73  6  53  7  12  8  20  9  91
  0  27  1  70  2  97  3  8  4  86  5  82  6  31  7  99  8  35  9  26
  0  34  1  13  2  67  3  74  4  37  5  91  6  34  7  6  8  97  9  72
  0  21  1  80  2  83  3  37  4  64  5  23  6  13  7  77  8  52  9  26
  0  73  1  1  2  89  3  62  4  33  5  67  6  20  7  87  8  34  9  73
  0  31  1  54  2  30  3  90  4  84  5  81  6  89  7  31  8  60  9  39
  0  1  1  12  2  95  3  47  4  37  5  23  6  49  7  6  8  67  9  35
  0  48  1  94  2  30  3  90  4  70  5  14  6  91  7  70  8  87  9  50
  0  70  1  25  2  62  3  99  4  93  5  23  6  76  7  71  8  6  9  45
  0  42  1  58  2  75  3  22  4  11  5  50  6  32  7  15  8  83  9  14
  0  54  1  68  2  98  3  91  4  98  5  88  6  41  7  62  8  99  9  29
  0  93  1  82  2  30  3  89  4  41  5  4  6  73  7  50  8  81  9  28
  0  45  1  14  2  19  3  48  4  83  5  8  6  28  7  84  8  81  9  77
  0  22  1  14  2  38  3  85  4  75  5  61  6  37  7  78  8  59  9  91
  0  9  1  91  2  7  3  13  4  4  5  8  6  17  7  5  8  97  9  95
  0  55  1  5  2  16  3  76  4  20  5  39  6  16  7  7  8  73  9  65
  0  5  1  81  2  60  3  65  4  58  5  76  6  64  7  19  8  58  9  3
  0  74  1  29  2  96  3  36  4  60  5  94  6  83  7  33  8  78  9  36
  0  71  1  65  2  62  3  29  4  80  5  28  6  61  7  8  8  88  9  89
  0  36  1  31  2  19  3  6  4  31  5  25  6  32  7  13  8  64  9  48
  0  24  1  61  2  23  3  49  4  68  5  74  6  50  7  98  8  64  9  20
  0  55  1  26  2  72  3  47  4  85  5  93  6  53  7  23  8  50  9  73
  0  46  1  60  2  71  3  36  4  44  5  39  6  8  7  43  8  53  9  49
  0  88  1  5  2  47  3  12  4  30  5  68  6  56  7  51  8  37  9  16
  0  42  1  37  2  13  3  99  4  59  5  14  6  22  7  64  8  97  9  72
  0  83  1  5  2  56  3  53  4  95  5  58  6  2  7  74  8  2  9  66
  0  91  1  25  2  65  3  16  4  95  5  69  6  13  7  53  8  18  9  43
  0  47  1  57  2  14  3  57  4  59  5  74  6  64  7  20  8  78  9  78
  0  31  1  47  2  45  3  12  4  18  5  38  6  91  7  94  8  15  9  15
  0  64  1  37  2  94  3  60  4  37  5  75  6  84  7  8  8  75  9  13
  0  37  1  62  2  68  3  57  4  77  5  62  6  38  7  66  8  98  9  2
  0  80  1  41  2  21  3  73  4  9  5  51  6  51  7  17  8  5  9  62
  0  7  1  72  2  84  3  92  4  84  5  59  6  57  7  50  8  82  9  57
  0  10  1  1  2  25  3  50  4  54  5  67  6  34  7  42  8  36  9  83
  0  48  1  79  2  65  3  29  4  86  5  35  6  39  7  28  8  7  9  24
  0  45  1  98  2  7  3  63  4  92  5  64  6  62  7  8  8  97  9  77
  0  12  1  9  2  99  3  17  4  20  5  83  6  21  7  61  8  85  9  91
  0  74  1  33  2  75  3  56  4  85  5  87  6  99  7  77  8  85  9  87
  0  60  1  27  2  86  3  62  4  39  5  15  6  56  7  80  8  3  9  75
  0  42  1  63  2  42  3  8  4  17  5  9  6  86  7  71  8  50  9  30
  0  35  1  19  2  17  3  14  4  21  5  18  6  6  7  35  8  82  9  1
  0  90  1  23  2  15  3  25  4  68  5  32  6  36  7  60  8  81  9  65
  0  59  1  14  2  87  3  85  4  98  5  59  6  22  7  64  8  15  9  54
  0  87  1  89  2  88  3  35  4  65  5  22  6  99  7  33  8  7  9  59
  0  9  1  61  2  85  3  74  4  98  5  52  6  91  7  5  8  26  9  42
  0  16  1  36  2  62  3  58  4  46  5  90  6  55  7  26  8  63  9  22
  0  22  1  7  2  42  3  72  4  52  5  60  6  60  7  48  8  6  9  52
  0  83  1  17  2  6  3  78  4  87  5  23  6  68  7  72  8  23  9  2
  0  43  1  10  2  44  3  6  4  18  5  27  6  44  7  97  8  39  9  27
  0  80  1  60  2  52  3  37  4  86  5  33  6  34  7  24  8  80  9  80
  0  9  1  11  2  42  3  36  4  49  5  25  6  6  7  99  8  6  9  86
  0  93  1  60  2  20  3  20  4  90  5  85  6  7  7  19  8  22  9  94
  0  28  1  41  2  3  3  9  4  76  5  83  6  59  7  46  8  44  9  62
  0  47  1  98  2  53  3  24  4  6  5  15  6  68  7  32  8  37  9  77
  0  20  1  25  2  96  3  42  4  92  5  38  6  19  7  77  8  90  9  19
  0  33  1  39  2  52  3  5  4  44  5  37  6  91  7  20  8  61  9  6
  0  92  1  20  2  15  3  80  4  61  5  92  6  10  7  23  8  45  9  90
  0  69  1  76  2  45  3  52  4  91  5  25  6  99  7  37  8  30  9  82
  0  3  1  93  2  47  3  60  4  91  5  11  6  13  7  63  8  21  9  52
  0  57  1  28  2  93  3  47  4  83  5  97  6  34  7  99  8  7  9  97
  0  10  1  48  2  76  3  62  4  44  5  64  6  1  7  10  8  77  9  98
TPM
  0  3253  1  3253  2  3253  3  3253  4  3253  5  3253  6  3253  7  3253  8  3253  9  3253
PMT
  0  67  1  95  2  57  3  89  4  45  5  57  6  80  7  12  8  4  9  51
  0  15  1  18  2  78  3  47  4  62  5  5  6  87  7  19  8  45  9  10
  0  58  1  50  2  46  3  10  4  24  5  43  6  6  7  92  8  10  9  18
  0  67  1  11  2  11  3  7  4  41  5  41  6  24  7  99  8  2  9  16
  0  99  1  6  2  50  3  88  4  17  5  20  6  13  7  60  8  3  9  7
  0  48  1  71  2  44  3  58  4  90  5  38  6  65  7  76  8  44  9  98
  0  70  1  89  2  11  3  69  4  79  5  1  6  22  7  61  8  93  9  26
  0  92  1  90  2  74  3  82  4  30  5  69  6  31  7  22  8  63  9  88
  0  43  1  19  2  70  3  15  4  57  5  72  6  28  7  56  8  42  9  62
  0  1  1  77  2  96  3  86  4  51  5  78  6  33  7  60  8  41  9  48
  0  79  1  48  2  40  3  60  4  89  5  79  6  84  7  94  8  43  9  49
  0  33  1  73  2  62  3  10  4  18  5  55  6  4  7  12  8  97  9  40
  0  87  1  47  2  45  3  58  4  68  5  89  6  34  7  51  8  67  9  60
  0  16  1  81  2  19  3  45  4  83  5  9  6  97  7  40  8  70  9  37
  0  38  1  19  2  43  3  5  4  51  5  28  6  73  7  88  8  3  9  69
  0  89  1  29  2  21  3  21  4  70  5  2  6  28  7  99  8  6  9  8
