20  20
  0  47  1  28  2  63  3  96  4  91  5  23  6  9  7  14  8  5  9  73  10  56  11  6  12  92  13  30  14  47  15  86  16  89  17  17  18  12  19  90
  0  98  1  4  2  65  3  58  4  57  5  51  6  51  7  23  8  2  9  10  10  61  11  56  12  81  13  7  14  64  15  35  16  43  17  32  18  97  19  53
  0  86  1  33  2  10  3  93  4  57  5  64  6  77  7  24  8  42  9  54  10  9  11  93  12  63  13  87  14  21  15  35  16  9  17  13  18  54  19  94
  0  20  1  27  2  51  3  66  4  45  5  92  6  23  7  76  8  27  9  90  10  79  11  62  12  66  13  21  14  91  15  36  16  98  17  88  18  9  19  19
  0  64  1  54  2  65  3  9  4  74  5  30  6  32  7  91  8  76  9  43  10  7  11  25  12  99  13  11  14  44  15  48  16  19  17  84  18  73  19  97
  0  60  1  72  2  55  3  39  4  68  5  42  6  62  7  37  8  67  9  49  10  11  11  15  12  11  13  64  14  56  15  3  16  4  17  89  18  27  19  55
  0  31  1  71  2  84  3  82  4  27  5  68  6  15  7  48  8  74  9  28  10  82  11  6  12  25  13  70  14  28  15  88  16  55  17  97  18  62  19  80
  0  30  1  63  2  8  3  12  4  21  5  78  6  84  7  75  8  91  9  44  10  33  11  59  12  78  13  19  14  40  15  21  16  98  17  76  18  83  19  72
  0  74  1  14  2  41  3  42  4  64  5  97  6  4  7  23  8  28  9  83  10  9  11  36  12  66  13  19  14  72  15  69  16  25  17  35  18  78  19  61
  0  39  1  93  2  82  3  45  4  64  5  6  6  4  7  72  8  26  9  83  10  28  11  82  12  66  13  77  14  64  15  83  16  89  17  89  18  88  19  63
  0  27  1  89  2  93  3  55  4  70  5  72  6  31  7  3  8  42  9  18  10  95  11  24  12  13  13  56  14  9  15  62  16  75  17  44  18  80  19  57
  0  36  1  7  2  73  3  98  4  89  5  1  6  97  7  34  8  72  9  97  10  91  11  38  12  33  13  3  14  86  15  70  16  50  17  52  18  61  19  86
  0  81  1  55  2  17  3  64  4  42  5  70  6  44  7  68  8  34  9  43  10  53  11  74  12  69  13  34  14  98  15  98  16  71  17  11  18  12  19  36
  0  51  1  98  2  21  3  83  4  64  5  6  6  33  7  1  8  27  9  57  10  91  11  53  12  39  13  21  14  51  15  12  16  24  17  96  18  24  19  30
  0  6  1  9  2  81  3  8  4  78  5  25  6  33  7  20  8  30  9  78  10  4  11  61  12  27  13  85  14  89  15  43  16  78  17  73  18  55  19  45
  0  39  1  56  2  2  3  91  4  3  5  35  6  34  7  32  8  14  9  15  10  86  11  18  12  90  13  39  14  2  15  24  16  33  17  7  18  56  19  54
  0  71  1  21  2  96  3  16  4  65  5  75  6  10  7  70  8  73  9  80  10  53  11  85  12  35  13  86  14  26  15  50  16  47  17  63  18  27  19  21
  0  36  1  25  2  70  3  13  4  32  5  29  6  25  7  71  8  15  9  78  10  4  11  54  12  88  13  2  14  40  15  37  16  96  17  3  18  95  19  23
  0  85  1  92  2  2  3  87  4  79  5  58  6  45  7  34  8  38  9  14  10  19  11  9  12  77  13  48  14  15  15  6  16  10  17  70  18  40  19  81
  0  20  1  12  2  58  3  28  4  67  5  28  6  12  7  97  8  14  9  22  10  62  11  69  12  87  13  74  14  53  15  1  16  52  17  52  18  96  19  7
TPM
  0  595  1  595  2  595  3  595  4  595  5  595  6  595  7  595  8  595  9  595  10  595  11  595  12  595  13  595  14  595  15  595  16  595  17  595  18  595  19  595
PMT
  0  14  1  22  2  13  3  29  4  43  5  12  6  31  7  45  8  22  9  23  10  7  11  34  12  30  13  22  14  28  15  22  16  40  17  27  18  8  19  1
  0  37  1  6  2  15  3  42  4  47  5  41  6  18  7  27  8  22  9  8  10  33  11  44  12  29  13  27  14  43  15  32  16  41  17  8  18  28  19  36
  0  46  1  20  2  42  3  16  4  29  5  42  6  42  7  14  8  45  9  38  10  40  11  41  12  49  13  32  14  8  15  27  16  31  17  35  18  28  19  31
  0  30  1  35  2  46  3  29  4  31  5  45  6  35  7  28  8  20  9  1  10  21  11  32  12  27  13  14  14  38  15  25  16  27  17  9  18  41  19  29
