100  20
  0  34  1  81  2  17  3  62  4  90  5  53  6  96  7  24  8  10  9  15  10  14  11  14  12  2  13  96  14  24  15  65  16  45  17  56  18  31  19  76
  0  15  1  16  2  89  3  78  4  9  5  16  6  88  7  83  8  46  9  60  10  19  11  89  12  76  13  1  14  74  15  4  16  34  17  59  18  29  19  98
  0  29  1  7  2  96  3  27  4  45  5  35  6  64  7  53  8  10  9  92  10  50  11  75  12  31  13  82  14  38  15  49  16  34  17  27  18  81  19  40
  0  39  1  48  2  78  3  61  4  55  5  33  6  67  7  64  8  86  9  73  10  83  11  13  12  86  13  95  14  91  15  41  16  85  17  28  18  75  19  69
  0  86  1  64  2  37  3  52  4  23  5  26  6  70  7  63  8  87  9  30  10  75  11  39  12  5  13  17  14  49  15  56  16  93  17  86  18  68  19  96
  0  46  1  61  2  35  3  27  4  23  5  68  6  72  7  8  8  26  9  92  10  75  11  92  12  19  13  77  14  55  15  2  16  92  17  47  18  38  19  60
  0  5  1  83  2  8  3  49  4  29  5  90  6  1  7  10  8  5  9  13  10  76  11  85  12  71  13  13  14  59  15  10  16  16  17  8  18  88  19  64
  0  87  1  16  2  35  3  64  4  38  5  81  6  89  7  49  8  8  9  70  10  91  11  87  12  57  13  44  14  91  15  24  16  14  17  66  18  52  19  14
  0  90  1  9  2  20  3  47  4  86  5  34  6  34  7  37  8  84  9  90  10  65  11  31  12  4  13  53  14  76  15  80  16  66  17  72  18  56  19  53
  0  98  1  38  2  85  3  1  4  58  5  59  6  17  7  97  8  76  9  13  10  78  11  20  12  43  13  19  14  48  15  32  16  80  17  54  18  39  19  91
  0  85  1  91  2  8  3  9  4  22  5  32  6  72  7  94  8  16  9  89  10  94  11  6  12  61  13  14  14  74  15  61  16  61  17  77  18  48  19  90
  0  45  1  65  2  4  3  37  4  41  5  31  6  42  7  23  8  5  9  23  10  55  11  67  12  15  13  78  14  92  15  82  16  5  17  51  18  48  19  21
  0  83  1  20  2  73  3  30  4  54  5  81  6  16  7  41  8  54  9  39  10  30  11  3  12  64  13  33  14  3  15  30  16  55  17  78  18  7  19  37
  0  75  1  7  2  64  3  61  4  8  5  14  6  78  7  21  8  29  9  77  10  79  11  28  12  60  13  94  14  86  15  85  16  2  17  46  18  67  19  19
  0  69  1  79  2  81  3  20  4  93  5  92  6  3  7  25  8  42  9  41  10  75  11  21  12  74  13  97  14  50  15  83  16  39  17  58  18  96  19  72
  0  83  1  48  2  96  3  45  4  23  5  90  6  53  7  59  8  89  9  30  10  88  11  78  12  73  13  32  14  96  15  7  16  3  17  93  18  83  19  2
  0  50  1  41  2  6  3  57  4  44  5  3  6  99  7  47  8  22  9  65  10  57  11  72  12  73  13  73  14  76  15  58  16  39  17  30  18  21  19  76
  0  71  1  80  2  40  3  17  4  75  5  22  6  50  7  15  8  80  9  53  10  74  11  2  12  16  13  50  14  82  15  59  16  94  17  54  18  98  19  75
  0  9  1  84  2  44  3  37  4  16  5  31  6  52  7  10  8  64  9  78  10  64  11  91  12  61  13  60  14  86  15  35  16  22  17  72  18  90  19  75
  0  25  1  61  2  58  3  22  4  65  5  82  6  20  7  74  8  96  9  1  10  36  11  99  12  90  13  61  14  22  15  64  16  44  17  71  18  6  19  3
  0  43  1  49  2  81  3  93  4  40  5  57  6  90  7  41  8  99  9  2  10  43  11  5  12  51  13  77  14  68  15  17  16  11  17  97  18  53  19  83
  0  89  1  14  2  2  3  59  4  97  5  36  6  27  7  36  8  5  9  12  10  72  11  95  12  10  13  1  14  2  15  3  16  49  17  74  18  20  19  55
  0  33  1  21  2  9  3  1  4  88  5  31  6  90  7  2  8  58  9  3  10  50  11  97  12  71  13  83  14  88  15  98  16  2  17  44  18  77  19  17
  0  57  1  42  2  37  3  5  4  88  5  36  6  76  7  74  8  98  9  40  10  41  11  1  12  86  13  40  14  68  15  44  16  78  17  21  18  60  19  46
  0  98  1  46  2  2  3  63  4  8  5  21  6  89  7  74  8  9  9  16  10  63  11  55  12  76  13  24  14  38  15  7  16  90  17  4  18  86  19  93
  0  58  1  98  2  23  3  11  4  63  5  62  6  76  7  99  8  77  9  18  10  67  11  79  12  15  13  26  14  26  15  58  16  29  17  58  18  98  19  46
  0  68  1  78  2  53  3  79  4  51  5  86  6  63  7  33  8  17  9  96  10  38  11  82  12  65  13  18  14  37  15  28  16  6  17  85  18  63  19  13
  0  56  1  61  2  50  3  87  4  77  5  83  6  66  7  93  8  25  9  47  10  14  11  85  12  66  13  52  14  93  15  5  16  84  17  31  18  54  19  75
  0  58  1  55  2  64  3  91  4  19  5  85  6  55  7  99  8  94  9  6  10  40  11  14  12  1  13  64  14  1  15  16  16  46  17  4  18  95  19  14
  0  55  1  60  2  32  3  69  4  30  5  55  6  5  7  25  8  91  9  28  10  4  11  81  12  93  13  62  14  24  15  7  16  83  17  7  18  51  19  82
  0  51  1  10  2  89  3  14  4  8  5  7  6  62  7  66  8  69  9  21  10  11  11  94  12  39  13  88  14  52  15  83  16  22  17  98  18  85  19  20
  0  5  1  19  2  54  3  57  4  92  5  49  6  5  7  46  8  86  9  11  10  1  11  41  12  34  13  85  14  73  15  10  16  90  17  39  18  28  19  99
  0  85  1  12  2  37  3  46  4  63  5  45  6  77  7  21  8  48  9  90  10  11  11  50  12  68  13  15  14  1  15  67  16  12  17  89  18  18  19  61
  0  21  1  45  2  79  3  48  4  42  5  11  6  31  7  77  8  77  9  84  10  46  11  32  12  22  13  98  14  25  15  11  16  75  17  64  18  10  19  82
  0  50  1  34  2  32  3  61  4  40  5  98  6  91  7  33  8  97  9  5  10  3  11  35  12  42  13  77  14  68  15  83  16  13  17  61  18  75  19  78
  0  7  1  35  2  13  3  41  4  94  5  49  6  52  7  63  8  88  9  97  10  52  11  78  12  12  13  26  14  76  15  79  16  94  17  21  18  25  19  34
  0  85  1  60  2  25  3  83  4  70  5  96  6  45  7  35  8  23  9  9  10  98  11  57  12  36  13  51  14  77  15  59  16  8  17  77  18  22  19  12
  0  80  1  21  2  12  3  25  4  53  5  60  6  49  7  15  8  19  9  6  10  49  11  8  12  2  13  66  14  78  15  57  16  90  17  12  18  92  19  97
  0  88  1  19  2  69  3  38  4  32  5  67  6  41  7  78  8  57  9  41  10  66  11  96  12  93  13  26  14  95  15  45  16  34  17  27  18  31  19  60
  0  12  1  45  2  68  3  49  4  58  5  80  6  80  7  38  8  50  9  51  10  93  11  74  12  63  13  52  14  30  15  32  16  80  17  86  18  56  19  47
  0  25  1  46  2  41  3  91  4  31  5  28  6  13  7  73  8  55  9  8  10  79  11  90  12  91  13  2  14  33  15  13  16  58  17  3  18  77  19  40
  0  62  1  65  2  33  3  78  4  42  5  66  6  3  7  30  8  75  9  80  10  26  11  72  12  84  13  39  14  31  15  4  16  64  17  62  18  74  19  48
  0  54  1  83  2  29  3  65  4  84  5  11  6  50  7  8  8  94  9  81  10  41  11  13  12  3  13  24  14  96  15  28  16  58  17  14  18  84  19  7
  0  31  1  94  2  6  3  20  4  95  5  17  6  46  7  72  8  26  9  82  10  91  11  19  12  8  13  29  14  90  15  25  16  36  17  73  18  74  19  4
  0  47  1  9  2  70  3  35  4  12  5  17  6  73  7  49  8  82  9  40  10  50  11  20  12  70  13  42  14  4  15  12  16  11  17  18  18  24  19  68
  0  13  1  65  2  77  3  41  4  33  5  14  6  50  7  92  8  2  9  66  10  14  11  27  12  86  13  21  14  90  15  21  16  95  17  53  18  52  19  77
  0  26  1  89  2  49  3  11  4  34  5  7  6  78  7  28  8  67  9  28  10  27  11  96  12  87  13  5  14  49  15  77  16  86  17  3  18  73  19  76
  0  54  1  32  2  28  3  61  4  72  5  2  6  52  7  17  8  21  9  65  10  24  11  56  12  40  13  98  14  9  15  1  16  75  17  43  18  39  19  8
  0  95  1  77  2  45  3  95  4  75  5  18  6  22  7  99  8  61  9  56  10  98  11  65  12  78  13  86  14  28  15  50  16  51  17  79  18  35  19  3
  0  22  1  4  2  80  3  33  4  13  5  2  6  34  7  96  8  61  9  76  10  47  11  45  12  13  13  42  14  95  15  35  16  66  17  40  18  16  19  87
  0  91  1  31  2  45  3  32  4  74  5  14  6  76  7  91  8  61  9  28  10  43  11  88  12  94  13  40  14  18  15  69  16  72  17  27  18  3  19  87
  0  73  1  2  2  17  3  96  4  26  5  44  6  22  7  19  8  14  9  28  10  48  11  28  12  50  13  78  14  6  15  31  16  55  17  69  18  87  19  45
  0  29  1  64  2  8  3  20  4  99  5  64  6  30  7  29  8  85  9  98  10  74  11  46  12  7  13  85  14  13  15  71  16  30  17  48  18  93  19  83
  0  36  1  59  2  42  3  16  4  49  5  44  6  49  7  2  8  48  9  79  10  26  11  25  12  68  13  54  14  87  15  74  16  62  17  90  18  15  19  85
  0  60  1  35  2  80  3  24  4  72  5  61  6  51  7  41  8  10  9  66  10  6  11  96  12  15  13  29  14  21  15  53  16  38  17  70  18  24  19  63
  0  95  1  39  2  9  3  6  4  85  5  7  6  66  7  62  8  71  9  50  10  71  11  22  12  41  13  51  14  32  15  61  16  93  17  37  18  1  19  31
  0  40  1  56  2  82  3  60  4  96  5  57  6  8  7  52  8  9  9  94  10  51  11  21  12  52  13  15  14  7  15  18  16  72  17  76  18  56  19  26
  0  80  1  96  2  99  3  27  4  12  5  56  6  15  7  75  8  8  9  88  10  79  11  28  12  83  13  21  14  72  15  9  16  90  17  79  18  31  19  29
  0  89  1  48  2  33  3  59  4  89  5  44  6  38  7  50  8  13  9  62  10  93  11  42  12  6  13  1  14  1  15  98  16  97  17  57  18  92  19  71
  0  66  1  62  2  59  3  73  4  91  5  7  6  52  7  11  8  70  9  55  10  16  11  11  12  48  13  60  14  44  15  49  16  90  17  32  18  75  19  50
  0  78  1  12  2  44  3  20  4  29  5  57  6  80  7  40  8  59  9  52  10  4  11  35  12  37  13  75  14  63  15  69  16  7  17  8  18  25  19  65
  0  75  1  62  2  93  3  31  4  92  5  54  6  39  7  43  8  52  9  58  10  42  11  22  12  28  13  14  14  98  15  99  16  95  17  79  18  42  19  65
  0  99  1  38  2  66  3  33  4  97  5  15  6  64  7  73  8  57  9  61  10  18  11  5  12  9  13  98  14  93  15  32  16  67  17  46  18  45  19  74
  0  88  1  67  2  13  3  28  4  13  5  6  6  72  7  56  8  14  9  2  10  92  11  95  12  58  13  6  14  71  15  17  16  43  17  40  18  89  19  2
  0  64  1  51  2  87  3  95  4  34  5  84  6  49  7  63  8  58  9  52  10  70  11  61  12  24  13  79  14  15  15  88  16  71  17  68  18  12  19  97
  0  57  1  76  2  40  3  58  4  17  5  42  6  89  7  23  8  81  9  76  10  16  11  30  12  34  13  8  14  17  15  37  16  83  17  58  18  94  19  82
  0  90  1  79  2  95  3  5  4  98  5  81  6  26  7  82  8  31  9  27  10  86  11  62  12  64  13  79  14  94  15  89  16  91  17  28  18  66  19  65
  0  35  1  24  2  72  3  88  4  66  5  4  6  13  7  59  8  51  9  79  10  64  11  53  12  27  13  34  14  81  15  87  16  68  17  33  18  75  19  44
  0  10  1  55  2  92  3  24  4  36  5  6  6  67  7  34  8  43  9  41  10  24  11  45  12  40  13  51  14  39  15  67  16  45  17  59  18  13  19  28
  0  95  1  29  2  96  3  50  4  70  5  14  6  63  7  76  8  99  9  61  10  45  11  68  12  12  13  69  14  54  15  88  16  37  17  69  18  71  19  44
  0  66  1  53  2  61  3  46  4  46  5  96  6  47  7  16  8  48  9  39  10  78  11  38  12  39  13  7  14  29  15  53  16  61  17  15  18  53  19  20
  0  75  1  66  2  67  3  7  4  34  5  33  6  23  7  93  8  97  9  7  10  21  11  78  12  98  13  32  14  53  15  31  16  19  17  69  18  82  19  37
  0  38  1  53  2  96  3  21  4  68  5  33  6  3  7  51  8  81  9  28  10  40  11  49  12  91  13  17  14  27  15  67  16  59  17  52  18  73  19  11
  0  11  1  72  2  32  3  6  4  14  5  40  6  54  7  50  8  35  9  49  10  78  11  94  12  69  13  57  14  83  15  39  16  34  17  48  18  59  19  41
  0  49  1  37  2  89  3  80  4  60  5  53  6  59  7  19  8  60  9  81  10  10  11  44  12  35  13  43  14  22  15  99  16  28  17  37  18  90  19  33
  0  88  1  85  2  22  3  11  4  84  5  52  6  80  7  87  8  50  9  15  10  41  11  27  12  24  13  25  14  43  15  11  16  4  17  85  18  52  19  85
  0  1  1  20  2  63  3  30  4  92  5  15  6  11  7  45  8  91  9  74  10  68  11  94  12  85  13  98  14  52  15  64  16  16  17  83  18  56  19  94
  0  97  1  13  2  93  3  20  4  4  5  66  6  20  7  19  8  62  9  93  10  44  11  49  12  31  13  10  14  87  15  39  16  68  17  6  18  18  19  31
  0  99  1  3  2  70  3  31  4  46  5  79  6  58  7  90  8  83  9  44  10  5  11  22  12  17  13  44  14  64  15  40  16  25  17  33  18  14  19  68
  0  87  1  28  2  27  3  52  4  91  5  40  6  68  7  73  8  12  9  50  10  66  11  58  12  81  13  65  14  54  15  22  16  6  17  88  18  81  19  84
  0  96  1  70  2  47  3  62  4  17  5  32  6  1  7  16  8  63  9  91  10  97  11  7  12  46  13  10  14  42  15  91  16  11  17  46  18  14  19  67
  0  38  1  8  2  80  3  33  4  8  5  3  6  54  7  29  8  13  9  57  10  15  11  99  12  56  13  43  14  32  15  43  16  66  17  19  18  51  19  82
  0  35  1  6  2  20  3  60  4  20  5  31  6  83  7  25  8  9  9  9  10  59  11  90  12  24  13  54  14  83  15  68  16  89  17  48  18  82  19  98
  0  30  1  86  2  3  3  44  4  48  5  90  6  34  7  24  8  3  9  66  10  68  11  83  12  91  13  32  14  5  15  42  16  2  17  52  18  95  19  64
  0  92  1  50  2  69  3  43  4  13  5  88  6  5  7  87  8  73  9  33  10  27  11  56  12  33  13  48  14  42  15  87  16  50  17  84  18  52  19  97
  0  24  1  57  2  4  3  69  4  28  5  22  6  54  7  45  8  3  9  5  10  76  11  82  12  58  13  43  14  32  15  58  16  10  17  29  18  72  19  20
  0  49  1  81  2  52  3  15  4  15  5  83  6  79  7  54  8  29  9  45  10  17  11  87  12  92  13  96  14  13  15  99  16  76  17  25  18  45  19  48
  0  44  1  92  2  73  3  10  4  91  5  2  6  64  7  4  8  85  9  13  10  15  11  5  12  41  13  16  14  1  15  67  16  79  17  7  18  15  19  29
  0  39  1  33  2  79  3  53  4  37  5  7  6  51  7  40  8  7  9  84  10  32  11  10  12  64  13  86  14  87  15  32  16  68  17  87  18  7  19  78
  0  74  1  1  2  65  3  85  4  16  5  51  6  87  7  89  8  45  9  98  10  98  11  51  12  25  13  59  14  22  15  84  16  47  17  32  18  75  19  66
  0  30  1  39  2  47  3  72  4  14  5  31  6  70  7  96  8  50  9  8  10  29  11  14  12  74  13  70  14  57  15  18  16  77  17  98  18  10  19  41
  0  47  1  14  2  33  3  23  4  20  5  76  6  52  7  6  8  80  9  37  10  45  11  59  12  95  13  23  14  96  15  63  16  56  17  37  18  24  19  5
  0  91  1  13  2  28  3  75  4  48  5  22  6  24  7  61  8  71  9  66  10  37  11  63  12  30  13  73  14  72  15  98  16  46  17  84  18  2  19  73
  0  54  1  6  2  21  3  12  4  91  5  64  6  65  7  88  8  73  9  90  10  3  11  18  12  34  13  99  14  23  15  61  16  22  17  74  18  3  19  86
  0  80  1  54  2  17  3  80  4  56  5  73  6  22  7  94  8  15  9  27  10  34  11  76  12  54  13  43  14  64  15  19  16  46  17  89  18  15  19  41
  0  57  1  43  2  15  3  54  4  8  5  11  6  65  7  2  8  85  9  69  10  30  11  68  12  25  13  61  14  72  15  3  16  2  17  76  18  39  19  82
  0  27  1  94  2  33  3  36  4  25  5  75  6  40  7  88  8  25  9  17  10  81  11  94  12  14  13  20  14  17  15  91  16  34  17  34  18  29  19  60
  0  95  1  66  2  48  3  93  4  67  5  78  6  6  7  17  8  55  9  16  10  31  11  93  12  72  13  22  14  14  15  8  16  80  17  47  18  13  19  33
  0  33  1  62  2  79  3  6  4  67  5  15  6  18  7  63  8  21  9  2  10  15  11  32  12  69  13  45  14  94  15  53  16  7  17  95  18  93  19  98
  0  19  1  98  2  59  3  15  4  29  5  89  6  17  7  78  8  95  9  25  10  49  11  73  12  16  13  37  14  98  15  13  16  50  17  93  18  79  19  62
TPM
  0  1446  1  1446  2  1446  3  1446  4  1446  5  1446  6  1446  7  1446  8  1446  9  1446  10  1446  11  1446  12  1446  13  1446  14  1446  15  1446  16  1446  17  1446  18  1446  19  1446
PMT
  0  50  1  69  2  40  3  36  4  66  5  6  6  12  7  36  8  61  9  71  10  66  11  3  12  10  13  72  14  27  15  70  16  48  17  19  18  5  19  52
  0  8  1  70  2  13  3  31  4  43  5  34  6  5  7  30  8  11  9  67  10  11  11  28  12  44  13  22  14  73  15  52  16  2  17  56  18  39  19  65
  0  55  1  41  2  17  3  52  4  49  5  43  6  17  7  25  8  27  9  72  10  59  11  26  12  22  13  46  14  65  15  53  16  60  17  68  18  34  19  68
  0  17  1  7  2  63  3  72  4  55  5  61  6  22  7  67  8  15  9  67  10  38  11  64  12  72  13  37  14  2  15  15  16  19  17  71  18  26  19  71
  0  66  1  17  2  38  3  44  4  13  5  40  6  23  7  7  8  34  9  51  10  28  11  42  12  38  13  21  14  7  15  6  16  57  17  47  18  43  19  28
  0  13  1  10  2  45  3  50  4  6  5  36  6  7  7  43  8  38  9  72  10  30  11  74  12  43  13  48  14  53  15  46  16  7  17  14  18  16  19  6
  0  41  1  52  2  59  3  3  4  70  5  68  6  39  7  67  8  16  9  25  10  12  11  55  12  23  13  20  14  21  15  47  16  2  17  11  18  4  19  52
