200  15
  0  12  1  49  2  30  3  79  4  44  5  13  6  68  7  86  8  91  9  52  10  42  11  38  12  66  13  59  14  26
  0  70  1  91  2  69  3  94  4  95  5  43  6  99  7  95  8  68  9  19  10  12  11  72  12  40  13  38  14  29
  0  31  1  77  2  2  3  48  4  7  5  71  6  65  7  31  8  2  9  61  10  8  11  60  12  63  13  38  14  96
  0  95  1  50  2  17  3  84  4  64  5  8  6  83  7  88  8  80  9  23  10  53  11  31  12  71  13  62  14  4
  0  50  1  39  2  89  3  68  4  7  5  20  6  33  7  98  8  41  9  93  10  38  11  37  12  66  13  57  14  25
  0  46  1  93  2  77  3  54  4  8  5  28  6  77  7  37  8  67  9  76  10  24  11  81  12  97  13  70  14  18
  0  35  1  8  2  79  3  14  4  65  5  5  6  68  7  9  8  11  9  19  10  39  11  82  12  69  13  13  14  47
  0  81  1  19  2  52  3  85  4  77  5  83  6  15  7  79  8  34  9  96  10  53  11  31  12  78  13  11  14  39
  0  11  1  50  2  66  3  65  4  82  5  69  6  26  7  74  8  11  9  71  10  14  11  38  12  86  13  66  14  33
  0  13  1  63  2  39  3  53  4  44  5  6  6  7  7  83  8  91  9  80  10  75  11  70  12  99  13  33  14  85
  0  95  1  40  2  55  3  29  4  52  5  92  6  22  7  62  8  39  9  42  10  41  11  80  12  87  13  17  14  66
  0  7  1  12  2  90  3  61  4  98  5  59  6  14  7  97  8  15  9  90  10  62  11  52  12  52  13  14  14  17
  0  19  1  73  2  66  3  91  4  42  5  80  6  9  7  6  8  69  9  86  10  64  11  46  12  48  13  21  14  46
  0  65  1  23  2  49  3  34  4  23  5  20  6  93  7  89  8  53  9  12  10  90  11  37  12  33  13  3  14  34
  0  50  1  65  2  85  3  59  4  99  5  9  6  41  7  94  8  70  9  23  10  5  11  75  12  56  13  6  14  5
  0  92  1  75  2  47  3  54  4  33  5  74  6  15  7  51  8  19  9  14  10  56  11  5  12  63  13  53  14  82
  0  20  1  1  2  75  3  60  4  87  5  50  6  16  7  36  8  57  9  24  10  95  11  64  12  13  13  2  14  68
  0  13  1  66  2  8  3  30  4  74  5  20  6  82  7  49  8  97  9  99  10  36  11  24  12  19  13  44  14  99
  0  63  1  68  2  75  3  49  4  55  5  66  6  35  7  41  8  82  9  43  10  24  11  88  12  59  13  51  14  91
  0  77  1  45  2  39  3  70  4  94  5  35  6  15  7  33  8  15  9  25  10  31  11  44  12  70  13  32  14  39
  0  3  1  7  2  84  3  24  4  24  5  88  6  26  7  98  8  98  9  18  10  10  11  26  12  13  13  68  14  60
  0  7  1  41  2  54  3  30  4  29  5  37  6  95  7  86  8  84  9  68  10  33  11  10  12  96  13  92  14  10
  0  70  1  16  2  62  3  28  4  32  5  58  6  3  7  43  8  91  9  25  10  5  11  54  12  56  13  7  14  23
  0  10  1  16  2  56  3  73  4  21  5  59  6  8  7  72  8  65  9  52  10  52  11  58  12  32  13  58  14  9
  0  89  1  9  2  92  3  47  4  12  5  50  6  16  7  59  8  31  9  49  10  31  11  67  12  40  13  14  14  23
  0  36  1  91  2  23  3  62  4  25  5  7  6  7  7  65  8  74  9  60  10  74  11  66  12  38  13  89  14  92
  0  71  1  3  2  11  3  84  4  69  5  38  6  50  7  95  8  42  9  88  10  12  11  60  12  88  13  93  14  45
  0  47  1  58  2  89  3  83  4  83  5  59  6  41  7  66  8  80  9  75  10  5  11  72  12  7  13  38  14  15
  0  11  1  86  2  93  3  43  4  65  5  16  6  95  7  89  8  80  9  27  10  10  11  86  12  32  13  41  14  83
  0  29  1  23  2  95  3  56  4  68  5  1  6  27  7  83  8  34  9  86  10  48  11  15  12  53  13  58  14  60
  0  43  1  5  2  25  3  75  4  16  5  22  6  93  7  50  8  84  9  9  10  17  11  46  12  15  13  69  14  59
  0  72  1  2  2  46  3  31  4  90  5  53  6  4  7  74  8  57  9  35  10  33  11  10  12  56  13  99  14  47
  0  55  1  46  2  29  3  83  4  95  5  9  6  74  7  55  8  70  9  96  10  69  11  1  12  79  13  93  14  48
  0  31  1  45  2  48  3  1  4  71  5  85  6  50  7  34  8  50  9  72  10  40  11  33  12  72  13  84  14  90
  0  45  1  94  2  78  3  91  4  15  5  78  6  43  7  25  8  50  9  87  10  4  11  28  12  5  13  74  14  96
  0  49  1  97  2  38  3  23  4  76  5  10  6  82  7  60  8  82  9  27  10  89  11  91  12  7  13  15  14  86
  0  68  1  75  2  59  3  77  4  31  5  35  6  87  7  65  8  45  9  52  10  69  11  89  12  33  13  80  14  64
  0  39  1  5  2  31  3  43  4  39  5  11  6  78  7  27  8  8  9  88  10  86  11  7  12  31  13  64  14  50
  0  42  1  9  2  27  3  73  4  46  5  54  6  94  7  33  8  6  9  76  10  37  11  7  12  6  13  58  14  31
  0  57  1  45  2  7  3  47  4  98  5  62  6  54  7  8  8  91  9  19  10  27  11  59  12  47  13  92  14  11
  0  55  1  30  2  94  3  77  4  33  5  87  6  7  7  61  8  36  9  52  10  97  11  91  12  14  13  95  14  74
  0  17  1  4  2  24  3  59  4  89  5  77  6  48  7  28  8  84  9  95  10  65  11  27  12  73  13  20  14  40
  0  50  1  89  2  59  3  68  4  71  5  31  6  67  7  59  8  35  9  11  10  4  11  75  12  64  13  44  14  26
  0  13  1  38  2  16  3  88  4  9  5  44  6  3  7  54  8  15  9  8  10  4  11  42  12  64  13  59  14  31
  0  76  1  30  2  88  3  56  4  9  5  52  6  93  7  10  8  19  9  68  10  21  11  92  12  30  13  98  14  72
  0  17  1  82  2  42  3  6  4  32  5  57  6  7  7  54  8  61  9  45  10  75  11  63  12  65  13  92  14  67
  0  94  1  33  2  91  3  70  4  64  5  26  6  64  7  31  8  2  9  56  10  83  11  36  12  51  13  70  14  29
  0  32  1  64  2  48  3  52  4  57  5  31  6  69  7  15  8  74  9  66  10  83  11  25  12  42  13  54  14  98
  0  80  1  66  2  84  3  67  4  86  5  5  6  78  7  40  8  22  9  21  10  57  11  13  12  65  13  19  14  7
  0  86  1  98  2  2  3  47  4  24  5  58  6  21  7  10  8  55  9  96  10  34  11  77  12  88  13  77  14  69
  0  33  1  7  2  18  3  68  4  48  5  72  6  40  7  64  8  75  9  66  10  11  11  99  12  42  13  25  14  77
  0  17  1  62  2  60  3  19  4  44  5  4  6  83  7  83  8  83  9  88  10  49  11  72  12  71  13  3  14  96
  0  93  1  49  2  49  3  72  4  3  5  93  6  75  7  38  8  88  9  68  10  48  11  1  12  90  13  12  14  58
  0  38  1  38  2  65  3  90  4  86  5  53  6  14  7  83  8  18  9  70  10  86  11  55  12  32  13  46  14  37
  0  79  1  31  2  72  3  14  4  46  5  55  6  13  7  77  8  29  9  5  10  27  11  29  12  33  13  63  14  57
  0  62  1  26  2  2  3  76  4  40  5  58  6  37  7  46  8  76  9  8  10  69  11  15  12  58  13  44  14  15
  0  51  1  43  2  65  3  14  4  20  5  32  6  65  7  88  8  12  9  67  10  38  11  66  12  8  13  44  14  11
  0  3  1  35  2  23  3  89  4  64  5  27  6  57  7  27  8  59  9  28  10  13  11  68  12  31  13  74  14  17
  0  35  1  33  2  57  3  70  4  38  5  71  6  50  7  14  8  39  9  84  10  44  11  26  12  5  13  67  14  41
  0  2  1  12  2  92  3  84  4  29  5  12  6  77  7  34  8  70  9  54  10  79  11  9  12  17  13  25  14  48
  0  63  1  70  2  53  3  48  4  65  5  58  6  94  7  31  8  86  9  9  10  99  11  32  12  38  13  32  14  1
  0  4  1  93  2  79  3  6  4  35  5  98  6  78  7  74  8  93  9  48  10  71  11  93  12  97  13  83  14  99
  0  11  1  18  2  52  3  16  4  68  5  51  6  7  7  14  8  54  9  21  10  58  11  3  12  70  13  93  14  4
  0  74  1  67  2  23  3  92  4  42  5  12  6  56  7  2  8  36  9  81  10  67  11  28  12  93  13  92  14  91
  0  29  1  82  2  28  3  88  4  72  5  38  6  97  7  58  8  51  9  8  10  55  11  71  12  4  13  23  14  74
  0  12  1  35  2  59  3  18  4  24  5  21  6  46  7  94  8  11  9  52  10  28  11  56  12  55  13  40  14  8
  0  95  1  17  2  6  3  3  4  49  5  61  6  10  7  13  8  1  9  10  10  95  11  74  12  56  13  14  14  67
  0  36  1  25  2  5  3  8  4  6  5  36  6  57  7  20  8  35  9  60  10  80  11  40  12  46  13  43  14  13
  0  59  1  24  2  39  3  5  4  56  5  11  6  17  7  85  8  10  9  3  10  83  11  75  12  74  13  12  14  36
  0  80  1  4  2  46  3  36  4  66  5  82  6  46  7  72  8  27  9  88  10  42  11  64  12  70  13  89  14  46
  0  7  1  1  2  68  3  91  4  59  5  61  6  6  7  73  8  43  9  65  10  76  11  61  12  99  13  52  14  50
  0  81  1  94  2  8  3  73  4  97  5  13  6  67  7  99  8  29  9  51  10  84  11  83  12  90  13  7  14  16
  0  57  1  46  2  31  3  79  4  57  5  99  6  83  7  71  8  62  9  68  10  14  11  56  12  70  13  30  14  44
  0  60  1  22  2  11  3  52  4  31  5  47  6  72  7  57  8  55  9  83  10  13  11  66  12  37  13  21  14  90
  0  30  1  76  2  32  3  31  4  21  5  10  6  24  7  74  8  39  9  95  10  17  11  89  12  80  13  63  14  10
  0  40  1  59  2  48  3  20  4  90  5  47  6  87  7  99  8  92  9  68  10  54  11  44  12  75  13  81  14  42
  0  71  1  43  2  25  3  40  4  35  5  47  6  3  7  56  8  74  9  83  10  43  11  72  12  45  13  44  14  68
  0  45  1  70  2  11  3  34  4  92  5  9  6  74  7  41  8  19  9  16  10  20  11  36  12  64  13  69  14  6
  0  31  1  7  2  67  3  38  4  27  5  19  6  23  7  7  8  20  9  84  10  22  11  32  12  13  13  14  14  2
  0  53  1  71  2  11  3  88  4  52  5  99  6  94  7  82  8  82  9  15  10  64  11  90  12  53  13  50  14  63
  0  33  1  7  2  20  3  90  4  95  5  54  6  17  7  54  8  81  9  85  10  41  11  60  12  87  13  64  14  58
  0  12  1  28  2  53  3  54  4  21  5  55  6  62  7  35  8  82  9  72  10  95  11  69  12  66  13  21  14  33
  0  93  1  6  2  91  3  95  4  22  5  8  6  4  7  58  8  20  9  12  10  33  11  24  12  50  13  53  14  2
  0  64  1  84  2  33  3  44  4  92  5  52  6  88  7  20  8  28  9  64  10  11  11  39  12  61  13  25  14  69
  0  18  1  37  2  45  3  19  4  84  5  4  6  82  7  20  8  93  9  8  10  8  11  84  12  29  13  24  14  54
  0  32  1  1  2  54  3  93  4  20  5  58  6  35  7  70  8  76  9  91  10  26  11  55  12  61  13  77  14  91
  0  25  1  20  2  95  3  82  4  77  5  13  6  32  7  77  8  18  9  42  10  28  11  48  12  95  13  92  14  57
  0  54  1  79  2  68  3  29  4  97  5  82  6  93  7  56  8  58  9  84  10  2  11  34  12  20  13  22  14  42
  0  15  1  59  2  30  3  64  4  78  5  26  6  60  7  69  8  39  9  76  10  13  11  40  12  26  13  14  14  46
  0  82  1  35  2  48  3  75  4  36  5  40  6  93  7  42  8  51  9  10  10  54  11  40  12  32  13  72  14  66
  0  24  1  87  2  11  3  5  4  23  5  51  6  97  7  62  8  59  9  48  10  92  11  74  12  24  13  34  14  65
  0  29  1  67  2  27  3  14  4  98  5  7  6  9  7  93  8  82  9  60  10  64  11  72  12  28  13  54  14  83
  0  87  1  8  2  66  3  59  4  60  5  30  6  6  7  32  8  93  9  27  10  33  11  86  12  63  13  58  14  77
  0  90  1  80  2  8  3  10  4  25  5  80  6  69  7  62  8  63  9  58  10  43  11  19  12  83  13  80  14  1
  0  13  1  29  2  18  3  77  4  99  5  43  6  88  7  4  8  2  9  58  10  12  11  91  12  37  13  97  14  4
  0  30  1  70  2  33  3  65  4  51  5  72  6  3  7  50  8  81  9  50  10  77  11  11  12  93  13  96  14  36
  0  53  1  5  2  72  3  89  4  59  5  94  6  18  7  56  8  53  9  55  10  54  11  82  12  9  13  71  14  21
  0  70  1  50  2  7  3  70  4  32  5  69  6  50  7  97  8  13  9  73  10  24  11  98  12  29  13  34  14  92
  0  65  1  24  2  92  3  88  4  61  5  38  6  69  7  73  8  62  9  37  10  47  11  80  12  27  13  61  14  47
  0  16  1  32  2  71  3  20  4  18  5  13  6  14  7  3  8  84  9  73  10  35  11  34  12  50  13  57  14  2
  0  20  1  34  2  93  3  27  4  83  5  15  6  76  7  99  8  57  9  10  10  20  11  53  12  93  13  39  14  3
  0  50  1  97  2  16  3  10  4  43  5  15  6  7  7  7  8  53  9  30  10  25  11  35  12  73  13  47  14  75
  0  93  1  75  2  68  3  54  4  46  5  1  6  94  7  59  8  84  9  51  10  95  11  95  12  20  13  1  14  50
  0  54  1  87  2  8  3  37  4  3  5  91  6  6  7  19  8  31  9  31  10  77  11  76  12  28  13  59  14  61
  0  61  1  80  2  96  3  34  4  87  5  27  6  80  7  78  8  74  9  12  10  26  11  21  12  11  13  8  14  41
  0  97  1  8  2  13  3  4  4  93  5  54  6  44  7  9  8  54  9  99  10  65  11  32  12  66  13  23  14  43
  0  72  1  57  2  58  3  9  4  77  5  65  6  91  7  66  8  52  9  69  10  58  11  76  12  7  13  88  14  90
  0  12  1  4  2  91  3  87  4  67  5  96  6  69  7  41  8  47  9  88  10  61  11  7  12  93  13  29  14  48
  0  11  1  5  2  42  3  46  4  51  5  70  6  65  7  54  8  3  9  24  10  11  11  58  12  62  13  71  14  8
  0  84  1  76  2  65  3  75  4  57  5  47  6  32  7  32  8  97  9  1  10  61  11  53  12  75  13  72  14  17
  0  11  1  8  2  37  3  39  4  84  5  41  6  88  7  37  8  11  9  91  10  53  11  92  12  2  13  8  14  83
  0  29  1  76  2  92  3  71  4  13  5  69  6  93  7  72  8  87  9  95  10  43  11  42  12  70  13  20  14  24
  0  12  1  49  2  37  3  76  4  56  5  60  6  60  7  79  8  49  9  45  10  83  11  65  12  81  13  2  14  63
  0  57  1  6  2  96  3  34  4  47  5  35  6  87  7  42  8  28  9  86  10  76  11  91  12  71  13  84  14  99
  0  2  1  7  2  23  3  19  4  37  5  40  6  82  7  73  8  73  9  27  10  46  11  94  12  75  13  68  14  33
  0  21  1  33  2  22  3  92  4  33  5  67  6  33  7  82  8  14  9  98  10  14  11  43  12  7  13  47  14  50
  0  50  1  14  2  7  3  4  4  87  5  69  6  11  7  36  8  87  9  69  10  74  11  74  12  24  13  52  14  96
  0  93  1  63  2  59  3  41  4  93  5  91  6  15  7  39  8  88  9  90  10  4  11  85  12  31  13  29  14  51
  0  9  1  49  2  75  3  17  4  39  5  70  6  69  7  56  8  29  9  52  10  97  11  31  12  62  13  40  14  62
  0  45  1  79  2  36  3  33  4  65  5  13  6  41  7  33  8  28  9  78  10  3  11  91  12  57  13  98  14  85
  0  63  1  44  2  42  3  38  4  98  5  49  6  97  7  38  8  14  9  51  10  30  11  28  12  3  13  28  14  75
  0  69  1  71  2  67  3  75  4  92  5  14  6  24  7  71  8  10  9  30  10  77  11  86  12  17  13  76  14  66
  0  75  1  11  2  98  3  87  4  34  5  89  6  70  7  93  8  76  9  16  10  52  11  37  12  27  13  55  14  44
  0  21  1  2  2  33  3  95  4  75  5  57  6  61  7  81  8  62  9  33  10  20  11  77  12  78  13  33  14  21
  0  92  1  10  2  1  3  65  4  21  5  43  6  92  7  77  8  46  9  70  10  64  11  87  12  95  13  15  14  99
  0  76  1  27  2  59  3  74  4  30  5  12  6  88  7  16  8  41  9  22  10  45  11  10  12  71  13  55  14  63
  0  60  1  61  2  46  3  55  4  4  5  37  6  48  7  40  8  46  9  78  10  90  11  39  12  46  13  15  14  39
  0  94  1  1  2  86  3  9  4  80  5  68  6  82  7  28  8  94  9  65  10  34  11  29  12  76  13  9  14  38
  0  25  1  74  2  79  3  31  4  2  5  61  6  61  7  37  8  31  9  70  10  40  11  67  12  76  13  96  14  4
  0  37  1  60  2  6  3  50  4  31  5  10  6  11  7  9  8  43  9  88  10  41  11  38  12  42  13  5  14  98
  0  33  1  71  2  30  3  72  4  73  5  78  6  81  7  74  8  91  9  6  10  52  11  89  12  45  13  23  14  83
  0  82  1  11  2  67  3  21  4  87  5  41  6  9  7  4  8  68  9  61  10  88  11  66  12  42  13  87  14  69
  0  55  1  94  2  80  3  99  4  96  5  30  6  92  7  2  8  65  9  29  10  61  11  9  12  30  13  18  14  49
  0  27  1  99  2  72  3  38  4  97  5  63  6  95  7  35  8  68  9  26  10  55  11  42  12  24  13  71  14  73
  0  87  1  23  2  1  3  85  4  45  5  27  6  37  7  34  8  60  9  50  10  88  11  51  12  81  13  37  14  14
  0  41  1  59  2  59  3  20  4  82  5  52  6  94  7  15  8  98  9  65  10  10  11  66  12  68  13  7  14  79
  0  44  1  77  2  32  3  9  4  62  5  32  6  15  7  35  8  43  9  85  10  70  11  26  12  49  13  54  14  9
  0  11  1  83  2  6  3  7  4  5  5  48  6  67  7  14  8  5  9  84  10  80  11  35  12  86  13  74  14  90
  0  61  1  12  2  57  3  59  4  36  5  37  6  75  7  32  8  74  9  80  10  89  11  99  12  84  13  81  14  97
  0  41  1  44  2  75  3  56  4  25  5  40  6  46  7  95  8  21  9  81  10  48  11  63  12  37  13  18  14  2
  0  58  1  93  2  54  3  5  4  17  5  88  6  32  7  17  8  78  9  25  10  3  11  97  12  35  13  6  14  36
  0  23  1  47  2  3  3  34  4  4  5  79  6  75  7  30  8  71  9  81  10  75  11  5  12  21  13  27  14  81
  0  56  1  11  2  80  3  38  4  80  5  69  6  63  7  98  8  77  9  62  10  19  11  87  12  74  13  98  14  21
  0  47  1  30  2  6  3  65  4  22  5  71  6  92  7  33  8  97  9  64  10  67  11  32  12  4  13  33  14  97
  0  32  1  37  2  64  3  21  4  65  5  76  6  79  7  43  8  68  9  86  10  46  11  85  12  54  13  37  14  59
  0  68  1  71  2  80  3  40  4  37  5  77  6  67  7  93  8  68  9  31  10  95  11  56  12  25  13  83  14  17
  0  8  1  30  2  19  3  44  4  27  5  91  6  93  7  46  8  37  9  87  10  36  11  15  12  33  13  2  14  47
  0  29  1  24  2  72  3  92  4  77  5  10  6  76  7  70  8  97  9  84  10  82  11  20  12  38  13  34  14  33
  0  76  1  63  2  66  3  44  4  13  5  55  6  98  7  31  8  2  9  77  10  82  11  93  12  6  13  8  14  55
  0  28  1  69  2  57  3  27  4  51  5  74  6  24  7  54  8  36  9  84  10  62  11  70  12  13  13  77  14  58
  0  50  1  85  2  62  3  35  4  43  5  44  6  17  7  39  8  4  9  3  10  87  11  87  12  92  13  78  14  45
  0  57  1  49  2  83  3  99  4  56  5  25  6  21  7  89  8  18  9  58  10  76  11  20  12  97  13  26  14  65
  0  16  1  52  2  76  3  76  4  99  5  57  6  66  7  11  8  22  9  76  10  37  11  20  12  4  13  83  14  88
  0  84  1  60  2  15  3  70  4  87  5  26  6  97  7  69  8  75  9  93  10  75  11  78  12  13  13  35  14  30
  0  69  1  70  2  81  3  81  4  3  5  2  6  53  7  99  8  60  9  99  10  98  11  63  12  64  13  46  14  62
  0  59  1  37  2  81  3  85  4  99  5  95  6  60  7  42  8  94  9  8  10  84  11  23  12  23  13  39  14  12
  0  45  1  74  2  65  3  86  4  49  5  71  6  41  7  57  8  98  9  67  10  43  11  44  12  3  13  10  14  23
  0  98  1  32  2  3  3  49  4  66  5  90  6  93  7  22  8  27  9  51  10  97  11  79  12  95  13  99  14  1
  0  36  1  88  2  24  3  37  4  23  5  98  6  32  7  9  8  26  9  43  10  15  11  6  12  30  13  55  14  69
  0  38  1  16  2  45  3  42  4  84  5  81  6  61  7  76  8  42  9  68  10  11  11  63  12  95  13  24  14  32
  0  27  1  66  2  36  3  13  4  2  5  9  6  96  7  17  8  70  9  49  10  8  11  60  12  93  13  99  14  31
  0  19  1  20  2  86  3  23  4  5  5  75  6  70  7  37  8  16  9  77  10  56  11  70  12  39  13  97  14  19
  0  73  1  92  2  92  3  89  4  75  5  4  6  67  7  73  8  86  9  80  10  43  11  8  12  60  13  9  14  31
  0  72  1  50  2  98  3  57  4  8  5  87  6  50  7  76  8  11  9  64  10  6  11  62  12  9  13  87  14  38
  0  79  1  35  2  54  3  54  4  63  5  53  6  62  7  35  8  69  9  3  10  39  11  51  12  56  13  66  14  77
  0  93  1  32  2  86  3  88  4  34  5  66  6  67  7  30  8  2  9  45  10  47  11  55  12  34  13  30  14  38
  0  97  1  38  2  43  3  51  4  89  5  69  6  93  7  56  8  71  9  30  10  10  11  57  12  44  13  22  14  52
  0  71  1  71  2  20  3  10  4  44  5  42  6  40  7  17  8  44  9  35  10  35  11  40  12  10  13  48  14  30
  0  14  1  47  2  98  3  69  4  31  5  14  6  99  7  68  8  18  9  10  10  52  11  62  12  54  13  85  14  37
  0  10  1  6  2  30  3  75  4  92  5  84  6  85  7  2  8  11  9  59  10  34  11  61  12  76  13  78  14  18
  0  27  1  48  2  80  3  3  4  11  5  64  6  90  7  7  8  96  9  56  10  52  11  41  12  22  13  59  14  20
  0  28  1  99  2  58  3  24  4  16  5  46  6  22  7  84  8  90  9  54  10  15  11  27  12  44  13  37  14  2
  0  33  1  79  2  21  3  72  4  26  5  33  6  73  7  58  8  81  9  56  10  89  11  16  12  98  13  88  14  68
  0  98  1  87  2  12  3  58  4  38  5  47  6  68  7  56  8  17  9  48  10  77  11  80  12  98  13  38  14  96
  0  60  1  40  2  37  3  91  4  4  5  10  6  84  7  34  8  45  9  84  10  68  11  24  12  83  13  8  14  41
  0  8  1  51  2  10  3  90  4  53  5  85  6  45  7  47  8  86  9  1  10  87  11  17  12  6  13  57  14  84
  0  92  1  27  2  98  3  73  4  79  5  42  6  94  7  96  8  19  9  65  10  7  11  82  12  23  13  14  14  78
  0  66  1  43  2  66  3  96  4  75  5  24  6  59  7  97  8  5  9  30  10  38  11  94  12  49  13  43  14  70
  0  58  1  71  2  72  3  87  4  92  5  32  6  8  7  6  8  59  9  94  10  25  11  47  12  57  13  88  14  27
  0  66  1  67  2  4  3  56  4  47  5  7  6  27  7  40  8  25  9  58  10  66  11  34  12  50  13  73  14  14
  0  87  1  9  2  50  3  35  4  42  5  40  6  51  7  1  8  28  9  46  10  9  11  92  12  35  13  66  14  19
  0  45  1  69  2  62  3  43  4  9  5  12  6  45  7  49  8  49  9  46  10  33  11  75  12  7  13  31  14  19
  0  92  1  99  2  18  3  95  4  95  5  27  6  52  7  65  8  53  9  14  10  3  11  19  12  96  13  5  14  11
  0  75  1  31  2  91  3  46  4  22  5  88  6  48  7  24  8  73  9  63  10  77  11  11  12  57  13  1  14  30
  0  24  1  99  2  29  3  23  4  8  5  45  6  53  7  77  8  31  9  54  10  48  11  58  12  54  13  64  14  25
  0  73  1  47  2  87  3  56  4  73  5  61  6  3  7  87  8  62  9  89  10  53  11  60  12  1  13  58  14  60
  0  33  1  64  2  51  3  16  4  78  5  3  6  42  7  10  8  76  9  89  10  93  11  14  12  57  13  72  14  60
  0  15  1  39  2  66  3  72  4  82  5  74  6  35  7  28  8  3  9  14  10  71  11  89  12  26  13  20  14  57
  0  72  1  92  2  18  3  67  4  80  5  53  6  57  7  60  8  11  9  83  10  15  11  46  12  37  13  65  14  70
  0  46  1  57  2  92  3  31  4  77  5  48  6  3  7  88  8  23  9  64  10  60  11  40  12  68  13  86  14  42
  0  92  1  37  2  92  3  95  4  42  5  22  6  17  7  60  8  3  9  18  10  13  11  95  12  12  13  6  14  40
  0  42  1  48  2  21  3  40  4  7  5  37  6  30  7  68  8  54  9  21  10  83  11  98  12  49  13  33  14  27
  0  26  1  70  2  99  3  82  4  17  5  97  6  41  7  37  8  92  9  52  10  71  11  98  12  54  13  18  14  7
  0  3  1  65  2  93  3  23  4  89  5  61  6  55  7  39  8  70  9  58  10  10  11  12  12  68  13  67  14  84
  0  54  1  94  2  38  3  89  4  32  5  87  6  3  7  18  8  94  9  49  10  78  11  8  12  42  13  28  14  51
  0  59  1  35  2  50  3  57  4  83  5  94  6  96  7  31  8  27  9  66  10  74  11  79  12  3  13  27  14  28
  0  13  1  22  2  62  3  95  4  33  5  95  6  51  7  98  8  63  9  63  10  28  11  22  12  73  13  67  14  13
  0  34  1  24  2  69  3  26  4  34  5  44  6  86  7  35  8  38  9  16  10  98  11  88  12  41  13  24  14  33
  0  47  1  16  2  86  3  54  4  9  5  32  6  6  7  96  8  89  9  11  10  71  11  31  12  11  13  43  14  13
  0  37  1  99  2  44  3  3  4  34  5  6  6  20  7  37  8  94  9  86  10  61  11  44  12  36  13  27  14  98
TPM
  0  2033  1  2033  2  2033  3  2033  4  2033  5  2033  6  2033  7  2033  8  2033  9  2033  10  2033  11  2033  12  2033  13  2033  14  2033
PMT
  0  19  1  79  2  96  3  105  4  58  5  15  6  53  7  102  8  41  9  21  10  61  11  91  12  68  13  8  14  74
  0  36  1  77  2  110  3  54  4  110  5  34  6  100  7  118  8  62  9  36  10  17  11  77  12  82  13  120  14  119
  0  52  1  2  2  15  3  28  4  50  5  113  6  76  7  83  8  9  9  123  10  92  11  115  12  2  13  107  14  4
  0  80  1  43  2  28  3  26  4  69  5  3  6  124  7  51  8  93  9  12  10  50  11  119  12  77  13  55  14  4
  0  21  1  26  2  55  3  38  4  8  5  124  6  99  7  115  8  5  9  37  10  50  11  18  12  90  13  92  14  113
  0  1  1  74  2  84  3  53  4  114  5  26  6  44  7  67  8  12  9  123  10  27  11  76  12  107  13  122  14  89
  0  105  1  92  2  3  3  55  4  107  5  115  6  25  7  64  8  75  9  60  10  71  11  62  12  96  13  45  14  67
  0  34  1  36  2  25  3  36  4  87  5  43  6  41  7  35  8  114  9  124  10  67  11  76  12  81  13  69  14  72
  0  95  1  113  2  10  3  42  4  13  5  111  6  85  7  26  8  13  9  121  10  83  11  23  12  14  13  19  14  57
  0  60  1  32  2  40  3  1  4  123  5  88  6  17  7  10  8  84  9  49  10  63  11  73  12  85  13  121  14  109
