20  15
  0  76  1  11  2  55  3  75  4  89  5  51  6  93  7  24  8  58  9  23  10  76  11  22  12  54  13  11  14  17
  0  28  1  30  2  35  3  72  4  96  5  63  6  60  7  64  8  16  9  61  10  37  11  60  12  60  13  40  14  70
  0  80  1  57  2  87  3  29  4  7  5  2  6  62  7  38  8  23  9  80  10  1  11  24  12  4  13  67  14  41
  0  2  1  25  2  11  3  73  4  23  5  72  6  35  7  67  8  30  9  70  10  17  11  61  12  74  13  55  14  8
  0  99  1  3  2  66  3  11  4  45  5  18  6  27  7  49  8  19  9  65  10  35  11  63  12  36  13  5  14  3
  0  41  1  36  2  66  3  94  4  57  5  38  6  2  7  60  8  79  9  55  10  77  11  66  12  71  13  63  14  77
  0  65  1  94  2  94  3  96  4  68  5  93  6  8  7  66  8  96  9  9  10  61  11  25  12  30  13  67  14  77
  0  21  1  90  2  25  3  86  4  34  5  9  6  73  7  77  8  32  9  79  10  39  11  10  12  6  13  4  14  29
  0  49  1  48  2  46  3  94  4  31  5  66  6  93  7  35  8  75  9  59  10  73  11  57  12  6  13  80  14  63
  0  46  1  29  2  73  3  14  4  34  5  5  6  53  7  51  8  68  9  86  10  71  11  51  12  7  13  28  14  88
  0  86  1  96  2  92  3  36  4  82  5  14  6  78  7  44  8  53  9  78  10  87  11  73  12  92  13  53  14  79
  0  66  1  39  2  10  3  82  4  11  5  44  6  15  7  66  8  95  9  9  10  61  11  97  12  70  13  73  14  56
  0  22  1  68  2  71  3  39  4  53  5  35  6  84  7  93  8  68  9  87  10  59  11  69  12  20  13  85  14  63
  0  37  1  26  2  84  3  13  4  27  5  17  6  24  7  80  8  50  9  14  10  49  11  69  12  80  13  83  14  78
  0  19  1  45  2  15  3  59  4  64  5  78  6  83  7  87  8  90  9  3  10  2  11  71  12  25  13  65  14  89
  0  65  1  73  2  32  3  4  4  10  5  91  6  25  7  5  8  51  9  48  10  52  11  50  12  27  13  23  14  59
  0  54  1  37  2  38  3  14  4  48  5  46  6  23  7  95  8  21  9  76  10  61  11  49  12  37  13  90  14  67
  0  28  1  51  2  77  3  87  4  46  5  83  6  86  7  37  8  86  9  4  10  75  11  98  12  67  13  44  14  57
  0  60  1  40  2  60  3  83  4  59  5  86  6  74  7  82  8  59  9  29  10  95  11  32  12  89  13  68  14  2
  0  60  1  2  2  31  3  2  4  82  5  45  6  68  7  51  8  30  9  58  10  56  11  61  12  24  13  11  14  73
TPM
  0  595  1  595  2  595  3  595  4  595  5  595  6  595  7  595  8  595  9  595  10  595  11  595  12  595  13  595  14  595
PMT
  0  7  1  22  2  18  3  18  4  22  5  13  6  21  7  17  8  15  9  23  10  9  11  18  12  6  13  8  14  22
  0  8  1  21  2  5  3  11  4  13  5  18  6  9  7  16  8  18  9  2  10  6  11  5  12  8  13  4  14  17
  0  22  1  21  2  1  3  1  4  14  5  5  6  18  7  17  8  24  9  12  10  22  11  19  12  15  13  21  14  4
  0  24  1  2  2  11  3  10  4  5  5  5  6  19  7  10  8  22  9  9  10  3  11  15  12  7  13  8  14  18
