50  20
  0  7  1  24  2  70  3  44  4  47  5  69  6  97  7  7  8  91  9  83  10  61  11  17  12  67  13  82  14  78  15  34  16  13  17  88  18  39  19  32
  0  15  1  39  2  95  3  88  4  27  5  58  6  3  7  47  8  36  9  72  10  65  11  59  12  67  13  53  14  22  15  92  16  69  17  13  18  88  19  52
  0  7  1  88  2  37  3  50  4  55  5  78  6  73  7  22  8  78  9  40  10  60  11  76  12  18  13  38  14  68  15  26  16  52  17  22  18  85  19  39
  0  84  1  59  2  95  3  6  4  68  5  53  6  6  7  2  8  82  9  37  10  1  11  10  12  24  13  99  14  32  15  25  16  70  17  5  18  93  19  41
  0  21  1  99  2  21  3  15  4  44  5  24  6  17  7  38  8  65  9  72  10  12  11  84  12  88  13  59  14  93  15  84  16  26  17  5  18  64  19  64
  0  86  1  28  2  10  3  53  4  46  5  21  6  7  7  30  8  89  9  39  10  79  11  79  12  18  13  33  14  89  15  68  16  39  17  8  18  30  19  67
  0  4  1  73  2  42  3  75  4  44  5  51  6  87  7  26  8  24  9  8  10  39  11  81  12  21  13  70  14  71  15  38  16  91  17  28  18  73  19  10
  0  82  1  10  2  97  3  55  4  8  5  28  6  34  7  66  8  86  9  93  10  75  11  34  12  17  13  62  14  88  15  61  16  41  17  57  18  30  19  91
  0  10  1  85  2  73  3  60  4  64  5  42  6  16  7  4  8  89  9  65  10  94  11  69  12  5  13  85  14  40  15  24  16  94  17  88  18  24  19  46
  0  8  1  85  2  96  3  44  4  66  5  43  6  15  7  50  8  53  9  48  10  5  11  75  12  92  13  78  14  15  15  18  16  34  17  18  18  48  19  70
  0  88  1  49  2  84  3  70  4  2  5  84  6  27  7  70  8  46  9  44  10  31  11  53  12  66  13  77  14  15  15  85  16  32  17  92  18  39  19  9
  0  47  1  37  2  19  3  6  4  48  5  48  6  10  7  77  8  84  9  65  10  53  11  45  12  46  13  64  14  11  15  32  16  10  17  68  18  5  19  15
  0  93  1  40  2  29  3  38  4  62  5  63  6  25  7  29  8  4  9  54  10  26  11  58  12  77  13  82  14  8  15  42  16  16  17  77  18  7  19  70
  0  14  1  51  2  89  3  12  4  37  5  68  6  90  7  31  8  51  9  43  10  46  11  7  12  35  13  45  14  90  15  64  16  36  17  29  18  1  19  29
  0  88  1  47  2  94  3  81  4  86  5  90  6  31  7  77  8  98  9  69  10  56  11  36  12  54  13  33  14  94  15  43  16  49  17  86  18  94  19  4
  0  40  1  62  2  51  3  33  4  29  5  45  6  94  7  97  8  65  9  56  10  91  11  21  12  6  13  55  14  16  15  18  16  8  17  11  18  77  19  38
  0  63  1  46  2  11  3  22  4  80  5  67  6  82  7  91  8  83  9  15  10  42  11  42  12  77  13  23  14  46  15  10  16  99  17  50  18  16  19  16
  0  70  1  25  2  26  3  24  4  89  5  37  6  12  7  62  8  63  9  39  10  60  11  83  12  40  13  52  14  23  15  83  16  6  17  4  18  41  19  91
  0  57  1  23  2  7  3  97  4  55  5  68  6  81  7  86  8  35  9  87  10  36  11  2  12  6  13  7  14  4  15  41  16  87  17  20  18  55  19  70
  0  62  1  15  2  22  3  4  4  26  5  48  6  48  7  82  8  79  9  88  10  37  11  63  12  98  13  45  14  14  15  77  16  53  17  86  18  38  19  47
  0  88  1  6  2  35  3  47  4  69  5  70  6  7  7  57  8  62  9  1  10  70  11  55  12  5  13  24  14  29  15  25  16  78  17  21  18  44  19  90
  0  94  1  62  2  14  3  6  4  53  5  91  6  37  7  49  8  41  9  12  10  22  11  8  12  75  13  73  14  94  15  52  16  95  17  79  18  89  19  39
  0  88  1  47  2  36  3  86  4  80  5  99  6  74  7  3  8  22  9  73  10  67  11  85  12  79  13  62  14  90  15  6  16  77  17  39  18  5  19  37
  0  77  1  22  2  63  3  16  4  75  5  81  6  99  7  24  8  59  9  93  10  86  11  38  12  58  13  97  14  79  15  91  16  66  17  17  18  79  19  27
  0  44  1  30  2  78  3  53  4  4  5  19  6  62  7  28  8  45  9  35  10  95  11  23  12  8  13  42  14  23  15  53  16  35  17  38  18  36  19  77
  0  74  1  65  2  5  3  87  4  74  5  60  6  78  7  57  8  30  9  98  10  91  11  22  12  95  13  35  14  39  15  89  16  74  17  60  18  2  19  24
  0  42  1  99  2  40  3  46  4  70  5  42  6  84  7  35  8  60  9  74  10  89  11  36  12  91  13  47  14  31  15  3  16  55  17  15  18  66  19  28
  0  26  1  11  2  84  3  42  4  92  5  54  6  12  7  93  8  40  9  8  10  58  11  25  12  68  13  21  14  20  15  4  16  90  17  36  18  61  19  7
  0  26  1  39  2  49  3  31  4  4  5  81  6  28  7  83  8  33  9  9  10  26  11  3  12  1  13  66  14  58  15  76  16  14  17  73  18  60  19  78
  0  84  1  79  2  58  3  46  4  38  5  58  6  70  7  52  8  81  9  84  10  90  11  49  12  67  13  4  14  7  15  99  16  41  17  10  18  34  19  12
  0  54  1  62  2  90  3  43  4  87  5  24  6  39  7  45  8  3  9  96  10  51  11  58  12  35  13  88  14  2  15  86  16  79  17  42  18  74  19  5
  0  48  1  92  2  39  3  74  4  85  5  58  6  52  7  88  8  73  9  67  10  64  11  51  12  80  13  65  14  47  15  65  16  11  17  86  18  79  19  4
  0  68  1  52  2  52  3  61  4  54  5  43  6  69  7  28  8  36  9  70  10  69  11  31  12  82  13  12  14  96  15  28  16  44  17  16  18  79  19  53
  0  9  1  85  2  11  3  50  4  84  5  78  6  32  7  45  8  80  9  2  10  61  11  38  12  82  13  84  14  33  15  19  16  46  17  47  18  16  19  32
  0  63  1  15  2  44  3  61  4  67  5  37  6  81  7  88  8  74  9  6  10  83  11  54  12  95  13  89  14  42  15  38  16  56  17  30  18  34  19  14
  0  99  1  64  2  90  3  68  4  79  5  60  6  63  7  71  8  52  9  97  10  72  11  47  12  33  13  15  14  38  15  82  16  71  17  12  18  40  19  67
  0  66  1  80  2  60  3  62  4  20  5  2  6  5  7  28  8  96  9  22  10  95  11  63  12  58  13  13  14  98  15  46  16  60  17  68  18  15  19  69
  0  54  1  91  2  48  3  2  4  28  5  82  6  43  7  38  8  56  9  21  10  42  11  8  12  79  13  13  14  9  15  55  16  9  17  39  18  18  19  16
  0  25  1  26  2  8  3  41  4  35  5  31  6  47  7  58  8  87  9  14  10  63  11  69  12  73  13  16  14  27  15  9  16  48  17  97  18  2  19  30
  0  70  1  97  2  85  3  85  4  33  5  94  6  29  7  18  8  26  9  13  10  81  11  81  12  69  13  81  14  14  15  53  16  98  17  50  18  21  19  22
  0  91  1  26  2  82  3  34  4  68  5  56  6  72  7  63  8  7  9  13  10  8  11  20  12  52  13  18  14  95  15  13  16  13  17  39  18  20  19  44
  0  75  1  31  2  70  3  84  4  76  5  1  6  11  7  65  8  7  9  44  10  32  11  87  12  63  13  51  14  49  15  37  16  37  17  93  18  20  19  42
  0  30  1  48  2  9  3  24  4  27  5  7  6  23  7  29  8  67  9  78  10  86  11  35  12  2  13  96  14  35  15  70  16  4  17  66  18  43  19  96
  0  7  1  34  2  22  3  39  4  57  5  58  6  44  7  58  8  19  9  3  10  86  11  7  12  58  13  96  14  2  15  19  16  13  17  30  18  44  19  11
  0  11  1  66  2  31  3  98  4  85  5  7  6  4  7  65  8  25  9  30  10  11  11  29  12  33  13  85  14  54  15  94  16  96  17  36  18  45  19  85
  0  88  1  54  2  62  3  1  4  47  5  21  6  35  7  39  8  14  9  2  10  64  11  66  12  20  13  77  14  61  15  53  16  48  17  56  18  80  19  80
  0  27  1  14  2  64  3  99  4  11  5  9  6  23  7  1  8  63  9  93  10  34  11  13  12  62  13  15  14  15  15  50  16  66  17  53  18  11  19  73
  0  25  1  81  2  14  3  36  4  35  5  4  6  83  7  22  8  50  9  33  10  48  11  8  12  11  13  11  14  4  15  3  16  53  17  60  18  46  19  42
  0  7  1  59  2  94  3  46  4  95  5  44  6  88  7  64  8  97  9  96  10  80  11  73  12  29  13  71  14  50  15  93  16  63  17  61  18  8  19  37
  0  91  1  22  2  62  3  22  4  92  5  84  6  82  7  91  8  64  9  42  10  69  11  33  12  39  13  82  14  12  15  95  16  82  17  1  18  5  19  35
TPM
  0  1039  1  1039  2  1039  3  1039  4  1039  5  1039  6  1039  7  1039  8  1039  9  1039  10  1039  11  1039  12  1039  13  1039  14  1039  15  1039  16  1039  17  1039  18  1039  19  1039
PMT
  0  19  1  13  2  24  3  23  4  49  5  11  6  28  7  22  8  36  9  42  10  21  11  20  12  5  13  1  14  29  15  41  16  49  17  34  18  3  19  38
  0  18  1  1  2  32  3  10  4  19  5  17  6  36  7  39  8  27  9  18  10  30  11  19  12  1  13  40  14  34  15  26  16  47  17  14  18  22  19  15
  0  48  1  14  2  1  3  39  4  41  5  22  6  23  7  16  8  38  9  32  10  15  11  14  12  24  13  15  14  16  15  42  16  20  17  2  18  31  19  13
  0  42  1  48  2  15  3  14  4  5  5  39  6  26  7  10  8  33  9  14  10  24  11  9  12  17  13  32  14  49  15  4  16  13  17  12  18  6  19  45
  0  39  1  25  2  31  3  36  4  35  5  32  6  46  7  21  8  27  9  49  10  36  11  34  12  41  13  14  14  32  15  24  16  2  17  1  18  26  19  14
