50  15
  0  46  1  75  2  94  3  8  4  3  5  89  6  60  7  28  8  96  9  72  10  16  11  61  12  77  13  56  14  99
  0  66  1  23  2  74  3  48  4  41  5  95  6  49  7  23  8  35  9  33  10  81  11  66  12  99  13  41  14  28
  0  55  1  12  2  59  3  42  4  37  5  34  6  6  7  30  8  72  9  95  10  36  11  49  12  26  13  13  14  62
  0  27  1  68  2  67  3  16  4  6  5  84  6  23  7  65  8  31  9  9  10  55  11  6  12  32  13  20  14  10
  0  85  1  67  2  72  3  18  4  46  5  40  6  49  7  38  8  74  9  94  10  60  11  14  12  13  13  57  14  23
  0  42  1  60  2  83  3  95  4  1  5  58  6  12  7  48  8  97  9  72  10  55  11  5  12  19  13  73  14  67
  0  75  1  91  2  5  3  69  4  73  5  98  6  90  7  23  8  77  9  1  10  3  11  78  12  89  13  60  14  12
  0  59  1  5  2  72  3  81  4  27  5  68  6  33  7  74  8  53  9  24  10  22  11  85  12  12  13  50  14  66
  0  36  1  33  2  40  3  20  4  63  5  4  6  91  7  60  8  8  9  6  10  91  11  4  12  87  13  19  14  26
  0  92  1  1  2  31  3  37  4  82  5  98  6  44  7  17  8  60  9  21  10  52  11  16  12  53  13  84  14  31
  0  82  1  19  2  78  3  86  4  91  5  22  6  86  7  28  8  6  9  35  10  46  11  70  12  81  13  32  14  38
  0  87  1  28  2  43  3  30  4  62  5  60  6  99  7  39  8  15  9  19  10  2  11  87  12  96  13  47  14  52
  0  56  1  80  2  33  3  71  4  68  5  99  6  78  7  77  8  55  9  89  10  41  11  82  12  87  13  60  14  56
  0  71  1  68  2  98  3  50  4  19  5  32  6  57  7  81  8  4  9  87  10  5  11  96  12  5  13  97  14  37
  0  63  1  80  2  92  3  70  4  29  5  96  6  53  7  59  8  20  9  16  10  10  11  25  12  67  13  87  14  46
  0  84  1  46  2  8  3  3  4  7  5  41  6  9  7  25  8  34  9  79  10  26  11  88  12  69  13  15  14  43
  0  7  1  90  2  30  3  1  4  97  5  46  6  92  7  44  8  68  9  65  10  3  11  20  12  49  13  59  14  97
  0  62  1  68  2  16  3  2  4  30  5  70  6  99  7  46  8  72  9  6  10  26  11  4  12  48  13  44  14  55
  0  88  1  16  2  3  3  36  4  31  5  76  6  79  7  93  8  41  9  38  10  27  11  32  12  88  13  23  14  26
  0  8  1  94  2  44  3  34  4  89  5  91  6  29  7  12  8  12  9  7  10  51  11  57  12  78  13  74  14  6
  0  13  1  95  2  74  3  51  4  8  5  17  6  74  7  74  8  56  9  39  10  87  11  81  12  28  13  87  14  6
  0  10  1  55  2  73  3  61  4  98  5  57  6  8  7  9  8  95  9  71  10  10  11  57  12  58  13  43  14  52
  0  79  1  84  2  12  3  14  4  76  5  2  6  75  7  41  8  83  9  62  10  53  11  45  12  40  13  53  14  52
  0  75  1  55  2  18  3  8  4  49  5  50  6  18  7  82  8  34  9  63  10  24  11  5  12  3  13  29  14  86
  0  13  1  21  2  79  3  22  4  16  5  21  6  42  7  47  8  92  9  80  10  7  11  9  12  5  13  17  14  3
  0  9  1  64  2  52  3  5  4  35  5  13  6  17  7  57  8  20  9  86  10  97  11  87  12  10  13  74  14  40
  0  48  1  5  2  94  3  75  4  6  5  7  6  58  7  20  8  65  9  94  10  78  11  70  12  10  13  84  14  49
  0  94  1  74  2  79  3  10  4  86  5  97  6  1  7  56  8  48  9  23  10  49  11  83  12  91  13  32  14  47
  0  48  1  8  2  36  3  57  4  2  5  16  6  57  7  80  8  29  9  99  10  86  11  76  12  86  13  11  14  80
  0  62  1  38  2  60  3  48  4  73  5  19  6  65  7  42  8  8  9  82  10  1  11  35  12  77  13  15  14  73
  0  70  1  36  2  6  3  31  4  10  5  66  6  31  7  60  8  7  9  34  10  77  11  41  12  87  13  53  14  2
  0  66  1  25  2  15  3  26  4  35  5  15  6  75  7  3  8  86  9  22  10  96  11  94  12  25  13  25  14  2
  0  57  1  62  2  93  3  75  4  31  5  75  6  80  7  30  8  60  9  38  10  93  11  12  12  9  13  11  14  1
  0  9  1  41  2  64  3  70  4  20  5  78  6  78  7  59  8  48  9  58  10  62  11  85  12  64  13  52  14  58
  0  70  1  46  2  22  3  45  4  15  5  67  6  19  7  44  8  58  9  24  10  51  11  96  12  31  13  9  14  87
  0  68  1  1  2  58  3  56  4  96  5  66  6  51  7  67  8  87  9  60  10  29  11  61  12  20  13  57  14  56
  0  73  1  29  2  93  3  63  4  50  5  70  6  68  7  13  8  69  9  81  10  43  11  98  12  48  13  91  14  1
  0  72  1  35  2  58  3  6  4  40  5  32  6  21  7  80  8  89  9  71  10  2  11  94  12  32  13  74  14  99
  0  28  1  69  2  33  3  51  4  63  5  29  6  18  7  51  8  6  9  17  10  91  11  69  12  34  13  81  14  78
  0  98  1  53  2  1  3  31  4  18  5  83  6  20  7  83  8  55  9  1  10  15  11  80  12  95  13  32  14  49
  0  40  1  58  2  59  3  53  4  66  5  31  6  92  7  48  8  31  9  64  10  1  11  85  12  2  13  28  14  25
  0  78  1  51  2  4  3  13  4  43  5  14  6  70  7  45  8  89  9  60  10  85  11  36  12  8  13  89  14  86
  0  38  1  48  2  83  3  63  4  85  5  9  6  62  7  63  8  40  9  52  10  33  11  51  12  49  13  27  14  26
  0  18  1  4  2  68  3  59  4  8  5  71  6  3  7  77  8  31  9  45  10  69  11  45  12  59  13  16  14  52
  0  2  1  29  2  76  3  73  4  16  5  97  6  8  7  87  8  72  9  31  10  10  11  96  12  95  13  18  14  63
  0  48  1  94  2  39  3  55  4  12  5  79  6  25  7  92  8  31  9  76  10  1  11  86  12  4  13  52  14  89
  0  89  1  32  2  29  3  17  4  2  5  45  6  29  7  59  8  2  9  94  10  3  11  6  12  51  13  66  14  25
  0  34  1  79  2  61  3  49  4  29  5  58  6  40  7  68  8  86  9  10  10  33  11  20  12  73  13  17  14  64
  0  30  1  52  2  27  3  34  4  89  5  82  6  66  7  61  8  95  9  59  10  9  11  85  12  18  13  49  14  57
  0  71  1  61  2  31  3  51  4  78  5  38  6  66  7  87  8  65  9  68  10  35  11  26  12  66  13  77  14  29
TPM
  0  913  1  913  2  913  3  913  4  913  5  913  6  913  7  913  8  913  9  913  10  913  11  913  12  913  13  913  14  913
PMT
  0  32  1  64  2  74  3  109  4  22  5  59  6  13  7  122  8  23  9  119  10  93  11  28  12  54  13  82  14  50
  0  15  1  87  2  61  3  96  4  11  5  68  6  16  7  20  8  82  9  16  10  93  11  4  12  33  13  20  14  46
  0  94  1  47  2  66  3  110  4  65  5  1  6  90  7  74  8  33  9  93  10  124  11  124  12  9  13  111  14  112
  0  118  1  63  2  43  3  91  4  78  5  94  6  35  7  105  8  99  9  58  10  106  11  124  12  41  13  98  14  42
  0  30  1  7  2  123  3  73  4  101  5  35  6  71  7  75  8  28  9  78  10  100  11  77  12  60  13  123  14  19
  0  15  1  5  2  103  3  109  4  55  5  122  6  2  7  119  8  18  9  71  10  118  11  3  12  21  13  12  14  98
