500  10
  0  39  1  5  2  65  3  41  4  25  5  80  6  22  7  19  8  90  9  90
  0  8  1  58  2  19  3  59  4  61  5  95  6  58  7  6  8  73  9  38
  0  29  1  20  2  68  3  65  4  61  5  45  6  11  7  19  8  26  9  62
  0  27  1  69  2  74  3  5  4  49  5  20  6  9  7  37  8  32  9  65
  0  47  1  93  2  18  3  58  4  57  5  53  6  19  7  13  8  57  9  90
  0  56  1  64  2  32  3  41  4  88  5  71  6  93  7  59  8  93  9  8
  0  94  1  70  2  7  3  7  4  71  5  26  6  18  7  30  8  65  9  32
  0  84  1  96  2  75  3  6  4  20  5  78  6  7  7  66  8  44  9  47
  0  42  1  87  2  28  3  50  4  44  5  52  6  59  7  16  8  64  9  82
  0  11  1  47  2  14  3  54  4  85  5  38  6  30  7  12  8  75  9  24
  0  40  1  23  2  62  3  58  4  96  5  71  6  34  7  57  8  54  9  53
  0  6  1  78  2  92  3  35  4  62  5  12  6  29  7  94  8  72  9  97
  0  47  1  28  2  29  3  12  4  58  5  27  6  17  7  67  8  59  9  43
  0  20  1  29  2  59  3  84  4  17  5  50  6  91  7  27  8  26  9  62
  0  14  1  35  2  90  3  86  4  96  5  10  6  30  7  39  8  27  9  24
  0  89  1  65  2  77  3  3  4  62  5  8  6  36  7  66  8  74  9  2
  0  77  1  42  2  44  3  49  4  34  5  2  6  70  7  21  8  96  9  96
  0  7  1  85  2  35  3  95  4  10  5  52  6  49  7  27  8  98  9  1
  0  65  1  8  2  44  3  19  4  46  5  1  6  69  7  65  8  87  9  14
  0  52  1  47  2  7  3  69  4  37  5  66  6  55  7  76  8  17  9  73
  0  7  1  95  2  31  3  45  4  2  5  83  6  90  7  58  8  55  9  41
  0  28  1  41  2  54  3  31  4  38  5  11  6  3  7  5  8  54  9  41
  0  87  1  73  2  64  3  14  4  81  5  23  6  82  7  38  8  99  9  25
  0  18  1  59  2  75  3  26  4  3  5  86  6  27  7  11  8  83  9  90
  0  24  1  47  2  75  3  80  4  84  5  88  6  46  7  45  8  53  9  86
  0  65  1  20  2  41  3  16  4  45  5  12  6  41  7  42  8  60  9  97
  0  25  1  74  2  9  3  84  4  14  5  79  6  68  7  82  8  60  9  54
  0  57  1  35  2  76  3  76  4  92  5  16  6  31  7  93  8  10  9  78
  0  62  1  10  2  97  3  11  4  88  5  74  6  51  7  53  8  33  9  4
  0  45  1  56  2  73  3  69  4  90  5  6  6  91  7  37  8  19  9  31
  0  80  1  54  2  4  3  80  4  38  5  3  6  28  7  23  8  52  9  71
  0  45  1  17  2  54  3  23  4  91  5  52  6  2  7  46  8  56  9  51
  0  14  1  25  2  7  3  2  4  67  5  66  6  40  7  29  8  33  9  69
  0  92  1  58  2  3  3  16  4  32  5  14  6  44  7  36  8  23  9  51
  0  87  1  60  2  35  3  18  4  8  5  66  6  32  7  6  8  84  9  92
  0  55  1  22  2  46  3  60  4  11  5  97  6  15  7  38  8  1  9  14
  0  23  1  34  2  73  3  15  4  71  5  8  6  72  7  29  8  37  9  26
  0  16  1  27  2  60  3  14  4  35  5  93  6  61  7  67  8  49  9  62
  0  75  1  40  2  65  3  81  4  4  5  6  6  17  7  83  8  6  9  68
  0  86  1  73  2  5  3  80  4  86  5  79  6  67  7  61  8  76  9  17
  0  68  1  62  2  39  3  56  4  76  5  99  6  69  7  5  8  12  9  46
  0  20  1  39  2  45  3  78  4  23  5  49  6  63  7  93  8  80  9  77
  0  11  1  58  2  82  3  67  4  78  5  45  6  9  7  56  8  2  9  74
  0  16  1  71  2  93  3  73  4  23  5  17  6  25  7  99  8  32  9  64
  0  12  1  7  2  63  3  78  4  95  5  60  6  83  7  44  8  13  9  97
  0  55  1  72  2  86  3  20  4  45  5  12  6  99  7  54  8  57  9  78
  0  19  1  9  2  82  3  89  4  81  5  27  6  90  7  67  8  78  9  9
  0  90  1  38  2  74  3  47  4  47  5  50  6  64  7  5  8  24  9  87
  0  46  1  30  2  85  3  39  4  70  5  82  6  99  7  71  8  85  9  24
  0  95  1  3  2  96  3  86  4  87  5  67  6  4  7  28  8  60  9  40
  0  88  1  37  2  80  3  41  4  68  5  51  6  83  7  51  8  19  9  92
  0  42  1  3  2  68  3  40  4  14  5  24  6  83  7  85  8  41  9  63
  0  10  1  58  2  34  3  14  4  44  5  99  6  63  7  4  8  43  9  23
  0  47  1  45  2  95  3  8  4  6  5  42  6  21  7  91  8  29  9  4
  0  62  1  70  2  54  3  14  4  88  5  19  6  77  7  50  8  30  9  86
  0  36  1  57  2  3  3  51  4  28  5  24  6  7  7  98  8  62  9  1
  0  88  1  95  2  61  3  69  4  18  5  59  6  45  7  61  8  17  9  34
  0  86  1  58  2  28  3  49  4  98  5  48  6  24  7  94  8  9  9  17
  0  94  1  55  2  22  3  72  4  54  5  83  6  75  7  68  8  58  9  3
  0  58  1  58  2  37  3  70  4  7  5  76  6  59  7  43  8  44  9  68
  0  1  1  28  2  3  3  88  4  83  5  2  6  34  7  33  8  3  9  36
  0  35  1  1  2  48  3  74  4  5  5  80  6  10  7  28  8  24  9  14
  0  9  1  91  2  43  3  80  4  94  5  9  6  85  7  5  8  5  9  26
  0  21  1  87  2  70  3  17  4  70  5  98  6  30  7  66  8  38  9  97
  0  57  1  50  2  80  3  55  4  43  5  43  6  61  7  6  8  74  9  45
  0  62  1  50  2  99  3  11  4  32  5  72  6  72  7  13  8  92  9  70
  0  23  1  86  2  61  3  91  4  86  5  29  6  30  7  18  8  99  9  46
  0  10  1  72  2  30  3  82  4  62  5  10  6  13  7  73  8  40  9  23
  0  12  1  85  2  28  3  93  4  5  5  70  6  56  7  41  8  92  9  24
  0  19  1  67  2  64  3  20  4  24  5  7  6  65  7  83  8  62  9  2
  0  57  1  6  2  68  3  89  4  70  5  20  6  94  7  69  8  76  9  89
  0  59  1  59  2  41  3  85  4  2  5  89  6  31  7  42  8  73  9  93
  0  83  1  21  2  50  3  64  4  65  5  33  6  36  7  10  8  80  9  90
  0  98  1  31  2  3  3  77  4  52  5  84  6  35  7  84  8  87  9  18
  0  33  1  34  2  6  3  91  4  41  5  75  6  10  7  9  8  19  9  64
  0  55  1  42  2  80  3  23  4  69  5  8  6  40  7  49  8  96  9  31
  0  64  1  45  2  13  3  16  4  67  5  54  6  21  7  91  8  90  9  42
  0  43  1  15  2  67  3  59  4  38  5  49  6  46  7  71  8  25  9  47
  0  42  1  39  2  96  3  95  4  28  5  88  6  53  7  19  8  90  9  5
  0  74  1  50  2  6  3  36  4  23  5  91  6  15  7  95  8  55  9  47
  0  9  1  92  2  63  3  93  4  45  5  34  6  85  7  15  8  51  9  78
  0  62  1  29  2  4  3  31  4  14  5  67  6  78  7  14  8  73  9  97
  0  98  1  48  2  8  3  98  4  53  5  37  6  95  7  20  8  42  9  24
  0  55  1  91  2  71  3  79  4  41  5  69  6  15  7  41  8  48  9  21
  0  8  1  92  2  87  3  5  4  45  5  69  6  42  7  72  8  90  9  35
  0  98  1  20  2  29  3  46  4  6  5  61  6  12  7  13  8  40  9  89
  0  79  1  25  2  41  3  64  4  66  5  82  6  68  7  29  8  9  9  77
  0  92  1  52  2  25  3  97  4  6  5  50  6  35  7  49  8  37  9  26
  0  32  1  27  2  89  3  36  4  30  5  75  6  48  7  72  8  44  9  18
  0  12  1  15  2  89  3  50  4  54  5  8  6  90  7  21  8  30  9  38
  0  41  1  51  2  61  3  43  4  69  5  66  6  71  7  68  8  79  9  27
  0  73  1  47  2  79  3  5  4  7  5  77  6  33  7  29  8  85  9  19
  0  72  1  94  2  12  3  38  4  67  5  14  6  55  7  64  8  47  9  53
  0  7  1  39  2  10  3  89  4  62  5  82  6  67  7  61  8  83  9  90
  0  14  1  25  2  49  3  53  4  15  5  20  6  4  7  47  8  52  9  14
  0  37  1  38  2  75  3  73  4  86  5  27  6  41  7  94  8  25  9  78
  0  49  1  78  2  75  3  51  4  93  5  29  6  77  7  8  8  99  9  33
  0  84  1  73  2  8  3  28  4  80  5  66  6  29  7  67  8  28  9  27
  0  83  1  49  2  93  3  22  4  88  5  77  6  27  7  76  8  72  9  37
  0  67  1  98  2  17  3  33  4  7  5  68  6  58  7  23  8  56  9  12
  0  9  1  24  2  64  3  97  4  65  5  87  6  5  7  8  8  22  9  75
  0  24  1  77  2  7  3  71  4  16  5  10  6  8  7  15  8  70  9  8
  0  55  1  45  2  3  3  71  4  76  5  91  6  68  7  62  8  47  9  38
  0  20  1  36  2  91  3  61  4  57  5  75  6  21  7  17  8  77  9  2
  0  98  1  17  2  31  3  31  4  84  5  28  6  34  7  95  8  84  9  84
  0  98  1  68  2  16  3  92  4  73  5  46  6  64  7  70  8  22  9  82
  0  89  1  55  2  59  3  73  4  5  5  63  6  43  7  41  8  41  9  93
  0  77  1  74  2  74  3  99  4  85  5  1  6  61  7  82  8  51  9  24
  0  29  1  75  2  38  3  33  4  14  5  13  6  43  7  75  8  24  9  23
  0  24  1  52  2  97  3  69  4  37  5  69  6  63  7  40  8  46  9  58
  0  30  1  60  2  4  3  51  4  71  5  73  6  16  7  74  8  64  9  12
  0  38  1  90  2  10  3  63  4  63  5  3  6  41  7  6  8  94  9  10
  0  7  1  42  2  29  3  74  4  64  5  88  6  84  7  21  8  37  9  85
  0  38  1  16  2  18  3  24  4  72  5  61  6  20  7  25  8  48  9  17
  0  6  1  6  2  37  3  43  4  51  5  16  6  90  7  5  8  23  9  34
  0  31  1  6  2  70  3  60  4  84  5  25  6  68  7  37  8  4  9  77
  0  58  1  85  2  33  3  29  4  74  5  52  6  23  7  35  8  57  9  80
  0  3  1  68  2  77  3  70  4  60  5  80  6  38  7  87  8  84  9  93
  0  18  1  26  2  75  3  19  4  83  5  49  6  34  7  60  8  68  9  51
  0  67  1  37  2  12  3  17  4  93  5  42  6  96  7  81  8  14  9  4
  0  29  1  7  2  96  3  48  4  57  5  24  6  90  7  54  8  11  9  22
  0  53  1  50  2  17  3  71  4  73  5  5  6  18  7  18  8  16  9  10
  0  8  1  81  2  18  3  53  4  44  5  41  6  24  7  22  8  18  9  10
  0  25  1  99  2  88  3  9  4  40  5  49  6  4  7  1  8  80  9  66
  0  68  1  52  2  50  3  80  4  42  5  26  6  88  7  24  8  58  9  17
  0  63  1  82  2  12  3  93  4  69  5  28  6  58  7  12  8  78  9  64
  0  3  1  99  2  55  3  60  4  97  5  29  6  40  7  42  8  58  9  46
  0  54  1  70  2  69  3  2  4  75  5  19  6  51  7  10  8  5  9  36
  0  94  1  33  2  7  3  62  4  89  5  66  6  4  7  17  8  15  9  71
  0  51  1  92  2  49  3  76  4  24  5  19  6  25  7  52  8  99  9  76
  0  46  1  23  2  4  3  72  4  28  5  82  6  73  7  27  8  33  9  6
  0  27  1  5  2  23  3  94  4  71  5  9  6  31  7  93  8  75  9  25
  0  33  1  50  2  86  3  54  4  87  5  32  6  72  7  15  8  48  9  98
  0  15  1  73  2  75  3  6  4  94  5  29  6  15  7  92  8  34  9  89
  0  10  1  61  2  81  3  91  4  51  5  69  6  76  7  61  8  10  9  82
  0  10  1  10  2  88  3  68  4  71  5  25  6  81  7  20  8  59  9  87
  0  50  1  29  2  78  3  36  4  35  5  83  6  60  7  49  8  63  9  24
  0  91  1  21  2  36  3  89  4  13  5  63  6  92  7  60  8  36  9  31
  0  84  1  54  2  98  3  82  4  16  5  35  6  38  7  6  8  27  9  58
  0  67  1  78  2  26  3  45  4  78  5  40  6  99  7  61  8  6  9  92
  0  59  1  54  2  27  3  62  4  99  5  64  6  87  7  86  8  67  9  14
  0  62  1  11  2  93  3  44  4  9  5  3  6  9  7  49  8  65  9  26
  0  54  1  32  2  96  3  29  4  74  5  85  6  98  7  40  8  24  9  54
  0  5  1  71  2  50  3  50  4  67  5  78  6  20  7  26  8  91  9  29
  0  7  1  14  2  61  3  66  4  59  5  2  6  74  7  83  8  15  9  95
  0  76  1  40  2  23  3  85  4  67  5  83  6  3  7  28  8  17  9  65
  0  48  1  95  2  4  3  48  4  39  5  70  6  82  7  63  8  52  9  77
  0  32  1  61  2  46  3  81  4  33  5  41  6  87  7  90  8  1  9  88
  0  43  1  53  2  40  3  29  4  29  5  32  6  23  7  88  8  29  9  90
  0  7  1  23  2  92  3  30  4  17  5  38  6  88  7  59  8  88  9  37
  0  80  1  88  2  34  3  53  4  30  5  79  6  75  7  56  8  65  9  88
  0  64  1  33  2  58  3  85  4  70  5  2  6  1  7  44  8  25  9  90
  0  75  1  28  2  39  3  96  4  62  5  18  6  32  7  8  8  17  9  52
  0  48  1  45  2  25  3  90  4  46  5  80  6  13  7  10  8  78  9  7
  0  64  1  87  2  10  3  85  4  84  5  47  6  26  7  91  8  96  9  61
  0  55  1  39  2  75  3  38  4  76  5  47  6  45  7  32  8  3  9  74
  0  3  1  72  2  67  3  60  4  37  5  78  6  35  7  16  8  54  9  11
  0  31  1  68  2  38  3  92  4  53  5  63  6  4  7  82  8  14  9  61
  0  11  1  87  2  16  3  83  4  65  5  53  6  79  7  9  8  10  9  61
  0  57  1  9  2  79  3  34  4  1  5  83  6  1  7  13  8  88  9  36
  0  22  1  61  2  15  3  87  4  23  5  24  6  82  7  37  8  53  9  24
  0  81  1  96  2  69  3  89  4  30  5  77  6  95  7  47  8  4  9  96
  0  10  1  7  2  90  3  32  4  41  5  38  6  43  7  39  8  34  9  18
  0  16  1  19  2  92  3  80  4  8  5  93  6  38  7  16  8  54  9  29
  0  30  1  91  2  26  3  13  4  31  5  98  6  42  7  71  8  19  9  33
  0  99  1  99  2  80  3  84  4  72  5  15  6  39  7  76  8  40  9  80
  0  86  1  81  2  44  3  43  4  50  5  25  6  82  7  88  8  85  9  15
  0  94  1  13  2  89  3  97  4  86  5  51  6  86  7  9  8  14  9  24
  0  98  1  63  2  12  3  83  4  42  5  25  6  37  7  83  8  79  9  28
  0  77  1  85  2  42  3  56  4  22  5  89  6  86  7  90  8  9  9  51
  0  50  1  84  2  2  3  13  4  45  5  42  6  51  7  78  8  61  9  80
  0  31  1  89  2  7  3  27  4  82  5  91  6  93  7  71  8  94  9  13
  0  31  1  63  2  91  3  61  4  16  5  59  6  19  7  41  8  1  9  14
  0  48  1  38  2  1  3  1  4  44  5  7  6  64  7  12  8  49  9  89
  0  11  1  37  2  95  3  27  4  20  5  55  6  47  7  44  8  20  9  81
  0  22  1  30  2  18  3  41  4  59  5  39  6  55  7  69  8  23  9  82
  0  1  1  67  2  61  3  81  4  85  5  53  6  59  7  21  8  77  9  86
  0  58  1  3  2  27  3  65  4  33  5  95  6  26  7  16  8  38  9  35
  0  88  1  29  2  67  3  14  4  20  5  7  6  6  7  78  8  44  9  31
  0  46  1  97  2  1  3  65  4  2  5  90  6  40  7  45  8  55  9  36
  0  70  1  31  2  99  3  67  4  32  5  17  6  88  7  57  8  18  9  18
  0  81  1  37  2  48  3  99  4  49  5  95  6  78  7  98  8  99  9  64
  0  94  1  54  2  16  3  74  4  25  5  60  6  20  7  52  8  80  9  96
  0  11  1  82  2  85  3  4  4  41  5  56  6  80  7  7  8  27  9  74
  0  97  1  7  2  1  3  1  4  33  5  92  6  56  7  57  8  90  9  41
  0  57  1  9  2  54  3  10  4  84  5  1  6  4  7  43  8  60  9  28
  0  4  1  39  2  75  3  45  4  25  5  48  6  95  7  68  8  62  9  16
  0  34  1  12  2  75  3  70  4  13  5  50  6  57  7  24  8  49  9  31
  0  13  1  49  2  38  3  50  4  4  5  36  6  21  7  68  8  75  9  46
  0  63  1  55  2  93  3  18  4  68  5  56  6  48  7  98  8  20  9  32
  0  97  1  86  2  14  3  35  4  67  5  32  6  30  7  88  8  19  9  20
  0  56  1  4  2  57  3  26  4  47  5  53  6  55  7  32  8  18  9  68
  0  86  1  36  2  64  3  52  4  13  5  95  6  79  7  3  8  71  9  77
  0  17  1  1  2  41  3  27  4  94  5  13  6  2  7  57  8  62  9  94
  0  98  1  25  2  76  3  12  4  94  5  64  6  36  7  10  8  53  9  63
  0  83  1  93  2  90  3  24  4  93  5  9  6  11  7  45  8  69  9  21
  0  71  1  98  2  37  3  53  4  79  5  10  6  21  7  13  8  9  9  48
  0  12  1  22  2  62  3  94  4  82  5  42  6  54  7  46  8  1  9  38
  0  76  1  58  2  52  3  40  4  51  5  57  6  78  7  93  8  16  9  55
  0  66  1  2  2  78  3  62  4  72  5  96  6  32  7  69  8  60  9  7
  0  31  1  47  2  78  3  5  4  54  5  99  6  13  7  36  8  24  9  42
  0  81  1  82  2  37  3  11  4  74  5  3  6  38  7  22  8  40  9  53
  0  43  1  30  2  73  3  84  4  85  5  59  6  62  7  63  8  52  9  6
  0  98  1  66  2  16  3  36  4  55  5  49  6  5  7  25  8  78  9  84
  0  46  1  12  2  67  3  14  4  77  5  76  6  23  7  80  8  27  9  44
  0  95  1  8  2  86  3  83  4  59  5  62  6  40  7  68  8  91  9  13
  0  24  1  84  2  45  3  65  4  22  5  36  6  33  7  41  8  27  9  68
  0  61  1  30  2  24  3  5  4  88  5  32  6  75  7  77  8  89  9  73
  0  6  1  88  2  56  3  56  4  26  5  49  6  66  7  77  8  48  9  57
  0  89  1  32  2  65  3  32  4  26  5  79  6  12  7  5  8  94  9  43
  0  14  1  44  2  12  3  67  4  18  5  59  6  23  7  59  8  40  9  97
  0  86  1  81  2  65  3  59  4  31  5  73  6  22  7  69  8  7  9  26
  0  73  1  85  2  32  3  34  4  29  5  40  6  88  7  85  8  58  9  42
  0  22  1  91  2  45  3  78  4  53  5  42  6  46  7  1  8  93  9  48
  0  14  1  86  2  48  3  8  4  10  5  1  6  21  7  10  8  19  9  5
  0  61  1  56  2  38  3  98  4  38  5  56  6  97  7  66  8  3  9  62
  0  41  1  84  2  89  3  2  4  81  5  12  6  75  7  53  8  83  9  47
  0  67  1  74  2  71  3  58  4  27  5  57  6  45  7  92  8  25  9  94
  0  45  1  28  2  83  3  64  4  22  5  32  6  74  7  66  8  87  9  31
  0  56  1  89  2  49  3  11  4  69  5  65  6  65  7  98  8  42  9  49
  0  63  1  2  2  59  3  43  4  21  5  88  6  97  7  36  8  89  9  58
  0  36  1  32  2  9  3  26  4  93  5  1  6  61  7  11  8  52  9  55
  0  48  1  17  2  57  3  48  4  77  5  34  6  26  7  50  8  23  9  10
  0  85  1  31  2  78  3  60  4  27  5  85  6  4  7  20  8  52  9  50
  0  67  1  56  2  43  3  3  4  4  5  98  6  86  7  68  8  53  9  48
  0  26  1  43  2  61  3  72  4  35  5  23  6  29  7  10  8  21  9  98
  0  64  1  27  2  9  3  50  4  76  5  6  6  74  7  58  8  92  9  57
  0  7  1  9  2  11  3  87  4  31  5  64  6  5  7  62  8  25  9  19
  0  50  1  47  2  99  3  75  4  43  5  11  6  40  7  97  8  15  9  33
  0  11  1  34  2  80  3  48  4  85  5  12  6  64  7  11  8  51  9  45
  0  94  1  69  2  95  3  24  4  60  5  88  6  78  7  51  8  71  9  46
  0  41  1  57  2  62  3  1  4  19  5  23  6  40  7  9  8  42  9  59
  0  55  1  36  2  49  3  53  4  47  5  83  6  59  7  70  8  9  9  35
  0  52  1  56  2  48  3  90  4  73  5  6  6  64  7  39  8  59  9  73
  0  43  1  93  2  40  3  40  4  59  5  88  6  76  7  84  8  34  9  7
  0  30  1  93  2  76  3  89  4  81  5  29  6  22  7  59  8  43  9  33
  0  30  1  31  2  16  3  29  4  27  5  19  6  15  7  69  8  77  9  53
  0  45  1  19  2  45  3  61  4  95  5  75  6  66  7  80  8  9  9  86
  0  38  1  8  2  14  3  92  4  14  5  7  6  51  7  14  8  44  9  15
  0  21  1  58  2  10  3  38  4  29  5  26  6  33  7  15  8  16  9  30
  0  64  1  87  2  99  3  51  4  84  5  20  6  52  7  23  8  69  9  36
  0  99  1  79  2  97  3  82  4  27  5  47  6  9  7  36  8  96  9  33
  0  37  1  3  2  49  3  57  4  86  5  83  6  21  7  38  8  6  9  4
  0  92  1  4  2  95  3  37  4  83  5  12  6  49  7  57  8  24  9  91
  0  9  1  4  2  77  3  43  4  92  5  62  6  18  7  48  8  12  9  67
  0  50  1  90  2  8  3  90  4  51  5  90  6  55  7  85  8  67  9  81
  0  16  1  76  2  81  3  9  4  50  5  36  6  54  7  16  8  13  9  70
  0  95  1  46  2  85  3  21  4  15  5  80  6  34  7  45  8  58  9  90
  0  81  1  29  2  41  3  68  4  44  5  61  6  23  7  72  8  70  9  51
  0  90  1  99  2  66  3  87  4  38  5  65  6  17  7  55  8  61  9  58
  0  31  1  74  2  24  3  98  4  58  5  13  6  31  7  25  8  67  9  90
  0  40  1  69  2  83  3  87  4  92  5  21  6  19  7  9  8  29  9  66
  0  44  1  76  2  57  3  62  4  92  5  52  6  39  7  95  8  89  9  8
  0  52  1  9  2  40  3  95  4  33  5  17  6  40  7  95  8  90  9  33
  0  69  1  24  2  76  3  83  4  91  5  50  6  24  7  83  8  84  9  43
  0  7  1  89  2  45  3  46  4  77  5  65  6  64  7  54  8  82  9  21
  0  70  1  44  2  68  3  14  4  63  5  77  6  20  7  16  8  7  9  72
  0  3  1  89  2  51  3  34  4  97  5  31  6  88  7  61  8  49  9  65
  0  80  1  88  2  60  3  11  4  99  5  33  6  10  7  32  8  82  9  39
  0  86  1  67  2  69  3  54  4  47  5  97  6  2  7  74  8  50  9  66
  0  88  1  39  2  21  3  6  4  55  5  74  6  58  7  12  8  62  9  6
  0  80  1  53  2  25  3  82  4  66  5  48  6  95  7  2  8  55  9  11
  0  81  1  18  2  86  3  61  4  7  5  68  6  21  7  58  8  43  9  56
  0  60  1  86  2  74  3  75  4  46  5  20  6  57  7  62  8  29  9  27
  0  10  1  8  2  20  3  10  4  22  5  76  6  73  7  73  8  73  9  3
  0  62  1  78  2  30  3  63  4  42  5  29  6  8  7  52  8  18  9  73
  0  57  1  8  2  58  3  50  4  11  5  55  6  24  7  95  8  67  9  78
  0  5  1  82  2  37  3  29  4  69  5  74  6  56  7  37  8  96  9  9
  0  35  1  78  2  24  3  38  4  27  5  14  6  32  7  1  8  6  9  15
  0  60  1  94  2  95  3  26  4  20  5  79  6  3  7  37  8  45  9  24
  0  26  1  67  2  97  3  81  4  57  5  72  6  25  7  64  8  96  9  44
  0  24  1  29  2  39  3  58  4  79  5  18  6  6  7  71  8  53  9  7
  0  43  1  1  2  66  3  53  4  92  5  23  6  92  7  50  8  13  9  72
  0  45  1  22  2  7  3  39  4  43  5  31  6  89  7  76  8  76  9  71
  0  95  1  91  2  14  3  59  4  1  5  62  6  11  7  73  8  32  9  4
  0  26  1  80  2  68  3  96  4  51  5  54  6  67  7  25  8  95  9  88
  0  60  1  99  2  6  3  34  4  18  5  66  6  94  7  40  8  64  9  23
  0  12  1  65  2  86  3  87  4  92  5  77  6  95  7  97  8  47  9  87
  0  5  1  40  2  89  3  55  4  41  5  27  6  23  7  80  8  19  9  72
  0  17  1  72  2  25  3  46  4  53  5  30  6  99  7  87  8  26  9  18
  0  16  1  30  2  12  3  91  4  85  5  53  6  60  7  13  8  54  9  62
  0  63  1  68  2  54  3  74  4  4  5  66  6  24  7  53  8  85  9  91
  0  31  1  20  2  13  3  31  4  42  5  29  6  59  7  8  8  24  9  4
  0  32  1  74  2  88  3  56  4  53  5  73  6  92  7  27  8  83  9  45
  0  67  1  42  2  79  3  51  4  45  5  66  6  47  7  51  8  91  9  80
  0  39  1  22  2  70  3  35  4  15  5  47  6  4  7  53  8  41  9  90
  0  97  1  80  2  29  3  25  4  36  5  96  6  9  7  9  8  91  9  56
  0  4  1  6  2  82  3  14  4  59  5  98  6  75  7  38  8  22  9  48
  0  23  1  48  2  79  3  84  4  85  5  99  6  20  7  53  8  64  9  16
  0  62  1  28  2  57  3  47  4  51  5  82  6  16  7  89  8  45  9  74
  0  46  1  8  2  28  3  79  4  6  5  40  6  14  7  99  8  73  9  75
  0  46  1  97  2  10  3  37  4  94  5  68  6  8  7  10  8  98  9  32
  0  31  1  98  2  30  3  97  4  75  5  96  6  55  7  63  8  97  9  8
  0  27  1  21  2  6  3  59  4  36  5  2  6  98  7  76  8  97  9  67
  0  4  1  30  2  63  3  42  4  45  5  67  6  72  7  39  8  52  9  78
  0  90  1  21  2  70  3  76  4  96  5  3  6  56  7  87  8  16  9  84
  0  55  1  68  2  12  3  79  4  1  5  3  6  78  7  58  8  82  9  64
  0  13  1  45  2  59  3  17  4  33  5  24  6  35  7  97  8  92  9  39
  0  17  1  27  2  5  3  7  4  10  5  11  6  61  7  73  8  35  9  42
  0  30  1  66  2  71  3  22  4  52  5  52  6  45  7  45  8  75  9  86
  0  38  1  36  2  5  3  99  4  70  5  14  6  37  7  87  8  91  9  26
  0  32  1  85  2  81  3  95  4  23  5  30  6  30  7  53  8  68  9  64
  0  83  1  45  2  15  3  28  4  38  5  61  6  97  7  24  8  36  9  7
  0  18  1  78  2  99  3  12  4  64  5  27  6  96  7  63  8  77  9  81
  0  34  1  88  2  61  3  73  4  8  5  37  6  94  7  79  8  72  9  44
  0  6  1  61  2  3  3  47  4  7  5  93  6  54  7  19  8  93  9  51
  0  51  1  23  2  65  3  74  4  63  5  3  6  29  7  48  8  34  9  73
  0  76  1  52  2  90  3  61  4  48  5  76  6  44  7  18  8  41  9  97
  0  36  1  12  2  9  3  71  4  29  5  62  6  63  7  85  8  26  9  63
  0  77  1  69  2  55  3  41  4  49  5  67  6  80  7  6  8  81  9  10
  0  7  1  16  2  75  3  49  4  96  5  59  6  54  7  41  8  17  9  19
  0  53  1  78  2  75  3  75  4  57  5  32  6  30  7  67  8  62  9  29
  0  67  1  6  2  85  3  89  4  91  5  26  6  71  7  1  8  61  9  11
  0  47  1  87  2  75  3  23  4  38  5  25  6  95  7  36  8  37  9  92
  0  39  1  34  2  93  3  68  4  6  5  43  6  75  7  5  8  6  9  6
  0  1  1  52  2  1  3  94  4  47  5  1  6  87  7  52  8  3  9  72
  0  74  1  93  2  1  3  81  4  33  5  96  6  47  7  31  8  37  9  85
  0  49  1  32  2  4  3  72  4  92  5  62  6  97  7  12  8  35  9  80
  0  90  1  82  2  96  3  82  4  57  5  17  6  87  7  67  8  56  9  12
  0  86  1  30  2  44  3  21  4  60  5  21  6  4  7  98  8  7  9  22
  0  82  1  40  2  39  3  38  4  88  5  57  6  54  7  10  8  82  9  64
  0  50  1  73  2  52  3  69  4  90  5  50  6  73  7  98  8  29  9  30
  0  88  1  10  2  34  3  71  4  55  5  47  6  87  7  57  8  45  9  55
  0  39  1  53  2  96  3  69  4  50  5  65  6  53  7  27  8  49  9  11
  0  47  1  78  2  81  3  28  4  88  5  98  6  39  7  87  8  94  9  7
  0  85  1  7  2  62  3  65  4  29  5  48  6  49  7  18  8  91  9  73
  0  50  1  60  2  89  3  82  4  54  5  84  6  22  7  44  8  41  9  30
  0  22  1  17  2  36  3  17  4  37  5  11  6  32  7  70  8  22  9  28
  0  75  1  45  2  69  3  91  4  36  5  12  6  23  7  62  8  25  9  65
  0  27  1  75  2  39  3  67  4  21  5  69  6  39  7  36  8  86  9  81
  0  77  1  33  2  84  3  31  4  52  5  32  6  68  7  19  8  48  9  45
  0  39  1  5  2  77  3  58  4  88  5  56  6  52  7  94  8  40  9  68
  0  39  1  12  2  92  3  97  4  71  5  95  6  20  7  73  8  40  9  10
  0  74  1  62  2  70  3  15  4  21  5  8  6  57  7  66  8  70  9  73
  0  34  1  52  2  11  3  55  4  67  5  28  6  42  7  47  8  35  9  77
  0  74  1  70  2  6  3  69  4  33  5  99  6  35  7  30  8  89  9  58
  0  55  1  35  2  10  3  48  4  11  5  69  6  84  7  53  8  70  9  50
  0  87  1  23  2  21  3  79  4  75  5  17  6  25  7  77  8  30  9  89
  0  92  1  33  2  88  3  27  4  98  5  37  6  38  7  69  8  51  9  18
  0  55  1  85  2  91  3  77  4  13  5  75  6  73  7  4  8  98  9  26
  0  67  1  4  2  6  3  44  4  71  5  81  6  94  7  30  8  33  9  67
  0  44  1  82  2  15  3  53  4  18  5  46  6  48  7  7  8  43  9  20
  0  75  1  69  2  63  3  22  4  61  5  43  6  99  7  57  8  14  9  38
  0  59  1  35  2  81  3  36  4  58  5  37  6  82  7  79  8  49  9  34
  0  85  1  97  2  71  3  5  4  74  5  39  6  66  7  87  8  42  9  55
  0  29  1  90  2  96  3  60  4  79  5  33  6  85  7  75  8  79  9  85
  0  72  1  9  2  30  3  40  4  7  5  46  6  24  7  31  8  82  9  53
  0  40  1  73  2  80  3  8  4  95  5  9  6  28  7  10  8  9  9  63
  0  27  1  51  2  21  3  49  4  33  5  32  6  90  7  88  8  95  9  60
  0  59  1  27  2  72  3  65  4  46  5  55  6  92  7  20  8  26  9  79
  0  34  1  51  2  87  3  90  4  29  5  75  6  95  7  26  8  15  9  96
  0  90  1  37  2  6  3  50  4  90  5  87  6  39  7  87  8  1  9  57
  0  26  1  19  2  39  3  24  4  17  5  71  6  13  7  44  8  45  9  34
  0  32  1  66  2  32  3  84  4  34  5  32  6  45  7  19  8  46  9  62
  0  56  1  44  2  27  3  23  4  40  5  99  6  53  7  27  8  1  9  94
  0  39  1  12  2  24  3  13  4  17  5  97  6  95  7  4  8  7  9  22
  0  33  1  54  2  58  3  96  4  3  5  27  6  41  7  45  8  52  9  92
  0  15  1  1  2  56  3  14  4  5  5  87  6  50  7  33  8  72  9  12
  0  36  1  85  2  52  3  24  4  40  5  44  6  83  7  44  8  79  9  55
  0  72  1  56  2  76  3  35  4  62  5  8  6  8  7  17  8  92  9  78
  0  83  1  93  2  66  3  2  4  2  5  77  6  78  7  49  8  14  9  74
  0  53  1  17  2  98  3  55  4  7  5  69  6  36  7  51  8  26  9  37
  0  21  1  32  2  26  3  65  4  58  5  19  6  49  7  59  8  39  9  59
  0  88  1  82  2  77  3  55  4  61  5  2  6  63  7  24  8  74  9  77
  0  65  1  37  2  50  3  40  4  71  5  64  6  91  7  23  8  80  9  15
  0  27  1  27  2  57  3  52  4  55  5  21  6  18  7  39  8  70  9  39
  0  23  1  20  2  54  3  9  4  81  5  52  6  54  7  15  8  94  9  54
  0  91  1  92  2  96  3  24  4  59  5  8  6  72  7  37  8  14  9  64
  0  48  1  51  2  65  3  38  4  7  5  50  6  17  7  43  8  50  9  18
  0  20  1  61  2  18  3  30  4  31  5  12  6  50  7  96  8  95  9  29
  0  30  1  85  2  94  3  67  4  60  5  24  6  24  7  72  8  50  9  62
  0  2  1  70  2  25  3  19  4  12  5  75  6  73  7  74  8  37  9  6
  0  12  1  63  2  38  3  66  4  17  5  85  6  82  7  46  8  47  9  40
  0  31  1  12  2  88  3  46  4  22  5  27  6  64  7  19  8  33  9  14
  0  90  1  90  2  5  3  24  4  1  5  14  6  37  7  17  8  41  9  86
  0  14  1  34  2  15  3  78  4  12  5  23  6  42  7  45  8  94  9  67
  0  42  1  72  2  3  3  5  4  72  5  81  6  80  7  47  8  74  9  78
  0  20  1  37  2  7  3  40  4  91  5  7  6  75  7  70  8  4  9  20
  0  76  1  63  2  15  3  5  4  29  5  49  6  71  7  24  8  52  9  32
  0  69  1  35  2  14  3  25  4  45  5  29  6  64  7  50  8  49  9  54
  0  15  1  59  2  63  3  73  4  49  5  89  6  51  7  3  8  56  9  63
  0  71  1  16  2  32  3  93  4  78  5  45  6  82  7  55  8  94  9  90
  0  37  1  34  2  32  3  9  4  49  5  65  6  91  7  78  8  31  9  22
  0  76  1  27  2  67  3  10  4  87  5  83  6  97  7  84  8  93  9  97
  0  60  1  7  2  93  3  15  4  39  5  82  6  14  7  37  8  60  9  62
  0  3  1  68  2  19  3  2  4  27  5  49  6  42  7  3  8  67  9  26
  0  24  1  85  2  79  3  96  4  73  5  66  6  62  7  52  8  67  9  33
  0  48  1  77  2  8  3  52  4  21  5  3  6  16  7  48  8  98  9  9
  0  8  1  28  2  63  3  33  4  53  5  52  6  20  7  20  8  93  9  82
  0  96  1  22  2  74  3  40  4  48  5  45  6  28  7  54  8  2  9  90
  0  5  1  8  2  66  3  32  4  31  5  91  6  97  7  40  8  59  9  23
  0  81  1  45  2  26  3  94  4  88  5  83  6  29  7  63  8  95  9  84
  0  15  1  92  2  96  3  89  4  97  5  99  6  42  7  7  8  88  9  87
  0  67  1  38  2  89  3  44  4  17  5  52  6  69  7  55  8  63  9  68
  0  52  1  53  2  83  3  80  4  73  5  98  6  36  7  46  8  67  9  79
  0  59  1  10  2  21  3  55  4  79  5  34  6  92  7  93  8  89  9  64
  0  68  1  70  2  64  3  58  4  35  5  45  6  91  7  28  8  67  9  13
  0  55  1  1  2  59  3  98  4  92  5  99  6  67  7  62  8  10  9  75
  0  23  1  9  2  39  3  63  4  40  5  38  6  53  7  31  8  40  9  63
  0  91  1  57  2  37  3  95  4  42  5  44  6  86  7  74  8  3  9  53
  0  80  1  73  2  4  3  30  4  28  5  35  6  70  7  40  8  83  9  97
  0  58  1  51  2  80  3  23  4  78  5  13  6  4  7  41  8  23  9  38
  0  3  1  65  2  18  3  72  4  24  5  44  6  98  7  14  8  22  9  60
  0  79  1  24  2  70  3  84  4  34  5  25  6  88  7  50  8  45  9  92
  0  54  1  6  2  73  3  78  4  62  5  57  6  47  7  31  8  53  9  9
  0  85  1  85  2  29  3  71  4  8  5  49  6  17  7  87  8  74  9  11
  0  53  1  95  2  75  3  36  4  7  5  32  6  69  7  31  8  53  9  46
  0  20  1  95  2  69  3  77  4  96  5  91  6  19  7  12  8  29  9  89
  0  37  1  22  2  37  3  82  4  47  5  65  6  74  7  80  8  58  9  86
  0  56  1  8  2  23  3  38  4  61  5  86  6  67  7  43  8  25  9  68
  0  19  1  40  2  64  3  42  4  78  5  92  6  12  7  49  8  36  9  50
  0  34  1  61  2  12  3  1  4  66  5  14  6  70  7  46  8  97  9  8
  0  52  1  87  2  76  3  2  4  9  5  8  6  31  7  76  8  39  9  81
  0  14  1  37  2  63  3  64  4  19  5  77  6  87  7  19  8  47  9  38
  0  33  1  1  2  87  3  22  4  42  5  4  6  57  7  41  8  92  9  26
  0  28  1  26  2  57  3  31  4  13  5  17  6  19  7  90  8  96  9  6
  0  13  1  53  2  42  3  11  4  48  5  61  6  96  7  94  8  60  9  13
  0  79  1  71  2  59  3  56  4  38  5  49  6  1  7  31  8  90  9  2
  0  91  1  33  2  88  3  81  4  92  5  42  6  86  7  5  8  97  9  35
  0  91  1  78  2  90  3  98  4  15  5  41  6  19  7  90  8  78  9  41
  0  18  1  23  2  28  3  87  4  98  5  71  6  55  7  21  8  67  9  19
  0  42  1  12  2  30  3  7  4  70  5  72  6  34  7  38  8  67  9  43
  0  19  1  55  2  68  3  97  4  82  5  2  6  29  7  55  8  1  9  26
  0  17  1  16  2  41  3  84  4  59  5  52  6  69  7  67  8  26  9  18
  0  29  1  45  2  81  3  61  4  48  5  4  6  37  7  46  8  14  9  24
  0  67  1  36  2  90  3  27  4  1  5  70  6  4  7  83  8  77  9  59
  0  4  1  53  2  35  3  68  4  66  5  21  6  83  7  57  8  19  9  29
  0  59  1  21  2  81  3  26  4  76  5  18  6  75  7  90  8  20  9  6
  0  24  1  92  2  46  3  13  4  53  5  91  6  83  7  3  8  80  9  4
  0  49  1  33  2  22  3  74  4  24  5  1  6  90  7  47  8  57  9  24
  0  30  1  3  2  85  3  14  4  30  5  14  6  87  7  26  8  20  9  52
  0  23  1  3  2  15  3  30  4  7  5  32  6  81  7  56  8  30  9  5
  0  43  1  61  2  28  3  35  4  31  5  5  6  49  7  65  8  64  9  66
  0  82  1  94  2  17  3  3  4  52  5  80  6  83  7  4  8  70  9  8
  0  72  1  86  2  18  3  40  4  91  5  6  6  98  7  77  8  81  9  89
  0  75  1  86  2  33  3  95  4  94  5  98  6  87  7  72  8  42  9  67
  0  1  1  68  2  6  3  44  4  29  5  5  6  31  7  8  8  62  9  29
  0  79  1  59  2  9  3  3  4  50  5  74  6  19  7  83  8  17  9  58
  0  91  1  24  2  75  3  59  4  97  5  83  6  22  7  34  8  34  9  22
  0  7  1  63  2  66  3  36  4  20  5  69  6  46  7  49  8  11  9  83
  0  92  1  62  2  59  3  54  4  86  5  27  6  33  7  12  8  21  9  12
  0  1  1  13  2  84  3  57  4  4  5  39  6  93  7  41  8  81  9  30
  0  93  1  9  2  19  3  60  4  89  5  39  6  61  7  96  8  81  9  41
  0  2  1  97  2  10  3  13  4  54  5  45  6  46  7  97  8  50  9  12
  0  77  1  32  2  36  3  3  4  64  5  52  6  56  7  38  8  83  9  25
  0  37  1  50  2  73  3  6  4  21  5  19  6  54  7  36  8  14  9  76
  0  81  1  48  2  36  3  40  4  56  5  31  6  2  7  57  8  10  9  70
  0  56  1  83  2  26  3  70  4  53  5  21  6  69  7  34  8  49  9  75
  0  39  1  29  2  50  3  34  4  63  5  98  6  28  7  48  8  3  9  74
  0  5  1  88  2  25  3  5  4  63  5  5  6  82  7  7  8  35  9  94
  0  84  1  11  2  76  3  89  4  63  5  47  6  27  7  80  8  70  9  91
  0  19  1  68  2  40  3  87  4  76  5  98  6  36  7  85  8  26  9  12
  0  33  1  93  2  8  3  37  4  24  5  6  6  55  7  84  8  45  9  68
  0  82  1  38  2  59  3  2  4  7  5  42  6  44  7  67  8  79  9  28
  0  70  1  79  2  22  3  37  4  73  5  72  6  66  7  38  8  46  9  81
  0  69  1  24  2  6  3  18  4  42  5  52  6  24  7  14  8  4  9  75
  0  13  1  82  2  68  3  45  4  5  5  37  6  11  7  8  8  77  9  28
  0  77  1  30  2  5  3  16  4  35  5  4  6  34  7  95  8  68  9  23
  0  31  1  13  2  84  3  49  4  34  5  63  6  72  7  94  8  1  9  52
  0  21  1  75  2  57  3  56  4  11  5  47  6  76  7  28  8  25  9  2
  0  35  1  13  2  32  3  85  4  42  5  82  6  54  7  89  8  24  9  9
  0  22  1  98  2  13  3  22  4  66  5  6  6  93  7  34  8  7  9  46
  0  65  1  10  2  38  3  82  4  60  5  34  6  26  7  55  8  10  9  97
  0  56  1  91  2  44  3  96  4  1  5  16  6  85  7  24  8  98  9  21
  0  53  1  1  2  66  3  88  4  94  5  65  6  81  7  62  8  13  9  24
  0  99  1  20  2  62  3  41  4  9  5  97  6  13  7  1  8  23  9  56
  0  27  1  84  2  80  3  97  4  88  5  41  6  85  7  70  8  69  9  52
  0  4  1  24  2  42  3  1  4  33  5  93  6  63  7  11  8  67  9  39
  0  83  1  15  2  53  3  53  4  65  5  63  6  5  7  22  8  10  9  80
  0  7  1  13  2  29  3  39  4  45  5  90  6  12  7  99  8  34  9  25
  0  59  1  40  2  30  3  25  4  15  5  78  6  49  7  89  8  87  9  44
  0  29  1  7  2  50  3  79  4  11  5  9  6  83  7  55  8  21  9  60
  0  57  1  35  2  77  3  64  4  4  5  28  6  65  7  92  8  14  9  13
  0  39  1  83  2  57  3  27  4  55  5  53  6  7  7  38  8  39  9  29
  0  19  1  61  2  45  3  90  4  20  5  76  6  64  7  79  8  59  9  64
  0  69  1  17  2  68  3  66  4  31  5  27  6  18  7  31  8  30  9  79
  0  55  1  11  2  40  3  73  4  95  5  14  6  76  7  42  8  58  9  29
  0  20  1  42  2  93  3  76  4  63  5  64  6  52  7  58  8  49  9  81
  0  67  1  98  2  84  3  97  4  63  5  15  6  58  7  93  8  23  9  42
  0  95  1  75  2  51  3  13  4  20  5  52  6  40  7  67  8  15  9  21
  0  20  1  34  2  7  3  34  4  29  5  15  6  1  7  55  8  69  9  61
  0  46  1  59  2  14  3  32  4  21  5  12  6  71  7  60  8  47  9  34
  0  53  1  69  2  91  3  58  4  74  5  27  6  7  7  99  8  88  9  18
  0  8  1  26  2  48  3  78  4  7  5  87  6  25  7  16  8  45  9  41
  0  49  1  14  2  82  3  83  4  38  5  3  6  51  7  68  8  28  9  23
  0  77  1  94  2  26  3  36  4  16  5  57  6  59  7  50  8  76  9  27
  0  74  1  60  2  16  3  90  4  9  5  25  6  27  7  62  8  65  9  34
  0  56  1  51  2  27  3  33  4  31  5  50  6  15  7  10  8  72  9  80
  0  77  1  58  2  26  3  96  4  41  5  76  6  36  7  52  8  94  9  70
  0  47  1  67  2  59  3  53  4  20  5  54  6  75  7  77  8  64  9  93
  0  16  1  38  2  61  3  67  4  96  5  26  6  7  7  83  8  49  9  21
  0  98  1  58  2  71  3  65  4  66  5  39  6  80  7  43  8  91  9  75
  0  27  1  62  2  84  3  84  4  42  5  18  6  18  7  54  8  27  9  75
  0  15  1  94  2  26  3  11  4  60  5  22  6  10  7  85  8  73  9  34
  0  78  1  65  2  65  3  18  4  69  5  78  6  66  7  97  8  10  9  98
  0  91  1  11  2  63  3  89  4  98  5  65  6  51  7  42  8  32  9  31
  0  54  1  2  2  69  3  53  4  27  5  47  6  22  7  99  8  75  9  97
  0  40  1  77  2  74  3  36  4  28  5  75  6  39  7  74  8  87  9  26
  0  77  1  22  2  16  3  93  4  66  5  7  6  45  7  26  8  50  9  76
  0  3  1  26  2  52  3  73  4  14  5  35  6  35  7  58  8  87  9  37
TPM
  0  2546  1  2546  2  2546  3  2546  4  2546  5  2546  6  2546  7  2546  8  2546  9  2546
PMT
  0  92  1  51  2  86  3  28  4  61  5  135  6  94  7  71  8  85  9  99
  0  133  1  75  2  22  3  8  4  22  5  15  6  85  7  85  8  38  9  12
  0  52  1  53  2  136  3  125  4  38  5  77  6  40  7  123  8  67  9  102
  0  97  1  30  2  137  3  87  4  39  5  129  6  23  7  76  8  99  9  81
  0  8  1  11  2  37  3  116  4  51  5  83  6  11  7  146  8  21  9  106
  0  125  1  118  2  48  3  146  4  118  5  71  6  129  7  49  8  129  9  20
  0  58  1  25  2  53  3  133  4  75  5  30  6  132  7  57  8  101  9  6
  0  82  1  23  2  111  3  135  4  63  5  134  6  50  7  139  8  126  9  72
  0  111  1  104  2  19  3  51  4  7  5  10  6  102  7  97  8  81  9  80
  0  96  1  35  2  118  3  83  4  75  5  51  6  114  7  91  8  51  9  82
  0  148  1  146  2  97  3  81  4  95  5  69  6  130  7  66  8  137  9  79
  0  11  1  2  2  48  3  94  4  74  5  141  6  68  7  102  8  119  9  125
  0  86  1  134  2  39  3  125  4  18  5  77  6  44  7  145  8  104  9  15
  0  145  1  72  2  68  3  72  4  82  5  139  6  119  7  68  8  146  9  113
  0  107  1  124  2  10  3  76  4  59  5  75  6  113  7  12  8  121  9  81
  0  86  1  80  2  46  3  86  4  52  5  65  6  97  7  127  8  96  9  108
  0  127  1  128  2  87  3  80  4  113  5  48  6  2  7  88  8  55  9  145
  0  14  1  145  2  26  3  70  4  124  5  62  6  11  7  28  8  27  9  73
  0  106  1  148  2  95  3  38  4  27  5  14  6  72  7  40  8  76  9  77
  0  25  1  7  2  56  3  142  4  63  5  50  6  134  7  136  8  4  9  117
