100  10
  0  95  1  67  2  29  3  13  4  52  5  14  6  45  7  61  8  12  9  38
  0  55  1  5  2  29  3  31  4  1  5  8  6  91  7  10  8  42  9  25
  0  7  1  44  2  61  3  61  4  10  5  92  6  37  7  68  8  96  9  52
  0  39  1  1  2  95  3  28  4  52  5  45  6  40  7  69  8  16  9  82
  0  99  1  33  2  35  3  64  4  82  5  81  6  6  7  6  8  22  9  11
  0  55  1  31  2  99  3  73  4  6  5  9  6  85  7  47  8  85  9  86
  0  76  1  46  2  66  3  95  4  76  5  94  6  98  7  79  8  49  9  7
  0  61  1  94  2  34  3  28  4  66  5  57  6  1  7  48  8  66  9  48
  0  97  1  87  2  67  3  3  4  10  5  5  6  43  7  35  8  17  9  99
  0  96  1  92  2  58  3  87  4  28  5  20  6  4  7  82  8  86  9  90
  0  1  1  9  2  32  3  38  4  57  5  30  6  29  7  74  8  74  9  76
  0  40  1  9  2  32  3  79  4  9  5  84  6  87  7  81  8  25  9  85
  0  69  1  56  2  40  3  17  4  41  5  58  6  57  7  28  8  83  9  3
  0  10  1  39  2  25  3  28  4  29  5  12  6  4  7  94  8  29  9  38
  0  59  1  29  2  86  3  70  4  71  5  21  6  85  7  1  8  98  9  16
  0  55  1  63  2  94  3  67  4  10  5  26  6  86  7  54  8  87  9  80
  0  58  1  63  2  41  3  66  4  70  5  88  6  9  7  73  8  95  9  19
  0  3  1  6  2  75  3  90  4  64  5  22  6  6  7  41  8  84  9  60
  0  23  1  91  2  87  3  29  4  34  5  32  6  29  7  16  8  21  9  98
  0  57  1  46  2  12  3  65  4  26  5  97  6  98  7  84  8  74  9  38
  0  45  1  49  2  8  3  67  4  4  5  66  6  37  7  62  8  62  9  64
  0  64  1  54  2  52  3  63  4  29  5  1  6  20  7  90  8  46  9  19
  0  35  1  29  2  3  3  4  4  66  5  6  6  88  7  39  8  84  9  78
  0  83  1  77  2  51  3  74  4  33  5  43  6  94  7  82  8  68  9  97
  0  7  1  11  2  63  3  57  4  94  5  53  6  37  7  55  8  72  9  31
  0  36  1  97  2  83  3  7  4  64  5  35  6  81  7  77  8  30  9  82
  0  18  1  5  2  45  3  22  4  5  5  30  6  91  7  88  8  58  9  83
  0  23  1  40  2  46  3  95  4  94  5  26  6  71  7  57  8  21  9  28
  0  99  1  87  2  1  3  48  4  84  5  13  6  81  7  35  8  58  9  69
  0  27  1  1  2  1  3  68  4  20  5  60  6  82  7  95  8  23  9  92
  0  71  1  35  2  68  3  13  4  24  5  30  6  49  7  98  8  19  9  40
  0  41  1  10  2  99  3  36  4  68  5  99  6  22  7  47  8  98  9  4
  0  36  1  63  2  34  3  49  4  52  5  44  6  18  7  39  8  54  9  99
  0  93  1  73  2  72  3  24  4  71  5  44  6  24  7  19  8  94  9  98
  0  84  1  36  2  12  3  51  4  60  5  3  6  93  7  14  8  41  9  32
  0  59  1  48  2  92  3  38  4  80  5  68  6  3  7  77  8  4  9  61
  0  76  1  11  2  97  3  85  4  65  5  56  6  4  7  71  8  68  9  64
  0  73  1  31  2  34  3  51  4  94  5  60  6  57  7  53  8  59  9  86
  0  53  1  9  2  9  3  84  4  45  5  68  6  74  7  77  8  97  9  83
  0  92  1  88  2  93  3  46  4  53  5  16  6  19  7  58  8  36  9  39
  0  21  1  62  2  5  3  83  4  44  5  60  6  8  7  2  8  56  9  4
  0  71  1  44  2  34  3  40  4  94  5  37  6  50  7  22  8  97  9  82
  0  98  1  47  2  49  3  40  4  41  5  67  6  9  7  81  8  65  9  78
  0  41  1  99  2  80  3  5  4  87  5  28  6  6  7  9  8  16  9  98
  0  12  1  14  2  65  3  46  4  22  5  7  6  65  7  37  8  3  9  65
  0  11  1  69  2  76  3  26  4  92  5  94  6  43  7  81  8  35  9  35
  0  98  1  83  2  93  3  15  4  88  5  78  6  94  7  17  8  26  9  15
  0  40  1  34  2  66  3  86  4  3  5  87  6  19  7  13  8  72  9  25
  0  38  1  56  2  51  3  10  4  21  5  46  6  92  7  85  8  12  9  42
  0  33  1  61  2  80  3  61  4  69  5  52  6  23  7  66  8  74  9  87
  0  24  1  63  2  49  3  45  4  53  5  73  6  70  7  93  8  94  9  79
  0  66  1  46  2  29  3  51  4  30  5  56  6  34  7  4  8  69  9  7
  0  51  1  45  2  27  3  76  4  34  5  20  6  47  7  87  8  2  9  47
  0  53  1  58  2  34  3  12  4  65  5  30  6  94  7  70  8  82  9  22
  0  77  1  52  2  1  3  57  4  88  5  1  6  39  7  43  8  31  9  65
  0  95  1  9  2  50  3  35  4  71  5  32  6  48  7  86  8  7  9  5
  0  82  1  91  2  36  3  33  4  3  5  87  6  61  7  42  8  1  9  16
  0  80  1  65  2  64  3  92  4  32  5  20  6  67  7  49  8  43  9  90
  0  41  1  70  2  96  3  99  4  90  5  98  6  44  7  10  8  75  9  12
  0  27  1  95  2  61  3  70  4  1  5  94  6  93  7  88  8  64  9  94
  0  70  1  96  2  32  3  48  4  14  5  84  6  15  7  5  8  58  9  39
  0  84  1  99  2  9  3  24  4  47  5  47  6  40  7  70  8  51  9  27
  0  31  1  64  2  90  3  61  4  73  5  46  6  3  7  12  8  81  9  81
  0  48  1  57  2  92  3  45  4  31  5  27  6  49  7  34  8  10  9  91
  0  89  1  6  2  84  3  53  4  93  5  6  6  75  7  73  8  58  9  30
  0  24  1  30  2  96  3  32  4  83  5  7  6  93  7  77  8  76  9  34
  0  58  1  5  2  42  3  58  4  46  5  37  6  96  7  91  8  58  9  63
  0  74  1  65  2  30  3  81  4  37  5  19  6  66  7  63  8  59  9  61
  0  91  1  1  2  23  3  3  4  15  5  25  6  89  7  48  8  35  9  20
  0  30  1  96  2  27  3  66  4  27  5  84  6  96  7  94  8  77  9  65
  0  91  1  19  2  71  3  21  4  87  5  92  6  16  7  47  8  13  9  16
  0  30  1  52  2  77  3  52  4  32  5  57  6  96  7  73  8  95  9  9
  0  49  1  22  2  49  3  14  4  5  5  47  6  32  7  78  8  2  9  84
  0  46  1  4  2  66  3  64  4  63  5  59  6  9  7  62  8  70  9  69
  0  34  1  51  2  69  3  41  4  40  5  99  6  63  7  42  8  12  9  28
  0  91  1  19  2  28  3  29  4  96  5  85  6  26  7  93  8  41  9  42
  0  5  1  20  2  4  3  94  4  60  5  85  6  14  7  91  8  81  9  8
  0  24  1  2  2  44  3  30  4  11  5  84  6  94  7  3  8  56  9  36
  0  98  1  59  2  67  3  17  4  3  5  81  6  11  7  93  8  36  9  26
  0  89  1  35  2  40  3  58  4  75  5  60  6  19  7  89  8  89  9  34
  0  29  1  42  2  80  3  42  4  72  5  80  6  39  7  95  8  45  9  67
  0  74  1  51  2  58  3  57  4  14  5  50  6  42  7  15  8  8  9  3
  0  95  1  35  2  61  3  73  4  32  5  3  6  17  7  53  8  48  9  1
  0  59  1  13  2  16  3  73  4  18  5  72  6  60  7  3  8  91  9  46
  0  83  1  45  2  11  3  35  4  53  5  33  6  25  7  73  8  56  9  60
  0  78  1  59  2  78  3  79  4  94  5  33  6  90  7  3  8  6  9  62
  0  20  1  65  2  89  3  60  4  46  5  5  6  92  7  54  8  64  9  67
  0  56  1  64  2  92  3  31  4  82  5  64  6  15  7  19  8  96  9  46
  0  90  1  43  2  92  3  94  4  74  5  90  6  78  7  46  8  20  9  50
  0  49  1  6  2  71  3  51  4  53  5  18  6  60  7  35  8  35  9  36
  0  55  1  15  2  73  3  36  4  42  5  66  6  35  7  51  8  35  9  67
  0  23  1  41  2  34  3  85  4  93  5  21  6  84  7  68  8  54  9  5
  0  8  1  85  2  80  3  36  4  2  5  44  6  21  7  34  8  42  9  60
  0  54  1  47  2  18  3  56  4  33  5  7  6  91  7  38  8  39  9  38
  0  69  1  48  2  5  3  34  4  12  5  5  6  6  7  35  8  27  9  83
  0  13  1  54  2  35  3  93  4  60  5  40  6  75  7  52  8  68  9  65
  0  10  1  67  2  35  3  98  4  51  5  71  6  80  7  79  8  91  9  79
  0  91  1  3  2  41  3  55  4  39  5  11  6  87  7  13  8  24  9  15
  0  32  1  77  2  99  3  4  4  69  5  3  6  72  7  34  8  19  9  3
  0  69  1  77  2  24  3  42  4  39  5  87  6  67  7  13  8  8  9  12
TPM
  0  1270  1  1270  2  1270  3  1270  4  1270  5  1270  6  1270  7  1270  8  1270  9  1270
PMT
  0  78  1  66  2  20  3  54  4  34  5  2  6  29  7  65  8  67  9  16
  0  26  1  21  2  44  3  62  4  8  5  16  6  68  7  88  8  30  9  69
  0  26  1  44  2  1  3  41  4  82  5  65  6  5  7  89  8  92  9  2
  0  62  1  24  2  79  3  22  4  71  5  35  6  96  7  20  8  75  9  98
  0  93  1  18  2  62  3  99  4  23  5  19  6  86  7  13  8  79  9  71
  0  74  1  30  2  51  3  43  4  43  5  36  6  24  7  12  8  46  9  66
  0  70  1  30  2  42  3  91  4  12  5  15  6  27  7  20  8  43  9  63
  0  84  1  19  2  47  3  17  4  59  5  76  6  40  7  1  8  33  9  73
