20  10
  0  54  1  68  2  7  3  90  4  18  5  73  6  94  7  51  8  6  9  3
  0  53  1  68  2  45  3  91  4  94  5  60  6  70  7  11  8  50  9  74
  0  87  1  90  2  80  3  6  4  74  5  32  6  75  7  19  8  22  9  76
  0  89  1  85  2  22  3  69  4  13  5  56  6  71  7  43  8  69  9  36
  0  44  1  3  2  5  3  31  4  51  5  93  6  97  7  73  8  92  9  76
  0  5  1  61  2  67  3  48  4  25  5  60  6  95  7  74  8  45  9  49
  0  75  1  33  2  8  3  13  4  69  5  74  6  98  7  21  8  95  9  51
  0  59  1  30  2  82  3  79  4  59  5  7  6  82  7  27  8  1  9  62
  0  83  1  38  2  21  3  40  4  49  5  47  6  23  7  2  8  76  9  39
  0  62  1  97  2  53  3  63  4  47  5  17  6  58  7  91  8  45  9  65
  0  33  1  96  2  2  3  4  4  12  5  84  6  11  7  40  8  4  9  6
  0  96  1  80  2  51  3  28  4  88  5  57  6  9  7  47  8  10  9  5
  0  28  1  74  2  5  3  51  4  28  5  13  6  75  7  30  8  93  9  26
  0  5  1  53  2  40  3  50  4  83  5  85  6  14  7  14  8  75  9  11
  0  43  1  59  2  79  3  90  4  43  5  71  6  77  7  43  8  34  9  79
  0  75  1  3  2  52  3  74  4  80  5  31  6  34  7  49  8  65  9  94
  0  17  1  74  2  12  3  31  4  86  5  51  6  46  7  62  8  60  9  9
  0  98  1  28  2  94  3  40  4  47  5  61  6  46  7  89  8  32  9  11
  0  27  1  43  2  61  3  84  4  38  5  76  6  23  7  88  8  72  9  58
  0  88  1  58  2  10  3  32  4  73  5  29  6  58  7  12  8  80  9  77
TPM
  0  595  1  595  2  595  3  595  4  595  5  595  6  595  7  595  8  595  9  595
PMT
  0  3  1  14  2  13  3  9  4  4  5  5  6  24  7  18  8  21  9  24
  0  18  1  14  2  2  3  3  4  14  5  1  6  17  7  16  8  22  9  3
  0  2  1  12  2  5  3  19  4  23  5  22  6  18  7  14  8  13  9  4
  0  8  1  9  2  3  3  21  4  8  5  4  6  6  7  22  8  7  9  2
