50  20
  0  96  1  92  2  98  3  73  4  97  5  63  6  85  7  61  8  17  9  89  10  52  11  6  12  78  13  65  14  15  15  28  16  48  17  44  18  22  19  6
  0  91  1  45  2  23  3  87  4  48  5  46  6  94  7  13  8  96  9  39  10  38  11  18  12  26  13  86  14  28  15  5  16  29  17  15  18  94  19  90
  0  80  1  28  2  82  3  66  4  80  5  37  6  79  7  29  8  62  9  24  10  44  11  74  12  1  13  97  14  65  15  62  16  69  17  4  18  18  19  82
  0  35  1  97  2  21  3  94  4  77  5  1  6  3  7  17  8  90  9  83  10  12  11  77  12  92  13  52  14  60  15  72  16  40  17  45  18  70  19  81
  0  48  1  43  2  50  3  25  4  46  5  66  6  51  7  89  8  19  9  10  10  52  11  38  12  25  13  32  14  77  15  79  16  77  17  6  18  72  19  81
  0  41  1  93  2  52  3  26  4  76  5  12  6  27  7  61  8  30  9  86  10  61  11  98  12  62  13  16  14  9  15  45  16  51  17  7  18  56  19  77
  0  22  1  36  2  36  3  4  4  80  5  49  6  18  7  62  8  61  9  14  10  77  11  51  12  20  13  86  14  98  15  96  16  11  17  48  18  65  19  95
  0  53  1  23  2  48  3  96  4  67  5  98  6  86  7  98  8  24  9  92  10  24  11  85  12  63  13  41  14  53  15  32  16  47  17  16  18  72  19  32
  0  71  1  73  2  57  3  51  4  49  5  14  6  6  7  97  8  35  9  87  10  8  11  66  12  48  13  80  14  48  15  91  16  35  17  86  18  43  19  25
  0  53  1  8  2  68  3  25  4  84  5  72  6  31  7  2  8  4  9  65  10  91  11  83  12  57  13  75  14  45  15  86  16  37  17  44  18  98  19  93
  0  44  1  48  2  30  3  88  4  86  5  49  6  96  7  1  8  44  9  13  10  35  11  42  12  13  13  51  14  74  15  58  16  85  17  68  18  42  19  17
  0  64  1  94  2  48  3  10  4  77  5  47  6  69  7  37  8  71  9  58  10  73  11  95  12  92  13  37  14  52  15  8  16  70  17  82  18  49  19  46
  0  82  1  50  2  13  3  44  4  55  5  38  6  98  7  98  8  25  9  53  10  7  11  9  12  70  13  63  14  33  15  7  16  98  17  56  18  53  19  59
  0  24  1  52  2  94  3  68  4  92  5  51  6  41  7  91  8  35  9  97  10  83  11  47  12  45  13  11  14  23  15  98  16  21  17  95  18  66  19  12
  0  18  1  44  2  88  3  37  4  2  5  98  6  57  7  72  8  93  9  9  10  17  11  87  12  48  13  36  14  97  15  30  16  13  17  73  18  9  19  37
  0  51  1  77  2  97  3  29  4  34  5  44  6  9  7  55  8  30  9  64  10  72  11  16  12  38  13  45  14  97  15  84  16  68  17  88  18  55  19  4
  0  45  1  50  2  73  3  31  4  82  5  33  6  89  7  46  8  80  9  78  10  12  11  67  12  19  13  68  14  7  15  14  16  60  17  42  18  6  19  35
  0  85  1  2  2  83  3  78  4  16  5  49  6  87  7  62  8  13  9  84  10  77  11  3  12  41  13  64  14  34  15  76  16  47  17  80  18  46  19  39
  0  81  1  30  2  53  3  31  4  73  5  78  6  51  7  30  8  42  9  33  10  46  11  39  12  74  13  75  14  37  15  21  16  41  17  39  18  58  19  10
  0  11  1  6  2  97  3  70  4  80  5  76  6  4  7  86  8  43  9  31  10  14  11  77  12  57  13  79  14  80  15  5  16  82  17  83  18  86  19  5
  0  5  1  84  2  59  3  44  4  66  5  71  6  40  7  15  8  59  9  85  10  55  11  88  12  71  13  33  14  9  15  11  16  66  17  47  18  81  19  1
  0  58  1  50  2  10  3  84  4  11  5  67  6  86  7  90  8  46  9  21  10  92  11  65  12  83  13  4  14  68  15  2  16  12  17  86  18  68  19  82
  0  76  1  51  2  70  3  92  4  36  5  10  6  25  7  29  8  13  9  79  10  65  11  36  12  60  13  18  14  23  15  36  16  97  17  25  18  10  19  19
  0  96  1  93  2  67  3  45  4  18  5  37  6  89  7  41  8  48  9  34  10  69  11  1  12  55  13  83  14  38  15  36  16  78  17  47  18  79  19  32
  0  40  1  13  2  44  3  85  4  1  5  28  6  9  7  55  8  37  9  70  10  34  11  43  12  99  13  67  14  31  15  75  16  60  17  69  18  38  19  69
  0  91  1  38  2  62  3  94  4  14  5  23  6  41  7  65  8  8  9  18  10  26  11  27  12  76  13  29  14  6  15  18  16  13  17  88  18  95  19  22
  0  2  1  13  2  87  3  48  4  54  5  73  6  21  7  90  8  66  9  25  10  23  11  69  12  42  13  39  14  35  15  43  16  33  17  95  18  5  19  50
  0  62  1  59  2  41  3  24  4  58  5  45  6  31  7  78  8  14  9  23  10  83  11  63  12  24  13  49  14  45  15  40  16  91  17  4  18  98  19  26
  0  2  1  68  2  49  3  99  4  84  5  92  6  45  7  75  8  47  9  20  10  2  11  87  12  15  13  73  14  17  15  35  16  30  17  19  18  97  19  90
  0  5  1  66  2  39  3  60  4  93  5  66  6  26  7  56  8  76  9  20  10  43  11  19  12  38  13  2  14  15  15  96  16  84  17  66  18  21  19  73
  0  49  1  2  2  48  3  1  4  71  5  25  6  69  7  72  8  44  9  48  10  76  11  52  12  66  13  68  14  2  15  45  16  58  17  39  18  95  19  57
  0  6  1  42  2  54  3  8  4  59  5  64  6  16  7  71  8  90  9  42  10  63  11  69  12  92  13  35  14  9  15  40  16  70  17  43  18  35  19  50
  0  58  1  69  2  37  3  40  4  65  5  94  6  81  7  1  8  22  9  33  10  63  11  32  12  9  13  58  14  52  15  32  16  50  17  40  18  41  19  13
  0  34  1  17  2  41  3  47  4  84  5  5  6  88  7  82  8  83  9  23  10  68  11  85  12  42  13  56  14  41  15  6  16  49  17  23  18  57  19  63
  0  50  1  1  2  85  3  95  4  48  5  19  6  79  7  35  8  11  9  46  10  78  11  87  12  31  13  99  14  92  15  44  16  93  17  84  18  43  19  31
  0  14  1  21  2  45  3  94  4  70  5  24  6  47  7  78  8  48  9  46  10  78  11  19  12  62  13  84  14  62  15  90  16  20  17  39  18  96  19  58
  0  42  1  42  2  8  3  37  4  78  5  17  6  29  7  46  8  45  9  35  10  70  11  16  12  99  13  60  14  62  15  97  16  25  17  26  18  9  19  62
  0  77  1  70  2  65  3  6  4  38  5  17  6  40  7  82  8  51  9  95  10  84  11  49  12  58  13  25  14  5  15  80  16  55  17  7  18  31  19  93
  0  20  1  8  2  13  3  93  4  9  5  25  6  37  7  15  8  97  9  53  10  74  11  41  12  34  13  16  14  10  15  14  16  15  17  19  18  11  19  69
  0  5  1  34  2  46  3  51  4  79  5  33  6  41  7  12  8  25  9  21  10  47  11  76  12  60  13  44  14  60  15  46  16  44  17  65  18  6  19  68
  0  88  1  38  2  89  3  70  4  95  5  19  6  70  7  84  8  84  9  1  10  11  11  70  12  72  13  59  14  2  15  15  16  31  17  40  18  84  19  3
  0  35  1  27  2  1  3  37  4  64  5  72  6  48  7  85  8  42  9  96  10  25  11  82  12  2  13  51  14  92  15  87  16  26  17  26  18  79  19  12
  0  2  1  59  2  22  3  33  4  83  5  44  6  94  7  89  8  51  9  63  10  96  11  2  12  12  13  5  14  82  15  68  16  87  17  13  18  55  19  45
  0  70  1  95  2  73  3  81  4  54  5  1  6  18  7  4  8  68  9  2  10  39  11  38  12  75  13  84  14  71  15  33  16  94  17  22  18  88  19  25
  0  81  1  55  2  34  3  34  4  68  5  49  6  53  7  17  8  45  9  70  10  7  11  88  12  30  13  5  14  49  15  93  16  65  17  36  18  96  19  6
  0  53  1  22  2  20  3  60  4  74  5  52  6  32  7  71  8  1  9  91  10  65  11  74  12  73  13  10  14  50  15  1  16  98  17  70  18  45  19  78
  0  8  1  43  2  72  3  6  4  53  5  31  6  68  7  47  8  68  9  45  10  53  11  59  12  88  13  77  14  64  15  27  16  23  17  30  18  23  19  74
  0  25  1  18  2  29  3  91  4  85  5  58  6  93  7  79  8  79  9  90  10  60  11  3  12  5  13  17  14  68  15  12  16  9  17  43  18  72  19  72
  0  97  1  54  2  10  3  6  4  70  5  73  6  84  7  37  8  7  9  71  10  6  11  96  12  26  13  28  14  2  15  34  16  85  17  72  18  8  19  25
  0  70  1  46  2  71  3  88  4  25  5  65  6  56  7  49  8  93  9  75  10  18  11  99  12  2  13  29  14  81  15  62  16  72  17  30  18  63  19  40
TPM
  0  913  1  913  2  913  3  913  4  913  5  913  6  913  7  913  8  913  9  913  10  913  11  913  12  913  13  913  14  913  15  913  16  913  17  913  18  913  19  913
PMT
  0  97  1  32  2  134  3  29  4  141  5  17  6  45  7  87  8  70  9  92  10  46  11  103  12  23  13  133  14  32  15  132  16  18  17  80  18  62  19  129
  0  63  1  41  2  126  3  94  4  49  5  110  6  119  7  34  8  83  9  117  10  79  11  59  12  146  13  20  14  44  15  74  16  81  17  38  18  114  19  35
  0  79  1  114  2  144  3  27  4  57  5  125  6  35  7  7  8  105  9  50  10  113  11  30  12  28  13  91  14  107  15  146  16  78  17  49  18  16  19  88
  0  92  1  100  2  116  3  133  4  93  5  104  6  36  7  30  8  93  9  131  10  38  11  133  12  140  13  6  14  51  15  84  16  73  17  15  18  90  19  137
  0  90  1  70  2  85  3  107  4  31  5  3  6  149  7  58  8  43  9  133  10  116  11  27  12  22  13  85  14  46  15  141  16  109  17  2  18  26  19  138
  0  10  1  125  2  124  3  28  4  99  5  109  6  104  7  67  8  55  9  90  10  129  11  85  12  1  13  37  14  38  15  134  16  117  17  62  18  13  19  38
