100  15
  0  48  1  38  2  58  3  40  4  33  5  70  6  52  7  63  8  34  9  64  10  9  11  82  12  76  13  73  14  5
  0  78  1  60  2  44  3  58  4  46  5  55  6  73  7  85  8  20  9  52  10  74  11  7  12  30  13  56  14  20
  0  25  1  60  2  7  3  55  4  53  5  27  6  61  7  90  8  71  9  81  10  77  11  32  12  14  13  32  14  85
  0  97  1  44  2  17  3  23  4  26  5  53  6  79  7  81  8  85  9  89  10  35  11  4  12  36  13  16  14  16
  0  90  1  98  2  40  3  51  4  45  5  33  6  68  7  2  8  51  9  37  10  84  11  69  12  48  13  20  14  45
  0  44  1  71  2  90  3  45  4  57  5  60  6  90  7  3  8  62  9  49  10  54  11  55  12  50  13  1  14  59
  0  76  1  81  2  49  3  28  4  47  5  88  6  45  7  72  8  47  9  65  10  44  11  94  12  47  13  83  14  63
  0  2  1  16  2  67  3  3  4  78  5  75  6  22  7  13  8  26  9  74  10  24  11  40  12  85  13  50  14  88
  0  94  1  78  2  99  3  77  4  20  5  32  6  1  7  33  8  55  9  94  10  33  11  26  12  17  13  41  14  88
  0  62  1  54  2  25  3  86  4  4  5  35  6  31  7  27  8  62  9  84  10  37  11  40  12  2  13  77  14  81
  0  18  1  54  2  47  3  99  4  50  5  12  6  78  7  79  8  83  9  81  10  83  11  42  12  72  13  98  14  88
  0  50  1  16  2  28  3  66  4  3  5  74  6  16  7  15  8  66  9  21  10  65  11  43  12  51  13  68  14  41
  0  24  1  37  2  78  3  35  4  37  5  96  6  45  7  48  8  90  9  84  10  3  11  60  12  8  13  76  14  13
  0  8  1  13  2  91  3  12  4  83  5  60  6  22  7  45  8  23  9  76  10  46  11  2  12  50  13  20  14  16
  0  34  1  93  2  79  3  46  4  28  5  4  6  56  7  18  8  49  9  11  10  11  11  6  12  92  13  29  14  65
  0  79  1  1  2  84  3  87  4  30  5  37  6  18  7  9  8  39  9  16  10  3  11  44  12  75  13  44  14  67
  0  12  1  98  2  12  3  21  4  84  5  93  6  41  7  12  8  10  9  77  10  82  11  81  12  82  13  48  14  15
  0  82  1  59  2  54  3  89  4  69  5  45  6  24  7  28  8  1  9  1  10  79  11  57  12  89  13  31  14  10
  0  46  1  3  2  78  3  86  4  77  5  90  6  18  7  63  8  66  9  96  10  18  11  64  12  15  13  98  14  38
  0  62  1  56  2  45  3  57  4  23  5  29  6  8  7  61  8  29  9  96  10  83  11  36  12  41  13  89  14  77
  0  38  1  44  2  34  3  73  4  43  5  88  6  8  7  78  8  96  9  33  10  30  11  77  12  14  13  33  14  69
  0  60  1  98  2  43  3  32  4  75  5  89  6  29  7  74  8  56  9  47  10  96  11  35  12  4  13  33  14  89
  0  86  1  16  2  57  3  22  4  60  5  29  6  95  7  32  8  83  9  68  10  79  11  75  12  36  13  57  14  46
  0  11  1  18  2  19  3  74  4  32  5  82  6  67  7  52  8  37  9  79  10  77  11  54  12  71  13  7  14  78
  0  19  1  63  2  71  3  14  4  69  5  33  6  5  7  52  8  86  9  65  10  85  11  53  12  62  13  58  14  63
  0  19  1  76  2  97  3  85  4  88  5  67  6  14  7  74  8  42  9  4  10  30  11  1  12  41  13  73  14  94
  0  56  1  10  2  40  3  69  4  20  5  38  6  43  7  10  8  72  9  59  10  33  11  58  12  94  13  31  14  79
  0  47  1  67  2  32  3  80  4  58  5  50  6  39  7  64  8  21  9  3  10  59  11  68  12  12  13  97  14  26
  0  36  1  4  2  2  3  82  4  54  5  85  6  60  7  13  8  36  9  32  10  94  11  98  12  16  13  1  14  96
  0  11  1  6  2  98  3  81  4  46  5  50  6  33  7  38  8  97  9  43  10  29  11  88  12  8  13  33  14  7
  0  29  1  19  2  9  3  29  4  40  5  62  6  33  7  61  8  70  9  19  10  95  11  23  12  32  13  52  14  78
  0  1  1  75  2  6  3  55  4  69  5  15  6  94  7  87  8  30  9  31  10  52  11  71  12  60  13  77  14  10
  0  49  1  60  2  56  3  14  4  99  5  97  6  43  7  98  8  62  9  14  10  80  11  96  12  59  13  52  14  69
  0  34  1  30  2  89  3  20  4  41  5  79  6  8  7  53  8  93  9  12  10  27  11  58  12  44  13  5  14  82
  0  43  1  23  2  32  3  38  4  42  5  12  6  57  7  32  8  60  9  26  10  43  11  33  12  74  13  44  14  52
  0  35  1  18  2  90  3  42  4  17  5  17  6  46  7  69  8  59  9  58  10  42  11  55  12  73  13  4  14  76
  0  88  1  8  2  87  3  34  4  62  5  24  6  51  7  24  8  66  9  51  10  17  11  58  12  88  13  77  14  83
  0  17  1  88  2  32  3  16  4  2  5  53  6  53  7  58  8  59  9  57  10  63  11  69  12  23  13  64  14  88
  0  2  1  8  2  56  3  93  4  35  5  64  6  81  7  24  8  50  9  66  10  53  11  65  12  15  13  93  14  29
  0  77  1  94  2  27  3  71  4  49  5  30  6  80  7  62  8  89  9  34  10  29  11  12  12  56  13  3  14  98
  0  99  1  62  2  38  3  55  4  31  5  44  6  40  7  67  8  99  9  65  10  6  11  65  12  80  13  85  14  33
  0  13  1  6  2  31  3  43  4  47  5  94  6  35  7  50  8  71  9  35  10  37  11  39  12  7  13  41  14  69
  0  48  1  19  2  35  3  55  4  49  5  94  6  26  7  7  8  82  9  32  10  87  11  92  12  86  13  54  14  52
  0  13  1  27  2  80  3  74  4  11  5  19  6  5  7  39  8  87  9  94  10  54  11  99  12  28  13  68  14  56
  0  93  1  28  2  76  3  13  4  59  5  96  6  26  7  58  8  41  9  75  10  69  11  76  12  80  13  73  14  65
  0  73  1  10  2  48  3  28  4  44  5  8  6  55  7  59  8  86  9  75  10  48  11  10  12  39  13  49  14  12
  0  17  1  47  2  56  3  53  4  31  5  92  6  74  7  88  8  9  9  36  10  67  11  89  12  33  13  53  14  78
  0  94  1  12  2  70  3  36  4  84  5  45  6  31  7  89  8  76  9  58  10  38  11  64  12  4  13  64  14  69
  0  40  1  63  2  83  3  56  4  54  5  63  6  34  7  55  8  99  9  1  10  87  11  76  12  84  13  34  14  32
  0  48  1  46  2  64  3  2  4  5  5  51  6  12  7  62  8  54  9  17  10  55  11  58  12  60  13  54  14  84
  0  58  1  23  2  94  3  73  4  68  5  70  6  52  7  70  8  84  9  78  10  62  11  73  12  9  13  86  14  60
  0  38  1  54  2  78  3  12  4  9  5  10  6  38  7  13  8  15  9  42  10  9  11  5  12  42  13  52  14  15
  0  83  1  70  2  15  3  10  4  96  5  54  6  72  7  82  8  56  9  80  10  57  11  25  12  10  13  21  14  66
  0  30  1  52  2  76  3  12  4  95  5  66  6  76  7  13  8  44  9  21  10  73  11  23  12  73  13  79  14  60
  0  87  1  18  2  79  3  82  4  85  5  70  6  95  7  41  8  96  9  92  10  7  11  96  12  2  13  38  14  99
  0  23  1  8  2  28  3  8  4  69  5  43  6  83  7  66  8  35  9  89  10  2  11  14  12  63  13  18  14  8
  0  81  1  1  2  62  3  46  4  56  5  88  6  48  7  80  8  6  9  85  10  48  11  12  12  87  13  18  14  48
  0  45  1  5  2  32  3  30  4  61  5  61  6  83  7  15  8  59  9  33  10  73  11  20  12  1  13  66  14  55
  0  19  1  56  2  65  3  25  4  25  5  33  6  21  7  4  8  6  9  48  10  3  11  61  12  31  13  54  14  20
  0  37  1  99  2  56  3  14  4  71  5  85  6  66  7  39  8  29  9  20  10  70  11  48  12  2  13  84  14  34
  0  95  1  15  2  94  3  44  4  1  5  67  6  75  7  70  8  67  9  84  10  89  11  15  12  28  13  62  14  53
  0  46  1  63  2  43  3  38  4  64  5  25  6  34  7  73  8  38  9  53  10  61  11  75  12  1  13  63  14  46
  0  69  1  8  2  55  3  4  4  87  5  80  6  71  7  31  8  67  9  7  10  78  11  36  12  57  13  53  14  87
  0  5  1  23  2  19  3  17  4  20  5  20  6  44  7  56  8  81  9  48  10  31  11  7  12  84  13  29  14  65
  0  88  1  59  2  56  3  31  4  40  5  78  6  21  7  58  8  73  9  87  10  5  11  49  12  27  13  7  14  91
  0  70  1  50  2  21  3  52  4  14  5  19  6  47  7  80  8  54  9  35  10  48  11  15  12  54  13  93  14  44
  0  51  1  11  2  1  3  9  4  33  5  25  6  83  7  91  8  89  9  52  10  18  11  81  12  42  13  62  14  73
  0  92  1  5  2  5  3  50  4  66  5  51  6  78  7  48  8  98  9  30  10  36  11  6  12  38  13  28  14  78
  0  91  1  31  2  41  3  18  4  41  5  85  6  86  7  15  8  55  9  89  10  69  11  19  12  31  13  27  14  86
  0  69  1  69  2  33  3  31  4  29  5  85  6  17  7  35  8  68  9  20  10  45  11  55  12  14  13  24  14  26
  0  96  1  29  2  73  3  85  4  23  5  1  6  14  7  98  8  8  9  36  10  68  11  16  12  10  13  99  14  51
  0  8  1  97  2  49  3  54  4  12  5  36  6  47  7  16  8  68  9  19  10  47  11  89  12  51  13  21  14  92
  0  63  1  54  2  80  3  89  4  96  5  87  6  50  7  5  8  86  9  81  10  86  11  30  12  72  13  8  14  39
  0  17  1  33  2  78  3  84  4  42  5  56  6  61  7  9  8  98  9  68  10  35  11  19  12  85  13  53  14  77
  0  67  1  64  2  7  3  39  4  89  5  4  6  10  7  68  8  1  9  10  10  93  11  82  12  15  13  49  14  56
  0  99  1  60  2  76  3  43  4  63  5  9  6  43  7  93  8  56  9  65  10  51  11  33  12  54  13  54  14  64
  0  42  1  80  2  12  3  1  4  56  5  64  6  86  7  70  8  50  9  98  10  78  11  28  12  32  13  75  14  88
  0  50  1  48  2  18  3  53  4  67  5  63  6  59  7  85  8  6  9  72  10  18  11  50  12  11  13  62  14  82
  0  43  1  69  2  32  3  12  4  46  5  56  6  24  7  86  8  85  9  48  10  44  11  98  12  16  13  3  14  60
  0  49  1  3  2  98  3  16  4  88  5  75  6  62  7  88  8  30  9  77  10  42  11  87  12  13  13  33  14  11
  0  74  1  96  2  9  3  96  4  32  5  17  6  43  7  69  8  38  9  31  10  52  11  51  12  7  13  32  14  70
  0  13  1  6  2  18  3  54  4  70  5  65  6  29  7  60  8  15  9  29  10  12  11  2  12  22  13  26  14  52
  0  9  1  23  2  52  3  92  4  74  5  47  6  94  7  38  8  47  9  60  10  39  11  93  12  4  13  54  14  42
  0  9  1  27  2  67  3  55  4  12  5  42  6  44  7  41  8  55  9  18  10  62  11  9  12  12  13  26  14  71
  0  60  1  94  2  2  3  47  4  41  5  89  6  62  7  33  8  9  9  12  10  81  11  34  12  84  13  39  14  10
  0  87  1  44  2  82  3  96  4  10  5  63  6  85  7  66  8  12  9  29  10  76  11  34  12  24  13  64  14  5
  0  70  1  77  2  54  3  41  4  59  5  18  6  51  7  24  8  2  9  71  10  5  11  71  12  48  13  76  14  43
  0  7  1  88  2  41  3  94  4  54  5  16  6  17  7  47  8  11  9  29  10  68  11  52  12  97  13  71  14  4
  0  49  1  38  2  6  3  80  4  58  5  40  6  60  7  3  8  56  9  54  10  18  11  89  12  49  13  45  14  21
  0  56  1  98  2  2  3  14  4  61  5  66  6  69  7  50  8  95  9  86  10  81  11  34  12  21  13  73  14  19
  0  71  1  87  2  29  3  29  4  54  5  83  6  16  7  84  8  5  9  3  10  94  11  59  12  41  13  20  14  50
  0  54  1  54  2  26  3  49  4  1  5  8  6  52  7  20  8  18  9  90  10  89  11  28  12  11  13  86  14  81
  0  93  1  37  2  49  3  43  4  82  5  65  6  90  7  44  8  55  9  12  10  23  11  49  12  69  13  37  14  2
  0  6  1  53  2  19  3  77  4  20  5  7  6  53  7  47  8  77  9  4  10  36  11  54  12  71  13  80  14  32
  0  92  1  70  2  54  3  42  4  96  5  21  6  4  7  3  8  41  9  78  10  96  11  7  12  70  13  10  14  45
  0  7  1  33  2  95  3  44  4  52  5  95  6  57  7  98  8  75  9  56  10  55  11  57  12  5  13  84  14  50
  0  17  1  1  2  60  3  16  4  34  5  21  6  84  7  57  8  3  9  71  10  82  11  61  12  47  13  96  14  29
  0  81  1  54  2  7  3  68  4  47  5  46  6  62  7  92  8  37  9  63  10  56  11  14  12  66  13  9  14  51
  0  52  1  63  2  74  3  89  4  1  5  55  6  53  7  55  8  58  9  67  10  99  11  69  12  43  13  24  14  6
  0  58  1  9  2  96  3  89  4  98  5  44  6  25  7  24  8  55  9  27  10  43  11  55  12  53  13  50  14  44
TPM
  0  1446  1  1446  2  1446  3  1446  4  1446  5  1446  6  1446  7  1446  8  1446  9  1446  10  1446  11  1446  12  1446  13  1446  14  1446
PMT
  0  55  1  36  2  41  3  64  4  41  5  70  6  18  7  24  8  51  9  16  10  30  11  39  12  24  13  48  14  3
  0  43  1  43  2  7  3  32  4  14  5  8  6  45  7  71  8  3  9  59  10  22  11  26  12  32  13  32  14  71
  0  35  1  63  2  45  3  8  4  11  5  17  6  18  7  22  8  32  9  72  10  58  11  69  12  22  13  69  14  37
  0  71  1  72  2  6  3  59  4  11  5  70  6  33  7  29  8  70  9  47  10  46  11  41  12  60  13  21  14  61
  0  7  1  61  2  27  3  28  4  46  5  2  6  62  7  9  8  9  9  23  10  53  11  9  12  13  13  27  14  2
  0  42  1  12  2  53  3  5  4  60  5  26  6  64  7  39  8  4  9  46  10  14  11  64  12  67  13  22  14  73
  0  70  1  71  2  37  3  62  4  2  5  9  6  46  7  24  8  28  9  19  10  8  11  41  12  20  13  32  14  45
