50  10
  0  53  1  56  2  52  3  1  4  69  5  58  6  14  7  31  8  15  9  78
  0  97  1  64  2  7  3  14  4  10  5  90  6  2  7  3  8  94  9  75
  0  20  1  38  2  78  3  21  4  11  5  9  6  31  7  22  8  20  9  97
  0  55  1  43  2  15  3  27  4  36  5  15  6  80  7  10  8  13  9  51
  0  94  1  58  2  64  3  98  4  57  5  71  6  14  7  11  8  9  9  70
  0  83  1  82  2  75  3  78  4  80  5  85  6  35  7  72  8  66  9  12
  0  67  1  15  2  63  3  92  4  60  5  81  6  91  7  65  8  65  9  29
  0  25  1  95  2  30  3  59  4  47  5  86  6  56  7  92  8  14  9  25
  0  52  1  38  2  50  3  47  4  87  5  38  6  65  7  29  8  58  9  19
  0  54  1  34  2  31  3  75  4  93  5  58  6  19  7  64  8  85  9  77
  0  4  1  97  2  92  3  77  4  18  5  56  6  64  7  9  8  43  9  57
  0  49  1  18  2  84  3  50  4  49  5  39  6  41  7  32  8  56  9  45
  0  73  1  99  2  76  3  85  4  32  5  71  6  36  7  77  8  13  9  68
  0  14  1  15  2  38  3  17  4  64  5  18  6  96  7  21  8  10  9  27
  0  70  1  15  2  11  3  28  4  45  5  95  6  64  7  61  8  86  9  98
  0  74  1  31  2  12  3  56  4  91  5  47  6  6  7  62  8  31  9  44
  0  51  1  29  2  96  3  71  4  76  5  10  6  87  7  42  8  40  9  20
  0  56  1  86  2  5  3  87  4  41  5  54  6  64  7  9  8  6  9  48
  0  38  1  93  2  43  3  93  4  43  5  29  6  34  7  79  8  99  9  79
  0  72  1  11  2  33  3  30  4  82  5  72  6  88  7  19  8  12  9  86
  0  65  1  16  2  51  3  18  4  27  5  65  6  33  7  54  8  59  9  68
  0  9  1  68  2  72  3  96  4  88  5  47  6  78  7  52  8  16  9  28
  0  77  1  25  2  4  3  87  4  46  5  97  6  47  7  77  8  10  9  5
  0  87  1  95  2  25  3  66  4  20  5  31  6  32  7  12  8  32  9  40
  0  39  1  2  2  37  3  23  4  33  5  4  6  36  7  15  8  64  9  57
  0  25  1  20  2  15  3  70  4  23  5  42  6  68  7  4  8  88  9  79
  0  39  1  53  2  68  3  19  4  12  5  23  6  63  7  22  8  29  9  57
  0  36  1  85  2  98  3  77  4  78  5  45  6  26  7  34  8  17  9  25
  0  88  1  69  2  26  3  68  4  5  5  56  6  76  7  99  8  65  9  68
  0  37  1  4  2  40  3  66  4  9  5  16  6  59  7  35  8  60  9  65
  0  40  1  4  2  91  3  18  4  25  5  12  6  49  7  2  8  21  9  26
  0  58  1  16  2  79  3  8  4  60  5  64  6  50  7  97  8  63  9  45
  0  92  1  53  2  45  3  9  4  40  5  67  6  63  7  54  8  37  9  45
  0  64  1  23  2  3  3  24  4  1  5  27  6  91  7  66  8  92  9  91
  0  52  1  38  2  93  3  34  4  1  5  90  6  45  7  84  8  70  9  74
  0  35  1  19  2  93  3  68  4  93  5  83  6  30  7  1  8  90  9  7
  0  57  1  92  2  7  3  37  4  68  5  61  6  14  7  56  8  63  9  45
  0  77  1  48  2  18  3  49  4  56  5  33  6  58  7  27  8  75  9  88
  0  99  1  41  2  92  3  20  4  3  5  66  6  90  7  52  8  65  9  30
  0  49  1  57  2  67  3  12  4  94  5  33  6  1  7  29  8  33  9  9
  0  92  1  3  2  97  3  35  4  80  5  59  6  79  7  72  8  96  9  26
  0  21  1  19  2  84  3  21  4  91  5  6  6  41  7  47  8  69  9  72
  0  66  1  42  2  99  3  94  4  56  5  30  6  14  7  19  8  80  9  10
  0  16  1  47  2  21  3  34  4  77  5  51  6  67  7  88  8  1  9  24
  0  96  1  87  2  31  3  99  4  85  5  7  6  37  7  91  8  20  9  55
  0  89  1  32  2  15  3  39  4  4  5  18  6  52  7  74  8  23  9  86
  0  1  1  58  2  65  3  88  4  79  5  81  6  63  7  26  8  67  9  76
  0  57  1  61  2  82  3  10  4  28  5  38  6  79  7  63  8  84  9  49
  0  41  1  79  2  39  3  54  4  59  5  48  6  26  7  32  8  20  9  64
  0  61  1  9  2  68  3  97  4  42  5  10  6  88  7  33  8  33  9  24
TPM
  0  913  1  913  2  913  3  913  4  913  5  913  6  913  7  913  8  913  9  913
PMT
  0  18  1  41  2  44  3  36  4  7  5  42  6  7  7  12  8  27  9  13
  0  22  1  5  2  46  3  28  4  16  5  46  6  6  7  7  8  16  9  26
  0  33  1  7  2  20  3  22  4  2  5  11  6  27  7  23  8  29  9  11
  0  42  1  20  2  46  3  45  4  19  5  23  6  45  7  1  8  31  9  16
  0  7  1  47  2  38  3  29  4  28  5  33  6  3  7  18  8  23  9  2
  0  42  1  48  2  19  3  17  4  27  5  15  6  22  7  48  8  30  9  44
