500  20
  0  68  1  72  2  25  3  44  4  79  5  28  6  80  7  5  8  23  9  17  10  63  11  59  12  46  13  95  14  60  15  44  16  71  17  66  18  84  19  40
  0  12  1  36  2  48  3  49  4  82  5  66  6  69  7  93  8  8  9  3  10  91  11  38  12  45  13  2  14  85  15  63  16  84  17  98  18  62  19  51
  0  80  1  82  2  13  3  55  4  31  5  74  6  57  7  63  8  17  9  14  10  70  11  90  12  51  13  15  14  8  15  33  16  19  17  38  18  59  19  95
  0  95  1  93  2  96  3  72  4  75  5  66  6  2  7  17  8  53  9  28  10  78  11  63  12  37  13  89  14  94  15  70  16  90  17  94  18  8  19  93
  0  20  1  64  2  62  3  23  4  62  5  42  6  72  7  28  8  54  9  94  10  21  11  4  12  60  13  78  14  36  15  11  16  2  17  75  18  44  19  46
  0  30  1  40  2  83  3  98  4  15  5  35  6  44  7  62  8  44  9  40  10  73  11  25  12  68  13  48  14  45  15  47  16  25  17  3  18  96  19  96
  0  31  1  32  2  75  3  17  4  27  5  76  6  46  7  24  8  7  9  30  10  60  11  77  12  78  13  28  14  82  15  71  16  25  17  65  18  20  19  20
  0  74  1  16  2  15  3  54  4  88  5  88  6  78  7  52  8  31  9  50  10  87  11  57  12  78  13  93  14  72  15  65  16  86  17  28  18  64  19  87
  0  13  1  27  2  73  3  17  4  72  5  56  6  32  7  54  8  68  9  70  10  11  11  64  12  30  13  48  14  97  15  88  16  49  17  6  18  1  19  15
  0  87  1  8  2  1  3  86  4  18  5  65  6  87  7  12  8  93  9  93  10  30  11  86  12  81  13  59  14  85  15  56  16  2  17  58  18  40  19  77
  0  35  1  83  2  28  3  52  4  22  5  81  6  85  7  41  8  54  9  16  10  25  11  89  12  18  13  71  14  48  15  18  16  58  17  81  18  22  19  53
  0  66  1  52  2  84  3  13  4  13  5  15  6  73  7  67  8  69  9  39  10  68  11  30  12  2  13  87  14  14  15  70  16  26  17  82  18  45  19  33
  0  49  1  28  2  41  3  17  4  56  5  4  6  88  7  44  8  97  9  20  10  4  11  18  12  88  13  7  14  70  15  68  16  45  17  76  18  89  19  7
  0  93  1  73  2  28  3  58  4  38  5  7  6  33  7  38  8  80  9  37  10  46  11  94  12  17  13  50  14  18  15  19  16  52  17  42  18  36  19  14
  0  23  1  4  2  87  3  68  4  7  5  78  6  32  7  60  8  57  9  24  10  65  11  14  12  5  13  7  14  82  15  64  16  99  17  13  18  80  19  11
  0  91  1  51  2  57  3  61  4  80  5  81  6  97  7  2  8  69  9  89  10  53  11  37  12  11  13  2  14  55  15  99  16  31  17  9  18  14  19  5
  0  66  1  30  2  7  3  9  4  50  5  53  6  46  7  11  8  33  9  22  10  74  11  72  12  26  13  53  14  50  15  79  16  2  17  20  18  1  19  51
  0  85  1  23  2  57  3  78  4  26  5  28  6  15  7  38  8  36  9  58  10  64  11  25  12  28  13  64  14  98  15  97  16  88  17  1  18  84  19  18
  0  72  1  95  2  61  3  43  4  16  5  87  6  98  7  1  8  81  9  56  10  24  11  41  12  91  13  87  14  15  15  60  16  23  17  42  18  1  19  45
  0  62  1  11  2  32  3  53  4  39  5  90  6  99  7  67  8  92  9  4  10  18  11  61  12  42  13  42  14  15  15  74  16  57  17  24  18  76  19  85
  0  60  1  78  2  40  3  23  4  94  5  1  6  43  7  65  8  46  9  49  10  74  11  13  12  12  13  68  14  67  15  28  16  33  17  69  18  46  19  86
  0  51  1  88  2  14  3  77  4  54  5  13  6  34  7  51  8  10  9  49  10  60  11  4  12  17  13  69  14  98  15  34  16  13  17  48  18  15  19  32
  0  27  1  98  2  23  3  67  4  52  5  54  6  23  7  97  8  83  9  56  10  52  11  10  12  67  13  53  14  93  15  58  16  13  17  6  18  44  19  89
  0  97  1  72  2  28  3  30  4  68  5  5  6  27  7  93  8  82  9  87  10  50  11  56  12  87  13  85  14  61  15  68  16  13  17  12  18  50  19  17
  0  4  1  1  2  7  3  71  4  54  5  63  6  31  7  56  8  7  9  63  10  98  11  41  12  10  13  20  14  58  15  48  16  72  17  60  18  28  19  3
  0  49  1  44  2  23  3  93  4  39  5  51  6  30  7  6  8  91  9  3  10  6  11  48  12  44  13  49  14  76  15  90  16  44  17  57  18  49  19  77
  0  17  1  74  2  76  3  87  4  97  5  42  6  32  7  50  8  25  9  3  10  80  11  48  12  75  13  18  14  58  15  56  16  79  17  82  18  96  19  6
  0  45  1  13  2  46  3  62  4  96  5  42  6  4  7  69  8  79  9  43  10  24  11  89  12  14  13  72  14  82  15  45  16  76  17  7  18  32  19  36
  0  62  1  95  2  41  3  95  4  38  5  74  6  33  7  15  8  98  9  9  10  54  11  24  12  98  13  46  14  30  15  37  16  90  17  16  18  8  19  89
  0  20  1  96  2  83  3  18  4  53  5  37  6  50  7  62  8  29  9  5  10  41  11  13  12  57  13  98  14  41  15  97  16  27  17  54  18  75  19  97
  0  75  1  8  2  24  3  51  4  39  5  26  6  16  7  60  8  93  9  3  10  85  11  21  12  36  13  68  14  6  15  42  16  85  17  91  18  37  19  21
  0  98  1  44  2  47  3  95  4  25  5  66  6  91  7  86  8  45  9  63  10  63  11  89  12  74  13  1  14  52  15  10  16  18  17  98  18  66  19  25
  0  16  1  29  2  8  3  12  4  16  5  76  6  22  7  3  8  44  9  6  10  29  11  35  12  93  13  55  14  35  15  9  16  17  17  48  18  76  19  77
  0  13  1  81  2  31  3  34  4  53  5  55  6  14  7  56  8  50  9  27  10  42  11  33  12  3  13  18  14  25  15  94  16  57  17  9  18  13  19  97
  0  57  1  95  2  38  3  51  4  85  5  88  6  94  7  80  8  24  9  88  10  59  11  71  12  61  13  58  14  58  15  34  16  56  17  84  18  9  19  78
  0  16  1  98  2  11  3  94  4  41  5  85  6  62  7  85  8  76  9  25  10  14  11  82  12  37  13  19  14  3  15  49  16  14  17  15  18  16  19  51
  0  76  1  28  2  79  3  49  4  37  5  13  6  81  7  48  8  18  9  46  10  63  11  96  12  58  13  18  14  36  15  26  16  55  17  47  18  21  19  81
  0  2  1  55  2  9  3  70  4  88  5  83  6  88  7  42  8  76  9  25  10  90  11  66  12  46  13  3  14  50  15  74  16  99  17  34  18  85  19  93
  0  60  1  42  2  30  3  66  4  85  5  12  6  85  7  54  8  10  9  9  10  80  11  64  12  74  13  98  14  35  15  33  16  5  17  39  18  85  19  75
  0  39  1  29  2  11  3  81  4  40  5  43  6  65  7  95  8  25  9  83  10  9  11  45  12  97  13  22  14  89  15  73  16  68  17  25  18  30  19  12
  0  8  1  74  2  95  3  97  4  52  5  26  6  80  7  97  8  65  9  82  10  13  11  27  12  30  13  60  14  74  15  57  16  6  17  75  18  92  19  43
  0  2  1  89  2  40  3  35  4  29  5  79  6  49  7  38  8  44  9  26  10  38  11  40  12  91  13  44  14  99  15  28  16  6  17  77  18  84  19  51
  0  44  1  54  2  15  3  9  4  43  5  68  6  74  7  64  8  31  9  21  10  77  11  30  12  31  13  54  14  19  15  55  16  46  17  53  18  41  19  12
  0  13  1  2  2  84  3  86  4  42  5  11  6  99  7  84  8  19  9  63  10  40  11  39  12  97  13  41  14  64  15  63  16  35  17  27  18  12  19  80
  0  41  1  96  2  42  3  51  4  30  5  47  6  38  7  52  8  28  9  27  10  24  11  81  12  36  13  57  14  40  15  8  16  80  17  64  18  80  19  80
  0  89  1  65  2  88  3  63  4  77  5  76  6  56  7  67  8  26  9  29  10  84  11  89  12  1  13  15  14  83  15  86  16  30  17  12  18  42  19  34
  0  43  1  33  2  85  3  65  4  44  5  23  6  82  7  70  8  66  9  89  10  4  11  11  12  33  13  35  14  25  15  84  16  20  17  36  18  18  19  32
  0  3  1  84  2  93  3  87  4  15  5  83  6  76  7  95  8  75  9  57  10  26  11  63  12  48  13  44  14  38  15  12  16  29  17  44  18  88  19  44
  0  96  1  66  2  9  3  52  4  74  5  92  6  95  7  19  8  53  9  44  10  98  11  98  12  12  13  30  14  43  15  74  16  25  17  4  18  73  19  25
  0  26  1  66  2  36  3  63  4  91  5  80  6  20  7  7  8  45  9  90  10  35  11  11  12  11  13  71  14  9  15  66  16  55  17  33  18  97  19  44
  0  92  1  67  2  76  3  42  4  68  5  16  6  36  7  58  8  15  9  75  10  3  11  1  12  53  13  92  14  71  15  12  16  7  17  10  18  96  19  66
  0  14  1  51  2  4  3  57  4  84  5  73  6  94  7  95  8  29  9  16  10  81  11  91  12  44  13  20  14  55  15  70  16  49  17  18  18  78  19  56
  0  5  1  90  2  66  3  32  4  45  5  56  6  80  7  48  8  20  9  41  10  62  11  40  12  20  13  34  14  75  15  78  16  34  17  40  18  36  19  68
  0  67  1  74  2  46  3  55  4  1  5  60  6  65  7  25  8  95  9  29  10  78  11  92  12  55  13  39  14  48  15  13  16  3  17  52  18  67  19  66
  0  44  1  31  2  35  3  10  4  11  5  67  6  33  7  79  8  14  9  32  10  75  11  91  12  51  13  13  14  45  15  81  16  46  17  91  18  64  19  78
  0  12  1  63  2  44  3  2  4  65  5  5  6  4  7  18  8  41  9  42  10  82  11  19  12  82  13  82  14  60  15  89  16  99  17  2  18  62  19  71
  0  17  1  6  2  34  3  58  4  78  5  3  6  81  7  79  8  54  9  64  10  36  11  38  12  69  13  56  14  86  15  21  16  73  17  66  18  68  19  5
  0  88  1  59  2  33  3  19  4  28  5  40  6  10  7  29  8  61  9  8  10  49  11  71  12  77  13  14  14  10  15  43  16  60  17  89  18  12  19  13
  0  84  1  72  2  91  3  43  4  1  5  62  6  18  7  99  8  57  9  98  10  53  11  17  12  89  13  9  14  73  15  33  16  59  17  98  18  82  19  8
  0  38  1  73  2  81  3  9  4  66  5  4  6  77  7  3  8  23  9  85  10  42  11  5  12  87  13  55  14  66  15  64  16  3  17  56  18  51  19  94
  0  33  1  71  2  44  3  76  4  1  5  63  6  12  7  88  8  47  9  93  10  4  11  38  12  34  13  11  14  49  15  17  16  95  17  17  18  85  19  79
  0  4  1  75  2  32  3  36  4  4  5  98  6  25  7  8  8  37  9  35  10  3  11  67  12  56  13  50  14  5  15  90  16  93  17  68  18  8  19  69
  0  52  1  9  2  25  3  68  4  18  5  49  6  41  7  38  8  16  9  92  10  63  11  94  12  57  13  15  14  90  15  43  16  61  17  34  18  56  19  10
  0  31  1  13  2  88  3  90  4  22  5  96  6  77  7  49  8  53  9  38  10  72  11  18  12  21  13  72  14  25  15  77  16  22  17  41  18  53  19  24
  0  14  1  63  2  13  3  55  4  51  5  27  6  80  7  24  8  78  9  35  10  78  11  42  12  72  13  27  14  27  15  43  16  63  17  64  18  78  19  25
  0  79  1  57  2  68  3  34  4  90  5  58  6  8  7  75  8  43  9  56  10  76  11  31  12  20  13  57  14  16  15  49  16  67  17  8  18  14  19  31
  0  61  1  25  2  33  3  8  4  16  5  33  6  38  7  13  8  53  9  7  10  99  11  71  12  86  13  81  14  9  15  76  16  88  17  83  18  5  19  8
  0  42  1  88  2  9  3  26  4  1  5  99  6  28  7  49  8  99  9  22  10  56  11  77  12  6  13  68  14  91  15  43  16  79  17  8  18  43  19  92
  0  4  1  69  2  14  3  29  4  2  5  36  6  60  7  59  8  29  9  15  10  75  11  52  12  44  13  47  14  46  15  83  16  61  17  9  18  83  19  10
  0  60  1  7  2  24  3  31  4  96  5  78  6  48  7  16  8  45  9  50  10  65  11  87  12  66  13  93  14  65  15  16  16  65  17  18  18  40  19  56
  0  17  1  59  2  3  3  20  4  38  5  66  6  87  7  83  8  49  9  98  10  90  11  66  12  70  13  67  14  85  15  20  16  8  17  12  18  27  19  28
  0  58  1  75  2  29  3  7  4  29  5  17  6  79  7  38  8  35  9  91  10  16  11  98  12  45  13  72  14  98  15  52  16  76  17  98  18  34  19  17
  0  48  1  79  2  38  3  41  4  69  5  80  6  59  7  30  8  3  9  70  10  77  11  16  12  30  13  22  14  61  15  68  16  23  17  72  18  54  19  81
  0  79  1  95  2  9  3  76  4  97  5  54  6  1  7  26  8  76  9  16  10  86  11  79  12  81  13  56  14  87  15  35  16  9  17  91  18  17  19  2
  0  33  1  3  2  75  3  44  4  33  5  49  6  88  7  99  8  14  9  86  10  66  11  15  12  82  13  35  14  90  15  35  16  44  17  50  18  73  19  50
  0  20  1  12  2  49  3  77  4  12  5  30  6  79  7  36  8  54  9  20  10  81  11  39  12  40  13  1  14  23  15  14  16  7  17  33  18  42  19  33
  0  11  1  84  2  70  3  89  4  43  5  88  6  84  7  79  8  46  9  51  10  7  11  65  12  52  13  99  14  28  15  24  16  40  17  96  18  30  19  11
  0  85  1  51  2  27  3  97  4  53  5  4  6  49  7  59  8  52  9  73  10  50  11  12  12  59  13  82  14  93  15  42  16  72  17  3  18  65  19  73
  0  54  1  92  2  18  3  47  4  81  5  14  6  27  7  38  8  8  9  46  10  31  11  11  12  96  13  43  14  78  15  95  16  92  17  94  18  11  19  45
  0  37  1  90  2  46  3  84  4  45  5  95  6  43  7  89  8  96  9  95  10  59  11  35  12  5  13  56  14  52  15  2  16  81  17  8  18  57  19  48
  0  95  1  65  2  52  3  70  4  96  5  25  6  14  7  7  8  65  9  4  10  88  11  69  12  89  13  21  14  65  15  9  16  91  17  32  18  1  19  32
  0  55  1  55  2  46  3  43  4  28  5  68  6  79  7  69  8  89  9  56  10  27  11  92  12  20  13  36  14  40  15  8  16  7  17  93  18  61  19  62
  0  70  1  4  2  92  3  64  4  7  5  27  6  42  7  49  8  62  9  96  10  27  11  53  12  4  13  41  14  54  15  34  16  40  17  1  18  96  19  23
  0  8  1  54  2  47  3  14  4  41  5  35  6  17  7  21  8  63  9  18  10  3  11  53  12  93  13  14  14  57  15  93  16  46  17  86  18  13  19  79
  0  60  1  89  2  56  3  20  4  10  5  79  6  65  7  2  8  46  9  71  10  28  11  68  12  2  13  17  14  32  15  64  16  54  17  35  18  80  19  92
  0  18  1  37  2  69  3  26  4  10  5  1  6  45  7  54  8  29  9  1  10  18  11  80  12  27  13  5  14  3  15  79  16  55  17  72  18  11  19  97
  0  42  1  43  2  23  3  43  4  99  5  78  6  94  7  3  8  96  9  4  10  8  11  88  12  32  13  60  14  44  15  86  16  84  17  73  18  44  19  77
  0  43  1  90  2  95  3  40  4  42  5  32  6  52  7  65  8  38  9  86  10  77  11  30  12  11  13  22  14  57  15  20  16  95  17  96  18  52  19  98
  0  43  1  3  2  51  3  58  4  87  5  67  6  63  7  98  8  70  9  87  10  69  11  24  12  39  13  95  14  89  15  55  16  26  17  58  18  73  19  90
  0  66  1  63  2  99  3  66  4  28  5  62  6  36  7  1  8  48  9  46  10  21  11  26  12  8  13  91  14  38  15  30  16  74  17  7  18  14  19  81
  0  11  1  44  2  62  3  89  4  32  5  78  6  42  7  30  8  37  9  64  10  6  11  54  12  66  13  13  14  64  15  32  16  52  17  62  18  89  19  24
  0  79  1  23  2  22  3  67  4  43  5  24  6  74  7  20  8  99  9  1  10  32  11  16  12  37  13  89  14  91  15  4  16  99  17  20  18  98  19  77
  0  73  1  25  2  69  3  35  4  75  5  15  6  13  7  11  8  38  9  66  10  72  11  59  12  73  13  44  14  73  15  15  16  42  17  48  18  42  19  24
  0  84  1  39  2  10  3  38  4  69  5  15  6  52  7  26  8  86  9  22  10  5  11  16  12  71  13  14  14  59  15  96  16  47  17  19  18  33  19  41
  0  24  1  62  2  67  3  9  4  81  5  47  6  99  7  66  8  36  9  8  10  98  11  21  12  62  13  81  14  87  15  42  16  19  17  57  18  64  19  52
  0  97  1  6  2  10  3  73  4  8  5  95  6  46  7  85  8  48  9  48  10  68  11  22  12  40  13  86  14  86  15  8  16  17  17  88  18  24  19  30
  0  95  1  43  2  80  3  73  4  83  5  59  6  58  7  80  8  84  9  97  10  76  11  7  12  5  13  15  14  62  15  86  16  95  17  34  18  78  19  29
  0  58  1  91  2  14  3  10  4  5  5  17  6  63  7  24  8  57  9  47  10  70  11  19  12  30  13  89  14  98  15  27  16  11  17  75  18  66  19  63
  0  52  1  64  2  62  3  50  4  43  5  12  6  14  7  96  8  90  9  86  10  81  11  40  12  73  13  13  14  13  15  20  16  25  17  78  18  62  19  59
  0  46  1  19  2  67  3  55  4  86  5  76  6  40  7  9  8  20  9  99  10  8  11  58  12  2  13  30  14  24  15  75  16  12  17  78  18  17  19  57
  0  84  1  5  2  56  3  12  4  2  5  42  6  62  7  22  8  96  9  43  10  72  11  46  12  88  13  23  14  43  15  68  16  54  17  29  18  71  19  30
  0  2  1  75  2  31  3  90  4  97  5  13  6  88  7  7  8  73  9  21  10  26  11  25  12  11  13  37  14  81  15  21  16  67  17  82  18  12  19  47
  0  8  1  26  2  9  3  52  4  55  5  98  6  28  7  98  8  60  9  67  10  32  11  83  12  61  13  14  14  35  15  45  16  94  17  76  18  11  19  3
  0  56  1  59  2  96  3  67  4  40  5  27  6  10  7  29  8  5  9  6  10  61  11  81  12  31  13  86  14  14  15  76  16  79  17  3  18  53  19  88
  0  68  1  10  2  40  3  47  4  19  5  98  6  70  7  62  8  38  9  28  10  69  11  54  12  50  13  41  14  86  15  60  16  82  17  14  18  74  19  77
  0  68  1  56  2  61  3  71  4  31  5  33  6  56  7  50  8  61  9  17  10  51  11  93  12  85  13  65  14  90  15  77  16  7  17  82  18  39  19  41
  0  61  1  22  2  73  3  83  4  13  5  28  6  55  7  84  8  87  9  32  10  81  11  91  12  20  13  45  14  15  15  20  16  60  17  16  18  33  19  40
  0  61  1  39  2  58  3  75  4  54  5  42  6  53  7  19  8  71  9  89  10  95  11  40  12  85  13  58  14  55  15  48  16  61  17  6  18  62  19  30
  0  43  1  9  2  16  3  81  4  41  5  57  6  77  7  87  8  61  9  33  10  64  11  43  12  7  13  88  14  9  15  2  16  57  17  42  18  77  19  94
  0  74  1  11  2  44  3  71  4  23  5  81  6  77  7  37  8  79  9  78  10  70  11  96  12  77  13  70  14  38  15  36  16  24  17  46  18  56  19  92
  0  64  1  25  2  1  3  88  4  88  5  7  6  43  7  49  8  17  9  61  10  85  11  13  12  92  13  13  14  44  15  10  16  74  17  81  18  24  19  72
  0  16  1  72  2  43  3  87  4  56  5  37  6  85  7  31  8  76  9  35  10  7  11  12  12  88  13  81  14  15  15  42  16  60  17  54  18  98  19  4
  0  93  1  93  2  78  3  64  4  13  5  29  6  2  7  85  8  29  9  92  10  11  11  8  12  81  13  33  14  45  15  19  16  85  17  23  18  71  19  22
  0  20  1  19  2  40  3  80  4  45  5  33  6  11  7  98  8  42  9  10  10  17  11  57  12  89  13  27  14  34  15  21  16  40  17  63  18  78  19  85
  0  64  1  95  2  76  3  33  4  52  5  25  6  44  7  11  8  10  9  39  10  87  11  49  12  88  13  63  14  16  15  89  16  31  17  60  18  16  19  87
  0  15  1  75  2  41  3  11  4  41  5  43  6  5  7  40  8  91  9  90  10  85  11  56  12  50  13  17  14  87  15  67  16  68  17  36  18  8  19  92
  0  12  1  91  2  99  3  35  4  34  5  2  6  47  7  89  8  33  9  84  10  85  11  71  12  27  13  73  14  15  15  71  16  28  17  23  18  22  19  59
  0  98  1  56  2  85  3  3  4  41  5  27  6  38  7  64  8  32  9  71  10  6  11  2  12  17  13  81  14  51  15  84  16  18  17  39  18  98  19  87
  0  28  1  75  2  1  3  43  4  88  5  44  6  84  7  55  8  68  9  38  10  91  11  1  12  8  13  76  14  95  15  84  16  84  17  43  18  47  19  9
  0  13  1  58  2  11  3  82  4  83  5  6  6  63  7  85  8  18  9  53  10  85  11  50  12  81  13  47  14  68  15  32  16  74  17  50  18  95  19  86
  0  16  1  58  2  97  3  69  4  76  5  36  6  79  7  23  8  15  9  27  10  61  11  21  12  41  13  44  14  94  15  87  16  15  17  55  18  32  19  10
  0  28  1  88  2  75  3  99  4  47  5  59  6  25  7  96  8  23  9  73  10  98  11  96  12  68  13  49  14  99  15  52  16  80  17  91  18  56  19  94
  0  55  1  84  2  53  3  53  4  14  5  96  6  32  7  78  8  50  9  17  10  30  11  9  12  51  13  61  14  85  15  18  16  69  17  17  18  31  19  31
  0  38  1  17  2  43  3  25  4  59  5  70  6  35  7  19  8  7  9  69  10  95  11  35  12  20  13  68  14  23  15  87  16  91  17  3  18  99  19  22
  0  68  1  75  2  8  3  22  4  9  5  59  6  87  7  43  8  79  9  68  10  73  11  61  12  86  13  4  14  81  15  19  16  63  17  75  18  16  19  23
  0  57  1  66  2  19  3  37  4  10  5  77  6  95  7  44  8  97  9  70  10  75  11  95  12  87  13  6  14  92  15  66  16  34  17  37  18  3  19  73
  0  99  1  11  2  67  3  46  4  99  5  75  6  67  7  33  8  90  9  16  10  32  11  98  12  48  13  49  14  97  15  50  16  16  17  54  18  24  19  70
  0  20  1  29  2  38  3  82  4  65  5  83  6  85  7  44  8  75  9  24  10  5  11  63  12  41  13  84  14  53  15  76  16  73  17  97  18  55  19  31
  0  94  1  37  2  50  3  66  4  9  5  55  6  57  7  83  8  20  9  86  10  87  11  52  12  11  13  26  14  68  15  74  16  96  17  75  18  67  19  42
  0  94  1  17  2  19  3  24  4  3  5  74  6  98  7  77  8  65  9  52  10  2  11  82  12  66  13  81  14  13  15  26  16  83  17  91  18  72  19  5
  0  89  1  8  2  90  3  3  4  87  5  31  6  49  7  70  8  18  9  45  10  93  11  26  12  68  13  83  14  21  15  27  16  73  17  13  18  96  19  6
  0  99  1  45  2  65  3  66  4  34  5  83  6  39  7  62  8  31  9  38  10  71  11  37  12  83  13  97  14  67  15  71  16  30  17  33  18  64  19  79
  0  3  1  53  2  96  3  47  4  85  5  61  6  39  7  98  8  31  9  75  10  69  11  52  12  63  13  99  14  7  15  69  16  67  17  75  18  25  19  42
  0  22  1  41  2  33  3  61  4  49  5  80  6  75  7  40  8  81  9  42  10  98  11  15  12  65  13  52  14  85  15  38  16  50  17  60  18  54  19  27
  0  42  1  85  2  62  3  38  4  9  5  61  6  85  7  84  8  74  9  84  10  42  11  16  12  44  13  20  14  87  15  19  16  23  17  25  18  99  19  23
  0  52  1  87  2  40  3  1  4  57  5  92  6  47  7  17  8  82  9  57  10  95  11  54  12  63  13  10  14  49  15  20  16  50  17  94  18  65  19  14
  0  3  1  33  2  41  3  15  4  96  5  63  6  16  7  8  8  31  9  46  10  53  11  66  12  14  13  21  14  77  15  68  16  70  17  20  18  43  19  80
  0  14  1  3  2  48  3  82  4  39  5  59  6  32  7  85  8  68  9  85  10  11  11  68  12  37  13  39  14  47  15  54  16  95  17  31  18  53  19  81
  0  86  1  6  2  74  3  51  4  3  5  11  6  1  7  54  8  35  9  73  10  12  11  12  12  89  13  15  14  45  15  71  16  4  17  94  18  35  19  57
  0  7  1  39  2  87  3  64  4  3  5  15  6  61  7  34  8  67  9  52  10  84  11  54  12  94  13  8  14  27  15  88  16  20  17  50  18  2  19  7
  0  22  1  88  2  69  3  74  4  71  5  85  6  72  7  37  8  81  9  17  10  14  11  87  12  72  13  81  14  63  15  28  16  64  17  68  18  63  19  33
  0  55  1  26  2  45  3  97  4  47  5  3  6  4  7  25  8  30  9  48  10  73  11  80  12  38  13  97  14  8  15  18  16  33  17  72  18  67  19  55
  0  82  1  74  2  46  3  65  4  37  5  59  6  7  7  91  8  25  9  4  10  8  11  17  12  16  13  24  14  25  15  39  16  26  17  87  18  22  19  38
  0  61  1  37  2  10  3  35  4  32  5  25  6  94  7  69  8  63  9  7  10  20  11  57  12  9  13  62  14  40  15  9  16  37  17  38  18  89  19  96
  0  27  1  20  2  27  3  31  4  20  5  85  6  62  7  66  8  1  9  4  10  28  11  40  12  8  13  69  14  10  15  43  16  89  17  93  18  76  19  44
  0  64  1  88  2  69  3  36  4  51  5  19  6  28  7  70  8  72  9  7  10  83  11  91  12  51  13  11  14  29  15  6  16  51  17  22  18  50  19  24
  0  33  1  38  2  90  3  74  4  26  5  17  6  69  7  80  8  39  9  20  10  73  11  37  12  54  13  89  14  9  15  39  16  88  17  29  18  69  19  36
  0  7  1  71  2  63  3  33  4  19  5  66  6  98  7  53  8  10  9  14  10  31  11  14  12  71  13  22  14  10  15  17  16  37  17  71  18  89  19  33
  0  43  1  16  2  84  3  28  4  62  5  51  6  81  7  71  8  89  9  22  10  50  11  23  12  68  13  59  14  2  15  86  16  88  17  70  18  97  19  67
  0  8  1  14  2  98  3  95  4  53  5  33  6  9  7  77  8  25  9  45  10  70  11  94  12  7  13  88  14  84  15  76  16  35  17  84  18  83  19  97
  0  13  1  73  2  83  3  83  4  49  5  20  6  78  7  22  8  60  9  4  10  64  11  27  12  71  13  42  14  98  15  87  16  6  17  94  18  39  19  98
  0  40  1  73  2  16  3  65  4  72  5  42  6  25  7  28  8  29  9  71  10  60  11  41  12  3  13  3  14  8  15  99  16  5  17  19  18  70  19  21
  0  69  1  42  2  14  3  92  4  43  5  90  6  31  7  66  8  45  9  74  10  78  11  55  12  95  13  8  14  28  15  55  16  23  17  73  18  33  19  10
  0  19  1  64  2  12  3  78  4  95  5  75  6  90  7  89  8  56  9  47  10  59  11  71  12  93  13  55  14  36  15  9  16  76  17  23  18  43  19  64
  0  76  1  84  2  30  3  56  4  67  5  22  6  15  7  80  8  78  9  76  10  15  11  31  12  90  13  85  14  87  15  50  16  17  17  5  18  23  19  2
  0  87  1  12  2  24  3  68  4  49  5  10  6  99  7  99  8  40  9  71  10  36  11  73  12  94  13  85  14  25  15  41  16  97  17  10  18  83  19  65
  0  1  1  39  2  49  3  84  4  46  5  27  6  89  7  49  8  80  9  44  10  23  11  19  12  46  13  43  14  50  15  15  16  90  17  67  18  48  19  75
  0  19  1  39  2  61  3  42  4  81  5  80  6  21  7  83  8  91  9  86  10  42  11  43  12  87  13  46  14  95  15  47  16  1  17  53  18  69  19  30
  0  87  1  96  2  38  3  55  4  46  5  89  6  22  7  24  8  12  9  84  10  3  11  29  12  9  13  98  14  25  15  78  16  11  17  18  18  2  19  90
  0  19  1  86  2  1  3  52  4  78  5  76  6  86  7  75  8  82  9  97  10  33  11  4  12  32  13  9  14  40  15  58  16  62  17  22  18  25  19  13
  0  45  1  13  2  61  3  33  4  22  5  93  6  80  7  46  8  43  9  93  10  76  11  2  12  13  13  64  14  73  15  43  16  50  17  6  18  35  19  11
  0  35  1  63  2  36  3  37  4  93  5  73  6  26  7  10  8  36  9  30  10  48  11  9  12  62  13  1  14  98  15  47  16  81  17  38  18  36  19  68
  0  30  1  47  2  83  3  88  4  71  5  95  6  72  7  69  8  20  9  2  10  26  11  78  12  16  13  24  14  86  15  58  16  42  17  28  18  22  19  23
  0  72  1  24  2  79  3  47  4  75  5  88  6  63  7  10  8  30  9  17  10  49  11  25  12  9  13  63  14  85  15  55  16  55  17  75  18  13  19  96
  0  42  1  32  2  24  3  83  4  96  5  25  6  43  7  51  8  38  9  54  10  80  11  44  12  39  13  34  14  12  15  70  16  34  17  17  18  83  19  46
  0  18  1  84  2  32  3  55  4  11  5  72  6  72  7  40  8  90  9  20  10  12  11  94  12  12  13  56  14  70  15  17  16  62  17  80  18  19  19  58
  0  28  1  81  2  78  3  51  4  69  5  12  6  36  7  29  8  27  9  17  10  63  11  60  12  14  13  64  14  43  15  54  16  52  17  51  18  60  19  13
  0  67  1  65  2  88  3  43  4  63  5  31  6  81  7  51  8  13  9  75  10  73  11  79  12  50  13  82  14  21  15  56  16  59  17  29  18  47  19  80
  0  83  1  19  2  81  3  43  4  1  5  53  6  98  7  76  8  39  9  20  10  94  11  77  12  39  13  67  14  61  15  29  16  69  17  6  18  50  19  40
  0  61  1  65  2  24  3  71  4  30  5  76  6  41  7  6  8  70  9  76  10  41  11  90  12  69  13  45  14  96  15  64  16  71  17  16  18  62  19  33
  0  68  1  46  2  42  3  70  4  24  5  4  6  53  7  47  8  41  9  29  10  48  11  23  12  36  13  75  14  33  15  50  16  83  17  27  18  94  19  75
  0  27  1  67  2  15  3  33  4  91  5  15  6  42  7  79  8  38  9  88  10  50  11  93  12  25  13  40  14  2  15  60  16  4  17  71  18  85  19  1
  0  29  1  41  2  21  3  20  4  78  5  2  6  20  7  89  8  15  9  44  10  67  11  75  12  19  13  32  14  66  15  90  16  96  17  44  18  26  19  25
  0  23  1  76  2  31  3  85  4  82  5  60  6  94  7  48  8  24  9  87  10  84  11  1  12  24  13  79  14  91  15  35  16  43  17  11  18  52  19  21
  0  17  1  82  2  71  3  50  4  97  5  24  6  96  7  52  8  67  9  41  10  37  11  22  12  63  13  57  14  23  15  94  16  4  17  8  18  70  19  68
  0  94  1  90  2  75  3  63  4  54  5  77  6  60  7  54  8  2  9  40  10  50  11  33  12  73  13  42  14  42  15  74  16  82  17  17  18  9  19  14
  0  28  1  13  2  36  3  71  4  13  5  76  6  98  7  62  8  41  9  31  10  5  11  89  12  90  13  37  14  86  15  17  16  88  17  62  18  4  19  47
  0  36  1  94  2  86  3  72  4  54  5  68  6  45  7  57  8  52  9  4  10  4  11  82  12  41  13  57  14  64  15  61  16  36  17  51  18  80  19  89
  0  35  1  23  2  2  3  11  4  50  5  7  6  47  7  93  8  34  9  57  10  74  11  66  12  46  13  52  14  84  15  44  16  22  17  51  18  70  19  40
  0  54  1  96  2  89  3  69  4  8  5  71  6  38  7  59  8  14  9  69  10  41  11  36  12  17  13  22  14  89  15  65  16  74  17  97  18  86  19  37
  0  36  1  80  2  2  3  46  4  43  5  60  6  19  7  10  8  25  9  28  10  36  11  98  12  96  13  30  14  70  15  96  16  70  17  47  18  49  19  16
  0  40  1  88  2  9  3  18  4  4  5  11  6  23  7  19  8  30  9  29  10  39  11  94  12  80  13  45  14  92  15  5  16  53  17  38  18  16  19  90
  0  3  1  78  2  86  3  38  4  52  5  59  6  55  7  90  8  7  9  69  10  67  11  66  12  22  13  36  14  58  15  8  16  7  17  20  18  84  19  69
  0  48  1  40  2  38  3  25  4  91  5  61  6  28  7  42  8  16  9  72  10  54  11  64  12  82  13  30  14  90  15  98  16  59  17  57  18  55  19  89
  0  36  1  21  2  39  3  27  4  81  5  12  6  21  7  40  8  21  9  23  10  84  11  50  12  23  13  89  14  19  15  93  16  33  17  32  18  68  19  41
  0  85  1  21  2  63  3  66  4  80  5  54  6  47  7  55  8  19  9  20  10  79  11  36  12  17  13  77  14  85  15  96  16  56  17  82  18  74  19  2
  0  33  1  38  2  56  3  23  4  13  5  59  6  19  7  73  8  7  9  58  10  49  11  68  12  31  13  14  14  24  15  91  16  5  17  68  18  79  19  11
  0  96  1  62  2  42  3  83  4  47  5  13  6  7  7  60  8  96  9  87  10  53  11  43  12  20  13  33  14  63  15  86  16  39  17  48  18  75  19  44
  0  54  1  35  2  82  3  74  4  34  5  50  6  70  7  90  8  48  9  36  10  36  11  5  12  23  13  19  14  57  15  90  16  60  17  93  18  77  19  81
  0  65  1  37  2  40  3  67  4  45  5  16  6  93  7  70  8  90  9  76  10  31  11  94  12  56  13  51  14  58  15  88  16  91  17  98  18  84  19  72
  0  96  1  63  2  95  3  9  4  89  5  45  6  41  7  25  8  33  9  82  10  51  11  8  12  42  13  10  14  70  15  39  16  62  17  42  18  61  19  37
  0  16  1  85  2  26  3  22  4  32  5  93  6  40  7  27  8  14  9  98  10  5  11  5  12  22  13  5  14  60  15  27  16  56  17  18  18  11  19  62
  0  79  1  39  2  55  3  72  4  19  5  56  6  30  7  78  8  14  9  14  10  9  11  81  12  31  13  37  14  4  15  30  16  40  17  42  18  70  19  85
  0  25  1  60  2  17  3  12  4  86  5  58  6  61  7  95  8  43  9  34  10  86  11  85  12  53  13  16  14  95  15  87  16  2  17  95  18  58  19  65
  0  33  1  75  2  5  3  32  4  15  5  13  6  10  7  32  8  79  9  74  10  68  11  46  12  64  13  65  14  61  15  77  16  41  17  67  18  53  19  84
  0  37  1  9  2  87  3  85  4  45  5  61  6  53  7  50  8  13  9  18  10  44  11  35  12  38  13  20  14  42  15  50  16  9  17  13  18  90  19  45
  0  85  1  61  2  29  3  71  4  82  5  62  6  27  7  42  8  28  9  22  10  20  11  95  12  86  13  80  14  37  15  61  16  87  17  21  18  87  19  40
  0  84  1  86  2  29  3  83  4  41  5  83  6  44  7  29  8  22  9  60  10  92  11  99  12  35  13  68  14  24  15  7  16  49  17  74  18  58  19  3
  0  74  1  56  2  71  3  65  4  8  5  6  6  58  7  19  8  51  9  33  10  33  11  19  12  68  13  30  14  7  15  62  16  39  17  48  18  57  19  96
  0  24  1  97  2  67  3  30  4  43  5  59  6  2  7  81  8  43  9  90  10  46  11  17  12  99  13  49  14  44  15  61  16  77  17  61  18  77  19  72
  0  44  1  33  2  2  3  32  4  24  5  50  6  21  7  81  8  22  9  42  10  57  11  12  12  49  13  87  14  65  15  79  16  62  17  91  18  86  19  6
  0  59  1  73  2  39  3  98  4  12  5  26  6  98  7  84  8  37  9  46  10  21  11  46  12  17  13  50  14  81  15  7  16  31  17  20  18  68  19  9
  0  65  1  36  2  43  3  67  4  97  5  13  6  39  7  99  8  87  9  17  10  79  11  74  12  7  13  55  14  31  15  19  16  7  17  58  18  27  19  68
  0  93  1  78  2  17  3  67  4  55  5  12  6  36  7  55  8  78  9  79  10  95  11  70  12  36  13  50  14  44  15  86  16  33  17  76  18  43  19  48
  0  49  1  84  2  59  3  65  4  9  5  38  6  72  7  9  8  70  9  60  10  43  11  79  12  18  13  96  14  95  15  76  16  86  17  37  18  8  19  69
  0  72  1  43  2  4  3  50  4  88  5  46  6  14  7  30  8  82  9  4  10  34  11  92  12  20  13  37  14  79  15  38  16  2  17  93  18  62  19  53
  0  76  1  93  2  89  3  17  4  42  5  59  6  89  7  17  8  76  9  42  10  13  11  26  12  31  13  92  14  41  15  87  16  68  17  34  18  33  19  86
  0  36  1  37  2  67  3  9  4  9  5  14  6  72  7  35  8  38  9  65  10  52  11  99  12  90  13  64  14  36  15  14  16  67  17  45  18  31  19  43
  0  30  1  38  2  48  3  84  4  88  5  80  6  13  7  84  8  8  9  66  10  9  11  79  12  50  13  41  14  3  15  76  16  65  17  47  18  45  19  81
  0  81  1  66  2  45  3  51  4  64  5  24  6  76  7  34  8  53  9  54  10  55  11  17  12  90  13  33  14  82  15  86  16  90  17  31  18  70  19  95
  0  29  1  43  2  74  3  67  4  43  5  1  6  2  7  88  8  78  9  69  10  81  11  86  12  12  13  79  14  96  15  67  16  39  17  69  18  35  19  76
  0  28  1  6  2  97  3  6  4  42  5  28  6  63  7  58  8  99  9  37  10  20  11  37  12  44  13  9  14  90  15  37  16  1  17  21  18  26  19  40
  0  75  1  2  2  42  3  41  4  22  5  59  6  13  7  67  8  47  9  44  10  59  11  71  12  82  13  41  14  96  15  88  16  5  17  20  18  16  19  5
  0  90  1  62  2  19  3  80  4  52  5  53  6  44  7  13  8  68  9  27  10  39  11  40  12  23  13  67  14  64  15  18  16  19  17  30  18  50  19  28
  0  8  1  33  2  24  3  81  4  69  5  20  6  92  7  48  8  41  9  3  10  40  11  18  12  53  13  41  14  75  15  57  16  45  17  12  18  49  19  47
  0  57  1  63  2  6  3  99  4  26  5  79  6  63  7  75  8  25  9  84  10  19  11  82  12  30  13  71  14  32  15  3  16  9  17  22  18  25  19  78
  0  50  1  62  2  13  3  70  4  89  5  79  6  50  7  54  8  99  9  65  10  45  11  30  12  45  13  97  14  92  15  41  16  30  17  49  18  27  19  53
  0  74  1  89  2  80  3  25  4  12  5  37  6  11  7  66  8  82  9  49  10  38  11  79  12  72  13  84  14  88  15  18  16  19  17  50  18  55  19  19
  0  84  1  39  2  98  3  79  4  71  5  15  6  69  7  93  8  18  9  82  10  25  11  72  12  19  13  78  14  47  15  4  16  41  17  52  18  15  19  32
  0  39  1  24  2  73  3  58  4  84  5  45  6  96  7  1  8  71  9  98  10  52  11  55  12  55  13  4  14  3  15  50  16  38  17  21  18  5  19  93
  0  12  1  80  2  98  3  38  4  19  5  57  6  82  7  27  8  93  9  86  10  27  11  94  12  86  13  85  14  79  15  32  16  5  17  20  18  45  19  39
  0  92  1  42  2  57  3  23  4  58  5  76  6  76  7  28  8  15  9  44  10  70  11  87  12  75  13  40  14  69  15  40  16  55  17  2  18  2  19  60
  0  35  1  53  2  54  3  83  4  3  5  97  6  2  7  25  8  88  9  77  10  16  11  37  12  43  13  64  14  37  15  43  16  29  17  19  18  68  19  32
  0  32  1  31  2  40  3  27  4  8  5  52  6  34  7  48  8  17  9  57  10  73  11  28  12  19  13  14  14  31  15  56  16  24  17  41  18  90  19  67
  0  33  1  82  2  69  3  83  4  96  5  23  6  8  7  93  8  90  9  38  10  49  11  14  12  86  13  49  14  87  15  72  16  50  17  5  18  64  19  16
  0  11  1  40  2  16  3  10  4  89  5  70  6  19  7  8  8  55  9  21  10  94  11  98  12  71  13  93  14  43  15  47  16  40  17  43  18  41  19  8
  0  56  1  86  2  19  3  57  4  39  5  85  6  89  7  92  8  80  9  80  10  12  11  80  12  57  13  37  14  97  15  45  16  78  17  75  18  6  19  64
  0  63  1  57  2  66  3  66  4  76  5  68  6  49  7  82  8  75  9  22  10  57  11  78  12  29  13  61  14  4  15  80  16  13  17  49  18  23  19  63
  0  17  1  56  2  2  3  59  4  89  5  6  6  43  7  31  8  9  9  22  10  5  11  82  12  78  13  94  14  59  15  26  16  62  17  55  18  76  19  23
  0  20  1  27  2  28  3  58  4  97  5  7  6  56  7  34  8  95  9  67  10  68  11  68  12  18  13  6  14  37  15  56  16  55  17  71  18  24  19  22
  0  90  1  53  2  58  3  56  4  95  5  96  6  30  7  40  8  79  9  99  10  93  11  88  12  2  13  94  14  78  15  55  16  44  17  10  18  55  19  99
  0  41  1  89  2  6  3  99  4  78  5  96  6  97  7  56  8  18  9  34  10  66  11  31  12  22  13  52  14  32  15  9  16  75  17  47  18  33  19  79
  0  20  1  44  2  41  3  79  4  65  5  33  6  84  7  34  8  37  9  5  10  6  11  92  12  64  13  84  14  17  15  57  16  34  17  94  18  40  19  26
  0  51  1  59  2  46  3  27  4  93  5  52  6  21  7  96  8  40  9  49  10  27  11  22  12  13  13  24  14  39  15  81  16  69  17  21  18  73  19  21
  0  35  1  69  2  42  3  63  4  46  5  41  6  87  7  47  8  58  9  56  10  95  11  17  12  47  13  86  14  91  15  40  16  83  17  30  18  46  19  11
  0  78  1  29  2  72  3  54  4  26  5  72  6  82  7  59  8  86  9  6  10  24  11  95  12  85  13  30  14  20  15  92  16  31  17  70  18  1  19  85
  0  65  1  37  2  74  3  61  4  9  5  24  6  82  7  54  8  56  9  7  10  53  11  73  12  40  13  30  14  30  15  70  16  68  17  14  18  46  19  65
  0  2  1  6  2  65  3  1  4  24  5  55  6  28  7  94  8  27  9  1  10  46  11  95  12  9  13  86  14  62  15  76  16  55  17  50  18  49  19  14
  0  70  1  49  2  17  3  41  4  41  5  18  6  63  7  72  8  86  9  73  10  76  11  30  12  16  13  11  14  81  15  31  16  77  17  59  18  75  19  16
  0  7  1  82  2  12  3  8  4  77  5  49  6  21  7  60  8  19  9  14  10  76  11  20  12  69  13  70  14  36  15  2  16  62  17  77  18  36  19  69
  0  67  1  66  2  1  3  69  4  43  5  79  6  6  7  44  8  59  9  4  10  2  11  36  12  8  13  86  14  86  15  60  16  4  17  66  18  89  19  95
  0  45  1  35  2  96  3  33  4  87  5  29  6  39  7  75  8  46  9  15  10  14  11  80  12  35  13  7  14  21  15  81  16  12  17  41  18  22  19  52
  0  73  1  92  2  72  3  68  4  29  5  5  6  63  7  99  8  57  9  73  10  83  11  46  12  95  13  4  14  96  15  69  16  49  17  27  18  78  19  18
  0  99  1  56  2  65  3  29  4  54  5  3  6  15  7  48  8  64  9  96  10  68  11  26  12  12  13  77  14  78  15  58  16  37  17  47  18  35  19  81
  0  45  1  99  2  93  3  59  4  43  5  78  6  14  7  4  8  64  9  14  10  34  11  16  12  96  13  48  14  59  15  48  16  27  17  57  18  38  19  32
  0  58  1  15  2  32  3  94  4  57  5  54  6  38  7  83  8  59  9  45  10  96  11  65  12  17  13  73  14  90  15  66  16  78  17  90  18  37  19  69
  0  36  1  82  2  12  3  87  4  71  5  56  6  66  7  80  8  97  9  70  10  22  11  80  12  62  13  37  14  53  15  46  16  80  17  64  18  96  19  55
  0  89  1  50  2  45  3  24  4  59  5  15  6  19  7  79  8  2  9  41  10  8  11  57  12  53  13  71  14  46  15  86  16  24  17  67  18  59  19  74
  0  45  1  36  2  76  3  23  4  63  5  73  6  24  7  23  8  41  9  95  10  24  11  18  12  83  13  36  14  78  15  32  16  96  17  42  18  98  19  93
  0  32  1  99  2  17  3  15  4  96  5  67  6  95  7  97  8  19  9  90  10  11  11  85  12  91  13  42  14  85  15  70  16  58  17  6  18  85  19  28
  0  87  1  78  2  20  3  48  4  64  5  93  6  95  7  77  8  94  9  65  10  30  11  89  12  98  13  9  14  9  15  48  16  34  17  97  18  46  19  39
  0  83  1  52  2  96  3  78  4  96  5  75  6  11  7  20  8  60  9  84  10  34  11  21  12  58  13  90  14  7  15  55  16  15  17  36  18  97  19  53
  0  58  1  93  2  86  3  28  4  47  5  79  6  78  7  22  8  24  9  39  10  11  11  62  12  11  13  99  14  94  15  27  16  57  17  15  18  89  19  48
  0  97  1  33  2  16  3  22  4  80  5  56  6  37  7  81  8  84  9  96  10  88  11  58  12  29  13  29  14  20  15  52  16  35  17  93  18  73  19  58
  0  11  1  11  2  29  3  51  4  55  5  2  6  82  7  9  8  13  9  37  10  38  11  16  12  9  13  42  14  27  15  4  16  70  17  42  18  87  19  2
  0  87  1  29  2  71  3  5  4  90  5  70  6  58  7  89  8  37  9  4  10  91  11  35  12  32  13  78  14  65  15  21  16  39  17  47  18  40  19  13
  0  38  1  11  2  46  3  66  4  51  5  73  6  17  7  2  8  32  9  60  10  62  11  24  12  2  13  6  14  52  15  7  16  62  17  10  18  7  19  50
  0  39  1  32  2  82  3  91  4  11  5  54  6  14  7  22  8  45  9  45  10  49  11  34  12  50  13  5  14  81  15  27  16  91  17  61  18  88  19  7
  0  60  1  72  2  92  3  89  4  65  5  21  6  39  7  89  8  7  9  37  10  45  11  28  12  43  13  70  14  49  15  23  16  63  17  93  18  93  19  36
  0  23  1  23  2  92  3  77  4  3  5  77  6  89  7  6  8  15  9  8  10  91  11  67  12  39  13  80  14  35  15  71  16  87  17  90  18  40  19  86
  0  21  1  36  2  31  3  96  4  63  5  83  6  43  7  81  8  89  9  97  10  48  11  78  12  83  13  32  14  57  15  53  16  91  17  87  18  90  19  94
  0  18  1  86  2  31  3  91  4  40  5  33  6  73  7  76  8  35  9  47  10  66  11  36  12  44  13  85  14  99  15  16  16  29  17  4  18  70  19  77
  0  83  1  14  2  51  3  96  4  5  5  42  6  26  7  80  8  47  9  86  10  82  11  69  12  11  13  40  14  62  15  43  16  25  17  27  18  18  19  44
  0  42  1  47  2  29  3  88  4  54  5  61  6  60  7  26  8  83  9  36  10  85  11  81  12  25  13  35  14  1  15  71  16  25  17  41  18  89  19  86
  0  43  1  21  2  38  3  86  4  20  5  83  6  92  7  46  8  44  9  1  10  7  11  45  12  6  13  65  14  43  15  97  16  66  17  32  18  2  19  50
  0  84  1  52  2  98  3  19  4  84  5  97  6  22  7  16  8  51  9  42  10  37  11  6  12  89  13  34  14  10  15  86  16  83  17  2  18  80  19  79
  0  37  1  39  2  2  3  85  4  89  5  96  6  24  7  28  8  38  9  63  10  87  11  97  12  4  13  99  14  67  15  73  16  21  17  85  18  67  19  77
  0  51  1  74  2  57  3  80  4  38  5  64  6  23  7  92  8  56  9  47  10  35  11  81  12  32  13  73  14  94  15  3  16  17  17  57  18  86  19  50
  0  62  1  16  2  57  3  56  4  25  5  90  6  3  7  88  8  82  9  26  10  14  11  33  12  57  13  88  14  45  15  61  16  75  17  44  18  81  19  12
  0  6  1  45  2  20  3  49  4  47  5  78  6  99  7  66  8  78  9  84  10  50  11  44  12  73  13  46  14  29  15  98  16  50  17  11  18  67  19  63
  0  7  1  92  2  67  3  96  4  66  5  56  6  93  7  6  8  32  9  3  10  67  11  32  12  12  13  92  14  47  15  36  16  89  17  77  18  62  19  80
  0  28  1  33  2  36  3  96  4  45  5  5  6  95  7  79  8  90  9  17  10  75  11  55  12  19  13  5  14  58  15  12  16  39  17  70  18  99  19  81
  0  73  1  63  2  35  3  25  4  71  5  53  6  81  7  54  8  54  9  35  10  50  11  81  12  83  13  80  14  63  15  4  16  87  17  38  18  27  19  38
  0  74  1  32  2  93  3  80  4  35  5  27  6  46  7  55  8  1  9  41  10  58  11  60  12  7  13  46  14  20  15  45  16  93  17  63  18  39  19  71
  0  26  1  63  2  61  3  37  4  27  5  24  6  57  7  66  8  51  9  87  10  70  11  94  12  44  13  54  14  37  15  13  16  59  17  66  18  15  19  39
  0  40  1  3  2  70  3  25  4  78  5  63  6  31  7  29  8  3  9  29  10  88  11  17  12  79  13  19  14  18  15  50  16  5  17  80  18  41  19  95
  0  28  1  91  2  48  3  52  4  55  5  48  6  75  7  82  8  85  9  80  10  74  11  6  12  11  13  6  14  36  15  64  16  71  17  28  18  54  19  97
  0  36  1  27  2  50  3  73  4  77  5  6  6  69  7  55  8  25  9  88  10  41  11  10  12  46  13  82  14  61  15  98  16  77  17  51  18  30  19  79
  0  96  1  67  2  64  3  31  4  29  5  24  6  55  7  75  8  9  9  42  10  54  11  54  12  46  13  3  14  93  15  86  16  71  17  70  18  91  19  18
  0  64  1  6  2  84  3  35  4  73  5  86  6  85  7  2  8  93  9  71  10  71  11  49  12  62  13  73  14  48  15  23  16  76  17  50  18  34  19  64
  0  55  1  8  2  69  3  82  4  97  5  75  6  42  7  56  8  3  9  6  10  87  11  40  12  59  13  11  14  3  15  6  16  17  17  29  18  73  19  14
  0  4  1  83  2  23  3  97  4  45  5  88  6  16  7  24  8  97  9  98  10  76  11  43  12  11  13  21  14  16  15  53  16  71  17  30  18  69  19  39
  0  2  1  50  2  85  3  54  4  12  5  2  6  24  7  63  8  23  9  26  10  55  11  71  12  18  13  36  14  61  15  86  16  93  17  49  18  85  19  8
  0  3  1  3  2  88  3  32  4  17  5  72  6  86  7  17  8  61  9  26  10  2  11  54  12  88  13  87  14  41  15  26  16  90  17  97  18  82  19  57
  0  76  1  92  2  36  3  90  4  63  5  48  6  11  7  36  8  47  9  36  10  2  11  82  12  64  13  16  14  79  15  60  16  52  17  48  18  52  19  8
  0  75  1  90  2  17  3  74  4  69  5  47  6  37  7  53  8  23  9  38  10  11  11  44  12  2  13  38  14  99  15  71  16  79  17  6  18  50  19  25
  0  33  1  77  2  34  3  86  4  20  5  14  6  58  7  63  8  37  9  29  10  56  11  42  12  35  13  23  14  42  15  31  16  43  17  3  18  82  19  69
  0  5  1  82  2  46  3  90  4  63  5  66  6  5  7  99  8  21  9  69  10  11  11  88  12  69  13  43  14  79  15  94  16  71  17  91  18  37  19  86
  0  28  1  93  2  24  3  20  4  78  5  89  6  59  7  15  8  95  9  74  10  13  11  36  12  95  13  12  14  24  15  68  16  62  17  76  18  86  19  39
  0  56  1  65  2  71  3  21  4  60  5  51  6  62  7  12  8  83  9  62  10  28  11  80  12  24  13  14  14  51  15  24  16  54  17  32  18  1  19  73
  0  3  1  26  2  88  3  52  4  16  5  25  6  84  7  59  8  41  9  64  10  57  11  39  12  66  13  95  14  66  15  72  16  3  17  65  18  32  19  75
  0  86  1  63  2  45  3  6  4  58  5  57  6  17  7  19  8  27  9  57  10  49  11  13  12  28  13  69  14  99  15  47  16  53  17  42  18  66  19  51
  0  79  1  19  2  7  3  32  4  49  5  27  6  80  7  54  8  78  9  91  10  65  11  57  12  74  13  49  14  6  15  29  16  8  17  86  18  70  19  54
  0  75  1  45  2  40  3  93  4  27  5  58  6  60  7  82  8  58  9  6  10  13  11  41  12  96  13  27  14  99  15  33  16  15  17  1  18  48  19  32
  0  63  1  83  2  66  3  61  4  5  5  95  6  27  7  26  8  86  9  60  10  41  11  60  12  92  13  47  14  59  15  40  16  40  17  93  18  12  19  55
  0  46  1  76  2  66  3  32  4  53  5  69  6  78  7  38  8  87  9  26  10  57  11  31  12  17  13  40  14  64  15  25  16  97  17  1  18  27  19  80
  0  48  1  31  2  35  3  50  4  83  5  82  6  47  7  29  8  1  9  23  10  24  11  92  12  95  13  35  14  71  15  38  16  45  17  23  18  61  19  29
  0  6  1  83  2  48  3  34  4  92  5  6  6  16  7  17  8  41  9  79  10  27  11  83  12  83  13  48  14  34  15  22  16  69  17  41  18  90  19  97
  0  29  1  37  2  89  3  56  4  48  5  83  6  75  7  77  8  10  9  57  10  44  11  66  12  22  13  24  14  10  15  82  16  29  17  68  18  5  19  41
  0  83  1  68  2  50  3  32  4  24  5  57  6  95  7  54  8  85  9  83  10  34  11  40  12  34  13  72  14  31  15  40  16  12  17  44  18  27  19  78
  0  23  1  40  2  96  3  98  4  4  5  68  6  84  7  73  8  56  9  62  10  39  11  32  12  40  13  27  14  19  15  34  16  41  17  95  18  55  19  9
  0  80  1  42  2  68  3  9  4  17  5  11  6  95  7  70  8  58  9  60  10  73  11  75  12  99  13  34  14  69  15  53  16  30  17  7  18  67  19  63
  0  93  1  68  2  55  3  57  4  87  5  31  6  60  7  4  8  44  9  99  10  24  11  32  12  17  13  18  14  38  15  15  16  63  17  80  18  58  19  7
  0  21  1  92  2  68  3  14  4  93  5  95  6  85  7  42  8  97  9  3  10  3  11  67  12  47  13  11  14  17  15  18  16  69  17  79  18  99  19  64
  0  81  1  98  2  90  3  50  4  71  5  81  6  41  7  25  8  51  9  53  10  19  11  41  12  1  13  26  14  62  15  43  16  98  17  78  18  47  19  59
  0  15  1  86  2  87  3  56  4  14  5  59  6  13  7  48  8  89  9  88  10  66  11  43  12  41  13  18  14  20  15  75  16  34  17  76  18  23  19  65
  0  47  1  48  2  7  3  99  4  59  5  63  6  12  7  23  8  47  9  31  10  32  11  80  12  4  13  61  14  70  15  59  16  80  17  31  18  59  19  15
  0  21  1  99  2  89  3  80  4  48  5  79  6  52  7  99  8  12  9  15  10  84  11  19  12  5  13  28  14  74  15  39  16  24  17  27  18  71  19  20
  0  9  1  95  2  93  3  68  4  3  5  98  6  51  7  65  8  20  9  86  10  96  11  16  12  96  13  69  14  2  15  22  16  69  17  97  18  6  19  1
  0  23  1  78  2  75  3  28  4  70  5  1  6  3  7  51  8  87  9  63  10  97  11  9  12  93  13  11  14  65  15  63  16  61  17  42  18  80  19  18
  0  96  1  32  2  96  3  85  4  14  5  77  6  36  7  19  8  10  9  84  10  74  11  37  12  98  13  21  14  98  15  91  16  76  17  22  18  99  19  59
  0  4  1  35  2  51  3  71  4  53  5  12  6  52  7  91  8  46  9  5  10  63  11  22  12  64  13  18  14  52  15  86  16  37  17  24  18  27  19  35
  0  13  1  47  2  30  3  51  4  89  5  65  6  8  7  66  8  44  9  88  10  98  11  20  12  92  13  27  14  92  15  97  16  74  17  28  18  41  19  62
  0  35  1  69  2  53  3  36  4  64  5  43  6  87  7  19  8  90  9  29  10  12  11  37  12  61  13  87  14  19  15  66  16  54  17  5  18  8  19  66
  0  86  1  47  2  60  3  21  4  37  5  44  6  82  7  86  8  84  9  82  10  89  11  65  12  22  13  90  14  56  15  80  16  27  17  48  18  50  19  11
  0  66  1  30  2  27  3  4  4  77  5  3  6  66  7  91  8  68  9  4  10  57  11  65  12  3  13  87  14  71  15  86  16  85  17  11  18  85  19  43
  0  50  1  95  2  38  3  75  4  15  5  92  6  31  7  32  8  73  9  22  10  15  11  28  12  19  13  90  14  12  15  20  16  23  17  84  18  71  19  17
  0  22  1  96  2  62  3  92  4  83  5  43  6  44  7  69  8  49  9  74  10  66  11  81  12  77  13  84  14  97  15  50  16  33  17  68  18  86  19  24
  0  12  1  96  2  84  3  65  4  66  5  89  6  9  7  76  8  96  9  22  10  12  11  15  12  18  13  87  14  85  15  38  16  7  17  96  18  20  19  59
  0  5  1  99  2  92  3  22  4  10  5  57  6  61  7  27  8  15  9  83  10  83  11  49  12  40  13  50  14  86  15  52  16  91  17  29  18  59  19  74
  0  38  1  98  2  42  3  42  4  74  5  52  6  38  7  46  8  41  9  71  10  65  11  74  12  89  13  73  14  32  15  95  16  33  17  22  18  93  19  30
  0  7  1  73  2  34  3  57  4  46  5  6  6  76  7  50  8  41  9  29  10  8  11  23  12  25  13  91  14  91  15  37  16  22  17  34  18  81  19  22
  0  41  1  41  2  73  3  69  4  10  5  2  6  54  7  38  8  67  9  78  10  40  11  63  12  74  13  42  14  4  15  56  16  6  17  33  18  35  19  55
  0  27  1  32  2  1  3  37  4  76  5  75  6  67  7  22  8  7  9  50  10  33  11  26  12  55  13  21  14  63  15  31  16  32  17  11  18  32  19  94
  0  76  1  23  2  20  3  16  4  94  5  67  6  7  7  11  8  84  9  46  10  71  11  92  12  22  13  99  14  83  15  40  16  46  17  20  18  53  19  1
  0  88  1  85  2  57  3  78  4  16  5  72  6  81  7  76  8  88  9  48  10  37  11  18  12  60  13  48  14  30  15  58  16  60  17  92  18  10  19  46
  0  37  1  4  2  19  3  25  4  67  5  15  6  7  7  64  8  32  9  88  10  9  11  60  12  41  13  95  14  73  15  55  16  49  17  4  18  2  19  58
  0  75  1  81  2  44  3  69  4  59  5  41  6  43  7  44  8  74  9  36  10  33  11  41  12  7  13  11  14  38  15  43  16  64  17  79  18  21  19  49
  0  67  1  42  2  70  3  71  4  52  5  9  6  49  7  93  8  66  9  65  10  22  11  60  12  53  13  98  14  30  15  15  16  52  17  84  18  9  19  9
  0  60  1  82  2  46  3  36  4  26  5  18  6  19  7  74  8  80  9  16  10  76  11  41  12  25  13  35  14  51  15  87  16  23  17  20  18  8  19  85
  0  70  1  56  2  68  3  1  4  44  5  8  6  71  7  33  8  56  9  55  10  55  11  73  12  49  13  90  14  71  15  28  16  15  17  20  18  73  19  77
  0  47  1  69  2  28  3  96  4  19  5  18  6  41  7  42  8  70  9  96  10  21  11  81  12  51  13  20  14  94  15  30  16  38  17  36  18  49  19  7
  0  30  1  27  2  83  3  39  4  89  5  86  6  81  7  70  8  86  9  58  10  44  11  43  12  59  13  2  14  29  15  76  16  99  17  36  18  6  19  55
  0  23  1  76  2  13  3  90  4  90  5  44  6  79  7  30  8  87  9  33  10  43  11  27  12  69  13  67  14  73  15  91  16  44  17  68  18  3  19  77
  0  39  1  17  2  97  3  96  4  77  5  96  6  39  7  53  8  59  9  31  10  87  11  29  12  26  13  67  14  59  15  78  16  57  17  62  18  28  19  17
  0  7  1  68  2  35  3  94  4  9  5  42  6  81  7  96  8  88  9  4  10  10  11  18  12  62  13  29  14  27  15  94  16  23  17  59  18  14  19  5
  0  26  1  39  2  8  3  45  4  37  5  47  6  87  7  69  8  9  9  53  10  72  11  39  12  78  13  30  14  11  15  17  16  23  17  8  18  39  19  7
  0  13  1  30  2  32  3  20  4  33  5  70  6  54  7  28  8  84  9  13  10  14  11  17  12  69  13  92  14  60  15  72  16  29  17  63  18  76  19  45
  0  93  1  41  2  72  3  78  4  46  5  28  6  54  7  9  8  26  9  20  10  58  11  55  12  21  13  56  14  48  15  70  16  19  17  64  18  26  19  18
  0  13  1  4  2  99  3  83  4  96  5  18  6  19  7  60  8  87  9  35  10  57  11  46  12  47  13  96  14  12  15  49  16  18  17  92  18  52  19  91
  0  69  1  29  2  22  3  56  4  32  5  61  6  90  7  13  8  75  9  75  10  15  11  21  12  24  13  95  14  36  15  8  16  56  17  36  18  31  19  41
  0  12  1  50  2  11  3  69  4  95  5  33  6  4  7  97  8  66  9  74  10  95  11  98  12  44  13  78  14  92  15  11  16  78  17  93  18  42  19  47
  0  47  1  18  2  23  3  26  4  96  5  74  6  86  7  97  8  33  9  67  10  24  11  30  12  19  13  70  14  70  15  71  16  53  17  13  18  86  19  4
  0  28  1  43  2  72  3  67  4  81  5  9  6  11  7  99  8  5  9  73  10  36  11  35  12  69  13  50  14  74  15  52  16  76  17  46  18  16  19  72
  0  52  1  22  2  98  3  26  4  34  5  23  6  23  7  64  8  24  9  39  10  25  11  80  12  5  13  89  14  75  15  45  16  52  17  56  18  90  19  87
  0  73  1  89  2  59  3  91  4  64  5  74  6  25  7  56  8  69  9  36  10  93  11  56  12  78  13  11  14  35  15  9  16  2  17  9  18  4  19  20
  0  98  1  63  2  10  3  74  4  59  5  26  6  97  7  84  8  63  9  52  10  25  11  22  12  57  13  3  14  48  15  92  16  44  17  39  18  53  19  24
  0  47  1  91  2  87  3  82  4  14  5  35  6  87  7  43  8  78  9  97  10  2  11  65  12  62  13  82  14  61  15  61  16  23  17  82  18  34  19  48
  0  62  1  21  2  81  3  34  4  47  5  43  6  92  7  71  8  10  9  38  10  66  11  74  12  46  13  78  14  69  15  91  16  3  17  94  18  87  19  75
  0  34  1  30  2  57  3  89  4  82  5  37  6  22  7  54  8  86  9  12  10  81  11  7  12  38  13  85  14  5  15  35  16  43  17  11  18  34  19  18
  0  53  1  11  2  95  3  60  4  66  5  83  6  10  7  34  8  24  9  84  10  44  11  35  12  53  13  17  14  59  15  36  16  21  17  14  18  64  19  95
  0  7  1  85  2  37  3  37  4  14  5  62  6  19  7  22  8  63  9  77  10  62  11  79  12  52  13  41  14  3  15  67  16  71  17  15  18  84  19  64
  0  99  1  92  2  42  3  34  4  35  5  40  6  53  7  7  8  26  9  46  10  85  11  63  12  7  13  96  14  2  15  25  16  57  17  64  18  20  19  72
  0  38  1  84  2  23  3  64  4  76  5  60  6  73  7  14  8  89  9  98  10  67  11  48  12  88  13  5  14  42  15  67  16  92  17  49  18  33  19  61
  0  36  1  11  2  11  3  66  4  69  5  57  6  75  7  63  8  69  9  97  10  82  11  49  12  13  13  42  14  12  15  35  16  82  17  41  18  20  19  50
  0  13  1  84  2  36  3  58  4  89  5  1  6  84  7  14  8  52  9  66  10  45  11  19  12  77  13  29  14  90  15  47  16  45  17  1  18  62  19  54
  0  96  1  65  2  59  3  95  4  45  5  34  6  73  7  14  8  17  9  5  10  80  11  60  12  97  13  40  14  68  15  72  16  40  17  55  18  81  19  34
  0  54  1  85  2  85  3  55  4  67  5  70  6  3  7  80  8  47  9  79  10  64  11  6  12  18  13  66  14  77  15  40  16  10  17  11  18  9  19  81
  0  15  1  18  2  22  3  60  4  63  5  53  6  46  7  80  8  17  9  41  10  25  11  70  12  55  13  66  14  5  15  3  16  9  17  48  18  51  19  75
  0  51  1  69  2  89  3  35  4  56  5  92  6  42  7  90  8  91  9  95  10  65  11  73  12  3  13  90  14  37  15  99  16  94  17  33  18  49  19  77
  0  35  1  22  2  83  3  49  4  22  5  44  6  4  7  53  8  98  9  21  10  65  11  71  12  99  13  62  14  44  15  66  16  71  17  35  18  34  19  41
  0  93  1  81  2  47  3  85  4  92  5  79  6  45  7  61  8  40  9  9  10  61  11  67  12  50  13  61  14  2  15  80  16  40  17  19  18  34  19  56
  0  19  1  91  2  5  3  43  4  98  5  74  6  38  7  32  8  63  9  75  10  11  11  67  12  30  13  31  14  6  15  71  16  88  17  85  18  89  19  60
  0  13  1  30  2  66  3  60  4  55  5  14  6  98  7  56  8  5  9  66  10  99  11  19  12  41  13  10  14  51  15  95  16  16  17  38  18  81  19  72
  0  69  1  93  2  6  3  27  4  30  5  77  6  46  7  42  8  82  9  55  10  44  11  43  12  87  13  66  14  53  15  75  16  84  17  33  18  72  19  50
  0  29  1  30  2  57  3  5  4  29  5  71  6  17  7  69  8  86  9  10  10  85  11  35  12  66  13  65  14  31  15  61  16  36  17  26  18  24  19  65
  0  54  1  83  2  7  3  90  4  6  5  8  6  7  7  41  8  9  9  65  10  97  11  21  12  36  13  22  14  12  15  38  16  30  17  15  18  37  19  36
  0  7  1  64  2  64  3  76  4  73  5  60  6  72  7  93  8  8  9  49  10  48  11  68  12  73  13  5  14  4  15  17  16  71  17  65  18  19  19  90
  0  39  1  54  2  25  3  9  4  66  5  28  6  24  7  97  8  86  9  26  10  75  11  99  12  39  13  97  14  34  15  60  16  43  17  43  18  94  19  32
  0  14  1  91  2  78  3  35  4  2  5  4  6  85  7  68  8  54  9  69  10  78  11  66  12  26  13  36  14  81  15  36  16  74  17  2  18  2  19  23
  0  26  1  35  2  23  3  98  4  9  5  25  6  11  7  57  8  72  9  74  10  38  11  65  12  42  13  68  14  24  15  8  16  84  17  8  18  31  19  24
  0  86  1  69  2  79  3  20  4  58  5  46  6  69  7  9  8  25  9  68  10  9  11  9  12  65  13  18  14  95  15  4  16  6  17  82  18  13  19  47
  0  93  1  10  2  21  3  66  4  89  5  64  6  48  7  86  8  60  9  90  10  44  11  94  12  64  13  39  14  16  15  9  16  65  17  11  18  71  19  17
  0  2  1  24  2  57  3  11  4  12  5  95  6  36  7  17  8  83  9  28  10  60  11  17  12  80  13  2  14  34  15  89  16  72  17  36  18  65  19  29
  0  55  1  70  2  57  3  26  4  49  5  69  6  82  7  98  8  12  9  56  10  43  11  31  12  99  13  32  14  13  15  39  16  61  17  35  18  15  19  75
  0  60  1  36  2  74  3  61  4  43  5  95  6  49  7  73  8  16  9  7  10  41  11  51  12  83  13  12  14  29  15  94  16  66  17  71  18  78  19  64
  0  7  1  99  2  17  3  6  4  29  5  30  6  90  7  63  8  98  9  47  10  28  11  48  12  17  13  6  14  78  15  83  16  34  17  33  18  13  19  39
  0  63  1  73  2  92  3  26  4  52  5  25  6  43  7  12  8  4  9  77  10  1  11  85  12  94  13  57  14  5  15  78  16  12  17  24  18  60  19  11
  0  98  1  89  2  98  3  36  4  1  5  53  6  97  7  92  8  42  9  52  10  49  11  90  12  70  13  3  14  87  15  83  16  52  17  64  18  10  19  20
  0  15  1  41  2  49  3  53  4  59  5  37  6  90  7  69  8  87  9  88  10  40  11  67  12  23  13  65  14  75  15  74  16  22  17  17  18  56  19  9
  0  97  1  85  2  55  3  13  4  6  5  31  6  47  7  15  8  66  9  28  10  68  11  95  12  17  13  35  14  28  15  64  16  25  17  46  18  40  19  81
  0  8  1  72  2  1  3  75  4  24  5  21  6  35  7  30  8  53  9  54  10  83  11  56  12  67  13  60  14  11  15  76  16  54  17  65  18  44  19  65
  0  67  1  64  2  82  3  46  4  90  5  52  6  40  7  23  8  54  9  82  10  92  11  1  12  37  13  91  14  66  15  36  16  43  17  50  18  79  19  3
  0  34  1  44  2  9  3  70  4  59  5  98  6  66  7  32  8  14  9  82  10  99  11  41  12  15  13  61  14  43  15  15  16  81  17  6  18  88  19  43
  0  48  1  44  2  62  3  93  4  57  5  34  6  10  7  7  8  10  9  90  10  38  11  26  12  66  13  85  14  61  15  91  16  19  17  21  18  52  19  17
  0  95  1  30  2  90  3  3  4  59  5  56  6  67  7  75  8  99  9  29  10  82  11  44  12  47  13  21  14  43  15  14  16  61  17  57  18  58  19  6
  0  44  1  26  2  66  3  66  4  16  5  96  6  75  7  71  8  32  9  40  10  74  11  46  12  27  13  26  14  43  15  71  16  39  17  31  18  98  19  35
  0  17  1  77  2  29  3  56  4  33  5  99  6  6  7  94  8  57  9  88  10  87  11  5  12  54  13  86  14  47  15  21  16  14  17  17  18  84  19  65
  0  22  1  64  2  16  3  23  4  47  5  57  6  35  7  25  8  82  9  11  10  8  11  33  12  71  13  26  14  37  15  15  16  22  17  61  18  93  19  52
  0  67  1  26  2  27  3  37  4  38  5  45  6  87  7  22  8  53  9  6  10  24  11  39  12  53  13  98  14  35  15  28  16  10  17  84  18  95  19  99
  0  5  1  68  2  92  3  43  4  64  5  67  6  20  7  63  8  74  9  84  10  31  11  87  12  28  13  40  14  57  15  93  16  79  17  22  18  25  19  33
  0  93  1  44  2  31  3  66  4  28  5  43  6  67  7  29  8  84  9  35  10  7  11  89  12  14  13  21  14  76  15  70  16  61  17  18  18  88  19  54
  0  84  1  39  2  16  3  82  4  90  5  67  6  11  7  20  8  57  9  81  10  21  11  51  12  58  13  32  14  44  15  27  16  87  17  92  18  27  19  75
  0  52  1  9  2  2  3  44  4  4  5  31  6  9  7  53  8  92  9  13  10  58  11  47  12  91  13  94  14  24  15  3  16  17  17  19  18  70  19  22
  0  34  1  34  2  62  3  7  4  32  5  88  6  3  7  10  8  12  9  36  10  1  11  96  12  11  13  73  14  63  15  75  16  58  17  6  18  66  19  63
  0  50  1  8  2  45  3  10  4  67  5  14  6  8  7  95  8  87  9  73  10  72  11  63  12  63  13  35  14  65  15  62  16  67  17  56  18  50  19  12
  0  22  1  60  2  55  3  10  4  69  5  70  6  29  7  48  8  51  9  98  10  54  11  4  12  93  13  78  14  67  15  17  16  29  17  54  18  96  19  93
  0  93  1  81  2  2  3  65  4  88  5  85  6  72  7  13  8  77  9  95  10  29  11  36  12  75  13  46  14  31  15  12  16  53  17  9  18  85  19  89
  0  45  1  9  2  99  3  13  4  44  5  22  6  42  7  53  8  27  9  70  10  94  11  9  12  43  13  61  14  98  15  7  16  41  17  32  18  49  19  87
  0  42  1  87  2  83  3  95  4  70  5  69  6  49  7  81  8  1  9  69  10  72  11  80  12  89  13  79  14  61  15  58  16  86  17  54  18  92  19  8
  0  55  1  10  2  83  3  40  4  55  5  6  6  51  7  23  8  42  9  64  10  93  11  46  12  3  13  35  14  62  15  11  16  43  17  2  18  3  19  82
  0  65  1  3  2  79  3  62  4  27  5  1  6  21  7  44  8  71  9  12  10  38  11  80  12  45  13  18  14  22  15  64  16  65  17  73  18  2  19  11
  0  1  1  22  2  24  3  84  4  68  5  59  6  11  7  8  8  70  9  10  10  63  11  61  12  12  13  30  14  49  15  33  16  85  17  5  18  87  19  6
  0  13  1  53  2  6  3  76  4  66  5  33  6  46  7  45  8  22  9  97  10  42  11  20  12  16  13  84  14  90  15  27  16  9  17  3  18  80  19  24
  0  66  1  56  2  80  3  47  4  22  5  41  6  76  7  50  8  83  9  73  10  98  11  11  12  89  13  56  14  18  15  13  16  29  17  90  18  65  19  28
  0  87  1  78  2  19  3  62  4  76  5  80  6  65  7  34  8  59  9  28  10  21  11  1  12  85  13  98  14  78  15  49  16  90  17  98  18  5  19  25
  0  29  1  31  2  17  3  59  4  42  5  17  6  4  7  9  8  81  9  21  10  69  11  39  12  40  13  87  14  27  15  5  16  59  17  82  18  51  19  98
  0  19  1  20  2  86  3  89  4  21  5  89  6  58  7  63  8  27  9  35  10  32  11  32  12  18  13  47  14  31  15  86  16  77  17  54  18  90  19  96
  0  11  1  49  2  23  3  91  4  68  5  66  6  14  7  74  8  30  9  8  10  75  11  46  12  51  13  79  14  30  15  50  16  4  17  75  18  97  19  66
  0  53  1  52  2  6  3  99  4  37  5  39  6  56  7  58  8  65  9  8  10  9  11  13  12  44  13  95  14  66  15  76  16  79  17  29  18  78  19  53
  0  44  1  21  2  91  3  32  4  82  5  31  6  9  7  49  8  7  9  3  10  52  11  19  12  7  13  22  14  28  15  16  16  60  17  66  18  36  19  73
  0  41  1  35  2  89  3  4  4  47  5  77  6  17  7  71  8  91  9  57  10  72  11  82  12  45  13  30  14  79  15  50  16  5  17  20  18  78  19  61
  0  39  1  8  2  51  3  62  4  39  5  86  6  47  7  25  8  51  9  35  10  39  11  65  12  2  13  16  14  67  15  22  16  24  17  6  18  70  19  36
  0  38  1  4  2  97  3  63  4  67  5  88  6  48  7  22  8  72  9  9  10  99  11  67  12  50  13  26  14  5  15  23  16  14  17  61  18  69  19  31
  0  62  1  98  2  60  3  97  4  11  5  49  6  75  7  30  8  20  9  85  10  96  11  11  12  66  13  91  14  8  15  50  16  32  17  96  18  31  19  6
  0  7  1  82  2  33  3  59  4  29  5  85  6  94  7  9  8  13  9  27  10  48  11  94  12  37  13  52  14  22  15  68  16  93  17  56  18  50  19  95
  0  16  1  21  2  43  3  21  4  36  5  15  6  9  7  60  8  51  9  97  10  87  11  88  12  89  13  46  14  39  15  34  16  2  17  12  18  82  19  12
  0  26  1  40  2  88  3  34  4  5  5  39  6  72  7  10  8  42  9  74  10  31  11  96  12  36  13  9  14  35  15  74  16  24  17  38  18  57  19  64
  0  26  1  82  2  5  3  93  4  69  5  26  6  81  7  98  8  36  9  24  10  6  11  5  12  63  13  22  14  50  15  27  16  86  17  46  18  87  19  83
  0  10  1  66  2  56  3  18  4  39  5  41  6  71  7  61  8  19  9  94  10  62  11  93  12  45  13  85  14  96  15  75  16  57  17  65  18  28  19  65
  0  37  1  38  2  77  3  44  4  45  5  69  6  42  7  6  8  90  9  7  10  69  11  85  12  15  13  12  14  67  15  51  16  27  17  6  18  30  19  55
  0  25  1  88  2  83  3  36  4  86  5  88  6  3  7  22  8  30  9  33  10  42  11  56  12  50  13  65  14  89  15  71  16  8  17  45  18  24  19  63
  0  16  1  98  2  45  3  47  4  41  5  13  6  7  7  97  8  38  9  86  10  64  11  12  12  58  13  96  14  33  15  38  16  20  17  16  18  89  19  53
  0  25  1  13  2  94  3  99  4  57  5  10  6  8  7  8  8  98  9  85  10  10  11  51  12  48  13  46  14  69  15  28  16  35  17  88  18  18  19  64
  0  51  1  62  2  6  3  70  4  51  5  61  6  74  7  3  8  99  9  40  10  51  11  23  12  48  13  12  14  54  15  34  16  82  17  74  18  76  19  58
  0  83  1  95  2  62  3  74  4  65  5  17  6  26  7  23  8  8  9  82  10  47  11  68  12  82  13  6  14  59  15  51  16  50  17  1  18  21  19  92
  0  73  1  76  2  6  3  17  4  66  5  57  6  92  7  4  8  87  9  55  10  15  11  12  12  39  13  50  14  98  15  1  16  32  17  25  18  20  19  60
  0  33  1  56  2  41  3  32  4  88  5  86  6  10  7  60  8  13  9  98  10  40  11  27  12  75  13  87  14  2  15  53  16  12  17  95  18  83  19  61
  0  72  1  43  2  20  3  38  4  56  5  96  6  84  7  53  8  3  9  31  10  87  11  1  12  50  13  92  14  49  15  88  16  66  17  69  18  17  19  83
  0  15  1  12  2  50  3  82  4  29  5  79  6  10  7  85  8  80  9  94  10  1  11  67  12  78  13  26  14  65  15  91  16  42  17  49  18  39  19  12
  0  21  1  38  2  89  3  36  4  63  5  92  6  22  7  76  8  48  9  14  10  17  11  91  12  43  13  67  14  21  15  94  16  48  17  6  18  31  19  96
  0  32  1  42  2  20  3  89  4  83  5  86  6  1  7  9  8  16  9  96  10  33  11  17  12  20  13  97  14  14  15  93  16  38  17  80  18  12  19  43
  0  9  1  75  2  22  3  38  4  98  5  60  6  72  7  57  8  34  9  63  10  90  11  5  12  91  13  46  14  21  15  5  16  6  17  3  18  52  19  9
  0  12  1  93  2  87  3  63  4  19  5  5  6  74  7  30  8  7  9  98  10  70  11  43  12  60  13  4  14  24  15  57  16  98  17  59  18  77  19  19
  0  77  1  94  2  40  3  59  4  47  5  35  6  80  7  96  8  3  9  46  10  23  11  92  12  76  13  69  14  77  15  9  16  31  17  99  18  13  19  39
  0  64  1  11  2  54  3  40  4  54  5  46  6  86  7  68  8  73  9  2  10  60  11  89  12  60  13  89  14  60  15  44  16  49  17  57  18  80  19  57
  0  70  1  86  2  92  3  47  4  73  5  21  6  26  7  63  8  54  9  68  10  94  11  44  12  69  13  1  14  20  15  5  16  82  17  42  18  54  19  73
  0  65  1  94  2  96  3  36  4  50  5  81  6  56  7  73  8  16  9  82  10  4  11  85  12  44  13  87  14  16  15  39  16  78  17  15  18  11  19  97
  0  78  1  42  2  15  3  2  4  46  5  73  6  25  7  15  8  73  9  28  10  45  11  55  12  34  13  15  14  15  15  81  16  6  17  48  18  60  19  97
  0  27  1  98  2  34  3  88  4  97  5  9  6  27  7  18  8  81  9  89  10  59  11  40  12  80  13  97  14  94  15  3  16  81  17  52  18  30  19  56
  0  96  1  37  2  57  3  81  4  50  5  13  6  92  7  9  8  74  9  14  10  30  11  97  12  27  13  17  14  57  15  82  16  46  17  3  18  35  19  19
  0  86  1  55  2  52  3  76  4  28  5  57  6  80  7  70  8  26  9  82  10  95  11  24  12  60  13  94  14  60  15  1  16  2  17  6  18  61  19  56
  0  92  1  49  2  52  3  86  4  25  5  65  6  59  7  90  8  39  9  20  10  25  11  57  12  13  13  88  14  20  15  51  16  76  17  88  18  45  19  59
  0  96  1  29  2  84  3  20  4  10  5  24  6  5  7  48  8  87  9  83  10  2  11  23  12  86  13  69  14  39  15  13  16  91  17  96  18  30  19  42
  0  70  1  6  2  58  3  32  4  90  5  40  6  45  7  64  8  72  9  3  10  90  11  58  12  72  13  76  14  62  15  53  16  33  17  42  18  17  19  36
  0  23  1  4  2  49  3  63  4  69  5  33  6  27  7  55  8  65  9  79  10  58  11  77  12  69  13  99  14  76  15  25  16  67  17  28  18  63  19  75
  0  47  1  57  2  42  3  87  4  97  5  33  6  93  7  41  8  54  9  62  10  96  11  65  12  35  13  97  14  86  15  91  16  46  17  46  18  83  19  27
  0  46  1  5  2  38  3  41  4  7  5  39  6  92  7  99  8  5  9  43  10  59  11  3  12  26  13  57  14  53  15  3  16  78  17  22  18  47  19  11
  0  37  1  92  2  25  3  15  4  68  5  64  6  53  7  77  8  9  9  60  10  97  11  73  12  98  13  84  14  60  15  88  16  89  17  52  18  99  19  6
  0  75  1  44  2  70  3  21  4  21  5  51  6  4  7  90  8  88  9  90  10  90  11  92  12  85  13  36  14  56  15  49  16  77  17  73  18  35  19  51
  0  38  1  71  2  90  3  72  4  52  5  50  6  22  7  82  8  67  9  67  10  65  11  71  12  69  13  63  14  86  15  62  16  32  17  31  18  2  19  69
  0  62  1  6  2  96  3  30  4  42  5  92  6  22  7  16  8  34  9  66  10  73  11  97  12  7  13  21  14  4  15  35  16  99  17  52  18  18  19  90
  0  26  1  5  2  36  3  11  4  87  5  98  6  47  7  17  8  50  9  36  10  77  11  92  12  99  13  54  14  36  15  70  16  87  17  56  18  30  19  43
  0  22  1  54  2  58  3  63  4  73  5  94  6  11  7  6  8  96  9  65  10  47  11  92  12  91  13  82  14  32  15  20  16  48  17  23  18  46  19  34
  0  55  1  52  2  92  3  46  4  65  5  44  6  82  7  70  8  42  9  16  10  67  11  43  12  40  13  16  14  34  15  49  16  86  17  26  18  9  19  61
  0  65  1  78  2  9  3  73  4  28  5  12  6  53  7  76  8  81  9  77  10  26  11  20  12  15  13  8  14  33  15  47  16  86  17  2  18  13  19  95
  0  65  1  57  2  93  3  12  4  3  5  6  6  95  7  16  8  85  9  90  10  22  11  11  12  90  13  8  14  4  15  26  16  41  17  99  18  72  19  42
  0  32  1  72  2  82  3  38  4  87  5  79  6  10  7  46  8  56  9  75  10  3  11  17  12  56  13  59  14  48  15  26  16  35  17  43  18  86  19  81
  0  96  1  14  2  2  3  96  4  22  5  83  6  36  7  51  8  72  9  50  10  43  11  61  12  59  13  91  14  62  15  10  16  20  17  85  18  64  19  28
  0  30  1  33  2  31  3  14  4  52  5  97  6  44  7  48  8  77  9  21  10  7  11  21  12  36  13  61  14  25  15  93  16  71  17  61  18  9  19  58
  0  6  1  60  2  91  3  61  4  35  5  85  6  63  7  16  8  46  9  93  10  61  11  8  12  28  13  64  14  77  15  76  16  30  17  44  18  73  19  20
  0  86  1  2  2  5  3  68  4  9  5  47  6  95  7  10  8  17  9  13  10  28  11  64  12  60  13  25  14  23  15  52  16  47  17  76  18  36  19  93
  0  91  1  13  2  92  3  36  4  35  5  76  6  24  7  97  8  5  9  64  10  5  11  68  12  31  13  19  14  81  15  16  16  10  17  30  18  46  19  86
  0  1  1  34  2  1  3  93  4  96  5  31  6  18  7  26  8  97  9  59  10  82  11  38  12  70  13  1  14  77  15  95  16  98  17  99  18  54  19  83
  0  32  1  18  2  81  3  2  4  93  5  73  6  89  7  11  8  21  9  14  10  31  11  97  12  26  13  38  14  37  15  79  16  15  17  63  18  34  19  58
  0  99  1  95  2  55  3  1  4  85  5  58  6  62  7  99  8  32  9  82  10  52  11  44  12  5  13  64  14  25  15  14  16  71  17  40  18  32  19  61
  0  15  1  48  2  37  3  48  4  64  5  59  6  47  7  59  8  53  9  1  10  7  11  9  12  83  13  19  14  59  15  94  16  28  17  33  18  19  19  96
  0  11  1  96  2  5  3  97  4  56  5  53  6  32  7  77  8  75  9  61  10  64  11  31  12  54  13  27  14  71  15  78  16  47  17  52  18  42  19  84
  0  89  1  19  2  45  3  17  4  92  5  33  6  50  7  88  8  80  9  17  10  45  11  68  12  76  13  30  14  99  15  72  16  58  17  33  18  76  19  52
  0  31  1  52  2  93  3  44  4  89  5  90  6  73  7  59  8  73  9  94  10  37  11  9  12  39  13  87  14  37  15  8  16  83  17  13  18  37  19  7
  0  11  1  47  2  67  3  27  4  33  5  93  6  26  7  3  8  23  9  47  10  10  11  76  12  78  13  96  14  79  15  80  16  58  17  24  18  6  19  96
  0  5  1  78  2  46  3  95  4  59  5  71  6  46  7  87  8  28  9  2  10  77  11  36  12  78  13  8  14  35  15  18  16  48  17  19  18  75  19  30
  0  98  1  32  2  58  3  74  4  69  5  49  6  31  7  78  8  91  9  58  10  58  11  28  12  66  13  23  14  86  15  17  16  42  17  31  18  14  19  45
  0  12  1  14  2  83  3  17  4  33  5  25  6  29  7  22  8  56  9  56  10  39  11  7  12  76  13  21  14  27  15  51  16  73  17  35  18  11  19  33
  0  5  1  67  2  48  3  24  4  48  5  62  6  76  7  53  8  23  9  23  10  56  11  55  12  34  13  36  14  18  15  50  16  11  17  73  18  53  19  50
  0  53  1  77  2  13  3  88  4  82  5  43  6  94  7  97  8  70  9  47  10  31  11  99  12  7  13  75  14  17  15  86  16  5  17  53  18  36  19  89
  0  75  1  97  2  66  3  70  4  8  5  22  6  93  7  92  8  38  9  71  10  39  11  48  12  1  13  73  14  91  15  44  16  85  17  23  18  19  19  82
  0  57  1  54  2  57  3  88  4  91  5  46  6  36  7  53  8  52  9  72  10  86  11  22  12  9  13  2  14  16  15  30  16  61  17  98  18  77  19  60
  0  30  1  84  2  44  3  91  4  22  5  56  6  73  7  45  8  91  9  78  10  33  11  63  12  42  13  89  14  6  15  69  16  44  17  92  18  2  19  92
  0  73  1  18  2  51  3  52  4  76  5  77  6  50  7  55  8  37  9  60  10  85  11  28  12  91  13  20  14  53  15  91  16  8  17  58  18  55  19  73
  0  46  1  24  2  47  3  74  4  49  5  60  6  44  7  70  8  40  9  72  10  36  11  6  12  14  13  6  14  54  15  91  16  66  17  62  18  93  19  49
  0  89  1  75  2  87  3  24  4  15  5  34  6  77  7  92  8  10  9  33  10  39  11  19  12  33  13  71  14  47  15  37  16  17  17  43  18  92  19  76
  0  41  1  86  2  88  3  27  4  84  5  75  6  22  7  59  8  9  9  87  10  44  11  97  12  88  13  78  14  3  15  40  16  84  17  26  18  55  19  68
  0  45  1  51  2  26  3  79  4  75  5  23  6  96  7  55  8  97  9  84  10  21  11  29  12  98  13  83  14  35  15  25  16  59  17  82  18  82  19  78
  0  71  1  82  2  80  3  71  4  19  5  77  6  4  7  22  8  69  9  41  10  49  11  28  12  96  13  9  14  21  15  58  16  38  17  81  18  35  19  13
  0  55  1  1  2  53  3  31  4  55  5  55  6  78  7  98  8  75  9  8  10  64  11  86  12  61  13  68  14  53  15  21  16  77  17  49  18  14  19  73
  0  33  1  71  2  52  3  15  4  7  5  18  6  27  7  69  8  20  9  41  10  78  11  79  12  71  13  80  14  63  15  39  16  40  17  42  18  47  19  81
  0  36  1  49  2  99  3  23  4  25  5  65  6  93  7  82  8  77  9  41  10  9  11  58  12  23  13  51  14  79  15  2  16  87  17  12  18  51  19  34
  0  63  1  93  2  20  3  7  4  39  5  79  6  76  7  70  8  73  9  26  10  97  11  40  12  8  13  25  14  20  15  37  16  47  17  85  18  7  19  73
  0  44  1  70  2  13  3  95  4  78  5  62  6  77  7  95  8  11  9  45  10  4  11  79  12  48  13  25  14  28  15  27  16  67  17  28  18  70  19  99
  0  62  1  37  2  13  3  71  4  20  5  75  6  58  7  87  8  51  9  39  10  75  11  94  12  18  13  27  14  7  15  64  16  28  17  31  18  14  19  37
  0  14  1  92  2  91  3  42  4  92  5  18  6  50  7  58  8  78  9  23  10  74  11  58  12  5  13  48  14  99  15  7  16  67  17  59  18  52  19  40
  0  3  1  31  2  58  3  28  4  52  5  67  6  19  7  1  8  87  9  30  10  87  11  99  12  98  13  48  14  28  15  66  16  54  17  48  18  7  19  2
  0  7  1  32  2  68  3  35  4  86  5  80  6  94  7  12  8  9  9  57  10  38  11  65  12  3  13  59  14  92  15  40  16  16  17  22  18  30  19  96
  0  64  1  76  2  22  3  87  4  30  5  28  6  25  7  5  8  31  9  88  10  98  11  37  12  5  13  96  14  83  15  79  16  84  17  96  18  59  19  82
  0  66  1  68  2  53  3  46  4  93  5  19  6  89  7  81  8  91  9  88  10  74  11  6  12  52  13  33  14  67  15  39  16  39  17  67  18  97  19  16
  0  58  1  7  2  1  3  32  4  36  5  24  6  5  7  95  8  61  9  10  10  81  11  50  12  27  13  15  14  39  15  70  16  55  17  2  18  38  19  82
  0  75  1  38  2  35  3  36  4  35  5  7  6  99  7  27  8  18  9  21  10  61  11  67  12  12  13  65  14  65  15  33  16  78  17  94  18  67  19  47
  0  72  1  73  2  77  3  74  4  42  5  36  6  38  7  34  8  7  9  91  10  4  11  58  12  77  13  8  14  48  15  55  16  87  17  50  18  23  19  54
  0  24  1  66  2  33  3  35  4  5  5  23  6  21  7  72  8  24  9  57  10  57  11  55  12  59  13  88  14  88  15  54  16  24  17  94  18  91  19  42
TPM
  0  2857  1  2857  2  2857  3  2857  4  2857  5  2857  6  2857  7  2857  8  2857  9  2857  10  2857  11  2857  12  2857  13  2857  14  2857  15  2857  16  2857  17  2857  18  2857  19  2857
PMT
  0  8  1  70  2  28  3  5  4  23  5  10  6  2  7  87  8  70  9  64  10  66  11  58  12  80  13  98  14  34  15  2  16  91  17  33  18  72  19  63
  0  81  1  34  2  13  3  98  4  54  5  2  6  82  7  15  8  54  9  70  10  47  11  7  12  55  13  15  14  30  15  5  16  50  17  23  18  35  19  16
  0  35  1  90  2  87  3  8  4  72  5  34  6  82  7  59  8  62  9  45  10  2  11  3  12  69  13  13  14  24  15  14  16  77  17  4  18  53  19  20
  0  74  1  65  2  48  3  46  4  86  5  95  6  6  7  20  8  11  9  99  10  37  11  81  12  23  13  19  14  68  15  6  16  50  17  11  18  3  19  5
  0  51  1  2  2  68  3  70  4  23  5  56  6  32  7  95  8  39  9  33  10  24  11  61  12  90  13  4  14  45  15  90  16  77  17  79  18  25  19  95
  0  73  1  58  2  52  3  82  4  61  5  83  6  18  7  88  8  27  9  85  10  17  11  46  12  27  13  43  14  6  15  27  16  91  17  95  18  30  19  95
  0  38  1  69  2  41  3  66  4  75  5  25  6  86  7  73  8  43  9  28  10  36  11  60  12  17  13  92  14  72  15  75  16  71  17  64  18  74  19  23
  0  81  1  36  2  51  3  97  4  98  5  5  6  26  7  20  8  37  9  31  10  62  11  24  12  62  13  42  14  79  15  95  16  63  17  94  18  24  19  39
  0  37  1  1  2  65  3  27  4  36  5  63  6  44  7  73  8  58  9  87  10  98  11  10  12  56  13  59  14  33  15  80  16  16  17  17  18  18  19  74
  0  37  1  35  2  25  3  49  4  89  5  22  6  40  7  40  8  53  9  93  10  11  11  38  12  52  13  48  14  14  15  88  16  42  17  2  18  64  19  48
  0  20  1  21  2  80  3  83  4  55  5  75  6  89  7  26  8  65  9  4  10  45  11  3  12  81  13  49  14  66  15  97  16  85  17  29  18  51  19  25
  0  9  1  26  2  98  3  30  4  21  5  20  6  58  7  24  8  55  9  10  10  79  11  30  12  41  13  82  14  36  15  10  16  51  17  21  18  52  19  71
  0  74  1  86  2  49  3  98  4  76  5  85  6  85  7  51  8  5  9  26  10  64  11  9  12  56  13  15  14  47  15  80  16  15  17  58  18  54  19  90
  0  14  1  61  2  92  3  7  4  97  5  32  6  7  7  88  8  76  9  56  10  52  11  62  12  9  13  81  14  47  15  38  16  40  17  28  18  32  19  52
  0  91  1  20  2  63  3  82  4  87  5  6  6  11  7  65  8  44  9  4  10  32  11  32  12  69  13  98  14  52  15  22  16  52  17  75  18  62  19  53
  0  31  1  59  2  23  3  52  4  73  5  99  6  35  7  79  8  6  9  29  10  10  11  98  12  79  13  66  14  53  15  68  16  58  17  62  18  49  19  66
  0  57  1  87  2  99  3  74  4  85  5  34  6  63  7  80  8  57  9  65  10  98  11  66  12  76  13  30  14  98  15  2  16  11  17  48  18  82  19  66
  0  21  1  11  2  71  3  50  4  91  5  65  6  69  7  24  8  87  9  68  10  24  11  73  12  43  13  41  14  42  15  26  16  43  17  52  18  80  19  43
