20  15
  0  9  1  76  2  4  3  97  4  45  5  1  6  81  7  25  8  50  9  1  10  40  11  36  12  22  13  50  14  72
  0  1  1  29  2  6  3  91  4  85  5  73  6  74  7  19  8  42  9  96  10  87  11  48  12  55  13  92  14  89
  0  30  1  26  2  72  3  42  4  78  5  39  6  19  7  94  8  2  9  67  10  11  11  96  12  98  13  83  14  8
  0  19  1  71  2  89  3  26  4  31  5  57  6  99  7  54  8  55  9  73  10  17  11  70  12  71  13  22  14  96
  0  78  1  73  2  9  3  99  4  68  5  71  6  71  7  51  8  63  9  14  10  13  11  79  12  13  13  68  14  94
  0  3  1  49  2  65  3  35  4  70  5  10  6  29  7  3  8  87  9  87  10  18  11  25  12  85  13  83  14  68
  0  33  1  1  2  46  3  4  4  19  5  89  6  38  7  56  8  74  9  85  10  71  11  17  12  39  13  76  14  75
  0  1  1  85  2  59  3  15  4  10  5  96  6  91  7  64  8  13  9  34  10  68  11  2  12  82  13  99  14  70
  0  75  1  58  2  27  3  75  4  68  5  37  6  68  7  23  8  62  9  82  10  56  11  77  12  53  13  30  14  59
  0  34  1  7  2  22  3  52  4  51  5  33  6  90  7  89  8  11  9  15  10  92  11  33  12  40  13  34  14  35
  0  74  1  49  2  73  3  69  4  72  5  59  6  84  7  46  8  66  9  36  10  58  11  33  12  65  13  42  14  29
  0  52  1  1  2  83  3  4  4  6  5  4  6  11  7  98  8  68  9  49  10  94  11  24  12  72  13  59  14  88
  0  40  1  34  2  81  3  57  4  93  5  73  6  67  7  27  8  93  9  27  10  25  11  73  12  83  13  82  14  22
  0  79  1  36  2  52  3  45  4  14  5  52  6  73  7  76  8  3  9  71  10  22  11  14  12  14  13  93  14  52
  0  49  1  77  2  88  3  10  4  99  5  88  6  43  7  85  8  35  9  81  10  63  11  93  12  57  13  86  14  37
  0  6  1  25  2  73  3  24  4  68  5  24  6  74  7  30  8  88  9  30  10  22  11  73  12  51  13  20  14  51
  0  67  1  26  2  14  3  58  4  61  5  61  6  63  7  94  8  17  9  71  10  26  11  64  12  22  13  82  14  77
  0  35  1  53  2  68  3  51  4  89  5  58  6  12  7  21  8  69  9  98  10  61  11  55  12  99  13  89  14  78
  0  10  1  94  2  24  3  84  4  42  5  61  6  54  7  56  8  55  9  84  10  98  11  36  12  17  13  44  14  62
  0  48  1  1  2  87  3  8  4  35  5  52  6  73  7  16  8  59  9  71  10  61  11  15  12  47  13  66  14  98
TPM
  0  530  1  530  2  530  3  530  4  530  5  530  6  530  7  530  8  530  9  530  10  530  11  530  12  530  13  530  14  530
PMT
  0  72  1  43  2  25  3  40  4  83  5  13  6  1  7  1  8  78  9  35  10  14  11  25  12  61  13  35  14  11
  0  26  1  44  2  68  3  46  4  18  5  15  6  62  7  56  8  58  9  90  10  62  11  61  12  72  13  18  14  48
  0  4  1  15  2  37  3  7  4  8  5  91  6  4  7  92  8  31  9  75  10  58  11  8  12  24  13  42  14  67
  0  65  1  38  2  47  3  88  4  37  5  31  6  10  7  28  8  5  9  70  10  58  11  87  12  41  13  30  14  81
