200  15
  0  87  1  36  2  88  3  98  4  31  5  44  6  6  7  2  8  40  9  65  10  70  11  20  12  24  13  58  14  78
  0  83  1  92  2  94  3  87  4  4  5  44  6  95  7  46  8  7  9  88  10  52  11  59  12  83  13  85  14  88
  0  2  1  8  2  83  3  82  4  53  5  56  6  2  7  32  8  36  9  27  10  81  11  37  12  63  13  45  14  1
  0  44  1  41  2  7  3  34  4  53  5  81  6  85  7  92  8  9  9  12  10  22  11  88  12  7  13  89  14  50
  0  92  1  96  2  64  3  45  4  96  5  55  6  43  7  96  8  84  9  69  10  48  11  33  12  79  13  52  14  71
  0  55  1  33  2  65  3  74  4  56  5  47  6  50  7  79  8  39  9  64  10  64  11  47  12  49  13  71  14  85
  0  55  1  93  2  86  3  36  4  99  5  4  6  26  7  34  8  91  9  73  10  84  11  68  12  36  13  79  14  67
  0  62  1  98  2  48  3  54  4  76  5  87  6  56  7  86  8  51  9  39  10  45  11  7  12  97  13  59  14  16
  0  4  1  99  2  59  3  18  4  19  5  59  6  2  7  50  8  34  9  18  10  32  11  48  12  46  13  34  14  72
  0  7  1  92  2  91  3  96  4  83  5  86  6  77  7  13  8  63  9  71  10  38  11  22  12  95  13  11  14  38
  0  34  1  28  2  64  3  33  4  57  5  82  6  32  7  63  8  94  9  80  10  46  11  26  12  1  13  89  14  51
  0  70  1  3  2  42  3  15  4  34  5  72  6  73  7  41  8  11  9  13  10  66  11  86  12  19  13  90  14  88
  0  2  1  10  2  30  3  77  4  46  5  41  6  54  7  7  8  57  9  89  10  25  11  27  12  54  13  99  14  37
  0  75  1  23  2  73  3  52  4  90  5  11  6  53  7  83  8  92  9  19  10  67  11  71  12  87  13  79  14  17
  0  8  1  28  2  46  3  33  4  85  5  39  6  56  7  45  8  8  9  68  10  13  11  27  12  69  13  53  14  12
  0  98  1  79  2  88  3  21  4  35  5  20  6  44  7  69  8  83  9  36  10  69  11  10  12  83  13  5  14  81
  0  60  1  77  2  39  3  30  4  51  5  22  6  14  7  68  8  17  9  42  10  29  11  99  12  10  13  7  14  29
  0  53  1  38  2  4  3  69  4  24  5  46  6  45  7  85  8  75  9  93  10  28  11  92  12  93  13  90  14  38
  0  51  1  37  2  6  3  67  4  51  5  14  6  60  7  88  8  7  9  6  10  63  11  95  12  76  13  93  14  45
  0  8  1  32  2  58  3  15  4  16  5  49  6  79  7  38  8  85  9  1  10  41  11  2  12  63  13  64  14  11
  0  30  1  57  2  78  3  72  4  54  5  73  6  12  7  9  8  58  9  38  10  30  11  73  12  44  13  40  14  65
  0  99  1  7  2  53  3  34  4  29  5  90  6  57  7  63  8  65  9  74  10  36  11  96  12  78  13  25  14  34
  0  13  1  25  2  85  3  13  4  78  5  43  6  12  7  99  8  92  9  54  10  65  11  72  12  28  13  77  14  24
  0  81  1  57  2  27  3  70  4  13  5  16  6  60  7  74  8  67  9  56  10  95  11  72  12  68  13  79  14  11
  0  9  1  56  2  55  3  96  4  3  5  20  6  71  7  33  8  45  9  75  10  64  11  92  12  46  13  87  14  20
  0  5  1  79  2  94  3  69  4  40  5  2  6  1  7  85  8  80  9  43  10  11  11  76  12  95  13  88  14  54
  0  33  1  41  2  13  3  14  4  57  5  47  6  15  7  42  8  5  9  63  10  85  11  47  12  98  13  77  14  99
  0  74  1  4  2  26  3  4  4  27  5  67  6  62  7  55  8  74  9  77  10  49  11  33  12  67  13  72  14  96
  0  19  1  56  2  17  3  57  4  11  5  65  6  35  7  52  8  48  9  85  10  49  11  83  12  30  13  80  14  71
  0  69  1  67  2  22  3  50  4  95  5  1  6  93  7  72  8  74  9  73  10  41  11  53  12  59  13  50  14  41
  0  94  1  37  2  96  3  35  4  68  5  30  6  90  7  35  8  61  9  47  10  14  11  3  12  6  13  80  14  38
  0  65  1  59  2  36  3  27  4  12  5  12  6  50  7  91  8  82  9  52  10  17  11  90  12  48  13  1  14  36
  0  59  1  54  2  94  3  65  4  95  5  45  6  99  7  11  8  53  9  21  10  54  11  26  12  14  13  90  14  1
  0  69  1  34  2  10  3  39  4  54  5  96  6  21  7  14  8  8  9  9  10  48  11  30  12  85  13  26  14  93
  0  33  1  40  2  91  3  51  4  27  5  35  6  29  7  38  8  1  9  37  10  17  11  89  12  88  13  38  14  41
  0  93  1  84  2  1  3  7  4  40  5  89  6  8  7  34  8  24  9  59  10  71  11  3  12  19  13  79  14  34
  0  92  1  16  2  92  3  61  4  44  5  94  6  45  7  11  8  47  9  58  10  38  11  26  12  9  13  78  14  86
  0  93  1  74  2  98  3  38  4  58  5  7  6  7  7  92  8  88  9  35  10  87  11  27  12  26  13  33  14  93
  0  24  1  77  2  87  3  3  4  45  5  25  6  74  7  67  8  7  9  62  10  43  11  47  12  54  13  78  14  74
  0  94  1  26  2  57  3  82  4  40  5  66  6  58  7  51  8  78  9  31  10  96  11  36  12  77  13  74  14  39
  0  76  1  38  2  42  3  83  4  3  5  84  6  85  7  88  8  7  9  75  10  70  11  68  12  44  13  42  14  68
  0  80  1  72  2  18  3  33  4  53  5  25  6  96  7  3  8  48  9  21  10  44  11  87  12  37  13  9  14  51
  0  33  1  61  2  24  3  90  4  61  5  81  6  13  7  38  8  34  9  40  10  28  11  41  12  94  13  14  14  21
  0  73  1  76  2  96  3  73  4  93  5  86  6  65  7  49  8  92  9  4  10  9  11  60  12  13  13  48  14  28
  0  68  1  63  2  12  3  26  4  78  5  61  6  60  7  57  8  86  9  84  10  37  11  5  12  90  13  12  14  41
  0  94  1  80  2  69  3  51  4  78  5  64  6  43  7  17  8  31  9  90  10  97  11  56  12  56  13  76  14  16
  0  99  1  90  2  67  3  63  4  97  5  48  6  59  7  27  8  71  9  53  10  79  11  92  12  70  13  37  14  8
  0  50  1  73  2  13  3  69  4  51  5  41  6  58  7  46  8  54  9  7  10  49  11  74  12  27  13  71  14  36
  0  44  1  3  2  32  3  55  4  97  5  96  6  51  7  29  8  98  9  38  10  76  11  73  12  37  13  74  14  32
  0  25  1  61  2  43  3  56  4  76  5  75  6  37  7  71  8  51  9  32  10  85  11  89  12  75  13  17  14  40
  0  89  1  28  2  98  3  44  4  34  5  62  6  87  7  4  8  13  9  49  10  42  11  14  12  11  13  74  14  92
  0  86  1  49  2  89  3  94  4  95  5  54  6  4  7  22  8  40  9  46  10  54  11  51  12  67  13  50  14  23
  0  20  1  43  2  73  3  45  4  40  5  30  6  97  7  57  8  9  9  20  10  97  11  72  12  50  13  43  14  60
  0  75  1  69  2  33  3  75  4  86  5  15  6  35  7  35  8  20  9  72  10  67  11  42  12  50  13  45  14  99
  0  26  1  61  2  76  3  86  4  15  5  34  6  34  7  73  8  17  9  93  10  69  11  75  12  96  13  47  14  98
  0  85  1  61  2  50  3  79  4  63  5  90  6  2  7  92  8  6  9  69  10  58  11  33  12  24  13  15  14  2
  0  72  1  52  2  4  3  21  4  68  5  66  6  33  7  71  8  9  9  4  10  86  11  35  12  17  13  97  14  79
  0  4  1  74  2  73  3  5  4  32  5  25  6  69  7  1  8  54  9  66  10  74  11  27  12  59  13  43  14  8
  0  97  1  56  2  2  3  65  4  25  5  88  6  67  7  25  8  72  9  68  10  58  11  74  12  3  13  50  14  39
  0  8  1  91  2  54  3  81  4  6  5  29  6  11  7  95  8  90  9  40  10  97  11  34  12  30  13  79  14  73
  0  85  1  13  2  96  3  43  4  18  5  50  6  79  7  7  8  33  9  47  10  5  11  69  12  39  13  56  14  63
  0  17  1  60  2  22  3  53  4  95  5  35  6  54  7  28  8  36  9  70  10  13  11  67  12  17  13  60  14  77
  0  2  1  55  2  80  3  30  4  98  5  74  6  20  7  87  8  12  9  80  10  13  11  67  12  26  13  51  14  70
  0  43  1  68  2  21  3  46  4  52  5  63  6  5  7  67  8  59  9  45  10  13  11  19  12  65  13  68  14  29
  0  72  1  46  2  68  3  70  4  86  5  42  6  64  7  44  8  21  9  29  10  15  11  67  12  46  13  60  14  62
  0  23  1  40  2  46  3  19  4  55  5  2  6  7  7  96  8  45  9  22  10  33  11  75  12  6  13  96  14  22
  0  56  1  86  2  63  3  83  4  56  5  90  6  4  7  31  8  31  9  32  10  48  11  96  12  37  13  87  14  59
  0  51  1  64  2  27  3  94  4  99  5  18  6  22  7  67  8  88  9  5  10  60  11  59  12  57  13  65  14  37
  0  52  1  4  2  69  3  72  4  89  5  57  6  45  7  95  8  68  9  70  10  15  11  96  12  41  13  81  14  73
  0  15  1  69  2  7  3  10  4  39  5  49  6  57  7  69  8  28  9  28  10  95  11  15  12  77  13  51  14  84
  0  14  1  84  2  21  3  77  4  75  5  3  6  69  7  56  8  14  9  73  10  58  11  33  12  7  13  83  14  56
  0  47  1  74  2  83  3  80  4  41  5  2  6  66  7  80  8  90  9  78  10  92  11  4  12  21  13  33  14  6
  0  84  1  37  2  70  3  87  4  26  5  52  6  64  7  28  8  89  9  89  10  44  11  21  12  87  13  83  14  73
  0  18  1  61  2  25  3  41  4  85  5  86  6  12  7  71  8  50  9  29  10  95  11  54  12  38  13  54  14  52
  0  38  1  39  2  60  3  7  4  38  5  41  6  83  7  85  8  57  9  29  10  96  11  85  12  19  13  39  14  13
  0  83  1  60  2  9  3  40  4  19  5  25  6  69  7  72  8  23  9  76  10  63  11  1  12  85  13  5  14  98
  0  79  1  75  2  89  3  52  4  94  5  58  6  67  7  97  8  93  9  78  10  98  11  22  12  4  13  93  14  25
  0  41  1  26  2  89  3  87  4  49  5  89  6  2  7  30  8  41  9  10  10  25  11  1  12  13  13  65  14  95
  0  39  1  13  2  18  3  69  4  21  5  4  6  16  7  24  8  65  9  68  10  50  11  77  12  60  13  54  14  86
  0  84  1  46  2  46  3  62  4  55  5  53  6  12  7  22  8  18  9  13  10  67  11  59  12  11  13  53  14  38
  0  55  1  80  2  72  3  30  4  47  5  8  6  42  7  34  8  67  9  9  10  87  11  22  12  34  13  76  14  42
  0  6  1  86  2  48  3  71  4  79  5  91  6  25  7  31  8  56  9  60  10  79  11  79  12  70  13  72  14  22
  0  72  1  11  2  69  3  16  4  16  5  5  6  82  7  61  8  42  9  67  10  6  11  85  12  41  13  83  14  14
  0  12  1  67  2  90  3  9  4  94  5  89  6  77  7  25  8  44  9  71  10  23  11  46  12  72  13  88  14  30
  0  87  1  42  2  21  3  35  4  68  5  96  6  85  7  2  8  80  9  94  10  83  11  12  12  5  13  98  14  86
  0  40  1  50  2  65  3  89  4  55  5  20  6  54  7  92  8  81  9  14  10  48  11  2  12  33  13  32  14  50
  0  50  1  83  2  34  3  3  4  88  5  50  6  78  7  38  8  97  9  91  10  36  11  69  12  7  13  56  14  47
  0  63  1  33  2  32  3  89  4  67  5  85  6  78  7  54  8  78  9  73  10  42  11  47  12  72  13  26  14  93
  0  84  1  39  2  26  3  29  4  30  5  79  6  92  7  25  8  89  9  78  10  72  11  53  12  81  13  41  14  29
  0  71  1  34  2  64  3  45  4  59  5  71  6  89  7  61  8  71  9  8  10  38  11  24  12  19  13  52  14  45
  0  23  1  94  2  86  3  32  4  30  5  19  6  81  7  93  8  76  9  63  10  54  11  72  12  27  13  75  14  91
  0  60  1  44  2  15  3  78  4  57  5  35  6  80  7  20  8  52  9  48  10  80  11  42  12  26  13  42  14  75
  0  96  1  88  2  51  3  6  4  33  5  96  6  26  7  65  8  84  9  11  10  9  11  2  12  91  13  96  14  85
  0  51  1  75  2  74  3  22  4  24  5  8  6  67  7  70  8  10  9  51  10  19  11  3  12  81  13  80  14  53
  0  24  1  87  2  87  3  24  4  43  5  82  6  34  7  67  8  32  9  37  10  24  11  44  12  85  13  9  14  83
  0  49  1  69  2  84  3  86  4  24  5  9  6  19  7  64  8  91  9  66  10  22  11  70  12  97  13  12  14  84
  0  14  1  51  2  69  3  35  4  69  5  64  6  10  7  62  8  13  9  51  10  14  11  62  12  73  13  49  14  32
  0  85  1  74  2  48  3  4  4  85  5  14  6  48  7  29  8  4  9  3  10  94  11  92  12  47  13  69  14  45
  0  84  1  35  2  94  3  74  4  77  5  9  6  27  7  20  8  36  9  64  10  8  11  23  12  92  13  26  14  95
  0  29  1  94  2  67  3  76  4  29  5  14  6  71  7  85  8  77  9  80  10  64  11  94  12  14  13  69  14  75
  0  32  1  60  2  60  3  6  4  39  5  94  6  50  7  5  8  83  9  95  10  86  11  92  12  69  13  32  14  38
  0  71  1  44  2  32  3  51  4  22  5  62  6  52  7  29  8  70  9  70  10  41  11  42  12  71  13  22  14  55
  0  68  1  53  2  29  3  89  4  2  5  8  6  30  7  5  8  92  9  29  10  2  11  92  12  99  13  31  14  65
  0  92  1  74  2  97  3  58  4  50  5  4  6  48  7  71  8  93  9  77  10  15  11  75  12  61  13  64  14  75
  0  83  1  97  2  13  3  84  4  21  5  22  6  1  7  82  8  11  9  19  10  8  11  94  12  83  13  6  14  92
  0  50  1  74  2  93  3  74  4  65  5  69  6  22  7  81  8  79  9  5  10  54  11  90  12  46  13  47  14  56
  0  78  1  13  2  91  3  87  4  78  5  33  6  58  7  94  8  74  9  3  10  91  11  71  12  4  13  21  14  69
  0  27  1  57  2  1  3  90  4  92  5  65  6  89  7  95  8  31  9  40  10  81  11  29  12  52  13  99  14  15
  0  71  1  40  2  89  3  99  4  72  5  43  6  91  7  17  8  79  9  88  10  66  11  76  12  45  13  15  14  88
  0  37  1  39  2  42  3  63  4  16  5  23  6  17  7  24  8  44  9  46  10  7  11  61  12  53  13  75  14  26
  0  40  1  78  2  70  3  22  4  80  5  38  6  64  7  52  8  30  9  17  10  12  11  30  12  47  13  44  14  10
  0  25  1  71  2  79  3  12  4  33  5  57  6  13  7  93  8  65  9  77  10  62  11  18  12  23  13  54  14  26
  0  37  1  37  2  47  3  1  4  9  5  7  6  11  7  11  8  24  9  73  10  24  11  66  12  73  13  91  14  14
  0  78  1  85  2  95  3  64  4  91  5  45  6  75  7  60  8  92  9  37  10  7  11  9  12  33  13  97  14  99
  0  54  1  63  2  72  3  63  4  56  5  57  6  89  7  92  8  16  9  82  10  19  11  35  12  53  13  60  14  69
  0  90  1  90  2  84  3  40  4  43  5  79  6  26  7  37  8  44  9  72  10  36  11  6  12  79  13  48  14  5
  0  61  1  2  2  23  3  63  4  5  5  6  6  9  7  26  8  53  9  75  10  8  11  5  12  30  13  36  14  52
  0  50  1  93  2  88  3  28  4  1  5  1  6  2  7  32  8  43  9  21  10  5  11  69  12  10  13  62  14  92
  0  80  1  81  2  72  3  39  4  50  5  54  6  21  7  85  8  43  9  96  10  80  11  45  12  75  13  8  14  54
  0  47  1  5  2  45  3  32  4  93  5  1  6  98  7  63  8  28  9  37  10  9  11  74  12  21  13  3  14  61
  0  85  1  27  2  41  3  27  4  84  5  66  6  49  7  1  8  71  9  42  10  2  11  66  12  91  13  87  14  83
  0  6  1  4  2  7  3  46  4  13  5  57  6  60  7  14  8  82  9  83  10  97  11  13  12  98  13  11  14  51
  0  1  1  22  2  69  3  30  4  15  5  62  6  41  7  85  8  61  9  96  10  70  11  38  12  27  13  38  14  45
  0  84  1  76  2  97  3  1  4  25  5  65  6  77  7  31  8  84  9  96  10  89  11  84  12  6  13  77  14  96
  0  83  1  48  2  69  3  5  4  19  5  24  6  41  7  67  8  73  9  43  10  57  11  71  12  97  13  54  14  65
  0  26  1  38  2  11  3  70  4  62  5  85  6  83  7  99  8  21  9  6  10  13  11  6  12  87  13  51  14  71
  0  53  1  92  2  84  3  62  4  90  5  8  6  54  7  98  8  10  9  76  10  3  11  30  12  29  13  84  14  94
  0  92  1  62  2  47  3  8  4  38  5  61  6  63  7  10  8  31  9  41  10  86  11  20  12  32  13  24  14  80
  0  33  1  29  2  61  3  86  4  44  5  36  6  22  7  9  8  12  9  15  10  62  11  86  12  38  13  81  14  98
  0  32  1  69  2  75  3  65  4  31  5  29  6  33  7  21  8  47  9  40  10  88  11  31  12  69  13  4  14  78
  0  61  1  4  2  46  3  38  4  26  5  85  6  35  7  9  8  99  9  71  10  38  11  4  12  91  13  49  14  78
  0  82  1  16  2  38  3  92  4  45  5  26  6  13  7  19  8  59  9  96  10  41  11  57  12  49  13  64  14  29
  0  76  1  31  2  53  3  25  4  66  5  74  6  72  7  2  8  65  9  17  10  34  11  40  12  98  13  66  14  42
  0  73  1  13  2  58  3  52  4  64  5  98  6  64  7  93  8  35  9  30  10  73  11  15  12  57  13  57  14  73
  0  84  1  76  2  44  3  14  4  63  5  45  6  37  7  36  8  27  9  59  10  83  11  90  12  14  13  43  14  67
  0  75  1  10  2  28  3  17  4  81  5  10  6  3  7  87  8  15  9  21  10  50  11  55  12  27  13  75  14  89
  0  47  1  92  2  89  3  84  4  5  5  98  6  79  7  97  8  63  9  43  10  20  11  86  12  77  13  53  14  4
  0  90  1  37  2  71  3  42  4  38  5  57  6  71  7  17  8  77  9  23  10  2  11  63  12  16  13  27  14  69
  0  57  1  16  2  51  3  9  4  27  5  83  6  43  7  99  8  19  9  49  10  17  11  32  12  79  13  23  14  73
  0  27  1  44  2  76  3  13  4  67  5  39  6  88  7  90  8  90  9  27  10  47  11  30  12  48  13  76  14  99
  0  17  1  44  2  15  3  95  4  6  5  95  6  98  7  61  8  34  9  79  10  23  11  99  12  30  13  62  14  38
  0  14  1  38  2  28  3  54  4  76  5  13  6  47  7  50  8  20  9  58  10  48  11  21  12  3  13  3  14  98
  0  17  1  76  2  35  3  90  4  78  5  71  6  62  7  95  8  54  9  61  10  41  11  44  12  61  13  81  14  3
  0  13  1  29  2  12  3  74  4  67  5  27  6  50  7  70  8  61  9  79  10  30  11  96  12  97  13  6  14  66
  0  93  1  16  2  45  3  27  4  30  5  40  6  56  7  69  8  85  9  22  10  97  11  87  12  18  13  44  14  29
  0  58  1  96  2  84  3  86  4  78  5  28  6  51  7  33  8  39  9  32  10  35  11  79  12  78  13  25  14  38
  0  15  1  96  2  25  3  85  4  20  5  43  6  91  7  25  8  32  9  96  10  55  11  57  12  83  13  2  14  6
  0  76  1  48  2  29  3  38  4  94  5  47  6  83  7  81  8  82  9  22  10  69  11  60  12  61  13  56  14  77
  0  57  1  15  2  9  3  80  4  78  5  13  6  4  7  22  8  45  9  67  10  66  11  46  12  63  13  56  14  18
  0  21  1  35  2  84  3  66  4  24  5  18  6  85  7  49  8  3  9  56  10  58  11  15  12  46  13  30  14  4
  0  66  1  2  2  92  3  17  4  74  5  42  6  2  7  23  8  61  9  69  10  59  11  89  12  97  13  89  14  19
  0  42  1  59  2  22  3  27  4  55  5  61  6  6  7  90  8  16  9  31  10  22  11  13  12  70  13  15  14  62
  0  30  1  97  2  18  3  80  4  21  5  79  6  26  7  35  8  7  9  60  10  57  11  98  12  38  13  5  14  38
  0  85  1  43  2  10  3  16  4  41  5  89  6  21  7  33  8  71  9  74  10  68  11  35  12  34  13  53  14  8
  0  97  1  88  2  64  3  46  4  72  5  2  6  21  7  83  8  3  9  47  10  68  11  91  12  57  13  32  14  26
  0  25  1  79  2  73  3  69  4  23  5  49  6  67  7  22  8  61  9  10  10  50  11  53  12  41  13  4  14  37
  0  15  1  53  2  18  3  83  4  49  5  25  6  41  7  13  8  60  9  55  10  71  11  98  12  28  13  4  14  32
  0  98  1  9  2  55  3  88  4  74  5  49  6  19  7  72  8  53  9  10  10  97  11  47  12  4  13  72  14  58
  0  79  1  41  2  76  3  84  4  5  5  83  6  18  7  78  8  87  9  16  10  94  11  65  12  26  13  43  14  88
  0  2  1  49  2  35  3  7  4  97  5  9  6  95  7  46  8  1  9  48  10  6  11  31  12  1  13  25  14  27
  0  44  1  60  2  10  3  62  4  54  5  77  6  65  7  12  8  15  9  23  10  26  11  74  12  71  13  30  14  84
  0  66  1  17  2  13  3  82  4  86  5  83  6  48  7  59  8  23  9  36  10  45  11  92  12  89  13  50  14  83
  0  54  1  46  2  42  3  9  4  41  5  23  6  7  7  98  8  83  9  72  10  99  11  44  12  22  13  6  14  25
  0  11  1  93  2  87  3  47  4  85  5  3  6  6  7  38  8  98  9  38  10  29  11  13  12  96  13  74  14  29
  0  22  1  5  2  66  3  23  4  5  5  86  6  22  7  55  8  28  9  15  10  20  11  53  12  47  13  97  14  95
  0  89  1  78  2  16  3  28  4  59  5  73  6  84  7  85  8  52  9  12  10  36  11  18  12  66  13  80  14  73
  0  10  1  6  2  89  3  71  4  24  5  50  6  37  7  95  8  4  9  99  10  53  11  85  12  9  13  23  14  44
  0  10  1  14  2  58  3  46  4  96  5  84  6  63  7  56  8  1  9  7  10  95  11  84  12  43  13  48  14  72
  0  60  1  61  2  70  3  57  4  84  5  32  6  15  7  53  8  6  9  60  10  37  11  2  12  54  13  64  14  65
  0  35  1  92  2  78  3  1  4  8  5  29  6  51  7  91  8  20  9  20  10  39  11  44  12  12  13  71  14  97
  0  56  1  65  2  85  3  18  4  78  5  81  6  31  7  81  8  53  9  90  10  40  11  22  12  76  13  18  14  46
  0  3  1  78  2  25  3  9  4  68  5  26  6  86  7  18  8  22  9  99  10  77  11  53  12  30  13  77  14  83
  0  32  1  72  2  44  3  48  4  3  5  68  6  7  7  32  8  37  9  61  10  79  11  54  12  37  13  45  14  77
  0  10  1  78  2  47  3  14  4  12  5  22  6  20  7  16  8  4  9  94  10  97  11  88  12  20  13  7  14  22
  0  87  1  4  2  62  3  36  4  90  5  5  6  76  7  12  8  80  9  23  10  3  11  57  12  61  13  69  14  55
  0  13  1  95  2  48  3  42  4  37  5  15  6  95  7  77  8  38  9  45  10  26  11  26  12  13  13  64  14  62
  0  98  1  83  2  56  3  71  4  96  5  52  6  54  7  4  8  80  9  16  10  75  11  23  12  19  13  2  14  92
  0  92  1  19  2  31  3  88  4  13  5  68  6  10  7  1  8  62  9  32  10  3  11  42  12  76  13  72  14  45
  0  59  1  54  2  8  3  4  4  68  5  94  6  10  7  80  8  65  9  94  10  7  11  18  12  21  13  61  14  61
  0  69  1  93  2  13  3  14  4  22  5  18  6  88  7  25  8  96  9  67  10  78  11  58  12  60  13  84  14  39
  0  80  1  19  2  31  3  75  4  79  5  92  6  8  7  87  8  15  9  74  10  33  11  13  12  58  13  27  14  96
  0  23  1  96  2  82  3  12  4  54  5  91  6  32  7  44  8  70  9  20  10  26  11  87  12  92  13  42  14  31
  0  4  1  51  2  86  3  5  4  66  5  41  6  22  7  80  8  63  9  73  10  64  11  83  12  45  13  72  14  53
  0  22  1  32  2  52  3  82  4  10  5  20  6  72  7  69  8  25  9  29  10  59  11  99  12  18  13  9  14  38
  0  84  1  3  2  80  3  13  4  16  5  17  6  76  7  98  8  8  9  16  10  23  11  84  12  49  13  53  14  62
  0  73  1  24  2  51  3  12  4  50  5  62  6  61  7  19  8  54  9  26  10  86  11  39  12  66  13  51  14  90
  0  59  1  30  2  99  3  36  4  50  5  77  6  83  7  15  8  99  9  27  10  73  11  71  12  77  13  57  14  2
  0  24  1  23  2  96  3  18  4  35  5  70  6  75  7  71  8  97  9  36  10  23  11  5  12  24  13  38  14  8
  0  98  1  58  2  38  3  66  4  16  5  58  6  96  7  59  8  92  9  5  10  1  11  39  12  20  13  37  14  17
  0  39  1  89  2  31  3  44  4  8  5  95  6  62  7  92  8  47  9  32  10  21  11  23  12  31  13  13  14  61
  0  95  1  9  2  8  3  28  4  27  5  29  6  74  7  71  8  56  9  30  10  36  11  38  12  72  13  80  14  12
  0  24  1  37  2  83  3  23  4  5  5  16  6  53  7  29  8  94  9  16  10  39  11  57  12  78  13  61  14  66
  0  23  1  45  2  79  3  4  4  80  5  4  6  78  7  81  8  34  9  44  10  19  11  16  12  95  13  10  14  32
  0  30  1  77  2  63  3  31  4  54  5  48  6  72  7  9  8  64  9  10  10  59  11  30  12  83  13  47  14  65
  0  56  1  47  2  70  3  43  4  61  5  33  6  58  7  84  8  26  9  69  10  64  11  18  12  23  13  7  14  42
  0  62  1  24  2  97  3  10  4  7  5  95  6  20  7  53  8  55  9  66  10  53  11  39  12  60  13  75  14  71
  0  93  1  20  2  41  3  28  4  55  5  42  6  12  7  45  8  25  9  64  10  77  11  24  12  49  13  4  14  60
  0  45  1  36  2  81  3  21  4  28  5  66  6  28  7  30  8  58  9  63  10  70  11  12  12  16  13  33  14  65
  0  44  1  51  2  74  3  28  4  76  5  92  6  42  7  48  8  7  9  96  10  98  11  32  12  19  13  56  14  88
  0  80  1  74  2  34  3  24  4  99  5  19  6  96  7  67  8  17  9  32  10  55  11  44  12  29  13  41  14  31
TPM
  0  1786  1  1786  2  1786  3  1786  4  1786  5  1786  6  1786  7  1786  8  1786  9  1786  10  1786  11  1786  12  1786  13  1786  14  1786
PMT
  0  12  1  9  2  40  3  15  4  29  5  9  6  23  7  30  8  29  9  45  10  10  11  26  12  20  13  36  14  5
  0  30  1  47  2  2  3  29  4  16  5  23  6  47  7  22  8  8  9  49  10  44  11  3  12  2  13  49  14  19
  0  16  1  30  2  27  3  15  4  39  5  34  6  2  7  32  8  33  9  40  10  47  11  8  12  15  13  42  14  23
  0  34  1  44  2  8  3  47  4  44  5  30  6  30  7  15  8  44  9  22  10  12  11  5  12  37  13  24  14  2
  0  35  1  2  2  16  3  24  4  42  5  40  6  42  7  46  8  28  9  44  10  36  11  19  12  5  13  46  14  7
  0  36  1  28  2  45  3  36  4  41  5  14  6  17  7  38  8  45  9  44  10  26  11  1  12  49  13  7  14  15
  0  35  1  33  2  21  3  10  4  36  5  11  6  44  7  13  8  1  9  40  10  26  11  28  12  17  13  24  14  12
  0  5  1  26  2  2  3  24  4  8  5  25  6  3  7  26  8  49  9  28  10  30  11  15  12  46  13  9  14  24
  0  42  1  13  2  37  3  4  4  17  5  40  6  29  7  44  8  26  9  42  10  36  11  34  12  8  13  39  14  20
  0  31  1  9  2  37  3  13  4  38  5  17  6  2  7  44  8  5  9  17  10  8  11  1  12  29  13  24  14  37
  0  11  1  7  2  33  3  29  4  34  5  26  6  3  7  38  8  33  9  23  10  38  11  26  12  3  13  27  14  30
  0  6  1  5  2  30  3  22  4  9  5  10  6  45  7  35  8  10  9  18  10  2  11  28  12  44  13  31  14  17
