200  20
  0  1  1  89  2  2  3  35  4  14  5  12  6  91  7  19  8  9  9  35  10  39  11  58  12  75  13  57  14  24  15  85  16  38  17  42  18  64  19  77
  0  67  1  11  2  71  3  86  4  24  5  67  6  77  7  70  8  6  9  67  10  39  11  49  12  8  13  25  14  16  15  99  16  23  17  45  18  91  19  82
  0  41  1  25  2  70  3  55  4  18  5  29  6  80  7  5  8  30  9  76  10  69  11  18  12  37  13  68  14  49  15  76  16  7  17  41  18  58  19  21
  0  86  1  40  2  23  3  45  4  26  5  41  6  48  7  12  8  72  9  59  10  73  11  86  12  5  13  28  14  54  15  36  16  77  17  47  18  77  19  59
  0  83  1  7  2  10  3  13  4  64  5  63  6  39  7  68  8  23  9  14  10  62  11  23  12  15  13  85  14  13  15  24  16  31  17  53  18  57  19  3
  0  93  1  44  2  88  3  16  4  21  5  88  6  92  7  44  8  50  9  27  10  74  11  94  12  3  13  92  14  65  15  4  16  48  17  20  18  50  19  49
  0  99  1  48  2  87  3  7  4  29  5  22  6  5  7  5  8  7  9  14  10  95  11  75  12  99  13  9  14  56  15  12  16  69  17  37  18  32  19  47
  0  62  1  46  2  55  3  54  4  97  5  29  6  14  7  9  8  67  9  75  10  63  11  59  12  19  13  94  14  78  15  30  16  96  17  38  18  15  19  8
  0  43  1  15  2  12  3  14  4  87  5  71  6  67  7  61  8  84  9  94  10  62  11  40  12  77  13  49  14  21  15  85  16  90  17  56  18  26  19  23
  0  84  1  82  2  28  3  87  4  20  5  93  6  23  7  75  8  22  9  82  10  81  11  57  12  40  13  88  14  51  15  75  16  37  17  68  18  82  19  8
  0  62  1  71  2  21  3  43  4  87  5  41  6  92  7  36  8  9  9  47  10  68  11  18  12  47  13  9  14  66  15  78  16  4  17  75  18  57  19  51
  0  40  1  69  2  60  3  74  4  4  5  5  6  53  7  94  8  10  9  48  10  32  11  43  12  55  13  66  14  90  15  4  16  21  17  94  18  14  19  55
  0  86  1  19  2  4  3  43  4  82  5  35  6  69  7  23  8  24  9  58  10  59  11  94  12  18  13  76  14  30  15  86  16  47  17  73  18  53  19  84
  0  52  1  72  2  19  3  12  4  73  5  66  6  97  7  98  8  35  9  44  10  47  11  94  12  68  13  24  14  89  15  22  16  4  17  55  18  97  19  68
  0  96  1  49  2  55  3  68  4  58  5  46  6  87  7  20  8  94  9  42  10  79  11  31  12  90  13  19  14  14  15  11  16  83  17  49  18  16  19  27
  0  25  1  88  2  75  3  7  4  5  5  56  6  78  7  55  8  3  9  79  10  84  11  11  12  91  13  44  14  15  15  61  16  93  17  83  18  52  19  3
  0  75  1  99  2  58  3  99  4  36  5  78  6  58  7  86  8  13  9  81  10  62  11  17  12  13  13  91  14  2  15  46  16  54  17  48  18  19  19  23
  0  58  1  29  2  31  3  98  4  41  5  30  6  54  7  89  8  89  9  61  10  62  11  65  12  27  13  71  14  11  15  33  16  81  17  56  18  66  19  40
  0  43  1  18  2  1  3  22  4  58  5  79  6  50  7  68  8  84  9  70  10  53  11  78  12  29  13  42  14  11  15  32  16  30  17  81  18  34  19  94
  0  48  1  11  2  75  3  39  4  94  5  24  6  52  7  47  8  5  9  70  10  19  11  20  12  18  13  3  14  39  15  23  16  52  17  44  18  64  19  31
  0  69  1  32  2  21  3  53  4  59  5  69  6  65  7  62  8  5  9  61  10  61  11  47  12  98  13  33  14  72  15  58  16  33  17  61  18  94  19  37
  0  64  1  55  2  69  3  30  4  34  5  69  6  33  7  28  8  18  9  41  10  9  11  92  12  91  13  84  14  55  15  54  16  74  17  76  18  9  19  93
  0  67  1  23  2  86  3  41  4  9  5  88  6  51  7  56  8  3  9  28  10  45  11  73  12  1  13  57  14  42  15  24  16  50  17  40  18  79  19  69
  0  11  1  89  2  67  3  14  4  42  5  15  6  86  7  66  8  80  9  42  10  24  11  79  12  80  13  8  14  8  15  98  16  73  17  4  18  32  19  69
  0  72  1  7  2  5  3  4  4  41  5  38  6  29  7  6  8  80  9  26  10  25  11  9  12  22  13  73  14  46  15  57  16  17  17  50  18  40  19  49
  0  71  1  59  2  65  3  26  4  62  5  47  6  65  7  69  8  26  9  70  10  56  11  37  12  20  13  20  14  71  15  51  16  91  17  71  18  95  19  35
  0  97  1  27  2  58  3  33  4  71  5  39  6  70  7  86  8  23  9  58  10  33  11  41  12  20  13  36  14  56  15  92  16  88  17  61  18  49  19  28
  0  28  1  42  2  82  3  97  4  29  5  28  6  37  7  19  8  42  9  49  10  75  11  19  12  32  13  34  14  16  15  54  16  16  17  99  18  85  19  67
  0  74  1  44  2  83  3  55  4  82  5  92  6  91  7  86  8  93  9  59  10  90  11  76  12  76  13  38  14  92  15  91  16  93  17  31  18  89  19  80
  0  67  1  72  2  72  3  17  4  72  5  26  6  76  7  14  8  41  9  30  10  56  11  64  12  91  13  52  14  1  15  82  16  99  17  65  18  35  19  70
  0  70  1  39  2  67  3  42  4  99  5  41  6  86  7  63  8  12  9  67  10  14  11  92  12  22  13  60  14  62  15  41  16  63  17  68  18  67  19  78
  0  68  1  69  2  69  3  48  4  5  5  66  6  91  7  89  8  92  9  4  10  23  11  55  12  68  13  87  14  5  15  80  16  60  17  96  18  86  19  55
  0  93  1  18  2  86  3  84  4  46  5  44  6  90  7  56  8  11  9  20  10  58  11  39  12  52  13  23  14  32  15  87  16  50  17  10  18  55  19  20
  0  67  1  71  2  60  3  6  4  94  5  81  6  70  7  73  8  53  9  17  10  34  11  13  12  54  13  96  14  81  15  62  16  59  17  68  18  70  19  75
  0  74  1  25  2  67  3  19  4  76  5  57  6  70  7  54  8  72  9  42  10  90  11  94  12  12  13  45  14  22  15  38  16  16  17  85  18  78  19  28
  0  5  1  76  2  90  3  84  4  18  5  62  6  70  7  10  8  68  9  92  10  90  11  65  12  74  13  20  14  55  15  61  16  61  17  5  18  32  19  21
  0  25  1  67  2  88  3  9  4  96  5  18  6  54  7  19  8  55  9  54  10  88  11  79  12  76  13  14  14  39  15  19  16  16  17  9  18  15  19  87
  0  58  1  92  2  6  3  45  4  88  5  28  6  29  7  40  8  58  9  61  10  83  11  63  12  68  13  23  14  35  15  37  16  76  17  94  18  73  19  67
  0  93  1  32  2  5  3  88  4  60  5  33  6  81  7  66  8  87  9  72  10  75  11  32  12  2  13  54  14  41  15  82  16  51  17  61  18  41  19  55
  0  52  1  87  2  13  3  56  4  71  5  89  6  15  7  28  8  85  9  94  10  66  11  53  12  69  13  50  14  77  15  44  16  83  17  1  18  41  19  77
  0  80  1  24  2  8  3  55  4  49  5  79  6  95  7  99  8  55  9  23  10  89  11  32  12  59  13  7  14  29  15  78  16  8  17  84  18  4  19  10
  0  45  1  53  2  89  3  97  4  80  5  31  6  3  7  58  8  4  9  47  10  61  11  8  12  48  13  78  14  62  15  48  16  37  17  85  18  35  19  69
  0  52  1  3  2  17  3  23  4  31  5  8  6  59  7  9  8  64  9  64  10  75  11  82  12  57  13  17  14  70  15  76  16  81  17  84  18  21  19  73
  0  13  1  67  2  5  3  12  4  55  5  86  6  84  7  75  8  83  9  1  10  97  11  16  12  50  13  83  14  12  15  7  16  49  17  42  18  53  19  28
  0  31  1  26  2  99  3  29  4  6  5  48  6  6  7  12  8  83  9  11  10  17  11  57  12  35  13  23  14  56  15  45  16  72  17  39  18  16  19  81
  0  91  1  70  2  89  3  14  4  16  5  31  6  9  7  90  8  30  9  26  10  78  11  19  12  8  13  5  14  38  15  3  16  59  17  24  18  64  19  82
  0  58  1  99  2  24  3  2  4  28  5  35  6  19  7  66  8  76  9  65  10  92  11  84  12  43  13  52  14  89  15  91  16  72  17  7  18  84  19  6
  0  22  1  41  2  26  3  64  4  2  5  74  6  50  7  37  8  67  9  33  10  84  11  16  12  34  13  27  14  17  15  29  16  80  17  91  18  19  19  36
  0  55  1  35  2  45  3  80  4  7  5  19  6  47  7  27  8  3  9  56  10  65  11  10  12  8  13  31  14  5  15  51  16  29  17  49  18  91  19  41
  0  64  1  80  2  73  3  90  4  94  5  60  6  18  7  86  8  17  9  44  10  98  11  15  12  2  13  56  14  2  15  42  16  32  17  55  18  78  19  52
  0  46  1  16  2  20  3  90  4  99  5  4  6  43  7  65  8  12  9  80  10  10  11  1  12  65  13  84  14  11  15  39  16  85  17  55  18  94  19  46
  0  91  1  9  2  25  3  66  4  19  5  74  6  84  7  19  8  50  9  62  10  74  11  48  12  1  13  12  14  63  15  58  16  45  17  32  18  93  19  97
  0  80  1  60  2  52  3  78  4  70  5  76  6  46  7  44  8  9  9  58  10  60  11  9  12  93  13  63  14  82  15  53  16  16  17  76  18  12  19  36
  0  77  1  54  2  93  3  49  4  22  5  58  6  55  7  51  8  25  9  53  10  26  11  36  12  74  13  19  14  57  15  13  16  60  17  5  18  96  19  39
  0  21  1  3  2  71  3  3  4  44  5  53  6  77  7  44  8  10  9  87  10  94  11  94  12  12  13  60  14  65  15  39  16  22  17  58  18  3  19  36
  0  50  1  67  2  31  3  72  4  40  5  27  6  61  7  20  8  1  9  27  10  54  11  11  12  42  13  11  14  32  15  78  16  97  17  86  18  36  19  4
  0  26  1  71  2  43  3  75  4  35  5  22  6  89  7  55  8  72  9  6  10  54  11  3  12  68  13  39  14  19  15  2  16  32  17  91  18  95  19  90
  0  38  1  20  2  78  3  96  4  45  5  95  6  90  7  18  8  40  9  33  10  4  11  4  12  98  13  33  14  60  15  32  16  11  17  96  18  36  19  85
  0  3  1  81  2  8  3  69  4  55  5  97  6  23  7  17  8  11  9  61  10  85  11  93  12  3  13  71  14  98  15  86  16  64  17  58  18  40  19  27
  0  90  1  30  2  47  3  13  4  67  5  12  6  44  7  96  8  84  9  53  10  46  11  71  12  98  13  57  14  4  15  82  16  24  17  36  18  93  19  17
  0  48  1  24  2  52  3  75  4  9  5  83  6  17  7  19  8  89  9  89  10  20  11  39  12  4  13  76  14  53  15  5  16  82  17  90  18  89  19  77
  0  86  1  78  2  30  3  3  4  6  5  91  6  30  7  11  8  18  9  10  10  4  11  97  12  20  13  4  14  15  15  56  16  51  17  74  18  3  19  87
  0  68  1  67  2  16  3  13  4  63  5  37  6  31  7  52  8  99  9  90  10  86  11  60  12  29  13  70  14  68  15  23  16  25  17  34  18  18  19  54
  0  14  1  42  2  45  3  59  4  14  5  65  6  82  7  34  8  8  9  73  10  97  11  36  12  9  13  62  14  55  15  35  16  87  17  39  18  6  19  31
  0  82  1  69  2  19  3  6  4  7  5  41  6  14  7  26  8  17  9  23  10  44  11  36  12  20  13  17  14  31  15  3  16  21  17  15  18  64  19  84
  0  41  1  25  2  14  3  58  4  73  5  30  6  15  7  18  8  28  9  76  10  26  11  19  12  5  13  27  14  66  15  53  16  97  17  18  18  87  19  58
  0  99  1  84  2  33  3  9  4  80  5  82  6  94  7  32  8  43  9  93  10  63  11  59  12  95  13  89  14  33  15  4  16  84  17  18  18  15  19  2
  0  67  1  3  2  61  3  93  4  45  5  1  6  6  7  16  8  62  9  41  10  80  11  19  12  49  13  35  14  51  15  47  16  69  17  53  18  88  19  49
  0  89  1  83  2  76  3  85  4  98  5  39  6  7  7  68  8  21  9  61  10  21  11  50  12  23  13  40  14  97  15  34  16  92  17  67  18  8  19  84
  0  45  1  66  2  56  3  54  4  98  5  80  6  13  7  58  8  94  9  6  10  86  11  62  12  76  13  8  14  98  15  68  16  58  17  61  18  58  19  4
  0  22  1  84  2  43  3  58  4  44  5  71  6  46  7  24  8  42  9  41  10  37  11  29  12  71  13  63  14  48  15  67  16  40  17  15  18  75  19  70
  0  97  1  81  2  83  3  78  4  30  5  25  6  17  7  88  8  68  9  57  10  80  11  11  12  81  13  3  14  38  15  43  16  13  17  45  18  36  19  45
  0  96  1  78  2  56  3  92  4  51  5  14  6  57  7  10  8  21  9  20  10  44  11  42  12  51  13  85  14  92  15  5  16  80  17  34  18  17  19  4
  0  6  1  40  2  36  3  42  4  52  5  18  6  8  7  51  8  44  9  75  10  15  11  83  12  68  13  72  14  22  15  95  16  75  17  16  18  57  19  85
  0  50  1  70  2  67  3  57  4  62  5  87  6  49  7  53  8  69  9  74  10  76  11  47  12  26  13  42  14  58  15  4  16  46  17  22  18  99  19  53
  0  85  1  37  2  53  3  24  4  76  5  57  6  85  7  36  8  19  9  80  10  93  11  49  12  91  13  26  14  41  15  25  16  69  17  22  18  8  19  36
  0  43  1  23  2  71  3  31  4  72  5  4  6  51  7  51  8  31  9  94  10  5  11  49  12  18  13  70  14  41  15  56  16  47  17  3  18  94  19  87
  0  39  1  33  2  77  3  10  4  67  5  38  6  3  7  83  8  46  9  84  10  44  11  67  12  60  13  96  14  70  15  41  16  68  17  83  18  89  19  91
  0  34  1  8  2  61  3  64  4  54  5  81  6  89  7  67  8  16  9  21  10  91  11  1  12  77  13  12  14  95  15  24  16  59  17  45  18  40  19  95
  0  94  1  38  2  53  3  60  4  81  5  50  6  40  7  43  8  21  9  53  10  16  11  84  12  39  13  20  14  52  15  49  16  41  17  37  18  29  19  50
  0  24  1  62  2  15  3  4  4  57  5  71  6  1  7  2  8  4  9  77  10  82  11  51  12  55  13  9  14  51  15  34  16  79  17  79  18  41  19  75
  0  19  1  98  2  46  3  42  4  87  5  79  6  5  7  82  8  58  9  71  10  11  11  96  12  23  13  16  14  96  15  98  16  82  17  79  18  19  19  7
  0  97  1  51  2  5  3  67  4  97  5  84  6  74  7  5  8  34  9  18  10  28  11  57  12  35  13  17  14  66  15  26  16  81  17  23  18  93  19  70
  0  17  1  81  2  5  3  1  4  70  5  9  6  66  7  67  8  44  9  16  10  44  11  51  12  95  13  73  14  30  15  87  16  24  17  20  18  78  19  94
  0  32  1  37  2  52  3  79  4  25  5  24  6  29  7  50  8  77  9  76  10  37  11  43  12  61  13  26  14  4  15  58  16  32  17  10  18  48  19  66
  0  12  1  78  2  42  3  99  4  9  5  40  6  23  7  80  8  71  9  34  10  41  11  23  12  67  13  49  14  61  15  15  16  26  17  47  18  62  19  80
  0  90  1  55  2  98  3  58  4  69  5  32  6  20  7  67  8  82  9  25  10  61  11  27  12  42  13  75  14  49  15  68  16  6  17  36  18  96  19  43
  0  8  1  7  2  59  3  14  4  43  5  6  6  96  7  9  8  59  9  27  10  61  11  33  12  94  13  65  14  88  15  2  16  51  17  87  18  84  19  25
  0  3  1  98  2  19  3  62  4  70  5  31  6  71  7  26  8  15  9  36  10  8  11  97  12  36  13  86  14  50  15  92  16  70  17  96  18  95  19  84
  0  29  1  20  2  91  3  78  4  21  5  97  6  61  7  82  8  50  9  45  10  51  11  33  12  82  13  17  14  32  15  56  16  18  17  82  18  85  19  91
  0  21  1  2  2  58  3  93  4  90  5  80  6  51  7  83  8  67  9  50  10  89  11  41  12  21  13  96  14  90  15  36  16  58  17  37  18  18  19  41
  0  41  1  23  2  92  3  92  4  18  5  2  6  5  7  73  8  86  9  81  10  37  11  37  12  67  13  84  14  95  15  8  16  38  17  65  18  21  19  16
  0  59  1  35  2  7  3  56  4  4  5  39  6  65  7  77  8  53  9  54  10  2  11  40  12  35  13  2  14  2  15  8  16  15  17  16  18  39  19  53
  0  63  1  95  2  44  3  83  4  53  5  28  6  14  7  42  8  78  9  77  10  38  11  19  12  80  13  57  14  71  15  82  16  31  17  47  18  91  19  26
  0  11  1  9  2  4  3  70  4  71  5  27  6  91  7  83  8  86  9  62  10  29  11  11  12  16  13  3  14  93  15  7  16  39  17  60  18  51  19  25
  0  45  1  20  2  1  3  22  4  73  5  65  6  1  7  49  8  37  9  31  10  19  11  57  12  93  13  52  14  61  15  49  16  26  17  7  18  96  19  27
  0  53  1  80  2  66  3  41  4  95  5  98  6  43  7  31  8  40  9  2  10  89  11  14  12  4  13  59  14  27  15  59  16  86  17  42  18  10  19  62
  0  39  1  18  2  63  3  97  4  22  5  22  6  55  7  21  8  5  9  15  10  71  11  45  12  43  13  50  14  38  15  11  16  36  17  89  18  20  19  35
  0  30  1  60  2  60  3  89  4  53  5  25  6  58  7  64  8  77  9  13  10  5  11  4  12  39  13  48  14  14  15  25  16  72  17  46  18  12  19  55
  0  48  1  89  2  88  3  48  4  93  5  90  6  25  7  67  8  55  9  99  10  24  11  47  12  42  13  33  14  36  15  61  16  25  17  12  18  52  19  71
  0  13  1  41  2  93  3  34  4  18  5  74  6  29  7  69  8  83  9  42  10  3  11  50  12  29  13  32  14  45  15  48  16  46  17  60  18  5  19  33
  0  52  1  64  2  23  3  47  4  65  5  7  6  37  7  63  8  82  9  78  10  89  11  20  12  63  13  29  14  72  15  88  16  44  17  66  18  37  19  12
  0  47  1  15  2  45  3  30  4  53  5  8  6  55  7  56  8  55  9  55  10  49  11  7  12  10  13  33  14  55  15  68  16  47  17  56  18  28  19  60
  0  23  1  48  2  71  3  46  4  11  5  18  6  39  7  78  8  65  9  7  10  37  11  85  12  15  13  61  14  2  15  43  16  58  17  45  18  53  19  88
  0  80  1  12  2  26  3  64  4  93  5  71  6  31  7  92  8  93  9  47  10  19  11  37  12  77  13  6  14  17  15  91  16  44  17  88  18  82  19  93
  0  14  1  90  2  98  3  73  4  95  5  63  6  81  7  66  8  17  9  39  10  96  11  61  12  87  13  5  14  97  15  57  16  51  17  56  18  30  19  57
  0  67  1  32  2  65  3  12  4  7  5  4  6  67  7  97  8  60  9  61  10  88  11  99  12  4  13  29  14  61  15  14  16  58  17  94  18  36  19  5
  0  32  1  47  2  60  3  90  4  53  5  49  6  23  7  15  8  14  9  81  10  1  11  47  12  90  13  53  14  68  15  24  16  7  17  55  18  83  19  9
  0  62  1  93  2  38  3  38  4  33  5  46  6  36  7  91  8  26  9  18  10  65  11  87  12  41  13  91  14  41  15  96  16  59  17  97  18  56  19  42
  0  95  1  53  2  63  3  2  4  40  5  44  6  74  7  43  8  7  9  41  10  48  11  68  12  62  13  83  14  7  15  28  16  81  17  80  18  2  19  47
  0  82  1  84  2  11  3  69  4  13  5  56  6  55  7  98  8  98  9  42  10  45  11  21  12  92  13  92  14  10  15  10  16  54  17  25  18  74  19  63
  0  67  1  2  2  62  3  23  4  80  5  68  6  67  7  63  8  13  9  85  10  10  11  71  12  68  13  34  14  64  15  36  16  50  17  93  18  40  19  21
  0  69  1  14  2  33  3  10  4  84  5  33  6  1  7  14  8  27  9  5  10  5  11  6  12  81  13  46  14  47  15  21  16  45  17  24  18  85  19  17
  0  72  1  28  2  80  3  7  4  81  5  96  6  58  7  94  8  88  9  15  10  52  11  86  12  76  13  84  14  62  15  43  16  34  17  24  18  65  19  6
  0  10  1  82  2  48  3  19  4  77  5  43  6  47  7  13  8  90  9  65  10  23  11  37  12  88  13  86  14  6  15  45  16  78  17  90  18  73  19  83
  0  96  1  1  2  70  3  21  4  37  5  62  6  65  7  33  8  84  9  29  10  7  11  31  12  14  13  47  14  32  15  76  16  13  17  30  18  23  19  49
  0  60  1  45  2  39  3  47  4  72  5  58  6  47  7  34  8  72  9  23  10  34  11  63  12  74  13  91  14  90  15  49  16  70  17  96  18  72  19  67
  0  66  1  23  2  96  3  84  4  7  5  74  6  28  7  79  8  81  9  5  10  59  11  81  12  7  13  57  14  85  15  49  16  20  17  51  18  36  19  68
  0  37  1  90  2  12  3  24  4  56  5  94  6  33  7  3  8  9  9  73  10  10  11  11  12  88  13  98  14  75  15  16  16  15  17  32  18  55  19  55
  0  9  1  31  2  58  3  65  4  87  5  35  6  10  7  22  8  6  9  88  10  74  11  98  12  99  13  78  14  21  15  81  16  8  17  78  18  35  19  10
  0  89  1  22  2  98  3  5  4  45  5  59  6  58  7  22  8  21  9  73  10  77  11  58  12  51  13  35  14  44  15  57  16  69  17  48  18  56  19  20
  0  92  1  7  2  36  3  23  4  49  5  63  6  23  7  79  8  30  9  79  10  56  11  3  12  57  13  6  14  53  15  66  16  13  17  26  18  25  19  55
  0  65  1  44  2  2  3  69  4  1  5  10  6  60  7  13  8  28  9  7  10  63  11  72  12  21  13  57  14  62  15  93  16  30  17  7  18  24  19  84
  0  53  1  93  2  75  3  15  4  67  5  30  6  86  7  89  8  49  9  30  10  30  11  18  12  49  13  76  14  83  15  96  16  80  17  9  18  72  19  92
  0  44  1  61  2  65  3  88  4  17  5  5  6  67  7  14  8  46  9  62  10  76  11  93  12  44  13  85  14  91  15  80  16  78  17  39  18  5  19  47
  0  97  1  20  2  96  3  62  4  29  5  93  6  21  7  71  8  46  9  52  10  63  11  56  12  9  13  98  14  90  15  52  16  89  17  30  18  35  19  38
  0  58  1  72  2  76  3  28  4  98  5  80  6  25  7  35  8  62  9  16  10  10  11  85  12  82  13  55  14  18  15  95  16  18  17  7  18  59  19  56
  0  88  1  24  2  39  3  65  4  21  5  48  6  65  7  24  8  29  9  24  10  17  11  72  12  84  13  66  14  65  15  37  16  49  17  68  18  16  19  18
  0  93  1  81  2  98  3  28  4  12  5  13  6  58  7  74  8  90  9  17  10  87  11  36  12  28  13  71  14  25  15  84  16  84  17  74  18  8  19  40
  0  11  1  95  2  39  3  75  4  1  5  66  6  33  7  95  8  57  9  6  10  24  11  68  12  58  13  98  14  64  15  75  16  74  17  81  18  51  19  7
  0  76  1  12  2  42  3  26  4  21  5  6  6  66  7  79  8  14  9  84  10  34  11  17  12  89  13  65  14  94  15  55  16  43  17  80  18  10  19  5
  0  21  1  10  2  30  3  27  4  49  5  65  6  94  7  7  8  45  9  65  10  2  11  53  12  63  13  72  14  3  15  66  16  53  17  3  18  29  19  16
  0  31  1  22  2  55  3  43  4  6  5  69  6  50  7  74  8  3  9  7  10  76  11  94  12  68  13  63  14  36  15  36  16  65  17  22  18  73  19  72
  0  79  1  80  2  84  3  26  4  98  5  64  6  95  7  22  8  47  9  3  10  98  11  62  12  64  13  70  14  76  15  85  16  82  17  56  18  38  19  44
  0  30  1  32  2  54  3  18  4  62  5  14  6  62  7  40  8  16  9  47  10  78  11  6  12  16  13  58  14  45  15  86  16  85  17  45  18  91  19  87
  0  54  1  9  2  82  3  88  4  52  5  54  6  98  7  88  8  25  9  90  10  65  11  29  12  32  13  33  14  13  15  58  16  95  17  70  18  50  19  85
  0  17  1  57  2  83  3  12  4  75  5  46  6  99  7  52  8  84  9  60  10  7  11  81  12  61  13  89  14  7  15  66  16  38  17  33  18  19  19  71
  0  20  1  49  2  8  3  44  4  74  5  74  6  66  7  22  8  97  9  10  10  63  11  18  12  91  13  9  14  57  15  74  16  64  17  3  18  32  19  87
  0  17  1  46  2  4  3  51  4  88  5  75  6  19  7  69  8  74  9  9  10  30  11  32  12  39  13  25  14  10  15  57  16  80  17  12  18  73  19  43
  0  27  1  70  2  82  3  87  4  71  5  97  6  66  7  53  8  68  9  1  10  98  11  11  12  58  13  25  14  89  15  68  16  85  17  64  18  86  19  71
  0  23  1  22  2  17  3  42  4  36  5  22  6  89  7  86  8  32  9  88  10  40  11  85  12  78  13  55  14  11  15  44  16  95  17  57  18  68  19  85
  0  58  1  30  2  28  3  92  4  45  5  10  6  15  7  34  8  37  9  15  10  96  11  48  12  51  13  50  14  64  15  52  16  48  17  61  18  32  19  3
  0  68  1  36  2  16  3  34  4  76  5  31  6  70  7  39  8  13  9  62  10  20  11  84  12  86  13  90  14  14  15  52  16  70  17  3  18  79  19  72
  0  62  1  52  2  58  3  78  4  36  5  13  6  48  7  89  8  92  9  76  10  95  11  28  12  85  13  76  14  95  15  4  16  80  17  30  18  6  19  27
  0  76  1  24  2  70  3  38  4  88  5  99  6  26  7  64  8  83  9  96  10  26  11  38  12  10  13  63  14  98  15  41  16  60  17  65  18  42  19  55
  0  72  1  15  2  6  3  35  4  37  5  20  6  21  7  37  8  82  9  45  10  79  11  63  12  50  13  95  14  66  15  14  16  84  17  86  18  99  19  51
  0  93  1  69  2  42  3  8  4  62  5  2  6  67  7  17  8  16  9  7  10  15  11  30  12  73  13  39  14  61  15  49  16  38  17  67  18  77  19  98
  0  7  1  38  2  76  3  3  4  4  5  67  6  48  7  55  8  73  9  95  10  44  11  89  12  67  13  90  14  61  15  88  16  37  17  83  18  33  19  88
  0  4  1  69  2  31  3  69  4  62  5  25  6  29  7  47  8  57  9  7  10  95  11  84  12  9  13  31  14  98  15  5  16  17  17  68  18  52  19  79
  0  40  1  84  2  36  3  7  4  29  5  20  6  63  7  13  8  80  9  87  10  84  11  39  12  29  13  29  14  47  15  7  16  90  17  63  18  48  19  57
  0  22  1  16  2  52  3  15  4  80  5  12  6  72  7  29  8  75  9  67  10  11  11  84  12  52  13  26  14  25  15  82  16  59  17  4  18  72  19  38
  0  75  1  59  2  33  3  55  4  9  5  97  6  20  7  50  8  90  9  57  10  26  11  58  12  19  13  61  14  70  15  35  16  43  17  31  18  43  19  37
  0  73  1  73  2  50  3  41  4  59  5  5  6  28  7  45  8  99  9  78  10  57  11  51  12  37  13  8  14  7  15  24  16  65  17  30  18  97  19  86
  0  78  1  25  2  42  3  81  4  92  5  99  6  17  7  21  8  54  9  5  10  73  11  90  12  12  13  32  14  93  15  99  16  93  17  23  18  35  19  78
  0  47  1  69  2  33  3  63  4  10  5  6  6  56  7  33  8  30  9  16  10  26  11  77  12  53  13  99  14  45  15  11  16  43  17  75  18  3  19  71
  0  1  1  13  2  50  3  56  4  2  5  31  6  58  7  85  8  71  9  94  10  5  11  16  12  57  13  91  14  60  15  13  16  75  17  87  18  52  19  73
  0  40  1  86  2  45  3  61  4  97  5  28  6  55  7  80  8  31  9  23  10  87  11  14  12  4  13  97  14  79  15  97  16  59  17  93  18  56  19  99
  0  88  1  47  2  67  3  41  4  42  5  48  6  44  7  64  8  46  9  56  10  86  11  36  12  43  13  11  14  90  15  54  16  75  17  69  18  61  19  75
  0  72  1  65  2  74  3  2  4  19  5  69  6  86  7  83  8  12  9  85  10  96  11  22  12  29  13  24  14  22  15  92  16  73  17  32  18  36  19  11
  0  66  1  76  2  68  3  16  4  92  5  98  6  92  7  47  8  34  9  98  10  23  11  33  12  42  13  14  14  11  15  14  16  31  17  97  18  18  19  83
  0  89  1  9  2  82  3  8  4  54  5  80  6  39  7  57  8  81  9  25  10  31  11  68  12  16  13  75  14  31  15  6  16  51  17  95  18  78  19  11
  0  4  1  4  2  71  3  43  4  73  5  71  6  91  7  57  8  61  9  19  10  40  11  66  12  37  13  6  14  14  15  87  16  12  17  88  18  60  19  76
  0  50  1  97  2  71  3  84  4  6  5  47  6  25  7  4  8  88  9  91  10  68  11  88  12  97  13  88  14  7  15  46  16  57  17  28  18  54  19  65
  0  61  1  33  2  40  3  7  4  99  5  58  6  83  7  71  8  31  9  33  10  93  11  40  12  26  13  11  14  44  15  28  16  78  17  48  18  24  19  8
  0  82  1  10  2  80  3  2  4  11  5  69  6  1  7  35  8  42  9  62  10  85  11  97  12  16  13  4  14  25  15  77  16  36  17  87  18  81  19  43
  0  25  1  11  2  23  3  92  4  11  5  12  6  80  7  97  8  11  9  98  10  19  11  17  12  18  13  17  14  26  15  50  16  24  17  76  18  93  19  52
  0  33  1  43  2  13  3  39  4  45  5  59  6  23  7  53  8  10  9  51  10  92  11  64  12  87  13  36  14  97  15  27  16  65  17  39  18  59  19  18
  0  14  1  85  2  22  3  32  4  88  5  15  6  14  7  8  8  95  9  55  10  96  11  93  12  94  13  27  14  13  15  4  16  98  17  92  18  81  19  12
  0  93  1  49  2  96  3  73  4  96  5  36  6  41  7  89  8  6  9  21  10  1  11  39  12  29  13  57  14  68  15  56  16  95  17  49  18  45  19  26
  0  73  1  63  2  93  3  6  4  48  5  62  6  5  7  30  8  59  9  58  10  69  11  31  12  67  13  18  14  70  15  85  16  14  17  50  18  44  19  78
  0  9  1  71  2  75  3  40  4  31  5  26  6  10  7  94  8  48  9  1  10  18  11  32  12  81  13  75  14  34  15  87  16  75  17  83  18  55  19  83
  0  45  1  77  2  74  3  92  4  19  5  35  6  82  7  90  8  81  9  35  10  69  11  43  12  8  13  96  14  94  15  23  16  29  17  69  18  21  19  51
  0  63  1  90  2  27  3  31  4  31  5  77  6  43  7  88  8  11  9  16  10  74  11  58  12  5  13  35  14  5  15  75  16  43  17  16  18  1  19  57
  0  27  1  58  2  50  3  84  4  94  5  91  6  19  7  21  8  62  9  29  10  94  11  35  12  63  13  78  14  60  15  5  16  16  17  71  18  12  19  10
  0  51  1  72  2  19  3  71  4  21  5  77  6  91  7  65  8  44  9  15  10  85  11  30  12  59  13  3  14  88  15  54  16  19  17  39  18  50  19  88
  0  5  1  11  2  46  3  55  4  83  5  65  6  1  7  10  8  9  9  70  10  4  11  6  12  50  13  56  14  90  15  68  16  8  17  18  18  82  19  45
  0  33  1  26  2  93  3  29  4  69  5  67  6  58  7  55  8  85  9  11  10  39  11  12  12  64  13  83  14  10  15  21  16  62  17  88  18  30  19  80
  0  70  1  6  2  52  3  81  4  18  5  59  6  36  7  23  8  14  9  34  10  48  11  3  12  29  13  83  14  77  15  52  16  33  17  62  18  3  19  45
  0  61  1  69  2  80  3  1  4  77  5  80  6  41  7  44  8  48  9  25  10  21  11  27  12  41  13  20  14  62  15  90  16  22  17  63  18  48  19  32
  0  20  1  64  2  78  3  25  4  59  5  57  6  83  7  73  8  8  9  13  10  36  11  30  12  67  13  63  14  13  15  90  16  19  17  99  18  14  19  40
  0  96  1  92  2  44  3  38  4  45  5  70  6  6  7  43  8  90  9  37  10  63  11  22  12  38  13  16  14  83  15  1  16  58  17  59  18  56  19  43
  0  33  1  59  2  42  3  68  4  85  5  34  6  22  7  46  8  91  9  3  10  25  11  23  12  72  13  45  14  65  15  76  16  88  17  28  18  29  19  97
  0  8  1  40  2  65  3  44  4  16  5  54  6  94  7  23  8  68  9  40  10  31  11  88  12  32  13  53  14  76  15  70  16  52  17  10  18  39  19  57
  0  34  1  15  2  89  3  10  4  45  5  78  6  44  7  83  8  61  9  78  10  45  11  65  12  15  13  20  14  81  15  76  16  31  17  15  18  62  19  82
  0  40  1  87  2  43  3  14  4  13  5  63  6  62  7  97  8  65  9  8  10  39  11  40  12  17  13  26  14  43  15  19  16  95  17  26  18  37  19  75
  0  36  1  22  2  40  3  9  4  13  5  15  6  85  7  24  8  97  9  93  10  57  11  74  12  31  13  31  14  20  15  98  16  61  17  70  18  95  19  63
  0  77  1  35  2  43  3  38  4  43  5  89  6  44  7  70  8  10  9  61  10  94  11  45  12  67  13  70  14  68  15  42  16  59  17  51  18  97  19  19
  0  58  1  50  2  73  3  93  4  8  5  38  6  86  7  99  8  51  9  71  10  42  11  33  12  2  13  86  14  19  15  22  16  48  17  24  18  67  19  85
  0  83  1  94  2  64  3  64  4  94  5  53  6  57  7  30  8  68  9  43  10  79  11  18  12  90  13  11  14  20  15  38  16  44  17  14  18  60  19  51
  0  36  1  74  2  37  3  22  4  6  5  48  6  76  7  85  8  2  9  11  10  12  11  87  12  19  13  77  14  87  15  78  16  37  17  11  18  1  19  90
  0  15  1  96  2  43  3  6  4  6  5  64  6  31  7  6  8  22  9  5  10  57  11  62  12  53  13  4  14  86  15  98  16  18  17  93  18  73  19  54
  0  5  1  96  2  92  3  99  4  26  5  99  6  1  7  11  8  99  9  99  10  66  11  91  12  29  13  3  14  41  15  94  16  46  17  63  18  58  19  98
  0  29  1  93  2  86  3  20  4  23  5  97  6  68  7  83  8  23  9  85  10  13  11  76  12  92  13  91  14  50  15  50  16  23  17  90  18  38  19  62
  0  67  1  89  2  90  3  54  4  2  5  46  6  73  7  22  8  88  9  25  10  74  11  17  12  64  13  7  14  53  15  86  16  47  17  8  18  27  19  46
  0  64  1  76  2  42  3  27  4  32  5  68  6  40  7  66  8  38  9  18  10  26  11  9  12  11  13  64  14  79  15  51  16  77  17  97  18  87  19  51
  0  41  1  30  2  73  3  65  4  32  5  4  6  58  7  3  8  14  9  98  10  80  11  10  12  41  13  7  14  53  15  11  16  24  17  66  18  42  19  76
  0  3  1  88  2  87  3  2  4  82  5  21  6  11  7  4  8  61  9  19  10  72  11  73  12  46  13  25  14  69  15  48  16  45  17  88  18  97  19  84
  0  88  1  53  2  17  3  49  4  15  5  8  6  86  7  54  8  1  9  87  10  54  11  12  12  59  13  50  14  41  15  72  16  16  17  73  18  32  19  88
  0  18  1  57  2  64  3  7  4  76  5  18  6  93  7  72  8  24  9  1  10  60  11  24  12  25  13  62  14  93  15  88  16  98  17  97  18  24  19  16
  0  27  1  98  2  96  3  5  4  58  5  86  6  2  7  26  8  29  9  46  10  61  11  32  12  64  13  53  14  45  15  93  16  40  17  82  18  3  19  46
TPM
  0  2033  1  2033  2  2033  3  2033  4  2033  5  2033  6  2033  7  2033  8  2033  9  2033  10  2033  11  2033  12  2033  13  2033  14  2033  15  2033  16  2033  17  2033  18  2033  19  2033
PMT
  0  145  1  30  2  53  3  136  4  84  5  54  6  56  7  11  8  102  9  126  10  141  11  112  12  5  13  44  14  11  15  133  16  84  17  33  18  115  19  69
  0  34  1  118  2  128  3  16  4  121  5  51  6  61  7  10  8  115  9  83  10  106  11  117  12  3  13  98  14  4  15  47  16  147  17  143  18  72  19  50
  0  84  1  100  2  109  3  64  4  90  5  111  6  69  7  2  8  28  9  30  10  107  11  135  12  119  13  41  14  97  15  84  16  4  17  25  18  35  19  61
  0  90  1  59  2  137  3  123  4  121  5  142  6  60  7  100  8  80  9  117  10  139  11  70  12  76  13  45  14  119  15  79  16  92  17  137  18  139  19  116
  0  28  1  125  2  127  3  143  4  101  5  88  6  40  7  73  8  35  9  11  10  15  11  31  12  142  13  148  14  120  15  103  16  130  17  9  18  29  19  146
  0  3  1  50  2  18  3  119  4  1  5  75  6  116  7  102  8  7  9  7  10  73  11  85  12  54  13  80  14  19  15  110  16  51  17  85  18  105  19  32
  0  141  1  2  2  94  3  144  4  30  5  97  6  110  7  81  8  119  9  50  10  13  11  147  12  15  13  38  14  21  15  24  16  17  17  136  18  118  19  115
  0  30  1  148  2  50  3  119  4  91  5  17  6  67  7  21  8  17  9  24  10  98  11  88  12  38  13  122  14  136  15  67  16  9  17  44  18  39  19  79
  0  39  1  80  2  105  3  33  4  38  5  49  6  117  7  136  8  67  9  11  10  57  11  140  12  103  13  39  14  131  15  130  16  132  17  112  18  100  19  121
  0  21  1  71  2  77  3  143  4  124  5  33  6  70  7  103  8  86  9  76  10  20  11  124  12  3  13  119  14  95  15  145  16  119  17  71  18  81  19  136
