100  15
  0  13  1  25  2  99  3  30  4  79  5  95  6  99  7  92  8  86  9  37  10  72  11  64  12  28  13  99  14  39
  0  51  1  11  2  68  3  52  4  62  5  86  6  94  7  20  8  49  9  43  10  24  11  68  12  38  13  44  14  63
  0  46  1  67  2  40  3  95  4  3  5  95  6  80  7  22  8  90  9  43  10  9  11  3  12  76  13  58  14  26
  0  31  1  65  2  58  3  34  4  35  5  63  6  56  7  13  8  22  9  36  10  81  11  88  12  98  13  44  14  72
  0  92  1  23  2  57  3  66  4  22  5  80  6  81  7  47  8  48  9  93  10  46  11  6  12  38  13  1  14  38
  0  31  1  81  2  63  3  82  4  40  5  43  6  88  7  11  8  1  9  79  10  81  11  45  12  28  13  85  14  55
  0  13  1  32  2  70  3  67  4  71  5  68  6  69  7  70  8  76  9  19  10  48  11  71  12  59  13  79  14  51
  0  59  1  84  2  64  3  93  4  40  5  90  6  35  7  21  8  84  9  48  10  15  11  63  12  84  13  90  14  55
  0  61  1  57  2  94  3  55  4  64  5  65  6  16  7  55  8  88  9  33  10  8  11  60  12  16  13  69  14  79
  0  52  1  72  2  32  3  80  4  7  5  86  6  4  7  97  8  23  9  47  10  52  11  15  12  29  13  7  14  94
  0  77  1  21  2  86  3  99  4  43  5  46  6  80  7  85  8  30  9  51  10  79  11  11  12  81  13  36  14  56
  0  49  1  15  2  1  3  71  4  2  5  19  6  67  7  98  8  2  9  20  10  20  11  93  12  98  13  34  14  88
  0  28  1  27  2  67  3  70  4  77  5  1  6  44  7  73  8  46  9  1  10  56  11  17  12  40  13  25  14  85
  0  23  1  45  2  28  3  30  4  88  5  60  6  74  7  27  8  22  9  94  10  80  11  80  12  82  13  31  14  8
  0  8  1  54  2  11  3  47  4  79  5  38  6  95  7  9  8  16  9  68  10  8  11  83  12  49  13  54  14  61
  0  71  1  91  2  13  3  27  4  72  5  49  6  71  7  99  8  87  9  66  10  10  11  55  12  88  13  11  14  7
  0  24  1  38  2  25  3  97  4  13  5  73  6  91  7  49  8  48  9  94  10  11  11  28  12  33  13  8  14  68
  0  2  1  31  2  23  3  53  4  12  5  21  6  1  7  53  8  91  9  94  10  99  11  29  12  33  13  83  14  77
  0  51  1  27  2  31  3  27  4  54  5  10  6  59  7  75  8  39  9  16  10  87  11  58  12  13  13  11  14  11
  0  51  1  82  2  40  3  31  4  31  5  6  6  39  7  11  8  84  9  81  10  82  11  94  12  1  13  41  14  60
  0  3  1  97  2  48  3  16  4  9  5  87  6  50  7  89  8  47  9  74  10  14  11  40  12  12  13  27  14  40
  0  42  1  47  2  90  3  67  4  85  5  39  6  20  7  69  8  29  9  54  10  45  11  31  12  65  13  94  14  3
  0  61  1  21  2  55  3  4  4  57  5  85  6  7  7  10  8  48  9  54  10  44  11  42  12  66  13  13  14  64
  0  51  1  42  2  9  3  72  4  5  5  7  6  96  7  29  8  93  9  46  10  29  11  78  12  55  13  55  14  51
  0  36  1  47  2  81  3  10  4  5  5  49  6  41  7  89  8  71  9  59  10  65  11  33  12  86  13  5  14  7
  0  15  1  32  2  12  3  3  4  64  5  34  6  75  7  93  8  69  9  68  10  32  11  20  12  2  13  82  14  40
  0  68  1  40  2  4  3  3  4  26  5  88  6  36  7  93  8  70  9  18  10  42  11  78  12  4  13  71  14  83
  0  36  1  99  2  15  3  49  4  13  5  36  6  24  7  1  8  84  9  26  10  38  11  21  12  90  13  60  14  23
  0  32  1  77  2  38  3  20  4  31  5  61  6  52  7  78  8  51  9  91  10  24  11  99  12  57  13  87  14  48
  0  26  1  11  2  63  3  70  4  71  5  94  6  88  7  92  8  69  9  62  10  16  11  12  12  78  13  46  14  2
  0  16  1  82  2  65  3  94  4  95  5  68  6  92  7  45  8  49  9  68  10  77  11  6  12  86  13  4  14  47
  0  81  1  64  2  70  3  19  4  67  5  99  6  32  7  93  8  95  9  52  10  44  11  29  12  56  13  66  14  3
  0  98  1  75  2  21  3  85  4  92  5  70  6  24  7  52  8  11  9  1  10  40  11  8  12  57  13  96  14  54
  0  39  1  40  2  34  3  3  4  88  5  25  6  76  7  29  8  32  9  15  10  20  11  29  12  56  13  30  14  90
  0  12  1  63  2  28  3  96  4  91  5  48  6  91  7  37  8  68  9  29  10  53  11  2  12  80  13  15  14  57
  0  26  1  27  2  52  3  56  4  92  5  96  6  82  7  19  8  74  9  55  10  98  11  72  12  74  13  71  14  79
  0  15  1  10  2  80  3  52  4  77  5  28  6  27  7  6  8  11  9  77  10  31  11  42  12  33  13  47  14  60
  0  66  1  61  2  59  3  16  4  28  5  16  6  84  7  60  8  67  9  59  10  93  11  34  12  45  13  29  14  96
  0  58  1  50  2  55  3  3  4  10  5  1  6  89  7  9  8  9  9  2  10  69  11  26  12  69  13  26  14  7
  0  65  1  98  2  9  3  76  4  63  5  38  6  92  7  30  8  10  9  91  10  69  11  75  12  20  13  77  14  75
  0  86  1  52  2  3  3  68  4  42  5  61  6  47  7  76  8  98  9  53  10  1  11  98  12  58  13  67  14  2
  0  4  1  78  2  9  3  50  4  47  5  28  6  4  7  19  8  11  9  8  10  49  11  72  12  32  13  67  14  89
  0  57  1  82  2  98  3  32  4  49  5  98  6  85  7  78  8  45  9  89  10  36  11  54  12  51  13  69  14  37
  0  40  1  3  2  88  3  95  4  58  5  2  6  54  7  62  8  50  9  91  10  84  11  52  12  57  13  66  14  12
  0  6  1  91  2  3  3  48  4  61  5  55  6  76  7  70  8  18  9  51  10  67  11  87  12  28  13  79  14  90
  0  5  1  36  2  33  3  5  4  80  5  53  6  19  7  74  8  67  9  46  10  74  11  96  12  56  13  62  14  65
  0  20  1  79  2  31  3  64  4  1  5  42  6  15  7  65  8  96  9  76  10  91  11  73  12  83  13  57  14  95
  0  75  1  32  2  5  3  55  4  87  5  98  6  69  7  89  8  25  9  19  10  84  11  67  12  48  13  83  14  8
  0  32  1  82  2  62  3  20  4  53  5  1  6  93  7  25  8  46  9  34  10  52  11  73  12  76  13  45  14  70
  0  24  1  56  2  62  3  69  4  87  5  66  6  94  7  33  8  37  9  89  10  34  11  20  12  69  13  31  14  45
  0  8  1  59  2  52  3  92  4  6  5  31  6  54  7  43  8  86  9  46  10  87  11  59  12  21  13  82  14  67
  0  64  1  15  2  53  3  22  4  40  5  83  6  83  7  11  8  98  9  15  10  49  11  82  12  35  13  97  14  52
  0  67  1  40  2  35  3  70  4  6  5  58  6  46  7  27  8  84  9  85  10  38  11  42  12  17  13  66  14  12
  0  88  1  75  2  33  3  9  4  49  5  99  6  81  7  35  8  38  9  98  10  94  11  6  12  64  13  44  14  38
  0  3  1  23  2  22  3  12  4  37  5  40  6  73  7  18  8  60  9  33  10  67  11  74  12  66  13  42  14  56
  0  5  1  66  2  41  3  35  4  53  5  54  6  54  7  92  8  40  9  68  10  9  11  14  12  29  13  30  14  30
  0  93  1  83  2  18  3  38  4  64  5  36  6  93  7  5  8  32  9  84  10  10  11  90  12  92  13  8  14  46
  0  60  1  73  2  52  3  61  4  53  5  98  6  31  7  59  8  50  9  98  10  42  11  11  12  70  13  7  14  2
  0  66  1  80  2  97  3  38  4  59  5  19  6  82  7  95  8  92  9  41  10  50  11  50  12  38  13  54  14  24
  0  35  1  13  2  3  3  82  4  14  5  3  6  2  7  39  8  70  9  41  10  60  11  12  12  91  13  71  14  8
  0  1  1  61  2  51  3  41  4  67  5  92  6  77  7  49  8  85  9  70  10  29  11  66  12  94  13  83  14  70
  0  94  1  94  2  56  3  56  4  63  5  41  6  19  7  33  8  29  9  52  10  79  11  25  12  42  13  20  14  71
  0  43  1  24  2  88  3  10  4  81  5  26  6  58  7  66  8  54  9  76  10  3  11  44  12  8  13  34  14  28
  0  27  1  17  2  93  3  7  4  24  5  27  6  25  7  54  8  26  9  26  10  38  11  51  12  67  13  42  14  96
  0  7  1  38  2  3  3  33  4  33  5  1  6  9  7  37  8  71  9  6  10  5  11  14  12  82  13  2  14  39
  0  38  1  6  2  4  3  68  4  48  5  33  6  42  7  30  8  61  9  71  10  19  11  86  12  1  13  70  14  44
  0  33  1  61  2  53  3  26  4  7  5  64  6  68  7  38  8  45  9  66  10  55  11  81  12  75  13  38  14  95
  0  29  1  43  2  12  3  79  4  9  5  2  6  69  7  18  8  65  9  32  10  33  11  85  12  6  13  54  14  49
  0  66  1  22  2  46  3  15  4  33  5  46  6  97  7  61  8  97  9  78  10  59  11  95  12  1  13  93  14  49
  0  88  1  33  2  14  3  45  4  27  5  97  6  19  7  72  8  84  9  75  10  3  11  55  12  90  13  38  14  26
  0  2  1  82  2  12  3  15  4  36  5  72  6  15  7  85  8  98  9  80  10  94  11  29  12  76  13  94  14  47
  0  65  1  38  2  71  3  3  4  46  5  80  6  93  7  2  8  81  9  21  10  30  11  89  12  11  13  78  14  72
  0  13  1  42  2  34  3  60  4  5  5  38  6  68  7  90  8  66  9  8  10  18  11  94  12  5  13  50  14  82
  0  21  1  74  2  51  3  87  4  54  5  37  6  17  7  92  8  64  9  31  10  26  11  72  12  61  13  15  14  1
  0  42  1  10  2  42  3  44  4  87  5  9  6  59  7  8  8  13  9  63  10  47  11  53  12  43  13  87  14  41
  0  52  1  18  2  25  3  14  4  27  5  78  6  69  7  87  8  19  9  30  10  26  11  17  12  55  13  31  14  45
  0  75  1  33  2  41  3  18  4  99  5  49  6  33  7  18  8  13  9  43  10  49  11  24  12  13  13  40  14  47
  0  60  1  90  2  97  3  83  4  43  5  37  6  98  7  21  8  15  9  24  10  46  11  53  12  8  13  90  14  50
  0  85  1  62  2  67  3  23  4  29  5  5  6  9  7  98  8  75  9  42  10  21  11  63  12  65  13  46  14  14
  0  60  1  86  2  26  3  8  4  2  5  38  6  1  7  63  8  97  9  61  10  50  11  38  12  92  13  26  14  76
  0  73  1  67  2  8  3  11  4  56  5  34  6  18  7  65  8  34  9  64  10  48  11  98  12  60  13  89  14  54
  0  41  1  98  2  84  3  97  4  11  5  17  6  28  7  95  8  14  9  56  10  82  11  75  12  2  13  43  14  58
  0  23  1  38  2  85  3  39  4  53  5  97  6  76  7  83  8  77  9  84  10  87  11  42  12  22  13  69  14  29
  0  47  1  21  2  60  3  8  4  60  5  2  6  59  7  16  8  94  9  29  10  86  11  26  12  36  13  75  14  57
  0  70  1  41  2  26  3  39  4  41  5  76  6  58  7  48  8  36  9  38  10  35  11  37  12  28  13  53  14  98
  0  1  1  44  2  57  3  73  4  92  5  78  6  10  7  3  8  24  9  70  10  70  11  71  12  13  13  27  14  71
  0  3  1  69  2  72  3  40  4  24  5  63  6  50  7  66  8  43  9  98  10  10  11  18  12  75  13  85  14  55
  0  49  1  12  2  3  3  43  4  49  5  32  6  67  7  43  8  33  9  87  10  77  11  17  12  75  13  11  14  74
  0  59  1  25  2  34  3  56  4  23  5  58  6  15  7  35  8  19  9  70  10  11  11  3  12  45  13  94  14  41
  0  82  1  19  2  5  3  29  4  49  5  83  6  48  7  22  8  54  9  30  10  7  11  25  12  2  13  61  14  82
  0  94  1  44  2  68  3  61  4  77  5  99  6  15  7  99  8  3  9  16  10  46  11  29  12  47  13  25  14  59
  0  90  1  34  2  68  3  12  4  23  5  50  6  77  7  45  8  85  9  77  10  58  11  62  12  82  13  67  14  95
  0  82  1  13  2  26  3  81  4  44  5  70  6  75  7  43  8  60  9  67  10  2  11  8  12  28  13  59  14  19
  0  46  1  39  2  78  3  11  4  72  5  70  6  32  7  9  8  90  9  25  10  90  11  39  12  26  13  58  14  91
  0  49  1  70  2  26  3  44  4  68  5  36  6  24  7  71  8  2  9  96  10  95  11  70  12  30  13  51  14  56
  0  52  1  80  2  60  3  43  4  86  5  89  6  16  7  81  8  88  9  70  10  55  11  43  12  95  13  58  14  43
  0  31  1  40  2  87  3  53  4  12  5  1  6  42  7  47  8  87  9  8  10  63  11  33  12  72  13  16  14  19
  0  27  1  16  2  78  3  63  4  74  5  97  6  90  7  44  8  6  9  71  10  74  11  33  12  2  13  38  14  37
  0  90  1  34  2  89  3  9  4  84  5  83  6  27  7  62  8  26  9  43  10  62  11  48  12  2  13  90  14  66
  0  14  1  3  2  52  3  90  4  83  5  85  6  13  7  3  8  20  9  6  10  39  11  15  12  98  13  29  14  24
TPM
  0  1131  1  1131  2  1131  3  1131  4  1131  5  1131  6  1131  7  1131  8  1131  9  1131  10  1131  11  1131  12  1131  13  1131  14  1131
PMT
  0  88  1  59  2  4  3  77  4  48  5  72  6  28  7  19  8  37  9  72  10  67  11  50  12  26  13  115  14  108
  0  87  1  90  2  93  3  34  4  107  5  69  6  111  7  58  8  11  9  33  10  68  11  80  12  4  13  40  14  119
  0  28  1  101  2  25  3  81  4  84  5  37  6  97  7  30  8  84  9  22  10  60  11  85  12  26  13  54  14  98
  0  77  1  34  2  47  3  7  4  16  5  53  6  32  7  104  8  118  9  36  10  19  11  8  12  34  13  84  14  91
  0  109  1  35  2  12  3  118  4  107  5  36  6  80  7  97  8  4  9  22  10  86  11  89  12  104  13  34  14  97
  0  62  1  1  2  10  3  74  4  28  5  2  6  51  7  12  8  8  9  53  10  96  11  122  12  118  13  67  14  27
  0  27  1  18  2  115  3  106  4  26  5  65  6  112  7  99  8  104  9  109  10  4  11  36  12  74  13  93  14  4
  0  23  1  44  2  52  3  115  4  9  5  69  6  23  7  18  8  95  9  118  10  4  11  119  12  109  13  3  14  33
  0  58  1  89  2  111  3  98  4  1  5  100  6  23  7  5  8  90  9  71  10  25  11  98  12  79  13  29  14  64
