20  15
  0  19  1  93  2  21  3  40  4  97  5  55  6  55  7  7  8  56  9  50  10  64  11  3  12  60  13  43  14  50
  0  8  1  54  2  17  3  89  4  16  5  32  6  85  7  57  8  71  9  50  10  32  11  38  12  53  13  2  14  43
  0  57  1  23  2  89  3  57  4  75  5  42  6  79  7  74  8  39  9  31  10  3  11  56  12  83  13  11  14  46
  0  45  1  22  2  62  3  60  4  75  5  75  6  92  7  63  8  38  9  19  10  87  11  13  12  42  13  54  14  90
  0  87  1  73  2  34  3  47  4  7  5  53  6  93  7  89  8  51  9  31  10  78  11  67  12  90  13  81  14  51
  0  32  1  27  2  81  3  33  4  41  5  92  6  85  7  16  8  47  9  78  10  29  11  32  12  60  13  83  14  26
  0  85  1  36  2  88  3  46  4  77  5  1  6  23  7  81  8  73  9  16  10  65  11  32  12  96  13  70  14  84
  0  84  1  51  2  16  3  39  4  62  5  11  6  10  7  63  8  50  9  15  10  30  11  31  12  53  13  59  14  52
  0  62  1  18  2  92  3  33  4  10  5  33  6  32  7  32  8  61  9  98  10  72  11  44  12  21  13  12  14  49
  0  60  1  69  2  27  3  72  4  50  5  11  6  68  7  63  8  47  9  58  10  23  11  33  12  84  13  18  14  32
  0  1  1  89  2  69  3  54  4  44  5  65  6  53  7  78  8  21  9  2  10  15  11  8  12  6  13  86  14  63
  0  31  1  26  2  20  3  50  4  70  5  15  6  63  7  67  8  63  9  82  10  47  11  28  12  12  13  89  14  41
  0  79  1  16  2  84  3  62  4  44  5  73  6  18  7  54  8  18  9  10  10  53  11  85  12  49  13  67  14  44
  0  41  1  82  2  75  3  49  4  97  5  51  6  78  7  82  8  21  9  28  10  83  11  40  12  16  13  99  14  72
  0  59  1  20  2  5  3  78  4  76  5  26  6  48  7  14  8  98  9  60  10  94  11  25  12  17  13  72  14  96
  0  84  1  21  2  99  3  14  4  60  5  74  6  5  7  18  8  16  9  88  10  29  11  9  12  42  13  94  14  75
  0  65  1  16  2  78  3  30  4  27  5  22  6  71  7  98  8  61  9  18  10  77  11  84  12  72  13  3  14  87
  0  66  1  62  2  22  3  21  4  39  5  36  6  23  7  87  8  17  9  18  10  49  11  56  12  32  13  19  14  31
  0  85  1  60  2  91  3  2  4  38  5  69  6  23  7  74  8  98  9  63  10  84  11  27  12  56  13  65  14  33
  0  96  1  20  2  84  3  22  4  88  5  93  6  28  7  77  8  32  9  10  10  74  11  35  12  48  13  14  14  14
TPM
  0  678  1  678  2  678  3  678  4  678  5  678  6  678  7  678  8  678  9  678  10  678  11  678  12  678  13  678  14  678
PMT
  0  49  1  12  2  26  3  17  4  9  5  33  6  66  7  20  8  13  9  68  10  15  11  49  12  29  13  64  14  32
  0  61  1  42  2  27  3  39  4  43  5  15  6  37  7  30  8  18  9  6  10  60  11  70  12  59  13  58  14  61
  0  74  1  72  2  38  3  30  4  35  5  17  6  24  7  4  8  29  9  56  10  58  11  40  12  23  13  14  14  50
