50  20
  0  94  1  82  2  67  3  18  4  12  5  41  6  6  7  14  8  29  9  73  10  42  11  53  12  61  13  96  14  27  15  8  16  77  17  57  18  19  19  72
  0  95  1  25  2  27  3  59  4  62  5  70  6  59  7  70  8  53  9  60  10  79  11  16  12  70  13  48  14  3  15  48  16  40  17  33  18  98  19  22
  0  22  1  31  2  87  3  7  4  94  5  78  6  33  7  7  8  80  9  46  10  77  11  71  12  5  13  49  14  70  15  96  16  30  17  77  18  88  19  48
  0  87  1  86  2  45  3  62  4  6  5  9  6  31  7  7  8  17  9  90  10  54  11  94  12  74  13  57  14  49  15  99  16  19  17  61  18  80  19  12
  0  81  1  77  2  72  3  16  4  12  5  25  6  19  7  5  8  49  9  58  10  72  11  52  12  9  13  41  14  11  15  99  16  26  17  93  18  24  19  34
  0  79  1  89  2  83  3  68  4  4  5  34  6  73  7  51  8  55  9  43  10  1  11  55  12  79  13  23  14  15  15  35  16  8  17  12  18  10  19  46
  0  82  1  16  2  71  3  65  4  72  5  82  6  7  7  62  8  51  9  72  10  78  11  3  12  28  13  25  14  97  15  86  16  69  17  38  18  82  19  58
  0  41  1  92  2  71  3  26  4  60  5  5  6  40  7  94  8  54  9  90  10  78  11  95  12  33  13  51  14  19  15  53  16  46  17  40  18  14  19  44
  0  85  1  63  2  17  3  18  4  30  5  12  6  9  7  3  8  67  9  42  10  75  11  6  12  26  13  48  14  26  15  72  16  99  17  86  18  8  19  91
  0  72  1  59  2  64  3  34  4  41  5  57  6  29  7  66  8  12  9  12  10  65  11  96  12  24  13  29  14  90  15  19  16  14  17  84  18  32  19  75
  0  35  1  15  2  28  3  57  4  74  5  19  6  48  7  99  8  61  9  78  10  9  11  55  12  49  13  41  14  8  15  49  16  88  17  26  18  89  19  35
  0  65  1  68  2  45  3  29  4  50  5  76  6  75  7  76  8  74  9  1  10  83  11  72  12  45  13  17  14  91  15  62  16  64  17  85  18  73  19  70
  0  99  1  36  2  57  3  48  4  35  5  74  6  49  7  37  8  94  9  42  10  66  11  74  12  19  13  48  14  89  15  9  16  39  17  60  18  75  19  94
  0  67  1  34  2  80  3  69  4  14  5  8  6  95  7  51  8  89  9  97  10  87  11  6  12  57  13  60  14  94  15  66  16  44  17  23  18  34  19  4
  0  17  1  87  2  2  3  81  4  94  5  62  6  86  7  61  8  51  9  77  10  20  11  11  12  16  13  81  14  42  15  49  16  93  17  41  18  45  19  37
  0  55  1  74  2  29  3  85  4  65  5  97  6  89  7  38  8  56  9  65  10  6  11  59  12  54  13  37  14  14  15  37  16  33  17  90  18  73  19  68
  0  39  1  72  2  66  3  93  4  6  5  61  6  88  7  2  8  76  9  66  10  22  11  19  12  82  13  8  14  87  15  46  16  46  17  39  18  36  19  24
  0  14  1  6  2  12  3  25  4  44  5  63  6  98  7  5  8  86  9  83  10  42  11  70  12  42  13  35  14  96  15  46  16  85  17  9  18  43  19  27
  0  94  1  26  2  84  3  73  4  6  5  56  6  6  7  80  8  7  9  21  10  55  11  18  12  24  13  65  14  98  15  28  16  60  17  32  18  26  19  28
  0  21  1  62  2  35  3  67  4  89  5  97  6  21  7  4  8  71  9  81  10  29  11  32  12  17  13  60  14  67  15  64  16  74  17  53  18  74  19  43
  0  49  1  26  2  95  3  47  4  57  5  86  6  18  7  3  8  20  9  7  10  45  11  38  12  18  13  18  14  45  15  14  16  1  17  42  18  74  19  35
  0  39  1  57  2  72  3  30  4  54  5  5  6  82  7  36  8  51  9  99  10  40  11  43  12  58  13  81  14  32  15  70  16  49  17  32  18  19  19  94
  0  75  1  44  2  81  3  45  4  71  5  13  6  18  7  24  8  81  9  92  10  21  11  39  12  33  13  33  14  98  15  43  16  54  17  88  18  18  19  18
  0  12  1  65  2  97  3  48  4  14  5  60  6  64  7  80  8  98  9  84  10  56  11  53  12  21  13  96  14  36  15  43  16  90  17  77  18  50  19  70
  0  31  1  20  2  49  3  51  4  57  5  29  6  37  7  3  8  6  9  38  10  38  11  18  12  49  13  94  14  95  15  83  16  80  17  80  18  21  19  2
  0  68  1  48  2  82  3  38  4  87  5  13  6  85  7  11  8  98  9  15  10  91  11  82  12  32  13  39  14  75  15  38  16  83  17  82  18  18  19  45
  0  34  1  73  2  84  3  32  4  65  5  99  6  32  7  34  8  15  9  5  10  55  11  93  12  86  13  46  14  53  15  16  16  47  17  37  18  85  19  6
  0  32  1  96  2  40  3  47  4  62  5  11  6  42  7  98  8  44  9  52  10  72  11  18  12  6  13  10  14  75  15  36  16  82  17  61  18  58  19  40
  0  59  1  41  2  48  3  46  4  44  5  23  6  28  7  61  8  10  9  6  10  67  11  72  12  43  13  67  14  48  15  10  16  82  17  43  18  17  19  64
  0  40  1  17  2  35  3  72  4  25  5  60  6  4  7  87  8  31  9  34  10  77  11  1  12  47  13  46  14  8  15  82  16  95  17  42  18  64  19  56
  0  25  1  54  2  38  3  36  4  95  5  39  6  19  7  74  8  48  9  85  10  96  11  1  12  31  13  77  14  39  15  70  16  36  17  31  18  41  19  30
  0  60  1  40  2  42  3  74  4  3  5  16  6  66  7  59  8  62  9  89  10  23  11  90  12  80  13  13  14  82  15  5  16  69  17  94  18  8  19  1
  0  98  1  35  2  2  3  6  4  46  5  52  6  21  7  81  8  21  9  23  10  34  11  88  12  30  13  74  14  59  15  73  16  35  17  97  18  84  19  65
  0  26  1  68  2  66  3  63  4  4  5  4  6  60  7  69  8  57  9  88  10  20  11  8  12  67  13  36  14  83  15  10  16  73  17  82  18  19  19  82
  0  3  1  35  2  9  3  68  4  16  5  1  6  84  7  73  8  47  9  79  10  50  11  24  12  34  13  5  14  57  15  79  16  62  17  49  18  9  19  5
  0  66  1  45  2  13  3  71  4  72  5  73  6  15  7  76  8  69  9  27  10  72  11  58  12  42  13  58  14  64  15  62  16  8  17  52  18  27  19  2
  0  26  1  97  2  76  3  88  4  99  5  44  6  62  7  53  8  61  9  63  10  43  11  66  12  19  13  58  14  97  15  28  16  23  17  82  18  97  19  3
  0  51  1  68  2  23  3  2  4  39  5  81  6  77  7  43  8  8  9  33  10  46  11  48  12  52  13  31  14  2  15  48  16  97  17  52  18  46  19  6
  0  44  1  57  2  53  3  94  4  50  5  92  6  33  7  67  8  19  9  39  10  61  11  16  12  3  13  6  14  12  15  12  16  33  17  87  18  3  19  65
  0  35  1  20  2  55  3  59  4  91  5  8  6  95  7  22  8  67  9  16  10  79  11  66  12  96  13  37  14  5  15  12  16  9  17  83  18  34  19  41
  0  46  1  68  2  60  3  78  4  69  5  62  6  84  7  96  8  2  9  56  10  70  11  69  12  20  13  57  14  16  15  38  16  3  17  97  18  48  19  63
  0  13  1  41  2  31  3  72  4  39  5  3  6  43  7  24  8  59  9  36  10  62  11  56  12  80  13  38  14  76  15  85  16  64  17  78  18  85  19  74
  0  62  1  59  2  87  3  76  4  9  5  59  6  44  7  46  8  31  9  17  10  81  11  59  12  2  13  54  14  72  15  67  16  35  17  51  18  87  19  17
  0  79  1  26  2  35  3  77  4  87  5  63  6  17  7  65  8  59  9  16  10  63  11  66  12  72  13  67  14  36  15  90  16  60  17  14  18  6  19  4
  0  10  1  28  2  41  3  27  4  67  5  3  6  76  7  5  8  85  9  75  10  34  11  63  12  60  13  98  14  18  15  30  16  23  17  3  18  16  19  76
  0  95  1  58  2  66  3  6  4  26  5  45  6  77  7  98  8  49  9  75  10  19  11  86  12  64  13  38  14  98  15  20  16  4  17  54  18  18  19  46
  0  29  1  61  2  57  3  17  4  7  5  71  6  31  7  93  8  29  9  61  10  36  11  13  12  76  13  7  14  44  15  31  16  57  17  51  18  48  19  71
  0  62  1  70  2  53  3  31  4  8  5  98  6  55  7  22  8  72  9  96  10  73  11  58  12  45  13  92  14  6  15  14  16  40  17  29  18  45  19  8
  0  38  1  89  2  64  3  1  4  67  5  85  6  49  7  89  8  41  9  41  10  59  11  62  12  3  13  96  14  29  15  30  16  42  17  8  18  36  19  50
  0  96  1  37  2  20  3  18  4  53  5  45  6  7  7  72  8  94  9  31  10  80  11  70  12  72  13  81  14  14  15  97  16  99  17  36  18  35  19  37
TPM
  0  1039  1  1039  2  1039  3  1039  4  1039  5  1039  6  1039  7  1039  8  1039  9  1039  10  1039  11  1039  12  1039  13  1039  14  1039  15  1039  16  1039  17  1039  18  1039  19  1039
PMT
  0  44  1  33  2  2  3  3  4  42  5  10  6  10  7  17  8  28  9  5  10  47  11  28  12  32  13  3  14  19  15  5  16  4  17  47  18  31  19  47
  0  8  1  1  2  6  3  17  4  21  5  39  6  14  7  48  8  34  9  12  10  28  11  18  12  27  13  35  14  22  15  10  16  20  17  39  18  25  19  26
  0  17  1  44  2  4  3  10  4  15  5  24  6  3  7  12  8  4  9  4  10  26  11  34  12  34  13  20  14  31  15  6  16  23  17  33  18  35  19  11
  0  18  1  16  2  35  3  28  4  13  5  48  6  13  7  4  8  6  9  40  10  47  11  24  12  21  13  42  14  41  15  30  16  3  17  18  18  4  19  30
  0  43  1  23  2  17  3  29  4  14  5  8  6  5  7  37  8  37  9  39  10  19  11  14  12  11  13  31  14  18  15  38  16  17  17  40  18  34  19  26
