50  10
  0  23  1  28  2  10  3  1  4  80  5  60  6  53  7  26  8  51  9  76
  0  58  1  34  2  98  3  28  4  76  5  19  6  17  7  15  8  67  9  1
  0  18  1  71  2  49  3  96  4  60  5  14  6  86  7  71  8  32  9  74
  0  85  1  68  2  48  3  15  4  53  5  57  6  46  7  12  8  7  9  66
  0  74  1  34  2  56  3  78  4  19  5  64  6  12  7  97  8  99  9  35
  0  60  1  40  2  41  3  85  4  29  5  88  6  8  7  48  8  30  9  13
  0  33  1  30  2  47  3  54  4  8  5  50  6  22  7  22  8  89  9  37
  0  29  1  54  2  59  3  5  4  67  5  36  6  40  7  66  8  4  9  71
  0  31  1  47  2  30  3  70  4  53  5  97  6  45  7  85  8  89  9  38
  0  48  1  95  2  65  3  76  4  26  5  59  6  21  7  67  8  56  9  44
  0  42  1  26  2  60  3  28  4  81  5  10  6  89  7  31  8  68  9  12
  0  16  1  98  2  84  3  51  4  67  5  80  6  77  7  55  8  22  9  49
  0  13  1  52  2  62  3  57  4  4  5  20  6  46  7  39  8  63  9  83
  0  45  1  98  2  67  3  34  4  60  5  27  6  26  7  11  8  15  9  64
  0  95  1  87  2  82  3  87  4  91  5  36  6  7  7  83  8  69  9  71
  0  6  1  46  2  91  3  93  4  86  5  10  6  4  7  82  8  2  9  5
  0  70  1  10  2  21  3  86  4  62  5  79  6  11  7  91  8  84  9  8
  0  31  1  13  2  93  3  97  4  9  5  98  6  38  7  80  8  29  9  18
  0  15  1  20  2  63  3  42  4  47  5  9  6  32  7  45  8  6  9  98
  0  58  1  17  2  34  3  43  4  62  5  37  6  54  7  44  8  12  9  64
  0  58  1  40  2  23  3  30  4  20  5  61  6  69  7  43  8  71  9  52
  0  60  1  51  2  35  3  41  4  78  5  7  6  8  7  80  8  4  9  30
  0  31  1  19  2  49  3  87  4  4  5  71  6  91  7  6  8  7  9  76
  0  84  1  90  2  56  3  84  4  66  5  46  6  13  7  8  8  8  9  84
  0  95  1  9  2  70  3  77  4  83  5  39  6  60  7  9  8  11  9  31
  0  5  1  9  2  86  3  7  4  80  5  81  6  88  7  70  8  77  9  72
  0  13  1  85  2  71  3  15  4  91  5  60  6  37  7  69  8  93  9  83
  0  42  1  38  2  71  3  95  4  77  5  15  6  46  7  82  8  34  9  21
  0  2  1  24  2  29  3  99  4  59  5  39  6  28  7  14  8  52  9  6
  0  36  1  46  2  2  3  48  4  34  5  85  6  91  7  23  8  5  9  81
  0  66  1  49  2  56  3  68  4  20  5  46  6  42  7  11  8  41  9  2
  0  47  1  15  2  33  3  58  4  70  5  1  6  20  7  9  8  38  9  51
  0  19  1  32  2  24  3  60  4  33  5  2  6  55  7  50  8  84  9  68
  0  32  1  42  2  19  3  76  4  7  5  95  6  16  7  86  8  71  9  38
  0  21  1  92  2  66  3  65  4  64  5  75  6  15  7  84  8  22  9  20
  0  27  1  13  2  69  3  91  4  48  5  77  6  98  7  49  8  36  9  59
  0  13  1  29  2  79  3  89  4  21  5  55  6  20  7  88  8  96  9  28
  0  19  1  95  2  70  3  17  4  80  5  49  6  65  7  53  8  45  9  2
  0  3  1  93  2  80  3  69  4  44  5  19  6  58  7  84  8  26  9  58
  0  1  1  66  2  21  3  81  4  3  5  36  6  25  7  85  8  92  9  67
  0  54  1  73  2  80  3  9  4  7  5  97  6  97  7  45  8  11  9  10
  0  39  1  77  2  81  3  63  4  55  5  43  6  38  7  34  8  49  9  95
  0  73  1  60  2  92  3  23  4  65  5  36  6  52  7  70  8  68  9  84
  0  92  1  6  2  39  3  14  4  1  5  31  6  79  7  23  8  45  9  30
  0  85  1  3  2  70  3  15  4  59  5  77  6  79  7  6  8  7  9  48
  0  61  1  52  2  33  3  50  4  74  5  84  6  10  7  45  8  73  9  60
  0  68  1  82  2  56  3  28  4  61  5  30  6  67  7  42  8  71  9  45
  0  72  1  85  2  81  3  28  4  7  5  94  6  22  7  97  8  49  9  83
  0  63  1  60  2  81  3  22  4  28  5  87  6  30  7  9  8  23  9  98
  0  7  1  47  2  26  3  22  4  90  5  9  6  84  7  89  8  14  9  46
TPM
  0  1039  1  1039  2  1039  3  1039  4  1039  5  1039  6  1039  7  1039  8  1039  9  1039
PMT
  0  123  1  101  2  60  3  119  4  121  5  27  6  16  7  90  8  45  9  123
  0  43  1  66  2  95  3  75  4  50  5  120  6  20  7  118  8  79  9  66
  0  104  1  35  2  111  3  63  4  32  5  77  6  94  7  95  8  44  9  64
  0  24  1  94  2  13  3  13  4  77  5  53  6  51  7  71  8  57  9  99
  0  67  1  91  2  89  3  52  4  93  5  31  6  18  7  123  8  108  9  75
