20  15
  0  60  1  17  2  61  3  21  4  17  5  71  6  42  7  66  8  93  9  32  10  97  11  11  12  98  13  29  14  78
  0  80  1  18  2  24  3  3  4  78  5  81  6  61  7  42  8  22  9  54  10  32  11  13  12  28  13  58  14  83
  0  38  1  23  2  10  3  87  4  43  5  76  6  72  7  42  8  16  9  71  10  23  11  87  12  28  13  77  14  87
  0  53  1  4  2  80  3  8  4  63  5  95  6  85  7  34  8  65  9  73  10  6  11  62  12  69  13  73  14  84
  0  46  1  10  2  35  3  32  4  72  5  62  6  27  7  69  8  69  9  72  10  63  11  5  12  84  13  98  14  24
  0  86  1  59  2  60  3  59  4  21  5  73  6  37  7  35  8  27  9  55  10  83  11  38  12  81  13  73  14  38
  0  65  1  78  2  38  3  38  4  49  5  93  6  9  7  81  8  12  9  35  10  66  11  94  12  30  13  29  14  94
  0  84  1  62  2  57  3  97  4  99  5  85  6  46  7  23  8  24  9  14  10  94  11  88  12  71  13  11  14  59
  0  26  1  67  2  30  3  62  4  76  5  18  6  27  7  70  8  26  9  16  10  30  11  71  12  42  13  42  14  68
  0  51  1  64  2  39  3  1  4  22  5  55  6  74  7  81  8  90  9  11  10  32  11  53  12  43  13  98  14  90
  0  72  1  89  2  54  3  67  4  93  5  98  6  74  7  53  8  71  9  15  10  74  11  60  12  45  13  41  14  96
  0  50  1  41  2  14  3  99  4  33  5  82  6  28  7  55  8  38  9  5  10  75  11  36  12  95  13  10  14  92
  0  68  1  98  2  13  3  58  4  87  5  21  6  65  7  67  8  16  9  99  10  42  11  70  12  53  13  36  14  57
  0  69  1  50  2  53  3  16  4  99  5  3  6  14  7  32  8  37  9  91  10  95  11  68  12  12  13  43  14  74
  0  74  1  27  2  5  3  60  4  32  5  95  6  51  7  88  8  35  9  63  10  54  11  62  12  58  13  67  14  2
  0  92  1  95  2  48  3  41  4  91  5  71  6  32  7  72  8  6  9  57  10  24  11  28  12  6  13  47  14  2
  0  22  1  55  2  68  3  92  4  32  5  37  6  35  7  66  8  64  9  8  10  78  11  91  12  13  13  99  14  97
  0  25  1  10  2  5  3  24  4  32  5  32  6  3  7  90  8  70  9  98  10  9  11  47  12  78  13  98  14  75
  0  70  1  33  2  8  3  52  4  45  5  1  6  96  7  95  8  35  9  76  10  42  11  92  12  50  13  75  14  86
  0  20  1  92  2  53  3  10  4  74  5  38  6  38  7  2  8  28  9  66  10  17  11  71  12  1  13  76  14  3
TPM
  0  678  1  678  2  678  3  678  4  678  5  678  6  678  7  678  8  678  9  678  10  678  11  678  12  678  13  678  14  678
PMT
  0  4  1  33  2  13  3  42  4  40  5  3  6  47  7  15  8  31  9  2  10  26  11  35  12  47  13  17  14  45
  0  25  1  21  2  42  3  18  4  25  5  39  6  15  7  33  8  25  9  26  10  6  11  49  12  4  13  36  14  18
  0  49  1  8  2  16  3  44  4  30  5  13  6  34  7  40  8  18  9  8  10  9  11  13  12  10  13  16  14  16
