50  20
  0  81  1  63  2  46  3  14  4  13  5  65  6  68  7  39  8  5  9  11  10  59  11  37  12  98  13  67  14  21  15  81  16  77  17  2  18  80  19  10
  0  27  1  82  2  43  3  55  4  36  5  47  6  66  7  97  8  89  9  45  10  7  11  36  12  85  13  52  14  87  15  26  16  66  17  59  18  99  19  43
  0  69  1  34  2  44  3  54  4  27  5  30  6  52  7  4  8  63  9  5  10  66  11  67  12  76  13  40  14  54  15  13  16  4  17  7  18  91  19  70
  0  12  1  93  2  46  3  11  4  43  5  7  6  26  7  83  8  30  9  8  10  98  11  56  12  45  13  39  14  81  15  54  16  54  17  65  18  64  19  13
  0  97  1  15  2  4  3  64  4  95  5  22  6  20  7  39  8  74  9  79  10  71  11  51  12  48  13  71  14  85  15  86  16  10  17  33  18  83  19  31
  0  8  1  65  2  21  3  97  4  18  5  99  6  25  7  33  8  34  9  86  10  12  11  24  12  39  13  59  14  14  15  33  16  32  17  87  18  33  19  30
  0  15  1  34  2  31  3  97  4  71  5  72  6  89  7  27  8  95  9  28  10  28  11  38  12  37  13  48  14  43  15  90  16  84  17  27  18  20  19  59
  0  6  1  22  2  22  3  2  4  3  5  53  6  60  7  30  8  61  9  61  10  6  11  82  12  97  13  75  14  87  15  44  16  36  17  7  18  94  19  49
  0  70  1  74  2  68  3  99  4  84  5  39  6  64  7  56  8  45  9  71  10  9  11  80  12  88  13  14  14  90  15  63  16  62  17  1  18  51  19  41
  0  94  1  34  2  69  3  95  4  5  5  49  6  57  7  98  8  79  9  97  10  8  11  21  12  62  13  48  14  64  15  40  16  54  17  84  18  99  19  20
  0  12  1  24  2  27  3  20  4  87  5  17  6  82  7  77  8  48  9  94  10  42  11  76  12  73  13  58  14  76  15  69  16  27  17  40  18  49  19  50
  0  21  1  82  2  4  3  61  4  55  5  12  6  16  7  8  8  78  9  94  10  87  11  8  12  4  13  12  14  9  15  76  16  88  17  1  18  35  19  65
  0  49  1  18  2  33  3  73  4  75  5  50  6  1  7  7  8  59  9  71  10  68  11  59  12  64  13  15  14  30  15  42  16  92  17  17  18  73  19  79
  0  26  1  42  2  86  3  47  4  44  5  6  6  81  7  27  8  60  9  50  10  55  11  97  12  14  13  43  14  69  15  97  16  10  17  90  18  34  19  10
  0  8  1  6  2  15  3  67  4  94  5  59  6  4  7  85  8  75  9  5  10  27  11  57  12  96  13  66  14  74  15  68  16  69  17  10  18  67  19  24
  0  56  1  63  2  20  3  98  4  45  5  30  6  42  7  39  8  16  9  27  10  91  11  84  12  86  13  45  14  85  15  89  16  80  17  95  18  12  19  66
  0  62  1  6  2  18  3  70  4  23  5  68  6  50  7  1  8  21  9  72  10  85  11  97  12  11  13  50  14  76  15  43  16  7  17  28  18  86  19  16
  0  69  1  66  2  7  3  37  4  14  5  31  6  70  7  19  8  73  9  19  10  13  11  10  12  69  13  39  14  27  15  74  16  70  17  16  18  32  19  78
  0  47  1  78  2  50  3  53  4  41  5  39  6  44  7  58  8  18  9  75  10  84  11  70  12  77  13  82  14  32  15  75  16  19  17  41  18  57  19  25
  0  7  1  37  2  34  3  92  4  69  5  12  6  85  7  51  8  39  9  39  10  61  11  34  12  7  13  51  14  69  15  74  16  48  17  69  18  9  19  21
  0  57  1  2  2  62  3  74  4  79  5  14  6  44  7  11  8  39  9  95  10  26  11  54  12  97  13  71  14  73  15  45  16  96  17  23  18  66  19  10
  0  59  1  32  2  94  3  4  4  64  5  55  6  47  7  20  8  15  9  95  10  30  11  61  12  60  13  23  14  91  15  25  16  49  17  60  18  36  19  52
  0  18  1  52  2  54  3  28  4  47  5  59  6  99  7  47  8  40  9  58  10  89  11  85  12  94  13  52  14  15  15  25  16  92  17  92  18  84  19  25
  0  8  1  85  2  37  3  60  4  21  5  44  6  89  7  45  8  90  9  88  10  24  11  15  12  6  13  8  14  15  15  45  16  37  17  49  18  52  19  30
  0  46  1  93  2  20  3  41  4  44  5  24  6  21  7  35  8  72  9  4  10  76  11  2  12  75  13  21  14  29  15  51  16  90  17  62  18  20  19  85
  0  44  1  28  2  43  3  12  4  65  5  98  6  75  7  82  8  32  9  7  10  40  11  78  12  22  13  92  14  67  15  63  16  35  17  33  18  32  19  75
  0  92  1  70  2  12  3  40  4  50  5  98  6  73  7  19  8  78  9  59  10  89  11  23  12  80  13  72  14  49  15  59  16  61  17  99  18  97  19  90
  0  80  1  11  2  43  3  27  4  30  5  10  6  87  7  69  8  32  9  30  10  91  11  87  12  49  13  13  14  76  15  5  16  46  17  30  18  12  19  98
  0  52  1  10  2  51  3  60  4  3  5  78  6  17  7  74  8  70  9  25  10  41  11  1  12  14  13  53  14  11  15  62  16  91  17  87  18  81  19  98
  0  29  1  29  2  59  3  15  4  47  5  87  6  52  7  38  8  61  9  38  10  54  11  77  12  36  13  76  14  5  15  27  16  48  17  69  18  45  19  77
  0  75  1  28  2  59  3  15  4  46  5  40  6  62  7  23  8  84  9  57  10  94  11  20  12  56  13  11  14  17  15  2  16  97  17  93  18  15  19  58
  0  75  1  62  2  79  3  94  4  13  5  9  6  92  7  80  8  86  9  30  10  48  11  88  12  68  13  1  14  99  15  18  16  73  17  92  18  89  19  98
  0  46  1  40  2  20  3  29  4  72  5  16  6  65  7  95  8  22  9  68  10  36  11  60  12  51  13  55  14  39  15  41  16  24  17  47  18  5  19  3
  0  20  1  11  2  64  3  30  4  46  5  73  6  8  7  65  8  75  9  46  10  53  11  30  12  71  13  46  14  92  15  46  16  73  17  53  18  28  19  43
  0  46  1  86  2  82  3  16  4  35  5  82  6  54  7  59  8  67  9  23  10  74  11  5  12  84  13  25  14  50  15  25  16  16  17  19  18  23  19  94
  0  14  1  47  2  83  3  11  4  13  5  73  6  95  7  20  8  84  9  92  10  47  11  95  12  7  13  64  14  16  15  74  16  56  17  27  18  16  19  43
  0  98  1  52  2  82  3  22  4  48  5  51  6  83  7  99  8  93  9  45  10  80  11  16  12  35  13  60  14  82  15  86  16  78  17  11  18  56  19  24
  0  66  1  69  2  85  3  3  4  46  5  54  6  93  7  59  8  24  9  81  10  85  11  37  12  33  13  44  14  54  15  16  16  12  17  31  18  62  19  80
  0  98  1  1  2  9  3  17  4  65  5  62  6  22  7  51  8  39  9  35  10  47  11  59  12  10  13  82  14  25  15  18  16  17  17  50  18  69  19  71
  0  35  1  56  2  95  3  38  4  41  5  94  6  59  7  77  8  8  9  71  10  5  11  96  12  64  13  73  14  34  15  64  16  16  17  44  18  43  19  53
  0  18  1  12  2  85  3  54  4  41  5  94  6  70  7  95  8  76  9  84  10  90  11  90  12  65  13  73  14  47  15  94  16  52  17  90  18  13  19  22
  0  5  1  41  2  49  3  77  4  26  5  89  6  77  7  96  8  81  9  9  10  59  11  92  12  99  13  96  14  36  15  61  16  19  17  34  18  44  19  90
  0  91  1  28  2  2  3  69  4  74  5  70  6  14  7  8  8  55  9  4  10  77  11  91  12  1  13  76  14  54  15  55  16  30  17  16  18  55  19  33
  0  36  1  78  2  52  3  20  4  25  5  34  6  6  7  63  8  32  9  91  10  91  11  61  12  38  13  90  14  40  15  41  16  6  17  97  18  38  19  27
  0  94  1  1  2  57  3  55  4  28  5  73  6  99  7  62  8  30  9  55  10  78  11  68  12  41  13  83  14  75  15  36  16  94  17  57  18  50  19  66
  0  6  1  23  2  76  3  67  4  97  5  22  6  40  7  11  8  84  9  21  10  32  11  57  12  73  13  33  14  6  15  9  16  52  17  96  18  85  19  35
  0  86  1  53  2  53  3  72  4  37  5  72  6  53  7  96  8  64  9  87  10  67  11  4  12  95  13  47  14  82  15  67  16  60  17  10  18  31  19  64
  0  20  1  20  2  80  3  53  4  53  5  43  6  19  7  73  8  70  9  71  10  30  11  8  12  69  13  92  14  82  15  93  16  49  17  7  18  76  19  7
  0  48  1  38  2  3  3  36  4  90  5  48  6  15  7  25  8  24  9  83  10  38  11  61  12  2  13  86  14  37  15  19  16  51  17  62  18  39  19  98
  0  14  1  87  2  73  3  19  4  56  5  94  6  62  7  55  8  84  9  61  10  12  11  23  12  21  13  8  14  46  15  50  16  14  17  72  18  1  19  4
TPM
  0  1039  1  1039  2  1039  3  1039  4  1039  5  1039  6  1039  7  1039  8  1039  9  1039  10  1039  11  1039  12  1039  13  1039  14  1039  15  1039  16  1039  17  1039  18  1039  19  1039
PMT
  0  141  1  11  2  120  3  61  4  6  5  42  6  38  7  23  8  67  9  13  10  82  11  88  12  68  13  2  14  114  15  13  16  46  17  30  18  130  19  87
  0  51  1  37  2  138  3  80  4  16  5  129  6  48  7  90  8  28  9  49  10  124  11  101  12  129  13  131  14  110  15  22  16  126  17  101  18  59  19  74
  0  103  1  139  2  145  3  85  4  92  5  45  6  31  7  26  8  127  9  104  10  64  11  118  12  106  13  2  14  34  15  89  16  11  17  80  18  62  19  9
  0  140  1  7  2  44  3  127  4  29  5  104  6  43  7  111  8  123  9  58  10  67  11  123  12  22  13  20  14  68  15  30  16  137  17  86  18  9  19  131
  0  30  1  124  2  21  3  108  4  76  5  12  6  115  7  78  8  83  9  114  10  149  11  81  12  89  13  40  14  37  15  35  16  36  17  55  18  76  19  129
