100  5
  0  43  1  8  2  73  3  62  4  51
  0  71  1  65  2  59  3  94  4  54
  0  74  1  94  2  91  3  5  4  89
  0  17  1  63  2  58  3  52  4  4
  0  69  1  61  2  56  3  61  4  51
  0  75  1  92  2  89  3  20  4  53
  0  90  1  62  2  75  3  61  4  49
  0  67  1  72  2  94  3  86  4  3
  0  35  1  14  2  35  3  40  4  10
  0  92  1  64  2  80  3  8  4  66
  0  4  1  80  2  57  3  99  4  12
  0  16  1  86  2  40  3  99  4  13
  0  2  1  12  2  8  3  62  4  33
  0  53  1  2  2  1  3  47  4  33
  0  26  1  22  2  76  3  79  4  39
  0  47  1  94  2  94  3  16  4  78
  0  36  1  74  2  91  3  99  4  59
  0  24  1  76  2  19  3  75  4  48
  0  76  1  51  2  15  3  73  4  96
  0  79  1  89  2  99  3  5  4  64
  0  73  1  13  2  88  3  80  4  22
  0  4  1  31  2  88  3  88  4  63
  0  93  1  84  2  15  3  57  4  74
  0  87  1  1  2  2  3  77  4  46
  0  88  1  82  2  29  3  77  4  6
  0  11  1  2  2  78  3  55  4  81
  0  52  1  63  2  55  3  93  4  74
  0  18  1  56  2  51  3  29  4  84
  0  92  1  38  2  89  3  3  4  43
  0  53  1  29  2  75  3  17  4  40
  0  39  1  51  2  77  3  42  4  35
  0  16  1  78  2  84  3  14  4  51
  0  70  1  45  2  55  3  1  4  6
  0  79  1  81  2  50  3  49  4  4
  0  20  1  12  2  65  3  50  4  43
  0  61  1  55  2  65  3  56  4  93
  0  48  1  85  2  79  3  62  4  77
  0  39  1  42  2  40  3  95  4  43
  0  69  1  13  2  11  3  99  4  50
  0  84  1  46  2  10  3  98  4  70
  0  51  1  54  2  62  3  93  4  23
  0  19  1  36  2  17  3  16  4  58
  0  72  1  73  2  45  3  23  4  11
  0  86  1  6  2  98  3  67  4  77
  0  77  1  26  2  49  3  10  4  82
  0  18  1  89  2  23  3  5  4  64
  0  13  1  48  2  95  3  11  4  83
  0  9  1  39  2  52  3  99  4  50
  0  25  1  63  2  19  3  50  4  64
  0  77  1  43  2  7  3  62  4  60
  0  99  1  7  2  3  3  61  4  80
  0  11  1  27  2  37  3  48  4  25
  0  17  1  62  2  6  3  28  4  2
  0  95  1  81  2  86  3  47  4  47
  0  7  1  71  2  12  3  75  4  54
  0  58  1  71  2  13  3  81  4  81
  0  32  1  80  2  96  3  55  4  6
  0  66  1  34  2  14  3  15  4  58
  0  22  1  2  2  27  3  62  4  54
  0  34  1  66  2  45  3  26  4  6
  0  35  1  90  2  77  3  15  4  43
  0  52  1  59  2  36  3  39  4  29
  0  25  1  46  2  79  3  25  4  87
  0  7  1  81  2  46  3  28  4  42
  0  53  1  49  2  24  3  67  4  88
  0  59  1  31  2  64  3  74  4  9
  0  54  1  99  2  52  3  58  4  75
  0  43  1  14  2  16  3  34  4  21
  0  49  1  70  2  67  3  14  4  54
  0  78  1  71  2  92  3  81  4  95
  0  25  1  45  2  79  3  36  4  90
  0  35  1  59  2  91  3  4  4  93
  0  90  1  52  2  76  3  52  4  3
  0  14  1  13  2  45  3  55  4  54
  0  97  1  54  2  88  3  15  4  1
  0  72  1  88  2  35  3  18  4  97
  0  15  1  99  2  31  3  2  4  66
  0  16  1  78  2  22  3  7  4  33
  0  35  1  76  2  62  3  54  4  72
  0  96  1  50  2  12  3  43  4  34
  0  29  1  17  2  92  3  76  4  54
  0  84  1  10  2  88  3  96  4  7
  0  66  1  58  2  48  3  30  4  2
  0  13  1  17  2  44  3  62  4  45
  0  8  1  97  2  82  3  39  4  22
  0  5  1  91  2  22  3  17  4  94
  0  69  1  53  2  31  3  19  4  80
  0  33  1  51  2  36  3  75  4  3
  0  76  1  18  2  26  3  60  4  7
  0  51  1  35  2  10  3  67  4  43
  0  38  1  23  2  45  3  40  4  1
  0  88  1  81  2  13  3  53  4  65
  0  79  1  93  2  36  3  70  4  88
  0  40  1  40  2  66  3  91  4  68
  0  74  1  35  2  7  3  6  4  78
  0  45  1  73  2  12  3  73  4  48
  0  88  1  98  2  24  3  76  4  9
  0  50  1  38  2  6  3  39  4  98
  0  50  1  16  2  75  3  30  4  35
  0  79  1  64  2  21  3  76  4  24
TPM
  0  1270  1  1270  2  1270  3  1270  4  1270
PMT
  0  117  1  23  2  97  3  99  4  65
  0  31  1  93  2  2  3  111  4  68
  0  9  1  15  2  103  3  76  4  69
  0  36  1  121  2  76  3  49  4  61
  0  92  1  118  2  51  3  21  4  1
  0  17  1  3  2  4  3  64  4  88
  0  12  1  68  2  108  3  76  4  65
  0  11  1  71  2  50  3  42  4  89
