200  5
  0  80  1  57  2  95  3  18  4  71
  0  98  1  11  2  56  3  11  4  28
  0  98  1  9  2  64  3  99  4  83
  0  78  1  81  2  93  3  59  4  70
  0  88  1  42  2  15  3  21  4  83
  0  77  1  51  2  37  3  74  4  86
  0  71  1  13  2  4  3  15  4  61
  0  1  1  54  2  41  3  2  4  60
  0  20  1  32  2  90  3  2  4  99
  0  39  1  46  2  12  3  32  4  84
  0  32  1  19  2  90  3  80  4  29
  0  32  1  13  2  44  3  30  4  72
  0  12  1  26  2  41  3  75  4  7
  0  52  1  22  2  28  3  83  4  50
  0  87  1  74  2  44  3  19  4  60
  0  9  1  26  2  46  3  35  4  26
  0  95  1  91  2  17  3  15  4  47
  0  92  1  24  2  94  3  56  4  62
  0  68  1  50  2  72  3  71  4  72
  0  8  1  59  2  49  3  60  4  48
  0  95  1  44  2  56  3  68  4  21
  0  21  1  57  2  16  3  67  4  88
  0  75  1  73  2  21  3  86  4  69
  0  70  1  11  2  80  3  95  4  30
  0  6  1  32  2  64  3  94  4  75
  0  46  1  73  2  86  3  36  4  24
  0  55  1  89  2  11  3  58  4  63
  0  65  1  47  2  59  3  77  4  38
  0  83  1  96  2  10  3  7  4  61
  0  82  1  40  2  75  3  18  4  60
  0  11  1  10  2  14  3  45  4  60
  0  58  1  68  2  39  3  72  4  90
  0  21  1  33  2  79  3  53  4  29
  0  39  1  37  2  38  3  78  4  45
  0  62  1  17  2  66  3  65  4  2
  0  81  1  80  2  32  3  74  4  95
  0  85  1  61  2  8  3  60  4  86
  0  81  1  44  2  22  3  37  4  3
  0  18  1  3  2  8  3  72  4  1
  0  19  1  37  2  50  3  74  4  12
  0  26  1  78  2  95  3  19  4  39
  0  56  1  35  2  54  3  48  4  25
  0  15  1  75  2  17  3  29  4  92
  0  55  1  91  2  11  3  51  4  89
  0  94  1  53  2  79  3  4  4  93
  0  78  1  82  2  44  3  3  4  66
  0  43  1  63  2  60  3  47  4  11
  0  38  1  59  2  89  3  13  4  82
  0  44  1  90  2  95  3  32  4  93
  0  20  1  45  2  22  3  53  4  90
  0  59  1  93  2  91  3  70  4  46
  0  78  1  86  2  26  3  85  4  60
  0  75  1  77  2  81  3  20  4  10
  0  29  1  83  2  95  3  18  4  55
  0  61  1  28  2  54  3  99  4  49
  0  62  1  85  2  7  3  13  4  41
  0  53  1  69  2  92  3  93  4  8
  0  99  1  28  2  12  3  3  4  26
  0  62  1  76  2  88  3  89  4  97
  0  61  1  60  2  90  3  36  4  38
  0  37  1  3  2  24  3  49  4  72
  0  58  1  3  2  39  3  40  4  75
  0  13  1  42  2  31  3  82  4  21
  0  74  1  59  2  48  3  53  4  90
  0  64  1  33  2  63  3  78  4  58
  0  19  1  70  2  20  3  56  4  89
  0  35  1  39  2  72  3  49  4  66
  0  12  1  1  2  14  3  78  4  11
  0  91  1  27  2  36  3  6  4  85
  0  56  1  59  2  48  3  90  4  89
  0  74  1  5  2  2  3  37  4  34
  0  30  1  84  2  98  3  49  4  77
  0  97  1  70  2  93  3  97  4  12
  0  72  1  73  2  77  3  48  4  52
  0  93  1  4  2  54  3  75  4  41
  0  68  1  70  2  5  3  67  4  53
  0  84  1  60  2  60  3  43  4  54
  0  69  1  14  2  67  3  49  4  75
  0  53  1  68  2  45  3  65  4  68
  0  43  1  77  2  18  3  51  4  15
  0  34  1  99  2  62  3  19  4  26
  0  48  1  57  2  13  3  98  4  32
  0  52  1  54  2  51  3  60  4  3
  0  98  1  68  2  99  3  38  4  8
  0  15  1  10  2  72  3  78  4  15
  0  99  1  64  2  26  3  23  4  92
  0  26  1  89  2  80  3  19  4  91
  0  36  1  88  2  89  3  84  4  76
  0  44  1  29  2  62  3  43  4  37
  0  55  1  12  2  64  3  98  4  37
  0  39  1  43  2  31  3  75  4  66
  0  46  1  81  2  84  3  29  4  29
  0  34  1  68  2  44  3  72  4  24
  0  14  1  85  2  10  3  6  4  55
  0  93  1  48  2  32  3  79  4  94
  0  38  1  20  2  73  3  20  4  34
  0  6  1  28  2  41  3  42  4  26
  0  61  1  65  2  59  3  79  4  22
  0  56  1  56  2  33  3  80  4  71
  0  33  1  4  2  26  3  43  4  71
  0  24  1  15  2  24  3  67  4  52
  0  54  1  91  2  84  3  12  4  9
  0  79  1  6  2  60  3  60  4  67
  0  48  1  15  2  69  3  70  4  59
  0  97  1  1  2  84  3  41  4  69
  0  30  1  95  2  43  3  68  4  38
  0  57  1  31  2  72  3  54  4  86
  0  25  1  47  2  12  3  39  4  52
  0  56  1  16  2  61  3  77  4  40
  0  60  1  34  2  84  3  92  4  18
  0  52  1  39  2  85  3  2  4  99
  0  44  1  31  2  79  3  24  4  77
  0  75  1  69  2  20  3  72  4  64
  0  72  1  63  2  64  3  20  4  1
  0  69  1  40  2  29  3  18  4  58
  0  47  1  31  2  91  3  53  4  49
  0  37  1  36  2  52  3  40  4  48
  0  93  1  30  2  50  3  34  4  57
  0  83  1  12  2  88  3  79  4  14
  0  57  1  92  2  80  3  5  4  79
  0  30  1  61  2  59  3  71  4  41
  0  98  1  82  2  17  3  25  4  58
  0  33  1  17  2  11  3  70  4  81
  0  59  1  51  2  32  3  51  4  73
  0  30  1  56  2  22  3  22  4  80
  0  67  1  19  2  24  3  38  4  8
  0  33  1  18  2  95  3  19  4  33
  0  98  1  33  2  8  3  68  4  89
  0  25  1  5  2  74  3  39  4  57
  0  77  1  22  2  44  3  15  4  65
  0  84  1  52  2  4  3  32  4  9
  0  86  1  31  2  70  3  13  4  85
  0  59  1  92  2  40  3  75  4  92
  0  89  1  57  2  98  3  81  4  58
  0  68  1  70  2  39  3  12  4  77
  0  43  1  5  2  32  3  26  4  91
  0  19  1  28  2  93  3  52  4  69
  0  5  1  32  2  86  3  27  4  65
  0  64  1  36  2  99  3  91  4  87
  0  3  1  55  2  79  3  45  4  75
  0  94  1  27  2  57  3  63  4  82
  0  2  1  34  2  34  3  61  4  21
  0  17  1  51  2  3  3  46  4  90
  0  66  1  79  2  59  3  98  4  3
  0  66  1  67  2  39  3  41  4  86
  0  72  1  10  2  99  3  73  4  81
  0  56  1  59  2  12  3  56  4  27
  0  76  1  82  2  33  3  35  4  92
  0  22  1  44  2  85  3  27  4  59
  0  32  1  32  2  14  3  13  4  43
  0  41  1  19  2  50  3  32  4  1
  0  45  1  29  2  20  3  8  4  20
  0  96  1  79  2  93  3  9  4  7
  0  51  1  92  2  20  3  69  4  7
  0  61  1  76  2  60  3  18  4  97
  0  69  1  42  2  88  3  20  4  38
  0  87  1  68  2  6  3  20  4  91
  0  53  1  4  2  70  3  19  4  30
  0  56  1  65  2  33  3  46  4  8
  0  6  1  87  2  80  3  90  4  3
  0  84  1  61  2  95  3  19  4  35
  0  70  1  84  2  85  3  62  4  9
  0  99  1  14  2  49  3  13  4  64
  0  90  1  8  2  62  3  2  4  13
  0  30  1  15  2  98  3  92  4  46
  0  43  1  92  2  62  3  91  4  77
  0  73  1  37  2  75  3  72  4  10
  0  33  1  87  2  46  3  50  4  29
  0  89  1  73  2  64  3  38  4  79
  0  16  1  6  2  21  3  28  4  33
  0  41  1  47  2  21  3  98  4  48
  0  9  1  59  2  21  3  87  4  14
  0  91  1  41  2  17  3  38  4  97
  0  58  1  75  2  4  3  42  4  2
  0  70  1  10  2  49  3  51  4  51
  0  37  1  90  2  82  3  42  4  98
  0  84  1  75  2  64  3  24  4  32
  0  21  1  88  2  72  3  52  4  18
  0  77  1  25  2  91  3  32  4  18
  0  19  1  16  2  73  3  56  4  96
  0  6  1  8  2  87  3  86  4  26
  0  3  1  43  2  61  3  30  4  81
  0  2  1  16  2  21  3  40  4  10
  0  70  1  85  2  36  3  76  4  92
  0  63  1  63  2  94  3  85  4  31
  0  75  1  90  2  98  3  99  4  13
  0  15  1  51  2  67  3  51  4  17
  0  70  1  61  2  74  3  68  4  89
  0  76  1  46  2  37  3  64  4  88
  0  16  1  11  2  90  3  88  4  11
  0  35  1  32  2  89  3  74  4  13
  0  11  1  78  2  62  3  71  4  93
  0  30  1  10  2  6  3  83  4  99
  0  31  1  43  2  23  3  56  4  6
  0  2  1  27  2  42  3  71  4  19
  0  39  1  44  2  31  3  95  4  63
  0  29  1  27  2  59  3  5  4  83
  0  59  1  54  2  46  3  38  4  45
  0  18  1  25  2  93  3  38  4  80
  0  89  1  57  2  59  3  23  4  58
TPM
  0  1591  1  1591  2  1591  3  1591  4  1591
PMT
  0  68  1  21  2  59  3  5  4  70
  0  20  1  40  2  35  3  54  4  53
  0  87  1  47  2  79  3  79  4  16
  0  74  1  57  2  12  3  85  4  60
  0  46  1  42  2  7  3  13  4  83
  0  8  1  86  2  37  3  78  4  66
  0  80  1  43  2  12  3  36  4  8
  0  81  1  40  2  15  3  11  4  50
  0  91  1  87  2  8  3  73  4  93
  0  77  1  40  2  57  3  80  4  19
  0  19  1  48  2  70  3  36  4  34
  0  82  1  6  2  71  3  64  4  74
  0  84  1  91  2  13  3  94  4  62
