500  10
  0  44  1  41  2  31  3  24  4  76  5  80  6  35  7  20  8  18  9  80
  0  11  1  81  2  12  3  85  4  27  5  76  6  4  7  91  8  83  9  68
  0  86  1  69  2  2  3  55  4  68  5  76  6  33  7  52  8  48  9  34
  0  49  1  59  2  28  3  8  4  79  5  10  6  21  7  15  8  23  9  87
  0  15  1  30  2  72  3  62  4  89  5  95  6  95  7  67  8  24  9  33
  0  82  1  45  2  32  3  7  4  39  5  8  6  98  7  16  8  2  9  5
  0  23  1  91  2  94  3  90  4  82  5  26  6  49  7  32  8  77  9  73
  0  65  1  95  2  20  3  84  4  84  5  19  6  64  7  85  8  99  9  44
  0  20  1  86  2  24  3  58  4  66  5  95  6  91  7  92  8  73  9  85
  0  67  1  60  2  3  3  6  4  82  5  37  6  25  7  65  8  28  9  13
  0  3  1  30  2  71  3  68  4  2  5  82  6  72  7  65  8  42  9  63
  0  29  1  42  2  2  3  93  4  59  5  49  6  29  7  22  8  19  9  90
  0  32  1  71  2  93  3  25  4  49  5  71  6  28  7  62  8  12  9  91
  0  79  1  60  2  68  3  30  4  99  5  91  6  22  7  5  8  87  9  47
  0  91  1  61  2  72  3  2  4  20  5  93  6  16  7  41  8  72  9  40
  0  29  1  39  2  4  3  5  4  70  5  35  6  87  7  5  8  48  9  36
  0  36  1  64  2  45  3  64  4  60  5  87  6  61  7  6  8  27  9  81
  0  9  1  44  2  44  3  30  4  25  5  75  6  63  7  20  8  96  9  40
  0  64  1  74  2  85  3  35  4  5  5  59  6  15  7  61  8  8  9  42
  0  60  1  38  2  33  3  41  4  41  5  95  6  76  7  87  8  19  9  13
  0  54  1  85  2  40  3  68  4  98  5  41  6  80  7  19  8  59  9  99
  0  83  1  35  2  86  3  20  4  1  5  33  6  43  7  57  8  69  9  9
  0  63  1  40  2  84  3  56  4  74  5  71  6  60  7  12  8  32  9  86
  0  86  1  69  2  31  3  35  4  14  5  62  6  14  7  85  8  33  9  1
  0  77  1  57  2  31  3  96  4  35  5  43  6  40  7  43  8  14  9  65
  0  5  1  11  2  72  3  74  4  43  5  85  6  73  7  2  8  73  9  48
  0  53  1  8  2  30  3  90  4  70  5  95  6  87  7  6  8  16  9  75
  0  81  1  93  2  22  3  13  4  75  5  80  6  19  7  78  8  20  9  35
  0  3  1  94  2  17  3  39  4  17  5  44  6  58  7  27  8  78  9  75
  0  28  1  28  2  83  3  50  4  65  5  50  6  79  7  74  8  46  9  9
  0  92  1  43  2  24  3  78  4  39  5  79  6  24  7  23  8  62  9  33
  0  7  1  36  2  82  3  4  4  28  5  92  6  43  7  64  8  56  9  93
  0  81  1  29  2  46  3  54  4  77  5  76  6  62  7  80  8  50  9  28
  0  1  1  14  2  98  3  42  4  60  5  45  6  13  7  67  8  64  9  44
  0  2  1  82  2  22  3  32  4  18  5  92  6  87  7  8  8  61  9  74
  0  60  1  1  2  11  3  94  4  28  5  12  6  5  7  27  8  41  9  69
  0  64  1  56  2  87  3  95  4  50  5  44  6  93  7  91  8  67  9  82
  0  59  1  47  2  90  3  74  4  36  5  66  6  58  7  11  8  71  9  51
  0  44  1  33  2  1  3  77  4  34  5  99  6  49  7  72  8  49  9  6
  0  73  1  63  2  95  3  4  4  73  5  65  6  28  7  43  8  27  9  21
  0  64  1  25  2  49  3  18  4  94  5  26  6  70  7  38  8  47  9  51
  0  83  1  23  2  31  3  16  4  7  5  55  6  59  7  68  8  64  9  86
  0  10  1  90  2  83  3  68  4  3  5  61  6  46  7  63  8  77  9  51
  0  64  1  48  2  7  3  89  4  49  5  25  6  92  7  23  8  2  9  6
  0  14  1  51  2  51  3  56  4  24  5  24  6  7  7  77  8  32  9  18
  0  1  1  89  2  97  3  30  4  44  5  45  6  36  7  64  8  26  9  64
  0  8  1  4  2  15  3  93  4  34  5  68  6  53  7  19  8  79  9  24
  0  53  1  87  2  77  3  94  4  31  5  16  6  89  7  75  8  36  9  92
  0  37  1  63  2  66  3  98  4  39  5  40  6  84  7  15  8  35  9  96
  0  55  1  74  2  93  3  55  4  84  5  83  6  27  7  47  8  29  9  34
  0  64  1  57  2  4  3  56  4  46  5  11  6  6  7  3  8  57  9  10
  0  27  1  58  2  99  3  12  4  43  5  16  6  74  7  11  8  81  9  56
  0  27  1  81  2  5  3  35  4  70  5  78  6  83  7  57  8  4  9  9
  0  24  1  88  2  66  3  20  4  82  5  44  6  18  7  74  8  82  9  45
  0  22  1  86  2  15  3  40  4  83  5  69  6  90  7  23  8  57  9  99
  0  64  1  4  2  28  3  93  4  71  5  18  6  41  7  69  8  23  9  56
  0  23  1  28  2  60  3  80  4  25  5  82  6  68  7  41  8  77  9  4
  0  98  1  10  2  42  3  85  4  38  5  11  6  89  7  35  8  43  9  85
  0  56  1  36  2  15  3  52  4  44  5  48  6  79  7  29  8  70  9  42
  0  17  1  34  2  80  3  79  4  36  5  93  6  88  7  82  8  94  9  94
  0  3  1  64  2  14  3  92  4  41  5  7  6  35  7  51  8  60  9  4
  0  15  1  55  2  54  3  18  4  66  5  53  6  72  7  9  8  78  9  7
  0  87  1  33  2  79  3  50  4  13  5  29  6  28  7  91  8  22  9  29
  0  45  1  10  2  57  3  67  4  18  5  24  6  4  7  71  8  44  9  50
  0  76  1  66  2  92  3  61  4  46  5  15  6  2  7  15  8  93  9  82
  0  45  1  22  2  87  3  96  4  25  5  71  6  94  7  40  8  87  9  25
  0  4  1  3  2  53  3  50  4  93  5  67  6  26  7  66  8  82  9  20
  0  10  1  4  2  57  3  8  4  44  5  20  6  43  7  68  8  58  9  5
  0  84  1  24  2  82  3  79  4  26  5  11  6  73  7  73  8  42  9  72
  0  43  1  24  2  26  3  53  4  8  5  37  6  56  7  64  8  79  9  14
  0  90  1  14  2  73  3  16  4  61  5  9  6  9  7  27  8  70  9  85
  0  23  1  48  2  5  3  30  4  22  5  16  6  27  7  70  8  42  9  40
  0  6  1  77  2  1  3  1  4  95  5  98  6  46  7  49  8  75  9  6
  0  46  1  96  2  9  3  34  4  80  5  99  6  86  7  45  8  8  9  64
  0  66  1  49  2  35  3  28  4  6  5  45  6  18  7  1  8  75  9  91
  0  52  1  61  2  79  3  5  4  42  5  54  6  34  7  32  8  57  9  23
  0  72  1  82  2  22  3  74  4  77  5  82  6  78  7  73  8  69  9  89
  0  34  1  93  2  82  3  8  4  84  5  84  6  29  7  58  8  55  9  36
  0  21  1  14  2  27  3  36  4  93  5  98  6  25  7  62  8  73  9  13
  0  83  1  52  2  56  3  32  4  26  5  42  6  6  7  81  8  14  9  66
  0  85  1  9  2  60  3  61  4  86  5  84  6  14  7  17  8  3  9  5
  0  42  1  58  2  76  3  91  4  88  5  71  6  20  7  98  8  85  9  87
  0  65  1  73  2  18  3  90  4  28  5  35  6  8  7  26  8  63  9  73
  0  36  1  14  2  51  3  64  4  35  5  96  6  59  7  68  8  18  9  79
  0  47  1  62  2  15  3  34  4  23  5  4  6  64  7  81  8  66  9  40
  0  33  1  75  2  70  3  13  4  5  5  47  6  73  7  21  8  41  9  85
  0  85  1  21  2  98  3  57  4  20  5  14  6  82  7  10  8  94  9  23
  0  40  1  87  2  67  3  58  4  37  5  65  6  99  7  48  8  79  9  87
  0  82  1  51  2  58  3  53  4  66  5  5  6  40  7  90  8  71  9  60
  0  27  1  13  2  71  3  8  4  52  5  50  6  83  7  10  8  4  9  95
  0  2  1  78  2  78  3  13  4  61  5  61  6  96  7  85  8  14  9  42
  0  62  1  22  2  55  3  60  4  24  5  33  6  44  7  91  8  72  9  46
  0  86  1  71  2  92  3  33  4  84  5  36  6  51  7  50  8  75  9  2
  0  77  1  32  2  5  3  38  4  80  5  85  6  15  7  88  8  11  9  61
  0  35  1  26  2  45  3  20  4  12  5  85  6  72  7  6  8  9  9  83
  0  98  1  97  2  74  3  19  4  93  5  5  6  52  7  30  8  52  9  24
  0  66  1  31  2  58  3  77  4  39  5  74  6  48  7  91  8  2  9  99
  0  21  1  91  2  98  3  57  4  57  5  29  6  17  7  44  8  21  9  50
  0  79  1  64  2  72  3  85  4  80  5  11  6  9  7  18  8  64  9  33
  0  12  1  46  2  66  3  37  4  76  5  75  6  56  7  30  8  31  9  77
  0  86  1  1  2  96  3  10  4  3  5  15  6  33  7  2  8  77  9  47
  0  63  1  24  2  88  3  87  4  93  5  10  6  36  7  1  8  46  9  96
  0  78  1  11  2  90  3  99  4  25  5  54  6  40  7  52  8  22  9  18
  0  33  1  45  2  22  3  44  4  32  5  78  6  10  7  99  8  7  9  99
  0  35  1  2  2  71  3  70  4  83  5  76  6  18  7  28  8  64  9  87
  0  39  1  96  2  13  3  47  4  47  5  74  6  30  7  12  8  32  9  15
  0  16  1  21  2  8  3  57  4  49  5  27  6  51  7  98  8  45  9  30
  0  15  1  91  2  73  3  10  4  92  5  13  6  26  7  24  8  49  9  53
  0  76  1  18  2  49  3  9  4  50  5  47  6  44  7  68  8  10  9  35
  0  15  1  54  2  29  3  93  4  63  5  31  6  1  7  91  8  2  9  97
  0  99  1  46  2  94  3  54  4  15  5  67  6  50  7  59  8  90  9  93
  0  46  1  60  2  74  3  78  4  61  5  53  6  39  7  36  8  46  9  87
  0  31  1  42  2  26  3  45  4  70  5  60  6  56  7  43  8  94  9  25
  0  58  1  41  2  29  3  9  4  87  5  72  6  19  7  69  8  45  9  99
  0  67  1  21  2  16  3  77  4  45  5  8  6  90  7  84  8  91  9  58
  0  17  1  45  2  98  3  50  4  77  5  45  6  61  7  14  8  96  9  28
  0  41  1  59  2  23  3  25  4  51  5  98  6  32  7  40  8  88  9  2
  0  54  1  9  2  59  3  9  4  20  5  93  6  69  7  83  8  76  9  92
  0  81  1  81  2  25  3  62  4  56  5  68  6  60  7  92  8  37  9  21
  0  45  1  77  2  38  3  73  4  25  5  77  6  48  7  17  8  72  9  55
  0  60  1  48  2  31  3  41  4  83  5  34  6  68  7  55  8  15  9  33
  0  85  1  96  2  50  3  90  4  37  5  69  6  89  7  4  8  42  9  10
  0  46  1  16  2  14  3  43  4  72  5  91  6  18  7  61  8  67  9  84
  0  52  1  28  2  13  3  87  4  7  5  35  6  72  7  40  8  26  9  66
  0  36  1  27  2  11  3  49  4  2  5  92  6  24  7  2  8  20  9  57
  0  67  1  3  2  54  3  3  4  66  5  31  6  22  7  81  8  83  9  70
  0  21  1  43  2  18  3  73  4  64  5  93  6  87  7  14  8  71  9  43
  0  7  1  87  2  81  3  82  4  72  5  37  6  3  7  14  8  57  9  6
  0  10  1  25  2  53  3  59  4  37  5  58  6  20  7  7  8  49  9  58
  0  31  1  32  2  81  3  55  4  15  5  15  6  71  7  36  8  57  9  81
  0  40  1  29  2  77  3  40  4  83  5  60  6  17  7  78  8  85  9  3
  0  9  1  34  2  59  3  98  4  99  5  49  6  87  7  29  8  40  9  93
  0  11  1  80  2  92  3  8  4  88  5  2  6  93  7  84  8  28  9  79
  0  75  1  24  2  51  3  53  4  55  5  98  6  68  7  68  8  16  9  27
  0  46  1  25  2  55  3  46  4  10  5  65  6  77  7  28  8  10  9  30
  0  47  1  74  2  49  3  53  4  32  5  89  6  46  7  87  8  4  9  22
  0  68  1  81  2  79  3  13  4  93  5  43  6  11  7  1  8  47  9  58
  0  69  1  64  2  45  3  69  4  70  5  11  6  39  7  9  8  37  9  31
  0  26  1  48  2  10  3  86  4  97  5  26  6  35  7  4  8  20  9  33
  0  97  1  73  2  68  3  99  4  80  5  1  6  68  7  94  8  65  9  38
  0  23  1  28  2  4  3  11  4  6  5  43  6  34  7  5  8  64  9  5
  0  6  1  77  2  67  3  41  4  51  5  28  6  77  7  93  8  17  9  9
  0  43  1  83  2  28  3  95  4  38  5  83  6  69  7  22  8  92  9  75
  0  89  1  61  2  86  3  21  4  71  5  14  6  17  7  75  8  24  9  11
  0  45  1  28  2  85  3  69  4  83  5  34  6  44  7  51  8  98  9  98
  0  18  1  96  2  9  3  1  4  51  5  49  6  31  7  79  8  13  9  96
  0  95  1  22  2  10  3  80  4  19  5  26  6  51  7  58  8  31  9  15
  0  22  1  21  2  75  3  46  4  55  5  92  6  37  7  27  8  13  9  71
  0  61  1  27  2  6  3  91  4  77  5  70  6  23  7  7  8  37  9  27
  0  53  1  25  2  21  3  43  4  1  5  59  6  87  7  74  8  48  9  58
  0  63  1  30  2  10  3  35  4  92  5  24  6  73  7  14  8  3  9  86
  0  36  1  57  2  54  3  8  4  73  5  51  6  71  7  94  8  2  9  46
  0  85  1  64  2  9  3  92  4  27  5  16  6  89  7  24  8  52  9  47
  0  95  1  64  2  94  3  11  4  72  5  60  6  68  7  19  8  69  9  83
  0  70  1  50  2  39  3  37  4  55  5  19  6  43  7  64  8  79  9  98
  0  47  1  52  2  46  3  21  4  76  5  64  6  86  7  88  8  56  9  56
  0  59  1  68  2  52  3  56  4  69  5  66  6  93  7  13  8  18  9  85
  0  55  1  36  2  45  3  27  4  5  5  96  6  31  7  82  8  61  9  54
  0  51  1  28  2  20  3  21  4  26  5  26  6  29  7  91  8  84  9  80
  0  31  1  95  2  46  3  7  4  3  5  49  6  96  7  26  8  62  9  14
  0  93  1  74  2  15  3  86  4  45  5  96  6  61  7  79  8  38  9  65
  0  1  1  77  2  5  3  47  4  84  5  53  6  72  7  1  8  15  9  6
  0  23  1  79  2  94  3  39  4  37  5  78  6  59  7  89  8  48  9  41
  0  66  1  95  2  86  3  31  4  11  5  34  6  3  7  7  8  93  9  88
  0  20  1  80  2  61  3  21  4  17  5  41  6  4  7  59  8  72  9  63
  0  59  1  23  2  14  3  46  4  81  5  42  6  48  7  42  8  60  9  57
  0  60  1  81  2  95  3  96  4  27  5  93  6  83  7  61  8  64  9  76
  0  35  1  80  2  13  3  84  4  72  5  7  6  33  7  16  8  44  9  57
  0  49  1  26  2  65  3  42  4  88  5  9  6  76  7  19  8  81  9  4
  0  71  1  65  2  35  3  38  4  43  5  62  6  84  7  98  8  46  9  32
  0  89  1  97  2  71  3  75  4  39  5  82  6  84  7  88  8  60  9  97
  0  73  1  70  2  68  3  97  4  11  5  42  6  86  7  67  8  17  9  40
  0  31  1  15  2  82  3  58  4  36  5  22  6  1  7  47  8  68  9  77
  0  91  1  93  2  54  3  28  4  41  5  46  6  10  7  22  8  78  9  53
  0  70  1  33  2  61  3  34  4  32  5  81  6  52  7  88  8  66  9  92
  0  90  1  34  2  77  3  71  4  14  5  16  6  92  7  65  8  64  9  14
  0  26  1  56  2  88  3  76  4  45  5  98  6  32  7  26  8  28  9  96
  0  60  1  21  2  99  3  88  4  77  5  87  6  83  7  75  8  20  9  27
  0  98  1  25  2  38  3  88  4  91  5  14  6  9  7  48  8  97  9  20
  0  29  1  32  2  45  3  56  4  81  5  94  6  66  7  11  8  85  9  6
  0  82  1  45  2  64  3  44  4  47  5  50  6  95  7  80  8  4  9  75
  0  23  1  87  2  66  3  74  4  49  5  46  6  34  7  30  8  39  9  98
  0  8  1  56  2  95  3  79  4  49  5  93  6  93  7  42  8  35  9  34
  0  93  1  33  2  53  3  52  4  49  5  8  6  77  7  26  8  87  9  68
  0  13  1  70  2  46  3  82  4  70  5  23  6  68  7  11  8  54  9  52
  0  3  1  45  2  43  3  69  4  60  5  41  6  6  7  82  8  22  9  97
  0  79  1  12  2  1  3  16  4  9  5  48  6  1  7  30  8  19  9  43
  0  30  1  18  2  70  3  44  4  51  5  7  6  22  7  22  8  89  9  42
  0  87  1  56  2  24  3  96  4  90  5  69  6  27  7  11  8  18  9  28
  0  41  1  25  2  47  3  53  4  1  5  16  6  6  7  8  8  32  9  61
  0  62  1  50  2  98  3  98  4  75  5  78  6  75  7  37  8  48  9  92
  0  59  1  58  2  64  3  66  4  53  5  94  6  97  7  90  8  96  9  89
  0  28  1  34  2  4  3  66  4  95  5  41  6  42  7  57  8  92  9  51
  0  82  1  86  2  65  3  15  4  73  5  92  6  64  7  47  8  35  9  36
  0  89  1  27  2  74  3  34  4  97  5  50  6  69  7  16  8  79  9  86
  0  75  1  86  2  19  3  98  4  36  5  49  6  97  7  28  8  21  9  18
  0  4  1  43  2  17  3  21  4  47  5  26  6  34  7  86  8  15  9  22
  0  20  1  46  2  3  3  88  4  83  5  5  6  94  7  20  8  74  9  67
  0  11  1  31  2  66  3  18  4  12  5  16  6  43  7  83  8  41  9  37
  0  89  1  35  2  63  3  96  4  29  5  15  6  91  7  92  8  62  9  77
  0  43  1  68  2  98  3  93  4  54  5  8  6  89  7  59  8  49  9  36
  0  2  1  89  2  34  3  17  4  79  5  8  6  66  7  72  8  7  9  61
  0  27  1  59  2  49  3  6  4  86  5  66  6  38  7  49  8  49  9  43
  0  41  1  66  2  3  3  48  4  15  5  87  6  30  7  89  8  44  9  48
  0  44  1  1  2  6  3  56  4  55  5  59  6  23  7  89  8  81  9  55
  0  83  1  60  2  69  3  59  4  52  5  81  6  75  7  55  8  87  9  41
  0  30  1  27  2  54  3  66  4  87  5  18  6  89  7  21  8  25  9  6
  0  49  1  79  2  53  3  65  4  72  5  74  6  43  7  92  8  7  9  4
  0  97  1  41  2  9  3  36  4  97  5  69  6  3  7  73  8  21  9  9
  0  51  1  36  2  11  3  14  4  89  5  96  6  31  7  29  8  20  9  66
  0  51  1  2  2  62  3  16  4  35  5  22  6  11  7  82  8  31  9  72
  0  43  1  96  2  90  3  6  4  92  5  32  6  56  7  93  8  58  9  50
  0  6  1  20  2  26  3  16  4  33  5  95  6  34  7  82  8  5  9  30
  0  80  1  83  2  34  3  89  4  90  5  80  6  43  7  12  8  57  9  53
  0  17  1  73  2  46  3  26  4  76  5  19  6  22  7  71  8  2  9  7
  0  26  1  39  2  98  3  26  4  39  5  94  6  1  7  80  8  77  9  60
  0  21  1  62  2  23  3  12  4  13  5  54  6  91  7  55  8  15  9  21
  0  77  1  91  2  62  3  90  4  31  5  54  6  12  7  46  8  60  9  60
  0  5  1  53  2  65  3  24  4  59  5  10  6  41  7  17  8  83  9  99
  0  11  1  72  2  28  3  65  4  72  5  74  6  41  7  51  8  75  9  76
  0  79  1  78  2  59  3  34  4  92  5  40  6  14  7  52  8  91  9  47
  0  49  1  88  2  52  3  46  4  87  5  47  6  36  7  99  8  11  9  62
  0  13  1  5  2  27  3  68  4  16  5  70  6  33  7  77  8  85  9  4
  0  4  1  41  2  55  3  60  4  21  5  51  6  97  7  59  8  14  9  1
  0  48  1  79  2  6  3  29  4  43  5  72  6  55  7  8  8  65  9  69
  0  53  1  44  2  85  3  66  4  19  5  6  6  13  7  7  8  85  9  10
  0  28  1  8  2  91  3  4  4  48  5  87  6  5  7  47  8  32  9  3
  0  51  1  85  2  55  3  92  4  22  5  37  6  89  7  86  8  80  9  64
  0  74  1  38  2  98  3  5  4  62  5  77  6  83  7  52  8  85  9  99
  0  86  1  43  2  64  3  28  4  1  5  74  6  54  7  28  8  80  9  58
  0  12  1  49  2  46  3  3  4  24  5  34  6  69  7  49  8  22  9  14
  0  32  1  32  2  77  3  68  4  7  5  23  6  69  7  48  8  18  9  81
  0  41  1  66  2  70  3  32  4  5  5  2  6  50  7  23  8  58  9  91
  0  44  1  52  2  21  3  93  4  22  5  53  6  6  7  46  8  94  9  88
  0  79  1  50  2  25  3  84  4  79  5  70  6  60  7  9  8  94  9  12
  0  20  1  73  2  25  3  22  4  45  5  13  6  72  7  34  8  8  9  77
  0  34  1  36  2  19  3  31  4  4  5  55  6  4  7  49  8  90  9  64
  0  20  1  57  2  19  3  62  4  28  5  53  6  73  7  98  8  71  9  5
  0  90  1  22  2  91  3  18  4  21  5  77  6  98  7  6  8  5  9  1
  0  90  1  23  2  45  3  64  4  54  5  30  6  71  7  71  8  18  9  9
  0  7  1  22  2  45  3  42  4  10  5  86  6  63  7  26  8  42  9  54
  0  77  1  88  2  76  3  49  4  33  5  14  6  53  7  36  8  93  9  15
  0  53  1  50  2  72  3  2  4  43  5  24  6  26  7  16  8  97  9  99
  0  91  1  57  2  23  3  47  4  48  5  12  6  36  7  30  8  1  9  51
  0  58  1  81  2  43  3  67  4  31  5  87  6  49  7  64  8  83  9  98
  0  70  1  25  2  85  3  97  4  74  5  15  6  69  7  7  8  36  9  88
  0  20  1  18  2  54  3  28  4  46  5  63  6  79  7  20  8  96  9  70
  0  64  1  33  2  80  3  71  4  59  5  82  6  1  7  52  8  44  9  82
  0  14  1  62  2  44  3  5  4  79  5  32  6  71  7  20  8  54  9  53
  0  15  1  80  2  42  3  26  4  37  5  64  6  23  7  87  8  71  9  1
  0  2  1  54  2  29  3  33  4  59  5  59  6  43  7  10  8  93  9  74
  0  25  1  89  2  85  3  17  4  8  5  6  6  31  7  10  8  88  9  35
  0  16  1  45  2  17  3  59  4  29  5  43  6  71  7  16  8  37  9  34
  0  28  1  70  2  79  3  98  4  21  5  71  6  34  7  28  8  38  9  55
  0  84  1  10  2  99  3  14  4  77  5  49  6  31  7  61  8  47  9  60
  0  5  1  33  2  63  3  12  4  25  5  22  6  11  7  7  8  92  9  38
  0  15  1  13  2  32  3  32  4  67  5  93  6  20  7  28  8  32  9  3
  0  15  1  58  2  11  3  33  4  78  5  91  6  9  7  40  8  59  9  89
  0  50  1  79  2  46  3  47  4  94  5  28  6  48  7  1  8  83  9  78
  0  35  1  97  2  18  3  27  4  43  5  66  6  22  7  96  8  54  9  37
  0  70  1  56  2  70  3  93  4  72  5  38  6  72  7  67  8  38  9  68
  0  16  1  88  2  76  3  38  4  95  5  65  6  94  7  13  8  21  9  59
  0  5  1  37  2  36  3  67  4  50  5  76  6  97  7  42  8  11  9  36
  0  5  1  92  2  55  3  5  4  29  5  65  6  36  7  41  8  94  9  91
  0  61  1  4  2  98  3  42  4  75  5  74  6  84  7  37  8  40  9  32
  0  7  1  94  2  96  3  82  4  36  5  28  6  52  7  57  8  7  9  6
  0  16  1  12  2  5  3  46  4  80  5  11  6  41  7  12  8  32  9  75
  0  59  1  26  2  15  3  17  4  83  5  16  6  14  7  97  8  95  9  66
  0  94  1  94  2  91  3  36  4  46  5  36  6  72  7  67  8  5  9  57
  0  59  1  91  2  33  3  92  4  39  5  8  6  31  7  83  8  81  9  6
  0  51  1  98  2  81  3  36  4  74  5  67  6  24  7  57  8  67  9  86
  0  65  1  17  2  13  3  56  4  92  5  48  6  5  7  39  8  88  9  83
  0  27  1  64  2  21  3  12  4  74  5  19  6  44  7  43  8  80  9  75
  0  56  1  50  2  54  3  86  4  80  5  98  6  53  7  17  8  46  9  97
  0  29  1  92  2  79  3  10  4  36  5  18  6  50  7  24  8  85  9  51
  0  28  1  79  2  78  3  59  4  35  5  65  6  63  7  99  8  6  9  78
  0  89  1  85  2  92  3  81  4  61  5  35  6  74  7  96  8  5  9  16
  0  58  1  50  2  7  3  34  4  76  5  23  6  97  7  27  8  33  9  93
  0  68  1  55  2  35  3  66  4  56  5  17  6  18  7  32  8  38  9  16
  0  63  1  95  2  11  3  56  4  48  5  69  6  59  7  60  8  84  9  20
  0  22  1  15  2  40  3  12  4  20  5  3  6  46  7  95  8  18  9  73
  0  36  1  17  2  96  3  52  4  56  5  66  6  97  7  10  8  66  9  74
  0  51  1  18  2  9  3  36  4  84  5  77  6  7  7  17  8  96  9  1
  0  32  1  68  2  35  3  58  4  50  5  62  6  5  7  59  8  31  9  19
  0  5  1  93  2  79  3  88  4  75  5  64  6  39  7  6  8  78  9  4
  0  50  1  40  2  70  3  27  4  83  5  97  6  39  7  84  8  76  9  60
  0  88  1  12  2  42  3  48  4  15  5  85  6  24  7  64  8  8  9  34
  0  22  1  48  2  60  3  71  4  13  5  35  6  77  7  35  8  35  9  20
  0  13  1  62  2  20  3  55  4  76  5  33  6  80  7  37  8  94  9  55
  0  93  1  65  2  13  3  71  4  39  5  73  6  70  7  30  8  73  9  61
  0  92  1  29  2  65  3  91  4  70  5  33  6  9  7  16  8  37  9  25
  0  93  1  53  2  56  3  41  4  98  5  32  6  63  7  99  8  46  9  67
  0  57  1  16  2  22  3  35  4  11  5  79  6  50  7  67  8  51  9  23
  0  85  1  82  2  36  3  16  4  55  5  17  6  12  7  50  8  69  9  23
  0  54  1  19  2  67  3  55  4  99  5  95  6  88  7  66  8  40  9  58
  0  76  1  60  2  23  3  36  4  50  5  2  6  89  7  51  8  4  9  58
  0  45  1  89  2  26  3  39  4  30  5  37  6  41  7  51  8  52  9  43
  0  22  1  81  2  90  3  20  4  12  5  85  6  77  7  71  8  67  9  33
  0  30  1  10  2  21  3  47  4  79  5  33  6  93  7  32  8  19  9  28
  0  30  1  85  2  77  3  51  4  35  5  23  6  77  7  4  8  22  9  77
  0  46  1  74  2  21  3  50  4  73  5  52  6  81  7  12  8  59  9  13
  0  89  1  93  2  69  3  28  4  79  5  14  6  99  7  65  8  95  9  27
  0  33  1  66  2  61  3  94  4  15  5  23  6  31  7  11  8  99  9  99
  0  48  1  37  2  37  3  51  4  46  5  19  6  95  7  58  8  35  9  8
  0  56  1  58  2  85  3  90  4  10  5  55  6  2  7  6  8  48  9  41
  0  24  1  17  2  30  3  47  4  30  5  38  6  61  7  17  8  8  9  63
  0  29  1  76  2  22  3  28  4  59  5  30  6  5  7  12  8  12  9  3
  0  31  1  55  2  17  3  42  4  64  5  48  6  17  7  5  8  92  9  27
  0  77  1  12  2  75  3  67  4  72  5  68  6  71  7  78  8  61  9  40
  0  36  1  20  2  11  3  59  4  97  5  9  6  34  7  8  8  31  9  85
  0  41  1  71  2  29  3  45  4  30  5  94  6  9  7  76  8  68  9  59
  0  7  1  37  2  30  3  74  4  70  5  76  6  86  7  50  8  21  9  83
  0  97  1  92  2  65  3  8  4  9  5  40  6  79  7  93  8  74  9  30
  0  85  1  28  2  66  3  68  4  92  5  75  6  23  7  38  8  80  9  65
  0  59  1  73  2  50  3  55  4  35  5  69  6  59  7  74  8  64  9  33
  0  17  1  31  2  91  3  73  4  17  5  32  6  97  7  83  8  26  9  55
  0  79  1  85  2  55  3  62  4  37  5  19  6  84  7  52  8  62  9  94
  0  16  1  89  2  95  3  70  4  80  5  58  6  15  7  86  8  16  9  24
  0  58  1  77  2  98  3  5  4  6  5  74  6  92  7  85  8  65  9  24
  0  45  1  24  2  39  3  12  4  53  5  43  6  62  7  68  8  70  9  88
  0  53  1  78  2  30  3  5  4  99  5  46  6  7  7  80  8  77  9  57
  0  43  1  23  2  88  3  64  4  8  5  98  6  39  7  84  8  70  9  39
  0  17  1  66  2  96  3  88  4  32  5  87  6  19  7  58  8  21  9  82
  0  16  1  5  2  41  3  1  4  12  5  52  6  6  7  63  8  89  9  14
  0  21  1  60  2  68  3  99  4  37  5  93  6  86  7  12  8  30  9  85
  0  2  1  51  2  69  3  84  4  93  5  93  6  26  7  40  8  20  9  27
  0  49  1  48  2  91  3  33  4  9  5  67  6  29  7  53  8  64  9  58
  0  43  1  8  2  33  3  19  4  46  5  16  6  50  7  87  8  78  9  53
  0  58  1  57  2  19  3  58  4  53  5  23  6  97  7  44  8  77  9  38
  0  49  1  5  2  53  3  71  4  65  5  8  6  80  7  78  8  26  9  13
  0  39  1  37  2  30  3  70  4  88  5  3  6  59  7  66  8  40  9  87
  0  31  1  39  2  41  3  73  4  28  5  83  6  15  7  99  8  24  9  2
  0  32  1  1  2  26  3  75  4  1  5  78  6  10  7  74  8  16  9  31
  0  21  1  20  2  7  3  72  4  66  5  67  6  54  7  24  8  15  9  77
  0  80  1  55  2  88  3  91  4  33  5  3  6  13  7  31  8  15  9  97
  0  40  1  85  2  26  3  87  4  97  5  59  6  22  7  18  8  97  9  86
  0  17  1  18  2  13  3  45  4  59  5  13  6  19  7  23  8  84  9  44
  0  47  1  12  2  11  3  73  4  3  5  43  6  31  7  9  8  32  9  87
  0  26  1  75  2  62  3  72  4  80  5  7  6  35  7  7  8  15  9  56
  0  3  1  4  2  24  3  25  4  72  5  41  6  4  7  74  8  7  9  17
  0  22  1  66  2  19  3  60  4  34  5  44  6  22  7  33  8  69  9  53
  0  24  1  23  2  35  3  57  4  61  5  98  6  12  7  11  8  39  9  4
  0  39  1  80  2  3  3  94  4  15  5  36  6  52  7  46  8  57  9  42
  0  1  1  88  2  98  3  42  4  16  5  50  6  17  7  90  8  99  9  10
  0  21  1  89  2  99  3  91  4  45  5  41  6  58  7  56  8  19  9  96
  0  36  1  66  2  18  3  1  4  74  5  35  6  9  7  27  8  76  9  77
  0  56  1  74  2  22  3  35  4  38  5  65  6  53  7  40  8  91  9  56
  0  88  1  27  2  99  3  70  4  50  5  27  6  72  7  93  8  25  9  95
  0  95  1  9  2  77  3  46  4  39  5  43  6  96  7  10  8  62  9  72
  0  48  1  38  2  47  3  97  4  43  5  11  6  49  7  77  8  71  9  20
  0  52  1  4  2  43  3  47  4  55  5  39  6  42  7  50  8  46  9  53
  0  86  1  26  2  20  3  33  4  43  5  25  6  56  7  57  8  51  9  10
  0  71  1  41  2  48  3  14  4  92  5  10  6  91  7  29  8  33  9  64
  0  38  1  17  2  58  3  18  4  21  5  42  6  80  7  37  8  17  9  60
  0  11  1  25  2  18  3  14  4  62  5  6  6  37  7  19  8  85  9  13
  0  21  1  34  2  72  3  94  4  31  5  70  6  69  7  78  8  41  9  58
  0  76  1  57  2  47  3  85  4  33  5  2  6  80  7  89  8  4  9  3
  0  94  1  42  2  24  3  89  4  46  5  83  6  80  7  4  8  93  9  75
  0  7  1  97  2  87  3  91  4  38  5  93  6  31  7  60  8  65  9  41
  0  22  1  28  2  59  3  33  4  19  5  17  6  64  7  81  8  80  9  75
  0  93  1  65  2  71  3  63  4  58  5  94  6  52  7  16  8  23  9  53
  0  71  1  78  2  64  3  23  4  39  5  96  6  82  7  92  8  55  9  15
  0  87  1  8  2  13  3  24  4  47  5  13  6  1  7  35  8  4  9  99
  0  82  1  95  2  59  3  53  4  19  5  72  6  99  7  57  8  64  9  52
  0  24  1  22  2  54  3  40  4  67  5  17  6  60  7  71  8  59  9  41
  0  90  1  52  2  52  3  55  4  45  5  89  6  96  7  65  8  66  9  92
  0  66  1  23  2  49  3  50  4  46  5  87  6  86  7  3  8  49  9  67
  0  65  1  88  2  11  3  26  4  55  5  8  6  87  7  31  8  42  9  48
  0  57  1  82  2  1  3  70  4  91  5  34  6  2  7  26  8  52  9  2
  0  15  1  80  2  31  3  37  4  46  5  49  6  42  7  87  8  99  9  69
  0  20  1  85  2  88  3  80  4  96  5  24  6  12  7  61  8  61  9  36
  0  74  1  64  2  10  3  59  4  22  5  51  6  53  7  63  8  16  9  93
  0  49  1  79  2  74  3  20  4  43  5  46  6  39  7  10  8  71  9  65
  0  61  1  71  2  40  3  39  4  20  5  42  6  86  7  24  8  90  9  14
  0  90  1  22  2  47  3  67  4  84  5  6  6  70  7  59  8  97  9  32
  0  75  1  8  2  9  3  4  4  97  5  63  6  9  7  76  8  93  9  59
  0  96  1  29  2  49  3  88  4  54  5  28  6  95  7  44  8  72  9  74
  0  81  1  11  2  39  3  99  4  55  5  11  6  90  7  53  8  39  9  42
  0  97  1  1  2  17  3  45  4  44  5  21  6  64  7  97  8  1  9  75
  0  81  1  28  2  24  3  81  4  19  5  85  6  17  7  24  8  3  9  16
  0  36  1  72  2  4  3  30  4  36  5  2  6  93  7  57  8  76  9  27
  0  95  1  30  2  44  3  99  4  30  5  38  6  56  7  26  8  81  9  44
  0  54  1  9  2  72  3  59  4  93  5  23  6  2  7  8  8  99  9  67
  0  83  1  43  2  48  3  59  4  2  5  82  6  74  7  79  8  57  9  75
  0  28  1  50  2  85  3  36  4  37  5  29  6  54  7  76  8  36  9  57
  0  81  1  54  2  69  3  64  4  38  5  1  6  86  7  47  8  7  9  85
  0  86  1  67  2  28  3  70  4  69  5  23  6  46  7  12  8  11  9  5
  0  46  1  45  2  71  3  38  4  31  5  55  6  95  7  60  8  81  9  10
  0  63  1  99  2  24  3  14  4  10  5  48  6  53  7  9  8  25  9  43
  0  19  1  32  2  76  3  6  4  78  5  1  6  47  7  93  8  36  9  95
  0  66  1  70  2  59  3  49  4  72  5  4  6  29  7  67  8  49  9  35
  0  57  1  43  2  5  3  83  4  95  5  40  6  5  7  88  8  91  9  48
  0  67  1  96  2  99  3  40  4  82  5  35  6  31  7  93  8  20  9  49
  0  95  1  43  2  26  3  88  4  96  5  82  6  34  7  55  8  54  9  32
  0  43  1  64  2  76  3  40  4  19  5  82  6  8  7  84  8  45  9  34
  0  32  1  91  2  12  3  86  4  87  5  89  6  32  7  75  8  30  9  67
  0  16  1  13  2  74  3  96  4  38  5  92  6  62  7  46  8  99  9  93
  0  60  1  96  2  35  3  30  4  84  5  24  6  53  7  19  8  2  9  31
  0  86  1  52  2  52  3  18  4  96  5  88  6  95  7  40  8  64  9  19
  0  74  1  96  2  49  3  52  4  52  5  31  6  18  7  36  8  60  9  48
  0  51  1  18  2  72  3  85  4  99  5  83  6  80  7  74  8  42  9  56
  0  41  1  96  2  50  3  30  4  33  5  16  6  98  7  74  8  17  9  36
  0  36  1  30  2  14  3  17  4  27  5  80  6  31  7  54  8  40  9  93
  0  96  1  7  2  10  3  22  4  96  5  10  6  23  7  49  8  15  9  27
  0  10  1  7  2  20  3  29  4  21  5  79  6  54  7  81  8  33  9  10
  0  18  1  3  2  15  3  39  4  47  5  18  6  42  7  57  8  42  9  8
  0  48  1  56  2  77  3  45  4  36  5  93  6  14  7  61  8  7  9  18
  0  89  1  78  2  71  3  26  4  56  5  11  6  46  7  27  8  1  9  17
  0  54  1  55  2  43  3  49  4  84  5  49  6  28  7  49  8  79  9  85
  0  43  1  63  2  47  3  41  4  14  5  96  6  29  7  18  8  80  9  17
  0  65  1  54  2  56  3  82  4  29  5  16  6  95  7  58  8  38  9  23
  0  56  1  34  2  56  3  67  4  14  5  68  6  42  7  35  8  60  9  18
  0  9  1  15  2  18  3  29  4  5  5  82  6  14  7  1  8  27  9  72
  0  33  1  34  2  28  3  91  4  21  5  48  6  74  7  24  8  11  9  18
  0  73  1  37  2  8  3  52  4  72  5  99  6  27  7  34  8  98  9  39
  0  99  1  88  2  93  3  40  4  75  5  44  6  56  7  34  8  91  9  5
  0  8  1  34  2  79  3  53  4  38  5  32  6  39  7  45  8  89  9  41
  0  99  1  71  2  92  3  60  4  43  5  98  6  75  7  97  8  57  9  5
  0  80  1  76  2  52  3  83  4  83  5  99  6  55  7  79  8  97  9  71
  0  60  1  66  2  87  3  70  4  9  5  99  6  53  7  51  8  19  9  99
  0  43  1  6  2  88  3  31  4  1  5  2  6  51  7  7  8  74  9  6
  0  55  1  20  2  26  3  30  4  76  5  84  6  19  7  81  8  18  9  41
  0  92  1  90  2  34  3  48  4  22  5  49  6  84  7  80  8  45  9  93
  0  19  1  96  2  94  3  1  4  27  5  44  6  66  7  92  8  24  9  20
  0  21  1  60  2  47  3  3  4  87  5  54  6  84  7  29  8  28  9  13
  0  55  1  65  2  64  3  7  4  31  5  21  6  6  7  29  8  48  9  83
  0  98  1  72  2  51  3  77  4  92  5  54  6  95  7  88  8  21  9  84
  0  53  1  88  2  4  3  94  4  38  5  60  6  35  7  75  8  35  9  12
  0  27  1  72  2  83  3  24  4  5  5  56  6  69  7  65  8  72  9  66
  0  14  1  82  2  13  3  74  4  78  5  42  6  74  7  40  8  97  9  77
  0  63  1  48  2  33  3  70  4  50  5  39  6  7  7  80  8  48  9  87
  0  44  1  88  2  25  3  79  4  46  5  20  6  66  7  96  8  67  9  66
  0  94  1  13  2  78  3  33  4  2  5  54  6  13  7  49  8  65  9  76
  0  65  1  54  2  52  3  74  4  59  5  31  6  29  7  16  8  12  9  35
  0  23  1  56  2  75  3  70  4  16  5  1  6  12  7  88  8  67  9  4
  0  49  1  22  2  84  3  15  4  9  5  71  6  92  7  36  8  22  9  13
  0  80  1  27  2  56  3  97  4  14  5  76  6  29  7  46  8  46  9  44
  0  84  1  78  2  69  3  17  4  44  5  26  6  85  7  49  8  77  9  98
  0  90  1  74  2  36  3  32  4  92  5  15  6  54  7  20  8  29  9  18
  0  22  1  8  2  26  3  2  4  55  5  17  6  37  7  86  8  42  9  94
  0  46  1  39  2  36  3  48  4  11  5  76  6  21  7  83  8  8  9  80
  0  66  1  53  2  80  3  27  4  52  5  8  6  10  7  48  8  37  9  81
  0  63  1  65  2  82  3  65  4  93  5  56  6  74  7  55  8  74  9  56
  0  97  1  68  2  14  3  10  4  53  5  64  6  85  7  12  8  23  9  28
  0  46  1  97  2  27  3  85  4  47  5  97  6  25  7  68  8  63  9  49
  0  57  1  42  2  68  3  15  4  23  5  73  6  67  7  88  8  49  9  88
  0  43  1  59  2  97  3  62  4  73  5  62  6  97  7  29  8  45  9  68
  0  22  1  2  2  51  3  48  4  36  5  63  6  66  7  46  8  82  9  39
  0  22  1  44  2  90  3  72  4  27  5  73  6  15  7  78  8  18  9  46
  0  45  1  27  2  25  3  88  4  46  5  83  6  86  7  96  8  11  9  28
  0  54  1  63  2  41  3  6  4  64  5  25  6  95  7  86  8  75  9  50
  0  52  1  53  2  93  3  57  4  89  5  24  6  37  7  18  8  82  9  86
  0  6  1  18  2  54  3  10  4  64  5  57  6  49  7  43  8  56  9  9
  0  8  1  31  2  95  3  84  4  54  5  98  6  17  7  66  8  35  9  89
  0  75  1  9  2  66  3  54  4  23  5  6  6  85  7  32  8  10  9  95
  0  1  1  59  2  80  3  41  4  91  5  13  6  70  7  99  8  11  9  63
  0  21  1  89  2  81  3  88  4  60  5  88  6  87  7  96  8  27  9  57
  0  10  1  36  2  34  3  40  4  57  5  90  6  97  7  5  8  82  9  13
  0  72  1  25  2  95  3  18  4  81  5  95  6  2  7  43  8  17  9  70
  0  41  1  71  2  63  3  24  4  2  5  34  6  58  7  6  8  17  9  74
  0  4  1  24  2  2  3  25  4  81  5  83  6  58  7  20  8  39  9  62
  0  65  1  68  2  64  3  93  4  46  5  39  6  36  7  10  8  56  9  41
  0  42  1  43  2  50  3  4  4  99  5  96  6  14  7  85  8  12  9  32
  0  73  1  64  2  44  3  43  4  21  5  88  6  12  7  99  8  5  9  8
  0  13  1  83  2  90  3  81  4  41  5  60  6  81  7  59  8  61  9  54
  0  51  1  77  2  45  3  13  4  48  5  5  6  88  7  81  8  40  9  43
  0  56  1  37  2  36  3  54  4  34  5  34  6  1  7  91  8  83  9  67
  0  35  1  26  2  20  3  67  4  95  5  18  6  68  7  54  8  82  9  71
  0  63  1  47  2  11  3  60  4  93  5  94  6  48  7  27  8  28  9  53
  0  79  1  87  2  42  3  59  4  37  5  93  6  49  7  60  8  6  9  29
  0  19  1  87  2  86  3  56  4  3  5  9  6  92  7  28  8  31  9  73
  0  81  1  29  2  36  3  50  4  84  5  26  6  17  7  24  8  64  9  28
  0  53  1  77  2  9  3  85  4  33  5  9  6  59  7  86  8  55  9  32
  0  22  1  32  2  5  3  80  4  1  5  87  6  42  7  97  8  69  9  42
  0  25  1  87  2  65  3  39  4  65  5  71  6  50  7  48  8  7  9  56
  0  14  1  78  2  39  3  19  4  78  5  84  6  9  7  63  8  40  9  96
  0  4  1  7  2  65  3  63  4  92  5  87  6  18  7  15  8  56  9  21
  0  93  1  75  2  58  3  37  4  67  5  70  6  24  7  64  8  11  9  28
  0  24  1  67  2  14  3  50  4  99  5  35  6  19  7  17  8  61  9  74
  0  64  1  46  2  39  3  83  4  77  5  18  6  96  7  68  8  82  9  44
  0  6  1  58  2  5  3  25  4  58  5  31  6  76  7  48  8  72  9  27
  0  94  1  5  2  87  3  54  4  82  5  29  6  88  7  78  8  34  9  94
  0  96  1  62  2  70  3  12  4  92  5  9  6  26  7  24  8  94  9  6
  0  39  1  85  2  86  3  86  4  22  5  70  6  63  7  50  8  30  9  53
  0  63  1  4  2  60  3  46  4  84  5  34  6  41  7  6  8  98  9  99
  0  7  1  16  2  36  3  17  4  49  5  32  6  85  7  74  8  7  9  43
  0  31  1  2  2  34  3  61  4  36  5  77  6  42  7  76  8  24  9  45
  0  21  1  27  2  37  3  83  4  89  5  56  6  64  7  42  8  13  9  77
  0  60  1  42  2  93  3  58  4  13  5  97  6  40  7  1  8  26  9  17
  0  40  1  68  2  12  3  77  4  16  5  96  6  30  7  97  8  34  9  88
  0  9  1  36  2  90  3  68  4  23  5  99  6  92  7  70  8  42  9  37
  0  20  1  51  2  44  3  45  4  32  5  86  6  78  7  38  8  38  9  69
  0  15  1  18  2  74  3  28  4  8  5  75  6  33  7  29  8  84  9  8
  0  48  1  34  2  97  3  16  4  32  5  34  6  39  7  34  8  5  9  55
  0  93  1  94  2  88  3  42  4  60  5  44  6  32  7  43  8  92  9  38
  0  87  1  50  2  38  3  6  4  83  5  79  6  55  7  59  8  38  9  1
  0  52  1  68  2  9  3  25  4  85  5  45  6  90  7  36  8  93  9  10
  0  89  1  12  2  63  3  16  4  46  5  72  6  56  7  68  8  81  9  58
  0  34  1  69  2  83  3  9  4  74  5  52  6  69  7  17  8  52  9  12
  0  83  1  62  2  26  3  29  4  17  5  56  6  81  7  55  8  63  9  48
TPM
  0  2857  1  2857  2  2857  3  2857  4  2857  5  2857  6  2857  7  2857  8  2857  9  2857
PMT
  0  20  1  24  2  9  3  19  4  14  5  4  6  5  7  18  8  5  9  11
  0  11  1  10  2  23  3  18  4  18  5  18  6  22  7  19  8  14  9  16
  0  15  1  9  2  6  3  18  4  10  5  10  6  13  7  2  8  2  9  12
  0  24  1  24  2  22  3  4  4  15  5  3  6  11  7  9  8  10  9  19
  0  19  1  22  2  16  3  21  4  19  5  16  6  14  7  6  8  10  9  10
  0  2  1  19  2  3  3  13  4  3  5  1  6  15  7  11  8  16  9  8
  0  1  1  24  2  24  3  19  4  23  5  5  6  1  7  5  8  14  9  8
  0  10  1  9  2  24  3  7  4  15  5  17  6  24  7  7  8  21  9  1
  0  16  1  13  2  22  3  13  4  23  5  4  6  2  7  5  8  2  9  19
  0  22  1  18  2  4  3  12  4  3  5  6  6  14  7  5  8  9  9  8
  0  24  1  20  2  13  3  1  4  20  5  15  6  5  7  12  8  24  9  2
  0  16  1  3  2  2  3  17  4  5  5  3  6  15  7  18  8  18  9  4
  0  5  1  20  2  8  3  16  4  4  5  3  6  10  7  12  8  8  9  16
  0  12  1  4  2  7  3  22  4  3  5  9  6  18  7  1  8  5  9  16
  0  5  1  9  2  10  3  2  4  19  5  22  6  8  7  2  8  9  9  7
  0  15  1  17  2  22  3  19  4  20  5  3  6  19  7  16  8  11  9  2
  0  14  1  14  2  18  3  15  4  17  5  19  6  13  7  1  8  14  9  12
  0  2  1  12  2  6  3  24  4  6  5  24  6  23  7  13  8  20  9  8
