20  5
  0  80  1  30  2  81  3  73  4  77
  0  35  1  38  2  51  3  30  4  17
  0  60  1  22  2  9  3  77  4  63
  0  56  1  4  2  8  3  30  4  48
  0  57  1  77  2  5  3  30  4  68
  0  7  1  55  2  27  3  63  4  58
  0  86  1  71  2  13  3  82  4  20
  0  43  1  40  2  74  3  76  4  12
  0  43  1  50  2  9  3  77  4  28
  0  53  1  96  2  53  3  35  4  25
  0  86  1  32  2  92  3  21  4  33
  0  27  1  39  2  58  3  92  4  81
  0  90  1  3  2  56  3  85  4  47
  0  60  1  36  2  51  3  81  4  10
  0  42  1  26  2  13  3  1  4  98
  0  41  1  7  2  5  3  7  4  48
  0  24  1  87  2  42  3  63  4  15
  0  48  1  42  2  38  3  39  4  33
  0  29  1  24  2  49  3  30  4  62
  0  89  1  75  2  96  3  37  4  30
TPM
  0  678  1  678  2  678  3  678  4  678
PMT
  0  67  1  58  2  36  3  37  4  38
  0  9  1  70  2  21  3  37  4  34
  0  5  1  72  2  69  3  67  4  5
