200  5
  0  82  1  81  2  51  3  37  4  75
  0  54  1  51  2  4  3  82  4  32
  0  29  1  32  2  98  3  30  4  46
  0  39  1  21  2  99  3  8  4  48
  0  46  1  85  2  57  3  62  4  83
  0  95  1  52  2  30  3  70  4  44
  0  91  1  88  2  39  3  41  4  2
  0  62  1  6  2  47  3  89  4  51
  0  40  1  96  2  27  3  26  4  55
  0  79  1  28  2  29  3  38  4  23
  0  30  1  39  2  78  3  17  4  82
  0  48  1  3  2  75  3  16  4  71
  0  90  1  15  2  44  3  66  4  47
  0  25  1  9  2  50  3  61  4  19
  0  90  1  39  2  55  3  18  4  28
  0  40  1  28  2  10  3  21  4  70
  0  25  1  60  2  22  3  3  4  10
  0  86  1  34  2  36  3  6  4  32
  0  58  1  48  2  29  3  69  4  77
  0  96  1  50  2  43  3  64  4  53
  0  38  1  39  2  41  3  90  4  75
  0  9  1  35  2  73  3  57  4  14
  0  13  1  3  2  16  3  62  4  83
  0  28  1  11  2  44  3  92  4  20
  0  1  1  96  2  62  3  71  4  76
  0  50  1  52  2  67  3  22  4  41
  0  26  1  42  2  35  3  86  4  65
  0  22  1  20  2  65  3  64  4  97
  0  36  1  38  2  85  3  10  4  69
  0  15  1  78  2  21  3  56  4  44
  0  77  1  90  2  72  3  79  4  27
  0  22  1  75  2  60  3  17  4  10
  0  57  1  93  2  15  3  11  4  52
  0  46  1  30  2  44  3  88  4  65
  0  46  1  53  2  8  3  89  4  6
  0  23  1  72  2  36  3  35  4  9
  0  22  1  52  2  50  3  32  4  83
  0  77  1  66  2  52  3  22  4  59
  0  10  1  2  2  83  3  12  4  15
  0  72  1  88  2  12  3  38  4  65
  0  54  1  70  2  27  3  53  4  68
  0  32  1  31  2  15  3  37  4  76
  0  45  1  41  2  84  3  40  4  8
  0  25  1  71  2  67  3  6  4  83
  0  60  1  66  2  57  3  65  4  49
  0  37  1  76  2  57  3  48  4  83
  0  33  1  88  2  70  3  26  4  63
  0  78  1  63  2  86  3  9  4  8
  0  3  1  22  2  65  3  84  4  21
  0  88  1  88  2  44  3  50  4  10
  0  86  1  7  2  89  3  55  4  76
  0  68  1  34  2  46  3  13  4  22
  0  36  1  71  2  96  3  12  4  64
  0  57  1  31  2  81  3  91  4  35
  0  73  1  65  2  35  3  85  4  15
  0  28  1  14  2  84  3  69  4  60
  0  13  1  49  2  64  3  85  4  57
  0  61  1  72  2  25  3  40  4  44
  0  99  1  38  2  56  3  90  4  50
  0  28  1  40  2  76  3  14  4  84
  0  4  1  12  2  51  3  1  4  26
  0  20  1  78  2  80  3  42  4  25
  0  64  1  40  2  25  3  11  4  7
  0  52  1  66  2  74  3  39  4  93
  0  99  1  74  2  80  3  99  4  18
  0  67  1  55  2  27  3  78  4  74
  0  16  1  81  2  99  3  15  4  55
  0  69  1  95  2  5  3  4  4  71
  0  91  1  12  2  30  3  44  4  32
  0  5  1  98  2  9  3  67  4  45
  0  59  1  78  2  68  3  9  4  58
  0  22  1  29  2  33  3  9  4  91
  0  38  1  27  2  49  3  33  4  35
  0  95  1  88  2  72  3  88  4  56
  0  5  1  50  2  45  3  57  4  59
  0  30  1  55  2  22  3  36  4  31
  0  65  1  79  2  6  3  28  4  32
  0  55  1  4  2  40  3  1  4  28
  0  50  1  2  2  52  3  93  4  46
  0  75  1  13  2  65  3  42  4  57
  0  77  1  22  2  57  3  85  4  90
  0  79  1  86  2  49  3  91  4  38
  0  30  1  59  2  16  3  43  4  40
  0  37  1  98  2  51  3  51  4  7
  0  44  1  1  2  57  3  32  4  31
  0  14  1  48  2  11  3  89  4  93
  0  97  1  17  2  60  3  82  4  1
  0  68  1  15  2  7  3  81  4  48
  0  15  1  10  2  7  3  10  4  24
  0  57  1  12  2  45  3  7  4  70
  0  96  1  98  2  73  3  7  4  46
  0  52  1  64  2  13  3  12  4  13
  0  73  1  5  2  24  3  86  4  62
  0  51  1  41  2  10  3  7  4  72
  0  56  1  71  2  75  3  78  4  5
  0  66  1  51  2  4  3  62  4  39
  0  20  1  16  2  2  3  12  4  5
  0  9  1  72  2  27  3  13  4  97
  0  11  1  28  2  23  3  85  4  82
  0  51  1  36  2  74  3  47  4  39
  0  58  1  20  2  60  3  55  4  2
  0  66  1  78  2  83  3  5  4  20
  0  18  1  47  2  27  3  27  4  93
  0  61  1  53  2  79  3  31  4  19
  0  19  1  56  2  29  3  68  4  50
  0  76  1  20  2  38  3  59  4  32
  0  50  1  8  2  62  3  98  4  84
  0  33  1  95  2  79  3  93  4  84
  0  48  1  2  2  98  3  47  4  45
  0  73  1  60  2  83  3  39  4  97
  0  55  1  81  2  99  3  62  4  65
  0  21  1  17  2  78  3  73  4  22
  0  37  1  34  2  48  3  87  4  12
  0  68  1  55  2  34  3  38  4  8
  0  34  1  67  2  94  3  4  4  10
  0  58  1  18  2  58  3  57  4  34
  0  80  1  50  2  18  3  67  4  48
  0  70  1  35  2  39  3  37  4  49
  0  68  1  19  2  99  3  26  4  1
  0  69  1  4  2  93  3  41  4  82
  0  87  1  22  2  92  3  94  4  9
  0  36  1  47  2  49  3  15  4  18
  0  1  1  91  2  99  3  32  4  31
  0  23  1  34  2  19  3  64  4  50
  0  76  1  3  2  22  3  95  4  7
  0  85  1  34  2  66  3  34  4  48
  0  47  1  96  2  74  3  76  4  81
  0  4  1  6  2  70  3  95  4  30
  0  31  1  21  2  73  3  51  4  19
  0  45  1  45  2  89  3  4  4  29
  0  95  1  50  2  52  3  15  4  38
  0  60  1  42  2  23  3  36  4  10
  0  3  1  14  2  20  3  90  4  12
  0  8  1  23  2  1  3  55  4  33
  0  30  1  57  2  90  3  69  4  22
  0  32  1  64  2  2  3  50  4  5
  0  81  1  4  2  85  3  4  4  34
  0  15  1  9  2  68  3  17  4  81
  0  60  1  52  2  10  3  81  4  43
  0  75  1  83  2  38  3  55  4  61
  0  76  1  9  2  12  3  36  4  43
  0  97  1  55  2  70  3  61  4  19
  0  75  1  2  2  67  3  30  4  2
  0  49  1  40  2  92  3  19  4  19
  0  69  1  37  2  24  3  67  4  56
  0  45  1  40  2  56  3  54  4  68
  0  30  1  33  2  40  3  40  4  94
  0  11  1  64  2  72  3  48  4  25
  0  37  1  23  2  88  3  6  4  36
  0  76  1  29  2  92  3  44  4  94
  0  38  1  58  2  62  3  97  4  9
  0  47  1  47  2  13  3  74  4  32
  0  63  1  85  2  14  3  33  4  68
  0  29  1  19  2  76  3  56  4  94
  0  38  1  74  2  22  3  48  4  97
  0  43  1  42  2  96  3  66  4  11
  0  69  1  25  2  27  3  75  4  88
  0  6  1  58  2  6  3  86  4  96
  0  47  1  99  2  26  3  56  4  85
  0  47  1  36  2  33  3  14  4  71
  0  48  1  97  2  28  3  17  4  46
  0  35  1  48  2  30  3  14  4  23
  0  25  1  51  2  89  3  47  4  37
  0  9  1  63  2  35  3  82  4  77
  0  81  1  16  2  99  3  49  4  37
  0  34  1  40  2  35  3  69  4  69
  0  1  1  78  2  95  3  46  4  83
  0  72  1  41  2  35  3  24  4  80
  0  58  1  75  2  30  3  33  4  32
  0  81  1  5  2  38  3  32  4  92
  0  55  1  17  2  39  3  1  4  10
  0  68  1  63  2  52  3  84  4  23
  0  45  1  12  2  85  3  28  4  81
  0  39  1  36  2  78  3  43  4  4
  0  52  1  4  2  57  3  54  4  23
  0  43  1  75  2  5  3  59  4  90
  0  65  1  20  2  14  3  96  4  71
  0  85  1  98  2  38  3  52  4  27
  0  42  1  10  2  91  3  91  4  67
  0  91  1  14  2  8  3  78  4  95
  0  85  1  7  2  93  3  5  4  69
  0  41  1  58  2  40  3  49  4  54
  0  18  1  37  2  58  3  87  4  59
  0  12  1  87  2  17  3  23  4  36
  0  27  1  58  2  49  3  64  4  89
  0  98  1  32  2  91  3  28  4  17
  0  71  1  5  2  7  3  19  4  53
  0  82  1  33  2  4  3  3  4  52
  0  34  1  23  2  85  3  95  4  37
  0  2  1  57  2  79  3  1  4  44
  0  79  1  33  2  84  3  30  4  55
  0  26  1  72  2  82  3  54  4  90
  0  86  1  63  2  35  3  5  4  45
  0  18  1  70  2  32  3  57  4  90
  0  39  1  80  2  62  3  62  4  57
  0  30  1  50  2  3  3  38  4  33
  0  27  1  29  2  5  3  97  4  2
  0  6  1  24  2  3  3  22  4  46
  0  99  1  1  2  76  3  75  4  58
  0  16  1  40  2  94  3  26  4  43
TPM
  0  2033  1  2033  2  2033  3  2033  4  2033
PMT
  0  25  1  25  2  48  3  68  4  15
  0  61  1  14  2  34  3  56  4  44
  0  70  1  21  2  60  3  28  4  55
  0  69  1  23  2  26  3  27  4  56
  0  55  1  40  2  17  3  57  4  12
  0  14  1  67  2  60  3  26  4  34
  0  30  1  2  2  19  3  35  4  66
  0  21  1  31  2  36  3  30  4  72
  0  12  1  57  2  62  3  32  4  59
  0  34  1  1  2  58  3  73  4  36
