100  15
  0  59  1  7  2  83  3  17  4  76  5  15  6  75  7  90  8  98  9  39  10  46  11  24  12  94  13  55  14  53
  0  58  1  30  2  61  3  56  4  46  5  94  6  50  7  72  8  59  9  71  10  7  11  95  12  41  13  9  14  97
  0  50  1  10  2  48  3  96  4  57  5  35  6  47  7  65  8  29  9  54  10  58  11  73  12  23  13  98  14  78
  0  39  1  28  2  33  3  93  4  15  5  44  6  52  7  47  8  56  9  3  10  71  11  26  12  37  13  27  14  3
  0  57  1  18  2  13  3  14  4  34  5  66  6  26  7  10  8  18  9  84  10  89  11  77  12  3  13  5  14  47
  0  86  1  30  2  50  3  16  4  44  5  69  6  69  7  51  8  30  9  43  10  99  11  11  12  80  13  26  14  14
  0  66  1  80  2  61  3  47  4  19  5  90  6  80  7  32  8  7  9  17  10  6  11  55  12  10  13  99  14  77
  0  44  1  97  2  79  3  38  4  34  5  75  6  66  7  67  8  64  9  8  10  23  11  34  12  26  13  46  14  31
  0  36  1  44  2  83  3  9  4  17  5  66  6  1  7  94  8  94  9  4  10  94  11  18  12  45  13  30  14  90
  0  20  1  16  2  44  3  83  4  99  5  60  6  54  7  66  8  81  9  36  10  32  11  23  12  56  13  86  14  47
  0  14  1  27  2  10  3  78  4  74  5  51  6  88  7  74  8  93  9  85  10  19  11  89  12  60  13  52  14  83
  0  33  1  86  2  96  3  38  4  3  5  38  6  5  7  16  8  95  9  48  10  80  11  64  12  2  13  79  14  39
  0  78  1  46  2  67  3  29  4  88  5  15  6  60  7  6  8  1  9  91  10  33  11  33  12  36  13  91  14  51
  0  45  1  81  2  57  3  2  4  44  5  58  6  67  7  21  8  82  9  86  10  62  11  82  12  62  13  79  14  99
  0  39  1  61  2  4  3  76  4  13  5  55  6  2  7  94  8  89  9  4  10  45  11  56  12  57  13  14  14  68
  0  7  1  91  2  6  3  14  4  66  5  95  6  34  7  74  8  26  9  20  10  56  11  22  12  81  13  34  14  30
  0  47  1  45  2  38  3  96  4  69  5  63  6  10  7  82  8  72  9  6  10  39  11  8  12  76  13  30  14  6
  0  14  1  77  2  27  3  81  4  23  5  70  6  95  7  74  8  97  9  78  10  14  11  47  12  79  13  32  14  96
  0  67  1  99  2  75  3  53  4  91  5  4  6  97  7  1  8  65  9  45  10  7  11  81  12  8  13  14  14  14
  0  93  1  19  2  24  3  62  4  41  5  98  6  69  7  55  8  48  9  1  10  23  11  47  12  13  13  44  14  42
  0  93  1  74  2  50  3  91  4  6  5  35  6  88  7  21  8  22  9  53  10  41  11  35  12  5  13  99  14  27
  0  52  1  38  2  48  3  40  4  45  5  62  6  32  7  95  8  3  9  85  10  99  11  83  12  56  13  48  14  47
  0  76  1  62  2  46  3  1  4  50  5  35  6  24  7  95  8  96  9  70  10  93  11  56  12  50  13  3  14  52
  0  83  1  49  2  83  3  97  4  15  5  14  6  86  7  57  8  77  9  5  10  61  11  92  12  94  13  87  14  1
  0  40  1  87  2  38  3  93  4  93  5  83  6  37  7  67  8  52  9  36  10  60  11  58  12  74  13  14  14  56
  0  56  1  27  2  3  3  57  4  3  5  3  6  35  7  85  8  62  9  62  10  53  11  31  12  66  13  22  14  50
  0  28  1  19  2  66  3  53  4  47  5  24  6  3  7  47  8  82  9  34  10  52  11  54  12  98  13  72  14  44
  0  3  1  75  2  59  3  92  4  69  5  59  6  38  7  28  8  70  9  2  10  96  11  35  12  27  13  58  14  22
  0  32  1  50  2  70  3  30  4  63  5  3  6  52  7  69  8  7  9  41  10  59  11  86  12  24  13  40  14  8
  0  82  1  93  2  68  3  73  4  37  5  5  6  45  7  88  8  49  9  13  10  4  11  11  12  23  13  70  14  63
  0  46  1  16  2  99  3  51  4  33  5  11  6  55  7  45  8  25  9  84  10  2  11  31  12  42  13  85  14  9
  0  82  1  62  2  43  3  28  4  28  5  70  6  70  7  7  8  33  9  7  10  29  11  59  12  37  13  65  14  78
  0  3  1  23  2  32  3  18  4  10  5  80  6  84  7  96  8  53  9  33  10  64  11  51  12  46  13  5  14  8
  0  99  1  85  2  63  3  12  4  90  5  67  6  66  7  37  8  97  9  31  10  84  11  3  12  4  13  36  14  94
  0  15  1  11  2  7  3  60  4  29  5  81  6  65  7  34  8  48  9  79  10  61  11  62  12  96  13  88  14  65
  0  71  1  34  2  5  3  72  4  60  5  81  6  45  7  46  8  42  9  93  10  16  11  97  12  93  13  88  14  32
  0  73  1  19  2  14  3  75  4  92  5  26  6  26  7  42  8  81  9  79  10  94  11  13  12  69  13  77  14  75
  0  46  1  47  2  59  3  98  4  85  5  25  6  47  7  75  8  7  9  12  10  81  11  14  12  80  13  20  14  3
  0  7  1  6  2  66  3  72  4  18  5  35  6  14  7  65  8  89  9  17  10  89  11  53  12  49  13  2  14  58
  0  66  1  78  2  8  3  44  4  16  5  84  6  33  7  41  8  90  9  72  10  62  11  27  12  82  13  24  14  3
  0  95  1  95  2  24  3  48  4  74  5  40  6  83  7  61  8  61  9  20  10  62  11  10  12  33  13  63  14  86
  0  16  1  96  2  62  3  12  4  87  5  72  6  11  7  72  8  47  9  54  10  55  11  28  12  77  13  66  14  12
  0  99  1  53  2  15  3  5  4  34  5  18  6  21  7  26  8  68  9  31  10  64  11  25  12  63  13  3  14  70
  0  87  1  35  2  76  3  43  4  45  5  8  6  35  7  13  8  34  9  47  10  34  11  41  12  1  13  76  14  6
  0  21  1  9  2  69  3  61  4  53  5  8  6  58  7  4  8  93  9  54  10  32  11  31  12  90  13  14  14  88
  0  63  1  72  2  74  3  73  4  67  5  44  6  38  7  25  8  31  9  9  10  93  11  93  12  11  13  13  14  80
  0  26  1  77  2  94  3  81  4  12  5  11  6  80  7  24  8  43  9  30  10  43  11  69  12  36  13  55  14  49
  0  13  1  12  2  41  3  26  4  43  5  32  6  28  7  38  8  12  9  48  10  90  11  69  12  22  13  99  14  99
  0  24  1  45  2  62  3  10  4  7  5  9  6  59  7  46  8  50  9  23  10  62  11  50  12  85  13  37  14  44
  0  6  1  87  2  45  3  79  4  69  5  32  6  82  7  92  8  55  9  49  10  79  11  90  12  60  13  66  14  66
  0  53  1  31  2  64  3  38  4  47  5  3  6  88  7  39  8  94  9  70  10  9  11  17  12  16  13  54  14  1
  0  42  1  20  2  92  3  90  4  26  5  20  6  63  7  4  8  50  9  88  10  5  11  91  12  4  13  90  14  20
  0  38  1  99  2  45  3  43  4  64  5  2  6  21  7  37  8  86  9  92  10  51  11  40  12  89  13  62  14  31
  0  63  1  32  2  90  3  29  4  33  5  84  6  70  7  33  8  20  9  70  10  77  11  6  12  90  13  69  14  87
  0  12  1  81  2  83  3  11  4  67  5  83  6  94  7  69  8  97  9  77  10  60  11  59  12  16  13  74  14  16
  0  63  1  60  2  30  3  86  4  9  5  40  6  52  7  32  8  85  9  99  10  22  11  74  12  63  13  80  14  83
  0  75  1  83  2  47  3  91  4  68  5  13  6  12  7  6  8  64  9  73  10  69  11  72  12  86  13  97  14  26
  0  48  1  1  2  68  3  83  4  43  5  36  6  43  7  21  8  83  9  37  10  75  11  72  12  31  13  72  14  77
  0  1  1  12  2  91  3  86  4  14  5  28  6  21  7  36  8  75  9  72  10  19  11  40  12  6  13  50  14  52
  0  39  1  70  2  93  3  44  4  71  5  8  6  22  7  18  8  59  9  44  10  68  11  42  12  39  13  85  14  95
  0  34  1  61  2  8  3  61  4  87  5  39  6  57  7  2  8  34  9  32  10  53  11  52  12  47  13  90  14  50
  0  25  1  60  2  84  3  89  4  1  5  36  6  11  7  66  8  18  9  30  10  45  11  79  12  54  13  29  14  70
  0  46  1  45  2  45  3  26  4  90  5  78  6  25  7  28  8  48  9  57  10  64  11  74  12  44  13  24  14  75
  0  41  1  26  2  91  3  27  4  4  5  75  6  19  7  58  8  71  9  18  10  17  11  37  12  7  13  3  14  98
  0  17  1  59  2  40  3  91  4  5  5  51  6  93  7  65  8  51  9  83  10  85  11  70  12  34  13  54  14  47
  0  72  1  66  2  5  3  31  4  31  5  83  6  39  7  73  8  53  9  76  10  83  11  49  12  36  13  68  14  73
  0  88  1  66  2  65  3  90  4  28  5  29  6  24  7  89  8  12  9  80  10  5  11  85  12  92  13  50  14  27
  0  84  1  63  2  91  3  26  4  87  5  39  6  2  7  75  8  1  9  76  10  69  11  50  12  21  13  72  14  29
  0  15  1  91  2  15  3  28  4  74  5  43  6  48  7  36  8  30  9  62  10  90  11  42  12  13  13  55  14  20
  0  40  1  93  2  98  3  95  4  82  5  95  6  94  7  3  8  50  9  60  10  72  11  33  12  87  13  25  14  5
  0  28  1  76  2  32  3  30  4  58  5  65  6  79  7  93  8  15  9  73  10  65  11  61  12  27  13  27  14  91
  0  60  1  46  2  16  3  45  4  49  5  48  6  54  7  59  8  22  9  49  10  4  11  12  12  5  13  40  14  88
  0  36  1  2  2  79  3  96  4  41  5  77  6  99  7  65  8  59  9  12  10  20  11  84  12  82  13  49  14  71
  0  68  1  45  2  16  3  75  4  83  5  60  6  11  7  28  8  22  9  37  10  64  11  83  12  70  13  17  14  22
  0  49  1  9  2  10  3  21  4  22  5  38  6  26  7  42  8  21  9  23  10  28  11  65  12  31  13  95  14  53
  0  58  1  24  2  57  3  69  4  78  5  38  6  85  7  80  8  77  9  40  10  12  11  89  12  9  13  85  14  43
  0  76  1  15  2  61  3  44  4  58  5  19  6  71  7  83  8  34  9  54  10  6  11  43  12  42  13  14  14  92
  0  16  1  58  2  91  3  37  4  43  5  46  6  53  7  90  8  93  9  10  10  62  11  95  12  56  13  15  14  41
  0  14  1  98  2  6  3  47  4  30  5  47  6  84  7  97  8  76  9  48  10  80  11  61  12  38  13  37  14  92
  0  15  1  25  2  37  3  96  4  22  5  15  6  33  7  49  8  89  9  18  10  16  11  19  12  1  13  5  14  93
  0  53  1  40  2  3  3  95  4  33  5  53  6  59  7  30  8  81  9  5  10  7  11  78  12  39  13  35  14  5
  0  23  1  16  2  21  3  26  4  34  5  78  6  94  7  13  8  90  9  38  10  81  11  29  12  91  13  40  14  47
  0  78  1  74  2  81  3  80  4  63  5  73  6  4  7  36  8  5  9  59  10  29  11  32  12  61  13  56  14  50
  0  65  1  92  2  27  3  80  4  78  5  69  6  64  7  29  8  22  9  37  10  40  11  65  12  68  13  62  14  91
  0  71  1  78  2  31  3  53  4  15  5  31  6  81  7  57  8  72  9  69  10  75  11  63  12  98  13  17  14  66
  0  94  1  21  2  61  3  92  4  85  5  1  6  30  7  7  8  68  9  88  10  88  11  47  12  60  13  68  14  37
  0  80  1  21  2  75  3  88  4  78  5  92  6  11  7  58  8  21  9  53  10  13  11  98  12  31  13  26  14  47
  0  42  1  73  2  40  3  18  4  54  5  94  6  41  7  24  8  14  9  63  10  70  11  9  12  49  13  53  14  90
  0  78  1  16  2  73  3  17  4  76  5  92  6  37  7  65  8  62  9  23  10  24  11  51  12  9  13  38  14  80
  0  88  1  24  2  35  3  60  4  71  5  74  6  95  7  91  8  42  9  40  10  63  11  44  12  74  13  59  14  29
  0  16  1  27  2  11  3  82  4  58  5  51  6  65  7  29  8  24  9  51  10  5  11  80  12  7  13  24  14  61
  0  72  1  88  2  52  3  67  4  70  5  32  6  1  7  86  8  56  9  77  10  48  11  78  12  7  13  30  14  70
  0  20  1  22  2  50  3  23  4  73  5  57  6  77  7  27  8  95  9  53  10  60  11  36  12  9  13  81  14  62
  0  27  1  82  2  56  3  67  4  74  5  1  6  67  7  20  8  72  9  16  10  28  11  48  12  26  13  6  14  67
  0  76  1  29  2  86  3  94  4  19  5  89  6  61  7  8  8  2  9  79  10  84  11  41  12  68  13  15  14  87
  0  73  1  61  2  96  3  1  4  17  5  84  6  69  7  42  8  88  9  81  10  63  11  87  12  23  13  1  14  47
  0  28  1  66  2  18  3  6  4  69  5  82  6  40  7  97  8  59  9  43  10  26  11  77  12  14  13  91  14  69
  0  89  1  92  2  97  3  50  4  56  5  57  6  49  7  55  8  12  9  94  10  44  11  3  12  84  13  90  14  73
  0  34  1  95  2  89  3  16  4  62  5  38  6  92  7  91  8  81  9  73  10  43  11  23  12  74  13  23  14  30
  0  21  1  88  2  73  3  12  4  91  5  52  6  7  7  9  8  20  9  49  10  33  11  52  12  88  13  93  14  79
TPM
  0  1270  1  1270  2  1270  3  1270  4  1270  5  1270  6  1270  7  1270  8  1270  9  1270  10  1270  11  1270  12  1270  13  1270  14  1270
PMT
  0  76  1  31  2  49  3  58  4  77  5  28  6  98  7  45  8  92  9  97  10  61  11  3  12  73  13  48  14  95
  0  51  1  44  2  66  3  52  4  81  5  75  6  86  7  66  8  36  9  24  10  64  11  86  12  22  13  97  14  23
  0  91  1  23  2  64  3  69  4  47  5  35  6  13  7  6  8  89  9  30  10  22  11  49  12  52  13  28  14  4
  0  67  1  65  2  29  3  28  4  86  5  88  6  42  7  52  8  13  9  70  10  14  11  87  12  91  13  40  14  24
  0  1  1  90  2  62  3  24  4  33  5  82  6  32  7  28  8  59  9  50  10  73  11  79  12  46  13  61  14  76
  0  49  1  73  2  72  3  86  4  55  5  22  6  60  7  26  8  87  9  48  10  90  11  17  12  91  13  96  14  76
  0  31  1  45  2  24  3  83  4  95  5  25  6  30  7  82  8  8  9  52  10  19  11  57  12  67  13  60  14  46
  0  22  1  8  2  27  3  15  4  4  5  88  6  64  7  27  8  86  9  95  10  61  11  9  12  41  13  34  14  4
