50  15
  0  11  1  22  2  66  3  98  4  87  5  18  6  10  7  46  8  85  9  11  10  7  11  31  12  32  13  92  14  9
  0  59  1  16  2  14  3  82  4  96  5  57  6  2  7  33  8  67  9  81  10  73  11  6  12  10  13  98  14  30
  0  21  1  50  2  52  3  51  4  76  5  54  6  88  7  21  8  19  9  68  10  46  11  40  12  60  13  66  14  82
  0  23  1  2  2  49  3  75  4  84  5  92  6  77  7  71  8  40  9  20  10  32  11  72  12  12  13  24  14  16
  0  73  1  84  2  80  3  70  4  98  5  63  6  88  7  54  8  3  9  40  10  59  11  92  12  27  13  40  14  4
  0  27  1  26  2  35  3  42  4  8  5  16  6  39  7  8  8  94  9  97  10  10  11  2  12  84  13  61  14  20
  0  23  1  65  2  75  3  3  4  96  5  70  6  21  7  51  8  49  9  78  10  15  11  36  12  17  13  81  14  36
  0  84  1  94  2  36  3  54  4  12  5  44  6  35  7  20  8  23  9  32  10  96  11  69  12  7  13  55  14  46
  0  38  1  98  2  87  3  25  4  16  5  82  6  48  7  81  8  60  9  57  10  66  11  95  12  54  13  94  14  10
  0  64  1  1  2  50  3  97  4  50  5  50  6  17  7  3  8  42  9  38  10  29  11  24  12  21  13  62  14  57
  0  90  1  1  2  18  3  48  4  12  5  97  6  4  7  98  8  97  9  46  10  28  11  77  12  3  13  62  14  96
  0  28  1  88  2  33  3  68  4  13  5  84  6  69  7  95  8  85  9  93  10  58  11  92  12  3  13  2  14  94
  0  99  1  12  2  50  3  99  4  33  5  72  6  96  7  27  8  41  9  3  10  87  11  25  12  7  13  58  14  81
  0  25  1  62  2  75  3  38  4  43  5  9  6  52  7  35  8  32  9  65  10  35  11  79  12  22  13  74  14  43
  0  41  1  35  2  49  3  47  4  8  5  55  6  36  7  74  8  51  9  93  10  26  11  23  12  45  13  90  14  48
  0  98  1  81  2  21  3  16  4  4  5  73  6  16  7  9  8  47  9  38  10  13  11  29  12  55  13  3  14  89
  0  47  1  98  2  76  3  45  4  25  5  68  6  73  7  43  8  1  9  60  10  91  11  21  12  51  13  63  14  81
  0  31  1  75  2  48  3  40  4  73  5  69  6  4  7  44  8  34  9  78  10  79  11  87  12  29  13  54  14  14
  0  90  1  29  2  42  3  70  4  97  5  21  6  85  7  5  8  85  9  7  10  23  11  38  12  43  13  67  14  7
  0  5  1  88  2  45  3  80  4  8  5  53  6  96  7  78  8  94  9  33  10  46  11  46  12  32  13  89  14  34
  0  2  1  56  2  51  3  25  4  64  5  11  6  55  7  45  8  34  9  16  10  20  11  50  12  15  13  16  14  38
  0  34  1  76  2  6  3  41  4  49  5  27  6  32  7  72  8  93  9  45  10  23  11  54  12  66  13  62  14  91
  0  52  1  23  2  28  3  2  4  76  5  73  6  84  7  23  8  56  9  90  10  21  11  82  12  81  13  43  14  12
  0  5  1  16  2  57  3  38  4  98  5  99  6  72  7  48  8  25  9  11  10  55  11  16  12  60  13  56  14  69
  0  95  1  42  2  97  3  29  4  85  5  49  6  43  7  85  8  48  9  63  10  64  11  18  12  40  13  18  14  10
  0  19  1  69  2  17  3  25  4  15  5  68  6  96  7  3  8  58  9  48  10  42  11  35  12  64  13  83  14  5
  0  20  1  95  2  36  3  72  4  50  5  22  6  22  7  71  8  6  9  87  10  67  11  38  12  3  13  78  14  31
  0  57  1  77  2  75  3  61  4  66  5  21  6  25  7  36  8  85  9  76  10  64  11  99  12  91  13  73  14  88
  0  84  1  82  2  58  3  51  4  94  5  71  6  46  7  15  8  77  9  21  10  7  11  18  12  29  13  6  14  51
  0  11  1  79  2  63  3  88  4  74  5  84  6  67  7  67  8  42  9  7  10  29  11  26  12  60  13  49  14  34
  0  8  1  88  2  3  3  45  4  17  5  4  6  2  7  31  8  27  9  57  10  93  11  22  12  69  13  30  14  84
  0  77  1  49  2  44  3  16  4  28  5  80  6  41  7  54  8  37  9  36  10  60  11  41  12  67  13  42  14  34
  0  10  1  78  2  82  3  13  4  66  5  69  6  75  7  85  8  9  9  44  10  44  11  38  12  1  13  80  14  97
  0  92  1  61  2  15  3  91  4  95  5  16  6  67  7  25  8  66  9  7  10  93  11  6  12  14  13  93  14  19
  0  97  1  83  2  66  3  89  4  97  5  96  6  49  7  61  8  46  9  93  10  86  11  4  12  54  13  85  14  29
  0  76  1  82  2  85  3  54  4  30  5  33  6  72  7  1  8  24  9  24  10  2  11  98  12  57  13  64  14  75
  0  18  1  76  2  46  3  22  4  75  5  79  6  9  7  68  8  68  9  53  10  73  11  89  12  27  13  5  14  25
  0  67  1  1  2  66  3  94  4  5  5  27  6  88  7  84  8  70  9  36  10  68  11  14  12  67  13  7  14  50
  0  7  1  56  2  59  3  10  4  26  5  77  6  62  7  14  8  33  9  42  10  89  11  2  12  34  13  97  14  42
  0  47  1  29  2  89  3  37  4  82  5  89  6  60  7  17  8  7  9  16  10  73  11  36  12  95  13  63  14  43
  0  28  1  93  2  34  3  9  4  59  5  65  6  59  7  92  8  22  9  11  10  44  11  23  12  22  13  91  14  39
  0  7  1  64  2  27  3  49  4  96  5  51  6  37  7  3  8  76  9  29  10  53  11  54  12  57  13  54  14  29
  0  75  1  76  2  79  3  14  4  58  5  21  6  56  7  67  8  48  9  22  10  22  11  39  12  72  13  3  14  19
  0  35  1  32  2  70  3  45  4  47  5  72  6  74  7  53  8  15  9  54  10  89  11  40  12  46  13  84  14  83
  0  96  1  19  2  83  3  77  4  99  5  36  6  96  7  23  8  80  9  16  10  79  11  36  12  97  13  18  14  7
  0  66  1  82  2  68  3  87  4  6  5  59  6  7  7  98  8  46  9  49  10  79  11  49  12  53  13  97  14  57
  0  50  1  5  2  8  3  40  4  55  5  20  6  45  7  88  8  76  9  83  10  62  11  85  12  24  13  18  14  57
  0  21  1  94  2  83  3  56  4  56  5  16  6  92  7  98  8  12  9  31  10  74  11  37  12  70  13  71  14  32
  0  19  1  10  2  52  3  61  4  83  5  95  6  89  7  41  8  96  9  1  10  31  11  8  12  23  13  30  14  32
  0  66  1  76  2  69  3  40  4  16  5  33  6  89  7  56  8  77  9  76  10  66  11  82  12  60  13  15  14  5
TPM
  0  813  1  813  2  813  3  813  4  813  5  813  6  813  7  813  8  813  9  813  10  813  11  813  12  813  13  813  14  813
PMT
  0  44  1  4  2  44  3  38  4  24  5  42  6  30  7  8  8  11  9  22  10  26  11  2  12  1  13  22  14  40
  0  39  1  19  2  46  3  2  4  20  5  3  6  7  7  23  8  43  9  42  10  34  11  14  12  38  13  37  14  23
  0  36  1  37  2  27  3  35  4  34  5  42  6  27  7  46  8  11  9  26  10  8  11  48  12  14  13  14  14  19
  0  37  1  25  2  19  3  31  4  12  5  28  6  29  7  7  8  7  9  39  10  44  11  5  12  21  13  3  14  26
  0  18  1  5  2  49  3  24  4  2  5  16  6  41  7  6  8  23  9  47  10  48  11  45  12  35  13  13  14  33
  0  4  1  49  2  14  3  21  4  45  5  2  6  49  7  11  8  2  9  19  10  22  11  28  12  35  13  34  14  15
  0  42  1  1  2  2  3  34  4  35  5  36  6  24  7  7  8  16  9  42  10  27  11  43  12  30  13  21  14  9
