50  20
  0  40  1  65  2  76  3  24  4  23  5  23  6  76  7  12  8  3  9  9  10  99  11  53  12  9  13  59  14  73  15  75  16  77  17  49  18  22  19  22
  0  77  1  42  2  25  3  57  4  68  5  87  6  70  7  49  8  55  9  35  10  58  11  96  12  70  13  21  14  1  15  77  16  76  17  55  18  48  19  50
  0  81  1  81  2  6  3  16  4  26  5  27  6  43  7  24  8  41  9  37  10  6  11  99  12  27  13  78  14  71  15  2  16  96  17  44  18  24  19  53
  0  49  1  98  2  30  3  92  4  12  5  57  6  38  7  55  8  47  9  56  10  51  11  70  12  98  13  99  14  17  15  20  16  44  17  62  18  57  19  31
  0  76  1  83  2  33  3  69  4  26  5  3  6  90  7  53  8  77  9  92  10  64  11  28  12  86  13  18  14  24  15  56  16  65  17  13  18  72  19  12
  0  93  1  44  2  59  3  82  4  97  5  29  6  58  7  32  8  83  9  4  10  3  11  66  12  16  13  71  14  9  15  97  16  94  17  64  18  16  19  22
  0  62  1  20  2  16  3  29  4  32  5  38  6  62  7  33  8  39  9  65  10  81  11  77  12  53  13  49  14  20  15  52  16  85  17  27  18  2  19  46
  0  97  1  57  2  84  3  98  4  93  5  23  6  34  7  29  8  40  9  28  10  54  11  72  12  58  13  3  14  46  15  39  16  78  17  69  18  85  19  67
  0  49  1  34  2  38  3  57  4  47  5  19  6  45  7  91  8  22  9  39  10  62  11  81  12  73  13  89  14  31  15  99  16  56  17  99  18  7  19  82
  0  50  1  71  2  80  3  21  4  31  5  7  6  69  7  64  8  53  9  88  10  57  11  7  12  19  13  72  14  14  15  36  16  80  17  12  18  24  19  69
  0  27  1  1  2  4  3  84  4  28  5  33  6  88  7  42  8  56  9  3  10  17  11  55  12  94  13  85  14  40  15  35  16  3  17  84  18  45  19  41
  0  17  1  33  2  58  3  99  4  79  5  78  6  71  7  74  8  40  9  2  10  11  11  2  12  77  13  35  14  32  15  28  16  15  17  82  18  25  19  2
  0  54  1  72  2  53  3  21  4  28  5  76  6  51  7  32  8  56  9  81  10  78  11  29  12  63  13  7  14  92  15  96  16  71  17  85  18  71  19  8
  0  96  1  77  2  32  3  60  4  9  5  56  6  98  7  11  8  18  9  99  10  28  11  53  12  17  13  88  14  96  15  28  16  86  17  64  18  97  19  83
  0  30  1  30  2  20  3  17  4  18  5  75  6  81  7  50  8  41  9  67  10  69  11  49  12  3  13  39  14  84  15  63  16  14  17  64  18  3  19  59
  0  54  1  8  2  5  3  75  4  22  5  67  6  26  7  4  8  89  9  82  10  39  11  11  12  20  13  51  14  63  15  18  16  39  17  71  18  69  19  14
  0  43  1  36  2  15  3  87  4  93  5  3  6  36  7  85  8  43  9  53  10  86  11  27  12  74  13  94  14  85  15  46  16  53  17  66  18  14  19  51
  0  39  1  78  2  1  3  87  4  82  5  54  6  50  7  73  8  19  9  90  10  20  11  41  12  41  13  43  14  53  15  91  16  88  17  99  18  24  19  51
  0  7  1  1  2  39  3  90  4  60  5  13  6  17  7  48  8  3  9  83  10  29  11  49  12  20  13  16  14  80  15  38  16  28  17  41  18  67  19  51
  0  81  1  90  2  15  3  90  4  7  5  80  6  26  7  2  8  87  9  73  10  54  11  35  12  68  13  76  14  93  15  58  16  29  17  78  18  68  19  63
  0  68  1  51  2  35  3  55  4  99  5  68  6  47  7  40  8  28  9  99  10  44  11  44  12  83  13  95  14  61  15  20  16  16  17  76  18  70  19  38
  0  76  1  82  2  6  3  64  4  54  5  40  6  29  7  60  8  29  9  72  10  30  11  74  12  59  13  46  14  90  15  99  16  29  17  28  18  38  19  21
  0  11  1  8  2  59  3  73  4  17  5  92  6  81  7  88  8  57  9  2  10  17  11  96  12  21  13  97  14  28  15  19  16  45  17  37  18  68  19  57
  0  40  1  38  2  11  3  68  4  88  5  80  6  51  7  93  8  42  9  98  10  61  11  60  12  61  13  32  14  33  15  86  16  2  17  33  18  21  19  57
  0  23  1  62  2  93  3  50  4  71  5  6  6  38  7  29  8  81  9  6  10  83  11  33  12  78  13  85  14  41  15  31  16  81  17  8  18  65  19  22
  0  53  1  98  2  95  3  89  4  24  5  28  6  33  7  56  8  94  9  33  10  45  11  89  12  16  13  6  14  22  15  47  16  60  17  8  18  25  19  76
  0  61  1  69  2  88  3  99  4  89  5  86  6  70  7  52  8  68  9  18  10  77  11  46  12  63  13  59  14  90  15  90  16  99  17  42  18  72  19  83
  0  84  1  72  2  38  3  50  4  46  5  19  6  20  7  13  8  3  9  17  10  49  11  94  12  39  13  45  14  42  15  96  16  54  17  77  18  70  19  22
  0  86  1  42  2  29  3  7  4  53  5  28  6  66  7  99  8  48  9  8  10  9  11  93  12  92  13  92  14  8  15  5  16  30  17  25  18  99  19  50
  0  96  1  62  2  39  3  68  4  28  5  34  6  52  7  87  8  84  9  58  10  31  11  31  12  84  13  50  14  56  15  19  16  87  17  64  18  11  19  2
  0  86  1  47  2  44  3  42  4  73  5  5  6  77  7  21  8  94  9  90  10  70  11  37  12  23  13  86  14  93  15  35  16  99  17  31  18  67  19  65
  0  27  1  95  2  63  3  74  4  14  5  51  6  87  7  73  8  13  9  43  10  85  11  33  12  89  13  73  14  29  15  7  16  12  17  77  18  95  19  67
  0  71  1  17  2  36  3  30  4  46  5  46  6  85  7  82  8  83  9  16  10  85  11  48  12  58  13  17  14  98  15  45  16  39  17  92  18  51  19  40
  0  61  1  53  2  19  3  85  4  89  5  88  6  56  7  95  8  29  9  48  10  28  11  15  12  2  13  47  14  94  15  59  16  13  17  11  18  53  19  51
  0  64  1  60  2  46  3  79  4  90  5  16  6  90  7  41  8  28  9  60  10  68  11  63  12  44  13  97  14  14  15  96  16  78  17  80  18  64  19  41
  0  77  1  17  2  62  3  37  4  35  5  62  6  40  7  35  8  52  9  66  10  8  11  32  12  87  13  24  14  38  15  31  16  67  17  48  18  10  19  60
  0  60  1  81  2  55  3  64  4  58  5  92  6  40  7  60  8  4  9  31  10  38  11  2  12  42  13  46  14  5  15  6  16  27  17  83  18  62  19  40
  0  76  1  12  2  32  3  68  4  56  5  56  6  92  7  1  8  64  9  35  10  48  11  2  12  20  13  20  14  25  15  42  16  82  17  68  18  39  19  21
  0  71  1  8  2  8  3  65  4  41  5  66  6  83  7  97  8  43  9  69  10  46  11  37  12  80  13  58  14  74  15  54  16  30  17  94  18  86  19  14
  0  93  1  63  2  20  3  66  4  1  5  80  6  83  7  71  8  77  9  70  10  22  11  72  12  45  13  67  14  47  15  43  16  26  17  67  18  46  19  89
  0  55  1  19  2  71  3  64  4  43  5  33  6  59  7  36  8  26  9  66  10  43  11  20  12  94  13  79  14  56  15  57  16  4  17  7  18  35  19  4
  0  87  1  57  2  71  3  61  4  48  5  58  6  78  7  75  8  78  9  7  10  61  11  59  12  42  13  69  14  14  15  36  16  24  17  77  18  76  19  11
  0  21  1  86  2  30  3  97  4  45  5  99  6  13  7  78  8  37  9  78  10  77  11  66  12  40  13  2  14  39  15  87  16  58  17  14  18  65  19  28
  0  18  1  3  2  17  3  87  4  92  5  97  6  44  7  44  8  66  9  47  10  90  11  29  12  48  13  62  14  61  15  51  16  50  17  97  18  61  19  37
  0  20  1  20  2  4  3  64  4  44  5  91  6  47  7  99  8  15  9  60  10  21  11  92  12  91  13  42  14  23  15  55  16  3  17  19  18  29  19  55
  0  96  1  11  2  32  3  89  4  97  5  86  6  94  7  10  8  53  9  18  10  95  11  39  12  74  13  88  14  2  15  78  16  94  17  27  18  89  19  1
  0  12  1  12  2  99  3  87  4  82  5  72  6  7  7  47  8  75  9  88  10  29  11  15  12  25  13  50  14  6  15  46  16  21  17  43  18  35  19  32
  0  27  1  63  2  32  3  93  4  33  5  85  6  57  7  65  8  65  9  23  10  28  11  43  12  3  13  69  14  4  15  60  16  6  17  5  18  19  19  46
  0  23  1  1  2  99  3  43  4  43  5  64  6  83  7  3  8  23  9  4  10  30  11  1  12  76  13  6  14  4  15  12  16  38  17  48  18  49  19  61
  0  14  1  10  2  97  3  31  4  98  5  26  6  79  7  81  8  8  9  17  10  30  11  39  12  62  13  86  14  95  15  37  16  25  17  62  18  10  19  15
TPM
  0  1039  1  1039  2  1039  3  1039  4  1039  5  1039  6  1039  7  1039  8  1039  9  1039  10  1039  11  1039  12  1039  13  1039  14  1039  15  1039  16  1039  17  1039  18  1039  19  1039
PMT
  0  87  1  38  2  95  3  33  4  54  5  95  6  82  7  8  8  44  9  69  10  63  11  94  12  104  13  38  14  124  15  26  16  84  17  79  18  26  19  62
  0  89  1  61  2  35  3  19  4  27  5  26  6  78  7  89  8  35  9  89  10  123  11  110  12  103  13  91  14  15  15  58  16  121  17  92  18  117  19  110
  0  101  1  27  2  42  3  120  4  120  5  52  6  14  7  26  8  45  9  62  10  79  11  113  12  11  13  7  14  31  15  77  16  45  17  15  18  54  19  120
  0  117  1  38  2  42  3  103  4  55  5  89  6  29  7  31  8  55  9  74  10  103  11  94  12  50  13  5  14  77  15  107  16  76  17  18  18  92  19  112
  0  111  1  57  2  114  3  70  4  82  5  69  6  63  7  89  8  59  9  14  10  94  11  50  12  56  13  115  14  86  15  10  16  112  17  68  18  51  19  63
