500  10
  0  23  1  89  2  35  3  63  4  87  5  27  6  44  7  60  8  73  9  93
  0  87  1  91  2  30  3  83  4  38  5  83  6  29  7  5  8  32  9  35
  0  50  1  52  2  73  3  4  4  22  5  81  6  81  7  72  8  95  9  82
  0  32  1  18  2  87  3  73  4  89  5  95  6  30  7  52  8  29  9  5
  0  3  1  71  2  91  3  5  4  63  5  35  6  33  7  1  8  64  9  32
  0  46  1  16  2  43  3  43  4  81  5  9  6  32  7  93  8  81  9  19
  0  97  1  51  2  13  3  38  4  31  5  62  6  58  7  51  8  38  9  4
  0  2  1  75  2  3  3  84  4  26  5  14  6  17  7  7  8  94  9  87
  0  15  1  5  2  94  3  12  4  40  5  92  6  60  7  51  8  33  9  97
  0  8  1  30  2  38  3  71  4  42  5  24  6  39  7  84  8  26  9  36
  0  92  1  65  2  17  3  34  4  13  5  31  6  12  7  16  8  19  9  19
  0  59  1  12  2  66  3  25  4  24  5  49  6  4  7  94  8  16  9  45
  0  38  1  38  2  18  3  96  4  2  5  49  6  80  7  72  8  41  9  66
  0  52  1  41  2  86  3  89  4  79  5  97  6  64  7  52  8  96  9  43
  0  58  1  10  2  64  3  51  4  38  5  88  6  59  7  33  8  8  9  13
  0  5  1  63  2  46  3  3  4  1  5  40  6  35  7  10  8  91  9  88
  0  3  1  26  2  74  3  42  4  27  5  2  6  50  7  44  8  79  9  36
  0  58  1  57  2  91  3  41  4  51  5  89  6  93  7  88  8  99  9  56
  0  43  1  82  2  36  3  37  4  47  5  29  6  68  7  15  8  50  9  98
  0  41  1  88  2  29  3  79  4  7  5  95  6  36  7  94  8  35  9  7
  0  64  1  15  2  95  3  55  4  36  5  93  6  59  7  21  8  31  9  14
  0  24  1  89  2  12  3  7  4  69  5  53  6  20  7  96  8  61  9  9
  0  23  1  80  2  95  3  91  4  65  5  38  6  39  7  40  8  48  9  34
  0  97  1  78  2  19  3  68  4  39  5  66  6  74  7  68  8  31  9  43
  0  89  1  48  2  85  3  91  4  33  5  61  6  17  7  58  8  31  9  32
  0  47  1  43  2  92  3  43  4  24  5  27  6  94  7  7  8  39  9  98
  0  13  1  55  2  49  3  9  4  30  5  18  6  42  7  51  8  54  9  85
  0  11  1  67  2  49  3  68  4  14  5  98  6  36  7  90  8  42  9  56
  0  39  1  5  2  17  3  69  4  62  5  91  6  95  7  33  8  41  9  87
  0  51  1  76  2  94  3  63  4  54  5  6  6  74  7  34  8  87  9  7
  0  85  1  88  2  45  3  8  4  25  5  48  6  16  7  34  8  68  9  11
  0  58  1  9  2  88  3  33  4  91  5  74  6  2  7  54  8  81  9  54
  0  65  1  76  2  93  3  61  4  70  5  33  6  28  7  34  8  16  9  30
  0  82  1  58  2  44  3  38  4  79  5  87  6  75  7  59  8  75  9  2
  0  88  1  8  2  34  3  35  4  15  5  77  6  18  7  78  8  42  9  77
  0  56  1  42  2  67  3  65  4  63  5  24  6  32  7  11  8  38  9  18
  0  10  1  65  2  61  3  66  4  67  5  17  6  65  7  40  8  93  9  63
  0  53  1  88  2  71  3  37  4  86  5  13  6  41  7  45  8  68  9  31
  0  78  1  28  2  92  3  59  4  89  5  41  6  34  7  19  8  85  9  14
  0  3  1  39  2  1  3  45  4  85  5  26  6  60  7  27  8  50  9  4
  0  17  1  22  2  83  3  65  4  4  5  25  6  84  7  76  8  80  9  89
  0  42  1  18  2  71  3  93  4  68  5  71  6  9  7  86  8  56  9  81
  0  50  1  27  2  92  3  35  4  19  5  19  6  43  7  60  8  87  9  91
  0  88  1  25  2  16  3  88  4  81  5  84  6  86  7  69  8  49  9  20
  0  36  1  7  2  65  3  56  4  45  5  83  6  59  7  57  8  44  9  78
  0  55  1  31  2  59  3  9  4  29  5  4  6  86  7  81  8  47  9  30
  0  82  1  54  2  32  3  60  4  5  5  16  6  36  7  81  8  38  9  36
  0  54  1  93  2  98  3  41  4  89  5  96  6  88  7  26  8  47  9  98
  0  52  1  91  2  35  3  70  4  62  5  85  6  86  7  99  8  16  9  74
  0  40  1  27  2  40  3  78  4  36  5  72  6  34  7  48  8  13  9  75
  0  86  1  62  2  23  3  5  4  47  5  80  6  95  7  21  8  52  9  68
  0  11  1  88  2  30  3  93  4  73  5  84  6  21  7  54  8  88  9  35
  0  5  1  84  2  88  3  73  4  19  5  47  6  58  7  31  8  96  9  27
  0  55  1  67  2  76  3  56  4  31  5  22  6  51  7  58  8  87  9  45
  0  54  1  80  2  33  3  26  4  12  5  48  6  28  7  41  8  11  9  84
  0  13  1  79  2  43  3  41  4  85  5  28  6  42  7  65  8  55  9  15
  0  20  1  87  2  82  3  41  4  66  5  96  6  7  7  67  8  70  9  54
  0  98  1  19  2  73  3  51  4  98  5  18  6  72  7  15  8  30  9  89
  0  22  1  12  2  87  3  62  4  8  5  22  6  53  7  81  8  96  9  57
  0  88  1  10  2  74  3  63  4  90  5  63  6  28  7  30  8  28  9  24
  0  51  1  91  2  86  3  22  4  55  5  90  6  92  7  80  8  25  9  47
  0  89  1  64  2  58  3  47  4  91  5  68  6  66  7  49  8  38  9  54
  0  35  1  67  2  18  3  11  4  66  5  79  6  52  7  84  8  47  9  76
  0  26  1  31  2  30  3  40  4  38  5  69  6  8  7  29  8  3  9  37
  0  22  1  94  2  92  3  80  4  38  5  68  6  56  7  42  8  74  9  89
  0  13  1  4  2  73  3  61  4  8  5  20  6  44  7  60  8  15  9  37
  0  25  1  25  2  81  3  87  4  32  5  16  6  64  7  9  8  4  9  16
  0  16  1  17  2  55  3  3  4  1  5  38  6  94  7  23  8  65  9  84
  0  77  1  55  2  78  3  19  4  89  5  25  6  21  7  46  8  93  9  22
  0  7  1  36  2  75  3  33  4  30  5  46  6  72  7  76  8  5  9  20
  0  79  1  22  2  24  3  59  4  55  5  12  6  53  7  19  8  74  9  33
  0  52  1  54  2  9  3  4  4  61  5  19  6  28  7  62  8  25  9  7
  0  39  1  77  2  27  3  80  4  26  5  32  6  55  7  23  8  54  9  30
  0  22  1  14  2  36  3  38  4  18  5  10  6  90  7  56  8  66  9  86
  0  36  1  86  2  4  3  70  4  92  5  40  6  15  7  59  8  96  9  1
  0  85  1  28  2  45  3  35  4  57  5  49  6  21  7  20  8  94  9  87
  0  70  1  27  2  10  3  37  4  38  5  75  6  91  7  25  8  71  9  69
  0  30  1  89  2  55  3  43  4  55  5  7  6  40  7  12  8  19  9  26
  0  67  1  85  2  73  3  42  4  16  5  99  6  50  7  9  8  16  9  69
  0  36  1  69  2  3  3  62  4  85  5  68  6  14  7  66  8  39  9  64
  0  45  1  75  2  14  3  57  4  21  5  35  6  98  7  95  8  53  9  12
  0  80  1  40  2  74  3  84  4  59  5  90  6  91  7  68  8  39  9  5
  0  80  1  19  2  19  3  54  4  22  5  77  6  94  7  18  8  56  9  60
  0  58  1  99  2  97  3  95  4  63  5  4  6  35  7  60  8  73  9  28
  0  21  1  79  2  33  3  52  4  20  5  83  6  14  7  22  8  55  9  36
  0  32  1  65  2  1  3  79  4  35  5  86  6  87  7  60  8  8  9  30
  0  24  1  32  2  46  3  8  4  55  5  49  6  99  7  24  8  15  9  92
  0  70  1  52  2  25  3  1  4  34  5  49  6  66  7  90  8  13  9  93
  0  27  1  92  2  15  3  5  4  75  5  33  6  28  7  69  8  49  9  42
  0  22  1  81  2  35  3  72  4  3  5  74  6  83  7  45  8  21  9  95
  0  90  1  70  2  35  3  74  4  32  5  4  6  70  7  48  8  43  9  34
  0  30  1  68  2  65  3  22  4  47  5  16  6  17  7  30  8  91  9  63
  0  44  1  1  2  62  3  81  4  76  5  94  6  29  7  91  8  85  9  93
  0  2  1  82  2  7  3  8  4  62  5  59  6  99  7  63  8  56  9  1
  0  40  1  59  2  43  3  20  4  70  5  6  6  68  7  78  8  51  9  92
  0  72  1  84  2  99  3  58  4  80  5  72  6  97  7  32  8  27  9  62
  0  5  1  96  2  94  3  27  4  23  5  85  6  98  7  28  8  75  9  2
  0  30  1  89  2  16  3  37  4  31  5  28  6  78  7  17  8  92  9  53
  0  20  1  14  2  67  3  11  4  32  5  83  6  53  7  30  8  10  9  37
  0  2  1  94  2  24  3  51  4  27  5  57  6  12  7  55  8  43  9  60
  0  93  1  82  2  56  3  32  4  88  5  54  6  73  7  79  8  66  9  29
  0  12  1  82  2  78  3  54  4  26  5  74  6  46  7  88  8  85  9  61
  0  92  1  84  2  59  3  5  4  63  5  51  6  3  7  82  8  60  9  40
  0  44  1  92  2  80  3  18  4  29  5  78  6  43  7  20  8  51  9  70
  0  50  1  6  2  92  3  92  4  95  5  47  6  49  7  66  8  36  9  33
  0  7  1  8  2  85  3  67  4  7  5  19  6  83  7  85  8  3  9  95
  0  70  1  33  2  6  3  22  4  48  5  63  6  66  7  9  8  29  9  64
  0  49  1  5  2  84  3  10  4  79  5  93  6  54  7  96  8  88  9  36
  0  85  1  21  2  74  3  42  4  94  5  1  6  53  7  67  8  83  9  39
  0  85  1  72  2  55  3  96  4  78  5  1  6  1  7  22  8  14  9  40
  0  57  1  36  2  50  3  93  4  63  5  97  6  94  7  76  8  52  9  73
  0  50  1  91  2  67  3  2  4  73  5  71  6  89  7  19  8  10  9  91
  0  2  1  89  2  85  3  71  4  45  5  65  6  69  7  39  8  29  9  38
  0  44  1  18  2  5  3  5  4  42  5  56  6  19  7  21  8  34  9  17
  0  99  1  24  2  86  3  96  4  42  5  68  6  13  7  35  8  3  9  76
  0  86  1  39  2  17  3  13  4  12  5  33  6  84  7  41  8  33  9  7
  0  16  1  7  2  55  3  25  4  12  5  61  6  12  7  19  8  24  9  27
  0  72  1  72  2  22  3  60  4  7  5  73  6  60  7  63  8  30  9  5
  0  33  1  49  2  99  3  66  4  43  5  78  6  53  7  82  8  29  9  99
  0  77  1  30  2  29  3  63  4  72  5  74  6  83  7  15  8  49  9  17
  0  89  1  59  2  60  3  81  4  59  5  67  6  69  7  4  8  61  9  69
  0  87  1  85  2  42  3  32  4  63  5  36  6  38  7  52  8  72  9  25
  0  50  1  84  2  62  3  92  4  28  5  92  6  47  7  11  8  88  9  96
  0  45  1  91  2  65  3  54  4  25  5  70  6  64  7  99  8  82  9  25
  0  74  1  18  2  77  3  14  4  54  5  41  6  93  7  20  8  95  9  93
  0  11  1  50  2  34  3  11  4  98  5  37  6  62  7  21  8  58  9  15
  0  59  1  58  2  92  3  94  4  41  5  46  6  70  7  42  8  5  9  82
  0  11  1  33  2  17  3  85  4  15  5  62  6  60  7  13  8  9  9  97
  0  49  1  59  2  85  3  32  4  79  5  63  6  48  7  62  8  68  9  23
  0  11  1  98  2  91  3  70  4  84  5  84  6  44  7  64  8  75  9  87
  0  62  1  10  2  65  3  82  4  95  5  91  6  43  7  32  8  13  9  4
  0  30  1  56  2  71  3  99  4  88  5  25  6  1  7  97  8  27  9  28
  0  72  1  16  2  35  3  5  4  48  5  24  6  19  7  26  8  42  9  30
  0  97  1  77  2  32  3  48  4  11  5  84  6  7  7  5  8  32  9  60
  0  31  1  90  2  78  3  89  4  74  5  62  6  91  7  66  8  25  9  39
  0  98  1  49  2  89  3  66  4  90  5  13  6  52  7  33  8  90  9  92
  0  41  1  65  2  71  3  66  4  25  5  32  6  65  7  8  8  34  9  34
  0  78  1  16  2  96  3  70  4  76  5  1  6  9  7  88  8  41  9  77
  0  94  1  83  2  80  3  97  4  24  5  81  6  61  7  32  8  93  9  28
  0  99  1  67  2  86  3  83  4  5  5  91  6  62  7  69  8  95  9  80
  0  52  1  39  2  4  3  99  4  55  5  59  6  50  7  2  8  65  9  16
  0  59  1  62  2  64  3  97  4  42  5  7  6  69  7  18  8  58  9  5
  0  25  1  62  2  46  3  39  4  64  5  93  6  86  7  72  8  84  9  35
  0  22  1  87  2  24  3  22  4  59  5  47  6  18  7  97  8  23  9  9
  0  72  1  76  2  47  3  7  4  5  5  18  6  4  7  64  8  9  9  73
  0  19  1  9  2  64  3  9  4  31  5  4  6  95  7  2  8  77  9  14
  0  42  1  76  2  15  3  72  4  2  5  29  6  19  7  26  8  56  9  41
  0  25  1  49  2  97  3  97  4  80  5  80  6  98  7  50  8  36  9  17
  0  13  1  95  2  7  3  52  4  91  5  60  6  60  7  68  8  45  9  8
  0  19  1  98  2  2  3  10  4  96  5  35  6  26  7  53  8  86  9  35
  0  12  1  69  2  85  3  56  4  49  5  4  6  12  7  35  8  45  9  72
  0  64  1  69  2  43  3  73  4  15  5  76  6  52  7  30  8  37  9  44
  0  13  1  8  2  27  3  97  4  42  5  24  6  42  7  34  8  28  9  35
  0  91  1  8  2  83  3  80  4  33  5  71  6  72  7  12  8  71  9  7
  0  56  1  33  2  62  3  84  4  49  5  44  6  58  7  55  8  55  9  53
  0  68  1  52  2  40  3  92  4  92  5  61  6  57  7  75  8  77  9  86
  0  25  1  55  2  88  3  10  4  40  5  94  6  3  7  45  8  52  9  36
  0  65  1  12  2  57  3  48  4  56  5  82  6  68  7  88  8  82  9  95
  0  75  1  82  2  62  3  22  4  8  5  49  6  87  7  24  8  57  9  92
  0  78  1  65  2  28  3  45  4  60  5  40  6  11  7  49  8  27  9  35
  0  14  1  85  2  75  3  51  4  88  5  8  6  25  7  42  8  31  9  33
  0  57  1  39  2  48  3  93  4  29  5  88  6  33  7  58  8  56  9  3
  0  62  1  73  2  75  3  4  4  32  5  77  6  16  7  30  8  89  9  5
  0  42  1  6  2  20  3  64  4  61  5  9  6  5  7  68  8  98  9  97
  0  51  1  49  2  80  3  57  4  76  5  79  6  79  7  96  8  74  9  97
  0  21  1  95  2  10  3  86  4  49  5  90  6  24  7  73  8  89  9  44
  0  37  1  41  2  84  3  29  4  74  5  72  6  58  7  50  8  74  9  59
  0  57  1  43  2  37  3  54  4  74  5  56  6  26  7  57  8  26  9  97
  0  28  1  39  2  81  3  87  4  49  5  71  6  30  7  74  8  80  9  95
  0  44  1  77  2  73  3  59  4  92  5  87  6  17  7  5  8  79  9  24
  0  78  1  80  2  35  3  31  4  83  5  13  6  89  7  74  8  25  9  61
  0  84  1  51  2  32  3  51  4  13  5  43  6  45  7  36  8  3  9  59
  0  64  1  56  2  68  3  62  4  85  5  78  6  8  7  69  8  28  9  52
  0  13  1  63  2  14  3  1  4  15  5  70  6  72  7  30  8  4  9  82
  0  67  1  47  2  70  3  25  4  60  5  95  6  68  7  10  8  75  9  62
  0  2  1  10  2  31  3  9  4  76  5  60  6  26  7  40  8  71  9  70
  0  29  1  99  2  24  3  80  4  90  5  59  6  34  7  27  8  79  9  60
  0  19  1  84  2  11  3  90  4  1  5  95  6  26  7  31  8  75  9  19
  0  34  1  96  2  15  3  46  4  22  5  56  6  10  7  67  8  8  9  6
  0  27  1  95  2  76  3  27  4  56  5  75  6  35  7  66  8  78  9  28
  0  65  1  2  2  66  3  18  4  78  5  88  6  94  7  44  8  83  9  11
  0  39  1  84  2  26  3  62  4  79  5  47  6  68  7  44  8  38  9  10
  0  10  1  56  2  18  3  56  4  70  5  12  6  26  7  27  8  83  9  3
  0  88  1  54  2  81  3  98  4  2  5  51  6  55  7  58  8  73  9  62
  0  25  1  84  2  42  3  3  4  73  5  48  6  85  7  49  8  92  9  63
  0  54  1  51  2  75  3  94  4  92  5  73  6  46  7  26  8  30  9  98
  0  90  1  19  2  54  3  47  4  69  5  39  6  8  7  88  8  89  9  36
  0  59  1  49  2  81  3  95  4  42  5  54  6  9  7  16  8  74  9  48
  0  4  1  50  2  80  3  84  4  12  5  41  6  98  7  72  8  79  9  35
  0  39  1  35  2  21  3  36  4  18  5  6  6  57  7  59  8  93  9  65
  0  98  1  78  2  75  3  12  4  24  5  84  6  75  7  99  8  83  9  95
  0  39  1  95  2  1  3  87  4  64  5  36  6  89  7  39  8  84  9  91
  0  85  1  2  2  2  3  66  4  57  5  44  6  73  7  84  8  63  9  37
  0  96  1  47  2  57  3  63  4  47  5  63  6  61  7  84  8  52  9  85
  0  57  1  88  2  25  3  1  4  71  5  3  6  80  7  65  8  44  9  52
  0  3  1  72  2  19  3  83  4  42  5  4  6  92  7  7  8  65  9  99
  0  95  1  98  2  79  3  37  4  9  5  89  6  3  7  27  8  42  9  27
  0  60  1  38  2  10  3  68  4  27  5  33  6  92  7  69  8  30  9  65
  0  73  1  62  2  5  3  66  4  72  5  34  6  63  7  41  8  38  9  54
  0  91  1  21  2  51  3  14  4  30  5  69  6  60  7  74  8  69  9  32
  0  54  1  37  2  65  3  69  4  31  5  74  6  92  7  17  8  31  9  3
  0  39  1  60  2  41  3  72  4  46  5  33  6  77  7  99  8  41  9  55
  0  14  1  88  2  1  3  78  4  15  5  98  6  65  7  8  8  80  9  57
  0  77  1  17  2  24  3  35  4  9  5  73  6  25  7  21  8  22  9  36
  0  42  1  69  2  64  3  9  4  75  5  7  6  82  7  38  8  7  9  25
  0  31  1  7  2  59  3  83  4  91  5  60  6  61  7  14  8  28  9  54
  0  5  1  95  2  58  3  27  4  17  5  37  6  7  7  24  8  12  9  90
  0  65  1  33  2  69  3  75  4  83  5  2  6  67  7  10  8  70  9  57
  0  68  1  48  2  64  3  38  4  24  5  80  6  16  7  12  8  55  9  65
  0  85  1  40  2  30  3  70  4  46  5  16  6  39  7  55  8  55  9  82
  0  24  1  35  2  25  3  5  4  45  5  76  6  7  7  62  8  71  9  46
  0  69  1  71  2  14  3  4  4  49  5  75  6  73  7  93  8  77  9  35
  0  48  1  5  2  34  3  30  4  21  5  78  6  74  7  44  8  32  9  95
  0  25  1  90  2  9  3  78  4  55  5  11  6  94  7  70  8  65  9  47
  0  7  1  98  2  40  3  72  4  30  5  20  6  68  7  26  8  86  9  7
  0  31  1  92  2  83  3  30  4  96  5  22  6  2  7  42  8  80  9  82
  0  81  1  61  2  62  3  71  4  27  5  14  6  61  7  64  8  26  9  3
  0  21  1  45  2  58  3  73  4  44  5  57  6  44  7  23  8  82  9  80
  0  57  1  72  2  82  3  1  4  90  5  83  6  21  7  47  8  63  9  1
  0  2  1  6  2  7  3  47  4  91  5  34  6  55  7  7  8  1  9  38
  0  42  1  63  2  60  3  78  4  73  5  95  6  45  7  31  8  24  9  32
  0  30  1  15  2  93  3  15  4  88  5  38  6  90  7  51  8  81  9  68
  0  61  1  14  2  78  3  99  4  70  5  48  6  14  7  69  8  82  9  88
  0  80  1  62  2  31  3  86  4  96  5  2  6  62  7  11  8  10  9  10
  0  74  1  61  2  25  3  83  4  15  5  29  6  60  7  38  8  91  9  66
  0  81  1  81  2  14  3  63  4  50  5  57  6  71  7  50  8  6  9  49
  0  11  1  66  2  62  3  26  4  72  5  54  6  69  7  3  8  2  9  84
  0  3  1  12  2  40  3  24  4  56  5  28  6  58  7  79  8  58  9  92
  0  92  1  8  2  48  3  17  4  4  5  49  6  60  7  78  8  50  9  39
  0  22  1  29  2  58  3  15  4  57  5  74  6  33  7  91  8  47  9  2
  0  32  1  4  2  94  3  68  4  6  5  23  6  91  7  70  8  71  9  2
  0  94  1  52  2  80  3  98  4  37  5  34  6  77  7  92  8  53  9  70
  0  84  1  90  2  91  3  50  4  57  5  77  6  29  7  12  8  70  9  69
  0  21  1  53  2  55  3  73  4  53  5  17  6  91  7  62  8  75  9  15
  0  20  1  99  2  33  3  24  4  32  5  8  6  29  7  30  8  45  9  36
  0  73  1  51  2  91  3  80  4  22  5  32  6  53  7  70  8  91  9  1
  0  30  1  4  2  11  3  41  4  40  5  22  6  50  7  1  8  61  9  36
  0  27  1  51  2  80  3  50  4  90  5  73  6  12  7  49  8  32  9  32
  0  83  1  42  2  69  3  42  4  28  5  77  6  96  7  79  8  5  9  79
  0  13  1  59  2  47  3  57  4  64  5  86  6  19  7  95  8  60  9  72
  0  16  1  38  2  42  3  48  4  45  5  98  6  32  7  25  8  74  9  82
  0  81  1  98  2  30  3  90  4  89  5  76  6  88  7  46  8  74  9  80
  0  86  1  61  2  9  3  64  4  44  5  37  6  53  7  39  8  87  9  62
  0  56  1  94  2  93  3  53  4  95  5  60  6  19  7  61  8  78  9  59
  0  63  1  12  2  38  3  25  4  88  5  86  6  84  7  92  8  8  9  46
  0  93  1  4  2  85  3  42  4  50  5  52  6  36  7  94  8  77  9  85
  0  6  1  9  2  16  3  33  4  75  5  66  6  37  7  25  8  23  9  25
  0  98  1  15  2  11  3  87  4  89  5  35  6  26  7  52  8  6  9  39
  0  59  1  32  2  66  3  4  4  5  5  19  6  58  7  16  8  23  9  29
  0  62  1  41  2  96  3  44  4  16  5  66  6  78  7  54  8  91  9  59
  0  88  1  46  2  16  3  89  4  38  5  6  6  49  7  88  8  72  9  30
  0  8  1  69  2  56  3  55  4  82  5  15  6  59  7  57  8  5  9  6
  0  97  1  81  2  61  3  56  4  51  5  95  6  36  7  76  8  60  9  89
  0  63  1  67  2  66  3  52  4  2  5  37  6  57  7  7  8  59  9  77
  0  24  1  84  2  44  3  48  4  50  5  61  6  8  7  57  8  78  9  95
  0  15  1  30  2  39  3  42  4  52  5  15  6  19  7  14  8  56  9  55
  0  17  1  41  2  31  3  34  4  18  5  41  6  82  7  70  8  67  9  75
  0  86  1  26  2  40  3  97  4  72  5  44  6  31  7  89  8  85  9  30
  0  8  1  42  2  63  3  54  4  17  5  43  6  42  7  33  8  17  9  65
  0  59  1  4  2  82  3  72  4  51  5  26  6  18  7  79  8  34  9  59
  0  56  1  44  2  25  3  90  4  44  5  76  6  50  7  36  8  29  9  79
  0  34  1  19  2  5  3  73  4  78  5  5  6  89  7  64  8  62  9  58
  0  27  1  41  2  30  3  27  4  33  5  43  6  56  7  93  8  57  9  7
  0  85  1  31  2  3  3  89  4  94  5  62  6  23  7  43  8  38  9  12
  0  13  1  60  2  51  3  90  4  41  5  39  6  39  7  62  8  5  9  29
  0  71  1  71  2  90  3  51  4  53  5  43  6  80  7  7  8  55  9  71
  0  40  1  31  2  16  3  73  4  73  5  33  6  43  7  62  8  28  9  43
  0  96  1  63  2  90  3  59  4  8  5  93  6  4  7  57  8  74  9  66
  0  98  1  9  2  55  3  88  4  19  5  23  6  16  7  72  8  78  9  13
  0  35  1  74  2  85  3  30  4  55  5  30  6  25  7  42  8  44  9  48
  0  75  1  41  2  88  3  93  4  9  5  99  6  52  7  62  8  92  9  16
  0  68  1  15  2  95  3  16  4  26  5  55  6  83  7  10  8  8  9  47
  0  17  1  8  2  56  3  3  4  24  5  54  6  88  7  1  8  1  9  29
  0  96  1  7  2  45  3  23  4  79  5  13  6  54  7  98  8  13  9  11
  0  21  1  75  2  53  3  63  4  12  5  13  6  22  7  51  8  21  9  79
  0  18  1  6  2  29  3  30  4  58  5  37  6  4  7  22  8  49  9  45
  0  35  1  52  2  29  3  60  4  78  5  94  6  35  7  38  8  51  9  69
  0  88  1  38  2  19  3  65  4  14  5  25  6  50  7  4  8  8  9  90
  0  32  1  25  2  38  3  93  4  81  5  17  6  56  7  43  8  84  9  24
  0  23  1  81  2  53  3  14  4  94  5  61  6  85  7  82  8  22  9  94
  0  65  1  20  2  60  3  24  4  29  5  84  6  88  7  70  8  3  9  39
  0  74  1  18  2  81  3  56  4  61  5  67  6  84  7  97  8  43  9  66
  0  40  1  19  2  48  3  84  4  64  5  63  6  71  7  98  8  38  9  31
  0  10  1  15  2  97  3  53  4  82  5  34  6  7  7  4  8  63  9  29
  0  52  1  17  2  41  3  11  4  97  5  5  6  84  7  86  8  85  9  98
  0  86  1  39  2  60  3  38  4  12  5  85  6  72  7  94  8  67  9  90
  0  70  1  9  2  69  3  41  4  92  5  69  6  87  7  13  8  22  9  63
  0  80  1  86  2  69  3  76  4  53  5  80  6  74  7  23  8  2  9  22
  0  71  1  43  2  32  3  73  4  46  5  82  6  57  7  77  8  66  9  45
  0  16  1  90  2  82  3  2  4  72  5  21  6  29  7  61  8  82  9  91
  0  61  1  75  2  29  3  88  4  13  5  6  6  80  7  71  8  67  9  82
  0  13  1  51  2  68  3  46  4  2  5  65  6  16  7  22  8  74  9  7
  0  26  1  2  2  74  3  83  4  40  5  17  6  93  7  12  8  30  9  19
  0  53  1  81  2  23  3  19  4  54  5  37  6  33  7  36  8  21  9  60
  0  98  1  76  2  17  3  60  4  40  5  21  6  92  7  92  8  99  9  97
  0  8  1  80  2  19  3  91  4  31  5  86  6  69  7  82  8  8  9  77
  0  53  1  28  2  61  3  78  4  19  5  46  6  48  7  92  8  66  9  46
  0  99  1  57  2  52  3  17  4  14  5  41  6  92  7  73  8  80  9  18
  0  43  1  22  2  53  3  61  4  4  5  92  6  97  7  52  8  63  9  46
  0  92  1  90  2  97  3  67  4  45  5  59  6  75  7  78  8  59  9  72
  0  42  1  57  2  67  3  3  4  78  5  37  6  8  7  96  8  67  9  9
  0  17  1  85  2  3  3  76  4  57  5  73  6  26  7  23  8  15  9  62
  0  77  1  76  2  26  3  31  4  2  5  13  6  19  7  85  8  36  9  9
  0  83  1  51  2  74  3  39  4  2  5  73  6  89  7  90  8  3  9  35
  0  47  1  23  2  29  3  22  4  54  5  14  6  18  7  94  8  22  9  48
  0  46  1  36  2  33  3  61  4  87  5  86  6  40  7  35  8  73  9  99
  0  53  1  98  2  71  3  64  4  68  5  3  6  7  7  77  8  63  9  50
  0  5  1  72  2  52  3  11  4  21  5  37  6  83  7  55  8  85  9  63
  0  17  1  80  2  84  3  20  4  13  5  10  6  59  7  53  8  31  9  1
  0  77  1  30  2  96  3  81  4  22  5  3  6  20  7  8  8  13  9  54
  0  40  1  11  2  21  3  34  4  44  5  59  6  75  7  24  8  90  9  95
  0  61  1  73  2  24  3  75  4  50  5  98  6  67  7  51  8  24  9  33
  0  27  1  69  2  73  3  83  4  50  5  59  6  89  7  15  8  11  9  59
  0  77  1  77  2  27  3  85  4  60  5  52  6  21  7  54  8  48  9  57
  0  91  1  95  2  98  3  79  4  45  5  35  6  88  7  85  8  7  9  35
  0  68  1  39  2  23  3  1  4  84  5  52  6  10  7  6  8  76  9  8
  0  14  1  5  2  84  3  55  4  91  5  11  6  33  7  66  8  23  9  74
  0  74  1  96  2  16  3  90  4  3  5  92  6  73  7  7  8  69  9  29
  0  8  1  31  2  76  3  89  4  51  5  44  6  7  7  13  8  87  9  65
  0  39  1  47  2  90  3  40  4  44  5  25  6  68  7  41  8  51  9  25
  0  25  1  94  2  64  3  82  4  7  5  82  6  29  7  79  8  89  9  81
  0  94  1  9  2  13  3  29  4  36  5  12  6  84  7  48  8  15  9  21
  0  9  1  50  2  84  3  55  4  91  5  4  6  92  7  59  8  54  9  50
  0  29  1  84  2  45  3  83  4  6  5  39  6  21  7  47  8  85  9  68
  0  63  1  96  2  86  3  39  4  24  5  39  6  39  7  40  8  34  9  55
  0  59  1  18  2  12  3  46  4  70  5  12  6  56  7  82  8  94  9  63
  0  12  1  35  2  81  3  8  4  39  5  8  6  62  7  73  8  31  9  28
  0  31  1  43  2  54  3  37  4  98  5  66  6  12  7  92  8  73  9  17
  0  49  1  3  2  66  3  27  4  52  5  7  6  8  7  55  8  14  9  6
  0  39  1  74  2  66  3  11  4  26  5  66  6  1  7  28  8  74  9  74
  0  20  1  41  2  78  3  45  4  10  5  29  6  8  7  69  8  9  9  41
  0  34  1  93  2  19  3  25  4  41  5  53  6  94  7  57  8  57  9  81
  0  80  1  50  2  43  3  63  4  7  5  14  6  79  7  40  8  64  9  99
  0  59  1  14  2  89  3  69  4  87  5  75  6  67  7  46  8  21  9  60
  0  11  1  54  2  15  3  26  4  72  5  49  6  62  7  86  8  23  9  92
  0  33  1  46  2  63  3  36  4  50  5  32  6  88  7  1  8  63  9  15
  0  2  1  73  2  11  3  48  4  53  5  68  6  74  7  91  8  53  9  8
  0  67  1  82  2  78  3  25  4  10  5  82  6  75  7  99  8  87  9  97
  0  31  1  78  2  1  3  58  4  59  5  31  6  30  7  19  8  28  9  48
  0  97  1  86  2  26  3  96  4  97  5  16  6  37  7  65  8  4  9  8
  0  83  1  78  2  7  3  16  4  38  5  64  6  18  7  36  8  36  9  96
  0  51  1  41  2  30  3  51  4  75  5  88  6  52  7  45  8  77  9  90
  0  7  1  53  2  7  3  57  4  86  5  11  6  67  7  36  8  84  9  55
  0  93  1  99  2  61  3  66  4  23  5  67  6  77  7  5  8  37  9  67
  0  98  1  53  2  61  3  55  4  42  5  15  6  25  7  64  8  17  9  37
  0  17  1  50  2  72  3  34  4  14  5  38  6  75  7  53  8  43  9  14
  0  50  1  4  2  12  3  96  4  80  5  28  6  26  7  83  8  49  9  99
  0  67  1  66  2  48  3  79  4  6  5  59  6  7  7  48  8  69  9  70
  0  15  1  8  2  97  3  31  4  35  5  27  6  46  7  46  8  19  9  56
  0  25  1  35  2  4  3  49  4  78  5  88  6  24  7  61  8  55  9  38
  0  72  1  22  2  12  3  31  4  7  5  81  6  47  7  55  8  74  9  96
  0  79  1  50  2  99  3  6  4  94  5  2  6  66  7  91  8  32  9  9
  0  87  1  47  2  88  3  69  4  30  5  95  6  66  7  22  8  63  9  13
  0  74  1  40  2  26  3  63  4  73  5  65  6  39  7  59  8  25  9  30
  0  11  1  78  2  78  3  5  4  12  5  25  6  12  7  61  8  7  9  5
  0  98  1  59  2  86  3  50  4  87  5  67  6  26  7  23  8  98  9  2
  0  58  1  73  2  74  3  32  4  56  5  39  6  57  7  83  8  45  9  8
  0  56  1  52  2  97  3  78  4  41  5  90  6  80  7  2  8  77  9  44
  0  58  1  66  2  78  3  39  4  63  5  83  6  51  7  66  8  5  9  77
  0  49  1  89  2  60  3  78  4  72  5  86  6  73  7  81  8  69  9  5
  0  67  1  18  2  32  3  72  4  28  5  57  6  90  7  27  8  27  9  21
  0  47  1  14  2  85  3  94  4  4  5  98  6  3  7  59  8  86  9  82
  0  91  1  77  2  46  3  7  4  6  5  10  6  13  7  13  8  48  9  46
  0  19  1  57  2  83  3  77  4  24  5  25  6  10  7  41  8  7  9  85
  0  58  1  11  2  3  3  71  4  21  5  29  6  9  7  94  8  29  9  88
  0  73  1  17  2  27  3  11  4  67  5  31  6  25  7  92  8  64  9  49
  0  20  1  7  2  16  3  78  4  14  5  67  6  75  7  27  8  64  9  28
  0  18  1  98  2  71  3  46  4  54  5  46  6  58  7  29  8  28  9  92
  0  6  1  73  2  73  3  52  4  64  5  35  6  42  7  97  8  33  9  1
  0  27  1  69  2  90  3  57  4  69  5  12  6  15  7  64  8  11  9  78
  0  30  1  88  2  5  3  57  4  53  5  47  6  35  7  4  8  56  9  75
  0  98  1  66  2  35  3  16  4  22  5  55  6  72  7  80  8  51  9  1
  0  36  1  51  2  22  3  79  4  24  5  14  6  94  7  10  8  85  9  41
  0  29  1  60  2  55  3  59  4  97  5  9  6  79  7  76  8  9  9  41
  0  36  1  67  2  60  3  94  4  58  5  10  6  31  7  74  8  34  9  45
  0  27  1  91  2  30  3  5  4  99  5  16  6  50  7  12  8  6  9  32
  0  60  1  65  2  4  3  40  4  5  5  50  6  81  7  58  8  15  9  47
  0  64  1  86  2  85  3  26  4  52  5  67  6  56  7  45  8  88  9  42
  0  45  1  98  2  56  3  80  4  97  5  70  6  38  7  52  8  63  9  7
  0  18  1  45  2  15  3  99  4  89  5  65  6  58  7  41  8  91  9  68
  0  13  1  13  2  15  3  4  4  55  5  91  6  17  7  80  8  49  9  9
  0  61  1  72  2  16  3  80  4  72  5  33  6  13  7  2  8  39  9  90
  0  21  1  74  2  49  3  25  4  63  5  3  6  13  7  66  8  6  9  82
  0  15  1  60  2  15  3  74  4  3  5  88  6  59  7  26  8  96  9  39
  0  94  1  79  2  91  3  62  4  71  5  1  6  64  7  75  8  39  9  96
  0  34  1  69  2  45  3  12  4  18  5  55  6  58  7  27  8  80  9  57
  0  56  1  93  2  88  3  14  4  54  5  79  6  96  7  68  8  76  9  11
  0  38  1  54  2  90  3  36  4  95  5  93  6  49  7  40  8  70  9  89
  0  25  1  98  2  78  3  57  4  21  5  35  6  46  7  26  8  92  9  22
  0  74  1  35  2  29  3  65  4  3  5  64  6  51  7  18  8  90  9  6
  0  51  1  47  2  86  3  46  4  74  5  47  6  71  7  28  8  4  9  49
  0  81  1  17  2  13  3  97  4  56  5  56  6  98  7  80  8  55  9  37
  0  98  1  33  2  52  3  78  4  58  5  57  6  99  7  8  8  15  9  26
  0  7  1  92  2  88  3  57  4  90  5  42  6  22  7  81  8  88  9  12
  0  99  1  49  2  40  3  54  4  31  5  28  6  75  7  3  8  91  9  7
  0  68  1  93  2  44  3  97  4  49  5  50  6  94  7  2  8  71  9  95
  0  45  1  87  2  91  3  56  4  61  5  83  6  98  7  78  8  48  9  2
  0  95  1  74  2  19  3  30  4  40  5  60  6  98  7  68  8  73  9  65
  0  79  1  89  2  13  3  11  4  41  5  52  6  76  7  95  8  98  9  1
  0  63  1  38  2  30  3  30  4  21  5  57  6  3  7  89  8  63  9  97
  0  6  1  63  2  18  3  25  4  56  5  54  6  25  7  46  8  23  9  45
  0  12  1  43  2  3  3  29  4  14  5  11  6  37  7  26  8  22  9  42
  0  49  1  25  2  70  3  2  4  46  5  24  6  94  7  86  8  12  9  57
  0  36  1  52  2  89  3  21  4  57  5  60  6  20  7  54  8  93  9  85
  0  1  1  28  2  81  3  71  4  67  5  42  6  1  7  24  8  20  9  44
  0  51  1  99  2  35  3  16  4  40  5  15  6  60  7  89  8  41  9  70
  0  53  1  90  2  72  3  99  4  31  5  21  6  90  7  55  8  33  9  31
  0  94  1  8  2  17  3  32  4  96  5  16  6  45  7  67  8  4  9  87
  0  15  1  28  2  6  3  63  4  63  5  86  6  73  7  59  8  26  9  88
  0  14  1  66  2  54  3  13  4  28  5  7  6  1  7  9  8  72  9  72
  0  33  1  57  2  26  3  1  4  47  5  19  6  99  7  75  8  69  9  63
  0  53  1  48  2  89  3  93  4  2  5  9  6  51  7  20  8  20  9  76
  0  88  1  31  2  93  3  64  4  5  5  68  6  59  7  48  8  9  9  21
  0  34  1  51  2  71  3  76  4  41  5  8  6  54  7  95  8  60  9  83
  0  39  1  10  2  84  3  58  4  48  5  52  6  34  7  94  8  33  9  69
  0  81  1  65  2  81  3  69  4  87  5  88  6  61  7  21  8  26  9  7
  0  7  1  93  2  83  3  20  4  12  5  2  6  41  7  34  8  91  9  12
  0  74  1  5  2  15  3  6  4  30  5  78  6  34  7  11  8  74  9  64
  0  55  1  56  2  14  3  84  4  27  5  5  6  30  7  96  8  42  9  56
  0  88  1  73  2  80  3  54  4  5  5  86  6  34  7  16  8  83  9  40
  0  1  1  66  2  63  3  37  4  25  5  71  6  28  7  79  8  31  9  71
  0  69  1  40  2  79  3  76  4  20  5  47  6  36  7  79  8  80  9  75
  0  32  1  77  2  9  3  44  4  58  5  28  6  57  7  40  8  32  9  72
  0  72  1  43  2  13  3  1  4  75  5  10  6  59  7  46  8  15  9  38
  0  59  1  30  2  43  3  31  4  81  5  92  6  59  7  26  8  10  9  84
  0  26  1  49  2  77  3  12  4  50  5  26  6  6  7  36  8  80  9  57
  0  13  1  96  2  66  3  21  4  48  5  2  6  86  7  87  8  72  9  91
  0  31  1  37  2  81  3  80  4  96  5  28  6  49  7  38  8  38  9  52
  0  37  1  56  2  81  3  71  4  90  5  4  6  78  7  32  8  31  9  92
  0  86  1  92  2  97  3  81  4  73  5  8  6  16  7  4  8  98  9  66
  0  82  1  86  2  17  3  71  4  97  5  11  6  7  7  4  8  87  9  20
  0  18  1  13  2  97  3  73  4  84  5  29  6  47  7  19  8  60  9  84
  0  75  1  8  2  67  3  87  4  21  5  93  6  57  7  95  8  14  9  83
  0  39  1  75  2  73  3  34  4  15  5  40  6  46  7  4  8  27  9  14
  0  13  1  11  2  11  3  55  4  57  5  62  6  4  7  44  8  86  9  44
  0  64  1  12  2  25  3  88  4  88  5  62  6  34  7  65  8  28  9  34
  0  28  1  65  2  62  3  75  4  91  5  54  6  70  7  51  8  6  9  38
  0  88  1  96  2  57  3  56  4  78  5  82  6  74  7  94  8  31  9  69
  0  13  1  85  2  60  3  52  4  2  5  35  6  93  7  25  8  99  9  5
  0  50  1  31  2  37  3  18  4  51  5  62  6  46  7  89  8  28  9  21
  0  93  1  86  2  96  3  74  4  66  5  72  6  38  7  57  8  93  9  85
  0  86  1  91  2  94  3  69  4  20  5  48  6  67  7  45  8  4  9  61
  0  94  1  84  2  40  3  52  4  5  5  54  6  14  7  63  8  15  9  1
  0  35  1  73  2  65  3  21  4  36  5  52  6  98  7  45  8  53  9  96
  0  51  1  98  2  17  3  28  4  62  5  44  6  15  7  55  8  23  9  9
  0  16  1  42  2  12  3  53  4  64  5  22  6  85  7  35  8  83  9  39
  0  34  1  70  2  40  3  40  4  18  5  4  6  65  7  17  8  30  9  29
  0  44  1  80  2  69  3  40  4  94  5  31  6  13  7  76  8  21  9  32
  0  9  1  15  2  2  3  23  4  56  5  26  6  42  7  19  8  23  9  65
  0  22  1  81  2  8  3  2  4  94  5  59  6  83  7  94  8  23  9  38
  0  46  1  52  2  79  3  43  4  62  5  61  6  20  7  85  8  6  9  53
  0  15  1  47  2  3  3  46  4  11  5  38  6  48  7  89  8  43  9  84
  0  50  1  93  2  17  3  18  4  4  5  18  6  49  7  79  8  38  9  49
  0  21  1  68  2  50  3  11  4  79  5  76  6  32  7  61  8  17  9  8
  0  65  1  84  2  72  3  76  4  23  5  78  6  72  7  9  8  22  9  1
  0  89  1  15  2  87  3  17  4  83  5  6  6  52  7  61  8  58  9  56
  0  92  1  18  2  48  3  44  4  58  5  71  6  19  7  32  8  69  9  83
  0  39  1  50  2  79  3  96  4  74  5  5  6  28  7  85  8  85  9  35
  0  24  1  86  2  55  3  64  4  47  5  74  6  60  7  37  8  49  9  95
  0  76  1  50  2  99  3  47  4  71  5  84  6  98  7  72  8  20  9  19
  0  53  1  14  2  66  3  93  4  1  5  39  6  2  7  24  8  13  9  37
  0  33  1  4  2  18  3  44  4  64  5  45  6  27  7  53  8  17  9  37
  0  53  1  5  2  61  3  34  4  49  5  77  6  34  7  88  8  18  9  21
  0  59  1  2  2  55  3  88  4  4  5  54  6  46  7  81  8  36  9  33
  0  13  1  95  2  69  3  81  4  78  5  42  6  93  7  28  8  18  9  83
  0  45  1  61  2  87  3  92  4  69  5  84  6  71  7  44  8  55  9  43
  0  71  1  93  2  64  3  7  4  32  5  85  6  82  7  80  8  95  9  12
  0  61  1  38  2  3  3  20  4  27  5  19  6  96  7  19  8  71  9  40
  0  95  1  43  2  67  3  2  4  40  5  83  6  62  7  89  8  36  9  80
  0  30  1  13  2  33  3  41  4  13  5  15  6  31  7  29  8  62  9  54
  0  92  1  40  2  64  3  56  4  95  5  65  6  16  7  50  8  76  9  81
  0  77  1  68  2  28  3  53  4  30  5  79  6  62  7  23  8  99  9  43
  0  48  1  13  2  32  3  49  4  88  5  79  6  37  7  65  8  89  9  87
  0  29  1  90  2  46  3  97  4  31  5  10  6  44  7  81  8  21  9  89
  0  36  1  10  2  43  3  57  4  71  5  81  6  7  7  50  8  69  9  75
  0  45  1  45  2  58  3  63  4  9  5  83  6  38  7  99  8  18  9  56
  0  32  1  78  2  93  3  34  4  29  5  33  6  50  7  30  8  39  9  12
  0  5  1  38  2  8  3  52  4  50  5  6  6  70  7  39  8  97  9  3
  0  41  1  27  2  63  3  8  4  50  5  50  6  87  7  31  8  95  9  60
  0  88  1  44  2  73  3  59  4  95  5  67  6  78  7  17  8  12  9  54
  0  12  1  97  2  6  3  76  4  37  5  29  6  35  7  75  8  59  9  85
  0  29  1  59  2  21  3  82  4  20  5  46  6  49  7  85  8  69  9  91
  0  90  1  91  2  36  3  40  4  18  5  37  6  98  7  1  8  93  9  41
  0  8  1  30  2  31  3  75  4  41  5  69  6  86  7  29  8  81  9  82
  0  60  1  24  2  55  3  72  4  16  5  68  6  82  7  87  8  20  9  78
  0  33  1  44  2  65  3  91  4  94  5  17  6  57  7  63  8  95  9  80
  0  41  1  17  2  32  3  11  4  7  5  74  6  1  7  64  8  28  9  13
  0  28  1  2  2  86  3  2  4  55  5  29  6  99  7  32  8  21  9  64
  0  65  1  31  2  34  3  54  4  75  5  31  6  54  7  3  8  74  9  32
  0  4  1  85  2  47  3  74  4  79  5  59  6  85  7  22  8  54  9  91
  0  52  1  10  2  63  3  66  4  39  5  13  6  36  7  50  8  7  9  37
  0  5  1  18  2  27  3  44  4  4  5  67  6  92  7  51  8  54  9  84
  0  38  1  86  2  67  3  26  4  8  5  66  6  46  7  45  8  55  9  39
  0  46  1  63  2  61  3  21  4  29  5  66  6  9  7  97  8  30  9  86
  0  36  1  73  2  7  3  96  4  88  5  10  6  52  7  14  8  1  9  63
  0  85  1  6  2  11  3  13  4  59  5  46  6  77  7  64  8  30  9  46
  0  41  1  42  2  98  3  77  4  71  5  19  6  16  7  50  8  73  9  39
  0  96  1  25  2  54  3  47  4  1  5  57  6  67  7  20  8  61  9  5
  0  98  1  46  2  92  3  69  4  39  5  42  6  76  7  23  8  77  9  61
  0  31  1  47  2  8  3  44  4  10  5  11  6  14  7  42  8  68  9  25
TPM
  0  2857  1  2857  2  2857  3  2857  4  2857  5  2857  6  2857  7  2857  8  2857  9  2857
PMT
  0  2  1  33  2  12  3  41  4  43  5  43  6  31  7  31  8  13  9  28
  0  47  1  18  2  49  3  27  4  34  5  18  6  31  7  27  8  22  9  33
  0  46  1  34  2  25  3  21  4  29  5  26  6  27  7  13  8  16  9  2
  0  41  1  27  2  27  3  28  4  11  5  6  6  14  7  19  8  33  9  44
  0  30  1  2  2  45  3  42  4  15  5  4  6  29  7  12  8  4  9  34
  0  6  1  8  2  37  3  11  4  44  5  17  6  20  7  35  8  41  9  32
  0  43  1  42  2  2  3  29  4  37  5  15  6  16  7  47  8  15  9  35
  0  47  1  6  2  5  3  16  4  32  5  7  6  15  7  48  8  31  9  4
  0  44  1  28  2  28  3  25  4  17  5  36  6  27  7  14  8  15  9  47
  0  13  1  28  2  25  3  20  4  15  5  10  6  49  7  25  8  9  9  24
  0  9  1  37  2  13  3  11  4  24  5  8  6  3  7  32  8  28  9  42
  0  15  1  10  2  7  3  14  4  42  5  38  6  25  7  47  8  25  9  21
  0  25  1  10  2  42  3  6  4  5  5  44  6  7  7  36  8  25  9  15
  0  36  1  11  2  37  3  27  4  21  5  6  6  47  7  9  8  40  9  31
  0  38  1  4  2  29  3  27  4  38  5  22  6  13  7  17  8  30  9  41
  0  42  1  1  2  32  3  16  4  21  5  11  6  32  7  13  8  27  9  8
  0  23  1  12  2  8  3  48  4  23  5  22  6  13  7  44  8  2  9  2
  0  18  1  9  2  36  3  32  4  2  5  29  6  29  7  4  8  19  9  48
