50  20
  0  25  1  51  2  61  3  89  4  78  5  23  6  72  7  70  8  31  9  98  10  19  11  46  12  17  13  55  14  81  15  61  16  73  17  10  18  56  19  97
  0  98  1  87  2  50  3  99  4  15  5  52  6  17  7  80  8  97  9  49  10  31  11  47  12  48  13  19  14  47  15  42  16  80  17  92  18  99  19  84
  0  88  1  53  2  35  3  62  4  97  5  46  6  76  7  17  8  12  9  64  10  66  11  99  12  28  13  36  14  50  15  16  16  53  17  11  18  74  19  71
  0  78  1  91  2  20  3  90  4  62  5  82  6  8  7  68  8  46  9  38  10  29  11  86  12  11  13  46  14  95  15  92  16  27  17  61  18  15  19  24
  0  67  1  83  2  25  3  36  4  90  5  58  6  59  7  57  8  10  9  11  10  17  11  82  12  1  13  75  14  52  15  75  16  15  17  68  18  22  19  48
  0  7  1  12  2  51  3  28  4  88  5  8  6  4  7  43  8  71  9  24  10  59  11  78  12  56  13  46  14  48  15  77  16  75  17  91  18  96  19  3
  0  18  1  8  2  63  3  85  4  65  5  82  6  90  7  4  8  45  9  52  10  93  11  92  12  59  13  85  14  61  15  65  16  47  17  69  18  39  19  3
  0  12  1  31  2  23  3  35  4  85  5  70  6  79  7  27  8  38  9  92  10  81  11  40  12  48  13  54  14  6  15  35  16  84  17  70  18  48  19  33
  0  77  1  50  2  55  3  46  4  64  5  49  6  54  7  66  8  56  9  52  10  59  11  42  12  45  13  46  14  69  15  6  16  52  17  25  18  89  19  20
  0  96  1  38  2  35  3  64  4  15  5  95  6  15  7  69  8  87  9  63  10  92  11  77  12  27  13  29  14  65  15  87  16  48  17  16  18  28  19  5
  0  21  1  77  2  97  3  18  4  80  5  7  6  18  7  59  8  40  9  20  10  73  11  27  12  31  13  25  14  80  15  77  16  67  17  74  18  37  19  10
  0  14  1  58  2  39  3  12  4  99  5  96  6  7  7  26  8  97  9  17  10  80  11  60  12  87  13  59  14  63  15  64  16  41  17  19  18  34  19  22
  0  24  1  14  2  54  3  48  4  87  5  69  6  44  7  89  8  96  9  27  10  96  11  59  12  21  13  22  14  57  15  66  16  87  17  7  18  91  19  5
  0  68  1  6  2  13  3  24  4  39  5  7  6  44  7  4  8  65  9  57  10  37  11  81  12  65  13  8  14  81  15  19  16  78  17  12  18  49  19  20
  0  31  1  86  2  91  3  6  4  78  5  88  6  67  7  31  8  74  9  62  10  58  11  99  12  74  13  55  14  27  15  92  16  1  17  26  18  2  19  39
  0  5  1  70  2  99  3  78  4  18  5  50  6  31  7  7  8  75  9  8  10  26  11  93  12  38  13  80  14  99  15  16  16  69  17  67  18  41  19  51
  0  31  1  6  2  69  3  20  4  99  5  58  6  26  7  71  8  34  9  16  10  76  11  54  12  25  13  73  14  44  15  14  16  22  17  34  18  5  19  11
  0  18  1  37  2  2  3  45  4  26  5  32  6  73  7  44  8  92  9  34  10  3  11  33  12  18  13  30  14  18  15  7  16  88  17  29  18  15  19  72
  0  41  1  74  2  84  3  19  4  7  5  56  6  44  7  47  8  7  9  97  10  33  11  64  12  7  13  97  14  9  15  17  16  40  17  59  18  42  19  24
  0  59  1  36  2  26  3  38  4  84  5  69  6  19  7  35  8  49  9  99  10  1  11  18  12  62  13  90  14  19  15  84  16  43  17  74  18  26  19  94
  0  93  1  24  2  71  3  34  4  11  5  8  6  79  7  57  8  66  9  76  10  13  11  73  12  95  13  92  14  38  15  86  16  70  17  6  18  17  19  11
  0  55  1  26  2  92  3  34  4  77  5  51  6  48  7  84  8  43  9  56  10  66  11  30  12  88  13  42  14  2  15  17  16  58  17  9  18  46  19  25
  0  29  1  91  2  66  3  93  4  43  5  91  6  17  7  57  8  3  9  65  10  83  11  74  12  45  13  82  14  97  15  58  16  6  17  38  18  19  19  36
  0  29  1  2  2  93  3  85  4  90  5  28  6  32  7  45  8  44  9  59  10  46  11  83  12  90  13  11  14  62  15  67  16  54  17  89  18  92  19  85
  0  98  1  21  2  15  3  99  4  20  5  62  6  30  7  36  8  5  9  29  10  53  11  39  12  36  13  76  14  90  15  50  16  85  17  98  18  98  19  83
  0  26  1  39  2  16  3  7  4  54  5  32  6  38  7  61  8  97  9  18  10  45  11  65  12  65  13  89  14  35  15  90  16  45  17  81  18  1  19  17
  0  72  1  95  2  50  3  76  4  15  5  22  6  86  7  72  8  49  9  21  10  62  11  29  12  29  13  48  14  94  15  76  16  61  17  51  18  4  19  24
  0  56  1  73  2  9  3  47  4  95  5  34  6  93  7  87  8  49  9  76  10  24  11  61  12  43  13  6  14  85  15  13  16  30  17  46  18  66  19  58
  0  46  1  4  2  14  3  10  4  37  5  8  6  22  7  79  8  92  9  58  10  50  11  86  12  26  13  27  14  67  15  41  16  74  17  60  18  68  19  60
  0  27  1  2  2  18  3  37  4  92  5  22  6  12  7  96  8  60  9  29  10  65  11  69  12  29  13  4  14  65  15  90  16  2  17  57  18  39  19  13
  0  67  1  38  2  41  3  65  4  17  5  17  6  57  7  15  8  75  9  24  10  61  11  13  12  36  13  33  14  97  15  20  16  35  17  2  18  56  19  59
  0  96  1  20  2  70  3  27  4  41  5  21  6  60  7  65  8  39  9  60  10  89  11  80  12  45  13  73  14  19  15  56  16  54  17  54  18  64  19  92
  0  60  1  22  2  4  3  82  4  97  5  67  6  84  7  92  8  24  9  1  10  26  11  14  12  47  13  40  14  19  15  11  16  14  17  2  18  66  19  63
  0  26  1  95  2  20  3  95  4  22  5  39  6  4  7  39  8  76  9  20  10  30  11  57  12  79  13  98  14  50  15  39  16  98  17  21  18  97  19  46
  0  51  1  66  2  2  3  57  4  32  5  78  6  2  7  57  8  69  9  37  10  78  11  44  12  6  13  67  14  75  15  77  16  35  17  6  18  88  19  78
  0  36  1  62  2  43  3  50  4  75  5  43  6  85  7  84  8  88  9  31  10  59  11  78  12  49  13  43  14  42  15  69  16  86  17  96  18  59  19  60
  0  16  1  64  2  17  3  4  4  85  5  95  6  4  7  53  8  62  9  42  10  45  11  20  12  99  13  5  14  46  15  68  16  75  17  89  18  19  19  54
  0  79  1  54  2  94  3  96  4  86  5  70  6  81  7  13  8  57  9  26  10  84  11  73  12  53  13  65  14  31  15  67  16  37  17  25  18  54  19  59
  0  16  1  10  2  24  3  91  4  48  5  37  6  33  7  68  8  99  9  18  10  85  11  17  12  52  13  69  14  28  15  17  16  73  17  82  18  32  19  31
  0  10  1  67  2  23  3  6  4  68  5  67  6  94  7  94  8  94  9  16  10  79  11  38  12  52  13  66  14  47  15  5  16  75  17  22  18  49  19  64
  0  54  1  52  2  48  3  73  4  47  5  74  6  86  7  58  8  59  9  11  10  81  11  53  12  19  13  93  14  69  15  25  16  40  17  44  18  8  19  78
  0  57  1  53  2  31  3  41  4  62  5  63  6  18  7  53  8  91  9  89  10  91  11  29  12  37  13  65  14  97  15  57  16  71  17  85  18  97  19  53
  0  30  1  80  2  95  3  88  4  75  5  45  6  72  7  57  8  32  9  12  10  98  11  44  12  87  13  40  14  64  15  28  16  79  17  50  18  13  19  16
  0  20  1  43  2  9  3  90  4  32  5  70  6  48  7  34  8  94  9  43  10  93  11  38  12  14  13  11  14  14  15  33  16  85  17  35  18  31  19  85
  0  2  1  35  2  22  3  48  4  14  5  98  6  34  7  63  8  74  9  69  10  87  11  51  12  95  13  55  14  99  15  37  16  15  17  29  18  42  19  5
  0  50  1  5  2  5  3  59  4  76  5  20  6  55  7  60  8  68  9  46  10  96  11  52  12  92  13  22  14  58  15  83  16  28  17  74  18  97  19  24
  0  57  1  60  2  72  3  2  4  70  5  69  6  17  7  15  8  49  9  48  10  49  11  99  12  38  13  51  14  64  15  70  16  21  17  17  18  14  19  32
  0  56  1  31  2  69  3  56  4  37  5  27  6  14  7  71  8  83  9  31  10  15  11  91  12  78  13  57  14  75  15  94  16  11  17  96  18  63  19  25
  0  88  1  79  2  64  3  85  4  20  5  80  6  7  7  32  8  92  9  11  10  60  11  87  12  96  13  13  14  6  15  53  16  59  17  48  18  23  19  70
  0  1  1  53  2  45  3  55  4  25  5  88  6  79  7  36  8  94  9  22  10  93  11  29  12  73  13  19  14  11  15  60  16  22  17  13  18  69  19  14
TPM
  0  913  1  913  2  913  3  913  4  913  5  913  6  913  7  913  8  913  9  913  10  913  11  913  12  913  13  913  14  913  15  913  16  913  17  913  18  913  19  913
PMT
  0  37  1  1  2  21  3  27  4  25  5  42  6  5  7  30  8  34  9  16  10  23  11  34  12  32  13  23  14  26  15  8  16  12  17  39  18  24  19  9
  0  8  1  49  2  7  3  23  4  18  5  5  6  18  7  26  8  18  9  44  10  44  11  46  12  43  13  43  14  41  15  19  16  46  17  7  18  20  19  24
  0  33  1  33  2  35  3  43  4  10  5  18  6  48  7  37  8  22  9  25  10  8  11  8  12  40  13  26  14  41  15  26  16  47  17  19  18  8  19  14
  0  7  1  33  2  3  3  26  4  46  5  31  6  42  7  14  8  7  9  15  10  1  11  23  12  22  13  44  14  4  15  40  16  39  17  32  18  24  19  24
  0  44  1  8  2  48  3  42  4  6  5  37  6  4  7  41  8  31  9  19  10  25  11  40  12  38  13  15  14  30  15  43  16  45  17  6  18  11  19  49
  0  8  1  20  2  29  3  23  4  38  5  38  6  1  7  20  8  9  9  1  10  35  11  29  12  2  13  42  14  41  15  32  16  21  17  16  18  26  19  14
