500  20
  0  39  1  13  2  82  3  12  4  33  5  9  6  10  7  57  8  85  9  80  10  49  11  6  12  33  13  14  14  79  15  42  16  38  17  40  18  34  19  33
  0  71  1  10  2  97  3  23  4  99  5  98  6  13  7  10  8  40  9  76  10  21  11  32  12  18  13  18  14  12  15  88  16  14  17  57  18  77  19  54
  0  3  1  96  2  73  3  88  4  13  5  38  6  52  7  32  8  68  9  92  10  7  11  35  12  81  13  75  14  48  15  84  16  13  17  10  18  12  19  1
  0  15  1  86  2  34  3  29  4  27  5  45  6  93  7  55  8  98  9  96  10  65  11  6  12  32  13  80  14  50  15  22  16  95  17  37  18  91  19  15
  0  49  1  41  2  49  3  41  4  57  5  8  6  48  7  56  8  9  9  4  10  77  11  37  12  62  13  84  14  23  15  76  16  74  17  66  18  75  19  95
  0  92  1  94  2  9  3  22  4  14  5  69  6  59  7  39  8  41  9  41  10  31  11  94  12  93  13  77  14  11  15  22  16  45  17  83  18  65  19  24
  0  5  1  11  2  62  3  17  4  56  5  82  6  31  7  31  8  23  9  41  10  53  11  19  12  35  13  86  14  63  15  15  16  96  17  41  18  73  19  51
  0  89  1  91  2  75  3  29  4  68  5  82  6  81  7  76  8  27  9  44  10  91  11  74  12  29  13  4  14  14  15  13  16  54  17  5  18  70  19  99
  0  96  1  22  2  67  3  63  4  98  5  69  6  4  7  98  8  36  9  12  10  63  11  47  12  64  13  48  14  97  15  24  16  2  17  27  18  99  19  30
  0  15  1  92  2  36  3  98  4  15  5  93  6  74  7  75  8  97  9  89  10  27  11  40  12  75  13  48  14  1  15  92  16  88  17  5  18  26  19  88
  0  95  1  36  2  94  3  88  4  72  5  79  6  43  7  40  8  76  9  69  10  47  11  34  12  56  13  98  14  30  15  86  16  7  17  30  18  82  19  34
  0  9  1  92  2  55  3  63  4  97  5  47  6  86  7  95  8  41  9  18  10  45  11  2  12  47  13  11  14  28  15  17  16  4  17  73  18  25  19  88
  0  35  1  57  2  54  3  68  4  29  5  94  6  25  7  31  8  53  9  4  10  70  11  89  12  94  13  80  14  79  15  30  16  59  17  37  18  98  19  89
  0  28  1  98  2  98  3  55  4  69  5  68  6  19  7  49  8  31  9  29  10  30  11  30  12  78  13  30  14  92  15  36  16  45  17  76  18  91  19  27
  0  13  1  41  2  67  3  25  4  43  5  34  6  94  7  54  8  14  9  26  10  58  11  17  12  51  13  1  14  42  15  69  16  49  17  81  18  18  19  78
  0  9  1  58  2  13  3  81  4  63  5  11  6  82  7  69  8  50  9  7  10  21  11  68  12  52  13  11  14  97  15  94  16  26  17  50  18  66  19  1
  0  73  1  8  2  33  3  49  4  48  5  42  6  52  7  66  8  81  9  61  10  73  11  75  12  75  13  90  14  97  15  6  16  6  17  18  18  85  19  26
  0  22  1  9  2  26  3  54  4  45  5  18  6  78  7  33  8  97  9  37  10  30  11  85  12  8  13  68  14  35  15  80  16  86  17  6  18  26  19  68
  0  70  1  60  2  26  3  86  4  52  5  66  6  83  7  22  8  78  9  53  10  14  11  90  12  68  13  72  14  39  15  82  16  72  17  9  18  27  19  50
  0  94  1  19  2  93  3  77  4  43  5  80  6  19  7  34  8  69  9  36  10  81  11  1  12  24  13  67  14  13  15  34  16  42  17  42  18  33  19  96
  0  14  1  12  2  21  3  75  4  35  5  51  6  12  7  53  8  24  9  67  10  51  11  33  12  39  13  34  14  31  15  95  16  65  17  9  18  89  19  60
  0  30  1  44  2  56  3  89  4  62  5  12  6  66  7  20  8  31  9  87  10  85  11  53  12  99  13  76  14  7  15  16  16  97  17  60  18  18  19  69
  0  96  1  18  2  57  3  43  4  32  5  34  6  90  7  10  8  17  9  5  10  92  11  35  12  36  13  4  14  8  15  62  16  12  17  61  18  15  19  19
  0  89  1  86  2  47  3  60  4  83  5  17  6  18  7  77  8  63  9  82  10  50  11  34  12  95  13  22  14  44  15  22  16  59  17  84  18  88  19  45
  0  99  1  9  2  23  3  60  4  87  5  53  6  15  7  47  8  5  9  23  10  80  11  84  12  69  13  37  14  94  15  44  16  69  17  95  18  42  19  51
  0  74  1  62  2  23  3  52  4  33  5  81  6  9  7  84  8  90  9  66  10  13  11  73  12  70  13  52  14  18  15  65  16  18  17  93  18  75  19  77
  0  83  1  44  2  82  3  45  4  5  5  51  6  75  7  77  8  21  9  61  10  19  11  55  12  6  13  10  14  68  15  30  16  31  17  37  18  43  19  24
  0  75  1  72  2  21  3  22  4  47  5  53  6  61  7  6  8  92  9  93  10  11  11  83  12  97  13  8  14  35  15  9  16  14  17  54  18  9  19  88
  0  57  1  52  2  27  3  31  4  64  5  96  6  42  7  75  8  18  9  69  10  31  11  10  12  50  13  11  14  40  15  68  16  3  17  20  18  81  19  63
  0  10  1  81  2  57  3  99  4  6  5  41  6  46  7  56  8  97  9  87  10  80  11  54  12  56  13  97  14  93  15  51  16  89  17  61  18  18  19  99
  0  28  1  96  2  56  3  86  4  29  5  5  6  70  7  39  8  70  9  51  10  54  11  48  12  2  13  52  14  76  15  62  16  71  17  5  18  20  19  47
  0  39  1  4  2  50  3  5  4  54  5  14  6  91  7  12  8  55  9  6  10  90  11  14  12  8  13  76  14  94  15  79  16  14  17  89  18  78  19  18
  0  39  1  31  2  97  3  94  4  32  5  64  6  47  7  9  8  67  9  3  10  56  11  18  12  4  13  72  14  47  15  22  16  45  17  6  18  37  19  37
  0  65  1  94  2  75  3  29  4  7  5  6  6  19  7  84  8  87  9  16  10  4  11  34  12  56  13  38  14  76  15  64  16  98  17  40  18  70  19  75
  0  76  1  76  2  51  3  80  4  42  5  75  6  69  7  37  8  80  9  70  10  93  11  76  12  59  13  58  14  8  15  61  16  87  17  22  18  96  19  79
  0  13  1  47  2  56  3  72  4  27  5  34  6  2  7  46  8  30  9  67  10  66  11  5  12  85  13  6  14  93  15  23  16  83  17  10  18  86  19  36
  0  69  1  89  2  68  3  8  4  9  5  89  6  44  7  27  8  15  9  97  10  90  11  15  12  41  13  64  14  14  15  68  16  16  17  73  18  30  19  55
  0  88  1  95  2  76  3  38  4  90  5  12  6  69  7  12  8  45  9  84  10  39  11  54  12  78  13  38  14  14  15  33  16  18  17  47  18  58  19  42
  0  65  1  50  2  60  3  21  4  1  5  56  6  29  7  9  8  43  9  99  10  59  11  33  12  71  13  40  14  60  15  19  16  97  17  51  18  60  19  89
  0  23  1  25  2  36  3  78  4  34  5  78  6  30  7  83  8  22  9  51  10  48  11  26  12  23  13  30  14  57  15  2  16  7  17  33  18  19  19  30
  0  87  1  44  2  38  3  47  4  6  5  78  6  2  7  90  8  18  9  22  10  42  11  72  12  96  13  69  14  58  15  48  16  17  17  60  18  60  19  15
  0  92  1  88  2  31  3  1  4  76  5  30  6  32  7  39  8  56  9  13  10  76  11  24  12  85  13  27  14  56  15  93  16  53  17  56  18  99  19  2
  0  71  1  62  2  85  3  57  4  31  5  71  6  56  7  54  8  69  9  24  10  92  11  10  12  31  13  10  14  42  15  87  16  27  17  82  18  27  19  92
  0  27  1  31  2  61  3  32  4  32  5  58  6  52  7  92  8  7  9  77  10  78  11  98  12  85  13  47  14  58  15  16  16  70  17  96  18  51  19  39
  0  89  1  1  2  62  3  77  4  72  5  27  6  40  7  11  8  78  9  57  10  83  11  96  12  82  13  36  14  5  15  45  16  79  17  37  18  7  19  92
  0  93  1  14  2  80  3  32  4  95  5  92  6  23  7  95  8  45  9  26  10  34  11  96  12  32  13  8  14  49  15  55  16  85  17  20  18  2  19  94
  0  48  1  63  2  35  3  61  4  68  5  91  6  8  7  10  8  37  9  51  10  48  11  67  12  73  13  2  14  67  15  52  16  45  17  50  18  35  19  22
  0  64  1  54  2  66  3  70  4  13  5  52  6  77  7  6  8  70  9  31  10  25  11  67  12  56  13  50  14  13  15  77  16  11  17  74  18  42  19  22
  0  74  1  78  2  47  3  19  4  39  5  39  6  22  7  13  8  85  9  16  10  49  11  95  12  24  13  91  14  79  15  59  16  3  17  31  18  19  19  18
  0  62  1  64  2  28  3  57  4  34  5  5  6  41  7  7  8  22  9  73  10  50  11  28  12  15  13  84  14  25  15  73  16  14  17  89  18  49  19  67
  0  75  1  19  2  14  3  94  4  99  5  58  6  76  7  11  8  32  9  31  10  87  11  7  12  27  13  90  14  50  15  94  16  19  17  53  18  42  19  92
  0  94  1  96  2  45  3  28  4  44  5  24  6  42  7  85  8  58  9  79  10  71  11  72  12  81  13  33  14  70  15  74  16  53  17  93  18  30  19  25
  0  86  1  25  2  46  3  16  4  63  5  46  6  49  7  10  8  55  9  62  10  30  11  51  12  5  13  60  14  8  15  72  16  3  17  42  18  8  19  36
  0  60  1  2  2  33  3  84  4  78  5  67  6  58  7  65  8  27  9  48  10  81  11  54  12  14  13  77  14  99  15  13  16  4  17  27  18  5  19  37
  0  98  1  37  2  18  3  78  4  13  5  99  6  92  7  63  8  89  9  71  10  77  11  32  12  46  13  11  14  98  15  63  16  48  17  70  18  13  19  74
  0  45  1  86  2  45  3  99  4  15  5  42  6  99  7  94  8  13  9  96  10  17  11  11  12  9  13  20  14  11  15  44  16  59  17  60  18  23  19  56
  0  61  1  34  2  48  3  8  4  70  5  25  6  52  7  69  8  81  9  32  10  61  11  86  12  16  13  88  14  5  15  18  16  52  17  59  18  44  19  82
  0  89  1  80  2  4  3  67  4  55  5  94  6  13  7  95  8  69  9  5  10  90  11  54  12  33  13  41  14  66  15  23  16  22  17  30  18  98  19  64
  0  76  1  78  2  30  3  62  4  33  5  47  6  14  7  14  8  43  9  60  10  74  11  25  12  63  13  70  14  8  15  45  16  16  17  82  18  19  19  58
  0  51  1  7  2  61  3  17  4  78  5  94  6  21  7  65  8  25  9  71  10  64  11  12  12  38  13  76  14  39  15  38  16  67  17  69  18  95  19  47
  0  65  1  66  2  77  3  97  4  98  5  21  6  86  7  82  8  73  9  46  10  24  11  31  12  93  13  57  14  68  15  50  16  27  17  83  18  48  19  47
  0  32  1  62  2  93  3  78  4  80  5  33  6  2  7  30  8  77  9  76  10  44  11  25  12  52  13  85  14  87  15  2  16  91  17  49  18  23  19  21
  0  22  1  83  2  14  3  91  4  72  5  58  6  17  7  16  8  66  9  85  10  27  11  9  12  32  13  78  14  52  15  29  16  26  17  90  18  31  19  26
  0  3  1  5  2  26  3  10  4  96  5  16  6  82  7  66  8  69  9  39  10  17  11  4  12  61  13  35  14  73  15  93  16  41  17  28  18  80  19  25
  0  43  1  69  2  83  3  17  4  45  5  57  6  27  7  32  8  2  9  34  10  31  11  94  12  65  13  3  14  75  15  13  16  48  17  45  18  85  19  45
  0  96  1  37  2  90  3  74  4  98  5  79  6  79  7  67  8  39  9  98  10  7  11  42  12  61  13  91  14  89  15  65  16  25  17  5  18  25  19  59
  0  46  1  85  2  3  3  79  4  71  5  34  6  96  7  98  8  14  9  49  10  65  11  21  12  66  13  54  14  84  15  78  16  52  17  33  18  8  19  20
  0  88  1  15  2  9  3  80  4  82  5  96  6  62  7  73  8  57  9  88  10  71  11  80  12  5  13  8  14  45  15  98  16  7  17  77  18  66  19  83
  0  61  1  93  2  35  3  1  4  6  5  65  6  61  7  63  8  44  9  52  10  27  11  35  12  94  13  36  14  72  15  7  16  27  17  22  18  61  19  87
  0  60  1  40  2  15  3  69  4  29  5  2  6  47  7  51  8  44  9  24  10  30  11  34  12  12  13  32  14  56  15  20  16  76  17  10  18  3  19  77
  0  6  1  32  2  1  3  71  4  42  5  37  6  55  7  39  8  70  9  88  10  95  11  79  12  86  13  55  14  22  15  1  16  79  17  6  18  97  19  10
  0  36  1  78  2  4  3  69  4  47  5  9  6  32  7  38  8  69  9  89  10  13  11  72  12  77  13  8  14  89  15  67  16  4  17  4  18  83  19  47
  0  48  1  12  2  16  3  50  4  20  5  94  6  80  7  49  8  24  9  99  10  79  11  24  12  21  13  62  14  75  15  59  16  7  17  56  18  13  19  45
  0  13  1  72  2  13  3  98  4  6  5  53  6  48  7  34  8  31  9  40  10  53  11  52  12  54  13  91  14  22  15  24  16  78  17  81  18  98  19  94
  0  40  1  2  2  69  3  19  4  15  5  9  6  1  7  26  8  86  9  95  10  94  11  53  12  65  13  88  14  46  15  11  16  46  17  80  18  27  19  62
  0  59  1  61  2  31  3  27  4  38  5  21  6  55  7  55  8  12  9  5  10  5  11  16  12  12  13  69  14  40  15  99  16  23  17  64  18  7  19  43
  0  43  1  38  2  17  3  5  4  17  5  35  6  77  7  63  8  61  9  40  10  72  11  17  12  8  13  96  14  55  15  94  16  9  17  79  18  4  19  22
  0  3  1  17  2  47  3  92  4  29  5  97  6  60  7  44  8  28  9  93  10  90  11  34  12  86  13  82  14  66  15  66  16  92  17  69  18  89  19  14
  0  22  1  24  2  25  3  43  4  77  5  91  6  33  7  33  8  34  9  35  10  3  11  29  12  68  13  33  14  95  15  8  16  92  17  23  18  94  19  9
  0  99  1  71  2  22  3  77  4  88  5  19  6  74  7  31  8  49  9  16  10  86  11  19  12  6  13  62  14  21  15  58  16  53  17  3  18  42  19  66
  0  35  1  48  2  30  3  11  4  55  5  35  6  38  7  46  8  10  9  19  10  2  11  26  12  86  13  86  14  37  15  1  16  76  17  23  18  18  19  21
  0  77  1  61  2  93  3  39  4  1  5  23  6  92  7  59  8  1  9  3  10  31  11  76  12  96  13  65  14  10  15  24  16  46  17  65  18  85  19  91
  0  95  1  99  2  35  3  6  4  23  5  45  6  45  7  82  8  36  9  64  10  18  11  82  12  99  13  58  14  55  15  35  16  98  17  15  18  66  19  17
  0  71  1  77  2  18  3  92  4  57  5  22  6  12  7  55  8  54  9  34  10  68  11  33  12  72  13  17  14  45  15  34  16  25  17  65  18  25  19  56
  0  13  1  96  2  41  3  89  4  72  5  21  6  36  7  71  8  4  9  83  10  64  11  82  12  95  13  28  14  93  15  96  16  15  17  44  18  51  19  16
  0  28  1  14  2  35  3  58  4  72  5  62  6  76  7  71  8  91  9  78  10  25  11  3  12  6  13  65  14  2  15  42  16  82  17  29  18  22  19  11
  0  24  1  16  2  5  3  80  4  90  5  68  6  15  7  22  8  24  9  47  10  87  11  45  12  46  13  40  14  56  15  57  16  33  17  66  18  69  19  57
  0  5  1  31  2  65  3  56  4  75  5  6  6  57  7  66  8  52  9  27  10  18  11  21  12  77  13  37  14  1  15  13  16  53  17  27  18  12  19  54
  0  98  1  34  2  28  3  7  4  22  5  15  6  24  7  22  8  1  9  98  10  60  11  9  12  28  13  83  14  36  15  5  16  39  17  40  18  10  19  16
  0  35  1  22  2  51  3  67  4  89  5  11  6  59  7  58  8  65  9  46  10  85  11  31  12  11  13  96  14  21  15  92  16  99  17  2  18  49  19  46
  0  31  1  68  2  78  3  16  4  10  5  12  6  95  7  83  8  70  9  80  10  9  11  71  12  18  13  85  14  66  15  21  16  92  17  41  18  85  19  72
  0  89  1  81  2  6  3  38  4  86  5  19  6  64  7  22  8  58  9  29  10  63  11  24  12  84  13  22  14  52  15  47  16  80  17  3  18  76  19  83
  0  5  1  29  2  47  3  38  4  22  5  54  6  32  7  51  8  29  9  69  10  76  11  86  12  74  13  6  14  12  15  18  16  16  17  68  18  98  19  38
  0  10  1  91  2  17  3  53  4  32  5  48  6  1  7  49  8  52  9  59  10  76  11  44  12  30  13  74  14  65  15  50  16  96  17  27  18  34  19  31
  0  47  1  77  2  28  3  10  4  48  5  3  6  15  7  60  8  41  9  8  10  12  11  13  12  96  13  45  14  84  15  31  16  50  17  71  18  42  19  43
  0  22  1  97  2  69  3  57  4  95  5  97  6  46  7  66  8  30  9  69  10  79  11  34  12  4  13  84  14  29  15  26  16  24  17  70  18  97  19  9
  0  64  1  85  2  35  3  45  4  96  5  11  6  56  7  56  8  26  9  56  10  89  11  27  12  67  13  50  14  94  15  67  16  8  17  66  18  21  19  72
  0  39  1  8  2  95  3  36  4  61  5  52  6  63  7  98  8  94  9  22  10  9  11  57  12  47  13  38  14  45  15  57  16  18  17  73  18  45  19  31
  0  51  1  9  2  48  3  74  4  50  5  61  6  64  7  69  8  31  9  38  10  63  11  82  12  75  13  35  14  32  15  13  16  94  17  77  18  13  19  63
  0  41  1  83  2  72  3  53  4  7  5  93  6  65  7  2  8  5  9  81  10  85  11  58  12  27  13  69  14  22  15  39  16  14  17  88  18  59  19  11
  0  86  1  60  2  94  3  35  4  21  5  7  6  56  7  44  8  82  9  98  10  52  11  37  12  22  13  97  14  79  15  92  16  18  17  68  18  64  19  56
  0  30  1  50  2  30  3  42  4  63  5  23  6  10  7  47  8  87  9  6  10  34  11  89  12  53  13  67  14  79  15  94  16  94  17  43  18  55  19  10
  0  13  1  91  2  52  3  9  4  80  5  18  6  92  7  26  8  16  9  66  10  54  11  24  12  4  13  54  14  52  15  87  16  76  17  88  18  4  19  4
  0  79  1  99  2  10  3  55  4  70  5  83  6  30  7  55  8  44  9  30  10  39  11  90  12  80  13  72  14  78  15  48  16  44  17  15  18  44  19  53
  0  90  1  83  2  94  3  36  4  65  5  37  6  47  7  3  8  91  9  27  10  93  11  89  12  82  13  71  14  78  15  10  16  31  17  25  18  2  19  36
  0  52  1  14  2  38  3  70  4  90  5  96  6  92  7  98  8  22  9  69  10  37  11  27  12  92  13  2  14  89  15  49  16  88  17  4  18  27  19  96
  0  40  1  37  2  62  3  62  4  73  5  37  6  5  7  7  8  90  9  91  10  96  11  81  12  33  13  8  14  99  15  34  16  53  17  57  18  51  19  80
  0  6  1  80  2  45  3  51  4  27  5  94  6  86  7  47  8  80  9  22  10  28  11  79  12  62  13  59  14  89  15  57  16  9  17  25  18  21  19  50
  0  58  1  77  2  61  3  63  4  36  5  87  6  93  7  67  8  87  9  86  10  6  11  92  12  69  13  58  14  11  15  81  16  60  17  22  18  82  19  41
  0  79  1  27  2  5  3  64  4  7  5  68  6  50  7  83  8  31  9  77  10  31  11  96  12  3  13  63  14  88  15  81  16  40  17  94  18  12  19  59
  0  21  1  58  2  6  3  8  4  71  5  29  6  50  7  24  8  14  9  36  10  16  11  67  12  58  13  16  14  32  15  63  16  28  17  82  18  14  19  29
  0  63  1  53  2  10  3  54  4  51  5  18  6  16  7  60  8  60  9  33  10  63  11  97  12  87  13  81  14  90  15  77  16  51  17  31  18  45  19  38
  0  69  1  74  2  72  3  89  4  22  5  50  6  6  7  92  8  91  9  56  10  46  11  57  12  14  13  24  14  1  15  81  16  88  17  2  18  25  19  52
  0  41  1  72  2  78  3  75  4  31  5  8  6  2  7  29  8  34  9  19  10  51  11  35  12  63  13  67  14  82  15  98  16  7  17  55  18  42  19  68
  0  67  1  85  2  8  3  9  4  70  5  73  6  19  7  89  8  55  9  61  10  45  11  34  12  63  13  44  14  10  15  82  16  1  17  26  18  69  19  64
  0  23  1  58  2  93  3  74  4  93  5  32  6  22  7  9  8  83  9  21  10  76  11  10  12  35  13  3  14  55  15  2  16  6  17  2  18  49  19  42
  0  52  1  35  2  49  3  12  4  37  5  46  6  28  7  16  8  54  9  64  10  23  11  65  12  10  13  33  14  66  15  70  16  13  17  75  18  12  19  65
  0  57  1  2  2  65  3  36  4  82  5  80  6  38  7  28  8  75  9  24  10  47  11  51  12  37  13  49  14  57  15  18  16  9  17  38  18  24  19  69
  0  58  1  88  2  87  3  88  4  63  5  37  6  36  7  87  8  34  9  91  10  18  11  37  12  61  13  14  14  86  15  69  16  3  17  32  18  4  19  59
  0  18  1  65  2  38  3  83  4  26  5  19  6  31  7  8  8  54  9  45  10  10  11  41  12  86  13  7  14  80  15  66  16  40  17  79  18  38  19  43
  0  25  1  68  2  53  3  21  4  66  5  41  6  36  7  33  8  99  9  7  10  93  11  41  12  54  13  69  14  19  15  57  16  91  17  48  18  82  19  68
  0  85  1  56  2  18  3  30  4  21  5  64  6  18  7  10  8  76  9  86  10  78  11  4  12  13  13  76  14  74  15  39  16  74  17  29  18  32  19  50
  0  84  1  95  2  46  3  96  4  86  5  90  6  54  7  39  8  65  9  30  10  64  11  10  12  44  13  25  14  2  15  35  16  50  17  45  18  9  19  6
  0  92  1  93  2  34  3  90  4  84  5  81  6  83  7  40  8  19  9  86  10  13  11  47  12  74  13  28  14  91  15  26  16  3  17  99  18  81  19  50
  0  36  1  48  2  78  3  69  4  6  5  68  6  33  7  60  8  72  9  72  10  57  11  17  12  91  13  54  14  51  15  72  16  81  17  34  18  28  19  3
  0  66  1  88  2  34  3  53  4  94  5  69  6  60  7  6  8  70  9  80  10  8  11  63  12  50  13  74  14  68  15  12  16  81  17  67  18  6  19  7
  0  91  1  10  2  66  3  81  4  58  5  33  6  46  7  74  8  5  9  76  10  2  11  26  12  20  13  73  14  76  15  95  16  81  17  30  18  73  19  88
  0  44  1  31  2  10  3  1  4  13  5  67  6  26  7  28  8  10  9  67  10  33  11  81  12  21  13  58  14  30  15  18  16  62  17  10  18  8  19  69
  0  14  1  37  2  43  3  42  4  9  5  44  6  38  7  8  8  75  9  54  10  50  11  4  12  57  13  62  14  35  15  38  16  87  17  78  18  86  19  35
  0  67  1  77  2  49  3  90  4  81  5  58  6  39  7  17  8  54  9  80  10  92  11  83  12  24  13  36  14  34  15  5  16  2  17  64  18  38  19  20
  0  25  1  28  2  4  3  57  4  27  5  1  6  2  7  1  8  92  9  46  10  31  11  76  12  61  13  70  14  8  15  43  16  2  17  89  18  80  19  49
  0  68  1  51  2  29  3  93  4  9  5  82  6  6  7  96  8  96  9  67  10  15  11  66  12  89  13  75  14  44  15  33  16  55  17  87  18  97  19  68
  0  7  1  97  2  87  3  24  4  30  5  83  6  83  7  46  8  17  9  71  10  36  11  60  12  22  13  45  14  15  15  29  16  2  17  72  18  31  19  27
  0  24  1  46  2  28  3  83  4  33  5  59  6  74  7  88  8  25  9  75  10  81  11  70  12  66  13  51  14  27  15  74  16  47  17  20  18  70  19  14
  0  72  1  61  2  81  3  72  4  14  5  97  6  19  7  70  8  91  9  92  10  29  11  31  12  48  13  58  14  58  15  8  16  28  17  83  18  95  19  60
  0  2  1  34  2  82  3  87  4  64  5  11  6  66  7  50  8  18  9  43  10  84  11  57  12  19  13  57  14  91  15  85  16  28  17  60  18  80  19  49
  0  27  1  19  2  66  3  69  4  66  5  29  6  6  7  77  8  56  9  87  10  2  11  60  12  34  13  44  14  98  15  52  16  53  17  73  18  69  19  3
  0  82  1  84  2  61  3  92  4  17  5  93  6  32  7  73  8  28  9  95  10  9  11  49  12  12  13  16  14  51  15  33  16  9  17  42  18  91  19  34
  0  7  1  53  2  82  3  78  4  55  5  4  6  99  7  49  8  41  9  22  10  42  11  8  12  10  13  36  14  56  15  34  16  33  17  47  18  66  19  89
  0  64  1  83  2  83  3  6  4  11  5  37  6  41  7  34  8  37  9  50  10  55  11  18  12  74  13  1  14  25  15  78  16  78  17  22  18  25  19  15
  0  95  1  29  2  39  3  69  4  5  5  57  6  44  7  99  8  44  9  31  10  52  11  62  12  65  13  17  14  53  15  6  16  44  17  25  18  36  19  17
  0  48  1  66  2  58  3  73  4  64  5  87  6  9  7  3  8  3  9  24  10  85  11  36  12  43  13  58  14  58  15  18  16  4  17  67  18  23  19  10
  0  33  1  98  2  44  3  96  4  47  5  1  6  40  7  86  8  90  9  11  10  81  11  47  12  69  13  71  14  82  15  45  16  89  17  12  18  11  19  71
  0  7  1  48  2  60  3  53  4  64  5  59  6  44  7  8  8  77  9  55  10  9  11  83  12  88  13  42  14  89  15  75  16  5  17  56  18  32  19  39
  0  86  1  17  2  69  3  21  4  62  5  7  6  30  7  80  8  67  9  11  10  3  11  77  12  54  13  47  14  2  15  54  16  99  17  74  18  84  19  24
  0  28  1  68  2  39  3  43  4  13  5  92  6  35  7  56  8  19  9  19  10  92  11  5  12  28  13  51  14  37  15  60  16  20  17  79  18  22  19  25
  0  28  1  59  2  51  3  93  4  90  5  87  6  29  7  84  8  49  9  32  10  15  11  75  12  90  13  21  14  70  15  14  16  10  17  22  18  18  19  73
  0  51  1  36  2  51  3  74  4  65  5  14  6  65  7  11  8  69  9  60  10  2  11  31  12  6  13  73  14  18  15  68  16  44  17  50  18  34  19  35
  0  68  1  50  2  14  3  97  4  33  5  92  6  79  7  21  8  94  9  37  10  73  11  40  12  46  13  70  14  9  15  95  16  10  17  92  18  82  19  49
  0  70  1  85  2  31  3  48  4  44  5  7  6  60  7  26  8  28  9  30  10  78  11  52  12  71  13  36  14  8  15  54  16  56  17  24  18  66  19  89
  0  89  1  88  2  32  3  42  4  32  5  1  6  38  7  62  8  30  9  64  10  61  11  74  12  16  13  53  14  94  15  29  16  94  17  51  18  32  19  68
  0  35  1  36  2  94  3  34  4  29  5  87  6  66  7  34  8  94  9  22  10  47  11  49  12  25  13  64  14  19  15  46  16  20  17  16  18  81  19  23
  0  49  1  94  2  19  3  16  4  29  5  27  6  93  7  29  8  15  9  41  10  80  11  72  12  43  13  90  14  83  15  27  16  72  17  89  18  5  19  53
  0  14  1  56  2  62  3  31  4  38  5  88  6  55  7  92  8  3  9  23  10  50  11  76  12  53  13  40  14  20  15  26  16  70  17  34  18  54  19  3
  0  73  1  46  2  49  3  93  4  11  5  31  6  19  7  32  8  87  9  17  10  85  11  53  12  14  13  61  14  68  15  65  16  75  17  29  18  57  19  99
  0  57  1  38  2  28  3  74  4  82  5  43  6  71  7  86  8  28  9  64  10  18  11  9  12  43  13  76  14  77  15  62  16  82  17  9  18  42  19  1
  0  21  1  33  2  13  3  4  4  27  5  35  6  47  7  85  8  89  9  90  10  35  11  60  12  42  13  96  14  66  15  18  16  36  17  39  18  29  19  5
  0  28  1  75  2  50  3  5  4  8  5  82  6  98  7  87  8  82  9  88  10  67  11  36  12  75  13  91  14  40  15  1  16  18  17  41  18  95  19  26
  0  42  1  16  2  96  3  47  4  1  5  45  6  90  7  61  8  71  9  48  10  90  11  14  12  25  13  85  14  36  15  52  16  56  17  51  18  41  19  51
  0  20  1  49  2  78  3  92  4  11  5  33  6  63  7  65  8  83  9  5  10  35  11  24  12  2  13  88  14  43  15  7  16  55  17  45  18  92  19  11
  0  3  1  83  2  2  3  73  4  9  5  78  6  80  7  14  8  87  9  11  10  32  11  15  12  84  13  84  14  28  15  76  16  47  17  90  18  25  19  46
  0  56  1  17  2  5  3  17  4  46  5  30  6  72  7  63  8  16  9  70  10  37  11  22  12  3  13  45  14  51  15  72  16  1  17  2  18  7  19  51
  0  7  1  28  2  88  3  17  4  52  5  2  6  41  7  46  8  60  9  81  10  13  11  19  12  98  13  32  14  66  15  45  16  59  17  2  18  77  19  17
  0  70  1  13  2  57  3  5  4  3  5  22  6  75  7  23  8  57  9  66  10  63  11  32  12  28  13  8  14  28  15  70  16  79  17  22  18  12  19  10
  0  83  1  17  2  58  3  84  4  6  5  68  6  98  7  47  8  34  9  4  10  44  11  45  12  94  13  73  14  59  15  19  16  89  17  92  18  54  19  64
  0  64  1  49  2  14  3  21  4  72  5  94  6  60  7  65  8  5  9  80  10  4  11  30  12  11  13  93  14  42  15  72  16  9  17  10  18  5  19  68
  0  71  1  75  2  58  3  3  4  42  5  70  6  17  7  76  8  11  9  25  10  13  11  65  12  43  13  88  14  45  15  87  16  69  17  73  18  91  19  69
  0  50  1  28  2  53  3  18  4  91  5  99  6  85  7  37  8  67  9  2  10  4  11  51  12  78  13  94  14  97  15  18  16  53  17  36  18  75  19  39
  0  68  1  76  2  24  3  17  4  47  5  88  6  63  7  2  8  55  9  65  10  22  11  26  12  23  13  26  14  65  15  38  16  33  17  11  18  58  19  59
  0  78  1  56  2  39  3  42  4  71  5  78  6  35  7  98  8  49  9  16  10  50  11  23  12  26  13  92  14  3  15  40  16  61  17  19  18  96  19  34
  0  76  1  34  2  49  3  55  4  10  5  54  6  16  7  6  8  2  9  92  10  74  11  48  12  67  13  47  14  71  15  87  16  74  17  83  18  40  19  28
  0  35  1  68  2  27  3  94  4  1  5  8  6  11  7  80  8  7  9  9  10  90  11  58  12  84  13  78  14  64  15  53  16  81  17  4  18  49  19  88
  0  19  1  99  2  92  3  37  4  96  5  14  6  84  7  38  8  18  9  6  10  78  11  66  12  96  13  68  14  62  15  71  16  72  17  46  18  56  19  12
  0  33  1  56  2  13  3  49  4  40  5  39  6  55  7  93  8  91  9  79  10  83  11  6  12  68  13  75  14  19  15  88  16  57  17  59  18  79  19  42
  0  43  1  78  2  9  3  49  4  5  5  3  6  82  7  24  8  74  9  20  10  91  11  33  12  25  13  20  14  52  15  82  16  12  17  95  18  5  19  27
  0  76  1  2  2  5  3  26  4  87  5  52  6  2  7  88  8  76  9  51  10  80  11  52  12  95  13  76  14  85  15  91  16  13  17  74  18  84  19  71
  0  1  1  32  2  13  3  69  4  1  5  25  6  16  7  36  8  75  9  65  10  88  11  77  12  56  13  4  14  69  15  72  16  73  17  51  18  38  19  53
  0  12  1  20  2  29  3  22  4  31  5  11  6  61  7  81  8  56  9  98  10  35  11  87  12  1  13  74  14  64  15  74  16  11  17  59  18  32  19  89
  0  15  1  6  2  81  3  50  4  33  5  35  6  5  7  18  8  81  9  83  10  68  11  21  12  56  13  60  14  90  15  7  16  13  17  34  18  79  19  84
  0  52  1  6  2  70  3  97  4  84  5  25  6  35  7  27  8  36  9  74  10  49  11  23  12  22  13  13  14  52  15  24  16  90  17  56  18  9  19  88
  0  23  1  49  2  77  3  61  4  33  5  33  6  47  7  62  8  11  9  37  10  83  11  45  12  4  13  39  14  1  15  75  16  17  17  55  18  56  19  32
  0  94  1  87  2  38  3  19  4  95  5  23  6  63  7  55  8  97  9  45  10  49  11  59  12  68  13  36  14  97  15  68  16  99  17  59  18  5  19  48
  0  4  1  50  2  8  3  82  4  94  5  57  6  1  7  49  8  24  9  22  10  9  11  22  12  33  13  78  14  85  15  62  16  44  17  9  18  74  19  75
  0  5  1  89  2  63  3  58  4  46  5  22  6  5  7  60  8  47  9  29  10  86  11  23  12  77  13  40  14  84  15  91  16  91  17  32  18  22  19  97
  0  85  1  72  2  17  3  56  4  34  5  92  6  3  7  37  8  82  9  83  10  39  11  94  12  44  13  94  14  60  15  67  16  43  17  75  18  21  19  86
  0  96  1  92  2  37  3  48  4  27  5  17  6  41  7  45  8  43  9  50  10  80  11  52  12  43  13  44  14  49  15  20  16  12  17  37  18  19  19  32
  0  34  1  2  2  9  3  97  4  33  5  78  6  19  7  15  8  1  9  50  10  14  11  19  12  4  13  64  14  23  15  87  16  53  17  27  18  98  19  92
  0  83  1  12  2  66  3  92  4  92  5  62  6  21  7  25  8  13  9  84  10  85  11  35  12  29  13  53  14  26  15  48  16  69  17  74  18  88  19  86
  0  23  1  92  2  95  3  58  4  58  5  25  6  27  7  5  8  66  9  55  10  77  11  59  12  28  13  31  14  39  15  55  16  91  17  41  18  93  19  10
  0  17  1  73  2  71  3  36  4  6  5  68  6  33  7  84  8  36  9  27  10  87  11  14  12  66  13  36  14  24  15  32  16  81  17  19  18  57  19  66
  0  84  1  28  2  87  3  46  4  74  5  36  6  28  7  24  8  51  9  83  10  70  11  39  12  37  13  2  14  67  15  27  16  11  17  18  18  64  19  22
  0  96  1  98  2  6  3  84  4  51  5  5  6  3  7  93  8  26  9  52  10  39  11  38  12  31  13  10  14  38  15  34  16  3  17  70  18  32  19  34
  0  44  1  83  2  4  3  5  4  18  5  36  6  86  7  2  8  98  9  10  10  51  11  51  12  99  13  62  14  4  15  36  16  49  17  10  18  80  19  21
  0  79  1  97  2  19  3  91  4  41  5  2  6  33  7  77  8  78  9  89  10  22  11  76  12  97  13  22  14  88  15  25  16  39  17  5  18  59  19  54
  0  32  1  91  2  20  3  43  4  75  5  8  6  12  7  57  8  95  9  52  10  49  11  23  12  61  13  90  14  63  15  96  16  55  17  48  18  71  19  7
  0  47  1  64  2  39  3  89  4  99  5  69  6  67  7  44  8  11  9  1  10  37  11  82  12  79  13  51  14  92  15  42  16  35  17  36  18  30  19  87
  0  79  1  24  2  50  3  31  4  24  5  31  6  58  7  25  8  22  9  30  10  47  11  32  12  38  13  79  14  92  15  64  16  93  17  87  18  27  19  34
  0  76  1  80  2  91  3  82  4  19  5  13  6  84  7  68  8  76  9  66  10  30  11  21  12  51  13  3  14  66  15  5  16  53  17  83  18  12  19  50
  0  97  1  66  2  50  3  38  4  64  5  34  6  65  7  44  8  82  9  23  10  98  11  91  12  14  13  65  14  17  15  55  16  37  17  43  18  9  19  22
  0  77  1  27  2  53  3  99  4  14  5  57  6  29  7  31  8  66  9  75  10  52  11  49  12  46  13  19  14  63  15  85  16  21  17  40  18  7  19  24
  0  27  1  15  2  60  3  42  4  32  5  40  6  25  7  2  8  26  9  44  10  72  11  76  12  98  13  63  14  10  15  20  16  34  17  46  18  12  19  22
  0  15  1  98  2  26  3  97  4  41  5  84  6  69  7  14  8  84  9  25  10  40  11  50  12  44  13  89  14  34  15  37  16  72  17  54  18  48  19  25
  0  87  1  61  2  79  3  83  4  85  5  35  6  83  7  29  8  32  9  15  10  35  11  17  12  82  13  10  14  3  15  73  16  61  17  1  18  42  19  36
  0  17  1  29  2  56  3  19  4  10  5  64  6  89  7  52  8  12  9  21  10  40  11  28  12  30  13  74  14  27  15  72  16  65  17  15  18  25  19  24
  0  88  1  99  2  64  3  82  4  86  5  29  6  69  7  58  8  95  9  44  10  52  11  44  12  61  13  9  14  19  15  81  16  57  17  43  18  38  19  92
  0  57  1  17  2  75  3  18  4  70  5  6  6  8  7  45  8  47  9  88  10  57  11  56  12  41  13  25  14  12  15  10  16  74  17  41  18  36  19  33
  0  39  1  32  2  67  3  6  4  44  5  32  6  60  7  36  8  77  9  21  10  39  11  89  12  50  13  83  14  47  15  2  16  33  17  16  18  12  19  84
  0  24  1  59  2  72  3  26  4  83  5  4  6  33  7  18  8  30  9  92  10  32  11  81  12  94  13  18  14  47  15  65  16  74  17  81  18  82  19  37
  0  21  1  80  2  96  3  99  4  62  5  27  6  69  7  87  8  50  9  4  10  22  11  48  12  71  13  40  14  35  15  86  16  70  17  40  18  30  19  53
  0  67  1  97  2  6  3  87  4  74  5  95  6  48  7  43  8  44  9  54  10  59  11  87  12  94  13  95  14  59  15  6  16  2  17  16  18  77  19  87
  0  63  1  8  2  19  3  68  4  47  5  61  6  78  7  44  8  12  9  26  10  49  11  87  12  34  13  32  14  27  15  37  16  97  17  98  18  24  19  38
  0  28  1  63  2  34  3  43  4  61  5  25  6  23  7  20  8  8  9  83  10  26  11  13  12  19  13  6  14  75  15  58  16  93  17  66  18  5  19  53
  0  76  1  41  2  82  3  19  4  12  5  36  6  87  7  19  8  90  9  97  10  21  11  23  12  83  13  32  14  22  15  12  16  46  17  22  18  27  19  78
  0  51  1  29  2  89  3  77  4  72  5  13  6  63  7  5  8  34  9  13  10  89  11  22  12  90  13  56  14  68  15  72  16  14  17  15  18  95  19  23
  0  87  1  6  2  81  3  49  4  51  5  1  6  5  7  50  8  28  9  24  10  55  11  44  12  38  13  12  14  65  15  96  16  89  17  86  18  47  19  70
  0  75  1  70  2  76  3  11  4  39  5  31  6  88  7  1  8  85  9  37  10  82  11  39  12  32  13  70  14  44  15  42  16  53  17  23  18  40  19  69
  0  44  1  60  2  40  3  8  4  5  5  59  6  67  7  86  8  40  9  20  10  87  11  95  12  7  13  26  14  80  15  30  16  64  17  13  18  72  19  81
  0  6  1  35  2  99  3  60  4  74  5  83  6  41  7  8  8  97  9  65  10  50  11  31  12  93  13  49  14  57  15  85  16  23  17  59  18  34  19  65
  0  4  1  46  2  40  3  98  4  1  5  78  6  86  7  41  8  66  9  38  10  92  11  20  12  87  13  6  14  19  15  80  16  71  17  71  18  3  19  25
  0  71  1  10  2  32  3  49  4  27  5  96  6  26  7  20  8  95  9  68  10  19  11  54  12  67  13  40  14  56  15  72  16  13  17  42  18  50  19  59
  0  2  1  34  2  68  3  47  4  75  5  10  6  31  7  96  8  90  9  2  10  51  11  51  12  47  13  52  14  49  15  87  16  58  17  98  18  15  19  82
  0  58  1  2  2  1  3  73  4  26  5  13  6  82  7  87  8  81  9  44  10  96  11  50  12  86  13  17  14  63  15  21  16  46  17  71  18  48  19  4
  0  6  1  81  2  6  3  19  4  78  5  2  6  39  7  62  8  56  9  40  10  34  11  67  12  79  13  43  14  76  15  47  16  82  17  14  18  60  19  89
  0  26  1  26  2  22  3  30  4  93  5  89  6  86  7  27  8  10  9  81  10  2  11  3  12  96  13  55  14  82  15  39  16  4  17  82  18  7  19  43
  0  48  1  95  2  41  3  99  4  62  5  37  6  63  7  98  8  46  9  34  10  28  11  3  12  51  13  43  14  92  15  68  16  56  17  45  18  94  19  75
  0  10  1  90  2  46  3  92  4  54  5  8  6  89  7  97  8  42  9  32  10  30  11  48  12  18  13  26  14  39  15  27  16  40  17  94  18  99  19  55
  0  37  1  4  2  17  3  26  4  44  5  66  6  45  7  85  8  61  9  68  10  85  11  4  12  23  13  18  14  53  15  75  16  75  17  63  18  32  19  58
  0  96  1  2  2  54  3  48  4  11  5  86  6  75  7  26  8  81  9  90  10  42  11  44  12  80  13  88  14  54  15  36  16  72  17  78  18  85  19  53
  0  56  1  28  2  6  3  77  4  57  5  44  6  17  7  55  8  65  9  82  10  12  11  60  12  53  13  59  14  96  15  67  16  25  17  15  18  42  19  98
  0  84  1  61  2  69  3  94  4  11  5  96  6  65  7  86  8  89  9  78  10  92  11  94  12  46  13  86  14  45  15  85  16  54  17  14  18  49  19  37
  0  36  1  69  2  24  3  20  4  79  5  82  6  45  7  78  8  21  9  44  10  79  11  75  12  83  13  10  14  80  15  38  16  68  17  74  18  66  19  6
  0  30  1  77  2  12  3  85  4  92  5  93  6  40  7  46  8  87  9  36  10  84  11  28  12  9  13  63  14  58  15  29  16  28  17  66  18  56  19  8
  0  15  1  91  2  68  3  11  4  45  5  2  6  94  7  6  8  4  9  8  10  72  11  1  12  11  13  2  14  63  15  51  16  17  17  87  18  72  19  5
  0  66  1  84  2  78  3  35  4  13  5  44  6  3  7  58  8  33  9  20  10  59  11  33  12  79  13  66  14  40  15  86  16  65  17  69  18  51  19  33
  0  75  1  19  2  91  3  54  4  33  5  91  6  33  7  70  8  96  9  95  10  67  11  29  12  28  13  96  14  4  15  68  16  82  17  31  18  39  19  53
  0  10  1  63  2  52  3  81  4  48  5  66  6  68  7  13  8  78  9  6  10  10  11  54  12  46  13  73  14  29  15  24  16  80  17  2  18  81  19  73
  0  67  1  36  2  98  3  18  4  48  5  74  6  55  7  40  8  63  9  81  10  43  11  35  12  59  13  34  14  3  15  36  16  10  17  76  18  72  19  24
  0  46  1  69  2  50  3  7  4  90  5  72  6  83  7  47  8  19  9  98  10  35  11  40  12  23  13  14  14  82  15  95  16  30  17  82  18  49  19  61
  0  7  1  92  2  87  3  5  4  64  5  82  6  51  7  27  8  13  9  73  10  17  11  81  12  67  13  82  14  71  15  30  16  88  17  58  18  50  19  35
  0  97  1  67  2  94  3  5  4  15  5  24  6  80  7  10  8  13  9  51  10  20  11  49  12  73  13  1  14  41  15  37  16  89  17  72  18  5  19  39
  0  61  1  21  2  13  3  75  4  70  5  33  6  95  7  63  8  30  9  11  10  21  11  76  12  47  13  2  14  29  15  50  16  52  17  50  18  3  19  40
  0  67  1  74  2  23  3  17  4  29  5  80  6  64  7  83  8  83  9  82  10  45  11  7  12  20  13  73  14  15  15  20  16  19  17  70  18  63  19  48
  0  10  1  50  2  78  3  38  4  83  5  14  6  78  7  14  8  3  9  66  10  1  11  87  12  98  13  8  14  36  15  83  16  50  17  47  18  18  19  73
  0  76  1  6  2  21  3  16  4  10  5  72  6  24  7  57  8  9  9  10  10  35  11  29  12  33  13  34  14  6  15  61  16  3  17  27  18  52  19  82
  0  90  1  35  2  73  3  82  4  44  5  75  6  53  7  68  8  20  9  52  10  54  11  12  12  83  13  47  14  53  15  7  16  8  17  51  18  85  19  53
  0  66  1  29  2  93  3  51  4  12  5  61  6  79  7  64  8  86  9  80  10  30  11  95  12  99  13  7  14  64  15  82  16  71  17  62  18  92  19  91
  0  28  1  88  2  22  3  80  4  99  5  29  6  31  7  67  8  53  9  29  10  93  11  6  12  54  13  73  14  39  15  59  16  66  17  68  18  68  19  42
  0  96  1  27  2  64  3  43  4  69  5  22  6  62  7  70  8  83  9  18  10  90  11  74  12  75  13  88  14  66  15  38  16  7  17  84  18  16  19  40
  0  38  1  17  2  82  3  34  4  66  5  47  6  94  7  3  8  23  9  31  10  42  11  66  12  80  13  32  14  74  15  67  16  99  17  10  18  3  19  54
  0  17  1  56  2  5  3  43  4  66  5  21  6  26  7  20  8  64  9  63  10  40  11  17  12  17  13  13  14  35  15  86  16  29  17  23  18  3  19  30
  0  19  1  64  2  62  3  85  4  65  5  78  6  51  7  61  8  44  9  89  10  65  11  71  12  39  13  56  14  13  15  21  16  18  17  96  18  35  19  37
  0  19  1  29  2  3  3  44  4  97  5  5  6  78  7  37  8  1  9  35  10  26  11  93  12  95  13  22  14  84  15  25  16  62  17  59  18  58  19  72
  0  19  1  67  2  74  3  84  4  50  5  59  6  13  7  36  8  49  9  62  10  25  11  76  12  98  13  56  14  77  15  16  16  49  17  71  18  85  19  87
  0  75  1  83  2  46  3  45  4  6  5  97  6  63  7  85  8  67  9  84  10  27  11  95  12  95  13  41  14  99  15  82  16  85  17  71  18  22  19  17
  0  92  1  8  2  21  3  5  4  13  5  37  6  5  7  81  8  97  9  77  10  74  11  65  12  77  13  30  14  69  15  40  16  7  17  23  18  47  19  44
  0  56  1  76  2  57  3  80  4  3  5  95  6  58  7  81  8  10  9  62  10  78  11  92  12  84  13  59  14  43  15  62  16  56  17  77  18  98  19  39
  0  27  1  77  2  9  3  24  4  65  5  4  6  17  7  33  8  67  9  68  10  77  11  57  12  88  13  72  14  25  15  27  16  29  17  7  18  11  19  23
  0  24  1  68  2  43  3  95  4  71  5  81  6  8  7  66  8  6  9  94  10  40  11  39  12  77  13  17  14  96  15  44  16  29  17  93  18  33  19  82
  0  60  1  46  2  95  3  55  4  9  5  23  6  70  7  85  8  19  9  36  10  63  11  77  12  59  13  85  14  93  15  58  16  7  17  78  18  27  19  12
  0  18  1  23  2  83  3  84  4  48  5  29  6  91  7  33  8  92  9  57  10  82  11  46  12  68  13  4  14  33  15  44  16  41  17  93  18  7  19  60
  0  75  1  39  2  66  3  38  4  80  5  77  6  30  7  17  8  52  9  96  10  6  11  69  12  37  13  9  14  51  15  30  16  95  17  35  18  93  19  26
  0  13  1  12  2  50  3  85  4  82  5  30  6  20  7  10  8  93  9  63  10  20  11  5  12  59  13  55  14  19  15  30  16  86  17  69  18  71  19  7
  0  75  1  17  2  48  3  86  4  87  5  14  6  37  7  79  8  37  9  47  10  47  11  80  12  77  13  43  14  41  15  63  16  99  17  53  18  81  19  13
  0  58  1  25  2  60  3  27  4  90  5  17  6  62  7  98  8  7  9  54  10  58  11  65  12  54  13  62  14  50  15  87  16  75  17  13  18  5  19  91
  0  42  1  66  2  42  3  86  4  10  5  97  6  80  7  41  8  27  9  38  10  38  11  89  12  9  13  87  14  54  15  83  16  44  17  44  18  83  19  22
  0  6  1  84  2  50  3  32  4  72  5  92  6  5  7  72  8  92  9  96  10  88  11  72  12  43  13  81  14  14  15  55  16  64  17  86  18  13  19  85
  0  76  1  92  2  3  3  55  4  2  5  70  6  95  7  83  8  55  9  45  10  16  11  99  12  78  13  78  14  30  15  49  16  24  17  9  18  99  19  19
  0  12  1  66  2  93  3  85  4  28  5  71  6  42  7  27  8  29  9  85  10  5  11  64  12  70  13  59  14  88  15  99  16  76  17  11  18  49  19  88
  0  15  1  18  2  37  3  61  4  55  5  21  6  96  7  58  8  9  9  50  10  18  11  80  12  89  13  41  14  94  15  39  16  42  17  4  18  53  19  69
  0  24  1  35  2  42  3  43  4  38  5  22  6  1  7  88  8  56  9  56  10  49  11  11  12  74  13  51  14  71  15  60  16  97  17  57  18  72  19  4
  0  35  1  94  2  39  3  86  4  63  5  52  6  36  7  99  8  89  9  34  10  19  11  75  12  2  13  39  14  32  15  94  16  17  17  5  18  39  19  67
  0  46  1  71  2  2  3  15  4  42  5  20  6  87  7  80  8  98  9  98  10  98  11  31  12  18  13  59  14  35  15  46  16  56  17  45  18  34  19  79
  0  33  1  11  2  54  3  63  4  50  5  64  6  1  7  88  8  50  9  68  10  3  11  55  12  33  13  35  14  82  15  16  16  80  17  89  18  98  19  27
  0  88  1  19  2  38  3  88  4  81  5  99  6  77  7  40  8  71  9  79  10  74  11  46  12  89  13  66  14  22  15  81  16  86  17  43  18  95  19  98
  0  92  1  15  2  80  3  49  4  88  5  36  6  36  7  81  8  16  9  15  10  65  11  37  12  25  13  59  14  71  15  23  16  57  17  14  18  30  19  30
  0  96  1  28  2  12  3  17  4  39  5  25  6  29  7  2  8  62  9  72  10  84  11  98  12  4  13  82  14  61  15  22  16  67  17  82  18  80  19  29
  0  29  1  39  2  91  3  70  4  3  5  21  6  2  7  86  8  85  9  34  10  51  11  51  12  3  13  80  14  75  15  62  16  16  17  1  18  28  19  23
  0  63  1  12  2  54  3  66  4  51  5  51  6  28  7  24  8  4  9  93  10  2  11  30  12  57  13  95  14  28  15  15  16  47  17  70  18  53  19  30
  0  12  1  34  2  97  3  18  4  41  5  37  6  59  7  4  8  12  9  95  10  16  11  71  12  7  13  84  14  13  15  77  16  12  17  39  18  57  19  80
  0  19  1  4  2  56  3  7  4  99  5  5  6  68  7  84  8  17  9  41  10  67  11  8  12  93  13  26  14  19  15  20  16  48  17  14  18  31  19  12
  0  78  1  99  2  36  3  1  4  42  5  79  6  89  7  14  8  69  9  3  10  23  11  95  12  14  13  59  14  71  15  31  16  9  17  76  18  55  19  20
  0  4  1  27  2  9  3  74  4  91  5  63  6  61  7  22  8  43  9  42  10  29  11  13  12  24  13  93  14  76  15  87  16  52  17  48  18  32  19  53
  0  16  1  38  2  92  3  49  4  74  5  23  6  44  7  30  8  98  9  13  10  74  11  89  12  32  13  86  14  61  15  86  16  76  17  35  18  65  19  67
  0  26  1  64  2  60  3  80  4  15  5  47  6  71  7  41  8  53  9  8  10  10  11  80  12  51  13  82  14  31  15  95  16  67  17  71  18  44  19  78
  0  38  1  1  2  56  3  86  4  59  5  45  6  28  7  3  8  28  9  72  10  67  11  76  12  81  13  40  14  3  15  44  16  76  17  17  18  99  19  89
  0  93  1  39  2  13  3  78  4  81  5  8  6  95  7  68  8  43  9  94  10  8  11  5  12  56  13  19  14  77  15  31  16  74  17  87  18  34  19  82
  0  32  1  42  2  99  3  44  4  77  5  40  6  6  7  81  8  88  9  52  10  85  11  95  12  55  13  85  14  49  15  33  16  22  17  28  18  43  19  77
  0  35  1  96  2  43  3  88  4  39  5  34  6  60  7  71  8  1  9  67  10  25  11  87  12  81  13  54  14  88  15  42  16  61  17  51  18  85  19  24
  0  92  1  88  2  98  3  41  4  52  5  55  6  50  7  32  8  97  9  96  10  21  11  7  12  61  13  95  14  31  15  62  16  29  17  2  18  72  19  79
  0  94  1  99  2  64  3  79  4  80  5  55  6  57  7  22  8  68  9  73  10  33  11  52  12  85  13  52  14  53  15  41  16  30  17  22  18  65  19  62
  0  37  1  4  2  74  3  20  4  18  5  23  6  19  7  8  8  29  9  66  10  26  11  57  12  43  13  63  14  38  15  24  16  36  17  30  18  23  19  7
  0  12  1  22  2  7  3  2  4  23  5  56  6  10  7  31  8  70  9  22  10  65  11  15  12  79  13  80  14  45  15  55  16  88  17  27  18  26  19  59
  0  97  1  63  2  77  3  30  4  68  5  2  6  52  7  86  8  68  9  5  10  97  11  99  12  90  13  24  14  36  15  55  16  18  17  6  18  73  19  78
  0  85  1  55  2  41  3  82  4  72  5  96  6  67  7  29  8  37  9  66  10  43  11  3  12  52  13  16  14  32  15  52  16  25  17  24  18  33  19  35
  0  1  1  43  2  90  3  79  4  86  5  23  6  21  7  51  8  41  9  91  10  96  11  73  12  20  13  86  14  5  15  57  16  68  17  61  18  73  19  32
  0  11  1  17  2  29  3  76  4  67  5  35  6  38  7  3  8  97  9  1  10  27  11  38  12  67  13  48  14  6  15  1  16  62  17  74  18  32  19  77
  0  22  1  97  2  73  3  34  4  52  5  46  6  85  7  35  8  31  9  21  10  87  11  33  12  41  13  66  14  15  15  68  16  76  17  23  18  87  19  88
  0  9  1  68  2  98  3  67  4  8  5  62  6  41  7  96  8  64  9  50  10  9  11  73  12  47  13  93  14  47  15  7  16  94  17  25  18  37  19  12
  0  29  1  63  2  33  3  77  4  39  5  18  6  2  7  20  8  69  9  69  10  22  11  43  12  9  13  27  14  38  15  93  16  73  17  67  18  90  19  74
  0  24  1  35  2  63  3  31  4  61  5  39  6  3  7  60  8  89  9  81  10  30  11  84  12  40  13  14  14  25  15  87  16  2  17  87  18  59  19  23
  0  95  1  54  2  24  3  25  4  83  5  39  6  50  7  92  8  18  9  83  10  45  11  19  12  51  13  26  14  75  15  93  16  66  17  82  18  74  19  94
  0  14  1  35  2  58  3  55  4  50  5  38  6  77  7  61  8  8  9  7  10  30  11  21  12  59  13  46  14  23  15  21  16  51  17  34  18  63  19  37
  0  8  1  70  2  87  3  92  4  42  5  37  6  96  7  54  8  22  9  63  10  37  11  34  12  78  13  72  14  34  15  23  16  53  17  40  18  96  19  72
  0  19  1  19  2  24  3  9  4  27  5  1  6  95  7  43  8  63  9  4  10  25  11  7  12  14  13  25  14  99  15  32  16  74  17  94  18  50  19  60
  0  46  1  9  2  15  3  28  4  24  5  42  6  90  7  91  8  49  9  61  10  85  11  72  12  78  13  85  14  24  15  35  16  18  17  67  18  61  19  31
  0  3  1  5  2  4  3  78  4  18  5  87  6  55  7  54  8  9  9  40  10  26  11  9  12  16  13  33  14  75  15  54  16  27  17  57  18  80  19  64
  0  47  1  85  2  42  3  90  4  14  5  76  6  82  7  96  8  14  9  79  10  86  11  51  12  85  13  56  14  88  15  33  16  6  17  32  18  27  19  48
  0  88  1  28  2  87  3  49  4  62  5  42  6  33  7  19  8  94  9  94  10  77  11  49  12  65  13  34  14  60  15  31  16  36  17  81  18  22  19  44
  0  51  1  62  2  80  3  94  4  63  5  43  6  88  7  51  8  74  9  76  10  79  11  82  12  40  13  27  14  68  15  82  16  79  17  31  18  44  19  50
  0  67  1  95  2  76  3  51  4  26  5  65  6  29  7  73  8  36  9  99  10  34  11  79  12  26  13  31  14  2  15  81  16  16  17  13  18  31  19  18
  0  26  1  73  2  75  3  1  4  73  5  21  6  69  7  60  8  15  9  82  10  15  11  7  12  19  13  66  14  91  15  79  16  62  17  80  18  31  19  76
  0  90  1  47  2  83  3  55  4  89  5  86  6  50  7  56  8  59  9  79  10  67  11  16  12  73  13  19  14  69  15  25  16  79  17  7  18  65  19  87
  0  76  1  68  2  93  3  71  4  56  5  75  6  56  7  46  8  15  9  17  10  46  11  74  12  57  13  52  14  3  15  75  16  54  17  21  18  73  19  92
  0  41  1  18  2  65  3  32  4  34  5  44  6  16  7  52  8  33  9  96  10  99  11  19  12  28  13  50  14  74  15  55  16  19  17  56  18  27  19  62
  0  32  1  52  2  50  3  78  4  77  5  59  6  95  7  97  8  89  9  17  10  63  11  87  12  42  13  69  14  18  15  54  16  36  17  22  18  60  19  57
  0  91  1  14  2  85  3  61  4  92  5  79  6  98  7  95  8  77  9  7  10  78  11  42  12  69  13  4  14  12  15  74  16  75  17  25  18  37  19  28
  0  20  1  42  2  57  3  66  4  75  5  38  6  32  7  73  8  15  9  63  10  46  11  88  12  96  13  98  14  8  15  74  16  50  17  94  18  50  19  55
  0  37  1  89  2  5  3  1  4  89  5  26  6  96  7  27  8  58  9  21  10  69  11  28  12  30  13  57  14  39  15  81  16  87  17  93  18  41  19  78
  0  11  1  18  2  11  3  75  4  69  5  5  6  21  7  66  8  40  9  25  10  59  11  23  12  37  13  29  14  24  15  54  16  64  17  14  18  65  19  76
  0  14  1  33  2  10  3  7  4  63  5  11  6  36  7  11  8  57  9  67  10  94  11  63  12  75  13  75  14  87  15  20  16  18  17  99  18  50  19  1
  0  57  1  88  2  3  3  18  4  45  5  15  6  71  7  21  8  73  9  1  10  73  11  40  12  17  13  59  14  41  15  28  16  19  17  38  18  22  19  59
  0  96  1  56  2  65  3  21  4  66  5  63  6  6  7  4  8  29  9  64  10  89  11  90  12  56  13  90  14  2  15  81  16  67  17  1  18  3  19  22
  0  5  1  59  2  72  3  11  4  21  5  15  6  20  7  6  8  54  9  67  10  16  11  58  12  50  13  22  14  43  15  48  16  50  17  49  18  88  19  82
  0  76  1  95  2  5  3  99  4  48  5  28  6  22  7  84  8  38  9  6  10  95  11  78  12  51  13  3  14  10  15  59  16  65  17  26  18  72  19  4
  0  85  1  12  2  81  3  66  4  94  5  89  6  41  7  41  8  1  9  40  10  55  11  90  12  13  13  2  14  32  15  45  16  3  17  84  18  75  19  22
  0  26  1  11  2  47  3  12  4  16  5  80  6  26  7  32  8  69  9  36  10  92  11  41  12  85  13  77  14  28  15  67  16  42  17  47  18  91  19  1
  0  99  1  80  2  21  3  37  4  76  5  7  6  78  7  94  8  47  9  36  10  20  11  17  12  34  13  62  14  75  15  49  16  11  17  82  18  58  19  52
  0  38  1  98  2  48  3  86  4  86  5  58  6  11  7  73  8  35  9  47  10  46  11  25  12  35  13  55  14  93  15  10  16  86  17  48  18  18  19  68
  0  66  1  43  2  56  3  20  4  95  5  69  6  16  7  14  8  52  9  39  10  39  11  20  12  56  13  85  14  75  15  59  16  76  17  35  18  29  19  20
  0  48  1  9  2  78  3  17  4  6  5  87  6  80  7  69  8  47  9  78  10  99  11  37  12  4  13  60  14  34  15  6  16  78  17  8  18  29  19  36
  0  68  1  17  2  97  3  12  4  95  5  79  6  81  7  32  8  2  9  79  10  29  11  74  12  91  13  11  14  82  15  79  16  16  17  41  18  81  19  58
  0  43  1  64  2  39  3  22  4  60  5  27  6  44  7  78  8  82  9  14  10  91  11  44  12  91  13  23  14  55  15  79  16  6  17  78  18  42  19  27
  0  68  1  53  2  1  3  25  4  6  5  1  6  69  7  18  8  78  9  16  10  91  11  90  12  43  13  83  14  25  15  99  16  92  17  73  18  27  19  65
  0  42  1  91  2  4  3  69  4  64  5  5  6  31  7  53  8  24  9  95  10  7  11  21  12  38  13  6  14  80  15  89  16  66  17  85  18  75  19  40
  0  14  1  53  2  3  3  60  4  97  5  32  6  13  7  94  8  20  9  20  10  64  11  23  12  21  13  6  14  82  15  43  16  35  17  47  18  39  19  39
  0  65  1  55  2  91  3  39  4  31  5  75  6  49  7  14  8  79  9  40  10  53  11  52  12  50  13  34  14  99  15  36  16  42  17  17  18  33  19  84
  0  14  1  73  2  86  3  33  4  18  5  87  6  69  7  99  8  62  9  73  10  87  11  19  12  32  13  98  14  85  15  60  16  26  17  90  18  34  19  65
  0  84  1  2  2  78  3  65  4  25  5  75  6  66  7  64  8  93  9  60  10  81  11  97  12  9  13  32  14  68  15  5  16  66  17  31  18  22  19  75
  0  12  1  47  2  81  3  53  4  8  5  80  6  48  7  14  8  57  9  68  10  7  11  44  12  56  13  70  14  45  15  90  16  82  17  36  18  78  19  67
  0  50  1  99  2  29  3  15  4  91  5  82  6  27  7  73  8  28  9  95  10  21  11  7  12  54  13  72  14  20  15  77  16  57  17  67  18  6  19  81
  0  20  1  13  2  84  3  71  4  98  5  14  6  68  7  41  8  72  9  14  10  8  11  43  12  95  13  83  14  13  15  68  16  13  17  99  18  29  19  1
  0  2  1  3  2  67  3  32  4  73  5  88  6  98  7  4  8  31  9  43  10  59  11  95  12  65  13  21  14  29  15  99  16  51  17  59  18  82  19  30
  0  56  1  43  2  23  3  69  4  95  5  77  6  43  7  41  8  75  9  47  10  84  11  75  12  16  13  39  14  80  15  92  16  55  17  77  18  7  19  20
  0  60  1  3  2  77  3  40  4  3  5  76  6  49  7  3  8  84  9  3  10  45  11  75  12  2  13  99  14  87  15  95  16  97  17  60  18  99  19  69
  0  44  1  81  2  49  3  13  4  34  5  56  6  2  7  29  8  97  9  59  10  31  11  92  12  58  13  58  14  99  15  51  16  98  17  52  18  98  19  86
  0  2  1  99  2  32  3  92  4  82  5  97  6  57  7  53  8  33  9  23  10  31  11  39  12  39  13  42  14  23  15  53  16  51  17  68  18  92  19  85
  0  4  1  90  2  52  3  63  4  24  5  33  6  36  7  17  8  78  9  10  10  74  11  80  12  42  13  74  14  38  15  2  16  83  17  90  18  88  19  45
  0  15  1  72  2  58  3  88  4  40  5  62  6  52  7  66  8  96  9  54  10  35  11  7  12  87  13  70  14  46  15  51  16  37  17  66  18  67  19  75
  0  25  1  2  2  21  3  40  4  72  5  10  6  81  7  24  8  94  9  70  10  28  11  55  12  41  13  30  14  72  15  8  16  83  17  63  18  29  19  46
  0  30  1  56  2  29  3  39  4  66  5  36  6  83  7  50  8  61  9  10  10  44  11  19  12  79  13  66  14  27  15  48  16  97  17  58  18  97  19  81
  0  15  1  68  2  21  3  40  4  89  5  29  6  33  7  38  8  63  9  54  10  89  11  14  12  46  13  81  14  97  15  30  16  70  17  62  18  32  19  33
  0  41  1  31  2  86  3  87  4  38  5  36  6  28  7  16  8  52  9  32  10  45  11  97  12  51  13  55  14  8  15  35  16  24  17  20  18  71  19  72
  0  32  1  34  2  16  3  18  4  70  5  2  6  84  7  30  8  33  9  65  10  54  11  47  12  6  13  10  14  86  15  76  16  59  17  26  18  3  19  77
  0  3  1  11  2  2  3  97  4  18  5  40  6  21  7  53  8  88  9  64  10  89  11  55  12  99  13  90  14  36  15  32  16  64  17  51  18  50  19  89
  0  98  1  97  2  8  3  18  4  67  5  42  6  6  7  30  8  56  9  46  10  76  11  96  12  53  13  35  14  64  15  9  16  36  17  71  18  91  19  80
  0  11  1  40  2  58  3  82  4  34  5  1  6  22  7  57  8  19  9  30  10  78  11  62  12  19  13  53  14  44  15  46  16  20  17  36  18  76  19  46
  0  1  1  91  2  20  3  62  4  34  5  11  6  51  7  59  8  37  9  37  10  46  11  82  12  3  13  37  14  21  15  3  16  61  17  32  18  91  19  21
  0  59  1  99  2  74  3  2  4  51  5  64  6  12  7  11  8  40  9  16  10  99  11  72  12  23  13  49  14  48  15  90  16  14  17  10  18  1  19  79
  0  58  1  64  2  5  3  1  4  56  5  60  6  88  7  14  8  64  9  37  10  9  11  77  12  44  13  89  14  59  15  64  16  63  17  2  18  55  19  65
  0  87  1  16  2  48  3  10  4  9  5  92  6  23  7  24  8  91  9  65  10  72  11  2  12  45  13  18  14  82  15  52  16  49  17  29  18  45  19  66
  0  85  1  63  2  82  3  8  4  63  5  88  6  77  7  7  8  29  9  75  10  12  11  41  12  6  13  89  14  65  15  8  16  5  17  86  18  49  19  31
  0  99  1  76  2  45  3  57  4  52  5  3  6  91  7  32  8  40  9  77  10  42  11  64  12  24  13  41  14  66  15  19  16  41  17  54  18  94  19  88
  0  32  1  35  2  16  3  45  4  20  5  2  6  64  7  71  8  14  9  83  10  79  11  8  12  2  13  4  14  19  15  83  16  39  17  62  18  39  19  11
  0  70  1  50  2  4  3  61  4  35  5  94  6  58  7  44  8  34  9  5  10  94  11  69  12  61  13  69  14  97  15  63  16  38  17  30  18  28  19  55
  0  97  1  24  2  11  3  75  4  97  5  75  6  12  7  14  8  75  9  80  10  27  11  36  12  64  13  11  14  23  15  61  16  35  17  34  18  5  19  44
  0  30  1  24  2  82  3  13  4  15  5  5  6  80  7  54  8  52  9  69  10  11  11  65  12  72  13  41  14  85  15  83  16  16  17  82  18  65  19  88
  0  38  1  78  2  51  3  31  4  32  5  34  6  65  7  23  8  95  9  60  10  94  11  7  12  53  13  59  14  83  15  81  16  98  17  9  18  85  19  57
  0  35  1  27  2  36  3  58  4  18  5  53  6  90  7  6  8  22  9  77  10  40  11  45  12  13  13  18  14  6  15  97  16  61  17  9  18  63  19  53
  0  48  1  64  2  63  3  44  4  56  5  22  6  42  7  40  8  27  9  86  10  27  11  84  12  44  13  23  14  97  15  45  16  65  17  70  18  59  19  46
  0  10  1  80  2  16  3  26  4  90  5  98  6  77  7  12  8  26  9  38  10  21  11  14  12  80  13  23  14  91  15  96  16  28  17  88  18  26  19  57
  0  21  1  82  2  16  3  27  4  20  5  93  6  62  7  85  8  9  9  89  10  69  11  31  12  11  13  73  14  94  15  73  16  73  17  59  18  51  19  28
  0  82  1  41  2  16  3  16  4  38  5  4  6  6  7  31  8  87  9  97  10  20  11  99  12  10  13  81  14  59  15  52  16  82  17  88  18  63  19  92
  0  97  1  99  2  44  3  16  4  84  5  4  6  96  7  32  8  67  9  78  10  4  11  75  12  69  13  47  14  89  15  22  16  26  17  64  18  75  19  40
  0  90  1  54  2  31  3  38  4  30  5  4  6  56  7  3  8  39  9  70  10  6  11  30  12  39  13  76  14  53  15  82  16  28  17  81  18  63  19  46
  0  90  1  74  2  10  3  62  4  8  5  3  6  61  7  48  8  4  9  50  10  18  11  44  12  21  13  26  14  85  15  43  16  27  17  14  18  5  19  99
  0  77  1  19  2  66  3  14  4  99  5  83  6  10  7  38  8  66  9  82  10  58  11  63  12  65  13  2  14  39  15  71  16  4  17  68  18  14  19  60
  0  93  1  96  2  94  3  88  4  98  5  44  6  32  7  88  8  52  9  11  10  95  11  39  12  67  13  23  14  90  15  11  16  3  17  77  18  74  19  18
  0  62  1  45  2  62  3  34  4  23  5  56  6  55  7  62  8  42  9  17  10  5  11  75  12  70  13  27  14  13  15  47  16  75  17  5  18  36  19  49
  0  68  1  35  2  17  3  94  4  63  5  90  6  95  7  41  8  29  9  1  10  51  11  83  12  7  13  72  14  79  15  7  16  5  17  73  18  18  19  72
  0  95  1  36  2  59  3  64  4  70  5  54  6  25  7  19  8  35  9  68  10  85  11  99  12  42  13  66  14  51  15  15  16  2  17  40  18  66  19  72
  0  17  1  85  2  89  3  22  4  26  5  32  6  31  7  34  8  55  9  26  10  82  11  14  12  15  13  28  14  75  15  48  16  86  17  80  18  29  19  30
  0  95  1  59  2  90  3  20  4  50  5  22  6  74  7  28  8  2  9  6  10  60  11  29  12  64  13  54  14  85  15  47  16  80  17  54  18  60  19  69
  0  32  1  27  2  99  3  76  4  36  5  9  6  20  7  98  8  70  9  97  10  68  11  33  12  7  13  65  14  76  15  87  16  76  17  59  18  62  19  36
  0  65  1  37  2  5  3  82  4  26  5  17  6  79  7  99  8  60  9  34  10  32  11  68  12  96  13  27  14  16  15  27  16  79  17  8  18  30  19  40
  0  28  1  84  2  30  3  6  4  52  5  38  6  94  7  84  8  13  9  73  10  82  11  18  12  78  13  93  14  97  15  59  16  13  17  73  18  57  19  48
  0  89  1  32  2  29  3  86  4  20  5  18  6  70  7  8  8  44  9  69  10  14  11  49  12  28  13  11  14  48  15  56  16  46  17  94  18  13  19  92
  0  57  1  1  2  96  3  30  4  7  5  52  6  7  7  35  8  96  9  13  10  51  11  85  12  26  13  70  14  56  15  83  16  79  17  29  18  1  19  39
  0  15  1  51  2  48  3  52  4  93  5  35  6  2  7  15  8  38  9  15  10  20  11  95  12  20  13  16  14  66  15  6  16  2  17  4  18  69  19  38
  0  6  1  13  2  37  3  33  4  60  5  37  6  37  7  18  8  63  9  29  10  39  11  15  12  58  13  26  14  81  15  29  16  7  17  5  18  16  19  41
  0  10  1  44  2  26  3  79  4  14  5  32  6  45  7  53  8  97  9  52  10  93  11  49  12  24  13  39  14  37  15  37  16  14  17  83  18  17  19  51
  0  64  1  27  2  11  3  9  4  26  5  80  6  33  7  9  8  7  9  56  10  58  11  20  12  75  13  89  14  61  15  32  16  62  17  1  18  81  19  59
  0  10  1  16  2  60  3  97  4  96  5  49  6  17  7  71  8  43  9  25  10  60  11  46  12  84  13  68  14  39  15  70  16  48  17  14  18  91  19  74
  0  92  1  15  2  46  3  62  4  81  5  25  6  76  7  40  8  97  9  14  10  22  11  85  12  37  13  26  14  17  15  67  16  25  17  87  18  91  19  37
  0  36  1  41  2  54  3  68  4  33  5  39  6  42  7  24  8  41  9  41  10  16  11  60  12  19  13  94  14  37  15  10  16  8  17  86  18  40  19  94
  0  56  1  3  2  7  3  70  4  61  5  30  6  82  7  92  8  68  9  88  10  18  11  59  12  15  13  76  14  3  15  82  16  29  17  65  18  32  19  72
  0  4  1  90  2  36  3  50  4  98  5  99  6  39  7  24  8  66  9  74  10  45  11  88  12  85  13  36  14  69  15  30  16  47  17  88  18  47  19  59
  0  43  1  74  2  98  3  92  4  32  5  37  6  32  7  56  8  96  9  11  10  18  11  93  12  16  13  5  14  52  15  80  16  4  17  23  18  2  19  98
  0  5  1  53  2  2  3  14  4  40  5  22  6  43  7  56  8  42  9  75  10  72  11  5  12  25  13  58  14  81  15  16  16  75  17  94  18  88  19  60
  0  69  1  78  2  2  3  44  4  42  5  39  6  34  7  41  8  61  9  45  10  21  11  51  12  98  13  53  14  42  15  65  16  81  17  10  18  53  19  17
  0  76  1  78  2  86  3  18  4  47  5  41  6  62  7  36  8  64  9  86  10  40  11  63  12  87  13  12  14  83  15  55  16  28  17  65  18  21  19  70
  0  60  1  39  2  38  3  26  4  61  5  65  6  17  7  41  8  80  9  85  10  22  11  58  12  63  13  3  14  90  15  40  16  98  17  13  18  79  19  86
  0  51  1  13  2  72  3  38  4  2  5  89  6  58  7  35  8  5  9  68  10  26  11  61  12  43  13  62  14  41  15  94  16  35  17  48  18  98  19  37
  0  13  1  75  2  64  3  1  4  97  5  62  6  56  7  62  8  29  9  53  10  17  11  26  12  22  13  36  14  92  15  59  16  66  17  35  18  14  19  69
  0  82  1  46  2  28  3  55  4  14  5  65  6  60  7  55  8  97  9  22  10  79  11  55  12  66  13  44  14  94  15  44  16  59  17  89  18  24  19  29
  0  44  1  31  2  4  3  42  4  94  5  84  6  29  7  2  8  46  9  6  10  35  11  18  12  58  13  12  14  79  15  47  16  31  17  84  18  75  19  32
  0  58  1  71  2  73  3  94  4  33  5  95  6  19  7  62  8  9  9  29  10  6  11  36  12  9  13  4  14  17  15  45  16  20  17  50  18  29  19  42
  0  15  1  2  2  3  3  21  4  9  5  92  6  3  7  83  8  13  9  49  10  7  11  75  12  59  13  46  14  13  15  58  16  14  17  72  18  40  19  6
  0  91  1  39  2  82  3  29  4  43  5  17  6  74  7  76  8  80  9  90  10  61  11  59  12  51  13  58  14  92  15  90  16  95  17  29  18  88  19  61
  0  36  1  73  2  23  3  63  4  75  5  59  6  50  7  52  8  18  9  57  10  56  11  4  12  33  13  92  14  9  15  8  16  29  17  7  18  44  19  2
  0  94  1  24  2  14  3  33  4  43  5  54  6  75  7  21  8  61  9  75  10  99  11  31  12  33  13  63  14  39  15  1  16  15  17  88  18  60  19  80
  0  61  1  71  2  62  3  60  4  45  5  77  6  5  7  21  8  2  9  97  10  36  11  12  12  10  13  36  14  95  15  45  16  85  17  5  18  17  19  77
  0  32  1  1  2  69  3  91  4  95  5  13  6  11  7  17  8  18  9  73  10  37  11  50  12  70  13  74  14  44  15  57  16  18  17  93  18  64  19  71
  0  57  1  5  2  6  3  27  4  10  5  74  6  35  7  79  8  84  9  64  10  77  11  6  12  18  13  89  14  99  15  96  16  73  17  6  18  45  19  70
  0  59  1  21  2  93  3  72  4  76  5  66  6  88  7  50  8  30  9  57  10  49  11  11  12  49  13  29  14  56  15  91  16  10  17  51  18  83  19  20
  0  48  1  27  2  15  3  26  4  10  5  38  6  64  7  50  8  72  9  14  10  88  11  44  12  44  13  1  14  66  15  55  16  20  17  85  18  73  19  75
  0  37  1  96  2  95  3  45  4  87  5  64  6  33  7  79  8  56  9  44  10  10  11  52  12  97  13  25  14  81  15  36  16  83  17  58  18  8  19  8
  0  58  1  97  2  38  3  48  4  13  5  45  6  9  7  13  8  48  9  10  10  73  11  42  12  81  13  55  14  5  15  29  16  41  17  89  18  30  19  87
  0  30  1  92  2  3  3  65  4  59  5  31  6  23  7  10  8  95  9  74  10  42  11  74  12  53  13  10  14  32  15  20  16  36  17  52  18  96  19  57
  0  17  1  54  2  59  3  38  4  87  5  91  6  51  7  72  8  38  9  75  10  82  11  41  12  45  13  2  14  74  15  49  16  68  17  56  18  83  19  97
  0  86  1  26  2  53  3  11  4  37  5  88  6  55  7  22  8  20  9  83  10  25  11  6  12  90  13  75  14  94  15  28  16  61  17  75  18  80  19  33
  0  60  1  81  2  75  3  93  4  47  5  40  6  55  7  93  8  65  9  50  10  1  11  28  12  80  13  66  14  94  15  27  16  49  17  62  18  40  19  46
  0  2  1  64  2  11  3  72  4  41  5  67  6  42  7  51  8  92  9  92  10  6  11  23  12  51  13  56  14  36  15  21  16  16  17  40  18  94  19  90
  0  3  1  2  2  8  3  2  4  83  5  63  6  91  7  83  8  85  9  49  10  60  11  8  12  51  13  85  14  88  15  77  16  46  17  64  18  56  19  25
  0  53  1  43  2  14  3  4  4  11  5  36  6  38  7  30  8  63  9  98  10  66  11  37  12  38  13  40  14  33  15  2  16  82  17  98  18  39  19  94
  0  98  1  56  2  39  3  49  4  72  5  99  6  17  7  41  8  93  9  39  10  88  11  43  12  99  13  40  14  58  15  89  16  96  17  47  18  99  19  51
  0  33  1  76  2  60  3  25  4  37  5  32  6  99  7  84  8  51  9  67  10  3  11  25  12  2  13  78  14  41  15  42  16  1  17  25  18  70  19  82
  0  77  1  3  2  85  3  75  4  69  5  12  6  65  7  46  8  25  9  5  10  85  11  43  12  3  13  98  14  89  15  55  16  73  17  83  18  29  19  81
  0  43  1  79  2  18  3  90  4  63  5  2  6  78  7  82  8  6  9  44  10  48  11  27  12  2  13  7  14  89  15  69  16  83  17  98  18  31  19  90
  0  67  1  14  2  5  3  89  4  83  5  53  6  85  7  24  8  29  9  41  10  33  11  5  12  94  13  59  14  91  15  60  16  11  17  98  18  9  19  91
  0  88  1  3  2  66  3  98  4  76  5  41  6  38  7  47  8  44  9  58  10  22  11  91  12  56  13  67  14  13  15  2  16  18  17  95  18  1  19  32
  0  92  1  87  2  23  3  40  4  28  5  43  6  98  7  52  8  29  9  33  10  35  11  20  12  83  13  10  14  63  15  23  16  20  17  34  18  61  19  9
  0  40  1  58  2  73  3  70  4  80  5  49  6  9  7  19  8  81  9  40  10  9  11  82  12  62  13  47  14  3  15  50  16  44  17  83  18  87  19  38
  0  61  1  56  2  3  3  43  4  59  5  40  6  96  7  29  8  58  9  54  10  89  11  30  12  39  13  83  14  93  15  97  16  87  17  28  18  38  19  3
  0  83  1  69  2  3  3  78  4  43  5  83  6  74  7  75  8  29  9  47  10  74  11  41  12  9  13  11  14  8  15  64  16  15  17  33  18  44  19  44
  0  24  1  10  2  44  3  65  4  92  5  33  6  60  7  97  8  80  9  67  10  92  11  46  12  66  13  29  14  95  15  25  16  47  17  96  18  33  19  31
  0  52  1  13  2  47  3  34  4  29  5  25  6  85  7  12  8  82  9  88  10  6  11  1  12  61  13  45  14  45  15  44  16  38  17  17  18  19  19  44
  0  23  1  16  2  7  3  64  4  3  5  26  6  21  7  27  8  94  9  29  10  70  11  11  12  63  13  75  14  62  15  44  16  39  17  20  18  22  19  41
  0  30  1  75  2  1  3  30  4  18  5  46  6  5  7  70  8  90  9  63  10  87  11  65  12  35  13  12  14  62  15  4  16  1  17  37  18  34  19  95
  0  16  1  58  2  70  3  83  4  98  5  43  6  48  7  49  8  14  9  3  10  45  11  36  12  54  13  22  14  66  15  67  16  52  17  37  18  33  19  29
  0  52  1  10  2  56  3  38  4  94  5  83  6  86  7  34  8  99  9  96  10  9  11  38  12  45  13  5  14  18  15  95  16  72  17  37  18  4  19  75
  0  83  1  70  2  29  3  4  4  87  5  23  6  63  7  47  8  29  9  81  10  33  11  77  12  6  13  13  14  82  15  92  16  38  17  47  18  51  19  51
  0  73  1  8  2  40  3  67  4  28  5  26  6  87  7  68  8  87  9  93  10  97  11  7  12  38  13  11  14  92  15  79  16  92  17  38  18  72  19  7
  0  21  1  81  2  6  3  52  4  17  5  40  6  93  7  11  8  57  9  10  10  72  11  79  12  27  13  35  14  42  15  95  16  15  17  19  18  52  19  2
  0  24  1  63  2  68  3  72  4  27  5  97  6  3  7  26  8  69  9  88  10  92  11  84  12  9  13  79  14  45  15  66  16  36  17  72  18  90  19  24
  0  7  1  66  2  14  3  70  4  97  5  9  6  51  7  37  8  67  9  19  10  79  11  70  12  48  13  12  14  25  15  57  16  53  17  96  18  68  19  32
  0  44  1  62  2  45  3  22  4  82  5  54  6  43  7  7  8  93  9  8  10  42  11  17  12  92  13  99  14  82  15  98  16  59  17  22  18  23  19  9
  0  51  1  3  2  33  3  28  4  8  5  16  6  46  7  95  8  82  9  61  10  44  11  12  12  82  13  9  14  71  15  60  16  37  17  27  18  82  19  41
  0  4  1  57  2  87  3  26  4  84  5  84  6  32  7  68  8  14  9  33  10  33  11  27  12  42  13  82  14  71  15  2  16  35  17  68  18  83  19  75
  0  34  1  34  2  33  3  8  4  78  5  43  6  31  7  42  8  76  9  56  10  47  11  10  12  66  13  43  14  38  15  39  16  6  17  81  18  61  19  9
  0  97  1  63  2  78  3  12  4  25  5  14  6  46  7  98  8  42  9  75  10  57  11  34  12  86  13  47  14  79  15  86  16  59  17  44  18  6  19  13
  0  14  1  40  2  11  3  32  4  59  5  5  6  72  7  94  8  40  9  43  10  14  11  78  12  82  13  99  14  75  15  83  16  87  17  86  18  8  19  98
  0  27  1  59  2  56  3  61  4  78  5  20  6  75  7  44  8  88  9  54  10  98  11  19  12  69  13  14  14  47  15  3  16  46  17  96  18  41  19  82
  0  28  1  9  2  78  3  58  4  70  5  89  6  60  7  63  8  32  9  33  10  1  11  60  12  68  13  52  14  41  15  99  16  2  17  64  18  57  19  2
  0  58  1  81  2  31  3  8  4  69  5  53  6  22  7  93  8  72  9  82  10  67  11  46  12  67  13  9  14  89  15  58  16  94  17  49  18  90  19  77
  0  62  1  24  2  63  3  20  4  29  5  5  6  45  7  40  8  12  9  77  10  8  11  7  12  95  13  96  14  45  15  30  16  50  17  75  18  96  19  52
  0  68  1  45  2  40  3  78  4  14  5  60  6  27  7  15  8  26  9  55  10  45  11  49  12  94  13  68  14  30  15  88  16  53  17  79  18  68  19  29
  0  16  1  48  2  54  3  33  4  61  5  33  6  5  7  37  8  54  9  33  10  29  11  5  12  43  13  78  14  21  15  26  16  83  17  72  18  16  19  89
  0  63  1  51  2  21  3  7  4  50  5  15  6  33  7  53  8  68  9  52  10  82  11  62  12  82  13  53  14  69  15  83  16  45  17  91  18  91  19  79
  0  34  1  19  2  73  3  51  4  93  5  91  6  44  7  84  8  46  9  40  10  26  11  74  12  41  13  42  14  35  15  77  16  58  17  51  18  95  19  79
  0  87  1  15  2  29  3  86  4  39  5  58  6  70  7  83  8  74  9  35  10  9  11  15  12  47  13  65  14  76  15  70  16  94  17  8  18  9  19  3
  0  32  1  50  2  74  3  82  4  26  5  97  6  28  7  92  8  59  9  4  10  40  11  9  12  2  13  72  14  22  15  1  16  67  17  20  18  21  19  88
  0  6  1  90  2  81  3  95  4  61  5  44  6  81  7  17  8  7  9  64  10  89  11  79  12  29  13  77  14  21  15  57  16  18  17  54  18  57  19  82
  0  95  1  39  2  81  3  57  4  88  5  42  6  42  7  57  8  9  9  81  10  30  11  78  12  31  13  50  14  53  15  81  16  50  17  64  18  27  19  21
  0  73  1  11  2  29  3  68  4  81  5  84  6  71  7  67  8  48  9  8  10  2  11  82  12  23  13  60  14  31  15  22  16  7  17  60  18  43  19  57
  0  64  1  75  2  51  3  61  4  73  5  67  6  87  7  31  8  96  9  76  10  48  11  90  12  20  13  14  14  39  15  71  16  92  17  25  18  78  19  9
  0  81  1  22  2  62  3  25  4  3  5  13  6  96  7  71  8  98  9  71  10  49  11  55  12  88  13  26  14  84  15  69  16  88  17  63  18  69  19  4
  0  91  1  67  2  73  3  11  4  53  5  51  6  5  7  44  8  25  9  40  10  39  11  4  12  17  13  23  14  58  15  47  16  3  17  78  18  79  19  54
  0  87  1  37  2  53  3  56  4  97  5  43  6  73  7  65  8  66  9  20  10  4  11  63  12  32  13  66  14  28  15  40  16  66  17  18  18  78  19  90
  0  94  1  62  2  95  3  99  4  83  5  2  6  29  7  86  8  99  9  80  10  76  11  93  12  83  13  33  14  18  15  17  16  64  17  27  18  9  19  34
  0  28  1  86  2  17  3  71  4  23  5  39  6  32  7  18  8  32  9  20  10  84  11  71  12  80  13  10  14  34  15  72  16  45  17  12  18  35  19  83
  0  79  1  78  2  80  3  91  4  74  5  49  6  79  7  47  8  18  9  68  10  25  11  89  12  30  13  73  14  52  15  95  16  80  17  90  18  99  19  57
  0  8  1  78  2  18  3  93  4  15  5  92  6  88  7  24  8  99  9  72  10  57  11  78  12  35  13  72  14  80  15  23  16  35  17  88  18  41  19  6
  0  47  1  46  2  3  3  72  4  59  5  57  6  77  7  1  8  24  9  66  10  42  11  49  12  33  13  30  14  42  15  20  16  91  17  9  18  37  19  82
  0  73  1  66  2  96  3  15  4  64  5  4  6  58  7  44  8  21  9  68  10  78  11  5  12  98  13  26  14  68  15  48  16  35  17  76  18  77  19  56
  0  82  1  49  2  66  3  59  4  30  5  24  6  93  7  61  8  59  9  46  10  3  11  3  12  31  13  41  14  75  15  35  16  77  17  48  18  92  19  83
  0  70  1  20  2  36  3  9  4  75  5  66  6  92  7  11  8  12  9  36  10  60  11  31  12  94  13  63  14  71  15  32  16  4  17  23  18  77  19  82
  0  27  1  79  2  55  3  66  4  64  5  6  6  34  7  86  8  90  9  24  10  58  11  48  12  6  13  89  14  30  15  30  16  40  17  13  18  91  19  80
  0  75  1  4  2  51  3  97  4  5  5  68  6  55  7  87  8  42  9  6  10  68  11  99  12  58  13  75  14  8  15  80  16  4  17  37  18  34  19  15
  0  26  1  87  2  24  3  22  4  31  5  36  6  46  7  37  8  11  9  99  10  28  11  3  12  45  13  11  14  97  15  29  16  64  17  67  18  9  19  23
  0  17  1  63  2  13  3  79  4  78  5  87  6  20  7  81  8  7  9  72  10  59  11  70  12  17  13  34  14  54  15  64  16  34  17  34  18  39  19  47
  0  66  1  51  2  8  3  50  4  71  5  53  6  67  7  98  8  35  9  98  10  21  11  11  12  80  13  2  14  28  15  40  16  68  17  59  18  96  19  29
  0  68  1  16  2  12  3  2  4  1  5  97  6  9  7  13  8  83  9  70  10  37  11  30  12  41  13  79  14  84  15  22  16  40  17  92  18  48  19  84
  0  85  1  41  2  72  3  1  4  70  5  40  6  98  7  53  8  66  9  24  10  87  11  11  12  14  13  34  14  14  15  63  16  26  17  53  18  42  19  78
  0  34  1  47  2  35  3  6  4  27  5  87  6  54  7  45  8  68  9  51  10  47  11  62  12  90  13  15  14  41  15  19  16  6  17  13  18  82  19  39
  0  69  1  2  2  88  3  41  4  2  5  57  6  9  7  7  8  48  9  12  10  6  11  53  12  20  13  80  14  2  15  48  16  76  17  67  18  62  19  72
  0  5  1  17  2  94  3  13  4  35  5  74  6  1  7  69  8  87  9  67  10  7  11  71  12  33  13  5  14  39  15  61  16  24  17  82  18  60  19  87
  0  29  1  26  2  44  3  3  4  61  5  1  6  74  7  81  8  96  9  96  10  94  11  81  12  34  13  44  14  37  15  16  16  11  17  18  18  20  19  31
  0  3  1  67  2  68  3  76  4  67  5  32  6  27  7  39  8  6  9  68  10  52  11  62  12  39  13  85  14  99  15  68  16  57  17  52  18  59  19  80
  0  55  1  47  2  85  3  78  4  71  5  47  6  45  7  55  8  17  9  80  10  62  11  59  12  17  13  86  14  36  15  30  16  45  17  72  18  82  19  67
  0  2  1  38  2  88  3  88  4  58  5  21  6  9  7  70  8  93  9  91  10  35  11  73  12  74  13  75  14  15  15  95  16  65  17  8  18  8  19  14
  0  60  1  35  2  85  3  87  4  82  5  17  6  48  7  60  8  93  9  4  10  82  11  67  12  4  13  78  14  94  15  28  16  71  17  1  18  2  19  5
  0  36  1  91  2  50  3  39  4  39  5  29  6  7  7  92  8  97  9  69  10  33  11  76  12  57  13  95  14  46  15  25  16  31  17  62  18  12  19  47
  0  98  1  92  2  49  3  85  4  35  5  41  6  14  7  40  8  72  9  34  10  7  11  44  12  35  13  39  14  23  15  7  16  85  17  45  18  30  19  54
  0  81  1  40  2  53  3  32  4  30  5  15  6  91  7  56  8  79  9  39  10  7  11  21  12  4  13  94  14  49  15  95  16  50  17  42  18  13  19  88
  0  65  1  65  2  45  3  37  4  24  5  33  6  43  7  60  8  15  9  49  10  99  11  91  12  65  13  94  14  17  15  68  16  10  17  84  18  68  19  45
  0  27  1  82  2  81  3  64  4  10  5  56  6  94  7  98  8  37  9  61  10  75  11  38  12  57  13  83  14  36  15  10  16  17  17  89  18  68  19  32
  0  79  1  54  2  76  3  44  4  27  5  67  6  95  7  74  8  34  9  34  10  16  11  30  12  55  13  37  14  56  15  14  16  77  17  11  18  44  19  20
  0  18  1  41  2  8  3  54  4  67  5  11  6  90  7  63  8  12  9  35  10  30  11  8  12  94  13  66  14  65  15  76  16  81  17  59  18  79  19  44
  0  51  1  34  2  70  3  26  4  29  5  63  6  20  7  53  8  23  9  80  10  1  11  14  12  47  13  90  14  36  15  4  16  20  17  14  18  18  19  77
  0  90  1  14  2  26  3  23  4  30  5  76  6  18  7  80  8  72  9  36  10  79  11  70  12  14  13  93  14  62  15  24  16  94  17  37  18  33  19  20
TPM
  0  2857  1  2857  2  2857  3  2857  4  2857  5  2857  6  2857  7  2857  8  2857  9  2857  10  2857  11  2857  12  2857  13  2857  14  2857  15  2857  16  2857  17  2857  18  2857  19  2857
PMT
  0  33  1  118  2  19  3  90  4  16  5  120  6  10  7  85  8  73  9  141  10  33  11  10  12  26  13  122  14  42  15  101  16  23  17  98  18  43  19  110
  0  118  1  40  2  42  3  70  4  126  5  88  6  28  7  142  8  125  9  67  10  37  11  8  12  10  13  10  14  110  15  98  16  42  17  70  18  129  19  126
  0  141  1  142  2  1  3  124  4  56  5  14  6  114  7  121  8  56  9  10  10  61  11  2  12  18  13  34  14  114  15  106  16  50  17  27  18  89  19  123
  0  13  1  135  2  144  3  71  4  100  5  80  6  35  7  93  8  79  9  134  10  93  11  87  12  10  13  145  14  73  15  23  16  121  17  121  18  120  19  80
  0  59  1  87  2  59  3  52  4  22  5  122  6  144  7  61  8  57  9  144  10  5  11  13  12  97  13  136  14  30  15  59  16  79  17  149  18  69  19  15
  0  104  1  109  2  61  3  77  4  61  5  32  6  84  7  132  8  91  9  143  10  35  11  44  12  38  13  104  14  88  15  107  16  97  17  37  18  121  19  83
  0  125  1  89  2  90  3  107  4  48  5  114  6  53  7  38  8  103  9  21  10  106  11  142  12  143  13  38  14  75  15  61  16  92  17  40  18  10  19  94
  0  106  1  99  2  82  3  4  4  81  5  117  6  111  7  54  8  107  9  55  10  64  11  25  12  95  13  16  14  60  15  69  16  105  17  137  18  81  19  1
  0  120  1  79  2  110  3  45  4  125  5  56  6  57  7  4  8  62  9  18  10  121  11  116  12  134  13  29  14  146  15  29  16  66  17  18  18  14  19  119
  0  115  1  100  2  22  3  39  4  118  5  138  6  65  7  124  8  38  9  143  10  88  11  17  12  12  13  94  14  111  15  81  16  25  17  100  18  109  19  22
  0  91  1  22  2  81  3  71  4  117  5  143  6  64  7  115  8  105  9  129  10  48  11  119  12  85  13  42  14  75  15  133  16  59  17  132  18  105  19  17
  0  35  1  92  2  3  3  84  4  49  5  121  6  57  7  50  8  16  9  49  10  64  11  87  12  10  13  18  14  146  15  94  16  118  17  76  18  81  19  37
  0  101  1  10  2  84  3  60  4  27  5  146  6  35  7  18  8  91  9  28  10  19  11  52  12  111  13  114  14  7  15  128  16  135  17  46  18  115  19  90
  0  23  1  30  2  86  3  22  4  112  5  28  6  115  7  138  8  29  9  80  10  94  11  95  12  39  13  100  14  59  15  136  16  3  17  26  18  40  19  1
  0  101  1  65  2  89  3  51  4  107  5  62  6  91  7  1  8  116  9  39  10  70  11  80  12  19  13  114  14  67  15  99  16  104  17  134  18  80  19  119
  0  11  1  130  2  108  3  69  4  143  5  77  6  128  7  135  8  123  9  138  10  114  11  97  12  138  13  94  14  142  15  101  16  134  17  106  18  50  19  81
  0  70  1  104  2  72  3  88  4  27  5  23  6  82  7  147  8  2  9  29  10  125  11  69  12  54  13  72  14  85  15  113  16  124  17  46  18  68  19  34
  0  98  1  137  2  8  3  22  4  114  5  22  6  148  7  104  8  131  9  141  10  83  11  78  12  14  13  80  14  44  15  71  16  118  17  18  18  87  19  146
