20  15
  0  99  1  9  2  13  3  28  4  67  5  78  6  82  7  93  8  93  9  12  10  77  11  31  12  19  13  39  14  97
  0  70  1  10  2  57  3  90  4  39  5  1  6  11  7  22  8  41  9  18  10  14  11  47  12  88  13  41  14  52
  0  13  1  31  2  78  3  46  4  9  5  66  6  44  7  46  8  40  9  43  10  75  11  95  12  99  13  74  14  24
  0  97  1  59  2  20  3  8  4  41  5  6  6  29  7  6  8  8  9  91  10  28  11  40  12  37  13  80  14  95
  0  72  1  32  2  5  3  81  4  5  5  39  6  58  7  42  8  73  9  17  10  7  11  95  12  63  13  4  14  72
  0  39  1  90  2  19  3  39  4  67  5  25  6  78  7  78  8  81  9  56  10  7  11  84  12  92  13  18  14  66
  0  88  1  43  2  29  3  43  4  71  5  10  6  18  7  68  8  5  9  61  10  29  11  45  12  89  13  77  14  39
  0  21  1  65  2  60  3  26  4  32  5  15  6  86  7  69  8  98  9  93  10  93  11  80  12  49  13  37  14  92
  0  73  1  8  2  55  3  32  4  51  5  73  6  91  7  92  8  46  9  61  10  18  11  65  12  49  13  6  14  98
  0  27  1  20  2  29  3  23  4  53  5  51  6  35  7  15  8  9  9  38  10  73  11  57  12  97  13  73  14  92
  0  84  1  92  2  72  3  67  4  38  5  45  6  92  7  81  8  94  9  67  10  6  11  90  12  94  13  26  14  33
  0  92  1  45  2  86  3  65  4  6  5  68  6  20  7  5  8  95  9  21  10  24  11  18  12  25  13  7  14  57
  0  93  1  17  2  63  3  65  4  16  5  45  6  74  7  50  8  23  9  95  10  62  11  27  12  3  13  71  14  60
  0  49  1  49  2  22  3  43  4  9  5  71  6  23  7  2  8  41  9  34  10  54  11  62  12  80  13  84  14  18
  0  4  1  69  2  64  3  24  4  12  5  92  6  46  7  35  8  75  9  94  10  23  11  16  12  28  13  23  14  32
  0  68  1  63  2  73  3  24  4  27  5  6  6  54  7  73  8  49  9  96  10  82  11  7  12  19  13  25  14  83
  0  2  1  60  2  36  3  64  4  71  5  34  6  70  7  62  8  43  9  28  10  31  11  11  12  89  13  11  14  74
  0  64  1  78  2  87  3  81  4  70  5  54  6  66  7  50  8  88  9  48  10  45  11  7  12  92  13  98  14  68
  0  43  1  96  2  23  3  10  4  19  5  5  6  66  7  86  8  81  9  71  10  27  11  9  12  6  13  14  14  33
  0  20  1  39  2  19  3  15  4  82  5  18  6  43  7  94  8  14  9  92  10  88  11  9  12  71  13  59  14  3
TPM
  0  530  1  530  2  530  3  530  4  530  5  530  6  530  7  530  8  530  9  530  10  530  11  530  12  530  13  530  14  530
PMT
  0  3  1  41  2  3  3  30  4  69  5  50  6  69  7  63  8  46  9  33  10  66  11  18  12  42  13  44  14  31
  0  74  1  58  2  40  3  6  4  8  5  2  6  40  7  1  8  22  9  52  10  50  11  39  12  28  13  7  14  60
  0  46  1  19  2  21  3  72  4  33  5  69  6  30  7  58  8  21  9  26  10  30  11  65  12  27  13  24  14  21
  0  40  1  43  2  37  3  48  4  68  5  16  6  18  7  70  8  31  9  67  10  73  11  47  12  31  13  39  14  19
