20  5
  0  79  1  23  2  49  3  68  4  5
  0  46  1  63  2  27  3  73  4  46
  0  24  1  11  2  22  3  68  4  34
  0  2  1  39  2  86  3  69  4  91
  0  31  1  17  2  13  3  99  4  8
  0  49  1  95  2  25  3  71  4  75
  0  81  1  21  2  92  3  89  4  62
  0  89  1  22  2  93  3  32  4  32
  0  49  1  39  2  76  3  10  4  23
  0  74  1  91  2  84  3  96  4  99
  0  98  1  67  2  46  3  33  4  54
  0  71  1  94  2  34  3  45  4  55
  0  25  1  55  2  21  3  15  4  74
  0  18  1  12  2  44  3  38  4  16
  0  38  1  81  2  29  3  95  4  89
  0  1  1  58  2  93  3  50  4  34
  0  57  1  96  2  93  3  19  4  41
  0  64  1  58  2  10  3  68  4  47
  0  1  1  99  2  86  3  68  4  75
  0  36  1  35  2  58  3  84  4  43
TPM
  0  678  1  678  2  678  3  678  4  678
PMT
  0  36  1  50  2  1  3  48  4  6
  0  67  1  50  2  68  3  73  4  58
  0  72  1  41  2  67  3  9  4  50
