500  10
  0  52  1  71  2  76  3  8  4  79  5  57  6  54  7  73  8  12  9  40
  0  36  1  45  2  43  3  95  4  94  5  59  6  75  7  3  8  87  9  34
  0  59  1  88  2  43  3  85  4  12  5  10  6  82  7  93  8  1  9  6
  0  84  1  13  2  38  3  76  4  50  5  36  6  25  7  44  8  13  9  38
  0  43  1  6  2  7  3  75  4  81  5  5  6  98  7  19  8  41  9  59
  0  32  1  30  2  61  3  25  4  38  5  17  6  58  7  95  8  33  9  40
  0  71  1  58  2  78  3  37  4  51  5  55  6  90  7  91  8  46  9  22
  0  30  1  78  2  57  3  8  4  85  5  40  6  85  7  91  8  58  9  91
  0  73  1  52  2  98  3  50  4  25  5  56  6  52  7  41  8  64  9  74
  0  9  1  30  2  41  3  31  4  83  5  71  6  15  7  61  8  54  9  82
  0  79  1  22  2  37  3  83  4  92  5  73  6  86  7  56  8  25  9  50
  0  32  1  18  2  60  3  66  4  4  5  6  6  92  7  32  8  12  9  36
  0  11  1  77  2  60  3  55  4  60  5  13  6  31  7  21  8  34  9  62
  0  63  1  72  2  22  3  60  4  10  5  71  6  18  7  92  8  47  9  43
  0  79  1  15  2  76  3  13  4  74  5  3  6  32  7  60  8  64  9  88
  0  92  1  6  2  7  3  3  4  60  5  11  6  87  7  31  8  51  9  64
  0  98  1  40  2  15  3  72  4  27  5  45  6  68  7  84  8  37  9  18
  0  24  1  19  2  37  3  57  4  44  5  72  6  71  7  73  8  39  9  27
  0  96  1  52  2  12  3  82  4  98  5  11  6  98  7  91  8  89  9  54
  0  67  1  60  2  79  3  89  4  74  5  49  6  7  7  70  8  79  9  93
  0  86  1  67  2  93  3  7  4  90  5  90  6  79  7  66  8  90  9  7
  0  50  1  71  2  6  3  39  4  34  5  25  6  64  7  26  8  88  9  94
  0  38  1  87  2  98  3  41  4  31  5  20  6  76  7  19  8  30  9  22
  0  55  1  92  2  35  3  24  4  53  5  29  6  45  7  64  8  26  9  40
  0  50  1  44  2  61  3  11  4  66  5  52  6  68  7  16  8  12  9  38
  0  62  1  19  2  17  3  77  4  60  5  17  6  90  7  56  8  28  9  48
  0  25  1  73  2  53  3  7  4  84  5  33  6  19  7  9  8  11  9  68
  0  20  1  18  2  55  3  42  4  38  5  14  6  8  7  86  8  70  9  67
  0  86  1  99  2  71  3  65  4  13  5  8  6  60  7  74  8  78  9  36
  0  6  1  58  2  75  3  88  4  75  5  83  6  69  7  5  8  30  9  75
  0  5  1  33  2  93  3  98  4  92  5  68  6  19  7  1  8  19  9  23
  0  39  1  18  2  63  3  28  4  89  5  36  6  26  7  2  8  6  9  76
  0  97  1  10  2  55  3  19  4  26  5  18  6  68  7  1  8  56  9  13
  0  44  1  54  2  53  3  26  4  75  5  60  6  30  7  10  8  8  9  44
  0  48  1  34  2  21  3  30  4  51  5  4  6  10  7  34  8  59  9  22
  0  95  1  63  2  33  3  45  4  94  5  53  6  75  7  5  8  27  9  60
  0  46  1  95  2  40  3  74  4  90  5  53  6  88  7  54  8  22  9  62
  0  84  1  66  2  99  3  80  4  6  5  96  6  91  7  73  8  46  9  63
  0  27  1  71  2  27  3  50  4  54  5  21  6  12  7  36  8  83  9  76
  0  87  1  90  2  71  3  56  4  16  5  68  6  58  7  62  8  51  9  10
  0  1  1  38  2  95  3  43  4  35  5  12  6  30  7  33  8  59  9  44
  0  31  1  32  2  48  3  89  4  89  5  30  6  12  7  32  8  62  9  92
  0  67  1  55  2  35  3  47  4  97  5  59  6  89  7  67  8  6  9  38
  0  76  1  35  2  86  3  64  4  58  5  2  6  74  7  67  8  74  9  83
  0  61  1  90  2  20  3  48  4  53  5  56  6  70  7  72  8  40  9  85
  0  75  1  99  2  99  3  47  4  98  5  14  6  25  7  37  8  3  9  6
  0  91  1  4  2  74  3  10  4  77  5  79  6  62  7  18  8  97  9  73
  0  65  1  20  2  36  3  50  4  86  5  22  6  76  7  91  8  51  9  24
  0  56  1  4  2  49  3  86  4  12  5  50  6  52  7  97  8  82  9  82
  0  13  1  20  2  79  3  25  4  48  5  95  6  58  7  39  8  64  9  24
  0  39  1  48  2  76  3  39  4  58  5  24  6  26  7  62  8  62  9  51
  0  9  1  6  2  59  3  24  4  52  5  34  6  95  7  51  8  15  9  34
  0  36  1  54  2  1  3  45  4  43  5  2  6  98  7  27  8  95  9  10
  0  93  1  98  2  92  3  97  4  23  5  63  6  33  7  78  8  54  9  84
  0  64  1  34  2  16  3  18  4  33  5  95  6  24  7  73  8  97  9  25
  0  52  1  86  2  82  3  75  4  67  5  21  6  63  7  76  8  20  9  16
  0  37  1  76  2  50  3  77  4  10  5  16  6  68  7  43  8  98  9  41
  0  5  1  3  2  41  3  74  4  40  5  35  6  41  7  83  8  72  9  89
  0  24  1  37  2  73  3  42  4  51  5  32  6  32  7  87  8  28  9  30
  0  2  1  52  2  15  3  33  4  2  5  42  6  99  7  86  8  21  9  56
  0  27  1  8  2  34  3  32  4  59  5  49  6  43  7  10  8  33  9  65
  0  78  1  16  2  36  3  39  4  35  5  16  6  5  7  75  8  36  9  87
  0  35  1  82  2  32  3  2  4  44  5  91  6  89  7  31  8  31  9  84
  0  33  1  5  2  21  3  35  4  19  5  90  6  95  7  71  8  84  9  71
  0  39  1  34  2  91  3  41  4  56  5  76  6  38  7  50  8  38  9  20
  0  41  1  62  2  86  3  91  4  88  5  5  6  22  7  75  8  23  9  29
  0  26  1  71  2  3  3  20  4  18  5  45  6  54  7  97  8  32  9  94
  0  18  1  24  2  73  3  96  4  31  5  2  6  63  7  78  8  27  9  13
  0  81  1  45  2  27  3  59  4  96  5  55  6  50  7  80  8  28  9  24
  0  82  1  77  2  70  3  98  4  75  5  57  6  86  7  23  8  58  9  73
  0  60  1  11  2  90  3  50  4  33  5  72  6  87  7  88  8  94  9  67
  0  94  1  98  2  93  3  91  4  97  5  23  6  84  7  11  8  86  9  25
  0  26  1  89  2  18  3  66  4  2  5  5  6  38  7  99  8  31  9  19
  0  67  1  40  2  79  3  52  4  48  5  8  6  96  7  97  8  23  9  42
  0  43  1  53  2  78  3  28  4  69  5  69  6  74  7  2  8  77  9  33
  0  66  1  9  2  61  3  39  4  51  5  37  6  21  7  22  8  27  9  56
  0  86  1  48  2  38  3  22  4  95  5  88  6  30  7  33  8  28  9  19
  0  67  1  56  2  62  3  33  4  58  5  50  6  36  7  47  8  99  9  46
  0  11  1  38  2  50  3  80  4  63  5  52  6  73  7  84  8  82  9  66
  0  21  1  65  2  20  3  87  4  48  5  44  6  23  7  29  8  70  9  36
  0  69  1  2  2  23  3  75  4  61  5  96  6  63  7  39  8  53  9  61
  0  35  1  7  2  28  3  78  4  95  5  64  6  43  7  25  8  45  9  52
  0  2  1  46  2  45  3  86  4  33  5  78  6  95  7  34  8  83  9  22
  0  1  1  5  2  51  3  20  4  60  5  95  6  8  7  21  8  65  9  94
  0  12  1  10  2  65  3  35  4  80  5  49  6  56  7  63  8  94  9  66
  0  99  1  39  2  49  3  58  4  70  5  12  6  59  7  28  8  99  9  19
  0  9  1  55  2  44  3  6  4  82  5  67  6  23  7  64  8  29  9  71
  0  82  1  46  2  37  3  56  4  93  5  87  6  27  7  81  8  79  9  53
  0  95  1  97  2  38  3  92  4  55  5  88  6  12  7  55  8  65  9  7
  0  97  1  31  2  34  3  56  4  23  5  77  6  57  7  47  8  22  9  80
  0  8  1  3  2  78  3  46  4  88  5  28  6  42  7  19  8  35  9  46
  0  9  1  90  2  5  3  58  4  34  5  12  6  8  7  11  8  31  9  60
  0  50  1  48  2  49  3  99  4  8  5  90  6  53  7  40  8  53  9  78
  0  40  1  94  2  85  3  60  4  62  5  75  6  55  7  17  8  56  9  86
  0  77  1  53  2  82  3  5  4  66  5  97  6  29  7  50  8  51  9  89
  0  33  1  94  2  46  3  51  4  33  5  59  6  81  7  61  8  46  9  86
  0  27  1  94  2  31  3  10  4  61  5  76  6  86  7  42  8  62  9  77
  0  99  1  50  2  38  3  52  4  36  5  5  6  5  7  80  8  37  9  10
  0  88  1  77  2  70  3  55  4  18  5  77  6  48  7  44  8  17  9  15
  0  8  1  88  2  23  3  43  4  17  5  80  6  91  7  74  8  51  9  79
  0  65  1  29  2  57  3  69  4  7  5  33  6  97  7  73  8  29  9  87
  0  41  1  45  2  80  3  16  4  39  5  63  6  64  7  54  8  15  9  90
  0  83  1  32  2  41  3  92  4  63  5  84  6  92  7  11  8  91  9  64
  0  2  1  48  2  53  3  56  4  34  5  7  6  80  7  21  8  92  9  71
  0  29  1  12  2  94  3  63  4  47  5  36  6  83  7  67  8  15  9  71
  0  72  1  38  2  57  3  36  4  43  5  23  6  58  7  95  8  22  9  58
  0  34  1  48  2  27  3  35  4  48  5  6  6  54  7  25  8  66  9  83
  0  40  1  38  2  80  3  59  4  23  5  21  6  64  7  59  8  88  9  43
  0  34  1  83  2  82  3  23  4  24  5  86  6  6  7  81  8  95  9  63
  0  38  1  32  2  49  3  15  4  61  5  53  6  6  7  88  8  64  9  91
  0  78  1  26  2  55  3  85  4  39  5  52  6  19  7  28  8  65  9  92
  0  88  1  91  2  17  3  10  4  26  5  88  6  76  7  85  8  18  9  43
  0  51  1  93  2  46  3  90  4  25  5  43  6  87  7  43  8  13  9  81
  0  31  1  70  2  36  3  93  4  50  5  4  6  45  7  26  8  48  9  45
  0  43  1  35  2  62  3  42  4  93  5  32  6  2  7  77  8  13  9  70
  0  61  1  63  2  78  3  2  4  21  5  48  6  8  7  99  8  29  9  70
  0  89  1  24  2  39  3  32  4  69  5  68  6  29  7  61  8  20  9  30
  0  46  1  85  2  47  3  73  4  31  5  48  6  25  7  98  8  34  9  33
  0  44  1  20  2  17  3  72  4  18  5  21  6  9  7  65  8  2  9  42
  0  58  1  29  2  89  3  20  4  94  5  45  6  17  7  75  8  93  9  1
  0  69  1  28  2  17  3  13  4  86  5  84  6  66  7  92  8  7  9  19
  0  61  1  1  2  83  3  52  4  56  5  75  6  90  7  95  8  23  9  59
  0  67  1  17  2  92  3  39  4  99  5  36  6  26  7  82  8  22  9  74
  0  41  1  42  2  81  3  97  4  37  5  42  6  25  7  34  8  79  9  82
  0  65  1  68  2  48  3  28  4  57  5  22  6  49  7  57  8  1  9  85
  0  50  1  94  2  26  3  57  4  91  5  45  6  38  7  6  8  79  9  16
  0  37  1  68  2  62  3  82  4  28  5  30  6  51  7  41  8  87  9  75
  0  32  1  52  2  61  3  85  4  75  5  63  6  94  7  26  8  61  9  78
  0  36  1  65  2  47  3  90  4  53  5  88  6  63  7  23  8  56  9  25
  0  22  1  20  2  23  3  94  4  45  5  95  6  60  7  32  8  77  9  29
  0  54  1  52  2  28  3  64  4  88  5  73  6  47  7  58  8  37  9  98
  0  51  1  73  2  66  3  22  4  39  5  16  6  84  7  23  8  61  9  69
  0  39  1  52  2  42  3  71  4  48  5  34  6  72  7  30  8  17  9  22
  0  2  1  75  2  65  3  97  4  17  5  5  6  71  7  99  8  83  9  64
  0  31  1  13  2  74  3  56  4  45  5  57  6  24  7  91  8  14  9  62
  0  81  1  11  2  3  3  14  4  48  5  48  6  89  7  5  8  20  9  13
  0  17  1  35  2  79  3  2  4  16  5  32  6  94  7  89  8  70  9  95
  0  31  1  35  2  31  3  81  4  81  5  18  6  7  7  87  8  68  9  90
  0  90  1  98  2  67  3  1  4  99  5  95  6  67  7  29  8  30  9  62
  0  63  1  46  2  61  3  19  4  40  5  82  6  61  7  67  8  2  9  57
  0  75  1  55  2  50  3  25  4  99  5  56  6  18  7  23  8  70  9  43
  0  10  1  38  2  24  3  11  4  8  5  17  6  11  7  51  8  49  9  94
  0  61  1  5  2  69  3  11  4  35  5  35  6  79  7  43  8  15  9  3
  0  24  1  77  2  13  3  39  4  27  5  90  6  9  7  28  8  25  9  14
  0  37  1  67  2  55  3  8  4  79  5  69  6  36  7  66  8  53  9  96
  0  62  1  28  2  83  3  65  4  2  5  62  6  7  7  59  8  65  9  58
  0  45  1  28  2  93  3  42  4  38  5  69  6  64  7  90  8  37  9  25
  0  39  1  11  2  91  3  18  4  82  5  28  6  82  7  32  8  31  9  81
  0  74  1  13  2  95  3  13  4  4  5  21  6  20  7  33  8  27  9  82
  0  37  1  57  2  81  3  19  4  85  5  73  6  41  7  35  8  87  9  84
  0  68  1  19  2  91  3  10  4  1  5  68  6  41  7  78  8  15  9  46
  0  17  1  19  2  56  3  43  4  59  5  35  6  37  7  82  8  78  9  32
  0  28  1  9  2  3  3  19  4  10  5  43  6  24  7  18  8  46  9  85
  0  40  1  34  2  99  3  15  4  9  5  83  6  14  7  4  8  48  9  88
  0  16  1  48  2  63  3  66  4  13  5  96  6  83  7  80  8  6  9  4
  0  27  1  45  2  27  3  56  4  40  5  75  6  73  7  57  8  73  9  49
  0  7  1  38  2  88  3  2  4  31  5  61  6  15  7  80  8  64  9  25
  0  94  1  41  2  82  3  63  4  85  5  34  6  91  7  46  8  18  9  39
  0  42  1  75  2  11  3  34  4  22  5  57  6  99  7  10  8  73  9  6
  0  48  1  66  2  14  3  71  4  18  5  51  6  72  7  44  8  26  9  26
  0  66  1  45  2  37  3  68  4  71  5  7  6  44  7  61  8  72  9  28
  0  34  1  1  2  83  3  29  4  68  5  39  6  95  7  58  8  99  9  56
  0  70  1  23  2  7  3  97  4  86  5  30  6  33  7  50  8  41  9  88
  0  55  1  22  2  18  3  94  4  8  5  57  6  95  7  81  8  43  9  13
  0  66  1  42  2  21  3  57  4  77  5  33  6  37  7  74  8  13  9  20
  0  30  1  99  2  79  3  31  4  50  5  96  6  79  7  20  8  61  9  65
  0  64  1  58  2  12  3  48  4  2  5  15  6  5  7  43  8  25  9  80
  0  34  1  81  2  21  3  54  4  91  5  2  6  77  7  96  8  47  9  33
  0  20  1  16  2  51  3  77  4  77  5  44  6  28  7  41  8  80  9  14
  0  47  1  66  2  72  3  56  4  98  5  59  6  80  7  62  8  97  9  15
  0  89  1  85  2  13  3  82  4  14  5  92  6  76  7  29  8  46  9  68
  0  25  1  82  2  47  3  35  4  93  5  80  6  95  7  61  8  34  9  39
  0  8  1  48  2  59  3  23  4  9  5  26  6  14  7  86  8  1  9  7
  0  29  1  12  2  76  3  66  4  22  5  63  6  55  7  50  8  28  9  36
  0  52  1  34  2  92  3  69  4  8  5  80  6  56  7  48  8  26  9  74
  0  8  1  24  2  15  3  22  4  83  5  8  6  21  7  47  8  52  9  39
  0  91  1  35  2  8  3  26  4  28  5  84  6  47  7  94  8  89  9  84
  0  17  1  21  2  74  3  20  4  65  5  13  6  98  7  68  8  13  9  72
  0  16  1  63  2  33  3  53  4  86  5  99  6  27  7  94  8  65  9  42
  0  4  1  3  2  66  3  44  4  17  5  99  6  48  7  88  8  20  9  73
  0  93  1  16  2  37  3  81  4  98  5  90  6  56  7  14  8  96  9  30
  0  2  1  97  2  72  3  94  4  40  5  16  6  41  7  10  8  18  9  59
  0  7  1  68  2  52  3  37  4  20  5  47  6  6  7  28  8  96  9  15
  0  20  1  25  2  76  3  30  4  1  5  22  6  16  7  50  8  73  9  45
  0  64  1  10  2  36  3  19  4  58  5  27  6  3  7  22  8  29  9  42
  0  4  1  78  2  17  3  25  4  78  5  81  6  29  7  71  8  96  9  57
  0  91  1  92  2  67  3  98  4  81  5  74  6  41  7  42  8  30  9  42
  0  19  1  58  2  46  3  66  4  98  5  82  6  96  7  6  8  43  9  12
  0  35  1  56  2  52  3  30  4  76  5  50  6  58  7  50  8  55  9  57
  0  82  1  84  2  9  3  36  4  31  5  74  6  82  7  64  8  12  9  48
  0  48  1  48  2  90  3  82  4  68  5  73  6  39  7  88  8  66  9  68
  0  25  1  52  2  74  3  69  4  53  5  94  6  73  7  21  8  61  9  34
  0  42  1  60  2  25  3  58  4  80  5  52  6  25  7  55  8  88  9  75
  0  85  1  46  2  88  3  88  4  82  5  22  6  42  7  18  8  81  9  84
  0  5  1  39  2  61  3  34  4  97  5  67  6  14  7  54  8  3  9  51
  0  54  1  2  2  15  3  48  4  56  5  80  6  99  7  33  8  8  9  71
  0  40  1  50  2  57  3  41  4  73  5  26  6  82  7  56  8  58  9  99
  0  19  1  74  2  8  3  31  4  7  5  76  6  86  7  97  8  65  9  91
  0  68  1  97  2  98  3  95  4  84  5  6  6  80  7  4  8  15  9  64
  0  82  1  79  2  10  3  92  4  40  5  45  6  38  7  58  8  76  9  45
  0  93  1  35  2  14  3  10  4  28  5  47  6  63  7  25  8  55  9  73
  0  55  1  91  2  81  3  53  4  51  5  39  6  42  7  29  8  70  9  31
  0  33  1  17  2  98  3  65  4  6  5  73  6  70  7  66  8  20  9  23
  0  41  1  21  2  7  3  52  4  99  5  95  6  75  7  79  8  78  9  53
  0  52  1  70  2  54  3  40  4  60  5  50  6  63  7  29  8  61  9  30
  0  69  1  18  2  19  3  52  4  51  5  38  6  65  7  26  8  2  9  18
  0  68  1  98  2  52  3  95  4  38  5  95  6  80  7  88  8  21  9  9
  0  44  1  57  2  59  3  30  4  52  5  26  6  33  7  61  8  82  9  38
  0  2  1  34  2  91  3  71  4  95  5  21  6  80  7  34  8  62  9  47
  0  10  1  13  2  39  3  2  4  80  5  55  6  13  7  22  8  31  9  95
  0  88  1  5  2  97  3  64  4  87  5  56  6  59  7  38  8  34  9  98
  0  51  1  18  2  2  3  78  4  21  5  50  6  42  7  62  8  70  9  17
  0  99  1  98  2  89  3  67  4  96  5  87  6  90  7  64  8  35  9  3
  0  93  1  77  2  64  3  27  4  23  5  25  6  84  7  18  8  7  9  66
  0  6  1  10  2  8  3  95  4  85  5  20  6  12  7  65  8  98  9  6
  0  52  1  78  2  17  3  6  4  57  5  96  6  11  7  51  8  43  9  64
  0  97  1  24  2  84  3  43  4  90  5  24  6  46  7  18  8  29  9  47
  0  45  1  6  2  97  3  86  4  85  5  74  6  59  7  23  8  89  9  76
  0  59  1  69  2  2  3  33  4  82  5  60  6  49  7  21  8  61  9  25
  0  93  1  70  2  70  3  83  4  89  5  57  6  65  7  33  8  42  9  48
  0  33  1  42  2  46  3  48  4  69  5  55  6  13  7  34  8  11  9  70
  0  49  1  98  2  79  3  58  4  40  5  25  6  2  7  13  8  23  9  59
  0  35  1  83  2  93  3  77  4  10  5  95  6  61  7  32  8  48  9  79
  0  30  1  47  2  41  3  61  4  1  5  90  6  85  7  83  8  13  9  33
  0  14  1  58  2  56  3  96  4  69  5  68  6  33  7  23  8  9  9  84
  0  53  1  33  2  27  3  37  4  90  5  54  6  54  7  89  8  28  9  35
  0  54  1  78  2  72  3  73  4  31  5  32  6  22  7  30  8  20  9  78
  0  7  1  4  2  20  3  95  4  47  5  86  6  99  7  85  8  92  9  25
  0  73  1  54  2  38  3  65  4  41  5  37  6  24  7  49  8  23  9  5
  0  83  1  81  2  56  3  35  4  79  5  10  6  13  7  42  8  41  9  64
  0  55  1  84  2  7  3  56  4  68  5  6  6  26  7  35  8  97  9  83
  0  77  1  52  2  98  3  70  4  94  5  81  6  85  7  73  8  33  9  84
  0  21  1  97  2  96  3  41  4  86  5  43  6  7  7  68  8  29  9  44
  0  11  1  95  2  80  3  86  4  23  5  76  6  78  7  28  8  71  9  63
  0  47  1  25  2  87  3  55  4  17  5  42  6  61  7  6  8  80  9  75
  0  50  1  59  2  35  3  39  4  1  5  34  6  33  7  83  8  53  9  87
  0  56  1  56  2  5  3  24  4  92  5  8  6  62  7  29  8  53  9  12
  0  28  1  42  2  92  3  61  4  72  5  10  6  95  7  43  8  96  9  68
  0  52  1  11  2  2  3  51  4  33  5  11  6  6  7  32  8  43  9  30
  0  65  1  31  2  4  3  59  4  15  5  55  6  96  7  12  8  24  9  52
  0  78  1  25  2  15  3  93  4  34  5  35  6  24  7  18  8  37  9  12
  0  76  1  96  2  33  3  86  4  12  5  13  6  68  7  13  8  86  9  58
  0  21  1  41  2  32  3  88  4  12  5  97  6  56  7  91  8  5  9  99
  0  3  1  62  2  23  3  47  4  18  5  92  6  30  7  75  8  80  9  9
  0  71  1  51  2  3  3  22  4  65  5  49  6  99  7  72  8  74  9  57
  0  91  1  88  2  29  3  68  4  90  5  79  6  55  7  81  8  61  9  42
  0  39  1  12  2  91  3  52  4  37  5  72  6  95  7  64  8  96  9  2
  0  27  1  38  2  66  3  26  4  91  5  76  6  98  7  83  8  76  9  38
  0  70  1  68  2  39  3  49  4  87  5  50  6  22  7  46  8  41  9  84
  0  84  1  14  2  27  3  28  4  75  5  91  6  55  7  8  8  75  9  85
  0  8  1  23  2  90  3  88  4  20  5  67  6  83  7  95  8  90  9  15
  0  53  1  91  2  56  3  87  4  17  5  18  6  75  7  13  8  53  9  60
  0  11  1  42  2  2  3  16  4  6  5  67  6  37  7  26  8  94  9  76
  0  56  1  86  2  96  3  35  4  47  5  68  6  63  7  70  8  39  9  13
  0  7  1  5  2  34  3  91  4  16  5  68  6  82  7  24  8  28  9  74
  0  55  1  18  2  35  3  58  4  6  5  61  6  18  7  87  8  52  9  78
  0  55  1  15  2  6  3  47  4  52  5  26  6  15  7  13  8  60  9  93
  0  37  1  66  2  19  3  57  4  18  5  73  6  14  7  79  8  66  9  50
  0  39  1  41  2  46  3  43  4  21  5  96  6  13  7  61  8  16  9  85
  0  94  1  47  2  20  3  72  4  63  5  99  6  22  7  70  8  60  9  83
  0  9  1  58  2  77  3  95  4  9  5  14  6  1  7  51  8  1  9  3
  0  66  1  27  2  59  3  7  4  87  5  85  6  6  7  87  8  57  9  32
  0  60  1  97  2  31  3  9  4  52  5  14  6  38  7  27  8  11  9  33
  0  91  1  70  2  39  3  52  4  80  5  39  6  65  7  54  8  72  9  12
  0  8  1  35  2  51  3  41  4  99  5  57  6  88  7  23  8  61  9  24
  0  95  1  87  2  18  3  99  4  24  5  14  6  3  7  18  8  10  9  64
  0  83  1  66  2  65  3  87  4  12  5  25  6  89  7  40  8  83  9  97
  0  18  1  22  2  49  3  86  4  62  5  28  6  26  7  64  8  1  9  58
  0  91  1  65  2  5  3  47  4  64  5  4  6  33  7  91  8  1  9  76
  0  28  1  98  2  60  3  15  4  82  5  75  6  24  7  91  8  62  9  41
  0  69  1  5  2  18  3  23  4  23  5  82  6  9  7  73  8  63  9  90
  0  25  1  21  2  33  3  31  4  79  5  29  6  82  7  64  8  10  9  48
  0  60  1  96  2  14  3  68  4  20  5  10  6  88  7  5  8  4  9  32
  0  83  1  86  2  33  3  71  4  50  5  34  6  9  7  60  8  71  9  18
  0  94  1  86  2  3  3  67  4  56  5  9  6  36  7  53  8  63  9  74
  0  5  1  65  2  79  3  98  4  56  5  63  6  98  7  71  8  76  9  68
  0  12  1  87  2  52  3  24  4  95  5  35  6  84  7  49  8  70  9  72
  0  99  1  52  2  60  3  93  4  24  5  80  6  63  7  48  8  14  9  44
  0  6  1  64  2  62  3  1  4  35  5  17  6  16  7  25  8  91  9  10
  0  80  1  87  2  42  3  66  4  91  5  2  6  85  7  71  8  89  9  41
  0  52  1  87  2  16  3  18  4  59  5  41  6  23  7  71  8  88  9  62
  0  67  1  24  2  16  3  4  4  20  5  89  6  91  7  1  8  26  9  46
  0  51  1  24  2  84  3  11  4  21  5  39  6  45  7  68  8  36  9  94
  0  26  1  57  2  84  3  84  4  10  5  9  6  47  7  47  8  79  9  74
  0  2  1  29  2  76  3  18  4  9  5  4  6  15  7  43  8  93  9  13
  0  86  1  71  2  86  3  2  4  16  5  12  6  9  7  40  8  74  9  74
  0  92  1  61  2  51  3  24  4  78  5  58  6  45  7  70  8  38  9  19
  0  19  1  52  2  3  3  91  4  37  5  53  6  7  7  12  8  75  9  50
  0  68  1  30  2  68  3  96  4  66  5  20  6  47  7  92  8  96  9  68
  0  62  1  74  2  5  3  61  4  19  5  40  6  28  7  18  8  51  9  98
  0  4  1  53  2  12  3  95  4  26  5  56  6  68  7  59  8  39  9  16
  0  28  1  74  2  27  3  42  4  16  5  69  6  17  7  45  8  95  9  80
  0  12  1  88  2  13  3  22  4  32  5  29  6  77  7  85  8  10  9  87
  0  32  1  44  2  74  3  36  4  72  5  19  6  36  7  91  8  10  9  65
  0  44  1  43  2  92  3  57  4  62  5  55  6  39  7  89  8  20  9  32
  0  25  1  28  2  10  3  27  4  49  5  72  6  42  7  35  8  68  9  14
  0  83  1  3  2  59  3  5  4  37  5  42  6  63  7  65  8  35  9  34
  0  18  1  3  2  67  3  58  4  86  5  17  6  51  7  88  8  22  9  8
  0  18  1  25  2  44  3  18  4  82  5  74  6  16  7  83  8  8  9  88
  0  33  1  57  2  93  3  15  4  76  5  33  6  36  7  34  8  89  9  3
  0  53  1  79  2  73  3  6  4  62  5  66  6  20  7  48  8  53  9  74
  0  17  1  25  2  11  3  57  4  7  5  56  6  53  7  87  8  76  9  15
  0  13  1  41  2  3  3  22  4  63  5  89  6  95  7  31  8  76  9  66
  0  4  1  28  2  57  3  92  4  76  5  8  6  90  7  12  8  99  9  21
  0  10  1  60  2  47  3  96  4  54  5  52  6  12  7  77  8  79  9  84
  0  16  1  25  2  46  3  78  4  9  5  92  6  4  7  6  8  2  9  55
  0  18  1  79  2  2  3  63  4  43  5  97  6  45  7  46  8  20  9  77
  0  28  1  82  2  46  3  8  4  7  5  27  6  63  7  20  8  5  9  41
  0  48  1  49  2  39  3  78  4  7  5  29  6  74  7  30  8  3  9  56
  0  46  1  11  2  78  3  5  4  27  5  55  6  42  7  87  8  20  9  58
  0  29  1  83  2  3  3  58  4  68  5  91  6  59  7  74  8  11  9  61
  0  74  1  34  2  83  3  30  4  71  5  38  6  1  7  60  8  21  9  71
  0  37  1  49  2  55  3  55  4  36  5  62  6  66  7  81  8  18  9  15
  0  62  1  83  2  1  3  93  4  15  5  47  6  69  7  2  8  39  9  47
  0  28  1  66  2  57  3  70  4  39  5  37  6  59  7  68  8  40  9  77
  0  62  1  30  2  62  3  5  4  23  5  98  6  24  7  62  8  53  9  41
  0  66  1  98  2  51  3  63  4  29  5  7  6  54  7  27  8  20  9  40
  0  51  1  5  2  1  3  13  4  33  5  90  6  4  7  47  8  66  9  36
  0  48  1  24  2  11  3  97  4  18  5  59  6  14  7  2  8  35  9  1
  0  64  1  65  2  17  3  23  4  89  5  40  6  14  7  61  8  3  9  52
  0  76  1  26  2  69  3  59  4  77  5  69  6  27  7  60  8  96  9  99
  0  80  1  11  2  52  3  84  4  70  5  40  6  26  7  62  8  61  9  76
  0  19  1  66  2  25  3  7  4  30  5  33  6  96  7  57  8  63  9  36
  0  40  1  51  2  78  3  90  4  39  5  73  6  61  7  91  8  11  9  72
  0  71  1  98  2  8  3  61  4  90  5  81  6  43  7  2  8  93  9  77
  0  73  1  87  2  83  3  35  4  3  5  48  6  3  7  40  8  16  9  62
  0  93  1  48  2  39  3  33  4  47  5  78  6  76  7  63  8  13  9  26
  0  1  1  47  2  14  3  11  4  75  5  59  6  9  7  76  8  26  9  3
  0  6  1  81  2  23  3  49  4  93  5  72  6  12  7  96  8  61  9  19
  0  9  1  1  2  27  3  55  4  69  5  79  6  87  7  50  8  66  9  93
  0  53  1  7  2  59  3  31  4  43  5  69  6  29  7  78  8  58  9  71
  0  11  1  39  2  36  3  67  4  58  5  31  6  73  7  32  8  12  9  87
  0  65  1  10  2  57  3  22  4  97  5  51  6  94  7  52  8  86  9  79
  0  66  1  83  2  58  3  59  4  93  5  96  6  12  7  70  8  38  9  92
  0  99  1  5  2  83  3  83  4  37  5  39  6  94  7  50  8  4  9  57
  0  8  1  81  2  10  3  14  4  63  5  76  6  43  7  70  8  76  9  85
  0  15  1  53  2  1  3  3  4  64  5  94  6  54  7  44  8  3  9  72
  0  88  1  77  2  1  3  56  4  28  5  87  6  45  7  19  8  18  9  77
  0  23  1  81  2  49  3  65  4  19  5  98  6  51  7  16  8  11  9  86
  0  68  1  93  2  24  3  73  4  68  5  71  6  63  7  17  8  41  9  97
  0  35  1  2  2  89  3  13  4  39  5  44  6  21  7  75  8  79  9  38
  0  85  1  34  2  30  3  27  4  32  5  55  6  51  7  95  8  63  9  93
  0  56  1  14  2  21  3  66  4  49  5  57  6  34  7  62  8  6  9  15
  0  95  1  12  2  57  3  44  4  69  5  75  6  98  7  26  8  36  9  52
  0  43  1  46  2  26  3  93  4  77  5  3  6  96  7  90  8  99  9  1
  0  63  1  65  2  42  3  2  4  81  5  69  6  12  7  34  8  37  9  1
  0  2  1  70  2  7  3  64  4  53  5  54  6  75  7  48  8  69  9  96
  0  41  1  95  2  19  3  5  4  34  5  81  6  78  7  9  8  28  9  40
  0  87  1  72  2  34  3  87  4  38  5  42  6  88  7  46  8  10  9  47
  0  84  1  61  2  16  3  52  4  9  5  61  6  38  7  46  8  78  9  13
  0  51  1  91  2  2  3  63  4  76  5  90  6  80  7  74  8  3  9  34
  0  59  1  95  2  72  3  34  4  81  5  18  6  24  7  64  8  80  9  15
  0  30  1  55  2  54  3  71  4  73  5  19  6  78  7  34  8  61  9  2
  0  67  1  52  2  53  3  85  4  74  5  85  6  66  7  92  8  1  9  1
  0  79  1  56  2  66  3  79  4  44  5  72  6  29  7  17  8  86  9  37
  0  88  1  72  2  38  3  30  4  93  5  11  6  56  7  18  8  43  9  43
  0  4  1  65  2  51  3  53  4  89  5  92  6  14  7  74  8  21  9  16
  0  5  1  39  2  93  3  43  4  70  5  38  6  26  7  40  8  22  9  45
  0  18  1  68  2  39  3  90  4  83  5  58  6  23  7  9  8  4  9  84
  0  69  1  72  2  79  3  44  4  59  5  3  6  82  7  64  8  71  9  14
  0  56  1  77  2  71  3  21  4  89  5  49  6  39  7  45  8  73  9  52
  0  25  1  65  2  21  3  6  4  55  5  20  6  98  7  40  8  30  9  48
  0  14  1  45  2  74  3  35  4  35  5  12  6  43  7  89  8  63  9  92
  0  90  1  66  2  71  3  11  4  49  5  29  6  68  7  21  8  85  9  1
  0  74  1  88  2  23  3  43  4  6  5  35  6  54  7  83  8  1  9  90
  0  74  1  62  2  42  3  14  4  17  5  68  6  51  7  5  8  73  9  3
  0  71  1  7  2  13  3  70  4  49  5  62  6  58  7  98  8  88  9  91
  0  66  1  31  2  50  3  91  4  23  5  44  6  88  7  81  8  48  9  85
  0  85  1  36  2  85  3  37  4  1  5  94  6  4  7  38  8  41  9  24
  0  39  1  35  2  52  3  78  4  72  5  42  6  53  7  91  8  86  9  15
  0  69  1  84  2  86  3  89  4  54  5  70  6  49  7  35  8  96  9  8
  0  47  1  4  2  36  3  21  4  62  5  8  6  61  7  80  8  84  9  35
  0  48  1  34  2  53  3  80  4  61  5  15  6  1  7  73  8  31  9  74
  0  96  1  16  2  83  3  11  4  92  5  58  6  75  7  95  8  49  9  85
  0  61  1  19  2  52  3  93  4  15  5  2  6  76  7  63  8  53  9  52
  0  55  1  77  2  52  3  62  4  47  5  32  6  58  7  64  8  25  9  33
  0  13  1  97  2  16  3  89  4  65  5  73  6  79  7  40  8  31  9  5
  0  89  1  66  2  25  3  56  4  64  5  86  6  69  7  47  8  68  9  44
  0  62  1  81  2  58  3  12  4  64  5  4  6  71  7  87  8  15  9  13
  0  64  1  65  2  13  3  65  4  47  5  77  6  4  7  62  8  86  9  70
  0  75  1  96  2  57  3  49  4  35  5  2  6  77  7  91  8  28  9  44
  0  48  1  40  2  34  3  28  4  80  5  7  6  28  7  15  8  99  9  45
  0  9  1  87  2  38  3  92  4  25  5  93  6  61  7  72  8  49  9  56
  0  96  1  9  2  92  3  34  4  59  5  9  6  49  7  74  8  80  9  93
  0  4  1  89  2  96  3  96  4  69  5  40  6  52  7  62  8  20  9  16
  0  23  1  4  2  25  3  52  4  57  5  13  6  28  7  14  8  97  9  16
  0  6  1  24  2  41  3  40  4  2  5  47  6  23  7  20  8  31  9  36
  0  58  1  54  2  91  3  97  4  65  5  6  6  30  7  55  8  53  9  1
  0  49  1  91  2  55  3  65  4  57  5  12  6  29  7  1  8  85  9  69
  0  70  1  6  2  39  3  23  4  94  5  78  6  53  7  27  8  96  9  60
  0  53  1  82  2  90  3  11  4  69  5  94  6  76  7  15  8  32  9  3
  0  5  1  75  2  58  3  91  4  28  5  32  6  6  7  9  8  57  9  8
  0  39  1  21  2  59  3  86  4  70  5  99  6  76  7  61  8  31  9  29
  0  48  1  8  2  96  3  53  4  54  5  78  6  97  7  22  8  22  9  21
  0  53  1  96  2  74  3  62  4  24  5  30  6  96  7  8  8  79  9  26
  0  38  1  62  2  18  3  40  4  17  5  59  6  79  7  90  8  53  9  56
  0  50  1  74  2  67  3  42  4  47  5  25  6  18  7  48  8  20  9  33
  0  63  1  74  2  25  3  42  4  77  5  65  6  51  7  82  8  33  9  99
  0  96  1  83  2  67  3  67  4  31  5  14  6  66  7  71  8  4  9  19
  0  37  1  54  2  62  3  48  4  60  5  45  6  2  7  12  8  49  9  87
  0  62  1  97  2  35  3  74  4  40  5  35  6  70  7  17  8  83  9  90
  0  32  1  14  2  80  3  42  4  32  5  6  6  71  7  44  8  1  9  26
  0  38  1  98  2  81  3  75  4  48  5  96  6  59  7  1  8  63  9  69
  0  9  1  42  2  34  3  99  4  38  5  74  6  47  7  57  8  58  9  72
  0  92  1  61  2  7  3  59  4  63  5  1  6  17  7  34  8  14  9  45
  0  81  1  75  2  35  3  34  4  90  5  64  6  23  7  34  8  11  9  92
  0  43  1  92  2  54  3  31  4  27  5  36  6  47  7  78  8  53  9  81
  0  89  1  16  2  85  3  62  4  93  5  47  6  85  7  98  8  1  9  87
  0  17  1  47  2  44  3  25  4  7  5  16  6  10  7  93  8  35  9  35
  0  87  1  8  2  61  3  13  4  37  5  53  6  17  7  18  8  5  9  40
  0  24  1  68  2  60  3  58  4  3  5  27  6  47  7  89  8  95  9  13
  0  59  1  75  2  23  3  92  4  91  5  30  6  22  7  25  8  32  9  61
  0  64  1  42  2  76  3  34  4  43  5  3  6  4  7  82  8  60  9  69
  0  25  1  69  2  80  3  70  4  10  5  36  6  14  7  54  8  42  9  1
  0  49  1  59  2  61  3  85  4  54  5  39  6  97  7  99  8  6  9  32
  0  94  1  93  2  25  3  58  4  90  5  60  6  24  7  72  8  97  9  68
  0  97  1  31  2  92  3  22  4  4  5  25  6  22  7  13  8  25  9  5
  0  73  1  93  2  10  3  93  4  72  5  81  6  19  7  57  8  7  9  91
  0  44  1  95  2  79  3  41  4  62  5  52  6  60  7  78  8  47  9  73
  0  56  1  38  2  52  3  56  4  62  5  10  6  32  7  62  8  28  9  79
  0  73  1  5  2  58  3  87  4  48  5  12  6  53  7  5  8  6  9  34
  0  34  1  19  2  77  3  64  4  17  5  82  6  56  7  58  8  35  9  80
  0  62  1  94  2  14  3  96  4  30  5  12  6  59  7  94  8  61  9  99
  0  5  1  51  2  31  3  43  4  32  5  99  6  44  7  45  8  59  9  71
  0  87  1  67  2  63  3  42  4  7  5  74  6  78  7  23  8  18  9  71
  0  86  1  61  2  27  3  63  4  97  5  24  6  20  7  79  8  76  9  88
  0  46  1  43  2  72  3  71  4  98  5  75  6  51  7  50  8  85  9  69
  0  43  1  75  2  19  3  72  4  51  5  76  6  89  7  53  8  84  9  93
  0  91  1  53  2  8  3  15  4  8  5  47  6  33  7  75  8  93  9  56
  0  81  1  57  2  97  3  88  4  97  5  10  6  14  7  17  8  92  9  60
  0  65  1  93  2  50  3  86  4  39  5  75  6  23  7  86  8  42  9  15
  0  97  1  53  2  56  3  29  4  10  5  40  6  78  7  53  8  38  9  85
  0  5  1  49  2  10  3  17  4  84  5  22  6  91  7  64  8  46  9  51
  0  53  1  53  2  88  3  70  4  22  5  52  6  67  7  18  8  74  9  90
  0  37  1  65  2  28  3  85  4  21  5  86  6  24  7  35  8  21  9  26
  0  27  1  64  2  91  3  84  4  66  5  35  6  35  7  15  8  13  9  55
  0  95  1  24  2  51  3  53  4  63  5  88  6  95  7  94  8  8  9  57
  0  71  1  56  2  5  3  96  4  30  5  2  6  29  7  80  8  5  9  1
  0  25  1  50  2  10  3  98  4  74  5  97  6  29  7  32  8  34  9  33
  0  61  1  34  2  97  3  45  4  23  5  87  6  10  7  77  8  6  9  14
  0  48  1  62  2  51  3  5  4  36  5  91  6  4  7  39  8  57  9  26
  0  24  1  38  2  85  3  49  4  92  5  50  6  55  7  43  8  43  9  78
  0  24  1  27  2  87  3  75  4  19  5  89  6  28  7  82  8  52  9  6
  0  77  1  86  2  56  3  16  4  21  5  8  6  76  7  23  8  95  9  63
  0  14  1  6  2  75  3  51  4  10  5  86  6  75  7  60  8  20  9  84
  0  27  1  96  2  7  3  38  4  82  5  82  6  60  7  93  8  44  9  68
  0  27  1  79  2  35  3  65  4  85  5  18  6  56  7  88  8  31  9  49
  0  94  1  63  2  39  3  64  4  71  5  45  6  10  7  62  8  53  9  43
  0  37  1  3  2  67  3  61  4  40  5  96  6  85  7  83  8  55  9  61
  0  69  1  75  2  73  3  46  4  96  5  79  6  69  7  79  8  6  9  22
  0  62  1  22  2  38  3  58  4  10  5  11  6  46  7  27  8  7  9  18
  0  17  1  93  2  57  3  91  4  22  5  98  6  40  7  21  8  79  9  35
  0  68  1  58  2  24  3  36  4  43  5  89  6  75  7  36  8  26  9  26
  0  87  1  35  2  90  3  79  4  6  5  90  6  31  7  19  8  55  9  4
  0  28  1  34  2  54  3  80  4  16  5  59  6  18  7  84  8  80  9  21
  0  94  1  20  2  98  3  15  4  46  5  84  6  91  7  35  8  81  9  17
  0  56  1  98  2  89  3  6  4  93  5  49  6  26  7  32  8  43  9  26
  0  71  1  85  2  11  3  28  4  46  5  48  6  29  7  28  8  55  9  50
  0  95  1  92  2  4  3  45  4  76  5  26  6  95  7  57  8  85  9  45
  0  19  1  80  2  43  3  51  4  69  5  62  6  7  7  48  8  70  9  78
  0  20  1  33  2  89  3  84  4  99  5  58  6  69  7  21  8  97  9  34
  0  1  1  73  2  72  3  23  4  27  5  47  6  68  7  49  8  52  9  89
  0  96  1  24  2  86  3  64  4  53  5  51  6  56  7  88  8  25  9  82
  0  54  1  54  2  65  3  6  4  26  5  14  6  45  7  23  8  96  9  96
  0  3  1  28  2  94  3  87  4  60  5  87  6  29  7  87  8  69  9  8
  0  17  1  21  2  7  3  11  4  80  5  79  6  35  7  82  8  50  9  16
  0  98  1  46  2  43  3  10  4  20  5  74  6  15  7  86  8  7  9  56
  0  95  1  51  2  10  3  73  4  46  5  76  6  63  7  51  8  21  9  55
  0  10  1  87  2  11  3  91  4  4  5  87  6  90  7  15  8  21  9  40
  0  19  1  28  2  38  3  25  4  42  5  22  6  53  7  32  8  13  9  19
  0  54  1  34  2  29  3  37  4  68  5  49  6  34  7  75  8  46  9  66
  0  57  1  65  2  53  3  40  4  72  5  43  6  84  7  73  8  2  9  36
  0  25  1  35  2  3  3  62  4  10  5  90  6  6  7  92  8  70  9  36
  0  95  1  29  2  60  3  71  4  54  5  82  6  8  7  48  8  8  9  69
  0  28  1  76  2  39  3  58  4  93  5  79  6  64  7  20  8  53  9  27
  0  95  1  85  2  45  3  92  4  13  5  5  6  39  7  6  8  33  9  53
  0  7  1  9  2  58  3  35  4  10  5  20  6  26  7  92  8  43  9  75
  0  88  1  98  2  89  3  13  4  12  5  3  6  59  7  85  8  68  9  65
  0  22  1  46  2  49  3  80  4  60  5  49  6  28  7  95  8  8  9  23
  0  66  1  59  2  34  3  36  4  20  5  59  6  92  7  72  8  92  9  50
  0  70  1  53  2  66  3  52  4  67  5  97  6  68  7  93  8  13  9  99
  0  86  1  27  2  10  3  68  4  32  5  18  6  35  7  59  8  99  9  26
  0  58  1  80  2  95  3  93  4  53  5  67  6  15  7  23  8  9  9  60
  0  99  1  13  2  69  3  16  4  3  5  71  6  54  7  39  8  45  9  53
  0  47  1  29  2  40  3  52  4  45  5  68  6  12  7  67  8  14  9  89
  0  48  1  36  2  86  3  8  4  55  5  67  6  99  7  17  8  3  9  50
  0  64  1  54  2  84  3  15  4  2  5  11  6  27  7  49  8  5  9  36
  0  23  1  27  2  88  3  46  4  71  5  90  6  64  7  62  8  50  9  78
  0  27  1  20  2  65  3  21  4  50  5  25  6  24  7  15  8  42  9  62
  0  59  1  66  2  72  3  63  4  82  5  69  6  13  7  3  8  42  9  31
  0  27  1  77  2  30  3  91  4  97  5  84  6  43  7  93  8  9  9  3
  0  7  1  76  2  84  3  45  4  12  5  25  6  63  7  39  8  29  9  99
  0  80  1  46  2  82  3  98  4  57  5  37  6  25  7  63  8  31  9  67
  0  20  1  11  2  89  3  41  4  40  5  47  6  66  7  44  8  39  9  15
  0  31  1  83  2  32  3  61  4  81  5  74  6  21  7  47  8  97  9  45
  0  38  1  11  2  50  3  75  4  92  5  74  6  47  7  61  8  35  9  62
  0  66  1  95  2  1  3  38  4  18  5  90  6  69  7  21  8  19  9  87
  0  62  1  7  2  89  3  37  4  74  5  12  6  94  7  31  8  93  9  33
  0  82  1  31  2  69  3  63  4  17  5  18  6  26  7  25  8  81  9  64
  0  36  1  6  2  13  3  92  4  98  5  12  6  96  7  83  8  82  9  67
TPM
  0  2857  1  2857  2  2857  3  2857  4  2857  5  2857  6  2857  7  2857  8  2857  9  2857
PMT
  0  21  1  62  2  54  3  39  4  76  5  51  6  116  7  122  8  124  9  76
  0  4  1  127  2  8  3  104  4  122  5  2  6  118  7  15  8  63  9  122
  0  7  1  17  2  64  3  20  4  69  5  115  6  143  7  123  8  98  9  93
  0  130  1  100  2  63  3  147  4  8  5  46  6  135  7  126  8  121  9  5
  0  136  1  129  2  136  3  79  4  17  5  39  6  124  7  138  8  104  9  74
  0  30  1  115  2  105  3  10  4  100  5  117  6  39  7  123  8  67  9  78
  0  37  1  92  2  57  3  40  4  41  5  21  6  50  7  118  8  133  9  57
  0  27  1  124  2  65  3  3  4  108  5  61  6  6  7  77  8  35  9  49
  0  81  1  146  2  89  3  69  4  60  5  140  6  22  7  108  8  140  9  84
  0  104  1  113  2  47  3  4  4  50  5  121  6  39  7  9  8  7  9  48
  0  57  1  125  2  27  3  9  4  73  5  115  6  44  7  5  8  66  9  133
  0  2  1  66  2  44  3  124  4  120  5  39  6  125  7  85  8  132  9  63
  0  111  1  88  2  94  3  85  4  149  5  146  6  29  7  134  8  40  9  88
  0  38  1  76  2  52  3  71  4  9  5  47  6  146  7  7  8  24  9  69
  0  74  1  105  2  86  3  112  4  40  5  141  6  34  7  81  8  114  9  26
  0  128  1  17  2  113  3  99  4  133  5  81  6  5  7  70  8  126  9  60
  0  78  1  31  2  29  3  1  4  128  5  145  6  1  7  147  8  96  9  138
  0  84  1  42  2  146  3  20  4  121  5  1  6  14  7  130  8  69  9  103
