100  5
  0  78  1  20  2  26  3  6  4  56
  0  16  1  74  2  37  3  96  4  73
  0  96  1  15  2  90  3  92  4  81
  0  23  1  56  2  87  3  17  4  60
  0  71  1  61  2  30  3  97  4  93
  0  78  1  12  2  14  3  49  4  19
  0  66  1  11  2  31  3  42  4  86
  0  35  1  34  2  92  3  67  4  72
  0  29  1  24  2  80  3  77  4  44
  0  26  1  82  2  57  3  98  4  75
  0  41  1  34  2  26  3  52  4  80
  0  36  1  66  2  87  3  97  4  11
  0  22  1  40  2  98  3  43  4  1
  0  8  1  42  2  32  3  97  4  30
  0  7  1  67  2  88  3  38  4  14
  0  78  1  24  2  45  3  68  4  85
  0  70  1  11  2  97  3  51  4  15
  0  86  1  16  2  16  3  37  4  52
  0  22  1  73  2  25  3  5  4  26
  0  10  1  72  2  23  3  61  4  21
  0  97  1  63  2  6  3  72  4  61
  0  37  1  53  2  81  3  78  4  72
  0  82  1  16  2  50  3  71  4  18
  0  51  1  69  2  10  3  97  4  39
  0  61  1  45  2  75  3  55  4  61
  0  20  1  16  2  48  3  67  4  88
  0  85  1  4  2  97  3  96  4  29
  0  95  1  26  2  91  3  79  4  80
  0  17  1  48  2  70  3  64  4  55
  0  32  1  7  2  56  3  36  4  38
  0  43  1  69  2  84  3  80  4  79
  0  43  1  98  2  13  3  42  4  3
  0  49  1  2  2  37  3  71  4  73
  0  7  1  90  2  3  3  45  4  16
  0  2  1  3  2  15  3  35  4  79
  0  54  1  41  2  61  3  47  4  69
  0  73  1  57  2  17  3  25  4  42
  0  23  1  80  2  55  3  69  4  30
  0  75  1  27  2  17  3  53  4  12
  0  93  1  19  2  39  3  58  4  17
  0  75  1  68  2  52  3  8  4  11
  0  15  1  59  2  18  3  4  4  23
  0  2  1  79  2  55  3  23  4  37
  0  82  1  58  2  77  3  50  4  43
  0  70  1  39  2  92  3  80  4  12
  0  32  1  82  2  24  3  38  4  11
  0  52  1  18  2  59  3  53  4  93
  0  90  1  9  2  90  3  60  4  93
  0  78  1  78  2  5  3  55  4  70
  0  61  1  74  2  78  3  46  4  96
  0  88  1  92  2  60  3  27  4  68
  0  32  1  12  2  19  3  99  4  98
  0  51  1  7  2  41  3  47  4  29
  0  22  1  14  2  75  3  75  4  85
  0  33  1  30  2  37  3  81  4  70
  0  49  1  19  2  69  3  48  4  6
  0  7  1  78  2  21  3  19  4  64
  0  4  1  80  2  57  3  36  4  91
  0  88  1  38  2  92  3  84  4  47
  0  1  1  7  2  69  3  26  4  22
  0  42  1  42  2  33  3  81  4  93
  0  83  1  87  2  98  3  19  4  14
  0  33  1  14  2  32  3  67  4  2
  0  74  1  70  2  96  3  9  4  41
  0  41  1  25  2  53  3  43  4  11
  0  71  1  44  2  32  3  3  4  36
  0  72  1  22  2  3  3  23  4  13
  0  11  1  98  2  30  3  23  4  21
  0  97  1  33  2  51  3  13  4  2
  0  49  1  8  2  40  3  30  4  53
  0  33  1  73  2  23  3  85  4  73
  0  98  1  66  2  65  3  56  4  54
  0  17  1  8  2  19  3  98  4  19
  0  14  1  31  2  88  3  44  4  62
  0  19  1  18  2  2  3  34  4  80
  0  67  1  85  2  58  3  46  4  33
  0  59  1  44  2  37  3  56  4  17
  0  38  1  4  2  73  3  36  4  33
  0  61  1  38  2  38  3  16  4  60
  0  10  1  11  2  18  3  45  4  92
  0  58  1  15  2  94  3  73  4  88
  0  94  1  46  2  3  3  41  4  75
  0  49  1  1  2  40  3  58  4  5
  0  94  1  96  2  40  3  77  4  17
  0  10  1  14  2  85  3  12  4  43
  0  37  1  16  2  46  3  68  4  60
  0  15  1  11  2  12  3  22  4  47
  0  54  1  29  2  63  3  28  4  1
  0  16  1  22  2  74  3  26  4  16
  0  5  1  21  2  6  3  77  4  48
  0  4  1  63  2  92  3  15  4  11
  0  60  1  99  2  92  3  35  4  29
  0  43  1  84  2  3  3  35  4  11
  0  9  1  48  2  11  3  11  4  58
  0  57  1  1  2  47  3  70  4  8
  0  21  1  95  2  14  3  72  4  11
  0  10  1  11  2  69  3  28  4  2
  0  17  1  67  2  27  3  64  4  51
  0  89  1  15  2  48  3  56  4  69
  0  69  1  3  2  98  3  46  4  74
TPM
  0  1131  1  1131  2  1131  3  1131  4  1131
PMT
  0  42  1  86  2  18  3  2  4  74
  0  41  1  76  2  44  3  63  4  45
  0  61  1  52  2  107  3  91  4  44
  0  13  1  87  2  83  3  47  4  19
  0  101  1  31  2  100  3  114  4  82
  0  76  1  100  2  28  3  92  4  11
  0  84  1  77  2  15  3  68  4  43
  0  71  1  84  2  89  3  92  4  58
  0  24  1  52  2  50  3  46  4  46
