50  10
  0  58  1  5  2  64  3  53  4  87  5  60  6  49  7  98  8  58  9  25
  0  99  1  1  2  76  3  15  4  48  5  5  6  47  7  1  8  8  9  46
  0  88  1  60  2  20  3  51  4  18  5  60  6  53  7  22  8  66  9  21
  0  19  1  45  2  55  3  29  4  41  5  53  6  26  7  12  8  3  9  86
  0  28  1  77  2  60  3  65  4  85  5  87  6  87  7  56  8  9  9  25
  0  6  1  93  2  25  3  54  4  90  5  3  6  27  7  6  8  83  9  6
  0  82  1  27  2  41  3  43  4  49  5  76  6  92  7  22  8  75  9  53
  0  91  1  65  2  97  3  97  4  93  5  49  6  56  7  91  8  88  9  32
  0  92  1  59  2  56  3  17  4  99  5  40  6  45  7  4  8  34  9  69
  0  85  1  23  2  21  3  26  4  79  5  54  6  4  7  92  8  35  9  78
  0  22  1  54  2  43  3  4  4  13  5  48  6  97  7  72  8  77  9  5
  0  26  1  48  2  64  3  69  4  73  5  23  6  39  7  91  8  46  9  2
  0  61  1  10  2  29  3  55  4  83  5  78  6  18  7  45  8  38  9  12
  0  32  1  70  2  84  3  45  4  4  5  76  6  26  7  30  8  62  9  32
  0  19  1  18  2  45  3  71  4  46  5  9  6  16  7  47  8  3  9  49
  0  75  1  46  2  40  3  22  4  78  5  63  6  58  7  58  8  13  9  34
  0  29  1  60  2  88  3  70  4  15  5  23  6  42  7  58  8  96  9  83
  0  76  1  2  2  36  3  38  4  63  5  20  6  20  7  22  8  89  9  49
  0  85  1  16  2  35  3  86  4  12  5  39  6  93  7  84  8  17  9  52
  0  91  1  89  2  12  3  49  4  58  5  76  6  96  7  48  8  45  9  25
  0  95  1  86  2  22  3  30  4  63  5  84  6  67  7  65  8  25  9  40
  0  45  1  19  2  12  3  57  4  49  5  76  6  22  7  36  8  30  9  30
  0  10  1  62  2  50  3  33  4  78  5  80  6  37  7  16  8  48  9  43
  0  22  1  53  2  96  3  58  4  76  5  44  6  22  7  91  8  13  9  29
  0  57  1  85  2  75  3  69  4  41  5  6  6  59  7  67  8  26  9  25
  0  37  1  91  2  73  3  5  4  55  5  37  6  81  7  46  8  70  9  40
  0  19  1  96  2  98  3  23  4  84  5  54  6  14  7  47  8  13  9  6
  0  27  1  83  2  73  3  69  4  24  5  41  6  65  7  56  8  31  9  15
  0  86  1  56  2  60  3  35  4  27  5  10  6  45  7  27  8  28  9  26
  0  45  1  29  2  91  3  61  4  26  5  16  6  51  7  73  8  1  9  19
  0  20  1  90  2  9  3  54  4  83  5  90  6  74  7  2  8  7  9  67
  0  47  1  76  2  74  3  23  4  43  5  2  6  72  7  21  8  26  9  77
  0  85  1  88  2  95  3  88  4  83  5  53  6  71  7  14  8  96  9  48
  0  3  1  14  2  13  3  21  4  25  5  19  6  58  7  38  8  59  9  46
  0  25  1  63  2  11  3  10  4  68  5  53  6  19  7  12  8  91  9  96
  0  77  1  16  2  76  3  92  4  99  5  50  6  41  7  53  8  26  9  1
  0  27  1  54  2  77  3  66  4  42  5  87  6  15  7  5  8  27  9  89
  0  55  1  93  2  10  3  32  4  48  5  74  6  54  7  17  8  22  9  61
  0  53  1  9  2  47  3  21  4  84  5  86  6  83  7  73  8  47  9  6
  0  97  1  62  2  57  3  5  4  79  5  84  6  39  7  94  8  84  9  90
  0  75  1  12  2  83  3  91  4  82  5  23  6  3  7  32  8  27  9  21
  0  77  1  23  2  6  3  44  4  53  5  24  6  48  7  6  8  14  9  43
  0  16  1  18  2  17  3  85  4  12  5  52  6  59  7  54  8  22  9  61
  0  15  1  9  2  45  3  61  4  12  5  13  6  98  7  53  8  40  9  46
  0  87  1  12  2  8  3  45  4  83  5  2  6  84  7  6  8  66  9  75
  0  9  1  70  2  94  3  63  4  35  5  58  6  21  7  87  8  61  9  38
  0  88  1  18  2  53  3  42  4  40  5  83  6  52  7  59  8  48  9  2
  0  46  1  79  2  45  3  77  4  32  5  53  6  1  7  97  8  2  9  2
  0  93  1  10  2  26  3  95  4  61  5  79  6  21  7  72  8  23  9  42
  0  26  1  74  2  21  3  13  4  21  5  24  6  19  7  11  8  63  9  57
TPM
  0  913  1  913  2  913  3  913  4  913  5  913  6  913  7  913  8  913  9  913
PMT
  0  78  1  19  2  38  3  148  4  28  5  63  6  92  7  75  8  82  9  88
  0  49  1  142  2  65  3  22  4  107  5  122  6  45  7  98  8  99  9  27
  0  97  1  127  2  132  3  119  4  125  5  7  6  10  7  62  8  147  9  101
  0  71  1  88  2  95  3  139  4  8  5  108  6  49  7  103  8  8  9  21
  0  43  1  43  2  117  3  36  4  129  5  120  6  145  7  33  8  69  9  129
  0  122  1  133  2  149  3  38  4  119  5  67  6  36  7  103  8  104  9  47
