200  20
  0  70  1  81  2  64  3  87  4  51  5  76  6  54  7  53  8  27  9  73  10  63  11  61  12  61  13  7  14  87  15  37  16  68  17  46  18  5  19  42
  0  94  1  34  2  99  3  51  4  45  5  76  6  96  7  53  8  79  9  36  10  4  11  17  12  68  13  98  14  4  15  6  16  98  17  3  18  68  19  53
  0  57  1  42  2  52  3  21  4  36  5  97  6  8  7  94  8  41  9  54  10  41  11  99  12  88  13  95  14  66  15  43  16  27  17  6  18  62  19  9
  0  26  1  99  2  19  3  55  4  7  5  73  6  28  7  10  8  13  9  44  10  71  11  50  12  40  13  10  14  93  15  12  16  86  17  73  18  70  19  63
  0  78  1  85  2  4  3  56  4  87  5  9  6  20  7  17  8  50  9  21  10  32  11  41  12  47  13  90  14  4  15  32  16  6  17  98  18  30  19  61
  0  37  1  4  2  9  3  65  4  15  5  49  6  83  7  95  8  66  9  84  10  65  11  86  12  20  13  29  14  78  15  17  16  41  17  11  18  82  19  71
  0  47  1  67  2  64  3  30  4  78  5  67  6  98  7  41  8  75  9  10  10  32  11  54  12  77  13  2  14  30  15  26  16  56  17  28  18  93  19  21
  0  41  1  51  2  36  3  61  4  95  5  19  6  73  7  14  8  63  9  57  10  78  11  12  12  89  13  83  14  92  15  38  16  69  17  62  18  96  19  35
  0  15  1  89  2  81  3  14  4  5  5  82  6  84  7  66  8  78  9  7  10  72  11  14  12  91  13  65  14  76  15  43  16  23  17  35  18  24  19  18
  0  34  1  28  2  32  3  54  4  84  5  5  6  31  7  10  8  82  9  77  10  42  11  25  12  11  13  64  14  52  15  2  16  55  17  8  18  23  19  31
  0  37  1  43  2  44  3  86  4  13  5  88  6  30  7  47  8  11  9  3  10  94  11  28  12  92  13  20  14  71  15  20  16  81  17  61  18  65  19  73
  0  93  1  82  2  32  3  76  4  42  5  8  6  47  7  9  8  27  9  61  10  98  11  70  12  24  13  91  14  11  15  34  16  15  17  52  18  95  19  45
  0  54  1  92  2  72  3  78  4  46  5  51  6  25  7  38  8  69  9  78  10  61  11  39  12  94  13  21  14  14  15  18  16  73  17  38  18  91  19  60
  0  83  1  45  2  65  3  44  4  71  5  97  6  50  7  33  8  19  9  59  10  20  11  66  12  40  13  19  14  75  15  36  16  65  17  59  18  22  19  49
  0  72  1  76  2  59  3  2  4  89  5  5  6  85  7  32  8  60  9  18  10  41  11  15  12  53  13  84  14  78  15  19  16  50  17  7  18  16  19  43
  0  63  1  81  2  5  3  97  4  43  5  44  6  45  7  1  8  84  9  6  10  94  11  95  12  58  13  71  14  78  15  36  16  98  17  17  18  98  19  59
  0  47  1  56  2  75  3  62  4  25  5  22  6  96  7  68  8  71  9  57  10  39  11  8  12  98  13  61  14  1  15  85  16  26  17  74  18  50  19  3
  0  2  1  67  2  75  3  34  4  30  5  75  6  12  7  2  8  54  9  10  10  55  11  98  12  67  13  6  14  3  15  27  16  55  17  23  18  77  19  74
  0  84  1  82  2  29  3  51  4  89  5  13  6  11  7  33  8  42  9  60  10  85  11  9  12  79  13  44  14  99  15  23  16  34  17  94  18  31  19  41
  0  4  1  7  2  11  3  9  4  43  5  68  6  56  7  64  8  64  9  71  10  82  11  29  12  76  13  12  14  67  15  82  16  16  17  20  18  89  19  99
  0  34  1  99  2  74  3  17  4  44  5  56  6  5  7  33  8  50  9  31  10  83  11  78  12  8  13  2  14  68  15  3  16  86  17  86  18  95  19  65
  0  35  1  72  2  73  3  30  4  76  5  70  6  17  7  92  8  70  9  35  10  44  11  5  12  31  13  35  14  65  15  56  16  85  17  43  18  26  19  41
  0  3  1  82  2  92  3  21  4  43  5  58  6  86  7  54  8  96  9  50  10  10  11  50  12  15  13  51  14  15  15  81  16  49  17  77  18  15  19  56
  0  60  1  82  2  31  3  26  4  55  5  52  6  33  7  91  8  59  9  65  10  6  11  31  12  51  13  40  14  59  15  60  16  96  17  11  18  73  19  92
  0  64  1  95  2  10  3  74  4  15  5  53  6  70  7  98  8  2  9  49  10  73  11  30  12  8  13  57  14  61  15  95  16  14  17  85  18  78  19  18
  0  83  1  5  2  82  3  95  4  96  5  93  6  61  7  68  8  74  9  64  10  89  11  8  12  67  13  3  14  37  15  26  16  12  17  45  18  8  19  2
  0  78  1  95  2  84  3  52  4  48  5  24  6  93  7  7  8  6  9  13  10  32  11  64  12  41  13  60  14  99  15  36  16  78  17  26  18  51  19  2
  0  92  1  92  2  45  3  44  4  73  5  96  6  57  7  25  8  45  9  12  10  94  11  22  12  62  13  23  14  14  15  47  16  30  17  17  18  43  19  11
  0  18  1  58  2  46  3  94  4  78  5  55  6  3  7  59  8  73  9  15  10  60  11  99  12  82  13  42  14  6  15  7  16  39  17  50  18  65  19  25
  0  18  1  60  2  3  3  93  4  76  5  32  6  7  7  19  8  18  9  41  10  71  11  13  12  28  13  89  14  5  15  1  16  7  17  30  18  36  19  82
  0  1  1  34  2  94  3  82  4  89  5  27  6  84  7  56  8  11  9  77  10  78  11  11  12  98  13  18  14  1  15  63  16  82  17  20  18  81  19  55
  0  88  1  73  2  95  3  79  4  98  5  21  6  14  7  12  8  1  9  47  10  46  11  28  12  15  13  53  14  38  15  55  16  75  17  34  18  48  19  12
  0  24  1  43  2  45  3  3  4  19  5  31  6  64  7  83  8  82  9  78  10  36  11  27  12  34  13  60  14  81  15  35  16  86  17  12  18  9  19  88
  0  99  1  88  2  83  3  28  4  12  5  37  6  50  7  6  8  11  9  19  10  16  11  52  12  1  13  52  14  37  15  52  16  74  17  66  18  66  19  15
  0  14  1  93  2  43  3  88  4  60  5  16  6  49  7  60  8  34  9  67  10  51  11  23  12  6  13  57  14  97  15  23  16  27  17  45  18  67  19  4
  0  85  1  8  2  55  3  12  4  55  5  57  6  54  7  43  8  27  9  14  10  83  11  25  12  58  13  49  14  53  15  76  16  86  17  28  18  69  19  92
  0  74  1  37  2  27  3  41  4  87  5  75  6  41  7  58  8  32  9  33  10  4  11  1  12  1  13  97  14  88  15  83  16  89  17  56  18  22  19  93
  0  98  1  79  2  93  3  90  4  32  5  22  6  90  7  9  8  48  9  53  10  62  11  31  12  29  13  17  14  52  15  2  16  74  17  86  18  66  19  90
  0  42  1  50  2  47  3  35  4  73  5  56  6  87  7  18  8  94  9  92  10  92  11  53  12  78  13  93  14  76  15  95  16  92  17  85  18  60  19  88
  0  91  1  19  2  3  3  29  4  8  5  47  6  67  7  96  8  63  9  55  10  29  11  81  12  7  13  43  14  66  15  23  16  32  17  20  18  77  19  24
  0  50  1  54  2  46  3  6  4  18  5  3  6  12  7  31  8  37  9  9  10  42  11  2  12  79  13  22  14  15  15  99  16  11  17  14  18  39  19  50
  0  12  1  63  2  85  3  2  4  17  5  53  6  2  7  67  8  21  9  95  10  34  11  67  12  26  13  74  14  88  15  65  16  35  17  77  18  82  19  96
  0  99  1  54  2  89  3  14  4  87  5  32  6  75  7  13  8  27  9  48  10  62  11  20  12  44  13  17  14  94  15  31  16  4  17  16  18  73  19  51
  0  98  1  63  2  84  3  72  4  79  5  32  6  50  7  82  8  9  9  6  10  72  11  1  12  55  13  82  14  37  15  76  16  6  17  84  18  12  19  95
  0  34  1  27  2  56  3  94  4  48  5  38  6  16  7  54  8  34  9  62  10  77  11  41  12  37  13  69  14  7  15  21  16  59  17  53  18  91  19  37
  0  83  1  97  2  68  3  57  4  17  5  46  6  93  7  23  8  39  9  89  10  6  11  36  12  98  13  72  14  69  15  97  16  74  17  74  18  10  19  66
  0  18  1  21  2  86  3  88  4  22  5  34  6  32  7  53  8  2  9  5  10  97  11  43  12  68  13  84  14  55  15  90  16  37  17  95  18  45  19  68
  0  5  1  26  2  86  3  76  4  76  5  50  6  74  7  85  8  39  9  88  10  41  11  68  12  1  13  14  14  49  15  24  16  55  17  45  18  42  19  67
  0  31  1  4  2  79  3  49  4  35  5  15  6  23  7  30  8  7  9  76  10  54  11  14  12  36  13  43  14  37  15  18  16  14  17  75  18  71  19  45
  0  21  1  68  2  72  3  70  4  68  5  58  6  90  7  64  8  49  9  62  10  70  11  17  12  62  13  10  14  76  15  34  16  21  17  59  18  62  19  15
  0  57  1  28  2  58  3  40  4  78  5  58  6  93  7  21  8  44  9  4  10  87  11  98  12  64  13  17  14  69  15  90  16  47  17  67  18  14  19  8
  0  34  1  15  2  4  3  18  4  99  5  27  6  53  7  11  8  27  9  10  10  64  11  92  12  58  13  86  14  73  15  11  16  93  17  63  18  40  19  2
  0  89  1  39  2  76  3  1  4  76  5  62  6  2  7  53  8  1  9  48  10  97  11  34  12  51  13  3  14  76  15  38  16  35  17  8  18  2  19  25
  0  17  1  76  2  22  3  15  4  19  5  82  6  91  7  74  8  55  9  18  10  14  11  35  12  63  13  30  14  17  15  37  16  30  17  49  18  37  19  92
  0  32  1  6  2  96  3  9  4  56  5  96  6  77  7  9  8  51  9  48  10  40  11  54  12  20  13  90  14  30  15  46  16  84  17  42  18  81  19  61
  0  51  1  51  2  6  3  54  4  67  5  70  6  17  7  27  8  59  9  45  10  46  11  49  12  83  13  39  14  42  15  76  16  22  17  36  18  48  19  16
  0  18  1  88  2  12  3  10  4  30  5  6  6  86  7  55  8  45  9  87  10  88  11  83  12  85  13  64  14  55  15  50  16  89  17  98  18  8  19  24
  0  66  1  37  2  2  3  70  4  37  5  41  6  44  7  67  8  32  9  32  10  77  11  4  12  94  13  17  14  90  15  35  16  2  17  92  18  88  19  20
  0  24  1  34  2  35  3  38  4  74  5  29  6  54  7  71  8  12  9  1  10  50  11  14  12  13  13  32  14  77  15  15  16  12  17  2  18  86  19  94
  0  85  1  65  2  11  3  74  4  32  5  64  6  71  7  8  8  58  9  43  10  35  11  26  12  87  13  95  14  17  15  3  16  48  17  85  18  47  19  23
  0  2  1  5  2  29  3  13  4  28  5  58  6  49  7  46  8  68  9  7  10  31  11  53  12  93  13  88  14  41  15  87  16  66  17  10  18  80  19  37
  0  83  1  71  2  28  3  65  4  39  5  79  6  11  7  39  8  51  9  46  10  30  11  69  12  17  13  85  14  59  15  73  16  4  17  62  18  92  19  36
  0  4  1  34  2  15  3  20  4  85  5  23  6  14  7  63  8  26  9  73  10  68  11  65  12  27  13  10  14  70  15  41  16  23  17  86  18  67  19  91
  0  44  1  92  2  47  3  32  4  3  5  65  6  78  7  78  8  95  9  14  10  87  11  65  12  57  13  62  14  54  15  55  16  1  17  59  18  29  19  74
  0  26  1  25  2  13  3  67  4  2  5  12  6  65  7  61  8  19  9  17  10  15  11  86  12  97  13  76  14  99  15  91  16  95  17  9  18  52  19  45
  0  25  1  99  2  13  3  22  4  6  5  59  6  39  7  4  8  93  9  62  10  34  11  57  12  72  13  77  14  18  15  51  16  84  17  51  18  20  19  43
  0  50  1  63  2  58  3  36  4  1  5  21  6  36  7  85  8  22  9  26  10  73  11  23  12  75  13  31  14  50  15  99  16  63  17  92  18  38  19  91
  0  35  1  62  2  30  3  1  4  58  5  90  6  14  7  58  8  18  9  21  10  40  11  11  12  75  13  14  14  77  15  30  16  54  17  19  18  58  19  8
  0  92  1  74  2  61  3  92  4  95  5  35  6  84  7  5  8  84  9  23  10  95  11  28  12  7  13  63  14  69  15  55  16  68  17  65  18  58  19  61
  0  6  1  37  2  36  3  95  4  95  5  54  6  30  7  46  8  71  9  32  10  19  11  12  12  12  13  55  14  60  15  70  16  97  17  61  18  98  19  46
  0  65  1  7  2  31  3  4  4  6  5  39  6  56  7  28  8  73  9  54  10  34  11  67  12  19  13  33  14  19  15  39  16  48  17  61  18  51  19  42
  0  83  1  95  2  23  3  10  4  72  5  15  6  44  7  5  8  57  9  80  10  80  11  44  12  37  13  97  14  43  15  94  16  44  17  32  18  46  19  83
  0  37  1  50  2  52  3  15  4  89  5  63  6  98  7  88  8  11  9  12  10  51  11  58  12  33  13  13  14  28  15  68  16  53  17  47  18  10  19  74
  0  17  1  82  2  16  3  26  4  72  5  41  6  6  7  58  8  47  9  57  10  45  11  43  12  7  13  92  14  50  15  75  16  16  17  5  18  91  19  1
  0  99  1  75  2  18  3  19  4  77  5  57  6  39  7  16  8  26  9  87  10  83  11  93  12  79  13  77  14  96  15  25  16  82  17  80  18  70  19  34
  0  53  1  97  2  13  3  89  4  25  5  67  6  91  7  55  8  59  9  51  10  11  11  38  12  70  13  17  14  14  15  32  16  87  17  73  18  19  19  35
  0  49  1  21  2  17  3  9  4  14  5  95  6  12  7  83  8  16  9  54  10  61  11  46  12  17  13  9  14  58  15  59  16  18  17  6  18  64  19  91
  0  46  1  20  2  73  3  72  4  18  5  95  6  80  7  85  8  49  9  76  10  75  11  69  12  70  13  73  14  88  15  99  16  53  17  88  18  55  19  54
  0  63  1  94  2  85  3  1  4  5  5  16  6  45  7  49  8  5  9  82  10  87  11  55  12  65  13  45  14  98  15  83  16  75  17  70  18  34  19  53
  0  61  1  51  2  72  3  19  4  28  5  20  6  2  7  76  8  93  9  28  10  20  11  93  12  52  13  30  14  21  15  85  16  98  17  13  18  84  19  12
  0  92  1  19  2  3  3  48  4  70  5  85  6  6  7  58  8  16  9  89  10  69  11  89  12  39  13  52  14  24  15  40  16  47  17  78  18  89  19  85
  0  96  1  5  2  3  3  67  4  51  5  85  6  26  7  73  8  93  9  65  10  43  11  60  12  75  13  81  14  80  15  7  16  80  17  18  18  16  19  90
  0  51  1  2  2  55  3  32  4  8  5  7  6  95  7  49  8  43  9  14  10  10  11  3  12  86  13  31  14  99  15  49  16  64  17  79  18  33  19  18
  0  1  1  10  2  36  3  64  4  40  5  82  6  17  7  1  8  76  9  37  10  53  11  84  12  33  13  47  14  39  15  3  16  12  17  9  18  5  19  19
  0  22  1  35  2  46  3  39  4  53  5  39  6  11  7  22  8  39  9  27  10  52  11  56  12  43  13  52  14  31  15  49  16  58  17  78  18  35  19  31
  0  5  1  62  2  41  3  49  4  49  5  63  6  43  7  5  8  5  9  26  10  20  11  81  12  75  13  96  14  10  15  38  16  49  17  81  18  36  19  74
  0  58  1  37  2  69  3  9  4  57  5  69  6  49  7  3  8  95  9  72  10  82  11  33  12  75  13  31  14  7  15  4  16  31  17  84  18  68  19  25
  0  57  1  94  2  61  3  26  4  86  5  99  6  40  7  75  8  91  9  31  10  77  11  4  12  46  13  16  14  49  15  78  16  96  17  7  18  59  19  65
  0  2  1  11  2  38  3  73  4  62  5  1  6  77  7  74  8  45  9  36  10  90  11  31  12  52  13  21  14  1  15  98  16  26  17  87  18  98  19  59
  0  60  1  81  2  38  3  15  4  66  5  62  6  31  7  50  8  26  9  81  10  86  11  39  12  19  13  87  14  3  15  52  16  4  17  51  18  82  19  93
  0  98  1  42  2  63  3  76  4  89  5  82  6  61  7  4  8  56  9  53  10  78  11  32  12  3  13  46  14  23  15  20  16  19  17  73  18  29  19  93
  0  27  1  82  2  4  3  82  4  77  5  40  6  5  7  3  8  2  9  79  10  52  11  6  12  38  13  21  14  15  15  96  16  79  17  27  18  19  19  5
  0  26  1  31  2  96  3  67  4  27  5  58  6  39  7  41  8  45  9  39  10  39  11  59  12  91  13  65  14  36  15  11  16  95  17  53  18  2  19  90
  0  23  1  5  2  20  3  58  4  49  5  86  6  52  7  8  8  49  9  72  10  99  11  21  12  74  13  3  14  95  15  72  16  6  17  72  18  94  19  5
  0  25  1  47  2  28  3  82  4  29  5  60  6  62  7  99  8  83  9  56  10  74  11  15  12  97  13  66  14  19  15  10  16  55  17  47  18  57  19  11
  0  38  1  6  2  80  3  30  4  28  5  94  6  48  7  88  8  77  9  63  10  99  11  49  12  77  13  78  14  42  15  78  16  61  17  64  18  10  19  79
  0  36  1  22  2  33  3  6  4  21  5  25  6  85  7  24  8  21  9  9  10  89  11  90  12  1  13  86  14  93  15  69  16  5  17  79  18  49  19  86
  0  43  1  25  2  64  3  18  4  59  5  10  6  5  7  48  8  24  9  45  10  60  11  42  12  42  13  70  14  11  15  28  16  49  17  60  18  55  19  74
  0  47  1  69  2  85  3  12  4  6  5  44  6  18  7  32  8  11  9  73  10  23  11  73  12  69  13  73  14  3  15  62  16  68  17  14  18  15  19  72
  0  69  1  43  2  46  3  33  4  75  5  66  6  71  7  78  8  7  9  71  10  68  11  43  12  76  13  24  14  56  15  23  16  34  17  75  18  87  19  69
  0  41  1  40  2  20  3  86  4  83  5  43  6  29  7  42  8  41  9  57  10  47  11  19  12  59  13  67  14  49  15  59  16  1  17  21  18  3  19  88
  0  80  1  79  2  65  3  18  4  89  5  64  6  91  7  57  8  83  9  52  10  86  11  90  12  78  13  86  14  18  15  97  16  81  17  90  18  58  19  26
  0  52  1  5  2  54  3  35  4  73  5  96  6  6  7  83  8  72  9  88  10  20  11  19  12  19  13  25  14  85  15  94  16  6  17  74  18  56  19  28
  0  63  1  13  2  51  3  62  4  97  5  66  6  18  7  12  8  19  9  90  10  10  11  87  12  16  13  14  14  65  15  51  16  4  17  80  18  3  19  26
  0  33  1  70  2  64  3  65  4  39  5  70  6  75  7  77  8  82  9  35  10  92  11  33  12  99  13  67  14  67  15  11  16  60  17  77  18  51  19  63
  0  19  1  41  2  2  3  11  4  84  5  37  6  84  7  81  8  57  9  41  10  77  11  66  12  13  13  13  14  4  15  56  16  19  17  95  18  77  19  79
  0  19  1  24  2  19  3  53  4  29  5  95  6  76  7  18  8  18  9  64  10  74  11  25  12  67  13  57  14  54  15  87  16  51  17  25  18  94  19  23
  0  55  1  66  2  20  3  41  4  35  5  7  6  34  7  53  8  2  9  3  10  39  11  20  12  52  13  12  14  30  15  51  16  6  17  49  18  67  19  25
  0  10  1  16  2  69  3  96  4  14  5  77  6  90  7  15  8  47  9  20  10  54  11  54  12  30  13  19  14  72  15  44  16  8  17  89  18  75  19  50
  0  93  1  15  2  9  3  27  4  57  5  65  6  98  7  72  8  95  9  49  10  82  11  29  12  65  13  66  14  47  15  15  16  71  17  58  18  34  19  99
  0  43  1  63  2  96  3  38  4  33  5  29  6  28  7  29  8  30  9  43  10  76  11  72  12  65  13  74  14  35  15  35  16  49  17  47  18  72  19  46
  0  79  1  85  2  16  3  87  4  5  5  95  6  43  7  48  8  20  9  76  10  10  11  58  12  47  13  88  14  35  15  20  16  26  17  98  18  30  19  5
  0  90  1  94  2  11  3  81  4  53  5  43  6  70  7  88  8  81  9  14  10  75  11  83  12  53  13  21  14  14  15  14  16  34  17  28  18  19  19  96
  0  99  1  31  2  45  3  10  4  10  5  26  6  57  7  27  8  84  9  98  10  74  11  40  12  66  13  17  14  79  15  68  16  55  17  4  18  66  19  38
  0  49  1  19  2  10  3  78  4  24  5  87  6  71  7  79  8  50  9  35  10  66  11  93  12  19  13  40  14  68  15  86  16  18  17  2  18  27  19  70
  0  1  1  71  2  10  3  60  4  23  5  28  6  11  7  58  8  36  9  60  10  77  11  42  12  81  13  11  14  54  15  9  16  16  17  86  18  38  19  15
  0  38  1  32  2  98  3  7  4  45  5  42  6  10  7  26  8  96  9  35  10  86  11  43  12  79  13  30  14  36  15  48  16  15  17  90  18  58  19  10
  0  21  1  37  2  60  3  68  4  52  5  32  6  61  7  33  8  64  9  90  10  14  11  7  12  74  13  78  14  59  15  34  16  15  17  94  18  1  19  73
  0  14  1  44  2  53  3  21  4  40  5  56  6  2  7  46  8  87  9  15  10  3  11  13  12  2  13  77  14  71  15  90  16  70  17  21  18  63  19  95
  0  23  1  42  2  49  3  2  4  21  5  83  6  18  7  10  8  25  9  78  10  75  11  82  12  73  13  38  14  21  15  64  16  16  17  4  18  12  19  53
  0  74  1  53  2  52  3  91  4  35  5  45  6  70  7  91  8  84  9  13  10  68  11  22  12  55  13  55  14  48  15  1  16  31  17  95  18  68  19  96
  0  38  1  92  2  66  3  14  4  19  5  26  6  61  7  15  8  52  9  94  10  18  11  26  12  97  13  6  14  38  15  3  16  39  17  26  18  17  19  61
  0  84  1  37  2  59  3  19  4  40  5  14  6  66  7  66  8  47  9  15  10  34  11  93  12  81  13  57  14  13  15  37  16  33  17  8  18  21  19  97
  0  13  1  24  2  26  3  79  4  67  5  16  6  23  7  34  8  97  9  24  10  74  11  98  12  97  13  17  14  96  15  78  16  71  17  70  18  8  19  17
  0  99  1  80  2  63  3  32  4  46  5  11  6  50  7  29  8  39  9  81  10  25  11  19  12  70  13  54  14  93  15  86  16  85  17  75  18  93  19  10
  0  58  1  64  2  6  3  8  4  89  5  72  6  20  7  74  8  57  9  49  10  32  11  28  12  9  13  82  14  31  15  73  16  84  17  15  18  19  19  74
  0  96  1  39  2  72  3  69  4  17  5  20  6  30  7  76  8  41  9  18  10  62  11  82  12  33  13  93  14  75  15  4  16  66  17  21  18  41  19  64
  0  18  1  44  2  48  3  35  4  83  5  52  6  38  7  15  8  17  9  50  10  60  11  66  12  6  13  70  14  42  15  24  16  53  17  27  18  93  19  39
  0  13  1  25  2  69  3  41  4  96  5  76  6  51  7  7  8  71  9  70  10  50  11  86  12  88  13  22  14  16  15  30  16  22  17  67  18  15  19  86
  0  25  1  18  2  16  3  4  4  7  5  56  6  86  7  36  8  98  9  49  10  97  11  19  12  68  13  21  14  81  15  6  16  89  17  99  18  2  19  46
  0  90  1  29  2  16  3  64  4  19  5  15  6  49  7  62  8  12  9  53  10  15  11  48  12  56  13  39  14  31  15  96  16  77  17  77  18  37  19  46
  0  84  1  31  2  5  3  21  4  63  5  78  6  92  7  29  8  16  9  69  10  96  11  60  12  45  13  96  14  80  15  4  16  73  17  31  18  12  19  39
  0  28  1  77  2  20  3  96  4  22  5  55  6  51  7  59  8  35  9  6  10  99  11  75  12  55  13  89  14  29  15  7  16  46  17  14  18  22  19  98
  0  42  1  13  2  7  3  93  4  97  5  69  6  64  7  90  8  29  9  43  10  19  11  28  12  37  13  54  14  38  15  57  16  95  17  28  18  23  19  16
  0  35  1  13  2  57  3  29  4  71  5  9  6  38  7  94  8  49  9  87  10  16  11  32  12  2  13  76  14  5  15  97  16  48  17  40  18  64  19  96
  0  77  1  99  2  38  3  50  4  93  5  43  6  4  7  91  8  18  9  40  10  94  11  98  12  74  13  60  14  71  15  92  16  7  17  46  18  50  19  62
  0  96  1  8  2  46  3  81  4  89  5  28  6  66  7  34  8  37  9  96  10  54  11  76  12  25  13  16  14  86  15  88  16  40  17  49  18  77  19  92
  0  90  1  94  2  19  3  46  4  85  5  10  6  76  7  38  8  48  9  28  10  33  11  46  12  3  13  27  14  14  15  32  16  66  17  56  18  68  19  70
  0  43  1  19  2  82  3  65  4  89  5  77  6  37  7  81  8  10  9  21  10  48  11  86  12  80  13  13  14  45  15  6  16  44  17  16  18  87  19  16
  0  98  1  50  2  9  3  38  4  69  5  43  6  43  7  99  8  55  9  67  10  86  11  82  12  84  13  87  14  76  15  83  16  8  17  42  18  11  19  26
  0  23  1  56  2  29  3  31  4  20  5  40  6  28  7  33  8  61  9  30  10  93  11  64  12  74  13  80  14  50  15  88  16  86  17  97  18  88  19  35
  0  46  1  90  2  2  3  56  4  19  5  73  6  39  7  32  8  26  9  38  10  79  11  75  12  92  13  93  14  61  15  19  16  3  17  38  18  23  19  90
  0  89  1  95  2  60  3  1  4  4  5  55  6  81  7  7  8  35  9  79  10  28  11  21  12  89  13  75  14  93  15  81  16  42  17  46  18  48  19  96
  0  6  1  60  2  69  3  44  4  16  5  20  6  12  7  74  8  89  9  91  10  86  11  48  12  19  13  56  14  31  15  26  16  32  17  83  18  78  19  58
  0  84  1  23  2  67  3  74  4  4  5  89  6  45  7  57  8  88  9  68  10  62  11  44  12  25  13  79  14  58  15  1  16  83  17  66  18  75  19  53
  0  3  1  5  2  75  3  86  4  80  5  47  6  24  7  25  8  17  9  43  10  68  11  68  12  92  13  7  14  38  15  43  16  66  17  23  18  40  19  93
  0  33  1  1  2  13  3  27  4  71  5  31  6  71  7  74  8  71  9  9  10  72  11  46  12  30  13  2  14  51  15  89  16  41  17  99  18  37  19  64
  0  30  1  81  2  29  3  18  4  7  5  55  6  1  7  8  8  24  9  84  10  65  11  3  12  89  13  95  14  9  15  76  16  51  17  26  18  90  19  50
  0  48  1  70  2  49  3  77  4  23  5  27  6  74  7  52  8  10  9  41  10  41  11  93  12  58  13  17  14  92  15  47  16  63  17  38  18  39  19  83
  0  84  1  6  2  6  3  10  4  11  5  5  6  36  7  9  8  82  9  41  10  47  11  72  12  69  13  18  14  79  15  1  16  96  17  46  18  9  19  76
  0  33  1  93  2  85  3  45  4  3  5  39  6  40  7  53  8  87  9  69  10  65  11  17  12  20  13  35  14  52  15  44  16  86  17  71  18  57  19  25
  0  95  1  26  2  23  3  43  4  79  5  64  6  64  7  5  8  32  9  44  10  17  11  71  12  97  13  75  14  95  15  35  16  75  17  8  18  6  19  92
  0  94  1  10  2  18  3  87  4  68  5  44  6  92  7  45  8  49  9  37  10  11  11  4  12  39  13  1  14  52  15  20  16  13  17  66  18  30  19  11
  0  70  1  27  2  66  3  55  4  28  5  98  6  74  7  61  8  7  9  51  10  73  11  77  12  88  13  64  14  63  15  9  16  28  17  23  18  21  19  59
  0  67  1  36  2  13  3  13  4  72  5  53  6  22  7  21  8  92  9  28  10  30  11  74  12  22  13  21  14  24  15  53  16  88  17  72  18  1  19  5
  0  39  1  69  2  81  3  79  4  60  5  85  6  90  7  26  8  65  9  83  10  29  11  41  12  49  13  1  14  54  15  97  16  70  17  46  18  68  19  22
  0  31  1  96  2  43  3  80  4  56  5  71  6  59  7  98  8  82  9  99  10  28  11  29  12  28  13  33  14  17  15  27  16  93  17  67  18  20  19  17
  0  10  1  57  2  12  3  51  4  43  5  56  6  4  7  88  8  21  9  7  10  81  11  54  12  30  13  67  14  77  15  49  16  11  17  46  18  43  19  32
  0  52  1  79  2  89  3  81  4  44  5  83  6  21  7  7  8  58  9  52  10  94  11  92  12  52  13  95  14  67  15  60  16  37  17  24  18  8  19  99
  0  27  1  39  2  1  3  9  4  77  5  79  6  64  7  34  8  84  9  32  10  47  11  3  12  78  13  6  14  93  15  90  16  73  17  30  18  83  19  64
  0  14  1  27  2  87  3  97  4  51  5  70  6  91  7  47  8  55  9  22  10  86  11  25  12  6  13  11  14  20  15  34  16  56  17  16  18  64  19  19
  0  41  1  35  2  46  3  66  4  82  5  68  6  25  7  68  8  13  9  53  10  48  11  1  12  9  13  24  14  94  15  8  16  27  17  75  18  85  19  94
  0  62  1  60  2  38  3  45  4  87  5  65  6  81  7  37  8  32  9  8  10  64  11  23  12  10  13  84  14  14  15  88  16  24  17  51  18  44  19  11
  0  76  1  7  2  9  3  75  4  82  5  20  6  42  7  34  8  64  9  21  10  50  11  98  12  64  13  49  14  39  15  21  16  18  17  13  18  82  19  80
  0  63  1  29  2  75  3  95  4  81  5  27  6  28  7  40  8  99  9  36  10  91  11  95  12  90  13  11  14  13  15  9  16  61  17  38  18  79  19  17
  0  13  1  42  2  87  3  59  4  3  5  89  6  39  7  95  8  54  9  36  10  67  11  86  12  96  13  1  14  37  15  23  16  14  17  31  18  68  19  3
  0  48  1  96  2  79  3  83  4  96  5  57  6  57  7  74  8  61  9  46  10  85  11  32  12  86  13  91  14  3  15  85  16  59  17  79  18  66  19  97
  0  71  1  87  2  36  3  35  4  67  5  88  6  16  7  20  8  25  9  84  10  13  11  62  12  47  13  5  14  1  15  18  16  48  17  9  18  90  19  6
  0  88  1  56  2  63  3  88  4  60  5  44  6  2  7  93  8  57  9  13  10  26  11  36  12  54  13  88  14  38  15  64  16  2  17  4  18  4  19  36
  0  1  1  97  2  45  3  16  4  11  5  27  6  22  7  25  8  16  9  98  10  15  11  95  12  35  13  30  14  44  15  26  16  77  17  91  18  90  19  9
  0  54  1  77  2  98  3  4  4  5  5  33  6  75  7  67  8  11  9  2  10  20  11  53  12  88  13  99  14  47  15  66  16  95  17  23  18  88  19  13
  0  82  1  29  2  81  3  92  4  86  5  68  6  84  7  18  8  43  9  49  10  79  11  63  12  51  13  59  14  42  15  77  16  39  17  83  18  1  19  99
  0  99  1  83  2  9  3  87  4  2  5  38  6  4  7  26  8  92  9  50  10  21  11  75  12  44  13  73  14  94  15  4  16  14  17  22  18  69  19  71
  0  26  1  52  2  78  3  97  4  86  5  36  6  89  7  13  8  84  9  73  10  19  11  70  12  59  13  97  14  44  15  85  16  17  17  84  18  2  19  12
  0  38  1  60  2  16  3  86  4  13  5  75  6  10  7  92  8  78  9  85  10  8  11  25  12  60  13  55  14  99  15  58  16  37  17  83  18  53  19  53
  0  86  1  7  2  85  3  50  4  70  5  36  6  24  7  29  8  72  9  28  10  28  11  52  12  2  13  2  14  47  15  4  16  14  17  49  18  34  19  83
  0  32  1  98  2  38  3  51  4  42  5  33  6  57  7  3  8  19  9  70  10  20  11  23  12  1  13  57  14  10  15  62  16  4  17  36  18  72  19  30
  0  75  1  79  2  73  3  82  4  94  5  17  6  67  7  66  8  86  9  78  10  26  11  55  12  13  13  46  14  22  15  54  16  35  17  81  18  66  19  93
  0  88  1  62  2  53  3  27  4  98  5  69  6  49  7  94  8  18  9  79  10  43  11  36  12  92  13  69  14  28  15  43  16  67  17  42  18  3  19  99
  0  84  1  18  2  94  3  48  4  50  5  59  6  50  7  73  8  63  9  16  10  42  11  3  12  41  13  21  14  93  15  55  16  66  17  58  18  17  19  86
  0  60  1  95  2  12  3  25  4  57  5  49  6  83  7  85  8  10  9  12  10  55  11  8  12  75  13  92  14  4  15  56  16  61  17  13  18  40  19  76
  0  18  1  73  2  6  3  10  4  9  5  1  6  58  7  81  8  3  9  9  10  73  11  40  12  69  13  58  14  86  15  10  16  67  17  89  18  36  19  68
  0  49  1  55  2  8  3  80  4  39  5  97  6  65  7  34  8  53  9  29  10  34  11  69  12  51  13  10  14  74  15  1  16  64  17  53  18  40  19  59
  0  22  1  75  2  34  3  12  4  71  5  85  6  95  7  34  8  82  9  81  10  80  11  57  12  53  13  94  14  15  15  89  16  73  17  98  18  44  19  93
  0  21  1  73  2  3  3  86  4  82  5  3  6  71  7  71  8  21  9  25  10  10  11  28  12  51  13  84  14  63  15  17  16  80  17  41  18  99  19  76
  0  28  1  39  2  14  3  26  4  28  5  51  6  12  7  88  8  86  9  31  10  57  11  4  12  51  13  58  14  41  15  96  16  92  17  48  18  19  19  24
  0  28  1  59  2  14  3  8  4  32  5  32  6  79  7  29  8  3  9  35  10  81  11  46  12  92  13  92  14  35  15  56  16  19  17  37  18  8  19  16
  0  3  1  1  2  71  3  91  4  16  5  41  6  72  7  3  8  28  9  64  10  42  11  69  12  76  13  90  14  75  15  3  16  21  17  84  18  51  19  80
  0  29  1  22  2  52  3  87  4  29  5  96  6  45  7  36  8  10  9  63  10  88  11  90  12  59  13  84  14  8  15  44  16  79  17  23  18  46  19  38
  0  97  1  88  2  66  3  25  4  95  5  54  6  94  7  98  8  86  9  77  10  97  11  59  12  45  13  2  14  51  15  75  16  54  17  22  18  44  19  64
  0  26  1  35  2  18  3  16  4  9  5  30  6  37  7  2  8  92  9  52  10  38  11  70  12  77  13  78  14  21  15  18  16  52  17  75  18  48  19  65
  0  14  1  19  2  92  3  13  4  20  5  21  6  41  7  18  8  51  9  62  10  38  11  46  12  28  13  53  14  36  15  77  16  17  17  52  18  80  19  66
  0  97  1  23  2  51  3  1  4  5  5  14  6  33  7  80  8  54  9  78  10  87  11  55  12  1  13  85  14  57  15  44  16  15  17  67  18  13  19  58
  0  62  1  32  2  30  3  92  4  20  5  13  6  58  7  44  8  63  9  40  10  14  11  97  12  24  13  72  14  15  15  60  16  81  17  91  18  35  19  57
  0  47  1  82  2  44  3  2  4  58  5  24  6  68  7  18  8  80  9  80  10  84  11  70  12  99  13  64  14  27  15  26  16  40  17  5  18  77  19  66
  0  42  1  50  2  61  3  10  4  90  5  83  6  84  7  17  8  75  9  32  10  58  11  95  12  18  13  99  14  22  15  24  16  14  17  53  18  51  19  53
  0  54  1  39  2  99  3  60  4  34  5  13  6  38  7  74  8  68  9  15  10  63  11  79  12  61  13  11  14  3  15  77  16  7  17  86  18  41  19  66
  0  14  1  74  2  37  3  53  4  88  5  40  6  5  7  22  8  7  9  61  10  84  11  28  12  65  13  70  14  29  15  69  16  5  17  53  18  72  19  73
  0  26  1  27  2  61  3  98  4  44  5  21  6  64  7  34  8  69  9  55  10  94  11  43  12  94  13  77  14  8  15  94  16  24  17  8  18  52  19  79
  0  90  1  7  2  97  3  78  4  29  5  46  6  69  7  69  8  13  9  79  10  42  11  67  12  68  13  16  14  94  15  26  16  25  17  49  18  28  19  67
TPM
  0  1786  1  1786  2  1786  3  1786  4  1786  5  1786  6  1786  7  1786  8  1786  9  1786  10  1786  11  1786  12  1786  13  1786  14  1786  15  1786  16  1786  17  1786  18  1786  19  1786
PMT
  0  48  1  7  2  60  3  7  4  55  5  16  6  5  7  71  8  20  9  2  10  73  11  46  12  26  13  13  14  54  15  73  16  39  17  63  18  33  19  50
  0  17  1  6  2  43  3  7  4  70  5  41  6  45  7  31  8  42  9  25  10  19  11  20  12  51  13  10  14  45  15  47  16  56  17  5  18  54  19  25
  0  27  1  14  2  43  3  14  4  16  5  69  6  31  7  29  8  23  9  35  10  4  11  74  12  48  13  53  14  28  15  42  16  28  17  9  18  28  19  10
  0  74  1  62  2  30  3  13  4  33  5  57  6  17  7  25  8  63  9  40  10  34  11  73  12  27  13  35  14  13  15  61  16  34  17  2  18  67  19  7
  0  35  1  32  2  20  3  29  4  25  5  21  6  69  7  59  8  56  9  37  10  56  11  65  12  27  13  58  14  6  15  1  16  35  17  42  18  61  19  62
  0  40  1  3  2  50  3  65  4  33  5  55  6  32  7  49  8  15  9  64  10  39  11  57  12  56  13  17  14  9  15  66  16  63  17  39  18  34  19  38
  0  15  1  19  2  2  3  71  4  42  5  51  6  11  7  74  8  15  9  40  10  60  11  6  12  72  13  14  14  61  15  3  16  14  17  58  18  57  19  50
  0  49  1  40  2  12  3  50  4  57  5  65  6  70  7  64  8  31  9  31  10  9  11  42  12  20  13  69  14  19  15  38  16  51  17  55  18  73  19  68
  0  68  1  10  2  65  3  27  4  68  5  57  6  26  7  45  8  43  9  28  10  29  11  50  12  19  13  64  14  15  15  46  16  3  17  60  18  20  19  1
  0  66  1  9  2  10  3  63  4  65  5  2  6  20  7  38  8  68  9  64  10  37  11  11  12  64  13  20  14  70  15  21  16  61  17  62  18  52  19  57
  0  74  1  18  2  16  3  21  4  37  5  24  6  42  7  2  8  71  9  67  10  69  11  26  12  58  13  74  14  55  15  27  16  24  17  72  18  47  19  56
  0  45  1  47  2  8  3  47  4  9  5  23  6  19  7  59  8  56  9  44  10  28  11  59  12  14  13  2  14  73  15  71  16  4  17  11  18  50  19  64
