100  15
  0  91  1  11  2  82  3  54  4  87  5  60  6  3  7  76  8  11  9  36  10  35  11  50  12  45  13  24  14  99
  0  93  1  71  2  73  3  85  4  12  5  97  6  94  7  20  8  6  9  25  10  70  11  30  12  60  13  54  14  41
  0  55  1  44  2  8  3  24  4  52  5  39  6  44  7  82  8  13  9  75  10  52  11  49  12  91  13  46  14  79
  0  66  1  92  2  17  3  34  4  11  5  88  6  72  7  38  8  1  9  49  10  47  11  50  12  10  13  16  14  43
  0  77  1  40  2  40  3  30  4  27  5  21  6  85  7  70  8  92  9  35  10  47  11  40  12  60  13  97  14  42
  0  6  1  87  2  31  3  85  4  1  5  83  6  20  7  36  8  6  9  92  10  27  11  92  12  22  13  73  14  11
  0  73  1  97  2  5  3  86  4  96  5  46  6  81  7  98  8  55  9  58  10  63  11  13  12  64  13  5  14  99
  0  44  1  91  2  89  3  51  4  72  5  37  6  73  7  55  8  17  9  99  10  10  11  36  12  74  13  44  14  39
  0  38  1  32  2  80  3  47  4  37  5  17  6  91  7  73  8  60  9  44  10  82  11  37  12  21  13  74  14  44
  0  8  1  44  2  92  3  40  4  31  5  36  6  56  7  77  8  17  9  43  10  7  11  97  12  8  13  73  14  9
  0  19  1  15  2  97  3  70  4  10  5  88  6  54  7  79  8  65  9  44  10  11  11  32  12  32  13  69  14  62
  0  42  1  86  2  86  3  73  4  82  5  82  6  45  7  93  8  68  9  3  10  64  11  99  12  86  13  91  14  50
  0  42  1  59  2  51  3  61  4  10  5  61  6  29  7  99  8  24  9  41  10  27  11  42  12  40  13  27  14  14
  0  44  1  18  2  3  3  14  4  82  5  76  6  96  7  9  8  19  9  53  10  3  11  85  12  98  13  32  14  38
  0  89  1  13  2  16  3  21  4  97  5  94  6  43  7  80  8  99  9  31  10  93  11  79  12  56  13  2  14  9
  0  82  1  83  2  75  3  50  4  7  5  65  6  36  7  50  8  53  9  5  10  19  11  30  12  69  13  63  14  58
  0  9  1  36  2  46  3  1  4  95  5  49  6  35  7  33  8  73  9  42  10  81  11  13  12  93  13  85  14  2
  0  10  1  40  2  41  3  41  4  5  5  54  6  69  7  2  8  92  9  98  10  11  11  51  12  86  13  23  14  95
  0  47  1  28  2  54  3  43  4  57  5  42  6  21  7  68  8  58  9  95  10  83  11  99  12  27  13  49  14  38
  0  67  1  83  2  5  3  12  4  36  5  33  6  1  7  57  8  68  9  7  10  94  11  33  12  68  13  24  14  40
  0  10  1  17  2  17  3  48  4  52  5  9  6  69  7  94  8  59  9  62  10  84  11  3  12  64  13  44  14  85
  0  22  1  24  2  46  3  94  4  76  5  61  6  85  7  51  8  58  9  23  10  48  11  79  12  90  13  74  14  62
  0  95  1  74  2  55  3  87  4  24  5  10  6  42  7  73  8  69  9  40  10  15  11  81  12  50  13  77  14  14
  0  8  1  2  2  89  3  31  4  54  5  92  6  66  7  82  8  2  9  33  10  97  11  43  12  14  13  44  14  28
  0  50  1  67  2  32  3  62  4  5  5  74  6  87  7  54  8  23  9  68  10  92  11  89  12  22  13  40  14  14
  0  43  1  39  2  61  3  14  4  87  5  21  6  42  7  11  8  67  9  28  10  82  11  59  12  68  13  45  14  38
  0  42  1  55  2  95  3  98  4  95  5  51  6  86  7  57  8  1  9  75  10  51  11  11  12  19  13  77  14  49
  0  16  1  52  2  24  3  55  4  14  5  58  6  27  7  39  8  72  9  50  10  23  11  7  12  17  13  57  14  43
  0  88  1  54  2  36  3  25  4  53  5  12  6  43  7  66  8  13  9  32  10  24  11  19  12  39  13  8  14  73
  0  67  1  97  2  51  3  63  4  48  5  84  6  14  7  64  8  95  9  13  10  21  11  81  12  31  13  88  14  79
  0  1  1  24  2  65  3  63  4  10  5  89  6  75  7  98  8  29  9  9  10  77  11  7  12  90  13  81  14  60
  0  57  1  26  2  49  3  99  4  51  5  66  6  44  7  55  8  48  9  57  10  59  11  52  12  80  13  48  14  38
  0  97  1  39  2  7  3  38  4  1  5  27  6  65  7  3  8  21  9  91  10  99  11  56  12  57  13  4  14  1
  0  12  1  44  2  43  3  92  4  38  5  24  6  88  7  97  8  42  9  7  10  45  11  57  12  57  13  53  14  54
  0  61  1  44  2  18  3  49  4  40  5  40  6  52  7  72  8  28  9  21  10  55  11  61  12  99  13  63  14  13
  0  62  1  28  2  9  3  77  4  42  5  34  6  75  7  67  8  94  9  18  10  73  11  83  12  68  13  81  14  10
  0  89  1  61  2  4  3  99  4  91  5  54  6  7  7  9  8  13  9  91  10  41  11  1  12  54  13  18  14  66
  0  61  1  86  2  31  3  15  4  25  5  7  6  16  7  56  8  32  9  64  10  69  11  5  12  70  13  41  14  25
  0  41  1  9  2  22  3  36  4  29  5  6  6  17  7  88  8  63  9  54  10  3  11  41  12  68  13  3  14  99
  0  13  1  36  2  58  3  3  4  75  5  74  6  64  7  33  8  18  9  12  10  2  11  78  12  74  13  59  14  69
  0  38  1  57  2  43  3  27  4  91  5  25  6  60  7  18  8  51  9  73  10  8  11  8  12  81  13  38  14  94
  0  85  1  82  2  31  3  36  4  37  5  72  6  76  7  90  8  79  9  19  10  91  11  97  12  8  13  9  14  37
  0  99  1  6  2  46  3  48  4  87  5  10  6  23  7  88  8  90  9  41  10  9  11  21  12  85  13  31  14  36
  0  66  1  25  2  13  3  99  4  3  5  91  6  59  7  84  8  26  9  17  10  77  11  82  12  66  13  54  14  97
  0  84  1  47  2  67  3  17  4  40  5  20  6  74  7  83  8  25  9  4  10  84  11  33  12  62  13  31  14  84
  0  11  1  89  2  75  3  85  4  47  5  57  6  93  7  22  8  62  9  13  10  31  11  77  12  17  13  99  14  61
  0  71  1  48  2  69  3  60  4  22  5  44  6  6  7  34  8  94  9  47  10  86  11  58  12  75  13  1  14  43
  0  92  1  42  2  59  3  95  4  74  5  20  6  54  7  69  8  9  9  44  10  59  11  16  12  14  13  66  14  6
  0  6  1  88  2  80  3  59  4  60  5  93  6  44  7  26  8  35  9  89  10  36  11  78  12  80  13  56  14  69
  0  5  1  38  2  86  3  38  4  19  5  43  6  40  7  95  8  1  9  57  10  92  11  67  12  42  13  32  14  10
  0  49  1  7  2  92  3  43  4  60  5  60  6  85  7  30  8  36  9  8  10  29  11  26  12  83  13  32  14  65
  0  15  1  40  2  57  3  93  4  77  5  97  6  54  7  53  8  13  9  98  10  55  11  49  12  30  13  97  14  75
  0  84  1  67  2  59  3  31  4  10  5  14  6  33  7  7  8  8  9  18  10  17  11  31  12  94  13  22  14  14
  0  36  1  77  2  65  3  32  4  22  5  15  6  25  7  93  8  58  9  76  10  95  11  35  12  87  13  83  14  42
  0  37  1  5  2  77  3  51  4  4  5  42  6  65  7  76  8  69  9  78  10  21  11  66  12  30  13  43  14  49
  0  94  1  2  2  98  3  39  4  55  5  62  6  13  7  62  8  73  9  40  10  52  11  2  12  57  13  31  14  69
  0  5  1  92  2  81  3  50  4  99  5  39  6  57  7  57  8  25  9  96  10  82  11  84  12  53  13  51  14  37
  0  90  1  16  2  1  3  16  4  3  5  54  6  42  7  16  8  96  9  55  10  57  11  99  12  82  13  46  14  28
  0  35  1  72  2  65  3  80  4  23  5  7  6  22  7  22  8  65  9  42  10  11  11  29  12  32  13  58  14  63
  0  11  1  20  2  22  3  26  4  35  5  21  6  9  7  12  8  99  9  48  10  91  11  71  12  1  13  80  14  20
  0  62  1  5  2  13  3  73  4  26  5  47  6  47  7  49  8  97  9  5  10  45  11  17  12  7  13  16  14  23
  0  62  1  46  2  48  3  81  4  88  5  20  6  32  7  76  8  53  9  80  10  17  11  87  12  66  13  46  14  18
  0  34  1  65  2  34  3  48  4  54  5  47  6  54  7  71  8  39  9  27  10  63  11  10  12  82  13  51  14  49
  0  91  1  4  2  84  3  28  4  31  5  44  6  41  7  43  8  65  9  39  10  49  11  14  12  94  13  28  14  43
  0  71  1  10  2  58  3  45  4  79  5  81  6  65  7  71  8  28  9  70  10  74  11  65  12  38  13  68  14  34
  0  66  1  36  2  75  3  72  4  37  5  65  6  89  7  51  8  35  9  52  10  47  11  57  12  85  13  46  14  50
  0  39  1  93  2  98  3  67  4  95  5  10  6  48  7  93  8  75  9  25  10  29  11  2  12  28  13  69  14  24
  0  30  1  29  2  36  3  22  4  79  5  67  6  63  7  51  8  20  9  67  10  23  11  9  12  30  13  77  14  29
  0  97  1  12  2  57  3  42  4  37  5  70  6  35  7  41  8  23  9  35  10  33  11  90  12  50  13  61  14  66
  0  17  1  7  2  56  3  62  4  86  5  19  6  4  7  74  8  28  9  10  10  81  11  75  12  63  13  84  14  4
  0  41  1  22  2  69  3  25  4  88  5  65  6  51  7  89  8  10  9  42  10  20  11  25  12  8  13  48  14  90
  0  84  1  54  2  64  3  53  4  23  5  4  6  92  7  96  8  36  9  27  10  28  11  97  12  96  13  78  14  14
  0  58  1  98  2  84  3  84  4  44  5  46  6  14  7  89  8  66  9  82  10  98  11  47  12  87  13  41  14  87
  0  84  1  58  2  46  3  51  4  44  5  14  6  21  7  89  8  82  9  85  10  54  11  1  12  80  13  6  14  53
  0  4  1  34  2  15  3  83  4  39  5  13  6  89  7  49  8  79  9  94  10  64  11  96  12  27  13  14  14  8
  0  29  1  83  2  82  3  68  4  59  5  11  6  65  7  23  8  53  9  30  10  37  11  69  12  25  13  16  14  36
  0  56  1  3  2  92  3  85  4  49  5  66  6  31  7  77  8  56  9  19  10  4  11  10  12  85  13  67  14  63
  0  28  1  93  2  96  3  24  4  31  5  43  6  76  7  82  8  15  9  95  10  39  11  3  12  87  13  91  14  6
  0  42  1  65  2  5  3  61  4  13  5  31  6  62  7  93  8  84  9  29  10  75  11  56  12  77  13  18  14  27
  0  22  1  23  2  2  3  92  4  18  5  60  6  18  7  14  8  88  9  12  10  53  11  31  12  11  13  56  14  16
  0  56  1  40  2  90  3  70  4  40  5  7  6  49  7  35  8  65  9  51  10  15  11  93  12  63  13  76  14  58
  0  53  1  43  2  73  3  65  4  72  5  84  6  28  7  63  8  33  9  19  10  27  11  39  12  21  13  12  14  14
  0  12  1  56  2  20  3  62  4  20  5  76  6  83  7  84  8  7  9  62  10  74  11  65  12  37  13  71  14  18
  0  7  1  76  2  98  3  49  4  26  5  97  6  7  7  83  8  28  9  23  10  68  11  5  12  61  13  98  14  33
  0  2  1  9  2  57  3  94  4  1  5  96  6  32  7  38  8  88  9  2  10  12  11  83  12  17  13  99  14  59
  0  42  1  21  2  89  3  31  4  93  5  15  6  71  7  68  8  94  9  32  10  82  11  50  12  19  13  26  14  98
  0  23  1  80  2  47  3  71  4  54  5  70  6  73  7  54  8  77  9  35  10  42  11  29  12  11  13  64  14  23
  0  56  1  83  2  61  3  34  4  81  5  92  6  24  7  68  8  93  9  75  10  54  11  11  12  21  13  77  14  77
  0  44  1  89  2  38  3  32  4  81  5  89  6  32  7  69  8  71  9  36  10  47  11  73  12  64  13  5  14  70
  0  77  1  36  2  79  3  9  4  61  5  6  6  53  7  2  8  31  9  98  10  61  11  60  12  32  13  30  14  36
  0  56  1  41  2  29  3  18  4  64  5  34  6  14  7  65  8  91  9  35  10  84  11  33  12  83  13  86  14  7
  0  26  1  76  2  94  3  4  4  48  5  31  6  49  7  65  8  90  9  69  10  6  11  48  12  35  13  9  14  97
  0  33  1  83  2  59  3  9  4  59  5  11  6  19  7  7  8  43  9  16  10  3  11  58  12  61  13  24  14  68
  0  33  1  55  2  58  3  38  4  89  5  83  6  85  7  38  8  10  9  25  10  90  11  76  12  91  13  19  14  64
  0  53  1  50  2  97  3  85  4  77  5  78  6  20  7  34  8  15  9  50  10  47  11  71  12  9  13  82  14  8
  0  77  1  32  2  99  3  29  4  30  5  82  6  38  7  38  8  48  9  16  10  6  11  78  12  66  13  73  14  81
  0  73  1  85  2  70  3  13  4  33  5  28  6  24  7  53  8  3  9  90  10  59  11  37  12  86  13  77  14  20
  0  4  1  88  2  52  3  50  4  99  5  77  6  32  7  56  8  17  9  41  10  37  11  43  12  74  13  5  14  45
  0  84  1  24  2  27  3  28  4  84  5  38  6  80  7  57  8  33  9  34  10  12  11  24  12  55  13  20  14  6
  0  92  1  18  2  69  3  26  4  93  5  42  6  71  7  84  8  21  9  28  10  5  11  72  12  88  13  96  14  31
TPM
  0  1446  1  1446  2  1446  3  1446  4  1446  5  1446  6  1446  7  1446  8  1446  9  1446  10  1446  11  1446  12  1446  13  1446  14  1446
PMT
  0  32  1  34  2  49  3  8  4  28  5  3  6  31  7  1  8  9  9  44  10  28  11  13  12  26  13  8  14  49
  0  13  1  16  2  45  3  27  4  38  5  48  6  19  7  37  8  40  9  33  10  9  11  43  12  40  13  10  14  39
  0  23  1  33  2  1  3  45  4  40  5  2  6  48  7  13  8  9  9  4  10  24  11  49  12  34  13  17  14  23
  0  43  1  43  2  30  3  38  4  28  5  27  6  37  7  21  8  5  9  29  10  11  11  37  12  3  13  21  14  14
  0  39  1  13  2  29  3  24  4  21  5  40  6  31  7  45  8  18  9  39  10  5  11  44  12  9  13  15  14  32
  0  34  1  6  2  49  3  3  4  2  5  15  6  46  7  5  8  34  9  28  10  11  11  25  12  5  13  44  14  17
  0  11  1  14  2  26  3  40  4  47  5  11  6  46  7  10  8  22  9  15  10  13  11  26  12  21  13  1  14  48
