500  5
  0  80  1  9  2  46  3  89  4  63
  0  17  1  60  2  87  3  85  4  91
  0  96  1  70  2  12  3  15  4  87
  0  52  1  41  2  56  3  71  4  7
  0  14  1  68  2  71  3  2  4  17
  0  28  1  50  2  26  3  49  4  49
  0  58  1  67  2  16  3  48  4  3
  0  15  1  47  2  37  3  10  4  81
  0  72  1  77  2  47  3  6  4  88
  0  27  1  42  2  46  3  7  4  57
  0  11  1  87  2  64  3  16  4  66
  0  37  1  36  2  71  3  99  4  48
  0  87  1  71  2  30  3  35  4  41
  0  77  1  72  2  44  3  64  4  84
  0  76  1  93  2  89  3  23  4  25
  0  14  1  22  2  1  3  1  4  34
  0  15  1  44  2  69  3  8  4  88
  0  32  1  15  2  69  3  52  4  44
  0  39  1  58  2  34  3  53  4  21
  0  66  1  32  2  52  3  77  4  79
  0  62  1  75  2  86  3  34  4  28
  0  65  1  51  2  97  3  68  4  3
  0  32  1  46  2  57  3  72  4  61
  0  9  1  40  2  72  3  20  4  87
  0  48  1  55  2  56  3  77  4  25
  0  73  1  50  2  46  3  51  4  74
  0  67  1  56  2  50  3  47  4  64
  0  22  1  16  2  37  3  28  4  43
  0  96  1  68  2  56  3  71  4  18
  0  42  1  21  2  68  3  36  4  8
  0  81  1  90  2  48  3  11  4  15
  0  8  1  14  2  78  3  89  4  19
  0  50  1  93  2  18  3  41  4  2
  0  59  1  39  2  81  3  21  4  66
  0  31  1  21  2  90  3  6  4  44
  0  56  1  68  2  98  3  15  4  93
  0  56  1  32  2  5  3  81  4  15
  0  10  1  53  2  36  3  66  4  83
  0  60  1  84  2  69  3  2  4  31
  0  33  1  55  2  89  3  40  4  48
  0  52  1  75  2  13  3  82  4  49
  0  91  1  20  2  7  3  68  4  33
  0  33  1  27  2  47  3  58  4  93
  0  75  1  49  2  49  3  88  4  30
  0  61  1  77  2  38  3  2  4  40
  0  36  1  36  2  67  3  14  4  36
  0  96  1  63  2  54  3  83  4  3
  0  61  1  82  2  73  3  59  4  85
  0  68  1  80  2  93  3  43  4  17
  0  21  1  55  2  90  3  92  4  20
  0  13  1  40  2  93  3  18  4  48
  0  85  1  81  2  82  3  89  4  8
  0  42  1  19  2  43  3  76  4  12
  0  4  1  7  2  77  3  19  4  70
  0  87  1  11  2  7  3  23  4  39
  0  48  1  40  2  73  3  97  4  56
  0  24  1  8  2  95  3  3  4  71
  0  32  1  68  2  13  3  2  4  68
  0  73  1  54  2  72  3  76  4  12
  0  45  1  50  2  45  3  9  4  30
  0  96  1  68  2  84  3  61  4  11
  0  86  1  41  2  83  3  53  4  90
  0  30  1  10  2  64  3  94  4  83
  0  32  1  17  2  19  3  27  4  13
  0  98  1  67  2  96  3  37  4  97
  0  68  1  39  2  35  3  33  4  13
  0  66  1  3  2  71  3  27  4  77
  0  74  1  98  2  43  3  96  4  21
  0  58  1  68  2  64  3  93  4  68
  0  57  1  98  2  30  3  65  4  47
  0  4  1  76  2  57  3  1  4  92
  0  21  1  77  2  74  3  62  4  18
  0  62  1  5  2  16  3  62  4  10
  0  74  1  50  2  42  3  75  4  10
  0  28  1  66  2  21  3  20  4  14
  0  61  1  36  2  69  3  39  4  78
  0  68  1  55  2  32  3  52  4  54
  0  33  1  26  2  3  3  33  4  95
  0  19  1  74  2  79  3  18  4  69
  0  56  1  95  2  10  3  33  4  17
  0  36  1  50  2  87  3  57  4  70
  0  80  1  91  2  71  3  2  4  96
  0  81  1  42  2  89  3  52  4  94
  0  44  1  53  2  73  3  83  4  12
  0  52  1  52  2  51  3  94  4  65
  0  41  1  16  2  18  3  25  4  4
  0  12  1  8  2  65  3  71  4  50
  0  66  1  99  2  8  3  15  4  91
  0  40  1  3  2  77  3  69  4  7
  0  18  1  27  2  16  3  9  4  78
  0  80  1  12  2  84  3  84  4  98
  0  74  1  39  2  61  3  21  4  60
  0  8  1  94  2  23  3  81  4  36
  0  26  1  20  2  97  3  67  4  77
  0  2  1  96  2  66  3  46  4  55
  0  92  1  14  2  2  3  16  4  88
  0  62  1  49  2  59  3  98  4  46
  0  55  1  6  2  18  3  60  4  57
  0  27  1  81  2  68  3  92  4  52
  0  63  1  10  2  13  3  27  4  86
  0  95  1  83  2  69  3  71  4  34
  0  80  1  21  2  24  3  16  4  25
  0  99  1  41  2  47  3  30  4  87
  0  98  1  15  2  43  3  18  4  37
  0  25  1  7  2  52  3  63  4  46
  0  78  1  40  2  36  3  38  4  76
  0  28  1  4  2  69  3  45  4  40
  0  6  1  34  2  54  3  56  4  60
  0  35  1  76  2  67  3  10  4  82
  0  14  1  59  2  74  3  34  4  52
  0  80  1  51  2  71  3  81  4  90
  0  66  1  92  2  3  3  77  4  40
  0  62  1  6  2  5  3  52  4  38
  0  98  1  35  2  97  3  98  4  12
  0  20  1  82  2  5  3  19  4  61
  0  89  1  79  2  37  3  96  4  19
  0  10  1  5  2  43  3  88  4  75
  0  48  1  15  2  37  3  75  4  86
  0  5  1  74  2  10  3  34  4  67
  0  65  1  17  2  1  3  79  4  55
  0  98  1  92  2  46  3  51  4  74
  0  81  1  74  2  32  3  37  4  81
  0  47  1  59  2  14  3  41  4  53
  0  85  1  51  2  67  3  73  4  5
  0  75  1  20  2  17  3  93  4  1
  0  42  1  52  2  13  3  83  4  29
  0  97  1  91  2  42  3  31  4  46
  0  12  1  6  2  67  3  51  4  48
  0  42  1  75  2  84  3  55  4  80
  0  26  1  63  2  83  3  53  4  98
  0  91  1  81  2  86  3  65  4  59
  0  14  1  42  2  55  3  22  4  95
  0  79  1  81  2  16  3  30  4  78
  0  58  1  10  2  92  3  77  4  47
  0  86  1  6  2  72  3  90  4  12
  0  98  1  11  2  42  3  26  4  35
  0  74  1  93  2  69  3  59  4  19
  0  55  1  29  2  6  3  31  4  43
  0  65  1  47  2  11  3  76  4  64
  0  1  1  95  2  98  3  99  4  4
  0  78  1  62  2  29  3  30  4  93
  0  45  1  54  2  15  3  65  4  91
  0  95  1  98  2  46  3  1  4  84
  0  18  1  93  2  90  3  73  4  98
  0  52  1  21  2  99  3  34  4  49
  0  52  1  72  2  40  3  20  4  74
  0  57  1  39  2  15  3  27  4  78
  0  5  1  61  2  3  3  67  4  62
  0  72  1  99  2  28  3  41  4  41
  0  63  1  92  2  15  3  49  4  45
  0  92  1  80  2  80  3  50  4  65
  0  54  1  27  2  68  3  71  4  94
  0  16  1  99  2  2  3  74  4  6
  0  22  1  84  2  71  3  20  4  71
  0  31  1  31  2  24  3  9  4  79
  0  36  1  69  2  20  3  25  4  94
  0  36  1  60  2  39  3  96  4  80
  0  38  1  32  2  42  3  44  4  4
  0  94  1  17  2  90  3  86  4  26
  0  69  1  83  2  2  3  50  4  28
  0  2  1  6  2  53  3  44  4  75
  0  84  1  11  2  67  3  78  4  5
  0  87  1  81  2  20  3  50  4  16
  0  50  1  4  2  34  3  95  4  61
  0  61  1  56  2  76  3  70  4  85
  0  42  1  2  2  66  3  95  4  88
  0  29  1  33  2  30  3  5  4  67
  0  59  1  44  2  11  3  81  4  25
  0  58  1  47  2  66  3  84  4  79
  0  98  1  76  2  2  3  92  4  37
  0  77  1  11  2  7  3  48  4  54
  0  22  1  85  2  67  3  76  4  89
  0  4  1  76  2  27  3  2  4  16
  0  13  1  33  2  65  3  16  4  93
  0  54  1  6  2  36  3  71  4  21
  0  95  1  8  2  58  3  28  4  69
  0  78  1  88  2  27  3  19  4  70
  0  18  1  65  2  49  3  11  4  61
  0  73  1  46  2  82  3  30  4  1
  0  5  1  59  2  20  3  38  4  83
  0  38  1  56  2  91  3  17  4  78
  0  97  1  88  2  86  3  13  4  53
  0  29  1  31  2  80  3  76  4  19
  0  51  1  6  2  27  3  49  4  37
  0  24  1  16  2  93  3  27  4  22
  0  81  1  58  2  73  3  51  4  61
  0  95  1  69  2  21  3  46  4  59
  0  70  1  90  2  42  3  83  4  16
  0  16  1  78  2  86  3  20  4  10
  0  33  1  55  2  4  3  33  4  54
  0  46  1  77  2  24  3  18  4  14
  0  6  1  25  2  37  3  60  4  95
  0  69  1  18  2  45  3  11  4  40
  0  28  1  25  2  88  3  17  4  14
  0  96  1  23  2  51  3  98  4  64
  0  29  1  61  2  36  3  64  4  5
  0  34  1  3  2  99  3  72  4  51
  0  51  1  88  2  37  3  9  4  71
  0  19  1  19  2  80  3  16  4  54
  0  27  1  37  2  88  3  56  4  2
  0  42  1  20  2  93  3  30  4  69
  0  49  1  73  2  7  3  25  4  11
  0  99  1  16  2  55  3  92  4  53
  0  28  1  82  2  94  3  48  4  61
  0  6  1  29  2  96  3  45  4  43
  0  24  1  16  2  72  3  15  4  34
  0  22  1  45  2  87  3  60  4  19
  0  41  1  34  2  34  3  77  4  62
  0  75  1  24  2  45  3  32  4  8
  0  66  1  53  2  60  3  36  4  23
  0  98  1  98  2  60  3  26  4  10
  0  37  1  2  2  61  3  50  4  33
  0  40  1  91  2  95  3  64  4  16
  0  33  1  92  2  46  3  23  4  30
  0  92  1  61  2  79  3  90  4  7
  0  81  1  67  2  84  3  47  4  94
  0  67  1  4  2  23  3  54  4  33
  0  48  1  23  2  14  3  91  4  88
  0  2  1  27  2  46  3  8  4  49
  0  12  1  27  2  29  3  12  4  15
  0  27  1  81  2  85  3  26  4  89
  0  70  1  20  2  24  3  72  4  31
  0  82  1  62  2  72  3  2  4  82
  0  15  1  97  2  50  3  54  4  52
  0  37  1  13  2  44  3  7  4  29
  0  50  1  57  2  48  3  62  4  35
  0  49  1  2  2  51  3  7  4  76
  0  38  1  51  2  67  3  46  4  52
  0  26  1  7  2  11  3  1  4  85
  0  77  1  13  2  51  3  42  4  60
  0  74  1  88  2  50  3  86  4  78
  0  56  1  47  2  7  3  96  4  42
  0  1  1  35  2  54  3  42  4  18
  0  91  1  34  2  37  3  94  4  33
  0  71  1  92  2  93  3  36  4  83
  0  59  1  80  2  85  3  27  4  17
  0  67  1  74  2  4  3  15  4  34
  0  7  1  28  2  92  3  27  4  85
  0  44  1  70  2  59  3  5  4  53
  0  56  1  59  2  92  3  81  4  20
  0  44  1  60  2  12  3  5  4  9
  0  61  1  54  2  92  3  69  4  77
  0  15  1  45  2  89  3  60  4  15
  0  82  1  78  2  18  3  47  4  67
  0  54  1  14  2  79  3  15  4  94
  0  19  1  50  2  45  3  23  4  38
  0  90  1  40  2  8  3  91  4  8
  0  78  1  66  2  47  3  77  4  62
  0  5  1  96  2  43  3  57  4  39
  0  54  1  32  2  99  3  64  4  7
  0  15  1  62  2  83  3  42  4  83
  0  68  1  5  2  45  3  23  4  94
  0  72  1  23  2  87  3  10  4  86
  0  13  1  26  2  38  3  24  4  75
  0  11  1  40  2  76  3  86  4  54
  0  52  1  60  2  64  3  31  4  32
  0  61  1  8  2  35  3  92  4  29
  0  38  1  39  2  31  3  24  4  48
  0  29  1  72  2  82  3  18  4  49
  0  2  1  69  2  55  3  61  4  43
  0  6  1  52  2  12  3  5  4  15
  0  82  1  66  2  15  3  10  4  68
  0  39  1  5  2  27  3  1  4  42
  0  9  1  72  2  91  3  29  4  9
  0  26  1  85  2  1  3  28  4  44
  0  59  1  2  2  41  3  33  4  93
  0  33  1  80  2  99  3  1  4  40
  0  41  1  87  2  16  3  77  4  14
  0  61  1  14  2  35  3  98  4  10
  0  8  1  94  2  90  3  58  4  12
  0  40  1  18  2  25  3  12  4  47
  0  96  1  60  2  55  3  27  4  16
  0  46  1  53  2  88  3  75  4  57
  0  66  1  58  2  45  3  4  4  14
  0  58  1  95  2  1  3  22  4  50
  0  55  1  44  2  99  3  76  4  52
  0  93  1  30  2  58  3  81  4  73
  0  78  1  53  2  92  3  50  4  86
  0  56  1  68  2  62  3  97  4  3
  0  82  1  93  2  14  3  28  4  17
  0  10  1  98  2  58  3  95  4  27
  0  78  1  66  2  70  3  57  4  92
  0  99  1  41  2  53  3  94  4  73
  0  30  1  62  2  28  3  82  4  16
  0  46  1  1  2  70  3  1  4  29
  0  42  1  74  2  89  3  87  4  29
  0  14  1  67  2  92  3  88  4  4
  0  28  1  56  2  45  3  16  4  1
  0  63  1  44  2  4  3  38  4  71
  0  76  1  74  2  3  3  23  4  2
  0  72  1  47  2  93  3  17  4  5
  0  72  1  78  2  44  3  31  4  19
  0  83  1  17  2  81  3  13  4  76
  0  96  1  96  2  91  3  17  4  50
  0  84  1  58  2  65  3  61  4  54
  0  54  1  50  2  67  3  54  4  44
  0  24  1  35  2  39  3  52  4  54
  0  26  1  45  2  1  3  34  4  6
  0  25  1  24  2  89  3  4  4  99
  0  79  1  25  2  30  3  14  4  66
  0  49  1  93  2  10  3  15  4  56
  0  94  1  41  2  36  3  54  4  77
  0  6  1  10  2  74  3  60  4  75
  0  78  1  2  2  86  3  30  4  59
  0  9  1  75  2  37  3  91  4  76
  0  36  1  36  2  1  3  42  4  92
  0  14  1  17  2  12  3  45  4  79
  0  99  1  19  2  41  3  83  4  60
  0  12  1  39  2  24  3  62  4  22
  0  1  1  49  2  55  3  26  4  31
  0  47  1  82  2  4  3  48  4  73
  0  42  1  81  2  80  3  62  4  18
  0  70  1  83  2  25  3  88  4  75
  0  46  1  33  2  99  3  22  4  41
  0  25  1  40  2  16  3  5  4  5
  0  71  1  54  2  80  3  5  4  96
  0  27  1  57  2  38  3  59  4  9
  0  62  1  67  2  28  3  3  4  24
  0  51  1  78  2  90  3  96  4  58
  0  13  1  23  2  8  3  62  4  57
  0  27  1  81  2  38  3  18  4  24
  0  44  1  47  2  13  3  95  4  16
  0  64  1  97  2  24  3  38  4  94
  0  40  1  4  2  3  3  77  4  33
  0  6  1  74  2  74  3  39  4  23
  0  22  1  97  2  1  3  55  4  9
  0  10  1  76  2  81  3  93  4  21
  0  71  1  57  2  51  3  49  4  74
  0  12  1  19  2  27  3  37  4  47
  0  15  1  60  2  29  3  57  4  98
  0  91  1  76  2  17  3  57  4  10
  0  64  1  28  2  44  3  5  4  48
  0  82  1  4  2  70  3  18  4  25
  0  57  1  96  2  9  3  98  4  39
  0  15  1  48  2  8  3  95  4  66
  0  76  1  40  2  97  3  30  4  91
  0  26  1  25  2  21  3  10  4  30
  0  23  1  33  2  28  3  4  4  43
  0  18  1  31  2  34  3  12  4  89
  0  97  1  83  2  92  3  17  4  73
  0  99  1  40  2  44  3  36  4  25
  0  50  1  34  2  59  3  62  4  69
  0  51  1  48  2  56  3  3  4  5
  0  16  1  1  2  38  3  23  4  8
  0  86  1  94  2  51  3  12  4  49
  0  26  1  66  2  92  3  74  4  69
  0  59  1  40  2  72  3  7  4  42
  0  46  1  47  2  81  3  58  4  15
  0  87  1  82  2  23  3  79  4  85
  0  96  1  9  2  11  3  48  4  91
  0  59  1  92  2  55  3  68  4  95
  0  34  1  83  2  9  3  48  4  35
  0  1  1  99  2  28  3  17  4  94
  0  15  1  15  2  95  3  93  4  81
  0  44  1  50  2  2  3  59  4  94
  0  23  1  36  2  19  3  27  4  45
  0  57  1  92  2  24  3  78  4  23
  0  32  1  20  2  23  3  7  4  92
  0  37  1  19  2  58  3  42  4  52
  0  44  1  7  2  57  3  69  4  10
  0  26  1  39  2  71  3  60  4  7
  0  91  1  67  2  74  3  24  4  24
  0  76  1  99  2  77  3  70  4  99
  0  68  1  47  2  45  3  68  4  88
  0  1  1  80  2  84  3  90  4  29
  0  2  1  91  2  96  3  15  4  47
  0  16  1  19  2  43  3  38  4  97
  0  20  1  17  2  44  3  94  4  84
  0  50  1  16  2  4  3  90  4  20
  0  73  1  71  2  73  3  20  4  66
  0  60  1  22  2  63  3  45  4  95
  0  58  1  87  2  27  3  28  4  79
  0  88  1  22  2  63  3  65  4  82
  0  58  1  58  2  87  3  62  4  48
  0  80  1  66  2  8  3  39  4  80
  0  66  1  60  2  72  3  26  4  13
  0  74  1  46  2  94  3  98  4  5
  0  32  1  25  2  87  3  93  4  13
  0  72  1  32  2  60  3  33  4  25
  0  95  1  23  2  75  3  63  4  4
  0  85  1  10  2  82  3  88  4  77
  0  87  1  6  2  5  3  41  4  57
  0  51  1  14  2  83  3  32  4  45
  0  76  1  52  2  52  3  79  4  99
  0  97  1  99  2  62  3  27  4  29
  0  59  1  14  2  66  3  80  4  57
  0  1  1  92  2  44  3  2  4  8
  0  76  1  29  2  98  3  4  4  22
  0  65  1  38  2  36  3  11  4  57
  0  67  1  62  2  94  3  43  4  92
  0  18  1  75  2  39  3  70  4  60
  0  68  1  55  2  92  3  46  4  40
  0  11  1  70  2  33  3  61  4  10
  0  69  1  16  2  15  3  22  4  54
  0  27  1  63  2  3  3  45  4  71
  0  46  1  45  2  89  3  73  4  76
  0  32  1  6  2  51  3  53  4  47
  0  58  1  57  2  93  3  64  4  52
  0  37  1  90  2  9  3  75  4  1
  0  99  1  67  2  26  3  17  4  47
  0  4  1  83  2  54  3  7  4  85
  0  30  1  50  2  70  3  38  4  32
  0  81  1  29  2  85  3  18  4  39
  0  29  1  40  2  38  3  68  4  74
  0  47  1  72  2  6  3  94  4  7
  0  28  1  23  2  78  3  16  4  57
  0  74  1  70  2  12  3  59  4  88
  0  65  1  11  2  64  3  67  4  42
  0  63  1  23  2  67  3  40  4  86
  0  24  1  97  2  56  3  24  4  30
  0  38  1  14  2  57  3  9  4  71
  0  40  1  78  2  79  3  90  4  55
  0  70  1  19  2  2  3  45  4  72
  0  1  1  63  2  84  3  38  4  40
  0  17  1  26  2  88  3  86  4  87
  0  82  1  29  2  88  3  88  4  47
  0  93  1  2  2  35  3  46  4  13
  0  41  1  57  2  22  3  36  4  75
  0  75  1  67  2  57  3  36  4  64
  0  85  1  2  2  71  3  36  4  40
  0  93  1  67  2  96  3  97  4  19
  0  42  1  76  2  10  3  24  4  48
  0  31  1  71  2  35  3  65  4  57
  0  43  1  93  2  63  3  84  4  43
  0  30  1  59  2  23  3  34  4  19
  0  5  1  80  2  65  3  3  4  81
  0  90  1  42  2  66  3  80  4  7
  0  36  1  2  2  4  3  43  4  58
  0  94  1  8  2  90  3  55  4  22
  0  76  1  26  2  4  3  48  4  94
  0  79  1  13  2  50  3  67  4  57
  0  61  1  11  2  91  3  18  4  16
  0  69  1  84  2  39  3  36  4  9
  0  31  1  45  2  33  3  20  4  81
  0  73  1  50  2  78  3  45  4  88
  0  84  1  17  2  38  3  90  4  63
  0  85  1  73  2  66  3  51  4  25
  0  32  1  78  2  33  3  3  4  33
  0  96  1  26  2  83  3  82  4  18
  0  95  1  38  2  91  3  16  4  85
  0  96  1  79  2  32  3  86  4  28
  0  7  1  95  2  3  3  73  4  97
  0  28  1  90  2  80  3  55  4  74
  0  83  1  24  2  80  3  61  4  21
  0  78  1  35  2  90  3  42  4  19
  0  19  1  92  2  30  3  35  4  55
  0  22  1  96  2  96  3  1  4  57
  0  53  1  8  2  10  3  34  4  9
  0  30  1  49  2  40  3  84  4  70
  0  21  1  32  2  44  3  52  4  37
  0  60  1  75  2  36  3  75  4  21
  0  69  1  34  2  84  3  53  4  81
  0  45  1  37  2  67  3  81  4  20
  0  38  1  65  2  20  3  98  4  41
  0  78  1  63  2  19  3  30  4  56
  0  77  1  57  2  67  3  70  4  73
  0  58  1  20  2  5  3  33  4  87
  0  2  1  63  2  70  3  79  4  17
  0  17  1  24  2  78  3  69  4  60
  0  59  1  7  2  84  3  50  4  38
  0  95  1  58  2  53  3  81  4  59
  0  24  1  33  2  36  3  8  4  15
  0  23  1  23  2  25  3  42  4  99
  0  10  1  59  2  32  3  44  4  64
  0  93  1  95  2  29  3  64  4  8
  0  8  1  8  2  59  3  38  4  26
  0  79  1  40  2  6  3  89  4  38
  0  37  1  58  2  60  3  50  4  58
  0  52  1  3  2  22  3  48  4  78
  0  13  1  29  2  7  3  91  4  54
  0  42  1  31  2  5  3  48  4  58
  0  42  1  69  2  25  3  20  4  17
  0  33  1  43  2  1  3  43  4  50
  0  33  1  60  2  63  3  14  4  13
  0  19  1  76  2  85  3  88  4  4
  0  15  1  81  2  36  3  51  4  8
  0  37  1  27  2  86  3  5  4  30
  0  47  1  3  2  32  3  66  4  16
  0  9  1  77  2  48  3  14  4  36
  0  48  1  67  2  57  3  1  4  49
  0  12  1  2  2  73  3  54  4  65
  0  54  1  5  2  96  3  36  4  13
  0  2  1  78  2  65  3  78  4  59
  0  79  1  74  2  8  3  85  4  38
  0  63  1  97  2  85  3  91  4  80
  0  10  1  83  2  37  3  6  4  1
  0  90  1  42  2  29  3  91  4  75
  0  88  1  15  2  99  3  64  4  73
  0  84  1  37  2  93  3  67  4  59
  0  8  1  91  2  8  3  33  4  94
  0  57  1  98  2  90  3  3  4  66
  0  19  1  67  2  99  3  19  4  75
  0  31  1  74  2  15  3  48  4  29
  0  92  1  14  2  10  3  20  4  46
  0  23  1  35  2  7  3  98  4  15
  0  8  1  13  2  84  3  69  4  97
  0  90  1  14  2  94  3  85  4  40
  0  89  1  66  2  29  3  82  4  46
  0  95  1  12  2  21  3  55  4  9
  0  29  1  65  2  59  3  4  4  79
TPM
  0  3253  1  3253  2  3253  3  3253  4  3253
PMT
  0  16  1  16  2  11  3  38  4  11
  0  42  1  16  2  7  3  20  4  25
  0  14  1  9  2  10  3  10  4  1
  0  2  1  36  2  16  3  2  4  47
  0  21  1  4  2  20  3  38  4  34
  0  47  1  28  2  4  3  40  4  46
  0  43  1  46  2  33  3  11  4  3
  0  2  1  45  2  37  3  42  4  40
  0  31  1  6  2  27  3  45  4  41
  0  5  1  3  2  43  3  3  4  14
  0  48  1  49  2  48  3  18  4  30
  0  41  1  39  2  7  3  49  4  31
  0  4  1  21  2  15  3  40  4  1
  0  46  1  9  2  13  3  5  4  22
  0  47  1  45  2  9  3  25  4  44
  0  1  1  16  2  15  3  32  4  4
