500  20
  0  72  1  38  2  8  3  61  4  75  5  74  6  72  7  92  8  53  9  4  10  67  11  22  12  59  13  10  14  58  15  1  16  39  17  84  18  95  19  80
  0  34  1  29  2  70  3  49  4  94  5  47  6  67  7  27  8  78  9  82  10  17  11  66  12  73  13  65  14  79  15  44  16  69  17  51  18  38  19  44
  0  92  1  86  2  71  3  62  4  50  5  27  6  17  7  89  8  62  9  81  10  73  11  48  12  72  13  77  14  90  15  95  16  71  17  65  18  41  19  17
  0  76  1  90  2  76  3  56  4  31  5  19  6  12  7  87  8  43  9  96  10  97  11  2  12  67  13  68  14  57  15  62  16  90  17  81  18  17  19  70
  0  84  1  66  2  45  3  32  4  36  5  67  6  78  7  12  8  67  9  42  10  10  11  27  12  5  13  86  14  54  15  19  16  54  17  35  18  28  19  86
  0  4  1  34  2  97  3  93  4  55  5  15  6  95  7  65  8  47  9  93  10  99  11  43  12  36  13  75  14  20  15  68  16  39  17  53  18  57  19  4
  0  53  1  15  2  9  3  21  4  12  5  3  6  44  7  6  8  42  9  96  10  74  11  68  12  22  13  5  14  88  15  55  16  69  17  88  18  35  19  2
  0  99  1  54  2  59  3  62  4  35  5  86  6  34  7  24  8  59  9  14  10  51  11  86  12  37  13  19  14  49  15  43  16  61  17  39  18  88  19  26
  0  82  1  30  2  25  3  89  4  33  5  71  6  22  7  30  8  63  9  46  10  1  11  81  12  43  13  25  14  41  15  42  16  89  17  26  18  50  19  1
  0  39  1  48  2  88  3  81  4  69  5  84  6  19  7  21  8  30  9  68  10  84  11  49  12  52  13  9  14  81  15  46  16  36  17  18  18  49  19  68
  0  33  1  42  2  94  3  99  4  87  5  38  6  42  7  54  8  95  9  63  10  57  11  33  12  84  13  73  14  98  15  19  16  36  17  38  18  82  19  64
  0  9  1  32  2  80  3  99  4  19  5  50  6  71  7  60  8  93  9  46  10  26  11  30  12  7  13  23  14  92  15  34  16  54  17  96  18  10  19  30
  0  39  1  16  2  71  3  85  4  65  5  27  6  9  7  37  8  64  9  98  10  81  11  68  12  2  13  43  14  74  15  62  16  36  17  18  18  49  19  91
  0  34  1  81  2  7  3  81  4  59  5  33  6  50  7  43  8  81  9  71  10  45  11  54  12  94  13  42  14  35  15  58  16  16  17  69  18  53  19  80
  0  20  1  83  2  35  3  10  4  29  5  83  6  18  7  76  8  48  9  21  10  93  11  30  12  48  13  67  14  51  15  96  16  98  17  11  18  99  19  70
  0  20  1  6  2  1  3  74  4  26  5  50  6  17  7  83  8  36  9  79  10  64  11  4  12  9  13  3  14  35  15  45  16  23  17  7  18  13  19  43
  0  89  1  12  2  15  3  99  4  91  5  67  6  16  7  58  8  74  9  89  10  47  11  41  12  35  13  14  14  77  15  92  16  85  17  90  18  13  19  27
  0  85  1  56  2  76  3  67  4  72  5  64  6  53  7  19  8  31  9  35  10  13  11  19  12  81  13  91  14  44  15  56  16  83  17  66  18  62  19  57
  0  75  1  99  2  76  3  64  4  5  5  77  6  31  7  69  8  16  9  61  10  44  11  85  12  92  13  20  14  26  15  42  16  95  17  69  18  38  19  54
  0  15  1  63  2  25  3  18  4  36  5  4  6  43  7  90  8  7  9  69  10  52  11  91  12  29  13  65  14  49  15  30  16  24  17  51  18  67  19  25
  0  47  1  4  2  60  3  90  4  47  5  10  6  51  7  2  8  99  9  16  10  12  11  60  12  49  13  55  14  4  15  13  16  52  17  39  18  98  19  22
  0  10  1  2  2  50  3  65  4  2  5  7  6  4  7  13  8  98  9  59  10  45  11  34  12  99  13  5  14  36  15  5  16  5  17  87  18  90  19  34
  0  45  1  96  2  76  3  25  4  23  5  44  6  60  7  35  8  22  9  31  10  23  11  8  12  4  13  10  14  21  15  93  16  98  17  39  18  51  19  69
  0  51  1  96  2  72  3  31  4  83  5  99  6  73  7  24  8  82  9  33  10  86  11  30  12  33  13  98  14  9  15  24  16  40  17  35  18  52  19  71
  0  22  1  62  2  58  3  35  4  64  5  58  6  30  7  97  8  65  9  72  10  84  11  40  12  16  13  26  14  11  15  9  16  95  17  64  18  1  19  78
  0  64  1  46  2  80  3  90  4  2  5  6  6  62  7  12  8  19  9  3  10  93  11  69  12  21  13  57  14  69  15  23  16  31  17  34  18  48  19  7
  0  84  1  13  2  69  3  46  4  44  5  84  6  73  7  18  8  23  9  23  10  72  11  30  12  95  13  50  14  18  15  23  16  30  17  96  18  67  19  28
  0  89  1  93  2  46  3  31  4  75  5  87  6  50  7  26  8  9  9  42  10  44  11  57  12  78  13  62  14  49  15  92  16  97  17  76  18  23  19  64
  0  43  1  44  2  69  3  71  4  88  5  86  6  43  7  43  8  35  9  44  10  31  11  93  12  97  13  21  14  26  15  20  16  30  17  69  18  20  19  30
  0  64  1  11  2  88  3  94  4  11  5  17  6  45  7  69  8  54  9  77  10  76  11  16  12  20  13  42  14  2  15  32  16  18  17  16  18  4  19  76
  0  72  1  18  2  36  3  14  4  4  5  72  6  97  7  54  8  21  9  64  10  25  11  53  12  30  13  87  14  55  15  71  16  81  17  67  18  52  19  45
  0  7  1  33  2  1  3  93  4  10  5  77  6  2  7  72  8  22  9  22  10  48  11  53  12  39  13  83  14  43  15  74  16  81  17  3  18  80  19  12
  0  72  1  80  2  38  3  48  4  2  5  39  6  19  7  49  8  30  9  3  10  46  11  74  12  59  13  60  14  13  15  80  16  53  17  53  18  31  19  84
  0  4  1  6  2  28  3  13  4  67  5  99  6  87  7  47  8  19  9  39  10  44  11  28  12  95  13  69  14  59  15  98  16  39  17  52  18  56  19  93
  0  36  1  5  2  74  3  93  4  33  5  45  6  85  7  14  8  85  9  19  10  78  11  93  12  31  13  90  14  94  15  3  16  33  17  22  18  84  19  83
  0  16  1  77  2  9  3  94  4  94  5  28  6  15  7  23  8  67  9  36  10  43  11  83  12  17  13  50  14  64  15  23  16  62  17  45  18  39  19  92
  0  27  1  72  2  57  3  60  4  35  5  21  6  1  7  78  8  47  9  1  10  21  11  21  12  90  13  86  14  47  15  63  16  59  17  1  18  56  19  70
  0  73  1  19  2  61  3  1  4  30  5  14  6  18  7  63  8  92  9  87  10  47  11  69  12  87  13  52  14  9  15  75  16  10  17  59  18  3  19  2
  0  61  1  81  2  65  3  76  4  72  5  2  6  84  7  43  8  70  9  75  10  62  11  24  12  10  13  49  14  89  15  38  16  71  17  62  18  17  19  99
  0  88  1  68  2  35  3  58  4  68  5  45  6  1  7  62  8  16  9  89  10  56  11  44  12  67  13  5  14  60  15  51  16  5  17  31  18  95  19  98
  0  96  1  85  2  40  3  1  4  93  5  96  6  11  7  95  8  77  9  61  10  15  11  99  12  25  13  57  14  79  15  28  16  58  17  82  18  25  19  79
  0  75  1  17  2  20  3  83  4  94  5  8  6  23  7  30  8  45  9  54  10  9  11  55  12  95  13  10  14  21  15  47  16  5  17  49  18  10  19  79
  0  21  1  67  2  45  3  15  4  92  5  90  6  9  7  8  8  33  9  41  10  5  11  17  12  76  13  63  14  53  15  7  16  12  17  23  18  51  19  79
  0  67  1  17  2  2  3  94  4  17  5  73  6  63  7  45  8  86  9  17  10  71  11  6  12  16  13  37  14  18  15  77  16  94  17  78  18  2  19  82
  0  61  1  42  2  84  3  96  4  70  5  75  6  18  7  7  8  26  9  75  10  18  11  50  12  57  13  39  14  6  15  57  16  94  17  44  18  53  19  10
  0  49  1  31  2  82  3  96  4  15  5  19  6  18  7  4  8  49  9  98  10  89  11  96  12  99  13  53  14  40  15  74  16  73  17  19  18  77  19  87
  0  85  1  88  2  70  3  73  4  15  5  11  6  2  7  40  8  56  9  39  10  2  11  88  12  65  13  40  14  33  15  83  16  10  17  58  18  8  19  93
  0  90  1  1  2  56  3  52  4  90  5  87  6  70  7  38  8  63  9  77  10  93  11  56  12  75  13  79  14  35  15  65  16  53  17  88  18  25  19  97
  0  15  1  17  2  49  3  59  4  69  5  15  6  12  7  6  8  30  9  95  10  26  11  28  12  63  13  4  14  35  15  7  16  70  17  2  18  3  19  10
  0  85  1  57  2  35  3  32  4  22  5  62  6  14  7  24  8  4  9  5  10  59  11  45  12  74  13  83  14  58  15  36  16  64  17  47  18  11  19  8
  0  46  1  66  2  87  3  71  4  28  5  97  6  12  7  79  8  61  9  98  10  90  11  44  12  47  13  85  14  69  15  40  16  87  17  44  18  85  19  30
  0  6  1  56  2  42  3  52  4  28  5  90  6  22  7  64  8  14  9  48  10  24  11  45  12  66  13  1  14  86  15  71  16  60  17  42  18  25  19  44
  0  75  1  29  2  13  3  26  4  20  5  7  6  63  7  14  8  76  9  28  10  6  11  48  12  17  13  16  14  61  15  47  16  56  17  33  18  58  19  22
  0  46  1  48  2  46  3  80  4  38  5  25  6  89  7  59  8  47  9  67  10  63  11  33  12  14  13  84  14  77  15  77  16  39  17  88  18  90  19  92
  0  31  1  14  2  6  3  24  4  9  5  23  6  56  7  19  8  31  9  52  10  12  11  20  12  55  13  99  14  73  15  81  16  48  17  62  18  42  19  46
  0  92  1  73  2  67  3  38  4  68  5  6  6  16  7  49  8  6  9  18  10  21  11  27  12  33  13  96  14  94  15  86  16  65  17  88  18  20  19  10
  0  12  1  36  2  53  3  3  4  97  5  74  6  4  7  28  8  24  9  27  10  65  11  29  12  13  13  33  14  28  15  6  16  17  17  75  18  88  19  27
  0  82  1  3  2  29  3  72  4  2  5  63  6  56  7  50  8  84  9  92  10  93  11  22  12  48  13  15  14  81  15  46  16  94  17  65  18  37  19  5
  0  29  1  33  2  59  3  86  4  38  5  86  6  91  7  44  8  28  9  24  10  80  11  29  12  98  13  68  14  90  15  93  16  96  17  1  18  53  19  8
  0  80  1  88  2  72  3  18  4  76  5  68  6  20  7  59  8  31  9  84  10  74  11  5  12  67  13  87  14  96  15  79  16  14  17  45  18  51  19  17
  0  59  1  28  2  7  3  6  4  45  5  65  6  82  7  63  8  18  9  88  10  23  11  38  12  79  13  95  14  3  15  13  16  26  17  17  18  20  19  86
  0  55  1  66  2  19  3  29  4  82  5  93  6  30  7  53  8  98  9  90  10  54  11  45  12  57  13  5  14  4  15  42  16  78  17  60  18  83  19  61
  0  1  1  3  2  79  3  2  4  22  5  9  6  81  7  84  8  11  9  31  10  59  11  2  12  81  13  62  14  74  15  87  16  56  17  48  18  87  19  34
  0  66  1  76  2  99  3  8  4  58  5  23  6  39  7  53  8  20  9  42  10  73  11  74  12  24  13  12  14  16  15  42  16  63  17  87  18  58  19  65
  0  37  1  21  2  42  3  13  4  86  5  47  6  46  7  95  8  10  9  45  10  72  11  32  12  2  13  23  14  37  15  44  16  86  17  91  18  5  19  89
  0  52  1  20  2  33  3  99  4  2  5  84  6  98  7  86  8  72  9  66  10  35  11  46  12  98  13  48  14  98  15  60  16  11  17  15  18  43  19  79
  0  4  1  73  2  66  3  40  4  8  5  25  6  67  7  49  8  56  9  68  10  20  11  33  12  24  13  22  14  46  15  40  16  89  17  80  18  72  19  42
  0  32  1  47  2  62  3  77  4  78  5  15  6  86  7  18  8  61  9  80  10  72  11  69  12  37  13  18  14  28  15  33  16  99  17  44  18  45  19  74
  0  68  1  53  2  29  3  97  4  48  5  98  6  98  7  7  8  80  9  57  10  57  11  3  12  40  13  5  14  44  15  66  16  50  17  71  18  88  19  92
  0  7  1  76  2  46  3  8  4  48  5  56  6  89  7  69  8  6  9  16  10  74  11  32  12  18  13  94  14  6  15  32  16  2  17  20  18  74  19  18
  0  9  1  67  2  52  3  42  4  8  5  81  6  37  7  75  8  74  9  11  10  17  11  23  12  80  13  60  14  75  15  40  16  15  17  63  18  63  19  91
  0  69  1  41  2  12  3  90  4  82  5  83  6  47  7  17  8  24  9  74  10  64  11  2  12  45  13  56  14  30  15  18  16  60  17  90  18  48  19  30
  0  2  1  74  2  7  3  81  4  80  5  5  6  74  7  25  8  53  9  11  10  36  11  22  12  48  13  96  14  63  15  76  16  35  17  59  18  79  19  66
  0  20  1  73  2  55  3  92  4  2  5  67  6  41  7  70  8  36  9  18  10  34  11  9  12  71  13  47  14  22  15  72  16  68  17  7  18  58  19  24
  0  18  1  62  2  71  3  68  4  13  5  25  6  90  7  73  8  32  9  3  10  53  11  25  12  57  13  48  14  39  15  33  16  28  17  40  18  14  19  24
  0  89  1  17  2  8  3  50  4  12  5  59  6  53  7  34  8  68  9  82  10  44  11  9  12  6  13  78  14  10  15  20  16  50  17  41  18  3  19  24
  0  24  1  43  2  48  3  72  4  71  5  49  6  9  7  73  8  13  9  5  10  51  11  82  12  88  13  13  14  29  15  51  16  42  17  86  18  16  19  37
  0  71  1  67  2  49  3  59  4  48  5  16  6  68  7  49  8  58  9  31  10  64  11  29  12  46  13  53  14  69  15  21  16  56  17  48  18  58  19  71
  0  85  1  92  2  33  3  36  4  13  5  1  6  11  7  64  8  67  9  50  10  54  11  82  12  32  13  18  14  94  15  62  16  20  17  25  18  41  19  11
  0  51  1  49  2  86  3  44  4  26  5  52  6  46  7  15  8  73  9  35  10  82  11  93  12  12  13  27  14  16  15  56  16  59  17  46  18  19  19  3
  0  83  1  17  2  38  3  10  4  66  5  11  6  2  7  13  8  31  9  54  10  97  11  43  12  56  13  22  14  38  15  87  16  78  17  5  18  39  19  32
  0  49  1  24  2  80  3  14  4  98  5  26  6  35  7  97  8  37  9  85  10  70  11  34  12  76  13  97  14  63  15  84  16  58  17  44  18  92  19  13
  0  33  1  42  2  84  3  67  4  16  5  44  6  34  7  30  8  8  9  19  10  30  11  81  12  71  13  46  14  49  15  13  16  91  17  5  18  98  19  96
  0  71  1  23  2  32  3  86  4  19  5  50  6  52  7  11  8  51  9  34  10  92  11  73  12  16  13  29  14  25  15  87  16  86  17  82  18  44  19  5
  0  8  1  51  2  33  3  9  4  92  5  54  6  89  7  80  8  75  9  72  10  94  11  73  12  97  13  37  14  23  15  46  16  74  17  77  18  55  19  23
  0  58  1  19  2  27  3  13  4  10  5  46  6  19  7  88  8  36  9  73  10  87  11  99  12  60  13  1  14  83  15  87  16  30  17  22  18  4  19  14
  0  73  1  35  2  84  3  32  4  69  5  73  6  16  7  54  8  95  9  26  10  48  11  86  12  51  13  57  14  25  15  57  16  80  17  20  18  43  19  41
  0  49  1  25  2  37  3  62  4  38  5  12  6  46  7  27  8  66  9  40  10  95  11  18  12  47  13  92  14  9  15  57  16  51  17  49  18  32  19  12
  0  23  1  88  2  32  3  4  4  68  5  26  6  15  7  40  8  37  9  76  10  50  11  96  12  24  13  13  14  17  15  96  16  1  17  77  18  13  19  69
  0  44  1  25  2  70  3  6  4  99  5  41  6  83  7  18  8  25  9  51  10  45  11  78  12  86  13  6  14  38  15  6  16  14  17  25  18  28  19  4
  0  24  1  31  2  68  3  90  4  71  5  84  6  99  7  65  8  97  9  31  10  99  11  88  12  75  13  10  14  33  15  97  16  71  17  72  18  2  19  65
  0  82  1  38  2  83  3  70  4  5  5  58  6  20  7  59  8  52  9  73  10  96  11  97  12  28  13  98  14  6  15  40  16  20  17  59  18  15  19  88
  0  69  1  55  2  51  3  92  4  32  5  47  6  93  7  23  8  42  9  70  10  32  11  33  12  34  13  38  14  22  15  60  16  88  17  76  18  61  19  63
  0  14  1  10  2  54  3  78  4  72  5  89  6  44  7  46  8  8  9  24  10  38  11  44  12  41  13  77  14  37  15  20  16  51  17  13  18  60  19  17
  0  30  1  19  2  21  3  38  4  99  5  48  6  90  7  81  8  32  9  35  10  71  11  48  12  93  13  94  14  37  15  12  16  22  17  6  18  43  19  91
  0  88  1  38  2  99  3  68  4  32  5  68  6  56  7  44  8  35  9  1  10  45  11  25  12  93  13  94  14  90  15  81  16  17  17  38  18  69  19  24
  0  24  1  53  2  83  3  78  4  51  5  6  6  81  7  71  8  77  9  48  10  37  11  43  12  33  13  29  14  82  15  55  16  47  17  45  18  31  19  70
  0  48  1  27  2  62  3  96  4  30  5  69  6  40  7  44  8  36  9  45  10  91  11  34  12  39  13  94  14  61  15  52  16  7  17  46  18  26  19  37
  0  80  1  12  2  39  3  49  4  21  5  95  6  17  7  56  8  81  9  70  10  12  11  38  12  22  13  27  14  24  15  93  16  74  17  10  18  46  19  91
  0  21  1  80  2  39  3  18  4  42  5  71  6  91  7  97  8  48  9  35  10  12  11  97  12  13  13  87  14  39  15  41  16  50  17  10  18  88  19  79
  0  19  1  53  2  74  3  18  4  47  5  55  6  47  7  82  8  3  9  81  10  58  11  72  12  50  13  23  14  47  15  38  16  85  17  38  18  91  19  77
  0  27  1  13  2  80  3  50  4  93  5  59  6  1  7  35  8  31  9  9  10  34  11  93  12  33  13  45  14  24  15  14  16  84  17  88  18  50  19  40
  0  28  1  40  2  8  3  19  4  16  5  22  6  4  7  17  8  14  9  95  10  1  11  88  12  56  13  41  14  75  15  97  16  81  17  9  18  66  19  27
  0  87  1  3  2  39  3  22  4  85  5  45  6  89  7  62  8  54  9  23  10  51  11  47  12  5  13  40  14  98  15  43  16  26  17  97  18  46  19  32
  0  57  1  90  2  88  3  58  4  15  5  2  6  41  7  53  8  73  9  13  10  55  11  97  12  58  13  73  14  44  15  49  16  28  17  97  18  27  19  34
  0  42  1  76  2  71  3  96  4  25  5  31  6  13  7  42  8  98  9  41  10  64  11  21  12  37  13  14  14  50  15  48  16  47  17  96  18  24  19  37
  0  7  1  42  2  62  3  11  4  95  5  70  6  39  7  15  8  1  9  90  10  20  11  30  12  98  13  83  14  32  15  86  16  20  17  56  18  9  19  94
  0  70  1  13  2  99  3  78  4  63  5  2  6  5  7  51  8  59  9  47  10  72  11  75  12  58  13  64  14  59  15  11  16  67  17  15  18  67  19  17
  0  34  1  59  2  77  3  87  4  37  5  3  6  58  7  23  8  59  9  56  10  21  11  64  12  89  13  43  14  46  15  55  16  35  17  37  18  3  19  94
  0  22  1  95  2  35  3  5  4  41  5  40  6  93  7  27  8  53  9  98  10  21  11  12  12  44  13  83  14  36  15  72  16  35  17  12  18  74  19  21
  0  53  1  64  2  62  3  96  4  19  5  35  6  46  7  62  8  39  9  47  10  17  11  38  12  70  13  6  14  64  15  67  16  11  17  29  18  90  19  71
  0  48  1  81  2  45  3  14  4  40  5  87  6  58  7  87  8  37  9  9  10  8  11  3  12  49  13  11  14  19  15  17  16  36  17  59  18  97  19  68
  0  54  1  4  2  48  3  73  4  4  5  59  6  13  7  16  8  60  9  81  10  52  11  37  12  61  13  97  14  39  15  94  16  19  17  43  18  34  19  65
  0  46  1  12  2  87  3  97  4  37  5  23  6  57  7  38  8  30  9  57  10  48  11  97  12  45  13  26  14  24  15  26  16  85  17  60  18  35  19  8
  0  21  1  47  2  55  3  2  4  16  5  47  6  48  7  83  8  64  9  64  10  77  11  73  12  34  13  58  14  43  15  44  16  41  17  19  18  18  19  53
  0  7  1  43  2  95  3  34  4  68  5  77  6  99  7  54  8  42  9  33  10  85  11  12  12  63  13  69  14  55  15  26  16  48  17  5  18  75  19  69
  0  53  1  13  2  33  3  11  4  36  5  9  6  7  7  88  8  29  9  17  10  18  11  37  12  85  13  97  14  92  15  20  16  66  17  66  18  55  19  48
  0  65  1  21  2  22  3  99  4  99  5  86  6  82  7  52  8  10  9  11  10  69  11  95  12  48  13  95  14  68  15  9  16  48  17  41  18  10  19  82
  0  4  1  27  2  52  3  51  4  98  5  74  6  39  7  53  8  73  9  45  10  96  11  32  12  11  13  88  14  5  15  56  16  77  17  33  18  45  19  5
  0  65  1  80  2  36  3  66  4  2  5  63  6  78  7  33  8  34  9  55  10  89  11  89  12  10  13  57  14  91  15  36  16  94  17  97  18  91  19  91
  0  13  1  16  2  60  3  62  4  97  5  20  6  92  7  70  8  86  9  37  10  27  11  92  12  94  13  95  14  28  15  42  16  56  17  13  18  87  19  80
  0  21  1  70  2  80  3  76  4  31  5  8  6  83  7  17  8  34  9  59  10  53  11  50  12  93  13  21  14  4  15  27  16  9  17  20  18  49  19  40
  0  53  1  24  2  88  3  8  4  90  5  11  6  52  7  42  8  43  9  86  10  42  11  83  12  97  13  28  14  21  15  21  16  87  17  76  18  52  19  1
  0  91  1  25  2  82  3  1  4  19  5  51  6  16  7  49  8  93  9  15  10  37  11  72  12  44  13  14  14  67  15  24  16  60  17  50  18  66  19  41
  0  81  1  71  2  18  3  5  4  20  5  86  6  51  7  9  8  42  9  57  10  97  11  77  12  57  13  27  14  87  15  74  16  76  17  41  18  9  19  83
  0  61  1  49  2  22  3  78  4  65  5  22  6  77  7  96  8  25  9  8  10  80  11  75  12  80  13  2  14  17  15  40  16  6  17  28  18  11  19  31
  0  94  1  37  2  98  3  22  4  34  5  72  6  28  7  58  8  45  9  71  10  24  11  17  12  88  13  88  14  70  15  82  16  60  17  59  18  9  19  67
  0  22  1  48  2  54  3  37  4  39  5  55  6  67  7  18  8  38  9  53  10  43  11  88  12  83  13  98  14  7  15  89  16  40  17  33  18  17  19  99
  0  92  1  68  2  27  3  71  4  16  5  21  6  51  7  12  8  15  9  31  10  29  11  56  12  97  13  8  14  2  15  74  16  44  17  55  18  24  19  2
  0  64  1  83  2  92  3  90  4  86  5  21  6  53  7  18  8  6  9  56  10  16  11  2  12  76  13  4  14  11  15  98  16  46  17  50  18  34  19  5
  0  50  1  38  2  81  3  70  4  18  5  89  6  85  7  96  8  71  9  69  10  68  11  84  12  93  13  60  14  5  15  51  16  22  17  77  18  44  19  30
  0  77  1  57  2  41  3  26  4  42  5  91  6  96  7  85  8  48  9  6  10  89  11  5  12  28  13  78  14  86  15  97  16  60  17  70  18  21  19  69
  0  86  1  13  2  9  3  95  4  3  5  46  6  26  7  94  8  46  9  39  10  64  11  30  12  15  13  21  14  58  15  92  16  24  17  96  18  29  19  50
  0  52  1  33  2  92  3  66  4  49  5  42  6  39  7  8  8  15  9  96  10  77  11  15  12  43  13  45  14  79  15  93  16  30  17  23  18  6  19  53
  0  53  1  68  2  72  3  5  4  92  5  4  6  85  7  77  8  46  9  24  10  81  11  45  12  56  13  99  14  16  15  48  16  55  17  18  18  15  19  55
  0  88  1  84  2  71  3  15  4  86  5  71  6  42  7  72  8  78  9  92  10  95  11  66  12  79  13  26  14  6  15  25  16  95  17  33  18  92  19  18
  0  21  1  26  2  53  3  55  4  19  5  93  6  37  7  20  8  23  9  86  10  62  11  76  12  2  13  19  14  74  15  8  16  48  17  40  18  82  19  57
  0  14  1  78  2  45  3  80  4  96  5  66  6  76  7  42  8  29  9  4  10  1  11  5  12  52  13  2  14  70  15  96  16  64  17  23  18  32  19  56
  0  71  1  27  2  8  3  89  4  86  5  59  6  8  7  91  8  49  9  48  10  17  11  8  12  69  13  24  14  10  15  51  16  19  17  41  18  75  19  93
  0  7  1  84  2  81  3  89  4  29  5  92  6  85  7  20  8  81  9  16  10  82  11  42  12  58  13  13  14  54  15  98  16  92  17  30  18  45  19  21
  0  99  1  36  2  85  3  16  4  39  5  92  6  43  7  41  8  97  9  95  10  68  11  96  12  59  13  12  14  59  15  81  16  33  17  87  18  77  19  8
  0  22  1  22  2  67  3  69  4  78  5  12  6  82  7  87  8  80  9  31  10  12  11  7  12  2  13  88  14  56  15  5  16  82  17  67  18  4  19  21
  0  22  1  70  2  97  3  53  4  31  5  93  6  12  7  45  8  32  9  21  10  52  11  77  12  2  13  9  14  69  15  37  16  68  17  86  18  46  19  24
  0  28  1  29  2  83  3  21  4  42  5  37  6  22  7  32  8  23  9  54  10  47  11  69  12  24  13  2  14  82  15  47  16  78  17  8  18  63  19  7
  0  85  1  71  2  42  3  75  4  3  5  65  6  73  7  53  8  2  9  97  10  79  11  58  12  23  13  62  14  89  15  90  16  98  17  60  18  4  19  86
  0  48  1  75  2  36  3  72  4  70  5  21  6  20  7  46  8  76  9  3  10  95  11  47  12  41  13  62  14  6  15  84  16  67  17  4  18  64  19  32
  0  91  1  98  2  91  3  24  4  72  5  39  6  8  7  3  8  39  9  77  10  48  11  93  12  9  13  77  14  29  15  24  16  70  17  57  18  80  19  98
  0  9  1  96  2  37  3  6  4  34  5  64  6  28  7  18  8  6  9  51  10  30  11  96  12  91  13  40  14  67  15  37  16  91  17  38  18  71  19  98
  0  20  1  58  2  30  3  7  4  21  5  25  6  90  7  26  8  70  9  30  10  16  11  38  12  77  13  78  14  71  15  81  16  90  17  91  18  21  19  24
  0  89  1  60  2  57  3  78  4  91  5  65  6  69  7  96  8  15  9  8  10  62  11  82  12  83  13  13  14  48  15  15  16  64  17  3  18  85  19  87
  0  56  1  59  2  49  3  79  4  94  5  8  6  31  7  28  8  25  9  5  10  24  11  80  12  56  13  99  14  38  15  16  16  24  17  16  18  38  19  85
  0  88  1  69  2  15  3  12  4  67  5  1  6  29  7  40  8  81  9  17  10  78  11  28  12  54  13  56  14  82  15  21  16  91  17  15  18  1  19  60
  0  40  1  9  2  1  3  3  4  6  5  60  6  63  7  55  8  56  9  28  10  86  11  66  12  71  13  12  14  15  15  5  16  91  17  24  18  28  19  35
  0  81  1  93  2  38  3  71  4  28  5  30  6  96  7  44  8  9  9  97  10  19  11  48  12  30  13  54  14  44  15  34  16  3  17  55  18  27  19  51
  0  98  1  30  2  8  3  87  4  40  5  93  6  1  7  36  8  70  9  32  10  23  11  87  12  36  13  78  14  32  15  50  16  79  17  83  18  46  19  12
  0  4  1  27  2  71  3  21  4  76  5  39  6  71  7  53  8  75  9  14  10  24  11  65  12  98  13  51  14  70  15  79  16  81  17  47  18  59  19  38
  0  4  1  19  2  22  3  18  4  79  5  39  6  33  7  7  8  52  9  17  10  61  11  71  12  46  13  45  14  1  15  65  16  48  17  3  18  28  19  71
  0  18  1  88  2  49  3  67  4  43  5  11  6  19  7  55  8  99  9  72  10  34  11  1  12  83  13  23  14  56  15  76  16  14  17  62  18  12  19  89
  0  27  1  23  2  52  3  52  4  21  5  60  6  95  7  26  8  8  9  33  10  83  11  33  12  87  13  51  14  3  15  35  16  57  17  26  18  75  19  10
  0  10  1  39  2  15  3  74  4  87  5  28  6  86  7  50  8  1  9  54  10  43  11  55  12  25  13  91  14  3  15  66  16  27  17  55  18  2  19  4
  0  2  1  61  2  38  3  14  4  4  5  95  6  83  7  54  8  7  9  10  10  39  11  23  12  43  13  89  14  47  15  63  16  84  17  64  18  98  19  56
  0  70  1  44  2  2  3  67  4  5  5  8  6  75  7  9  8  77  9  80  10  12  11  61  12  70  13  65  14  15  15  24  16  51  17  33  18  92  19  18
  0  94  1  69  2  83  3  54  4  45  5  36  6  25  7  33  8  33  9  8  10  6  11  46  12  13  13  78  14  65  15  98  16  65  17  52  18  8  19  57
  0  99  1  58  2  72  3  14  4  38  5  68  6  64  7  6  8  81  9  97  10  33  11  28  12  65  13  8  14  60  15  51  16  74  17  59  18  95  19  5
  0  78  1  77  2  46  3  5  4  86  5  27  6  11  7  29  8  44  9  98  10  14  11  73  12  32  13  79  14  80  15  39  16  23  17  38  18  65  19  34
  0  6  1  42  2  8  3  91  4  99  5  22  6  97  7  38  8  4  9  11  10  57  11  57  12  57  13  40  14  86  15  46  16  10  17  76  18  20  19  46
  0  18  1  20  2  85  3  99  4  32  5  9  6  86  7  69  8  30  9  86  10  21  11  17  12  2  13  39  14  24  15  27  16  20  17  6  18  98  19  25
  0  20  1  15  2  60  3  29  4  93  5  6  6  19  7  21  8  67  9  36  10  73  11  46  12  2  13  80  14  91  15  62  16  68  17  76  18  90  19  96
  0  52  1  74  2  62  3  95  4  11  5  84  6  89  7  58  8  84  9  49  10  47  11  7  12  24  13  63  14  7  15  15  16  2  17  32  18  62  19  12
  0  8  1  36  2  55  3  33  4  52  5  42  6  74  7  71  8  23  9  87  10  45  11  70  12  74  13  4  14  47  15  42  16  39  17  91  18  12  19  18
  0  95  1  35  2  97  3  56  4  32  5  20  6  48  7  68  8  83  9  19  10  61  11  32  12  43  13  25  14  49  15  16  16  60  17  62  18  55  19  18
  0  93  1  13  2  54  3  96  4  67  5  26  6  57  7  64  8  54  9  95  10  2  11  46  12  88  13  42  14  86  15  34  16  71  17  17  18  90  19  99
  0  32  1  14  2  89  3  32  4  50  5  72  6  42  7  16  8  61  9  91  10  33  11  77  12  91  13  98  14  72  15  41  16  93  17  33  18  6  19  2
  0  91  1  50  2  72  3  90  4  43  5  46  6  24  7  79  8  87  9  59  10  90  11  77  12  27  13  10  14  44  15  89  16  69  17  69  18  22  19  59
  0  27  1  78  2  79  3  6  4  42  5  57  6  8  7  25  8  4  9  67  10  27  11  25  12  47  13  32  14  37  15  8  16  75  17  17  18  96  19  18
  0  36  1  21  2  54  3  29  4  40  5  44  6  51  7  20  8  5  9  25  10  77  11  81  12  66  13  65  14  47  15  46  16  84  17  72  18  19  19  30
  0  37  1  12  2  85  3  40  4  83  5  36  6  10  7  59  8  39  9  20  10  69  11  56  12  88  13  45  14  42  15  38  16  28  17  98  18  62  19  69
  0  26  1  71  2  1  3  23  4  32  5  89  6  62  7  20  8  72  9  99  10  15  11  94  12  21  13  98  14  72  15  83  16  26  17  78  18  10  19  20
  0  31  1  15  2  81  3  82  4  32  5  47  6  65  7  47  8  41  9  2  10  56  11  16  12  65  13  59  14  83  15  36  16  12  17  84  18  29  19  32
  0  73  1  64  2  58  3  14  4  75  5  4  6  3  7  27  8  64  9  93  10  53  11  65  12  83  13  58  14  51  15  69  16  63  17  13  18  85  19  55
  0  16  1  28  2  37  3  71  4  20  5  58  6  21  7  77  8  34  9  79  10  28  11  73  12  68  13  60  14  62  15  42  16  5  17  47  18  20  19  72
  0  52  1  41  2  60  3  85  4  70  5  1  6  70  7  73  8  98  9  96  10  18  11  22  12  77  13  95  14  36  15  81  16  49  17  62  18  7  19  15
  0  66  1  97  2  14  3  16  4  53  5  54  6  91  7  90  8  7  9  94  10  93  11  56  12  8  13  94  14  53  15  73  16  3  17  89  18  11  19  32
  0  64  1  24  2  27  3  60  4  43  5  68  6  12  7  24  8  79  9  81  10  40  11  21  12  14  13  58  14  23  15  12  16  38  17  80  18  62  19  29
  0  64  1  60  2  21  3  49  4  14  5  54  6  54  7  33  8  31  9  66  10  18  11  65  12  2  13  91  14  30  15  46  16  16  17  56  18  49  19  7
  0  99  1  50  2  20  3  76  4  24  5  75  6  63  7  99  8  45  9  46  10  43  11  84  12  53  13  99  14  24  15  50  16  14  17  35  18  89  19  73
  0  46  1  68  2  16  3  78  4  67  5  65  6  96  7  9  8  89  9  13  10  58  11  75  12  61  13  19  14  44  15  72  16  79  17  60  18  22  19  98
  0  15  1  27  2  53  3  43  4  36  5  15  6  52  7  95  8  20  9  75  10  83  11  14  12  76  13  27  14  4  15  56  16  30  17  81  18  46  19  39
  0  47  1  40  2  78  3  5  4  83  5  61  6  18  7  5  8  5  9  17  10  61  11  13  12  95  13  70  14  63  15  46  16  63  17  55  18  81  19  52
  0  6  1  34  2  64  3  80  4  90  5  71  6  59  7  69  8  75  9  47  10  50  11  81  12  58  13  81  14  71  15  4  16  46  17  70  18  42  19  79
  0  62  1  46  2  23  3  28  4  56  5  93  6  96  7  95  8  78  9  12  10  15  11  19  12  10  13  88  14  61  15  8  16  94  17  25  18  33  19  68
  0  99  1  40  2  34  3  43  4  86  5  28  6  30  7  14  8  94  9  60  10  23  11  9  12  53  13  43  14  21  15  12  16  76  17  83  18  27  19  49
  0  10  1  24  2  81  3  31  4  33  5  37  6  7  7  35  8  36  9  4  10  56  11  89  12  16  13  7  14  70  15  84  16  79  17  17  18  71  19  10
  0  38  1  64  2  67  3  14  4  19  5  98  6  48  7  15  8  48  9  96  10  80  11  24  12  77  13  74  14  36  15  53  16  43  17  1  18  31  19  15
  0  98  1  24  2  35  3  50  4  49  5  65  6  87  7  27  8  76  9  29  10  38  11  97  12  50  13  37  14  82  15  22  16  38  17  1  18  75  19  73
  0  81  1  63  2  34  3  94  4  88  5  93  6  61  7  83  8  70  9  17  10  68  11  3  12  8  13  93  14  50  15  50  16  40  17  4  18  62  19  47
  0  6  1  89  2  3  3  19  4  68  5  52  6  79  7  71  8  31  9  30  10  48  11  2  12  97  13  79  14  16  15  90  16  42  17  55  18  66  19  53
  0  8  1  45  2  55  3  64  4  27  5  17  6  63  7  73  8  43  9  81  10  26  11  83  12  83  13  71  14  60  15  45  16  93  17  6  18  69  19  5
  0  55  1  62  2  88  3  2  4  33  5  16  6  8  7  5  8  24  9  78  10  86  11  28  12  15  13  67  14  28  15  72  16  58  17  93  18  9  19  86
  0  27  1  26  2  58  3  27  4  16  5  92  6  36  7  82  8  91  9  11  10  63  11  73  12  7  13  72  14  95  15  56  16  38  17  10  18  42  19  82
  0  10  1  28  2  83  3  4  4  15  5  81  6  26  7  8  8  43  9  19  10  98  11  38  12  72  13  37  14  92  15  31  16  98  17  14  18  79  19  69
  0  92  1  5  2  77  3  38  4  23  5  26  6  44  7  28  8  76  9  71  10  1  11  30  12  63  13  15  14  45  15  10  16  92  17  9  18  88  19  59
  0  61  1  82  2  23  3  59  4  77  5  84  6  13  7  4  8  14  9  45  10  66  11  77  12  89  13  42  14  28  15  66  16  77  17  86  18  87  19  67
  0  28  1  79  2  20  3  11  4  38  5  93  6  87  7  11  8  1  9  90  10  58  11  24  12  34  13  70  14  45  15  65  16  51  17  7  18  55  19  14
  0  37  1  38  2  2  3  9  4  39  5  99  6  31  7  34  8  85  9  13  10  53  11  5  12  83  13  83  14  86  15  46  16  77  17  65  18  51  19  99
  0  52  1  88  2  78  3  5  4  19  5  63  6  10  7  53  8  19  9  14  10  8  11  83  12  29  13  91  14  15  15  3  16  65  17  73  18  8  19  23
  0  99  1  58  2  48  3  54  4  51  5  6  6  38  7  14  8  13  9  77  10  6  11  6  12  27  13  82  14  93  15  15  16  14  17  38  18  33  19  4
  0  19  1  87  2  10  3  98  4  42  5  49  6  62  7  28  8  53  9  79  10  76  11  24  12  13  13  70  14  53  15  13  16  50  17  34  18  64  19  50
  0  65  1  20  2  44  3  90  4  68  5  75  6  50  7  73  8  56  9  65  10  12  11  79  12  4  13  77  14  50  15  97  16  15  17  1  18  26  19  86
  0  52  1  55  2  61  3  37  4  56  5  94  6  26  7  58  8  16  9  31  10  8  11  52  12  45  13  29  14  89  15  48  16  81  17  89  18  96  19  9
  0  21  1  13  2  17  3  26  4  41  5  5  6  72  7  79  8  78  9  80  10  17  11  15  12  75  13  58  14  84  15  68  16  99  17  71  18  3  19  54
  0  96  1  27  2  61  3  69  4  50  5  88  6  87  7  4  8  38  9  66  10  82  11  55  12  24  13  41  14  95  15  73  16  10  17  60  18  69  19  1
  0  50  1  67  2  70  3  79  4  3  5  65  6  73  7  32  8  53  9  33  10  93  11  45  12  56  13  24  14  67  15  13  16  68  17  25  18  15  19  19
  0  74  1  69  2  58  3  57  4  18  5  10  6  74  7  31  8  6  9  7  10  87  11  74  12  38  13  86  14  49  15  82  16  75  17  75  18  53  19  50
  0  65  1  12  2  88  3  59  4  69  5  92  6  25  7  51  8  77  9  11  10  70  11  84  12  87  13  80  14  77  15  65  16  97  17  70  18  54  19  94
  0  39  1  74  2  24  3  74  4  38  5  9  6  42  7  57  8  98  9  6  10  53  11  54  12  23  13  31  14  51  15  8  16  30  17  75  18  79  19  10
  0  44  1  64  2  83  3  25  4  43  5  5  6  93  7  38  8  93  9  70  10  13  11  41  12  30  13  66  14  25  15  28  16  37  17  50  18  66  19  70
  0  45  1  94  2  3  3  79  4  53  5  14  6  22  7  82  8  40  9  85  10  31  11  71  12  22  13  49  14  7  15  1  16  65  17  65  18  63  19  44
  0  77  1  55  2  4  3  30  4  18  5  55  6  92  7  23  8  9  9  70  10  62  11  21  12  46  13  3  14  35  15  73  16  22  17  75  18  20  19  61
  0  21  1  4  2  30  3  77  4  56  5  72  6  22  7  1  8  48  9  6  10  44  11  55  12  60  13  61  14  59  15  4  16  52  17  83  18  77  19  6
  0  17  1  77  2  1  3  41  4  2  5  7  6  81  7  88  8  34  9  26  10  38  11  3  12  4  13  85  14  79  15  28  16  80  17  90  18  36  19  48
  0  46  1  90  2  93  3  55  4  90  5  24  6  87  7  88  8  98  9  64  10  82  11  79  12  15  13  22  14  76  15  96  16  74  17  9  18  77  19  87
  0  32  1  73  2  49  3  48  4  37  5  52  6  32  7  79  8  16  9  1  10  82  11  1  12  77  13  4  14  73  15  35  16  56  17  72  18  70  19  92
  0  37  1  80  2  63  3  4  4  44  5  99  6  12  7  84  8  89  9  26  10  60  11  38  12  1  13  20  14  98  15  24  16  81  17  98  18  94  19  47
  0  74  1  49  2  21  3  47  4  28  5  51  6  46  7  91  8  86  9  31  10  71  11  7  12  60  13  87  14  25  15  97  16  36  17  55  18  55  19  35
  0  39  1  99  2  66  3  17  4  61  5  61  6  12  7  36  8  13  9  87  10  24  11  4  12  57  13  24  14  40  15  10  16  43  17  57  18  74  19  31
  0  46  1  20  2  25  3  6  4  75  5  8  6  27  7  39  8  10  9  74  10  80  11  13  12  75  13  90  14  36  15  10  16  74  17  91  18  88  19  75
  0  20  1  53  2  28  3  77  4  53  5  61  6  52  7  42  8  35  9  68  10  24  11  66  12  41  13  54  14  47  15  45  16  3  17  37  18  76  19  60
  0  75  1  91  2  91  3  14  4  20  5  78  6  10  7  9  8  41  9  98  10  7  11  16  12  6  13  2  14  67  15  59  16  40  17  42  18  96  19  33
  0  79  1  49  2  61  3  19  4  16  5  45  6  28  7  65  8  80  9  38  10  36  11  54  12  30  13  82  14  16  15  65  16  53  17  65  18  31  19  15
  0  98  1  64  2  20  3  12  4  89  5  6  6  53  7  94  8  87  9  91  10  42  11  3  12  17  13  87  14  54  15  20  16  55  17  97  18  34  19  87
  0  55  1  48  2  17  3  71  4  61  5  73  6  8  7  32  8  23  9  72  10  43  11  35  12  28  13  69  14  57  15  4  16  1  17  13  18  49  19  85
  0  51  1  80  2  79  3  5  4  50  5  88  6  74  7  4  8  80  9  13  10  8  11  19  12  92  13  70  14  84  15  19  16  46  17  31  18  49  19  6
  0  40  1  40  2  91  3  85  4  44  5  85  6  27  7  12  8  86  9  36  10  70  11  95  12  76  13  26  14  30  15  24  16  47  17  79  18  91  19  18
  0  54  1  88  2  71  3  47  4  69  5  82  6  54  7  62  8  49  9  70  10  48  11  17  12  79  13  31  14  24  15  90  16  4  17  83  18  12  19  42
  0  5  1  62  2  82  3  44  4  98  5  89  6  39  7  80  8  41  9  8  10  79  11  13  12  77  13  15  14  21  15  41  16  76  17  28  18  92  19  25
  0  25  1  50  2  39  3  23  4  79  5  29  6  88  7  81  8  3  9  27  10  71  11  80  12  31  13  48  14  4  15  8  16  42  17  78  18  80  19  26
  0  26  1  40  2  13  3  49  4  89  5  80  6  28  7  56  8  22  9  26  10  18  11  88  12  17  13  76  14  83  15  19  16  43  17  34  18  37  19  96
  0  75  1  75  2  42  3  97  4  52  5  20  6  5  7  22  8  19  9  44  10  53  11  44  12  63  13  64  14  67  15  96  16  70  17  67  18  45  19  29
  0  23  1  60  2  2  3  91  4  57  5  97  6  68  7  29  8  38  9  70  10  21  11  85  12  95  13  85  14  39  15  46  16  70  17  72  18  5  19  79
  0  31  1  85  2  82  3  53  4  77  5  89  6  22  7  31  8  36  9  53  10  95  11  78  12  15  13  89  14  64  15  31  16  68  17  11  18  9  19  14
  0  95  1  81  2  93  3  2  4  76  5  6  6  49  7  61  8  2  9  75  10  77  11  30  12  70  13  46  14  21  15  3  16  55  17  43  18  54  19  35
  0  46  1  11  2  85  3  6  4  45  5  41  6  81  7  62  8  59  9  55  10  45  11  64  12  10  13  30  14  9  15  8  16  67  17  83  18  40  19  62
  0  74  1  65  2  47  3  84  4  17  5  12  6  49  7  75  8  49  9  73  10  45  11  2  12  95  13  9  14  91  15  96  16  76  17  11  18  76  19  95
  0  32  1  17  2  44  3  5  4  41  5  1  6  25  7  75  8  61  9  59  10  54  11  51  12  35  13  48  14  89  15  7  16  40  17  19  18  71  19  87
  0  76  1  50  2  78  3  30  4  19  5  11  6  71  7  19  8  83  9  68  10  26  11  4  12  73  13  29  14  1  15  91  16  12  17  96  18  99  19  82
  0  87  1  68  2  12  3  10  4  41  5  4  6  32  7  23  8  97  9  44  10  20  11  87  12  17  13  62  14  38  15  28  16  91  17  76  18  58  19  22
  0  58  1  50  2  58  3  14  4  61  5  65  6  34  7  15  8  11  9  43  10  92  11  15  12  14  13  44  14  7  15  8  16  63  17  80  18  52  19  14
  0  37  1  13  2  54  3  56  4  15  5  20  6  8  7  10  8  27  9  59  10  59  11  41  12  3  13  66  14  53  15  12  16  64  17  49  18  93  19  98
  0  88  1  84  2  65  3  66  4  49  5  12  6  14  7  92  8  88  9  95  10  82  11  19  12  94  13  95  14  59  15  9  16  78  17  52  18  76  19  98
  0  77  1  9  2  61  3  91  4  37  5  93  6  41  7  40  8  37  9  48  10  50  11  97  12  60  13  85  14  80  15  41  16  40  17  95  18  79  19  97
  0  18  1  39  2  4  3  37  4  96  5  5  6  47  7  91  8  81  9  10  10  32  11  25  12  34  13  71  14  26  15  71  16  93  17  83  18  7  19  2
  0  24  1  74  2  6  3  1  4  6  5  33  6  2  7  46  8  72  9  12  10  32  11  39  12  65  13  69  14  49  15  23  16  56  17  3  18  55  19  85
  0  59  1  63  2  65  3  29  4  27  5  85  6  93  7  63  8  17  9  53  10  82  11  56  12  61  13  86  14  87  15  28  16  69  17  31  18  96  19  99
  0  72  1  73  2  71  3  14  4  58  5  17  6  6  7  90  8  78  9  94  10  50  11  2  12  13  13  4  14  66  15  55  16  27  17  87  18  78  19  32
  0  68  1  93  2  56  3  20  4  69  5  85  6  47  7  35  8  57  9  7  10  32  11  28  12  3  13  89  14  77  15  3  16  41  17  80  18  8  19  10
  0  55  1  30  2  23  3  86  4  7  5  42  6  30  7  59  8  42  9  9  10  72  11  24  12  24  13  64  14  63  15  67  16  62  17  22  18  65  19  8
  0  43  1  6  2  76  3  64  4  66  5  63  6  5  7  71  8  68  9  31  10  45  11  10  12  68  13  6  14  91  15  17  16  70  17  9  18  51  19  3
  0  20  1  75  2  45  3  70  4  69  5  95  6  93  7  32  8  41  9  89  10  48  11  66  12  61  13  94  14  2  15  48  16  8  17  92  18  86  19  65
  0  12  1  9  2  57  3  76  4  88  5  64  6  1  7  6  8  96  9  57  10  27  11  55  12  47  13  8  14  40  15  84  16  10  17  87  18  88  19  4
  0  95  1  26  2  29  3  62  4  13  5  61  6  78  7  29  8  7  9  73  10  29  11  13  12  55  13  25  14  36  15  56  16  75  17  90  18  21  19  96
  0  42  1  59  2  53  3  94  4  50  5  24  6  80  7  61  8  60  9  13  10  39  11  32  12  6  13  17  14  67  15  81  16  60  17  12  18  82  19  64
  0  83  1  93  2  19  3  28  4  98  5  59  6  23  7  50  8  78  9  19  10  51  11  65  12  28  13  7  14  31  15  7  16  93  17  35  18  63  19  79
  0  52  1  11  2  89  3  23  4  40  5  90  6  49  7  42  8  33  9  74  10  87  11  17  12  97  13  39  14  17  15  6  16  53  17  65  18  14  19  19
  0  35  1  24  2  16  3  22  4  38  5  12  6  61  7  83  8  81  9  50  10  64  11  1  12  30  13  94  14  36  15  39  16  54  17  24  18  87  19  95
  0  22  1  97  2  72  3  60  4  48  5  89  6  62  7  23  8  48  9  62  10  55  11  79  12  73  13  31  14  66  15  8  16  24  17  10  18  47  19  28
  0  57  1  70  2  34  3  69  4  53  5  44  6  24  7  4  8  97  9  37  10  21  11  25  12  84  13  48  14  14  15  73  16  72  17  20  18  67  19  40
  0  22  1  44  2  43  3  9  4  8  5  6  6  78  7  99  8  96  9  51  10  92  11  48  12  3  13  94  14  2  15  12  16  94  17  14  18  52  19  95
  0  4  1  93  2  16  3  46  4  40  5  15  6  91  7  44  8  47  9  2  10  25  11  2  12  30  13  72  14  28  15  39  16  45  17  63  18  57  19  5
  0  34  1  12  2  3  3  60  4  38  5  16  6  70  7  39  8  41  9  25  10  71  11  52  12  98  13  7  14  64  15  11  16  73  17  8  18  89  19  69
  0  87  1  1  2  3  3  34  4  42  5  79  6  10  7  62  8  78  9  61  10  33  11  63  12  77  13  84  14  85  15  89  16  26  17  23  18  21  19  44
  0  93  1  70  2  82  3  70  4  94  5  32  6  85  7  98  8  32  9  54  10  88  11  52  12  49  13  77  14  45  15  45  16  42  17  69  18  41  19  27
  0  91  1  5  2  64  3  50  4  32  5  83  6  51  7  68  8  63  9  1  10  13  11  1  12  67  13  13  14  39  15  1  16  95  17  70  18  25  19  25
  0  28  1  6  2  75  3  3  4  25  5  90  6  72  7  28  8  25  9  15  10  26  11  42  12  57  13  42  14  33  15  70  16  67  17  44  18  8  19  37
  0  89  1  27  2  78  3  69  4  91  5  86  6  45  7  56  8  93  9  70  10  55  11  39  12  39  13  31  14  35  15  41  16  49  17  90  18  82  19  57
  0  4  1  58  2  21  3  70  4  36  5  67  6  51  7  63  8  18  9  22  10  69  11  43  12  81  13  77  14  29  15  89  16  9  17  95  18  57  19  4
  0  69  1  22  2  73  3  21  4  6  5  19  6  55  7  93  8  92  9  25  10  49  11  90  12  3  13  16  14  31  15  35  16  78  17  21  18  54  19  2
  0  79  1  89  2  49  3  42  4  57  5  23  6  52  7  85  8  77  9  13  10  83  11  71  12  91  13  64  14  6  15  82  16  32  17  82  18  26  19  95
  0  66  1  36  2  23  3  67  4  62  5  69  6  16  7  17  8  25  9  88  10  7  11  90  12  15  13  45  14  62  15  97  16  70  17  26  18  12  19  64
  0  68  1  82  2  82  3  42  4  22  5  80  6  4  7  72  8  86  9  50  10  38  11  89  12  21  13  63  14  31  15  11  16  34  17  75  18  84  19  53
  0  3  1  1  2  98  3  66  4  49  5  4  6  25  7  82  8  17  9  49  10  47  11  16  12  67  13  21  14  65  15  59  16  6  17  97  18  45  19  67
  0  2  1  73  2  84  3  25  4  45  5  38  6  77  7  28  8  87  9  58  10  1  11  41  12  31  13  32  14  45  15  99  16  73  17  1  18  56  19  74
  0  29  1  49  2  77  3  12  4  73  5  12  6  95  7  22  8  82  9  89  10  36  11  81  12  74  13  24  14  58  15  61  16  67  17  89  18  42  19  8
  0  3  1  13  2  76  3  34  4  15  5  5  6  91  7  94  8  39  9  93  10  75  11  60  12  80  13  74  14  93  15  8  16  99  17  12  18  86  19  87
  0  76  1  75  2  8  3  57  4  66  5  93  6  56  7  62  8  55  9  42  10  81  11  21  12  76  13  4  14  76  15  43  16  52  17  84  18  6  19  87
  0  66  1  59  2  5  3  37  4  83  5  74  6  68  7  42  8  75  9  44  10  4  11  73  12  5  13  19  14  18  15  73  16  2  17  94  18  75  19  5
  0  14  1  15  2  30  3  22  4  17  5  68  6  18  7  38  8  26  9  83  10  84  11  46  12  35  13  93  14  67  15  5  16  88  17  88  18  46  19  35
  0  40  1  7  2  63  3  51  4  71  5  29  6  50  7  41  8  69  9  58  10  15  11  67  12  90  13  21  14  96  15  48  16  49  17  11  18  68  19  47
  0  11  1  59  2  51  3  72  4  92  5  16  6  86  7  76  8  85  9  55  10  51  11  90  12  51  13  65  14  36  15  52  16  68  17  61  18  17  19  1
  0  22  1  38  2  74  3  41  4  68  5  72  6  68  7  20  8  10  9  10  10  46  11  54  12  69  13  14  14  55  15  2  16  48  17  61  18  89  19  67
  0  4  1  8  2  83  3  94  4  78  5  57  6  42  7  67  8  79  9  15  10  54  11  31  12  77  13  6  14  56  15  23  16  71  17  72  18  8  19  40
  0  52  1  11  2  25  3  3  4  54  5  94  6  72  7  99  8  77  9  90  10  4  11  7  12  10  13  71  14  19  15  18  16  5  17  87  18  51  19  41
  0  76  1  37  2  29  3  39  4  17  5  55  6  63  7  18  8  61  9  22  10  55  11  93  12  40  13  31  14  25  15  93  16  6  17  95  18  5  19  68
  0  17  1  80  2  59  3  27  4  13  5  71  6  11  7  11  8  29  9  34  10  88  11  78  12  20  13  16  14  30  15  66  16  85  17  1  18  2  19  39
  0  41  1  18  2  27  3  50  4  56  5  57  6  21  7  84  8  55  9  53  10  81  11  40  12  69  13  30  14  84  15  69  16  57  17  26  18  88  19  9
  0  62  1  45  2  29  3  43  4  58  5  89  6  74  7  88  8  91  9  74  10  77  11  7  12  50  13  50  14  15  15  60  16  92  17  48  18  40  19  92
  0  22  1  52  2  58  3  79  4  1  5  57  6  15  7  83  8  30  9  48  10  57  11  30  12  32  13  38  14  98  15  54  16  32  17  38  18  8  19  12
  0  10  1  32  2  98  3  48  4  69  5  5  6  89  7  58  8  57  9  31  10  58  11  92  12  12  13  22  14  18  15  86  16  42  17  4  18  82  19  28
  0  53  1  47  2  1  3  74  4  76  5  2  6  75  7  90  8  67  9  87  10  99  11  76  12  76  13  47  14  74  15  2  16  17  17  64  18  95  19  61
  0  73  1  4  2  5  3  15  4  25  5  36  6  68  7  92  8  87  9  27  10  24  11  67  12  92  13  27  14  78  15  26  16  51  17  92  18  89  19  86
  0  81  1  12  2  46  3  55  4  93  5  15  6  18  7  11  8  51  9  5  10  55  11  69  12  76  13  36  14  59  15  50  16  46  17  15  18  46  19  60
  0  95  1  8  2  75  3  74  4  49  5  87  6  25  7  51  8  24  9  41  10  22  11  38  12  82  13  26  14  72  15  53  16  26  17  49  18  41  19  27
  0  69  1  99  2  69  3  63  4  18  5  66  6  55  7  46  8  52  9  22  10  13  11  88  12  88  13  46  14  76  15  30  16  64  17  24  18  52  19  97
  0  77  1  46  2  6  3  95  4  62  5  94  6  29  7  9  8  5  9  87  10  57  11  10  12  6  13  16  14  12  15  11  16  60  17  4  18  76  19  8
  0  6  1  68  2  55  3  7  4  53  5  63  6  66  7  23  8  20  9  26  10  51  11  97  12  8  13  76  14  25  15  68  16  7  17  24  18  90  19  94
  0  22  1  84  2  83  3  28  4  37  5  17  6  35  7  58  8  83  9  28  10  56  11  97  12  62  13  10  14  90  15  76  16  41  17  99  18  86  19  50
  0  35  1  80  2  84  3  66  4  25  5  72  6  16  7  23  8  88  9  67  10  62  11  13  12  36  13  16  14  38  15  55  16  77  17  59  18  68  19  37
  0  79  1  88  2  82  3  39  4  63  5  47  6  58  7  93  8  65  9  16  10  82  11  14  12  67  13  66  14  96  15  99  16  54  17  43  18  65  19  84
  0  70  1  25  2  72  3  2  4  68  5  77  6  39  7  74  8  79  9  98  10  17  11  62  12  55  13  6  14  92  15  9  16  41  17  25  18  29  19  86
  0  6  1  93  2  96  3  28  4  15  5  61  6  6  7  80  8  33  9  69  10  13  11  37  12  3  13  38  14  79  15  31  16  5  17  87  18  8  19  78
  0  36  1  83  2  62  3  29  4  30  5  69  6  78  7  44  8  17  9  37  10  95  11  17  12  5  13  35  14  77  15  13  16  15  17  37  18  5  19  69
  0  16  1  2  2  49  3  20  4  26  5  97  6  64  7  2  8  96  9  81  10  65  11  65  12  77  13  57  14  62  15  17  16  39  17  42  18  79  19  40
  0  98  1  18  2  79  3  78  4  69  5  62  6  72  7  93  8  44  9  59  10  68  11  13  12  67  13  62  14  16  15  32  16  70  17  37  18  38  19  50
  0  55  1  18  2  37  3  41  4  75  5  59  6  53  7  89  8  32  9  53  10  88  11  48  12  87  13  51  14  30  15  96  16  71  17  17  18  30  19  8
  0  16  1  91  2  42  3  40  4  70  5  40  6  7  7  29  8  53  9  37  10  36  11  44  12  61  13  73  14  47  15  21  16  38  17  26  18  45  19  89
  0  71  1  5  2  51  3  78  4  70  5  64  6  20  7  33  8  44  9  63  10  3  11  98  12  85  13  89  14  52  15  62  16  18  17  98  18  68  19  25
  0  83  1  21  2  21  3  85  4  55  5  46  6  23  7  26  8  15  9  85  10  27  11  47  12  33  13  68  14  63  15  98  16  24  17  29  18  50  19  78
  0  88  1  82  2  42  3  17  4  44  5  8  6  1  7  73  8  20  9  68  10  96  11  92  12  55  13  61  14  82  15  7  16  43  17  54  18  93  19  86
  0  92  1  64  2  63  3  72  4  8  5  85  6  72  7  36  8  15  9  63  10  49  11  57  12  66  13  79  14  4  15  21  16  26  17  92  18  63  19  51
  0  97  1  53  2  39  3  60  4  57  5  71  6  36  7  75  8  95  9  36  10  87  11  41  12  99  13  82  14  95  15  58  16  3  17  70  18  78  19  72
  0  98  1  31  2  71  3  30  4  6  5  77  6  42  7  77  8  2  9  89  10  96  11  54  12  90  13  24  14  97  15  17  16  62  17  15  18  24  19  89
  0  47  1  51  2  38  3  35  4  99  5  56  6  41  7  80  8  34  9  4  10  30  11  50  12  19  13  41  14  96  15  85  16  97  17  20  18  16  19  62
  0  80  1  35  2  31  3  27  4  48  5  24  6  23  7  6  8  34  9  95  10  16  11  82  12  96  13  78  14  77  15  22  16  98  17  98  18  93  19  99
  0  37  1  39  2  32  3  67  4  9  5  47  6  32  7  47  8  96  9  72  10  83  11  57  12  13  13  64  14  73  15  93  16  36  17  66  18  17  19  32
  0  26  1  66  2  7  3  19  4  5  5  17  6  41  7  62  8  39  9  14  10  26  11  57  12  58  13  99  14  36  15  82  16  91  17  48  18  11  19  72
  0  24  1  18  2  6  3  52  4  86  5  7  6  9  7  63  8  34  9  34  10  36  11  55  12  79  13  24  14  18  15  95  16  99  17  86  18  65  19  26
  0  6  1  5  2  82  3  77  4  58  5  79  6  49  7  9  8  77  9  88  10  95  11  50  12  62  13  62  14  44  15  44  16  30  17  86  18  97  19  27
  0  33  1  82  2  85  3  93  4  26  5  11  6  99  7  45  8  70  9  27  10  87  11  90  12  20  13  69  14  90  15  68  16  13  17  42  18  28  19  20
  0  67  1  58  2  70  3  3  4  58  5  30  6  62  7  41  8  8  9  25  10  77  11  57  12  43  13  34  14  24  15  26  16  85  17  14  18  26  19  29
  0  73  1  99  2  47  3  38  4  41  5  99  6  49  7  20  8  11  9  22  10  81  11  46  12  51  13  93  14  51  15  83  16  25  17  67  18  26  19  55
  0  27  1  35  2  61  3  14  4  84  5  83  6  60  7  83  8  67  9  66  10  98  11  45  12  25  13  84  14  84  15  64  16  72  17  83  18  35  19  5
  0  57  1  23  2  68  3  75  4  8  5  73  6  76  7  82  8  36  9  40  10  2  11  8  12  31  13  29  14  41  15  34  16  92  17  95  18  55  19  61
  0  68  1  46  2  46  3  22  4  10  5  82  6  44  7  67  8  50  9  5  10  2  11  80  12  67  13  21  14  2  15  53  16  5  17  25  18  13  19  18
  0  33  1  35  2  58  3  29  4  6  5  13  6  81  7  40  8  17  9  6  10  21  11  7  12  76  13  77  14  23  15  20  16  73  17  16  18  68  19  56
  0  53  1  41  2  80  3  85  4  74  5  60  6  45  7  84  8  97  9  19  10  54  11  43  12  20  13  57  14  65  15  55  16  71  17  86  18  29  19  38
  0  21  1  19  2  22  3  30  4  69  5  29  6  12  7  36  8  28  9  25  10  4  11  47  12  1  13  67  14  78  15  40  16  23  17  57  18  12  19  31
  0  33  1  71  2  20  3  46  4  63  5  34  6  93  7  32  8  90  9  47  10  1  11  17  12  81  13  11  14  74  15  94  16  10  17  13  18  19  19  95
  0  46  1  71  2  96  3  62  4  46  5  51  6  77  7  50  8  73  9  96  10  69  11  11  12  45  13  44  14  56  15  44  16  95  17  13  18  18  19  11
  0  65  1  86  2  95  3  45  4  92  5  28  6  45  7  25  8  54  9  91  10  80  11  60  12  69  13  40  14  97  15  35  16  86  17  59  18  39  19  2
  0  98  1  35  2  35  3  3  4  59  5  44  6  36  7  89  8  13  9  61  10  11  11  53  12  34  13  92  14  85  15  78  16  57  17  84  18  52  19  2
  0  44  1  67  2  57  3  23  4  99  5  31  6  55  7  5  8  57  9  49  10  98  11  66  12  86  13  98  14  79  15  40  16  88  17  24  18  59  19  66
  0  75  1  66  2  49  3  27  4  76  5  47  6  21  7  53  8  97  9  69  10  66  11  64  12  14  13  91  14  36  15  10  16  3  17  67  18  23  19  18
  0  30  1  77  2  69  3  95  4  40  5  84  6  22  7  18  8  33  9  81  10  51  11  92  12  7  13  36  14  12  15  8  16  11  17  28  18  28  19  86
  0  46  1  39  2  10  3  10  4  84  5  59  6  32  7  78  8  12  9  93  10  52  11  29  12  18  13  94  14  42  15  25  16  74  17  59  18  37  19  85
  0  84  1  60  2  64  3  18  4  94  5  99  6  76  7  80  8  93  9  8  10  10  11  83  12  51  13  20  14  55  15  92  16  66  17  11  18  84  19  21
  0  21  1  72  2  1  3  2  4  72  5  45  6  81  7  74  8  19  9  60  10  48  11  51  12  24  13  47  14  77  15  25  16  92  17  6  18  25  19  37
  0  22  1  55  2  46  3  26  4  75  5  9  6  28  7  25  8  59  9  33  10  63  11  62  12  90  13  87  14  23  15  7  16  85  17  71  18  31  19  44
  0  19  1  95  2  31  3  82  4  21  5  77  6  96  7  30  8  17  9  22  10  39  11  75  12  30  13  34  14  91  15  84  16  93  17  75  18  6  19  76
  0  51  1  56  2  60  3  59  4  42  5  44  6  77  7  22  8  85  9  9  10  9  11  19  12  31  13  43  14  13  15  3  16  32  17  28  18  55  19  82
  0  47  1  39  2  3  3  5  4  92  5  4  6  80  7  8  8  96  9  56  10  15  11  76  12  22  13  57  14  96  15  2  16  64  17  65  18  26  19  34
  0  42  1  89  2  13  3  64  4  29  5  51  6  72  7  94  8  6  9  25  10  10  11  61  12  27  13  66  14  3  15  39  16  23  17  19  18  21  19  29
  0  87  1  61  2  35  3  10  4  36  5  57  6  20  7  13  8  9  9  96  10  27  11  37  12  62  13  41  14  15  15  32  16  97  17  38  18  40  19  96
  0  78  1  37  2  47  3  83  4  67  5  33  6  24  7  2  8  73  9  27  10  98  11  66  12  86  13  67  14  99  15  21  16  51  17  26  18  3  19  47
  0  89  1  2  2  45  3  33  4  94  5  84  6  63  7  53  8  37  9  92  10  98  11  8  12  75  13  79  14  79  15  93  16  38  17  90  18  57  19  24
  0  36  1  75  2  77  3  16  4  25  5  26  6  88  7  11  8  12  9  73  10  46  11  94  12  88  13  68  14  44  15  31  16  23  17  38  18  83  19  44
  0  63  1  73  2  80  3  82  4  11  5  13  6  44  7  73  8  77  9  8  10  92  11  43  12  40  13  4  14  93  15  62  16  49  17  54  18  39  19  40
  0  52  1  58  2  76  3  74  4  47  5  1  6  90  7  49  8  74  9  15  10  78  11  2  12  4  13  12  14  72  15  35  16  89  17  41  18  7  19  34
  0  85  1  77  2  20  3  7  4  57  5  47  6  65  7  68  8  20  9  42  10  34  11  24  12  94  13  83  14  47  15  43  16  74  17  25  18  51  19  13
  0  12  1  23  2  27  3  8  4  1  5  7  6  10  7  35  8  3  9  17  10  58  11  22  12  28  13  9  14  34  15  69  16  94  17  36  18  82  19  81
  0  11  1  51  2  14  3  38  4  52  5  98  6  38  7  85  8  41  9  87  10  95  11  55  12  39  13  66  14  83  15  27  16  11  17  28  18  81  19  12
  0  33  1  35  2  18  3  15  4  32  5  35  6  30  7  91  8  99  9  98  10  14  11  32  12  11  13  11  14  65  15  15  16  26  17  95  18  55  19  23
  0  83  1  56  2  94  3  16  4  97  5  43  6  80  7  5  8  6  9  16  10  27  11  53  12  50  13  37  14  30  15  24  16  91  17  7  18  4  19  45
  0  61  1  54  2  6  3  34  4  23  5  21  6  31  7  46  8  6  9  16  10  33  11  6  12  3  13  16  14  21  15  46  16  70  17  47  18  26  19  70
  0  68  1  82  2  38  3  2  4  16  5  11  6  65  7  93  8  63  9  96  10  53  11  6  12  3  13  20  14  79  15  82  16  64  17  53  18  2  19  79
  0  71  1  42  2  29  3  21  4  61  5  74  6  47  7  99  8  76  9  69  10  5  11  36  12  97  13  7  14  57  15  61  16  77  17  87  18  22  19  99
  0  68  1  97  2  78  3  60  4  90  5  10  6  32  7  56  8  64  9  49  10  21  11  21  12  91  13  4  14  31  15  86  16  86  17  60  18  49  19  43
  0  74  1  93  2  78  3  98  4  8  5  42  6  79  7  90  8  73  9  44  10  25  11  52  12  91  13  21  14  80  15  2  16  28  17  29  18  39  19  17
  0  68  1  20  2  85  3  34  4  23  5  77  6  50  7  52  8  72  9  21  10  5  11  48  12  65  13  99  14  85  15  34  16  25  17  10  18  50  19  10
  0  30  1  5  2  24  3  93  4  81  5  2  6  62  7  30  8  59  9  82  10  52  11  8  12  36  13  47  14  41  15  42  16  13  17  81  18  27  19  4
  0  74  1  24  2  91  3  94  4  85  5  64  6  40  7  3  8  89  9  1  10  68  11  91  12  65  13  36  14  97  15  98  16  52  17  90  18  27  19  56
  0  65  1  66  2  99  3  57  4  40  5  83  6  85  7  23  8  97  9  83  10  27  11  55  12  12  13  59  14  89  15  69  16  11  17  57  18  33  19  50
  0  56  1  78  2  81  3  72  4  82  5  52  6  49  7  75  8  81  9  63  10  81  11  95  12  67  13  74  14  84  15  74  16  66  17  52  18  70  19  16
  0  99  1  93  2  42  3  58  4  70  5  34  6  80  7  70  8  58  9  44  10  34  11  2  12  95  13  75  14  91  15  41  16  77  17  11  18  11  19  65
  0  9  1  14  2  33  3  73  4  26  5  96  6  89  7  52  8  17  9  44  10  96  11  15  12  35  13  68  14  91  15  93  16  96  17  78  18  48  19  98
  0  81  1  87  2  85  3  65  4  89  5  93  6  50  7  49  8  32  9  17  10  38  11  41  12  41  13  55  14  90  15  21  16  41  17  16  18  71  19  66
  0  7  1  23  2  18  3  73  4  5  5  9  6  21  7  76  8  5  9  42  10  76  11  66  12  74  13  43  14  9  15  35  16  35  17  8  18  61  19  2
  0  19  1  19  2  16  3  9  4  47  5  23  6  65  7  79  8  49  9  11  10  63  11  74  12  64  13  24  14  37  15  2  16  3  17  62  18  2  19  55
  0  70  1  93  2  52  3  93  4  71  5  63  6  1  7  83  8  44  9  61  10  81  11  64  12  99  13  12  14  53  15  9  16  60  17  72  18  67  19  96
  0  30  1  58  2  77  3  19  4  34  5  48  6  12  7  69  8  8  9  21  10  34  11  10  12  33  13  24  14  63  15  6  16  43  17  94  18  37  19  69
  0  42  1  67  2  17  3  59  4  25  5  36  6  88  7  12  8  78  9  77  10  13  11  28  12  98  13  27  14  2  15  23  16  72  17  71  18  50  19  3
  0  91  1  22  2  41  3  53  4  99  5  44  6  98  7  38  8  1  9  81  10  67  11  34  12  67  13  10  14  25  15  67  16  34  17  76  18  84  19  24
  0  62  1  35  2  15  3  38  4  11  5  81  6  97  7  93  8  51  9  38  10  10  11  85  12  12  13  49  14  75  15  33  16  37  17  82  18  50  19  33
  0  94  1  60  2  18  3  98  4  74  5  44  6  18  7  26  8  56  9  62  10  31  11  81  12  39  13  59  14  91  15  96  16  61  17  83  18  8  19  19
  0  56  1  62  2  4  3  60  4  18  5  30  6  17  7  28  8  78  9  92  10  10  11  41  12  13  13  65  14  93  15  69  16  30  17  94  18  56  19  32
  0  9  1  71  2  45  3  56  4  97  5  88  6  60  7  84  8  84  9  88  10  48  11  74  12  85  13  29  14  93  15  27  16  46  17  37  18  67  19  48
  0  21  1  45  2  71  3  21  4  85  5  24  6  74  7  37  8  16  9  57  10  54  11  40  12  97  13  24  14  69  15  50  16  91  17  77  18  42  19  87
  0  51  1  47  2  12  3  12  4  54  5  93  6  92  7  44  8  23  9  90  10  61  11  41  12  24  13  31  14  32  15  37  16  79  17  60  18  18  19  71
  0  27  1  96  2  74  3  60  4  19  5  85  6  74  7  1  8  39  9  4  10  57  11  2  12  75  13  8  14  69  15  72  16  89  17  82  18  67  19  26
  0  64  1  55  2  54  3  82  4  14  5  62  6  86  7  65  8  99  9  94  10  55  11  27  12  74  13  48  14  36  15  62  16  58  17  69  18  55  19  76
  0  23  1  64  2  30  3  29  4  7  5  10  6  68  7  74  8  33  9  89  10  35  11  46  12  73  13  38  14  32  15  82  16  79  17  72  18  36  19  85
  0  92  1  40  2  98  3  42  4  80  5  19  6  6  7  73  8  89  9  31  10  36  11  77  12  86  13  76  14  84  15  80  16  35  17  92  18  31  19  23
  0  40  1  83  2  64  3  36  4  45  5  95  6  6  7  84  8  73  9  12  10  79  11  87  12  42  13  8  14  34  15  36  16  83  17  85  18  3  19  80
  0  75  1  74  2  65  3  40  4  43  5  78  6  46  7  73  8  89  9  86  10  57  11  4  12  80  13  99  14  75  15  84  16  60  17  27  18  13  19  65
  0  13  1  55  2  20  3  68  4  72  5  2  6  24  7  12  8  36  9  93  10  98  11  24  12  67  13  46  14  19  15  31  16  64  17  27  18  44  19  34
  0  39  1  21  2  23  3  86  4  39  5  45  6  40  7  39  8  91  9  78  10  18  11  32  12  79  13  95  14  60  15  34  16  45  17  23  18  8  19  55
  0  3  1  60  2  16  3  6  4  7  5  40  6  1  7  51  8  89  9  3  10  6  11  97  12  90  13  18  14  82  15  23  16  12  17  96  18  81  19  4
  0  99  1  40  2  11  3  28  4  18  5  46  6  6  7  95  8  63  9  66  10  3  11  35  12  64  13  74  14  28  15  84  16  24  17  94  18  38  19  32
  0  21  1  2  2  64  3  5  4  88  5  96  6  64  7  49  8  14  9  2  10  75  11  41  12  34  13  48  14  10  15  26  16  36  17  40  18  62  19  75
  0  66  1  24  2  1  3  2  4  15  5  91  6  62  7  76  8  38  9  91  10  87  11  39  12  24  13  45  14  50  15  6  16  20  17  70  18  74  19  80
  0  68  1  79  2  47  3  71  4  34  5  83  6  58  7  34  8  10  9  32  10  39  11  2  12  35  13  82  14  71  15  90  16  62  17  41  18  94  19  55
  0  57  1  62  2  31  3  73  4  30  5  70  6  97  7  56  8  9  9  49  10  95  11  20  12  17  13  16  14  75  15  72  16  26  17  72  18  28  19  91
  0  75  1  96  2  45  3  10  4  87  5  22  6  61  7  17  8  28  9  21  10  55  11  53  12  79  13  79  14  77  15  64  16  33  17  38  18  43  19  24
  0  18  1  35  2  87  3  50  4  13  5  71  6  90  7  80  8  28  9  87  10  14  11  72  12  34  13  29  14  92  15  45  16  82  17  21  18  91  19  81
  0  49  1  99  2  24  3  60  4  90  5  63  6  62  7  76  8  92  9  29  10  23  11  79  12  50  13  30  14  84  15  36  16  25  17  73  18  73  19  88
  0  45  1  46  2  41  3  81  4  51  5  43  6  92  7  58  8  16  9  50  10  62  11  67  12  76  13  16  14  32  15  24  16  66  17  77  18  48  19  7
  0  29  1  42  2  76  3  5  4  46  5  28  6  1  7  28  8  36  9  22  10  56  11  49  12  73  13  11  14  59  15  56  16  57  17  75  18  62  19  9
  0  24  1  79  2  48  3  39  4  73  5  79  6  64  7  49  8  71  9  34  10  22  11  85  12  30  13  97  14  43  15  88  16  88  17  19  18  23  19  56
  0  41  1  86  2  25  3  71  4  96  5  88  6  46  7  69  8  45  9  81  10  15  11  65  12  82  13  69  14  3  15  44  16  19  17  69  18  55  19  99
  0  59  1  87  2  99  3  75  4  47  5  38  6  65  7  28  8  94  9  88  10  19  11  38  12  52  13  5  14  13  15  22  16  87  17  34  18  3  19  25
  0  72  1  36  2  70  3  3  4  5  5  80  6  53  7  16  8  4  9  36  10  90  11  96  12  72  13  39  14  22  15  70  16  93  17  23  18  86  19  25
  0  24  1  19  2  28  3  67  4  92  5  89  6  10  7  26  8  9  9  44  10  61  11  59  12  61  13  37  14  46  15  4  16  44  17  64  18  5  19  65
  0  37  1  98  2  11  3  19  4  42  5  35  6  58  7  1  8  50  9  34  10  51  11  93  12  75  13  84  14  71  15  28  16  2  17  19  18  53  19  65
  0  11  1  63  2  77  3  41  4  97  5  1  6  63  7  60  8  93  9  70  10  41  11  90  12  38  13  48  14  5  15  3  16  89  17  65  18  3  19  27
  0  57  1  74  2  5  3  53  4  83  5  58  6  42  7  79  8  31  9  44  10  35  11  82  12  35  13  80  14  34  15  74  16  32  17  63  18  45  19  70
  0  83  1  43  2  18  3  71  4  41  5  45  6  13  7  42  8  25  9  68  10  77  11  42  12  24  13  64  14  97  15  31  16  27  17  6  18  14  19  70
  0  48  1  86  2  96  3  74  4  10  5  30  6  40  7  93  8  76  9  82  10  14  11  41  12  85  13  23  14  72  15  70  16  95  17  22  18  30  19  90
  0  47  1  26  2  28  3  73  4  19  5  48  6  77  7  63  8  18  9  90  10  33  11  28  12  34  13  38  14  32  15  96  16  54  17  92  18  33  19  67
  0  11  1  36  2  96  3  85  4  8  5  42  6  16  7  30  8  64  9  78  10  98  11  57  12  44  13  64  14  31  15  80  16  79  17  86  18  96  19  92
  0  12  1  68  2  25  3  64  4  82  5  58  6  86  7  65  8  75  9  92  10  74  11  96  12  75  13  22  14  18  15  28  16  99  17  33  18  35  19  81
  0  24  1  86  2  16  3  11  4  92  5  58  6  86  7  55  8  5  9  64  10  7  11  69  12  2  13  93  14  90  15  72  16  4  17  80  18  57  19  51
  0  70  1  99  2  54  3  15  4  77  5  58  6  9  7  96  8  48  9  20  10  95  11  33  12  65  13  88  14  29  15  76  16  58  17  24  18  22  19  23
  0  55  1  84  2  63  3  55  4  19  5  14  6  9  7  31  8  20  9  7  10  91  11  83  12  24  13  30  14  87  15  87  16  88  17  82  18  97  19  30
  0  80  1  25  2  38  3  79  4  92  5  97  6  38  7  38  8  97  9  25  10  91  11  42  12  61  13  69  14  21  15  14  16  35  17  72  18  34  19  99
  0  67  1  10  2  90  3  50  4  12  5  45  6  17  7  16  8  40  9  55  10  17  11  74  12  62  13  62  14  81  15  95  16  26  17  95  18  93  19  36
  0  53  1  70  2  76  3  4  4  12  5  65  6  38  7  22  8  61  9  8  10  96  11  20  12  97  13  31  14  6  15  95  16  97  17  50  18  12  19  32
  0  32  1  55  2  99  3  81  4  97  5  44  6  19  7  43  8  98  9  35  10  96  11  71  12  60  13  15  14  83  15  30  16  64  17  34  18  73  19  60
  0  45  1  53  2  5  3  19  4  77  5  85  6  40  7  24  8  34  9  97  10  67  11  98  12  27  13  80  14  80  15  15  16  31  17  77  18  21  19  61
  0  57  1  40  2  3  3  98  4  39  5  55  6  47  7  78  8  36  9  61  10  87  11  21  12  77  13  40  14  41  15  5  16  83  17  55  18  47  19  95
  0  62  1  84  2  6  3  16  4  50  5  52  6  95  7  42  8  45  9  64  10  36  11  76  12  63  13  4  14  17  15  35  16  3  17  39  18  26  19  37
  0  13  1  53  2  41  3  99  4  82  5  91  6  69  7  66  8  11  9  93  10  35  11  29  12  14  13  52  14  75  15  13  16  93  17  10  18  83  19  40
  0  62  1  2  2  88  3  95  4  90  5  89  6  95  7  51  8  50  9  54  10  8  11  29  12  40  13  33  14  1  15  4  16  29  17  28  18  24  19  80
  0  65  1  27  2  59  3  2  4  9  5  89  6  52  7  54  8  12  9  14  10  82  11  93  12  43  13  81  14  77  15  9  16  31  17  33  18  47  19  78
  0  72  1  37  2  7  3  9  4  30  5  47  6  29  7  46  8  22  9  65  10  20  11  3  12  69  13  47  14  32  15  47  16  56  17  28  18  36  19  35
  0  22  1  45  2  35  3  95  4  87  5  93  6  81  7  90  8  86  9  38  10  33  11  6  12  48  13  67  14  62  15  64  16  59  17  61  18  93  19  49
  0  7  1  13  2  48  3  72  4  58  5  21  6  12  7  57  8  54  9  47  10  57  11  85  12  7  13  5  14  82  15  47  16  35  17  19  18  53  19  94
  0  74  1  79  2  64  3  77  4  43  5  70  6  41  7  16  8  66  9  62  10  62  11  40  12  65  13  76  14  74  15  13  16  81  17  81  18  13  19  82
  0  89  1  68  2  70  3  66  4  15  5  14  6  69  7  54  8  64  9  37  10  24  11  62  12  26  13  2  14  4  15  98  16  16  17  19  18  36  19  16
  0  55  1  55  2  7  3  58  4  22  5  58  6  43  7  28  8  2  9  35  10  97  11  30  12  39  13  62  14  55  15  73  16  56  17  14  18  41  19  35
  0  91  1  23  2  99  3  14  4  88  5  21  6  66  7  30  8  12  9  28  10  67  11  51  12  94  13  68  14  96  15  48  16  37  17  55  18  74  19  8
  0  97  1  57  2  83  3  66  4  67  5  43  6  22  7  33  8  5  9  67  10  45  11  12  12  73  13  44  14  63  15  53  16  20  17  23  18  19  19  91
  0  65  1  59  2  80  3  41  4  16  5  48  6  6  7  61  8  13  9  57  10  64  11  21  12  61  13  94  14  36  15  14  16  30  17  68  18  4  19  6
  0  1  1  56  2  31  3  17  4  6  5  65  6  76  7  69  8  94  9  64  10  79  11  61  12  99  13  21  14  49  15  36  16  15  17  62  18  9  19  58
  0  88  1  53  2  87  3  22  4  97  5  61  6  74  7  54  8  69  9  45  10  62  11  85  12  46  13  82  14  48  15  89  16  23  17  47  18  73  19  31
  0  99  1  70  2  17  3  73  4  30  5  65  6  72  7  22  8  52  9  97  10  81  11  8  12  43  13  26  14  91  15  47  16  26  17  46  18  69  19  27
  0  18  1  22  2  85  3  97  4  9  5  70  6  49  7  76  8  98  9  44  10  69  11  90  12  39  13  38  14  53  15  21  16  56  17  89  18  76  19  16
  0  51  1  63  2  2  3  86  4  95  5  51  6  5  7  16  8  81  9  5  10  42  11  28  12  98  13  94  14  86  15  1  16  20  17  61  18  87  19  33
  0  44  1  7  2  53  3  84  4  26  5  35  6  59  7  55  8  71  9  36  10  13  11  66  12  1  13  87  14  49  15  77  16  2  17  4  18  29  19  31
  0  12  1  65  2  67  3  12  4  20  5  3  6  7  7  86  8  73  9  21  10  17  11  22  12  13  13  81  14  91  15  32  16  91  17  98  18  61  19  83
  0  53  1  93  2  62  3  58  4  52  5  18  6  4  7  73  8  58  9  50  10  44  11  76  12  77  13  24  14  68  15  92  16  83  17  34  18  14  19  78
  0  31  1  31  2  95  3  15  4  94  5  8  6  26  7  33  8  80  9  36  10  35  11  73  12  73  13  96  14  29  15  7  16  23  17  25  18  49  19  72
  0  99  1  56  2  6  3  21  4  56  5  50  6  23  7  38  8  77  9  20  10  2  11  36  12  13  13  96  14  81  15  88  16  19  17  24  18  76  19  73
  0  50  1  25  2  6  3  48  4  88  5  24  6  46  7  60  8  92  9  96  10  68  11  83  12  2  13  80  14  47  15  13  16  38  17  80  18  59  19  78
  0  79  1  35  2  90  3  46  4  9  5  42  6  34  7  30  8  55  9  60  10  39  11  18  12  72  13  14  14  54  15  89  16  47  17  98  18  72  19  99
  0  6  1  43  2  47  3  21  4  77  5  76  6  76  7  87  8  26  9  24  10  56  11  97  12  56  13  2  14  28  15  34  16  69  17  13  18  14  19  34
  0  11  1  44  2  85  3  18  4  34  5  22  6  11  7  39  8  84  9  90  10  92  11  40  12  71  13  94  14  72  15  8  16  78  17  94  18  81  19  61
  0  39  1  59  2  45  3  41  4  63  5  88  6  87  7  55  8  11  9  73  10  84  11  2  12  33  13  97  14  66  15  5  16  35  17  38  18  56  19  92
  0  26  1  16  2  18  3  28  4  61  5  1  6  33  7  74  8  97  9  79  10  22  11  32  12  10  13  36  14  9  15  10  16  47  17  8  18  68  19  95
  0  12  1  9  2  12  3  43  4  9  5  39  6  5  7  94  8  90  9  21  10  25  11  7  12  87  13  34  14  88  15  44  16  12  17  32  18  20  19  60
  0  63  1  70  2  38  3  81  4  84  5  72  6  82  7  62  8  40  9  17  10  97  11  79  12  16  13  25  14  59  15  75  16  61  17  80  18  6  19  85
  0  28  1  99  2  3  3  93  4  72  5  50  6  69  7  99  8  25  9  80  10  24  11  11  12  47  13  5  14  45  15  75  16  24  17  59  18  51  19  17
  0  67  1  18  2  29  3  59  4  32  5  48  6  95  7  24  8  56  9  31  10  46  11  59  12  89  13  75  14  25  15  25  16  72  17  15  18  50  19  40
  0  64  1  56  2  39  3  81  4  57  5  13  6  36  7  59  8  1  9  56  10  52  11  48  12  39  13  61  14  43  15  22  16  30  17  25  18  90  19  23
  0  95  1  93  2  81  3  77  4  33  5  17  6  81  7  29  8  69  9  25  10  51  11  45  12  59  13  90  14  59  15  33  16  40  17  20  18  77  19  65
  0  6  1  93  2  75  3  88  4  57  5  39  6  45  7  87  8  47  9  22  10  14  11  11  12  23  13  66  14  43  15  89  16  28  17  65  18  10  19  92
  0  35  1  22  2  16  3  25  4  2  5  36  6  81  7  37  8  84  9  49  10  16  11  5  12  40  13  72  14  61  15  28  16  13  17  91  18  68  19  8
  0  83  1  25  2  38  3  39  4  19  5  45  6  41  7  23  8  59  9  32  10  4  11  61  12  28  13  91  14  16  15  24  16  50  17  64  18  5  19  69
  0  15  1  16  2  71  3  75  4  21  5  62  6  2  7  16  8  84  9  3  10  72  11  69  12  3  13  42  14  37  15  63  16  4  17  19  18  58  19  89
  0  26  1  96  2  5  3  36  4  97  5  67  6  49  7  18  8  25  9  68  10  27  11  16  12  97  13  33  14  44  15  54  16  79  17  6  18  40  19  58
  0  41  1  3  2  43  3  88  4  32  5  1  6  86  7  47  8  37  9  72  10  58  11  86  12  41  13  12  14  8  15  77  16  82  17  26  18  39  19  17
  0  10  1  60  2  50  3  70  4  35  5  8  6  9  7  4  8  60  9  14  10  72  11  19  12  39  13  66  14  94  15  18  16  63  17  49  18  63  19  63
  0  18  1  84  2  77  3  90  4  30  5  98  6  59  7  4  8  10  9  89  10  38  11  62  12  56  13  73  14  77  15  35  16  71  17  43  18  15  19  67
  0  22  1  68  2  45  3  20  4  26  5  14  6  64  7  40  8  54  9  55  10  45  11  92  12  82  13  32  14  31  15  61  16  35  17  50  18  56  19  90
  0  94  1  27  2  24  3  31  4  75  5  60  6  12  7  17  8  87  9  36  10  91  11  73  12  38  13  22  14  57  15  41  16  38  17  10  18  19  19  72
  0  25  1  8  2  13  3  22  4  9  5  86  6  11  7  44  8  12  9  27  10  48  11  70  12  42  13  51  14  98  15  30  16  45  17  95  18  61  19  33
  0  6  1  81  2  44  3  30  4  94  5  96  6  58  7  19  8  98  9  67  10  50  11  64  12  58  13  16  14  47  15  47  16  13  17  12  18  83  19  64
  0  27  1  63  2  36  3  35  4  48  5  21  6  94  7  99  8  7  9  73  10  31  11  9  12  86  13  68  14  52  15  31  16  92  17  85  18  49  19  49
  0  23  1  41  2  78  3  96  4  3  5  8  6  33  7  72  8  48  9  70  10  94  11  31  12  65  13  61  14  72  15  35  16  93  17  40  18  68  19  15
  0  66  1  8  2  31  3  75  4  28  5  79  6  73  7  52  8  49  9  51  10  83  11  84  12  12  13  33  14  47  15  85  16  72  17  33  18  53  19  7
  0  9  1  19  2  63  3  37  4  24  5  94  6  60  7  75  8  52  9  57  10  5  11  80  12  92  13  32  14  72  15  74  16  69  17  93  18  43  19  51
  0  90  1  28  2  67  3  37  4  59  5  90  6  31  7  78  8  41  9  62  10  95  11  72  12  28  13  9  14  88  15  55  16  14  17  7  18  55  19  22
  0  85  1  68  2  12  3  36  4  19  5  4  6  65  7  53  8  87  9  87  10  71  11  69  12  62  13  19  14  54  15  74  16  44  17  6  18  26  19  56
  0  52  1  84  2  47  3  93  4  78  5  88  6  44  7  45  8  59  9  11  10  65  11  97  12  44  13  13  14  29  15  55  16  43  17  95  18  26  19  66
  0  99  1  30  2  45  3  31  4  21  5  98  6  54  7  24  8  38  9  16  10  58  11  32  12  9  13  11  14  97  15  7  16  69  17  1  18  80  19  46
  0  2  1  92  2  48  3  81  4  66  5  75  6  19  7  40  8  26  9  4  10  67  11  79  12  61  13  85  14  28  15  43  16  38  17  11  18  26  19  68
  0  99  1  4  2  79  3  52  4  78  5  71  6  38  7  53  8  52  9  81  10  25  11  81  12  92  13  5  14  14  15  14  16  82  17  86  18  70  19  30
  0  94  1  45  2  8  3  63  4  66  5  16  6  61  7  93  8  98  9  71  10  79  11  51  12  77  13  97  14  69  15  95  16  96  17  18  18  61  19  84
  0  16  1  66  2  80  3  57  4  1  5  73  6  25  7  88  8  9  9  22  10  1  11  95  12  38  13  55  14  64  15  96  16  49  17  76  18  62  19  57
  0  2  1  63  2  78  3  72  4  7  5  71  6  30  7  74  8  57  9  21  10  60  11  57  12  88  13  81  14  27  15  62  16  7  17  94  18  93  19  60
  0  52  1  4  2  54  3  39  4  11  5  90  6  58  7  67  8  81  9  19  10  24  11  87  12  62  13  44  14  37  15  88  16  17  17  43  18  95  19  33
  0  23  1  73  2  32  3  39  4  38  5  53  6  23  7  67  8  7  9  31  10  85  11  41  12  9  13  97  14  99  15  97  16  29  17  28  18  11  19  69
  0  76  1  89  2  16  3  23  4  8  5  37  6  20  7  17  8  20  9  77  10  23  11  49  12  18  13  85  14  73  15  3  16  69  17  98  18  1  19  29
  0  10  1  21  2  17  3  1  4  64  5  15  6  32  7  39  8  76  9  64  10  43  11  6  12  83  13  30  14  84  15  84  16  78  17  40  18  45  19  30
  0  23  1  83  2  95  3  32  4  32  5  90  6  82  7  30  8  29  9  34  10  70  11  82  12  41  13  69  14  56  15  65  16  91  17  14  18  76  19  66
  0  97  1  18  2  82  3  86  4  94  5  77  6  54  7  75  8  31  9  19  10  80  11  58  12  18  13  16  14  27  15  27  16  17  17  42  18  61  19  10
  0  1  1  67  2  19  3  48  4  36  5  53  6  22  7  21  8  53  9  96  10  81  11  13  12  4  13  25  14  53  15  31  16  36  17  64  18  25  19  83
  0  36  1  10  2  47  3  91  4  87  5  75  6  53  7  8  8  89  9  11  10  10  11  41  12  8  13  5  14  9  15  30  16  48  17  19  18  85  19  10
  0  2  1  10  2  23  3  46  4  67  5  44  6  84  7  64  8  78  9  19  10  71  11  76  12  75  13  20  14  17  15  76  16  5  17  7  18  38  19  83
  0  33  1  90  2  33  3  26  4  14  5  47  6  79  7  13  8  43  9  83  10  69  11  32  12  78  13  47  14  3  15  66  16  29  17  54  18  4  19  21
  0  28  1  63  2  48  3  7  4  49  5  26  6  12  7  18  8  28  9  1  10  73  11  96  12  90  13  96  14  35  15  80  16  21  17  89  18  47  19  65
  0  2  1  34  2  48  3  48  4  14  5  46  6  51  7  7  8  88  9  54  10  43  11  42  12  30  13  17  14  84  15  10  16  67  17  76  18  9  19  78
TPM
  0  3253  1  3253  2  3253  3  3253  4  3253  5  3253  6  3253  7  3253  8  3253  9  3253  10  3253  11  3253  12  3253  13  3253  14  3253  15  3253  16  3253  17  3253  18  3253  19  3253
PMT
  0  4  1  46  2  38  3  11  4  36  5  30  6  12  7  11  8  34  9  12  10  3  11  19  12  8  13  14  14  24  15  36  16  13  17  46  18  12  19  16
  0  7  1  31  2  18  3  39  4  35  5  46  6  42  7  2  8  29  9  43  10  17  11  38  12  41  13  32  14  45  15  32  16  26  17  19  18  3  19  41
  0  18  1  17  2  12  3  33  4  47  5  47  6  23  7  41  8  13  9  7  10  1  11  22  12  17  13  9  14  7  15  43  16  36  17  49  18  17  19  43
  0  30  1  24  2  32  3  46  4  41  5  22  6  43  7  33  8  33  9  1  10  45  11  47  12  22  13  2  14  23  15  34  16  31  17  15  18  34  19  3
  0  4  1  41  2  46  3  34  4  23  5  40  6  7  7  16  8  2  9  21  10  45  11  22  12  14  13  9  14  15  15  31  16  11  17  1  18  31  19  49
  0  8  1  24  2  45  3  3  4  24  5  6  6  48  7  20  8  25  9  3  10  1  11  17  12  29  13  11  14  18  15  37  16  3  17  15  18  35  19  42
  0  30  1  11  2  44  3  21  4  15  5  12  6  7  7  39  8  3  9  26  10  21  11  34  12  34  13  46  14  11  15  32  16  23  17  13  18  37  19  33
  0  7  1  29  2  35  3  8  4  27  5  47  6  45  7  29  8  18  9  33  10  14  11  16  12  43  13  15  14  21  15  15  16  24  17  33  18  23  19  46
  0  16  1  32  2  36  3  7  4  26  5  34  6  46  7  17  8  38  9  9  10  27  11  6  12  8  13  48  14  32  15  27  16  30  17  6  18  23  19  24
  0  12  1  6  2  11  3  28  4  33  5  30  6  20  7  18  8  39  9  7  10  6  11  7  12  41  13  20  14  16  15  2  16  30  17  17  18  11  19  40
  0  6  1  23  2  44  3  13  4  16  5  2  6  8  7  8  8  14  9  14  10  8  11  4  12  10  13  3  14  47  15  28  16  7  17  47  18  23  19  40
  0  17  1  3  2  24  3  5  4  17  5  18  6  13  7  23  8  25  9  31  10  14  11  38  12  33  13  37  14  3  15  20  16  28  17  13  18  7  19  10
  0  2  1  21  2  21  3  16  4  19  5  5  6  45  7  19  8  45  9  10  10  2  11  28  12  18  13  26  14  21  15  3  16  22  17  25  18  41  19  37
  0  23  1  26  2  14  3  5  4  46  5  26  6  6  7  32  8  48  9  41  10  45  11  21  12  8  13  3  14  47  15  24  16  30  17  3  18  27  19  6
  0  47  1  3  2  16  3  23  4  12  5  18  6  16  7  41  8  33  9  12  10  29  11  30  12  16  13  10  14  23  15  34  16  43  17  16  18  44  19  49
  0  37  1  34  2  22  3  13  4  42  5  3  6  33  7  10  8  13  9  46  10  17  11  47  12  31  13  14  14  12  15  6  16  25  17  2  18  5  19  41
