500  5
  0  37  1  98  2  55  3  52  4  47
  0  69  1  2  2  50  3  59  4  8
  0  32  1  94  2  28  3  68  4  80
  0  17  1  66  2  12  3  77  4  21
  0  27  1  92  2  89  3  37  4  39
  0  71  1  12  2  23  3  90  4  86
  0  35  1  57  2  38  3  12  4  62
  0  50  1  71  2  84  3  51  4  93
  0  94  1  69  2  90  3  11  4  70
  0  20  1  59  2  77  3  56  4  16
  0  17  1  21  2  34  3  19  4  16
  0  39  1  89  2  63  3  53  4  69
  0  14  1  70  2  78  3  16  4  33
  0  57  1  47  2  18  3  70  4  82
  0  74  1  97  2  15  3  42  4  27
  0  43  1  45  2  14  3  72  4  1
  0  24  1  13  2  54  3  91  4  80
  0  93  1  70  2  69  3  31  4  44
  0  82  1  82  2  4  3  17  4  74
  0  18  1  78  2  12  3  26  4  32
  0  57  1  21  2  98  3  94  4  13
  0  75  1  26  2  11  3  93  4  52
  0  61  1  82  2  82  3  62  4  33
  0  36  1  25  2  1  3  94  4  27
  0  89  1  24  2  88  3  89  4  23
  0  24  1  51  2  2  3  97  4  69
  0  19  1  75  2  85  3  55  4  30
  0  98  1  94  2  87  3  27  4  93
  0  49  1  80  2  94  3  51  4  12
  0  48  1  97  2  65  3  63  4  14
  0  7  1  91  2  3  3  83  4  10
  0  73  1  23  2  37  3  66  4  36
  0  76  1  48  2  46  3  38  4  48
  0  32  1  50  2  5  3  80  4  70
  0  19  1  28  2  31  3  90  4  65
  0  67  1  54  2  70  3  96  4  2
  0  35  1  7  2  4  3  26  4  24
  0  71  1  37  2  73  3  43  4  44
  0  3  1  24  2  63  3  85  4  31
  0  19  1  75  2  96  3  19  4  94
  0  6  1  85  2  44  3  9  4  50
  0  19  1  96  2  26  3  18  4  52
  0  75  1  70  2  14  3  44  4  55
  0  75  1  19  2  11  3  12  4  87
  0  14  1  79  2  69  3  1  4  73
  0  38  1  95  2  25  3  38  4  88
  0  69  1  28  2  20  3  62  4  95
  0  87  1  6  2  48  3  36  4  53
  0  72  1  35  2  85  3  9  4  17
  0  89  1  10  2  69  3  69  4  91
  0  29  1  73  2  53  3  24  4  3
  0  33  1  84  2  83  3  66  4  71
  0  46  1  42  2  13  3  51  4  83
  0  3  1  18  2  74  3  84  4  4
  0  57  1  8  2  53  3  82  4  77
  0  58  1  95  2  99  3  93  4  20
  0  70  1  75  2  33  3  45  4  69
  0  1  1  65  2  24  3  38  4  19
  0  70  1  78  2  47  3  88  4  39
  0  92  1  75  2  79  3  6  4  38
  0  64  1  61  2  61  3  82  4  59
  0  77  1  4  2  71  3  44  4  28
  0  7  1  20  2  29  3  94  4  20
  0  72  1  57  2  82  3  46  4  6
  0  41  1  63  2  36  3  78  4  30
  0  52  1  12  2  61  3  85  4  33
  0  8  1  4  2  11  3  36  4  76
  0  4  1  54  2  23  3  19  4  7
  0  95  1  23  2  28  3  47  4  69
  0  52  1  40  2  87  3  5  4  83
  0  61  1  45  2  63  3  56  4  93
  0  7  1  21  2  53  3  72  4  52
  0  19  1  77  2  24  3  54  4  80
  0  93  1  56  2  28  3  66  4  42
  0  79  1  32  2  20  3  26  4  11
  0  62  1  29  2  19  3  92  4  75
  0  84  1  64  2  53  3  42  4  39
  0  54  1  73  2  11  3  84  4  10
  0  39  1  41  2  95  3  93  4  4
  0  32  1  15  2  40  3  80  4  46
  0  84  1  79  2  41  3  20  4  28
  0  77  1  86  2  6  3  58  4  39
  0  29  1  83  2  61  3  32  4  91
  0  28  1  67  2  38  3  10  4  44
  0  27  1  31  2  5  3  87  4  47
  0  35  1  49  2  37  3  50  4  32
  0  58  1  81  2  65  3  1  4  63
  0  53  1  68  2  12  3  63  4  6
  0  22  1  24  2  51  3  14  4  87
  0  38  1  70  2  68  3  9  4  7
  0  37  1  67  2  91  3  25  4  41
  0  33  1  21  2  26  3  16  4  24
  0  7  1  67  2  23  3  91  4  28
  0  87  1  8  2  23  3  30  4  57
  0  25  1  68  2  1  3  59  4  16
  0  27  1  6  2  79  3  13  4  61
  0  91  1  80  2  91  3  49  4  60
  0  93  1  96  2  3  3  79  4  59
  0  9  1  9  2  96  3  90  4  33
  0  65  1  56  2  47  3  36  4  27
  0  41  1  38  2  32  3  86  4  85
  0  97  1  29  2  43  3  46  4  97
  0  66  1  36  2  6  3  98  4  13
  0  66  1  57  2  33  3  93  4  4
  0  96  1  98  2  83  3  64  4  21
  0  92  1  77  2  24  3  97  4  5
  0  12  1  70  2  66  3  75  4  22
  0  34  1  85  2  62  3  47  4  36
  0  30  1  81  2  8  3  58  4  6
  0  21  1  37  2  5  3  41  4  37
  0  33  1  26  2  63  3  78  4  50
  0  20  1  68  2  7  3  68  4  22
  0  64  1  5  2  99  3  67  4  13
  0  84  1  9  2  66  3  22  4  49
  0  79  1  43  2  64  3  63  4  37
  0  22  1  11  2  30  3  8  4  56
  0  14  1  93  2  92  3  43  4  81
  0  4  1  68  2  65  3  18  4  16
  0  47  1  49  2  31  3  13  4  66
  0  39  1  24  2  74  3  83  4  23
  0  29  1  22  2  88  3  54  4  48
  0  21  1  84  2  56  3  2  4  26
  0  67  1  22  2  13  3  85  4  26
  0  12  1  68  2  48  3  49  4  46
  0  37  1  43  2  79  3  24  4  37
  0  17  1  81  2  15  3  84  4  53
  0  12  1  28  2  57  3  16  4  86
  0  20  1  69  2  77  3  3  4  25
  0  28  1  29  2  58  3  8  4  18
  0  90  1  63  2  70  3  57  4  58
  0  57  1  65  2  82  3  62  4  58
  0  99  1  87  2  22  3  14  4  32
  0  16  1  20  2  37  3  85  4  70
  0  36  1  36  2  49  3  4  4  3
  0  75  1  22  2  97  3  82  4  28
  0  32  1  46  2  84  3  12  4  40
  0  91  1  49  2  7  3  85  4  99
  0  87  1  4  2  64  3  50  4  54
  0  36  1  35  2  81  3  72  4  81
  0  84  1  46  2  58  3  54  4  6
  0  17  1  10  2  9  3  73  4  87
  0  48  1  23  2  18  3  52  4  35
  0  53  1  26  2  33  3  6  4  63
  0  25  1  25  2  82  3  62  4  34
  0  55  1  63  2  19  3  76  4  81
  0  3  1  40  2  94  3  74  4  29
  0  8  1  14  2  62  3  59  4  38
  0  41  1  37  2  7  3  91  4  96
  0  34  1  7  2  50  3  14  4  54
  0  84  1  46  2  62  3  80  4  53
  0  6  1  62  2  1  3  14  4  39
  0  18  1  56  2  97  3  85  4  69
  0  63  1  64  2  16  3  54  4  84
  0  55  1  25  2  17  3  47  4  62
  0  85  1  7  2  24  3  60  4  36
  0  76  1  43  2  13  3  24  4  32
  0  80  1  52  2  35  3  34  4  46
  0  95  1  72  2  26  3  83  4  39
  0  69  1  47  2  31  3  50  4  47
  0  67  1  16  2  47  3  56  4  28
  0  85  1  38  2  55  3  96  4  96
  0  50  1  27  2  63  3  2  4  86
  0  19  1  27  2  26  3  76  4  75
  0  65  1  15  2  16  3  96  4  77
  0  82  1  5  2  17  3  45  4  12
  0  43  1  25  2  48  3  76  4  31
  0  46  1  32  2  84  3  75  4  56
  0  22  1  63  2  26  3  10  4  13
  0  45  1  72  2  2  3  98  4  9
  0  70  1  79  2  6  3  95  4  3
  0  89  1  56  2  10  3  68  4  31
  0  66  1  54  2  72  3  23  4  52
  0  78  1  47  2  36  3  22  4  38
  0  39  1  41  2  44  3  77  4  35
  0  53  1  43  2  5  3  8  4  97
  0  54  1  8  2  22  3  26  4  40
  0  40  1  5  2  34  3  55  4  61
  0  98  1  91  2  94  3  19  4  33
  0  64  1  91  2  22  3  82  4  93
  0  20  1  7  2  13  3  68  4  34
  0  29  1  18  2  97  3  54  4  23
  0  2  1  83  2  60  3  94  4  64
  0  20  1  83  2  65  3  91  4  12
  0  72  1  73  2  59  3  54  4  99
  0  83  1  93  2  28  3  37  4  94
  0  67  1  12  2  85  3  12  4  1
  0  94  1  70  2  48  3  11  4  64
  0  30  1  59  2  31  3  84  4  42
  0  26  1  76  2  95  3  83  4  52
  0  52  1  6  2  15  3  19  4  8
  0  52  1  31  2  38  3  93  4  40
  0  16  1  74  2  78  3  12  4  7
  0  43  1  27  2  81  3  40  4  3
  0  45  1  49  2  40  3  85  4  43
  0  81  1  81  2  49  3  82  4  10
  0  23  1  43  2  96  3  3  4  99
  0  12  1  99  2  93  3  21  4  85
  0  39  1  81  2  15  3  28  4  38
  0  40  1  8  2  50  3  37  4  88
  0  36  1  1  2  48  3  23  4  31
  0  86  1  58  2  4  3  17  4  1
  0  53  1  49  2  15  3  48  4  53
  0  89  1  48  2  6  3  85  4  65
  0  87  1  45  2  11  3  83  4  77
  0  12  1  13  2  71  3  43  4  50
  0  95  1  80  2  61  3  90  4  42
  0  36  1  37  2  65  3  64  4  33
  0  47  1  6  2  2  3  25  4  7
  0  40  1  74  2  55  3  92  4  90
  0  8  1  29  2  28  3  48  4  57
  0  28  1  5  2  71  3  16  4  5
  0  3  1  21  2  87  3  20  4  24
  0  56  1  45  2  13  3  74  4  34
  0  21  1  4  2  27  3  80  4  88
  0  75  1  78  2  54  3  30  4  88
  0  70  1  97  2  9  3  24  4  26
  0  42  1  97  2  50  3  56  4  39
  0  5  1  66  2  6  3  7  4  19
  0  73  1  43  2  25  3  69  4  57
  0  39  1  21  2  58  3  2  4  70
  0  27  1  21  2  66  3  43  4  92
  0  10  1  82  2  28  3  95  4  24
  0  64  1  44  2  86  3  22  4  35
  0  49  1  40  2  82  3  12  4  8
  0  16  1  15  2  10  3  44  4  58
  0  23  1  46  2  13  3  70  4  74
  0  62  1  47  2  38  3  47  4  88
  0  45  1  18  2  26  3  30  4  20
  0  94  1  83  2  44  3  31  4  57
  0  89  1  21  2  59  3  84  4  98
  0  19  1  95  2  20  3  24  4  96
  0  58  1  62  2  10  3  36  4  60
  0  37  1  41  2  73  3  87  4  95
  0  65  1  60  2  63  3  61  4  9
  0  27  1  8  2  41  3  14  4  30
  0  16  1  42  2  31  3  96  4  17
  0  75  1  45  2  94  3  88  4  54
  0  11  1  5  2  29  3  77  4  29
  0  58  1  28  2  92  3  98  4  76
  0  77  1  70  2  17  3  27  4  9
  0  15  1  12  2  68  3  62  4  23
  0  36  1  68  2  13  3  42  4  47
  0  3  1  15  2  3  3  62  4  73
  0  38  1  19  2  63  3  7  4  3
  0  85  1  74  2  21  3  44  4  21
  0  57  1  62  2  61  3  22  4  86
  0  59  1  26  2  35  3  7  4  53
  0  61  1  65  2  67  3  80  4  18
  0  76  1  9  2  31  3  1  4  45
  0  35  1  13  2  31  3  77  4  88
  0  77  1  38  2  7  3  36  4  10
  0  22  1  22  2  97  3  72  4  42
  0  1  1  9  2  55  3  90  4  43
  0  85  1  80  2  88  3  34  4  21
  0  64  1  9  2  75  3  57  4  26
  0  81  1  71  2  91  3  98  4  85
  0  59  1  15  2  90  3  97  4  1
  0  97  1  85  2  56  3  7  4  72
  0  4  1  78  2  43  3  59  4  39
  0  12  1  24  2  60  3  52  4  40
  0  31  1  3  2  94  3  47  4  82
  0  4  1  82  2  20  3  40  4  8
  0  46  1  51  2  54  3  87  4  24
  0  55  1  65  2  41  3  86  4  26
  0  4  1  3  2  1  3  89  4  75
  0  62  1  62  2  33  3  27  4  65
  0  69  1  14  2  2  3  16  4  23
  0  76  1  57  2  31  3  48  4  38
  0  95  1  4  2  92  3  12  4  21
  0  78  1  55  2  89  3  40  4  40
  0  28  1  89  2  53  3  79  4  61
  0  50  1  16  2  84  3  2  4  29
  0  65  1  53  2  39  3  21  4  27
  0  58  1  77  2  26  3  72  4  89
  0  20  1  16  2  74  3  45  4  4
  0  85  1  78  2  72  3  65  4  88
  0  99  1  65  2  99  3  91  4  10
  0  67  1  35  2  95  3  69  4  39
  0  61  1  8  2  16  3  97  4  64
  0  78  1  28  2  25  3  63  4  4
  0  16  1  4  2  49  3  90  4  3
  0  44  1  73  2  21  3  11  4  81
  0  36  1  49  2  60  3  84  4  71
  0  59  1  43  2  96  3  23  4  15
  0  29  1  85  2  72  3  11  4  20
  0  92  1  54  2  9  3  65  4  2
  0  59  1  4  2  87  3  65  4  36
  0  58  1  92  2  55  3  19  4  98
  0  66  1  32  2  50  3  74  4  77
  0  58  1  85  2  1  3  36  4  72
  0  76  1  59  2  77  3  28  4  91
  0  10  1  83  2  53  3  17  4  46
  0  39  1  75  2  25  3  1  4  4
  0  38  1  35  2  71  3  47  4  80
  0  86  1  36  2  57  3  76  4  92
  0  74  1  44  2  42  3  64  4  8
  0  84  1  66  2  99  3  34  4  89
  0  14  1  4  2  12  3  74  4  13
  0  63  1  30  2  85  3  24  4  93
  0  53  1  92  2  55  3  50  4  40
  0  59  1  67  2  48  3  79  4  61
  0  81  1  50  2  69  3  93  4  89
  0  4  1  56  2  3  3  23  4  49
  0  5  1  24  2  40  3  18  4  57
  0  29  1  27  2  6  3  8  4  83
  0  23  1  76  2  2  3  97  4  20
  0  38  1  34  2  8  3  9  4  3
  0  11  1  18  2  39  3  9  4  85
  0  97  1  46  2  79  3  3  4  13
  0  55  1  30  2  93  3  33  4  45
  0  72  1  18  2  42  3  71  4  57
  0  36  1  50  2  40  3  60  4  71
  0  76  1  7  2  6  3  79  4  65
  0  40  1  74  2  41  3  31  4  59
  0  60  1  57  2  67  3  57  4  41
  0  87  1  56  2  48  3  3  4  82
  0  56  1  15  2  29  3  96  4  76
  0  41  1  34  2  78  3  39  4  43
  0  10  1  67  2  99  3  60  4  13
  0  60  1  89  2  46  3  17  4  19
  0  71  1  72  2  94  3  29  4  53
  0  58  1  16  2  34  3  84  4  56
  0  75  1  8  2  21  3  79  4  78
  0  33  1  57  2  51  3  51  4  7
  0  46  1  91  2  64  3  81  4  54
  0  94  1  71  2  20  3  28  4  54
  0  7  1  23  2  69  3  30  4  4
  0  49  1  44  2  83  3  8  4  48
  0  67  1  4  2  12  3  65  4  46
  0  15  1  38  2  97  3  75  4  39
  0  29  1  98  2  6  3  42  4  42
  0  84  1  38  2  95  3  42  4  56
  0  19  1  37  2  49  3  63  4  23
  0  4  1  82  2  76  3  68  4  61
  0  96  1  19  2  84  3  86  4  25
  0  11  1  38  2  42  3  50  4  91
  0  83  1  61  2  86  3  43  4  89
  0  44  1  35  2  32  3  66  4  18
  0  40  1  29  2  88  3  16  4  76
  0  86  1  93  2  83  3  27  4  76
  0  92  1  16  2  40  3  19  4  32
  0  69  1  78  2  55  3  91  4  28
  0  84  1  53  2  99  3  93  4  45
  0  34  1  9  2  46  3  15  4  62
  0  64  1  86  2  31  3  52  4  51
  0  52  1  45  2  69  3  5  4  82
  0  33  1  24  2  23  3  66  4  71
  0  1  1  20  2  89  3  88  4  67
  0  92  1  82  2  38  3  51  4  7
  0  33  1  28  2  73  3  16  4  88
  0  27  1  95  2  76  3  98  4  32
  0  1  1  12  2  56  3  41  4  22
  0  46  1  34  2  2  3  99  4  7
  0  26  1  98  2  2  3  72  4  51
  0  25  1  74  2  16  3  65  4  32
  0  85  1  49  2  98  3  59  4  73
  0  99  1  10  2  95  3  36  4  56
  0  20  1  11  2  5  3  65  4  83
  0  75  1  88  2  70  3  88  4  31
  0  92  1  26  2  7  3  11  4  43
  0  26  1  31  2  6  3  63  4  22
  0  77  1  18  2  92  3  37  4  27
  0  65  1  51  2  89  3  41  4  20
  0  69  1  74  2  86  3  89  4  53
  0  91  1  33  2  84  3  43  4  94
  0  20  1  24  2  2  3  6  4  12
  0  70  1  28  2  33  3  77  4  3
  0  74  1  65  2  67  3  70  4  38
  0  46  1  75  2  74  3  32  4  53
  0  11  1  76  2  66  3  15  4  6
  0  39  1  92  2  64  3  50  4  34
  0  95  1  1  2  22  3  84  4  30
  0  9  1  42  2  16  3  41  4  60
  0  6  1  38  2  10  3  85  4  26
  0  92  1  24  2  14  3  24  4  16
  0  52  1  98  2  42  3  18  4  78
  0  76  1  55  2  82  3  29  4  42
  0  27  1  14  2  87  3  33  4  7
  0  17  1  91  2  36  3  94  4  64
  0  50  1  85  2  4  3  86  4  28
  0  13  1  94  2  13  3  81  4  42
  0  70  1  19  2  51  3  70  4  53
  0  74  1  40  2  69  3  82  4  94
  0  24  1  77  2  97  3  42  4  93
  0  2  1  9  2  28  3  7  4  28
  0  59  1  8  2  9  3  6  4  29
  0  72  1  45  2  67  3  54  4  87
  0  77  1  96  2  33  3  19  4  80
  0  55  1  58  2  51  3  68  4  20
  0  5  1  3  2  97  3  7  4  45
  0  62  1  20  2  78  3  83  4  27
  0  5  1  65  2  22  3  17  4  49
  0  26  1  10  2  75  3  35  4  56
  0  36  1  98  2  10  3  9  4  52
  0  46  1  95  2  77  3  65  4  32
  0  65  1  69  2  10  3  84  4  28
  0  58  1  94  2  44  3  7  4  3
  0  4  1  22  2  20  3  66  4  65
  0  36  1  88  2  71  3  45  4  23
  0  31  1  77  2  12  3  54  4  10
  0  73  1  87  2  39  3  62  4  99
  0  79  1  74  2  14  3  71  4  56
  0  70  1  51  2  49  3  19  4  86
  0  27  1  74  2  64  3  25  4  97
  0  88  1  66  2  88  3  28  4  75
  0  2  1  94  2  21  3  18  4  4
  0  91  1  43  2  47  3  18  4  34
  0  54  1  25  2  1  3  15  4  79
  0  94  1  73  2  41  3  61  4  85
  0  34  1  11  2  87  3  60  4  80
  0  49  1  89  2  29  3  96  4  74
  0  48  1  90  2  20  3  25  4  54
  0  52  1  74  2  70  3  5  4  54
  0  45  1  69  2  52  3  93  4  23
  0  66  1  12  2  21  3  60  4  29
  0  9  1  62  2  4  3  69  4  25
  0  88  1  88  2  9  3  55  4  25
  0  24  1  67  2  16  3  79  4  9
  0  95  1  35  2  46  3  36  4  80
  0  26  1  80  2  88  3  85  4  44
  0  87  1  37  2  17  3  42  4  46
  0  86  1  19  2  5  3  64  4  36
  0  38  1  11  2  54  3  43  4  20
  0  63  1  50  2  12  3  20  4  78
  0  22  1  47  2  42  3  27  4  51
  0  43  1  36  2  69  3  77  4  88
  0  24  1  26  2  26  3  28  4  33
  0  85  1  81  2  90  3  47  4  14
  0  62  1  83  2  20  3  50  4  13
  0  21  1  99  2  86  3  19  4  18
  0  61  1  67  2  10  3  85  4  51
  0  50  1  12  2  95  3  79  4  29
  0  58  1  8  2  28  3  4  4  67
  0  78  1  54  2  39  3  51  4  83
  0  99  1  62  2  21  3  44  4  44
  0  78  1  88  2  18  3  67  4  11
  0  85  1  95  2  96  3  96  4  49
  0  44  1  61  2  85  3  59  4  41
  0  78  1  35  2  4  3  27  4  43
  0  87  1  9  2  62  3  2  4  83
  0  93  1  45  2  18  3  34  4  90
  0  62  1  69  2  66  3  66  4  50
  0  44  1  26  2  40  3  94  4  8
  0  62  1  61  2  12  3  62  4  68
  0  15  1  70  2  27  3  46  4  54
  0  48  1  16  2  98  3  88  4  52
  0  69  1  80  2  62  3  27  4  89
  0  67  1  12  2  28  3  76  4  17
  0  96  1  55  2  52  3  31  4  17
  0  58  1  53  2  43  3  80  4  52
  0  94  1  92  2  87  3  20  4  48
  0  59  1  19  2  93  3  92  4  64
  0  81  1  16  2  30  3  77  4  23
  0  48  1  60  2  62  3  14  4  73
  0  75  1  64  2  91  3  91  4  15
  0  32  1  83  2  27  3  67  4  3
  0  56  1  93  2  53  3  12  4  75
  0  73  1  88  2  98  3  68  4  5
  0  25  1  20  2  4  3  14  4  30
  0  2  1  56  2  2  3  21  4  73
  0  14  1  80  2  4  3  76  4  31
  0  34  1  57  2  43  3  51  4  35
  0  62  1  86  2  50  3  40  4  80
  0  36  1  68  2  55  3  23  4  25
  0  36  1  45  2  63  3  9  4  7
  0  5  1  94  2  66  3  58  4  48
  0  18  1  17  2  22  3  73  4  23
  0  54  1  56  2  83  3  8  4  87
  0  67  1  12  2  26  3  21  4  39
  0  61  1  74  2  32  3  43  4  41
  0  51  1  30  2  23  3  97  4  60
  0  82  1  86  2  40  3  26  4  64
  0  36  1  20  2  47  3  63  4  32
  0  22  1  22  2  33  3  73  4  56
  0  93  1  94  2  21  3  83  4  23
  0  17  1  15  2  99  3  80  4  26
  0  64  1  47  2  3  3  39  4  91
  0  65  1  70  2  98  3  73  4  69
  0  2  1  72  2  14  3  20  4  59
  0  42  1  32  2  42  3  17  4  77
  0  53  1  90  2  45  3  3  4  37
  0  71  1  94  2  68  3  82  4  67
  0  1  1  2  2  88  3  38  4  31
  0  10  1  69  2  72  3  49  4  25
  0  39  1  35  2  76  3  51  4  28
  0  18  1  52  2  41  3  94  4  94
  0  50  1  88  2  29  3  47  4  93
  0  57  1  82  2  90  3  58  4  51
  0  60  1  48  2  83  3  1  4  60
  0  21  1  16  2  33  3  47  4  63
  0  54  1  36  2  93  3  76  4  80
  0  44  1  31  2  59  3  78  4  5
  0  85  1  87  2  91  3  96  4  1
  0  3  1  73  2  11  3  61  4  53
  0  9  1  25  2  81  3  94  4  31
  0  22  1  11  2  50  3  64  4  33
  0  79  1  1  2  45  3  14  4  86
  0  27  1  23  2  75  3  85  4  57
  0  40  1  38  2  56  3  70  4  35
  0  68  1  29  2  59  3  18  4  26
TPM
  0  3253  1  3253  2  3253  3  3253  4  3253
PMT
  0  5  1  16  2  4  3  8  4  23
  0  8  1  24  2  6  3  16  4  7
  0  3  1  16  2  22  3  17  4  20
  0  12  1  2  2  4  3  21  4  14
  0  18  1  23  2  23  3  24  4  12
  0  10  1  1  2  1  3  10  4  9
  0  16  1  18  2  9  3  7  4  7
  0  24  1  14  2  12  3  23  4  4
  0  8  1  23  2  5  3  5  4  14
  0  19  1  7  2  10  3  19  4  17
  0  8  1  18  2  21  3  6  4  11
  0  3  1  23  2  10  3  12  4  6
  0  7  1  17  2  12  3  6  4  9
  0  10  1  17  2  7  3  12  4  3
  0  17  1  19  2  4  3  10  4  17
  0  5  1  7  2  11  3  10  4  22
