50  15
  0  12  1  16  2  38  3  26  4  19  5  74  6  82  7  18  8  55  9  74  10  35  11  39  12  4  13  67  14  95
  0  15  1  82  2  35  3  35  4  62  5  56  6  29  7  21  8  23  9  54  10  28  11  41  12  31  13  38  14  26
  0  10  1  14  2  75  3  92  4  97  5  10  6  27  7  63  8  24  9  30  10  52  11  42  12  29  13  12  14  80
  0  36  1  64  2  47  3  21  4  42  5  19  6  62  7  86  8  75  9  38  10  1  11  70  12  87  13  12  14  30
  0  98  1  16  2  52  3  65  4  37  5  91  6  53  7  5  8  45  9  53  10  43  11  88  12  82  13  79  14  51
  0  44  1  27  2  21  3  36  4  83  5  55  6  90  7  81  8  58  9  90  10  64  11  30  12  79  13  30  14  78
  0  15  1  71  2  86  3  30  4  22  5  21  6  32  7  30  8  79  9  22  10  7  11  51  12  61  13  36  14  39
  0  78  1  53  2  29  3  2  4  48  5  26  6  45  7  70  8  33  9  88  10  17  11  87  12  27  13  45  14  43
  0  46  1  6  2  66  3  81  4  21  5  93  6  41  7  19  8  40  9  51  10  83  11  32  12  64  13  65  14  5
  0  50  1  8  2  9  3  70  4  76  5  33  6  95  7  9  8  40  9  94  10  54  11  40  12  67  13  17  14  97
  0  42  1  16  2  28  3  53  4  68  5  99  6  89  7  84  8  85  9  86  10  89  11  27  12  6  13  74  14  94
  0  5  1  12  2  51  3  70  4  17  5  19  6  8  7  19  8  91  9  16  10  63  11  3  12  62  13  66  14  5
  0  37  1  12  2  85  3  62  4  80  5  79  6  4  7  80  8  50  9  34  10  93  11  42  12  52  13  53  14  18
  0  49  1  91  2  81  3  25  4  95  5  3  6  24  7  98  8  59  9  28  10  16  11  37  12  5  13  14  14  91
  0  32  1  87  2  30  3  8  4  48  5  83  6  3  7  21  8  39  9  92  10  32  11  21  12  56  13  89  14  44
  0  54  1  27  2  24  3  69  4  8  5  97  6  82  7  78  8  30  9  91  10  80  11  98  12  3  13  21  14  37
  0  93  1  5  2  34  3  38  4  93  5  22  6  11  7  22  8  89  9  88  10  22  11  18  12  34  13  79  14  28
  0  26  1  29  2  80  3  70  4  26  5  65  6  98  7  88  8  46  9  65  10  10  11  63  12  37  13  40  14  33
  0  72  1  26  2  51  3  90  4  3  5  43  6  50  7  95  8  62  9  57  10  31  11  72  12  85  13  53  14  26
  0  94  1  15  2  34  3  14  4  8  5  20  6  50  7  33  8  70  9  65  10  61  11  25  12  16  13  63  14  6
  0  33  1  44  2  53  3  24  4  42  5  63  6  99  7  53  8  39  9  71  10  98  11  10  12  14  13  37  14  44
  0  8  1  48  2  1  3  86  4  87  5  52  6  39  7  78  8  53  9  49  10  39  11  3  12  44  13  16  14  77
  0  21  1  81  2  26  3  21  4  87  5  75  6  68  7  64  8  21  9  83  10  23  11  91  12  25  13  38  14  18
  0  25  1  94  2  8  3  9  4  86  5  67  6  48  7  43  8  6  9  84  10  58  11  12  12  25  13  85  14  46
  0  92  1  99  2  50  3  68  4  40  5  3  6  51  7  12  8  74  9  63  10  94  11  13  12  82  13  2  14  52
  0  40  1  20  2  54  3  18  4  89  5  88  6  90  7  39  8  67  9  29  10  63  11  7  12  50  13  35  14  48
  0  4  1  60  2  4  3  63  4  48  5  87  6  65  7  79  8  82  9  53  10  53  11  54  12  81  13  83  14  19
  0  47  1  1  2  52  3  90  4  20  5  76  6  9  7  39  8  4  9  44  10  85  11  99  12  95  13  48  14  79
  0  56  1  32  2  56  3  17  4  92  5  28  6  94  7  74  8  62  9  92  10  75  11  9  12  41  13  57  14  76
  0  3  1  56  2  77  3  98  4  50  5  98  6  94  7  17  8  29  9  81  10  68  11  78  12  33  13  90  14  11
  0  43  1  59  2  34  3  99  4  49  5  87  6  99  7  28  8  51  9  77  10  62  11  35  12  81  13  79  14  20
  0  22  1  5  2  41  3  35  4  42  5  81  6  49  7  4  8  26  9  66  10  33  11  6  12  76  13  1  14  26
  0  80  1  46  2  61  3  68  4  45  5  75  6  96  7  82  8  58  9  75  10  63  11  60  12  66  13  50  14  13
  0  51  1  17  2  22  3  27  4  35  5  19  6  90  7  91  8  4  9  65  10  39  11  38  12  16  13  73  14  75
  0  23  1  74  2  93  3  63  4  2  5  49  6  88  7  88  8  22  9  48  10  1  11  57  12  58  13  97  14  47
  0  35  1  35  2  3  3  6  4  57  5  35  6  81  7  90  8  77  9  80  10  6  11  35  12  35  13  25  14  84
  0  18  1  62  2  18  3  73  4  2  5  53  6  99  7  7  8  80  9  65  10  55  11  73  12  51  13  39  14  47
  0  81  1  46  2  37  3  75  4  98  5  3  6  57  7  54  8  45  9  53  10  55  11  7  12  88  13  61  14  90
  0  6  1  63  2  40  3  83  4  16  5  9  6  19  7  30  8  20  9  12  10  60  11  37  12  33  13  83  14  30
  0  61  1  24  2  17  3  75  4  56  5  17  6  94  7  72  8  74  9  43  10  53  11  31  12  81  13  38  14  23
  0  87  1  62  2  38  3  88  4  13  5  40  6  3  7  55  8  9  9  36  10  64  11  97  12  87  13  35  14  2
  0  46  1  54  2  43  3  64  4  24  5  18  6  42  7  2  8  36  9  23  10  90  11  90  12  96  13  67  14  13
  0  49  1  18  2  53  3  80  4  66  5  12  6  79  7  84  8  24  9  76  10  74  11  41  12  63  13  64  14  41
  0  92  1  15  2  65  3  34  4  76  5  27  6  34  7  27  8  97  9  27  10  54  11  8  12  12  13  23  14  30
  0  28  1  9  2  21  3  25  4  90  5  52  6  15  7  98  8  52  9  18  10  83  11  26  12  69  13  41  14  81
  0  73  1  19  2  44  3  34  4  84  5  77  6  35  7  54  8  94  9  25  10  76  11  52  12  72  13  28  14  73
  0  93  1  74  2  95  3  29  4  44  5  30  6  31  7  61  8  93  9  27  10  15  11  96  12  42  13  45  14  90
  0  57  1  19  2  52  3  43  4  27  5  28  6  86  7  85  8  64  9  72  10  67  11  7  12  84  13  89  14  3
  0  26  1  34  2  93  3  12  4  75  5  35  6  18  7  63  8  97  9  69  10  92  11  91  12  21  13  26  14  19
  0  64  1  79  2  38  3  4  4  89  5  52  6  77  7  72  8  94  9  56  10  89  11  86  12  28  13  35  14  78
TPM
  0  813  1  813  2  813  3  813  4  813  5  813  6  813  7  813  8  813  9  813  10  813  11  813  12  813  13  813  14  813
PMT
  0  4  1  11  2  23  3  20  4  11  5  22  6  23  7  23  8  11  9  22  10  3  11  4  12  21  13  24  14  23
  0  16  1  22  2  2  3  6  4  15  5  24  6  10  7  2  8  9  9  13  10  17  11  20  12  3  13  22  14  16
  0  11  1  17  2  13  3  22  4  16  5  8  6  1  7  6  8  23  9  16  10  11  11  4  12  21  13  3  14  8
  0  17  1  8  2  6  3  21  4  18  5  14  6  6  7  2  8  6  9  22  10  11  11  16  12  2  13  12  14  1
  0  13  1  20  2  10  3  3  4  24  5  4  6  5  7  5  8  13  9  20  10  12  11  6  12  8  13  20  14  8
  0  11  1  16  2  10  3  23  4  14  5  2  6  18  7  14  8  14  9  12  10  6  11  24  12  11  13  1  14  13
  0  11  1  6  2  7  3  24  4  23  5  5  6  23  7  21  8  21  9  4  10  4  11  3  12  9  13  7  14  10
