50  15
  0  47  1  38  2  23  3  37  4  37  5  83  6  81  7  48  8  36  9  70  10  93  11  84  12  61  13  8  14  43
  0  93  1  9  2  12  3  67  4  69  5  33  6  47  7  20  8  35  9  28  10  68  11  48  12  44  13  11  14  83
  0  74  1  74  2  54  3  50  4  72  5  98  6  17  7  89  8  64  9  59  10  68  11  56  12  80  13  75  14  22
  0  17  1  67  2  68  3  91  4  9  5  30  6  73  7  58  8  7  9  45  10  81  11  18  12  97  13  75  14  28
  0  22  1  40  2  79  3  21  4  52  5  75  6  99  7  74  8  89  9  10  10  56  11  86  12  55  13  72  14  3
  0  91  1  45  2  34  3  6  4  61  5  90  6  42  7  49  8  32  9  1  10  91  11  2  12  4  13  81  14  48
  0  66  1  20  2  34  3  94  4  19  5  22  6  73  7  69  8  4  9  49  10  29  11  93  12  38  13  24  14  5
  0  46  1  45  2  44  3  23  4  5  5  18  6  57  7  77  8  56  9  82  10  16  11  58  12  79  13  16  14  20
  0  41  1  15  2  38  3  92  4  41  5  97  6  69  7  62  8  78  9  14  10  49  11  31  12  8  13  97  14  29
  0  62  1  2  2  91  3  7  4  13  5  98  6  31  7  53  8  89  9  50  10  28  11  50  12  19  13  31  14  56
  0  53  1  42  2  93  3  77  4  20  5  85  6  86  7  54  8  2  9  71  10  53  11  30  12  63  13  47  14  2
  0  86  1  90  2  85  3  8  4  3  5  99  6  49  7  65  8  73  9  49  10  35  11  32  12  66  13  38  14  52
  0  19  1  15  2  16  3  76  4  16  5  96  6  58  7  12  8  65  9  28  10  71  11  24  12  9  13  66  14  39
  0  47  1  87  2  31  3  20  4  73  5  61  6  57  7  50  8  75  9  70  10  50  11  33  12  16  13  75  14  13
  0  94  1  49  2  25  3  56  4  49  5  28  6  57  7  18  8  11  9  53  10  24  11  41  12  27  13  41  14  86
  0  8  1  33  2  96  3  44  4  13  5  55  6  3  7  76  8  17  9  1  10  84  11  12  12  36  13  21  14  2
  0  56  1  44  2  33  3  64  4  54  5  90  6  34  7  92  8  47  9  66  10  51  11  60  12  61  13  73  14  3
  0  88  1  51  2  71  3  64  4  85  5  51  6  19  7  72  8  42  9  45  10  24  11  6  12  37  13  37  14  64
  0  19  1  5  2  80  3  67  4  31  5  70  6  12  7  34  8  91  9  65  10  88  11  54  12  65  13  57  14  28
  0  61  1  23  2  77  3  94  4  6  5  17  6  23  7  89  8  45  9  88  10  60  11  34  12  5  13  34  14  66
  0  48  1  27  2  19  3  82  4  77  5  23  6  29  7  61  8  6  9  10  10  81  11  33  12  64  13  72  14  56
  0  36  1  25  2  2  3  3  4  62  5  37  6  92  7  40  8  37  9  44  10  95  11  56  12  16  13  87  14  69
  0  68  1  75  2  97  3  73  4  7  5  41  6  5  7  85  8  33  9  52  10  45  11  52  12  5  13  81  14  30
  0  97  1  37  2  59  3  6  4  47  5  44  6  47  7  23  8  47  9  46  10  77  11  98  12  80  13  71  14  67
  0  28  1  10  2  7  3  38  4  88  5  11  6  53  7  29  8  46  9  61  10  13  11  76  12  39  13  99  14  98
  0  89  1  22  2  86  3  38  4  62  5  74  6  8  7  40  8  77  9  26  10  19  11  11  12  15  13  39  14  19
  0  66  1  66  2  51  3  99  4  59  5  97  6  76  7  3  8  21  9  40  10  12  11  88  12  2  13  89  14  2
  0  2  1  41  2  32  3  48  4  82  5  3  6  47  7  86  8  53  9  69  10  45  11  42  12  85  13  75  14  39
  0  54  1  39  2  13  3  60  4  32  5  97  6  52  7  67  8  68  9  73  10  58  11  15  12  39  13  39  14  96
  0  67  1  44  2  14  3  47  4  78  5  98  6  8  7  87  8  88  9  52  10  9  11  4  12  88  13  98  14  62
  0  45  1  59  2  33  3  74  4  22  5  90  6  21  7  43  8  25  9  32  10  24  11  2  12  7  13  39  14  90
  0  20  1  59  2  4  3  84  4  98  5  74  6  93  7  36  8  70  9  63  10  31  11  28  12  59  13  2  14  90
  0  47  1  95  2  86  3  8  4  66  5  67  6  44  7  96  8  45  9  60  10  30  11  46  12  52  13  26  14  94
  0  42  1  57  2  66  3  17  4  17  5  38  6  29  7  16  8  39  9  1  10  59  11  18  12  88  13  27  14  48
  0  12  1  79  2  64  3  64  4  34  5  35  6  47  7  69  8  67  9  11  10  8  11  54  12  35  13  34  14  16
  0  44  1  39  2  99  3  56  4  49  5  56  6  41  7  23  8  82  9  7  10  70  11  10  12  46  13  48  14  46
  0  11  1  73  2  70  3  28  4  57  5  79  6  83  7  12  8  69  9  37  10  21  11  62  12  89  13  14  14  22
  0  91  1  27  2  8  3  47  4  34  5  29  6  73  7  34  8  34  9  59  10  47  11  18  12  39  13  57  14  87
  0  69  1  60  2  93  3  93  4  5  5  55  6  56  7  85  8  95  9  30  10  28  11  38  12  71  13  75  14  47
  0  12  1  86  2  83  3  51  4  29  5  15  6  11  7  46  8  72  9  66  10  71  11  68  12  18  13  63  14  90
  0  13  1  21  2  8  3  55  4  41  5  25  6  30  7  25  8  19  9  61  10  96  11  2  12  22  13  45  14  26
  0  67  1  15  2  2  3  39  4  47  5  4  6  78  7  26  8  42  9  4  10  18  11  35  12  51  13  73  14  96
  0  91  1  67  2  22  3  66  4  7  5  28  6  70  7  40  8  49  9  48  10  30  11  17  12  74  13  59  14  48
  0  40  1  30  2  54  3  1  4  20  5  2  6  86  7  54  8  82  9  56  10  85  11  25  12  10  13  87  14  90
  0  99  1  95  2  94  3  8  4  10  5  29  6  21  7  44  8  50  9  69  10  57  11  77  12  2  13  93  14  81
  0  55  1  9  2  12  3  66  4  45  5  93  6  88  7  13  8  79  9  21  10  26  11  66  12  42  13  58  14  82
  0  33  1  27  2  73  3  31  4  99  5  42  6  75  7  93  8  20  9  41  10  99  11  4  12  37  13  14  14  70
  0  70  1  36  2  62  3  5  4  58  5  60  6  46  7  54  8  9  9  24  10  71  11  76  12  52  13  10  14  60
  0  80  1  4  2  46  3  18  4  21  5  30  6  76  7  99  8  95  9  31  10  88  11  24  12  93  13  88  14  58
  0  3  1  1  2  53  3  19  4  73  5  39  6  83  7  74  8  57  9  24  10  66  11  2  12  80  13  41  14  62
TPM
  0  1039  1  1039  2  1039  3  1039  4  1039  5  1039  6  1039  7  1039  8  1039  9  1039  10  1039  11  1039  12  1039  13  1039  14  1039
PMT
  0  21  1  25  2  71  3  56  4  47  5  33  6  54  7  20  8  23  9  3  10  17  11  69  12  18  13  53  14  39
  0  22  1  62  2  26  3  62  4  63  5  56  6  2  7  14  8  2  9  7  10  54  11  14  12  23  13  20  14  70
  0  68  1  11  2  37  3  74  4  22  5  20  6  66  7  1  8  43  9  46  10  7  11  53  12  63  13  10  14  29
  0  23  1  39  2  65  3  45  4  34  5  27  6  30  7  11  8  62  9  36  10  25  11  5  12  64  13  23  14  40
  0  67  1  52  2  39  3  19  4  71  5  31  6  30  7  20  8  65  9  8  10  9  11  64  12  72  13  12  14  68
