50  5
  0  35  1  40  2  98  3  4  4  31
  0  85  1  45  2  33  3  80  4  92
  0  48  1  42  2  68  3  71  4  67
  0  59  1  83  2  86  3  61  4  14
  0  98  1  95  2  12  3  55  4  56
  0  82  1  41  2  74  3  80  4  57
  0  41  1  55  2  6  3  91  4  28
  0  91  1  88  2  32  3  3  4  65
  0  52  1  81  2  60  3  54  4  58
  0  62  1  87  2  24  3  37  4  95
  0  64  1  32  2  97  3  53  4  10
  0  19  1  4  2  81  3  83  4  1
  0  94  1  79  2  20  3  62  4  69
  0  16  1  32  2  19  3  93  4  86
  0  54  1  16  2  66  3  49  4  78
  0  54  1  64  2  14  3  10  4  80
  0  72  1  44  2  64  3  78  4  39
  0  13  1  54  2  39  3  25  4  25
  0  58  1  11  2  44  3  76  4  64
  0  50  1  6  2  38  3  29  4  18
  0  4  1  71  2  95  3  6  4  20
  0  11  1  61  2  73  3  30  4  79
  0  88  1  42  2  43  3  19  4  98
  0  70  1  89  2  45  3  97  4  5
  0  61  1  66  2  15  3  91  4  57
  0  28  1  58  2  75  3  86  4  61
  0  21  1  38  2  46  3  60  4  82
  0  46  1  52  2  6  3  2  4  8
  0  19  1  15  2  86  3  59  4  91
  0  88  1  84  2  37  3  87  4  75
  0  47  1  97  2  2  3  85  4  36
  0  96  1  83  2  15  3  92  4  35
  0  80  1  65  2  91  3  40  4  17
  0  78  1  27  2  36  3  50  4  3
  0  23  1  15  2  15  3  76  4  73
  0  23  1  62  2  94  3  24  4  22
  0  39  1  78  2  69  3  86  4  80
  0  86  1  37  2  41  3  90  4  19
  0  68  1  63  2  51  3  6  4  11
  0  2  1  84  2  2  3  98  4  65
  0  44  1  94  2  83  3  19  4  21
  0  22  1  30  2  63  3  88  4  56
  0  1  1  84  2  24  3  82  4  87
  0  29  1  76  2  3  3  68  4  6
  0  68  1  24  2  92  3  36  4  57
  0  16  1  28  2  11  3  88  4  59
  0  26  1  12  2  13  3  3  4  71
  0  9  1  63  2  12  3  40  4  49
  0  4  1  69  2  82  3  95  4  88
  0  66  1  86  2  73  3  13  4  93
TPM
  0  813  1  813  2  813  3  813  4  813
PMT
  0  15  1  52  2  40  3  25  4  118
  0  98  1  81  2  7  3  114  4  110
  0  53  1  44  2  142  3  62  4  113
  0  111  1  16  2  50  3  128  4  10
  0  149  1  132  2  52  3  11  4  27
  0  64  1  80  2  89  3  4  4  83
  0  89  1  63  2  115  3  56  4  142
