200  5
  0  96  1  48  2  59  3  63  4  40
  0  73  1  27  2  46  3  4  4  77
  0  80  1  2  2  97  3  91  4  54
  0  41  1  46  2  22  3  98  4  1
  0  49  1  62  2  18  3  79  4  33
  0  31  1  38  2  13  3  80  4  34
  0  68  1  23  2  77  3  57  4  37
  0  49  1  2  2  34  3  18  4  34
  0  49  1  70  2  89  3  28  4  90
  0  89  1  65  2  23  3  66  4  48
  0  9  1  54  2  96  3  35  4  29
  0  11  1  52  2  45  3  87  4  36
  0  98  1  2  2  92  3  38  4  43
  0  53  1  61  2  20  3  14  4  87
  0  48  1  94  2  61  3  28  4  92
  0  69  1  74  2  5  3  46  4  85
  0  33  1  13  2  45  3  70  4  50
  0  14  1  62  2  26  3  69  4  30
  0  70  1  65  2  30  3  37  4  56
  0  70  1  2  2  64  3  7  4  25
  0  64  1  51  2  46  3  67  4  76
  0  21  1  76  2  41  3  59  4  65
  0  85  1  52  2  98  3  66  4  90
  0  63  1  26  2  75  3  49  4  70
  0  41  1  50  2  61  3  57  4  89
  0  4  1  22  2  21  3  1  4  13
  0  22  1  96  2  53  3  15  4  94
  0  48  1  20  2  63  3  52  4  89
  0  17  1  25  2  71  3  54  4  55
  0  53  1  9  2  34  3  58  4  71
  0  71  1  43  2  13  3  20  4  59
  0  98  1  57  2  87  3  53  4  98
  0  26  1  15  2  32  3  51  4  93
  0  38  1  28  2  94  3  6  4  16
  0  59  1  96  2  84  3  51  4  93
  0  30  1  33  2  16  3  38  4  62
  0  92  1  20  2  64  3  6  4  17
  0  96  1  92  2  13  3  77  4  94
  0  17  1  24  2  2  3  85  4  38
  0  86  1  15  2  50  3  30  4  19
  0  38  1  83  2  60  3  72  4  62
  0  36  1  43  2  26  3  2  4  87
  0  94  1  15  2  89  3  10  4  14
  0  74  1  78  2  84  3  14  4  53
  0  57  1  50  2  80  3  19  4  93
  0  32  1  21  2  83  3  59  4  50
  0  38  1  91  2  9  3  18  4  49
  0  63  1  15  2  90  3  16  4  94
  0  70  1  99  2  70  3  38  4  23
  0  3  1  56  2  25  3  8  4  30
  0  3  1  6  2  68  3  3  4  13
  0  19  1  4  2  57  3  34  4  7
  0  82  1  9  2  41  3  42  4  1
  0  14  1  44  2  48  3  71  4  46
  0  5  1  1  2  85  3  78  4  33
  0  62  1  83  2  28  3  81  4  88
  0  8  1  28  2  66  3  90  4  46
  0  16  1  84  2  64  3  74  4  61
  0  11  1  1  2  57  3  66  4  77
  0  57  1  84  2  14  3  87  4  37
  0  25  1  55  2  6  3  13  4  35
  0  46  1  29  2  1  3  71  4  86
  0  31  1  57  2  68  3  17  4  37
  0  61  1  91  2  78  3  69  4  3
  0  86  1  37  2  58  3  97  4  66
  0  34  1  40  2  81  3  20  4  5
  0  53  1  75  2  31  3  88  4  19
  0  9  1  44  2  19  3  77  4  49
  0  5  1  49  2  95  3  78  4  68
  0  82  1  74  2  2  3  68  4  97
  0  39  1  92  2  62  3  75  4  62
  0  8  1  10  2  91  3  70  4  17
  0  55  1  18  2  37  3  38  4  13
  0  40  1  42  2  73  3  78  4  10
  0  79  1  85  2  14  3  57  4  19
  0  58  1  76  2  54  3  65  4  30
  0  4  1  99  2  69  3  96  4  59
  0  60  1  83  2  27  3  98  4  92
  0  64  1  24  2  28  3  31  4  65
  0  35  1  54  2  22  3  77  4  1
  0  42  1  25  2  9  3  72  4  43
  0  22  1  97  2  61  3  50  4  6
  0  21  1  97  2  90  3  35  4  38
  0  88  1  77  2  72  3  61  4  32
  0  61  1  57  2  67  3  20  4  67
  0  67  1  87  2  10  3  4  4  67
  0  28  1  92  2  76  3  67  4  16
  0  53  1  52  2  25  3  77  4  10
  0  36  1  58  2  82  3  87  4  84
  0  69  1  24  2  47  3  53  4  86
  0  9  1  85  2  38  3  78  4  76
  0  80  1  87  2  93  3  81  4  36
  0  75  1  29  2  96  3  56  4  66
  0  36  1  30  2  55  3  13  4  20
  0  56  1  82  2  69  3  78  4  14
  0  18  1  7  2  91  3  6  4  60
  0  64  1  73  2  18  3  30  4  83
  0  18  1  42  2  40  3  93  4  25
  0  52  1  23  2  46  3  80  4  90
  0  9  1  30  2  24  3  54  4  88
  0  14  1  28  2  86  3  17  4  75
  0  75  1  9  2  37  3  40  4  12
  0  66  1  25  2  25  3  99  4  56
  0  90  1  68  2  9  3  64  4  88
  0  81  1  18  2  29  3  10  4  57
  0  17  1  16  2  75  3  30  4  19
  0  71  1  46  2  55  3  42  4  67
  0  9  1  68  2  7  3  85  4  27
  0  33  1  58  2  87  3  43  4  91
  0  26  1  69  2  78  3  73  4  53
  0  95  1  76  2  33  3  78  4  69
  0  72  1  14  2  51  3  83  4  88
  0  64  1  7  2  38  3  3  4  52
  0  26  1  52  2  11  3  50  4  73
  0  89  1  3  2  98  3  80  4  55
  0  27  1  57  2  10  3  75  4  84
  0  96  1  25  2  39  3  11  4  21
  0  54  1  58  2  15  3  86  4  20
  0  2  1  88  2  72  3  65  4  87
  0  17  1  33  2  13  3  47  4  33
  0  13  1  23  2  92  3  12  4  14
  0  49  1  56  2  94  3  54  4  3
  0  74  1  83  2  50  3  67  4  52
  0  55  1  7  2  40  3  5  4  76
  0  7  1  75  2  83  3  23  4  30
  0  69  1  32  2  30  3  43  4  6
  0  8  1  46  2  38  3  46  4  94
  0  36  1  18  2  52  3  76  4  74
  0  55  1  51  2  40  3  33  4  58
  0  95  1  40  2  34  3  41  4  76
  0  46  1  31  2  74  3  95  4  43
  0  46  1  55  2  89  3  58  4  66
  0  38  1  79  2  41  3  75  4  94
  0  82  1  20  2  87  3  17  4  3
  0  7  1  99  2  71  3  99  4  21
  0  73  1  61  2  91  3  61  4  26
  0  63  1  49  2  46  3  82  4  49
  0  73  1  95  2  25  3  4  4  90
  0  30  1  33  2  89  3  78  4  7
  0  5  1  42  2  14  3  21  4  14
  0  77  1  29  2  38  3  14  4  53
  0  84  1  47  2  28  3  11  4  12
  0  27  1  69  2  2  3  86  4  94
  0  68  1  57  2  27  3  57  4  28
  0  68  1  34  2  87  3  18  4  83
  0  17  1  16  2  77  3  29  4  68
  0  74  1  92  2  34  3  83  4  63
  0  66  1  88  2  40  3  20  4  3
  0  76  1  80  2  98  3  61  4  74
  0  66  1  8  2  58  3  89  4  90
  0  46  1  35  2  84  3  74  4  49
  0  94  1  19  2  79  3  32  4  92
  0  91  1  19  2  86  3  36  4  82
  0  37  1  75  2  16  3  6  4  93
  0  20  1  86  2  38  3  92  4  89
  0  54  1  87  2  10  3  30  4  57
  0  97  1  22  2  83  3  34  4  24
  0  63  1  6  2  19  3  9  4  23
  0  67  1  8  2  58  3  85  4  87
  0  89  1  84  2  80  3  70  4  29
  0  73  1  70  2  5  3  51  4  92
  0  14  1  64  2  61  3  38  4  81
  0  29  1  99  2  2  3  97  4  89
  0  20  1  98  2  47  3  30  4  28
  0  82  1  71  2  88  3  39  4  41
  0  32  1  37  2  29  3  64  4  28
  0  46  1  78  2  96  3  88  4  8
  0  50  1  49  2  80  3  40  4  51
  0  9  1  94  2  3  3  56  4  82
  0  15  1  88  2  94  3  60  4  69
  0  67  1  42  2  80  3  22  4  13
  0  60  1  47  2  67  3  19  4  67
  0  11  1  10  2  2  3  46  4  22
  0  63  1  38  2  21  3  31  4  96
  0  83  1  51  2  76  3  7  4  73
  0  27  1  85  2  90  3  3  4  68
  0  97  1  64  2  41  3  66  4  58
  0  40  1  8  2  2  3  69  4  46
  0  44  1  45  2  76  3  79  4  36
  0  22  1  32  2  4  3  83  4  84
  0  75  1  41  2  15  3  47  4  2
  0  19  1  90  2  46  3  22  4  62
  0  61  1  60  2  40  3  67  4  51
  0  85  1  86  2  63  3  95  4  52
  0  89  1  69  2  50  3  39  4  79
  0  9  1  52  2  2  3  52  4  16
  0  6  1  44  2  36  3  59  4  5
  0  80  1  37  2  78  3  30  4  83
  0  65  1  89  2  89  3  95  4  56
  0  4  1  74  2  70  3  49  4  96
  0  47  1  60  2  79  3  80  4  2
  0  59  1  1  2  92  3  54  4  92
  0  44  1  98  2  46  3  83  4  77
  0  69  1  76  2  53  3  25  4  80
  0  93  1  36  2  53  3  49  4  19
  0  10  1  53  2  98  3  63  4  72
  0  43  1  19  2  85  3  28  4  99
  0  72  1  88  2  45  3  84  4  43
  0  45  1  6  2  10  3  49  4  19
  0  72  1  80  2  56  3  4  4  24
TPM
  0  1786  1  1786  2  1786  3  1786  4  1786
PMT
  0  70  1  46  2  9  3  30  4  67
  0  30  1  58  2  32  3  57  4  51
  0  35  1  20  2  60  3  57  4  64
  0  15  1  1  2  60  3  22  4  54
  0  31  1  71  2  25  3  46  4  67
  0  44  1  13  2  46  3  29  4  60
  0  9  1  6  2  47  3  5  4  30
  0  43  1  29  2  60  3  1  4  34
  0  8  1  22  2  24  3  38  4  66
  0  66  1  56  2  41  3  15  4  63
  0  51  1  35  2  33  3  2  4  20
  0  67  1  48  2  10  3  9  4  64
