500  5
  0  70  1  24  2  94  3  16  4  62
  0  16  1  51  2  13  3  9  4  64
  0  84  1  32  2  81  3  44  4  53
  0  30  1  69  2  31  3  31  4  30
  0  41  1  79  2  69  3  81  4  53
  0  93  1  31  2  58  3  55  4  13
  0  71  1  17  2  13  3  46  4  87
  0  81  1  43  2  26  3  62  4  29
  0  49  1  81  2  79  3  71  4  80
  0  30  1  75  2  85  3  67  4  50
  0  53  1  22  2  3  3  88  4  91
  0  88  1  75  2  96  3  7  4  6
  0  63  1  22  2  56  3  67  4  54
  0  80  1  90  2  57  3  53  4  93
  0  2  1  6  2  78  3  73  4  9
  0  86  1  75  2  72  3  84  4  91
  0  89  1  45  2  28  3  25  4  71
  0  84  1  15  2  10  3  27  4  26
  0  93  1  4  2  9  3  39  4  6
  0  56  1  24  2  48  3  51  4  60
  0  21  1  40  2  22  3  84  4  46
  0  72  1  75  2  78  3  9  4  74
  0  32  1  92  2  94  3  98  4  2
  0  62  1  94  2  89  3  78  4  31
  0  65  1  50  2  69  3  33  4  28
  0  41  1  37  2  42  3  61  4  41
  0  66  1  66  2  60  3  34  4  97
  0  41  1  63  2  33  3  83  4  56
  0  62  1  34  2  47  3  17  4  56
  0  63  1  72  2  12  3  6  4  67
  0  47  1  66  2  10  3  56  4  14
  0  79  1  98  2  98  3  39  4  70
  0  22  1  22  2  84  3  9  4  78
  0  89  1  36  2  84  3  9  4  29
  0  39  1  37  2  58  3  45  4  32
  0  71  1  60  2  60  3  91  4  11
  0  32  1  31  2  15  3  67  4  45
  0  55  1  10  2  40  3  37  4  76
  0  80  1  67  2  74  3  24  4  7
  0  79  1  68  2  65  3  65  4  53
  0  24  1  53  2  49  3  45  4  55
  0  96  1  69  2  52  3  10  4  83
  0  59  1  56  2  85  3  34  4  98
  0  15  1  19  2  74  3  40  4  19
  0  95  1  37  2  7  3  40  4  2
  0  49  1  86  2  28  3  14  4  64
  0  44  1  23  2  14  3  21  4  23
  0  12  1  53  2  71  3  17  4  32
  0  19  1  94  2  30  3  99  4  69
  0  81  1  46  2  24  3  45  4  64
  0  88  1  25  2  71  3  36  4  37
  0  82  1  2  2  71  3  27  4  60
  0  87  1  35  2  56  3  99  4  48
  0  65  1  70  2  78  3  90  4  49
  0  8  1  71  2  16  3  29  4  7
  0  52  1  75  2  17  3  28  4  42
  0  98  1  93  2  42  3  79  4  94
  0  27  1  69  2  69  3  85  4  34
  0  82  1  42  2  50  3  74  4  11
  0  21  1  59  2  44  3  6  4  93
  0  45  1  5  2  54  3  10  4  45
  0  89  1  46  2  83  3  85  4  35
  0  43  1  51  2  21  3  54  4  88
  0  9  1  38  2  56  3  78  4  56
  0  78  1  51  2  61  3  94  4  52
  0  21  1  45  2  60  3  46  4  29
  0  40  1  11  2  34  3  9  4  41
  0  72  1  63  2  50  3  57  4  19
  0  68  1  71  2  16  3  63  4  16
  0  55  1  18  2  47  3  13  4  66
  0  14  1  86  2  19  3  8  4  22
  0  99  1  34  2  60  3  24  4  23
  0  69  1  19  2  89  3  96  4  11
  0  26  1  35  2  65  3  43  4  55
  0  98  1  44  2  83  3  11  4  99
  0  25  1  52  2  27  3  21  4  37
  0  68  1  95  2  4  3  80  4  61
  0  56  1  74  2  94  3  24  4  22
  0  36  1  45  2  55  3  27  4  72
  0  20  1  71  2  16  3  74  4  77
  0  67  1  20  2  80  3  99  4  79
  0  80  1  72  2  16  3  62  4  22
  0  89  1  30  2  95  3  76  4  50
  0  45  1  72  2  23  3  80  4  76
  0  39  1  82  2  97  3  97  4  92
  0  90  1  5  2  61  3  50  4  36
  0  77  1  83  2  38  3  28  4  66
  0  85  1  93  2  53  3  38  4  47
  0  44  1  10  2  19  3  82  4  21
  0  39  1  36  2  70  3  34  4  3
  0  53  1  97  2  86  3  63  4  53
  0  85  1  37  2  66  3  7  4  7
  0  18  1  37  2  37  3  36  4  68
  0  36  1  70  2  61  3  51  4  49
  0  29  1  64  2  58  3  83  4  4
  0  61  1  13  2  6  3  15  4  27
  0  41  1  61  2  57  3  71  4  61
  0  31  1  71  2  42  3  5  4  31
  0  2  1  53  2  87  3  64  4  23
  0  74  1  84  2  69  3  57  4  40
  0  68  1  32  2  3  3  44  4  29
  0  53  1  42  2  40  3  77  4  95
  0  23  1  68  2  6  3  34  4  10
  0  65  1  50  2  96  3  49  4  38
  0  78  1  81  2  11  3  1  4  11
  0  62  1  82  2  20  3  30  4  24
  0  45  1  97  2  50  3  10  4  43
  0  96  1  45  2  54  3  32  4  1
  0  59  1  25  2  68  3  33  4  48
  0  27  1  78  2  9  3  25  4  17
  0  10  1  73  2  4  3  35  4  59
  0  61  1  76  2  65  3  39  4  75
  0  59  1  65  2  2  3  63  4  87
  0  39  1  63  2  66  3  59  4  36
  0  73  1  32  2  43  3  2  4  39
  0  41  1  9  2  17  3  81  4  85
  0  50  1  95  2  1  3  85  4  90
  0  30  1  73  2  53  3  13  4  8
  0  91  1  27  2  42  3  31  4  48
  0  27  1  65  2  19  3  98  4  27
  0  90  1  73  2  70  3  32  4  53
  0  32  1  96  2  95  3  39  4  50
  0  91  1  38  2  76  3  78  4  99
  0  39  1  14  2  24  3  81  4  3
  0  89  1  16  2  18  3  45  4  63
  0  27  1  56  2  35  3  54  4  94
  0  15  1  89  2  18  3  58  4  24
  0  5  1  51  2  16  3  81  4  80
  0  4  1  44  2  31  3  68  4  46
  0  60  1  10  2  35  3  11  4  94
  0  12  1  43  2  13  3  15  4  69
  0  80  1  20  2  32  3  48  4  93
  0  16  1  58  2  3  3  93  4  87
  0  6  1  41  2  63  3  40  4  48
  0  10  1  66  2  83  3  86  4  74
  0  35  1  88  2  79  3  57  4  7
  0  83  1  42  2  94  3  16  4  30
  0  21  1  76  2  69  3  24  4  91
  0  1  1  62  2  97  3  44  4  78
  0  15  1  9  2  48  3  28  4  29
  0  59  1  22  2  75  3  4  4  72
  0  34  1  46  2  53  3  24  4  18
  0  1  1  20  2  99  3  83  4  64
  0  71  1  24  2  48  3  44  4  29
  0  3  1  25  2  40  3  64  4  41
  0  33  1  86  2  59  3  55  4  40
  0  91  1  29  2  88  3  22  4  45
  0  26  1  78  2  15  3  24  4  97
  0  59  1  6  2  21  3  72  4  87
  0  60  1  53  2  67  3  22  4  8
  0  56  1  59  2  94  3  19  4  43
  0  75  1  71  2  54  3  98  4  68
  0  63  1  56  2  43  3  2  4  47
  0  31  1  66  2  51  3  24  4  28
  0  38  1  1  2  92  3  18  4  26
  0  96  1  44  2  31  3  98  4  67
  0  84  1  1  2  71  3  44  4  55
  0  33  1  41  2  33  3  8  4  76
  0  11  1  15  2  35  3  91  4  93
  0  88  1  93  2  25  3  62  4  77
  0  45  1  42  2  67  3  51  4  11
  0  71  1  53  2  56  3  26  4  75
  0  35  1  46  2  16  3  29  4  25
  0  50  1  52  2  96  3  14  4  29
  0  54  1  20  2  46  3  3  4  36
  0  60  1  55  2  44  3  24  4  77
  0  31  1  89  2  91  3  94  4  45
  0  97  1  88  2  34  3  63  4  48
  0  56  1  93  2  4  3  82  4  57
  0  87  1  30  2  25  3  68  4  7
  0  94  1  18  2  8  3  45  4  55
  0  71  1  95  2  98  3  43  4  26
  0  74  1  54  2  47  3  52  4  28
  0  95  1  54  2  45  3  90  4  15
  0  45  1  2  2  22  3  7  4  43
  0  67  1  88  2  65  3  74  4  2
  0  98  1  34  2  68  3  6  4  50
  0  60  1  16  2  91  3  8  4  62
  0  72  1  3  2  20  3  20  4  65
  0  12  1  34  2  25  3  29  4  57
  0  71  1  69  2  13  3  80  4  72
  0  55  1  95  2  95  3  31  4  49
  0  25  1  94  2  55  3  19  4  70
  0  62  1  56  2  19  3  30  4  68
  0  29  1  27  2  62  3  49  4  75
  0  32  1  12  2  2  3  99  4  32
  0  58  1  54  2  71  3  97  4  9
  0  79  1  24  2  99  3  5  4  71
  0  41  1  19  2  23  3  99  4  61
  0  69  1  88  2  10  3  87  4  20
  0  28  1  37  2  83  3  88  4  30
  0  48  1  92  2  44  3  92  4  35
  0  34  1  37  2  78  3  16  4  25
  0  46  1  1  2  27  3  55  4  23
  0  15  1  8  2  18  3  51  4  86
  0  99  1  56  2  67  3  61  4  34
  0  95  1  6  2  66  3  69  4  54
  0  64  1  97  2  91  3  65  4  6
  0  90  1  7  2  56  3  31  4  80
  0  77  1  51  2  8  3  84  4  84
  0  8  1  27  2  73  3  24  4  97
  0  18  1  11  2  55  3  92  4  62
  0  80  1  73  2  21  3  66  4  28
  0  66  1  93  2  91  3  86  4  78
  0  25  1  60  2  62  3  98  4  2
  0  74  1  5  2  35  3  60  4  18
  0  79  1  45  2  89  3  32  4  27
  0  47  1  56  2  85  3  67  4  14
  0  37  1  76  2  86  3  27  4  92
  0  36  1  23  2  63  3  14  4  27
  0  21  1  14  2  40  3  47  4  45
  0  71  1  18  2  97  3  45  4  39
  0  52  1  58  2  35  3  36  4  70
  0  81  1  27  2  15  3  10  4  16
  0  6  1  4  2  69  3  1  4  74
  0  51  1  29  2  95  3  86  4  29
  0  93  1  47  2  27  3  13  4  22
  0  2  1  48  2  71  3  68  4  3
  0  45  1  2  2  13  3  57  4  26
  0  17  1  87  2  38  3  23  4  67
  0  10  1  67  2  49  3  35  4  85
  0  95  1  89  2  59  3  37  4  68
  0  81  1  63  2  74  3  52  4  30
  0  98  1  19  2  53  3  60  4  25
  0  31  1  62  2  2  3  89  4  21
  0  86  1  51  2  80  3  38  4  85
  0  68  1  58  2  52  3  91  4  99
  0  5  1  94  2  94  3  29  4  24
  0  15  1  25  2  97  3  1  4  64
  0  58  1  59  2  99  3  18  4  28
  0  47  1  44  2  94  3  16  4  63
  0  29  1  42  2  65  3  40  4  50
  0  86  1  27  2  18  3  45  4  67
  0  38  1  35  2  86  3  18  4  98
  0  39  1  74  2  46  3  81  4  50
  0  9  1  31  2  5  3  45  4  55
  0  45  1  47  2  48  3  21  4  65
  0  78  1  27  2  3  3  32  4  56
  0  45  1  84  2  59  3  84  4  26
  0  95  1  27  2  49  3  11  4  43
  0  94  1  80  2  22  3  97  4  8
  0  99  1  81  2  84  3  10  4  51
  0  19  1  10  2  67  3  25  4  82
  0  33  1  62  2  31  3  45  4  53
  0  34  1  68  2  48  3  75  4  47
  0  4  1  52  2  83  3  41  4  63
  0  56  1  17  2  73  3  82  4  29
  0  40  1  61  2  84  3  61  4  61
  0  99  1  75  2  15  3  17  4  88
  0  74  1  44  2  39  3  19  4  27
  0  19  1  78  2  81  3  55  4  56
  0  46  1  7  2  48  3  53  4  91
  0  59  1  15  2  79  3  32  4  22
  0  19  1  62  2  4  3  61  4  88
  0  84  1  5  2  62  3  77  4  65
  0  39  1  53  2  2  3  4  4  80
  0  81  1  90  2  4  3  36  4  96
  0  16  1  4  2  52  3  57  4  4
  0  91  1  10  2  69  3  34  4  65
  0  96  1  18  2  72  3  77  4  49
  0  49  1  8  2  73  3  12  4  24
  0  77  1  9  2  44  3  44  4  9
  0  10  1  83  2  12  3  14  4  4
  0  40  1  91  2  94  3  50  4  83
  0  81  1  73  2  28  3  36  4  99
  0  44  1  74  2  4  3  54  4  97
  0  79  1  96  2  55  3  84  4  76
  0  14  1  75  2  15  3  82  4  9
  0  83  1  93  2  84  3  54  4  84
  0  61  1  76  2  64  3  66  4  82
  0  81  1  62  2  27  3  84  4  26
  0  76  1  16  2  66  3  43  4  27
  0  39  1  17  2  28  3  21  4  99
  0  8  1  69  2  73  3  72  4  50
  0  25  1  19  2  31  3  47  4  29
  0  83  1  89  2  67  3  30  4  39
  0  12  1  14  2  13  3  42  4  7
  0  80  1  52  2  45  3  24  4  15
  0  86  1  21  2  92  3  27  4  31
  0  58  1  91  2  9  3  52  4  86
  0  31  1  64  2  78  3  65  4  88
  0  59  1  21  2  44  3  30  4  37
  0  25  1  52  2  4  3  69  4  83
  0  12  1  94  2  28  3  72  4  62
  0  68  1  1  2  93  3  28  4  52
  0  90  1  49  2  98  3  30  4  66
  0  55  1  83  2  36  3  58  4  85
  0  51  1  93  2  11  3  14  4  92
  0  24  1  44  2  73  3  49  4  13
  0  75  1  60  2  91  3  31  4  14
  0  54  1  57  2  32  3  30  4  33
  0  68  1  66  2  43  3  96  4  93
  0  1  1  4  2  33  3  25  4  34
  0  53  1  89  2  81  3  26  4  83
  0  39  1  67  2  2  3  34  4  39
  0  34  1  93  2  2  3  37  4  34
  0  21  1  44  2  69  3  68  4  39
  0  4  1  47  2  49  3  97  4  89
  0  36  1  50  2  81  3  89  4  65
  0  6  1  35  2  90  3  36  4  74
  0  2  1  48  2  1  3  90  4  10
  0  23  1  35  2  69  3  92  4  66
  0  32  1  26  2  30  3  45  4  88
  0  39  1  51  2  18  3  57  4  56
  0  26  1  7  2  83  3  34  4  36
  0  38  1  62  2  54  3  14  4  33
  0  73  1  52  2  77  3  75  4  84
  0  66  1  9  2  95  3  28  4  73
  0  45  1  30  2  91  3  86  4  91
  0  65  1  84  2  23  3  68  4  65
  0  58  1  62  2  41  3  40  4  6
  0  68  1  20  2  9  3  57  4  30
  0  10  1  62  2  50  3  47  4  49
  0  30  1  50  2  81  3  70  4  9
  0  37  1  24  2  74  3  1  4  89
  0  66  1  2  2  70  3  31  4  79
  0  31  1  33  2  25  3  21  4  49
  0  6  1  22  2  35  3  76  4  7
  0  11  1  26  2  27  3  80  4  16
  0  98  1  50  2  71  3  33  4  7
  0  82  1  88  2  31  3  56  4  93
  0  29  1  25  2  51  3  20  4  49
  0  7  1  78  2  18  3  3  4  6
  0  67  1  70  2  89  3  3  4  72
  0  37  1  81  2  13  3  68  4  31
  0  12  1  22  2  54  3  55  4  55
  0  47  1  94  2  49  3  32  4  32
  0  63  1  5  2  15  3  24  4  57
  0  70  1  9  2  86  3  95  4  47
  0  52  1  28  2  21  3  38  4  50
  0  69  1  77  2  25  3  29  4  75
  0  17  1  53  2  98  3  24  4  68
  0  76  1  30  2  81  3  81  4  84
  0  6  1  11  2  95  3  99  4  99
  0  39  1  35  2  41  3  79  4  52
  0  14  1  75  2  55  3  94  4  85
  0  2  1  13  2  94  3  5  4  49
  0  89  1  40  2  61  3  89  4  5
  0  75  1  5  2  65  3  44  4  4
  0  84  1  18  2  48  3  92  4  61
  0  57  1  72  2  49  3  68  4  85
  0  8  1  82  2  25  3  99  4  80
  0  84  1  44  2  21  3  76  4  5
  0  66  1  11  2  49  3  74  4  27
  0  97  1  14  2  34  3  33  4  13
  0  36  1  54  2  7  3  95  4  65
  0  54  1  28  2  48  3  66  4  59
  0  71  1  18  2  63  3  61  4  30
  0  55  1  90  2  55  3  65  4  73
  0  8  1  76  2  34  3  97  4  38
  0  72  1  70  2  3  3  29  4  57
  0  31  1  48  2  44  3  54  4  30
  0  73  1  36  2  21  3  19  4  29
  0  61  1  3  2  93  3  21  4  36
  0  71  1  35  2  17  3  45  4  37
  0  98  1  49  2  45  3  37  4  34
  0  88  1  34  2  54  3  82  4  91
  0  76  1  5  2  86  3  40  4  99
  0  98  1  23  2  26  3  9  4  72
  0  16  1  48  2  80  3  38  4  17
  0  37  1  35  2  99  3  55  4  95
  0  98  1  40  2  79  3  51  4  97
  0  66  1  53  2  49  3  59  4  66
  0  85  1  16  2  1  3  38  4  93
  0  97  1  29  2  60  3  35  4  37
  0  2  1  40  2  58  3  43  4  93
  0  49  1  54  2  75  3  89  4  32
  0  14  1  46  2  99  3  51  4  22
  0  99  1  44  2  95  3  35  4  36
  0  80  1  83  2  35  3  90  4  65
  0  20  1  53  2  67  3  55  4  88
  0  98  1  8  2  4  3  5  4  45
  0  37  1  16  2  50  3  53  4  9
  0  52  1  58  2  42  3  59  4  94
  0  31  1  26  2  25  3  32  4  8
  0  80  1  94  2  10  3  6  4  19
  0  94  1  57  2  15  3  75  4  35
  0  94  1  9  2  30  3  52  4  74
  0  1  1  31  2  46  3  8  4  78
  0  94  1  73  2  90  3  67  4  78
  0  65  1  24  2  19  3  73  4  74
  0  82  1  36  2  50  3  58  4  6
  0  59  1  60  2  73  3  81  4  89
  0  77  1  25  2  61  3  22  4  25
  0  1  1  42  2  13  3  29  4  72
  0  74  1  98  2  88  3  70  4  97
  0  51  1  69  2  34  3  21  4  31
  0  28  1  9  2  84  3  68  4  60
  0  50  1  71  2  98  3  11  4  33
  0  64  1  11  2  85  3  3  4  63
  0  9  1  67  2  92  3  9  4  77
  0  10  1  11  2  66  3  4  4  83
  0  64  1  83  2  5  3  68  4  74
  0  19  1  59  2  38  3  3  4  98
  0  42  1  85  2  82  3  55  4  2
  0  59  1  46  2  51  3  47  4  32
  0  70  1  5  2  23  3  19  4  87
  0  43  1  83  2  4  3  41  4  80
  0  10  1  56  2  84  3  79  4  21
  0  38  1  34  2  43  3  71  4  34
  0  43  1  54  2  44  3  59  4  56
  0  50  1  75  2  24  3  49  4  11
  0  70  1  58  2  71  3  82  4  97
  0  27  1  53  2  85  3  71  4  95
  0  35  1  57  2  63  3  17  4  22
  0  38  1  97  2  48  3  98  4  15
  0  13  1  28  2  34  3  52  4  17
  0  72  1  63  2  96  3  54  4  58
  0  40  1  28  2  53  3  12  4  85
  0  92  1  39  2  21  3  76  4  48
  0  31  1  31  2  52  3  84  4  35
  0  11  1  36  2  32  3  32  4  76
  0  96  1  51  2  5  3  16  4  92
  0  64  1  52  2  71  3  81  4  77
  0  96  1  47  2  84  3  11  4  67
  0  51  1  35  2  25  3  35  4  13
  0  55  1  10  2  6  3  13  4  41
  0  92  1  23  2  15  3  46  4  51
  0  24  1  8  2  89  3  64  4  46
  0  76  1  48  2  30  3  93  4  65
  0  79  1  24  2  88  3  9  4  10
  0  86  1  90  2  40  3  77  4  62
  0  44  1  98  2  3  3  24  4  90
  0  99  1  41  2  61  3  50  4  37
  0  37  1  12  2  74  3  37  4  84
  0  62  1  12  2  71  3  46  4  63
  0  36  1  16  2  15  3  11  4  43
  0  93  1  8  2  4  3  97  4  50
  0  13  1  85  2  7  3  55  4  44
  0  12  1  31  2  10  3  77  4  12
  0  69  1  21  2  59  3  44  4  86
  0  63  1  23  2  47  3  53  4  46
  0  45  1  44  2  27  3  45  4  35
  0  57  1  99  2  85  3  35  4  30
  0  68  1  61  2  78  3  71  4  37
  0  44  1  23  2  64  3  25  4  20
  0  67  1  12  2  57  3  42  4  26
  0  2  1  64  2  97  3  87  4  17
  0  97  1  25  2  19  3  25  4  65
  0  34  1  74  2  31  3  23  4  2
  0  13  1  55  2  83  3  62  4  50
  0  89  1  25  2  8  3  91  4  45
  0  22  1  62  2  16  3  76  4  19
  0  7  1  13  2  60  3  14  4  54
  0  98  1  64  2  50  3  21  4  54
  0  29  1  99  2  19  3  58  4  40
  0  7  1  91  2  23  3  85  4  23
  0  48  1  44  2  6  3  39  4  73
  0  21  1  86  2  23  3  29  4  17
  0  62  1  83  2  56  3  62  4  12
  0  42  1  60  2  18  3  79  4  90
  0  24  1  51  2  49  3  33  4  95
  0  99  1  44  2  69  3  36  4  16
  0  52  1  70  2  22  3  15  4  81
  0  24  1  49  2  92  3  90  4  79
  0  69  1  53  2  73  3  9  4  65
  0  78  1  71  2  59  3  47  4  43
  0  46  1  78  2  11  3  26  4  47
  0  17  1  17  2  3  3  42  4  56
  0  51  1  3  2  5  3  12  4  96
  0  57  1  74  2  1  3  28  4  6
  0  32  1  95  2  89  3  98  4  61
  0  78  1  39  2  33  3  74  4  74
  0  54  1  13  2  44  3  46  4  41
  0  8  1  58  2  57  3  93  4  59
  0  82  1  40  2  84  3  60  4  12
  0  32  1  89  2  4  3  35  4  66
  0  83  1  69  2  54  3  28  4  55
  0  14  1  18  2  3  3  17  4  57
  0  73  1  99  2  30  3  6  4  46
  0  6  1  53  2  38  3  84  4  10
  0  94  1  49  2  56  3  18  4  16
  0  29  1  63  2  19  3  28  4  25
  0  12  1  94  2  75  3  11  4  69
  0  81  1  88  2  49  3  84  4  20
  0  71  1  50  2  46  3  49  4  30
  0  38  1  24  2  43  3  73  4  77
  0  2  1  82  2  46  3  42  4  3
  0  17  1  60  2  14  3  71  4  63
  0  46  1  34  2  47  3  36  4  41
  0  67  1  64  2  16  3  70  4  44
  0  46  1  91  2  8  3  72  4  87
  0  39  1  19  2  63  3  41  4  24
  0  8  1  93  2  52  3  35  4  32
  0  98  1  3  2  87  3  62  4  83
  0  64  1  55  2  88  3  79  4  78
  0  19  1  7  2  94  3  91  4  42
  0  38  1  27  2  32  3  9  4  62
  0  50  1  12  2  84  3  67  4  79
  0  60  1  87  2  45  3  75  4  52
  0  77  1  95  2  66  3  85  4  9
  0  2  1  70  2  95  3  87  4  4
  0  51  1  39  2  45  3  75  4  57
  0  76  1  20  2  87  3  17  4  21
  0  87  1  6  2  73  3  57  4  5
  0  54  1  17  2  36  3  50  4  59
  0  20  1  86  2  73  3  36  4  82
  0  24  1  84  2  91  3  71  4  35
  0  53  1  50  2  76  3  58  4  96
  0  38  1  40  2  14  3  64  4  73
TPM
  0  3253  1  3253  2  3253  3  3253  4  3253
PMT
  0  9  1  15  2  36  3  21  4  47
  0  39  1  10  2  33  3  25  4  10
  0  4  1  2  2  21  3  5  4  18
  0  6  1  36  2  19  3  24  4  37
  0  23  1  37  2  25  3  46  4  12
  0  30  1  15  2  33  3  18  4  35
  0  20  1  4  2  15  3  15  4  15
  0  4  1  17  2  27  3  25  4  1
  0  45  1  29  2  14  3  10  4  34
  0  24  1  16  2  19  3  26  4  45
  0  27  1  14  2  11  3  13  4  37
  0  5  1  49  2  31  3  38  4  7
  0  28  1  40  2  31  3  29  4  16
  0  15  1  30  2  34  3  36  4  40
  0  10  1  29  2  45  3  46  4  29
  0  12  1  20  2  49  3  38  4  43
