20  15
  0  28  1  65  2  31  3  51  4  98  5  73  6  32  7  87  8  87  9  80  10  28  11  66  12  61  13  17  14  56
  0  97  1  1  2  95  3  53  4  96  5  70  6  46  7  9  8  91  9  1  10  73  11  47  12  16  13  11  14  61
  0  67  1  79  2  80  3  89  4  80  5  14  6  49  7  8  8  7  9  44  10  98  11  91  12  36  13  36  14  40
  0  90  1  52  2  9  3  27  4  15  5  81  6  28  7  54  8  42  9  18  10  10  11  20  12  45  13  22  14  94
  0  48  1  44  2  19  3  85  4  23  5  56  6  25  7  53  8  57  9  6  10  74  11  53  12  10  13  83  14  41
  0  2  1  24  2  1  3  77  4  12  5  46  6  65  7  93  8  89  9  54  10  62  11  66  12  34  13  92  14  41
  0  56  1  95  2  10  3  25  4  55  5  79  6  33  7  97  8  8  9  13  10  30  11  35  12  64  13  2  14  38
  0  82  1  73  2  40  3  77  4  7  5  17  6  68  7  54  8  61  9  40  10  74  11  30  12  44  13  32  14  87
  0  30  1  44  2  63  3  19  4  89  5  9  6  83  7  36  8  73  9  58  10  39  11  88  12  29  13  53  14  52
  0  1  1  36  2  80  3  78  4  27  5  72  6  7  7  51  8  17  9  28  10  29  11  43  12  29  13  99  14  14
  0  38  1  21  2  74  3  5  4  75  5  67  6  86  7  37  8  7  9  8  10  87  11  96  12  2  13  26  14  78
  0  8  1  58  2  91  3  85  4  35  5  27  6  42  7  89  8  38  9  54  10  71  11  29  12  10  13  94  14  52
  0  39  1  88  2  52  3  13  4  99  5  36  6  46  7  46  8  11  9  92  10  23  11  22  12  3  13  85  14  48
  0  24  1  57  2  33  3  48  4  38  5  5  6  65  7  5  8  63  9  17  10  77  11  96  12  24  13  2  14  57
  0  56  1  91  2  81  3  74  4  86  5  66  6  16  7  15  8  50  9  60  10  79  11  97  12  26  13  82  14  29
  0  13  1  99  2  33  3  2  4  54  5  33  6  34  7  43  8  55  9  23  10  75  11  49  12  40  13  46  14  41
  0  70  1  41  2  61  3  49  4  18  5  63  6  2  7  13  8  61  9  82  10  79  11  18  12  17  13  12  14  3
  0  71  1  58  2  78  3  49  4  54  5  9  6  85  7  69  8  97  9  81  10  54  11  9  12  58  13  89  14  82
  0  63  1  68  2  45  3  46  4  13  5  75  6  98  7  40  8  99  9  9  10  12  11  44  12  50  13  27  14  55
  0  33  1  39  2  46  3  67  4  98  5  60  6  41  7  30  8  29  9  58  10  75  11  35  12  74  13  14  14  99
TPM
  0  530  1  530  2  530  3  530  4  530  5  530  6  530  7  530  8  530  9  530  10  530  11  530  12  530  13  530  14  530
PMT
  0  63  1  120  2  6  3  33  4  23  5  83  6  103  7  96  8  38  9  95  10  39  11  48  12  90  13  86  14  120
  0  123  1  43  2  2  3  18  4  49  5  17  6  2  7  84  8  122  9  97  10  96  11  58  12  48  13  66  14  114
  0  8  1  104  2  63  3  21  4  28  5  16  6  79  7  20  8  21  9  9  10  95  11  43  12  113  13  15  14  103
  0  114  1  91  2  56  3  4  4  117  5  3  6  80  7  48  8  38  9  90  10  102  11  25  12  13  13  34  14  106
