100  5
  0  31  1  36  2  4  3  59  4  96
  0  22  1  57  2  92  3  89  4  64
  0  28  1  81  2  52  3  54  4  8
  0  91  1  18  2  80  3  55  4  14
  0  27  1  36  2  35  3  16  4  80
  0  51  1  30  2  25  3  4  4  28
  0  75  1  73  2  61  3  93  4  20
  0  13  1  61  2  25  3  2  4  64
  0  29  1  5  2  95  3  83  4  42
  0  1  1  77  2  43  3  60  4  85
  0  6  1  57  2  82  3  45  4  14
  0  17  1  23  2  32  3  68  4  99
  0  90  1  71  2  38  3  70  4  5
  0  18  1  65  2  94  3  88  4  18
  0  61  1  26  2  14  3  50  4  38
  0  41  1  7  2  16  3  61  4  32
  0  19  1  17  2  96  3  82  4  34
  0  51  1  63  2  84  3  59  4  3
  0  32  1  71  2  27  3  3  4  30
  0  79  1  4  2  98  3  33  4  58
  0  73  1  58  2  61  3  95  4  65
  0  82  1  12  2  20  3  12  4  18
  0  92  1  9  2  79  3  86  4  36
  0  9  1  8  2  73  3  11  4  39
  0  30  1  45  2  64  3  47  4  86
  0  76  1  61  2  28  3  35  4  25
  0  91  1  38  2  24  3  74  4  77
  0  45  1  90  2  31  3  98  4  18
  0  88  1  46  2  5  3  29  4  66
  0  4  1  5  2  36  3  44  4  99
  0  33  1  58  2  62  3  84  4  36
  0  66  1  7  2  65  3  41  4  53
  0  20  1  75  2  88  3  49  4  62
  0  65  1  41  2  8  3  87  4  70
  0  7  1  66  2  31  3  60  4  33
  0  59  1  42  2  73  3  62  4  46
  0  96  1  87  2  60  3  78  4  73
  0  94  1  43  2  1  3  89  4  66
  0  80  1  97  2  16  3  30  4  44
  0  91  1  25  2  98  3  31  4  73
  0  42  1  20  2  72  3  30  4  97
  0  41  1  14  2  72  3  10  4  94
  0  45  1  8  2  34  3  66  4  74
  0  92  1  68  2  90  3  10  4  58
  0  99  1  92  2  91  3  15  4  19
  0  58  1  59  2  49  3  61  4  13
  0  80  1  89  2  29  3  45  4  56
  0  6  1  11  2  88  3  87  4  49
  0  11  1  63  2  64  3  68  4  39
  0  34  1  7  2  52  3  43  4  37
  0  86  1  76  2  66  3  80  4  90
  0  63  1  65  2  30  3  9  4  86
  0  36  1  18  2  71  3  61  4  15
  0  55  1  48  2  24  3  58  4  22
  0  93  1  77  2  25  3  69  4  10
  0  60  1  7  2  62  3  43  4  67
  0  81  1  41  2  50  3  25  4  83
  0  85  1  91  2  12  3  31  4  7
  0  45  1  51  2  29  3  93  4  40
  0  52  1  52  2  6  3  62  4  46
  0  89  1  83  2  73  3  54  4  73
  0  97  1  46  2  96  3  49  4  88
  0  19  1  4  2  56  3  54  4  4
  0  10  1  10  2  84  3  14  4  34
  0  30  1  47  2  95  3  75  4  30
  0  88  1  73  2  82  3  83  4  98
  0  40  1  68  2  19  3  34  4  70
  0  84  1  13  2  29  3  17  4  77
  0  89  1  24  2  22  3  88  4  29
  0  77  1  76  2  67  3  66  4  72
  0  75  1  15  2  14  3  5  4  67
  0  72  1  48  2  25  3  9  4  32
  0  40  1  78  2  51  3  19  4  27
  0  54  1  30  2  78  3  43  4  41
  0  38  1  80  2  67  3  48  4  90
  0  3  1  53  2  53  3  26  4  67
  0  39  1  66  2  97  3  43  4  76
  0  29  1  41  2  39  3  2  4  91
  0  36  1  37  2  43  3  38  4  87
  0  59  1  55  2  47  3  98  4  57
  0  99  1  4  2  7  3  70  4  35
  0  13  1  16  2  87  3  67  4  71
  0  35  1  12  2  77  3  4  4  3
  0  20  1  49  2  63  3  75  4  54
  0  28  1  49  2  97  3  91  4  4
  0  14  1  73  2  81  3  11  4  34
  0  24  1  49  2  59  3  84  4  93
  0  92  1  59  2  37  3  40  4  41
  0  1  1  65  2  13  3  36  4  96
  0  42  1  14  2  50  3  2  4  47
  0  6  1  80  2  73  3  30  4  85
  0  49  1  19  2  86  3  55  4  15
  0  64  1  58  2  55  3  87  4  36
  0  46  1  48  2  75  3  20  4  15
  0  56  1  20  2  72  3  16  4  94
  0  8  1  72  2  57  3  56  4  49
  0  44  1  16  2  43  3  63  4  1
  0  34  1  45  2  18  3  77  4  85
  0  7  1  17  2  51  3  80  4  44
  0  18  1  83  2  45  3  93  4  30
TPM
  0  1270  1  1270  2  1270  3  1270  4  1270
PMT
  0  13  1  5  2  11  3  37  4  90
  0  47  1  44  2  29  3  49  4  49
  0  58  1  39  2  25  3  99  4  75
  0  29  1  88  2  35  3  72  4  67
  0  56  1  82  2  30  3  81  4  71
  0  86  1  43  2  90  3  96  4  35
  0  32  1  51  2  46  3  41  4  99
  0  66  1  50  2  29  3  51  4  33
