100  5
  0  1  1  49  2  63  3  82  4  9
  0  50  1  98  2  95  3  46  4  72
  0  12  1  36  2  2  3  82  4  77
  0  46  1  49  2  4  3  98  4  84
  0  37  1  40  2  62  3  72  4  96
  0  44  1  86  2  31  3  89  4  4
  0  60  1  95  2  62  3  45  4  17
  0  32  1  85  2  5  3  56  4  94
  0  7  1  90  2  27  3  84  4  24
  0  48  1  37  2  14  3  77  4  10
  0  27  1  86  2  7  3  67  4  66
  0  36  1  20  2  28  3  22  4  90
  0  80  1  15  2  19  3  54  4  93
  0  41  1  4  2  30  3  74  4  71
  0  68  1  11  2  91  3  24  4  92
  0  28  1  54  2  6  3  31  4  24
  0  68  1  70  2  32  3  90  4  77
  0  44  1  70  2  94  3  76  4  61
  0  45  1  77  2  54  3  92  4  51
  0  96  1  7  2  73  3  45  4  57
  0  19  1  69  2  56  3  43  4  30
  0  7  1  6  2  41  3  99  4  86
  0  54  1  37  2  57  3  50  4  77
  0  1  1  6  2  53  3  29  4  8
  0  95  1  80  2  71  3  62  4  10
  0  9  1  58  2  17  3  10  4  86
  0  98  1  90  2  43  3  95  4  56
  0  58  1  2  2  27  3  52  4  43
  0  97  1  55  2  65  3  33  4  82
  0  24  1  64  2  17  3  28  4  59
  0  11  1  2  2  57  3  79  4  9
  0  64  1  68  2  69  3  7  4  29
  0  19  1  31  2  59  3  4  4  45
  0  35  1  19  2  96  3  40  4  33
  0  7  1  99  2  9  3  9  4  86
  0  11  1  81  2  70  3  36  4  33
  0  57  1  13  2  98  3  77  4  95
  0  10  1  52  2  43  3  81  4  14
  0  25  1  68  2  46  3  68  4  65
  0  62  1  2  2  51  3  8  4  67
  0  28  1  29  2  36  3  21  4  22
  0  77  1  4  2  92  3  94  4  79
  0  72  1  41  2  82  3  44  4  87
  0  4  1  94  2  79  3  83  4  10
  0  26  1  13  2  8  3  92  4  9
  0  64  1  89  2  31  3  64  4  92
  0  3  1  50  2  99  3  80  4  92
  0  61  1  51  2  23  3  69  4  18
  0  63  1  47  2  93  3  25  4  68
  0  69  1  89  2  20  3  89  4  56
  0  77  1  15  2  6  3  69  4  13
  0  75  1  24  2  94  3  49  4  66
  0  61  1  91  2  95  3  93  4  43
  0  6  1  18  2  22  3  40  4  41
  0  96  1  49  2  32  3  78  4  56
  0  67  1  56  2  85  3  28  4  37
  0  68  1  66  2  96  3  58  4  48
  0  21  1  60  2  15  3  10  4  44
  0  94  1  24  2  98  3  60  4  92
  0  20  1  95  2  85  3  46  4  49
  0  55  1  59  2  65  3  66  4  45
  0  83  1  60  2  42  3  66  4  72
  0  41  1  34  2  70  3  90  4  91
  0  83  1  13  2  38  3  38  4  27
  0  89  1  2  2  19  3  51  4  58
  0  96  1  14  2  17  3  48  4  56
  0  95  1  35  2  92  3  41  4  17
  0  72  1  49  2  83  3  42  4  23
  0  91  1  93  2  82  3  63  4  86
  0  71  1  3  2  79  3  80  4  22
  0  94  1  48  2  82  3  66  4  54
  0  92  1  96  2  79  3  95  4  47
  0  41  1  12  2  78  3  15  4  71
  0  77  1  59  2  89  3  91  4  7
  0  76  1  75  2  7  3  93  4  19
  0  44  1  57  2  6  3  58  4  80
  0  61  1  9  2  44  3  37  4  15
  0  46  1  70  2  87  3  51  4  70
  0  84  1  42  2  67  3  5  4  91
  0  72  1  42  2  96  3  64  4  59
  0  23  1  86  2  79  3  63  4  57
  0  3  1  30  2  68  3  78  4  50
  0  79  1  66  2  92  3  66  4  65
  0  69  1  11  2  54  3  77  4  71
  0  33  1  16  2  45  3  2  4  72
  0  45  1  24  2  34  3  76  4  58
  0  65  1  45  2  93  3  68  4  5
  0  41  1  68  2  32  3  12  4  97
  0  94  1  19  2  71  3  62  4  35
  0  95  1  99  2  44  3  97  4  13
  0  22  1  74  2  29  3  42  4  53
  0  98  1  51  2  1  3  52  4  72
  0  77  1  54  2  62  3  29  4  56
  0  3  1  45  2  64  3  43  4  75
  0  73  1  63  2  2  3  83  4  31
  0  39  1  79  2  30  3  53  4  79
  0  4  1  53  2  93  3  21  4  4
  0  61  1  1  2  75  3  52  4  97
  0  43  1  6  2  72  3  9  4  18
  0  16  1  66  2  48  3  33  4  80
TPM
  0  1131  1  1131  2  1131  3  1131  4  1131
PMT
  0  57  1  9  2  36  3  68  4  49
  0  74  1  45  2  11  3  40  4  36
  0  95  1  14  2  59  3  11  4  19
  0  32  1  99  2  66  3  91  4  43
  0  74  1  19  2  51  3  97  4  14
  0  81  1  60  2  28  3  78  4  71
  0  40  1  32  2  67  3  94  4  38
  0  84  1  37  2  77  3  86  4  40
  0  61  1  14  2  63  3  7  4  94
