20  10
  0  45  1  11  2  99  3  58  4  30  5  7  6  88  7  70  8  71  9  30
  0  71  1  41  2  2  3  71  4  78  5  56  6  56  7  75  8  3  9  15
  0  43  1  81  2  10  3  85  4  38  5  26  6  54  7  22  8  21  9  33
  0  93  1  32  2  67  3  25  4  69  5  18  6  78  7  44  8  92  9  9
  0  95  1  76  2  55  3  54  4  28  5  98  6  62  7  73  8  13  9  99
  0  39  1  54  2  68  3  52  4  75  5  46  6  9  7  30  8  4  9  12
  0  40  1  93  2  22  3  20  4  59  5  91  6  10  7  82  8  7  9  60
  0  96  1  90  2  58  3  8  4  92  5  88  6  68  7  13  8  65  9  88
  0  69  1  86  2  48  3  28  4  13  5  66  6  10  7  11  8  10  9  47
  0  95  1  88  2  86  3  70  4  59  5  70  6  74  7  11  8  17  9  73
  0  7  1  56  2  99  3  44  4  78  5  47  6  89  7  23  8  99  9  34
  0  64  1  26  2  43  3  71  4  86  5  56  6  72  7  45  8  7  9  93
  0  2  1  9  2  71  3  4  4  14  5  76  6  54  7  73  8  48  9  2
  0  59  1  61  2  30  3  24  4  43  5  20  6  6  7  82  8  75  9  37
  0  5  1  17  2  33  3  89  4  37  5  3  6  82  7  14  8  2  9  99
  0  9  1  35  2  75  3  10  4  94  5  15  6  85  7  63  8  54  9  95
  0  98  1  91  2  72  3  72  4  84  5  43  6  16  7  97  8  23  9  66
  0  98  1  11  2  76  3  59  4  40  5  59  6  35  7  40  8  32  9  25
  0  14  1  29  2  1  3  4  4  55  5  9  6  50  7  75  8  72  9  23
  0  99  1  79  2  28  3  25  4  66  5  81  6  37  7  82  8  51  9  83
TPM
  0  530  1  530  2  530  3  530  4  530  5  530  6  530  7  530  8  530  9  530
PMT
  0  57  1  20  2  35  3  34  4  17  5  119  6  61  7  112  8  8  9  78
  0  5  1  84  2  97  3  28  4  19  5  115  6  123  7  38  8  52  9  58
  0  65  1  104  2  34  3  55  4  24  5  75  6  21  7  21  8  14  9  3
  0  35  1  11  2  28  3  12  4  67  5  87  6  29  7  1  8  23  9  19
