50  5
  0  40  1  78  2  1  3  70  4  47
  0  2  1  23  2  82  3  33  4  62
  0  58  1  89  2  46  3  87  4  80
  0  32  1  30  2  32  3  90  4  91
  0  63  1  22  2  53  3  2  4  14
  0  2  1  15  2  51  3  61  4  22
  0  57  1  56  2  53  3  82  4  56
  0  3  1  83  2  95  3  68  4  65
  0  15  1  68  2  53  3  75  4  86
  0  96  1  11  2  89  3  65  4  21
  0  89  1  73  2  54  3  96  4  88
  0  13  1  47  2  66  3  69  4  11
  0  92  1  51  2  43  3  34  4  36
  0  88  1  8  2  13  3  3  4  81
  0  41  1  18  2  87  3  43  4  70
  0  61  1  40  2  55  3  97  4  95
  0  57  1  63  2  26  3  8  4  49
  0  79  1  26  2  31  3  3  4  81
  0  45  1  32  2  88  3  98  4  26
  0  31  1  71  2  54  3  22  4  67
  0  26  1  92  2  91  3  25  4  64
  0  93  1  29  2  72  3  24  4  88
  0  61  1  88  2  85  3  1  4  7
  0  68  1  1  2  80  3  94  4  36
  0  68  1  16  2  76  3  22  4  74
  0  41  1  80  2  55  3  89  4  61
  0  94  1  95  2  91  3  62  4  77
  0  11  1  55  2  2  3  29  4  49
  0  28  1  76  2  80  3  96  4  76
  0  7  1  71  2  91  3  84  4  7
  0  30  1  47  2  25  3  16  4  81
  0  2  1  51  2  9  3  39  4  4
  0  63  1  18  2  59  3  93  4  58
  0  26  1  63  2  39  3  63  4  27
  0  53  1  46  2  10  3  47  4  90
  0  36  1  4  2  76  3  92  4  81
  0  95  1  70  2  75  3  22  4  50
  0  4  1  58  2  10  3  85  4  81
  0  90  1  63  2  13  3  59  4  80
  0  19  1  7  2  22  3  22  4  13
  0  88  1  6  2  69  3  30  4  97
  0  81  1  86  2  13  3  83  4  33
  0  77  1  2  2  47  3  85  4  83
  0  57  1  16  2  78  3  90  4  94
  0  17  1  90  2  83  3  9  4  4
  0  48  1  53  2  94  3  37  4  87
  0  35  1  72  2  27  3  49  4  25
  0  84  1  90  2  14  3  18  4  22
  0  78  1  29  2  62  3  81  4  76
  0  65  1  15  2  89  3  90  4  16
TPM
  0  1039  1  1039  2  1039  3  1039  4  1039
PMT
  0  64  1  32  2  82  3  30  4  34
  0  9  1  68  2  108  3  14  4  10
  0  104  1  96  2  136  3  148  4  102
  0  70  1  77  2  10  3  87  4  42
  0  142  1  71  2  144  3  58  4  30
