20  10
  0  56  1  69  2  76  3  28  4  10  5  1  6  98  7  62  8  79  9  58
  0  16  1  83  2  83  3  13  4  97  5  74  6  9  7  36  8  38  9  94
  0  34  1  22  2  73  3  11  4  40  5  51  6  89  7  32  8  10  9  20
  0  55  1  22  2  51  3  77  4  9  5  15  6  2  7  50  8  74  9  53
  0  84  1  51  2  93  3  26  4  24  5  91  6  95  7  81  8  64  9  56
  0  41  1  30  2  17  3  98  4  19  5  72  6  49  7  71  8  73  9  9
  0  91  1  1  2  82  3  30  4  12  5  68  6  47  7  85  8  98  9  57
  0  25  1  65  2  46  3  75  4  39  5  73  6  30  7  69  8  45  9  58
  0  16  1  84  2  19  3  21  4  52  5  43  6  33  7  38  8  24  9  27
  0  94  1  59  2  72  3  17  4  89  5  60  6  20  7  96  8  48  9  68
  0  35  1  38  2  22  3  96  4  39  5  32  6  48  7  39  8  44  9  2
  0  24  1  28  2  63  3  57  4  42  5  45  6  29  7  40  8  33  9  43
  0  27  1  78  2  34  3  21  4  25  5  69  6  74  7  47  8  43  9  30
  0  42  1  46  2  5  3  98  4  82  5  70  6  67  7  85  8  34  9  35
  0  21  1  88  2  5  3  88  4  89  5  25  6  47  7  37  8  94  9  65
  0  84  1  51  2  56  3  46  4  91  5  33  6  30  7  1  8  33  9  5
  0  29  1  50  2  27  3  50  4  59  5  34  6  69  7  37  8  70  9  67
  0  33  1  75  2  18  3  63  4  54  5  18  6  59  7  51  8  45  9  78
  0  55  1  84  2  98  3  48  4  41  5  18  6  86  7  34  8  76  9  90
  0  55  1  20  2  11  3  54  4  73  5  65  6  8  7  28  8  89  9  72
TPM
  0  530  1  530  2  530  3  530  4  530  5  530  6  530  7  530  8  530  9  530
PMT
  0  29  1  105  2  1  3  116  4  4  5  3  6  54  7  97  8  31  9  22
  0  22  1  8  2  111  3  75  4  45  5  77  6  67  7  66  8  92  9  102
  0  90  1  90  2  40  3  90  4  2  5  80  6  29  7  43  8  26  9  80
  0  145  1  121  2  27  3  78  4  20  5  85  6  77  7  29  8  12  9  91
