200  10
  0  97  1  46  2  69  3  74  4  8  5  83  6  48  7  98  8  45  9  57
  0  32  1  53  2  75  3  74  4  90  5  21  6  21  7  45  8  90  9  57
  0  13  1  61  2  32  3  92  4  13  5  95  6  42  7  41  8  4  9  32
  0  90  1  40  2  64  3  42  4  18  5  22  6  77  7  35  8  82  9  95
  0  59  1  68  2  64  3  15  4  84  5  96  6  88  7  18  8  54  9  82
  0  44  1  1  2  38  3  13  4  27  5  50  6  72  7  80  8  27  9  29
  0  11  1  29  2  28  3  17  4  51  5  82  6  4  7  40  8  85  9  90
  0  22  1  35  2  47  3  63  4  94  5  35  6  59  7  87  8  27  9  76
  0  94  1  46  2  67  3  64  4  12  5  69  6  47  7  41  8  27  9  96
  0  65  1  50  2  25  3  45  4  73  5  80  6  44  7  82  8  35  9  47
  0  56  1  69  2  94  3  37  4  48  5  24  6  65  7  23  8  73  9  4
  0  15  1  26  2  24  3  24  4  30  5  80  6  43  7  58  8  69  9  39
  0  83  1  74  2  39  3  4  4  77  5  20  6  59  7  89  8  66  9  49
  0  93  1  42  2  32  3  59  4  78  5  79  6  89  7  77  8  48  9  17
  0  65  1  18  2  61  3  2  4  59  5  96  6  78  7  67  8  54  9  77
  0  24  1  75  2  41  3  86  4  58  5  23  6  62  7  12  8  21  9  10
  0  82  1  87  2  39  3  11  4  64  5  17  6  2  7  97  8  87  9  95
  0  39  1  90  2  35  3  25  4  76  5  48  6  59  7  42  8  33  9  24
  0  79  1  96  2  89  3  40  4  85  5  54  6  56  7  69  8  37  9  3
  0  96  1  13  2  93  3  97  4  7  5  18  6  24  7  73  8  46  9  86
  0  50  1  94  2  63  3  50  4  49  5  40  6  75  7  19  8  21  9  31
  0  94  1  33  2  71  3  55  4  99  5  81  6  92  7  41  8  95  9  41
  0  25  1  91  2  25  3  79  4  43  5  74  6  10  7  12  8  91  9  26
  0  46  1  96  2  70  3  38  4  69  5  33  6  36  7  98  8  70  9  71
  0  79  1  33  2  39  3  61  4  92  5  61  6  38  7  4  8  26  9  58
  0  65  1  68  2  13  3  99  4  45  5  99  6  9  7  7  8  36  9  26
  0  64  1  45  2  83  3  38  4  33  5  33  6  34  7  11  8  90  9  56
  0  79  1  73  2  11  3  9  4  17  5  55  6  23  7  93  8  38  9  70
  0  39  1  61  2  80  3  14  4  51  5  67  6  99  7  69  8  13  9  82
  0  51  1  73  2  53  3  70  4  96  5  77  6  11  7  33  8  62  9  87
  0  70  1  89  2  19  3  2  4  30  5  19  6  57  7  46  8  53  9  4
  0  87  1  4  2  75  3  49  4  82  5  72  6  55  7  56  8  32  9  91
  0  13  1  80  2  96  3  52  4  81  5  11  6  70  7  39  8  66  9  37
  0  82  1  1  2  96  3  94  4  8  5  38  6  88  7  15  8  66  9  49
  0  91  1  12  2  25  3  81  4  66  5  70  6  39  7  71  8  4  9  47
  0  86  1  80  2  6  3  78  4  91  5  43  6  87  7  48  8  46  9  7
  0  51  1  87  2  52  3  19  4  55  5  87  6  67  7  73  8  79  9  47
  0  25  1  58  2  58  3  7  4  40  5  40  6  34  7  15  8  45  9  74
  0  38  1  42  2  10  3  54  4  30  5  46  6  32  7  8  8  25  9  32
  0  14  1  21  2  6  3  75  4  53  5  44  6  95  7  6  8  20  9  8
  0  33  1  59  2  91  3  56  4  86  5  50  6  73  7  74  8  85  9  19
  0  22  1  73  2  66  3  63  4  50  5  40  6  60  7  52  8  88  9  93
  0  60  1  83  2  15  3  79  4  58  5  34  6  95  7  14  8  33  9  7
  0  88  1  46  2  22  3  90  4  3  5  3  6  27  7  73  8  19  9  37
  0  22  1  66  2  18  3  95  4  60  5  53  6  57  7  75  8  12  9  58
  0  9  1  28  2  74  3  94  4  44  5  39  6  29  7  43  8  16  9  94
  0  44  1  67  2  99  3  5  4  53  5  76  6  67  7  43  8  41  9  77
  0  21  1  37  2  31  3  84  4  6  5  1  6  53  7  74  8  81  9  3
  0  39  1  22  2  19  3  23  4  61  5  26  6  46  7  13  8  23  9  27
  0  76  1  86  2  72  3  85  4  79  5  5  6  77  7  46  8  76  9  7
  0  7  1  35  2  75  3  44  4  88  5  44  6  88  7  80  8  46  9  11
  0  77  1  73  2  35  3  95  4  20  5  72  6  31  7  10  8  18  9  74
  0  39  1  58  2  66  3  26  4  23  5  80  6  57  7  75  8  80  9  26
  0  91  1  3  2  14  3  86  4  30  5  82  6  62  7  64  8  92  9  60
  0  1  1  64  2  96  3  45  4  31  5  27  6  88  7  54  8  6  9  48
  0  8  1  51  2  61  3  50  4  2  5  77  6  66  7  89  8  61  9  55
  0  90  1  36  2  56  3  25  4  68  5  45  6  83  7  36  8  6  9  9
  0  73  1  97  2  44  3  59  4  97  5  85  6  98  7  59  8  80  9  27
  0  22  1  14  2  16  3  32  4  66  5  64  6  25  7  40  8  36  9  72
  0  26  1  90  2  72  3  92  4  86  5  51  6  88  7  94  8  86  9  46
  0  64  1  86  2  9  3  84  4  68  5  40  6  36  7  69  8  48  9  33
  0  27  1  35  2  32  3  50  4  93  5  62  6  16  7  9  8  5  9  47
  0  32  1  8  2  81  3  34  4  30  5  7  6  78  7  38  8  8  9  85
  0  43  1  12  2  71  3  50  4  9  5  44  6  29  7  70  8  71  9  78
  0  29  1  80  2  35  3  3  4  1  5  68  6  44  7  44  8  63  9  32
  0  36  1  63  2  15  3  94  4  64  5  47  6  9  7  85  8  2  9  29
  0  72  1  43  2  6  3  90  4  48  5  99  6  6  7  32  8  45  9  35
  0  64  1  4  2  30  3  32  4  88  5  39  6  6  7  53  8  23  9  39
  0  50  1  34  2  42  3  86  4  13  5  54  6  11  7  99  8  91  9  31
  0  4  1  49  2  45  3  60  4  79  5  97  6  7  7  79  8  61  9  38
  0  99  1  39  2  77  3  42  4  77  5  11  6  49  7  35  8  42  9  59
  0  35  1  65  2  9  3  55  4  70  5  47  6  15  7  25  8  59  9  67
  0  98  1  40  2  10  3  5  4  1  5  1  6  22  7  4  8  48  9  79
  0  60  1  84  2  41  3  8  4  72  5  1  6  38  7  39  8  53  9  64
  0  17  1  9  2  39  3  99  4  58  5  83  6  96  7  8  8  76  9  68
  0  47  1  35  2  92  3  5  4  19  5  86  6  27  7  98  8  42  9  40
  0  61  1  34  2  18  3  26  4  80  5  86  6  17  7  91  8  19  9  30
  0  15  1  83  2  50  3  96  4  44  5  76  6  8  7  51  8  23  9  66
  0  16  1  64  2  17  3  95  4  73  5  15  6  9  7  69  8  30  9  59
  0  1  1  95  2  25  3  26  4  72  5  49  6  93  7  41  8  76  9  38
  0  62  1  94  2  25  3  33  4  79  5  88  6  11  7  88  8  55  9  38
  0  77  1  50  2  16  3  15  4  12  5  49  6  79  7  52  8  34  9  7
  0  26  1  56  2  7  3  17  4  7  5  78  6  92  7  75  8  20  9  57
  0  20  1  67  2  53  3  40  4  50  5  34  6  52  7  19  8  51  9  84
  0  88  1  66  2  14  3  23  4  23  5  40  6  74  7  5  8  89  9  96
  0  23  1  39  2  45  3  36  4  26  5  6  6  63  7  64  8  70  9  58
  0  64  1  43  2  16  3  18  4  15  5  66  6  34  7  92  8  34  9  92
  0  31  1  72  2  83  3  5  4  16  5  77  6  49  7  82  8  51  9  76
  0  21  1  20  2  84  3  86  4  35  5  14  6  73  7  25  8  40  9  99
  0  26  1  82  2  93  3  24  4  38  5  34  6  9  7  70  8  96  9  96
  0  1  1  85  2  64  3  18  4  5  5  67  6  89  7  43  8  67  9  4
  0  88  1  90  2  30  3  92  4  1  5  55  6  54  7  74  8  13  9  93
  0  72  1  46  2  5  3  68  4  39  5  47  6  57  7  68  8  34  9  43
  0  34  1  18  2  44  3  44  4  19  5  45  6  8  7  15  8  70  9  78
  0  18  1  85  2  37  3  76  4  11  5  79  6  32  7  32  8  77  9  75
  0  65  1  89  2  84  3  11  4  80  5  67  6  98  7  79  8  50  9  81
  0  33  1  73  2  21  3  8  4  71  5  84  6  14  7  35  8  35  9  50
  0  19  1  77  2  4  3  32  4  45  5  74  6  99  7  39  8  15  9  86
  0  91  1  42  2  98  3  48  4  88  5  45  6  52  7  63  8  31  9  10
  0  90  1  41  2  83  3  43  4  6  5  5  6  1  7  92  8  19  9  26
  0  20  1  24  2  23  3  65  4  91  5  64  6  66  7  32  8  70  9  28
  0  61  1  71  2  98  3  71  4  33  5  61  6  87  7  48  8  45  9  74
  0  60  1  46  2  58  3  25  4  4  5  29  6  16  7  28  8  67  9  25
  0  55  1  15  2  83  3  32  4  96  5  2  6  13  7  27  8  53  9  3
  0  33  1  95  2  63  3  23  4  15  5  30  6  44  7  80  8  71  9  62
  0  14  1  49  2  75  3  17  4  32  5  16  6  51  7  5  8  53  9  78
  0  18  1  10  2  97  3  56  4  36  5  16  6  81  7  77  8  63  9  83
  0  61  1  51  2  41  3  87  4  84  5  58  6  69  7  56  8  53  9  13
  0  22  1  76  2  35  3  72  4  28  5  69  6  91  7  5  8  21  9  40
  0  97  1  41  2  16  3  44  4  71  5  63  6  78  7  59  8  45  9  18
  0  1  1  16  2  47  3  47  4  85  5  46  6  69  7  81  8  7  9  56
  0  37  1  27  2  7  3  24  4  16  5  59  6  34  7  74  8  21  9  93
  0  50  1  96  2  6  3  84  4  36  5  96  6  51  7  6  8  98  9  94
  0  79  1  78  2  49  3  30  4  68  5  69  6  95  7  6  8  37  9  73
  0  85  1  10  2  23  3  46  4  84  5  82  6  88  7  58  8  75  9  20
  0  3  1  86  2  11  3  34  4  10  5  58  6  69  7  4  8  66  9  12
  0  74  1  98  2  8  3  51  4  96  5  50  6  85  7  5  8  39  9  1
  0  82  1  4  2  77  3  64  4  90  5  51  6  3  7  78  8  11  9  50
  0  94  1  17  2  24  3  2  4  18  5  7  6  19  7  97  8  19  9  75
  0  96  1  67  2  72  3  93  4  74  5  57  6  93  7  21  8  60  9  46
  0  26  1  55  2  79  3  21  4  68  5  38  6  69  7  83  8  98  9  79
  0  69  1  50  2  1  3  93  4  69  5  60  6  24  7  65  8  19  9  16
  0  5  1  89  2  73  3  16  4  50  5  46  6  55  7  53  8  55  9  7
  0  53  1  95  2  2  3  93  4  75  5  57  6  59  7  21  8  42  9  39
  0  96  1  2  2  74  3  5  4  67  5  1  6  30  7  93  8  19  9  53
  0  71  1  15  2  57  3  95  4  78  5  58  6  50  7  68  8  48  9  27
  0  63  1  94  2  32  3  63  4  52  5  32  6  97  7  28  8  63  9  70
  0  42  1  75  2  11  3  5  4  66  5  93  6  30  7  10  8  95  9  41
  0  35  1  12  2  16  3  73  4  24  5  13  6  47  7  55  8  9  9  20
  0  82  1  99  2  59  3  87  4  60  5  66  6  4  7  85  8  47  9  32
  0  11  1  18  2  54  3  4  4  46  5  94  6  9  7  30  8  89  9  10
  0  57  1  47  2  41  3  76  4  67  5  59  6  65  7  31  8  64  9  24
  0  47  1  2  2  10  3  26  4  51  5  15  6  6  7  30  8  19  9  59
  0  3  1  51  2  43  3  62  4  15  5  95  6  94  7  21  8  93  9  59
  0  11  1  15  2  8  3  68  4  45  5  77  6  19  7  17  8  55  9  10
  0  68  1  38  2  79  3  63  4  10  5  92  6  12  7  20  8  39  9  88
  0  3  1  59  2  20  3  47  4  16  5  73  6  13  7  80  8  38  9  81
  0  40  1  58  2  23  3  53  4  43  5  64  6  96  7  42  8  38  9  78
  0  82  1  79  2  49  3  31  4  5  5  98  6  90  7  19  8  76  9  70
  0  29  1  81  2  96  3  84  4  30  5  67  6  2  7  92  8  88  9  44
  0  48  1  17  2  90  3  40  4  18  5  79  6  60  7  8  8  81  9  90
  0  69  1  56  2  50  3  41  4  45  5  92  6  16  7  46  8  83  9  57
  0  45  1  54  2  50  3  59  4  81  5  27  6  42  7  42  8  83  9  30
  0  32  1  32  2  82  3  14  4  19  5  47  6  53  7  63  8  56  9  73
  0  25  1  41  2  36  3  46  4  74  5  65  6  50  7  72  8  90  9  90
  0  49  1  93  2  81  3  78  4  73  5  76  6  78  7  78  8  40  9  83
  0  61  1  67  2  86  3  46  4  92  5  5  6  21  7  56  8  50  9  98
  0  30  1  49  2  92  3  5  4  35  5  28  6  86  7  93  8  8  9  76
  0  97  1  62  2  72  3  44  4  13  5  69  6  76  7  98  8  46  9  22
  0  87  1  85  2  46  3  55  4  48  5  46  6  14  7  66  8  23  9  78
  0  93  1  97  2  84  3  27  4  87  5  88  6  42  7  60  8  31  9  37
  0  12  1  68  2  93  3  36  4  67  5  62  6  33  7  75  8  36  9  97
  0  83  1  38  2  21  3  26  4  67  5  16  6  61  7  51  8  75  9  22
  0  74  1  54  2  32  3  93  4  21  5  8  6  55  7  96  8  9  9  90
  0  65  1  78  2  11  3  69  4  27  5  31  6  72  7  31  8  96  9  65
  0  30  1  54  2  28  3  4  4  54  5  67  6  63  7  41  8  24  9  35
  0  92  1  39  2  53  3  59  4  79  5  40  6  45  7  2  8  75  9  27
  0  61  1  44  2  65  3  69  4  4  5  60  6  32  7  15  8  54  9  66
  0  25  1  27  2  38  3  55  4  57  5  87  6  80  7  51  8  90  9  93
  0  85  1  32  2  70  3  32  4  63  5  3  6  13  7  11  8  61  9  25
  0  69  1  72  2  6  3  31  4  16  5  32  6  38  7  77  8  34  9  96
  0  4  1  18  2  2  3  69  4  42  5  96  6  85  7  57  8  66  9  5
  0  18  1  6  2  47  3  34  4  3  5  58  6  35  7  24  8  73  9  98
  0  77  1  2  2  98  3  22  4  22  5  44  6  18  7  60  8  17  9  17
  0  47  1  33  2  41  3  67  4  75  5  22  6  26  7  82  8  68  9  72
  0  56  1  37  2  28  3  80  4  61  5  89  6  74  7  22  8  27  9  95
  0  66  1  19  2  3  3  64  4  62  5  59  6  69  7  59  8  88  9  16
  0  93  1  31  2  72  3  27  4  12  5  30  6  58  7  35  8  74  9  23
  0  99  1  91  2  71  3  40  4  18  5  91  6  30  7  6  8  56  9  73
  0  22  1  27  2  60  3  6  4  48  5  53  6  97  7  63  8  79  9  35
  0  54  1  33  2  73  3  32  4  4  5  25  6  87  7  54  8  26  9  75
  0  72  1  37  2  12  3  66  4  9  5  88  6  99  7  81  8  11  9  48
  0  10  1  6  2  31  3  55  4  90  5  15  6  25  7  16  8  83  9  10
  0  65  1  11  2  60  3  15  4  10  5  86  6  21  7  18  8  66  9  20
  0  21  1  36  2  9  3  53  4  77  5  42  6  43  7  40  8  97  9  65
  0  10  1  38  2  86  3  59  4  89  5  52  6  54  7  20  8  47  9  9
  0  35  1  68  2  14  3  13  4  64  5  37  6  14  7  23  8  94  9  44
  0  74  1  40  2  46  3  27  4  73  5  6  6  8  7  64  8  24  9  35
  0  52  1  26  2  85  3  57  4  25  5  20  6  62  7  24  8  12  9  19
  0  30  1  95  2  8  3  4  4  87  5  46  6  35  7  42  8  43  9  25
  0  83  1  86  2  62  3  62  4  70  5  77  6  57  7  35  8  51  9  69
  0  79  1  95  2  15  3  20  4  49  5  43  6  53  7  17  8  39  9  7
  0  89  1  25  2  90  3  48  4  97  5  76  6  28  7  2  8  61  9  45
  0  9  1  34  2  36  3  73  4  10  5  65  6  27  7  40  8  52  9  94
  0  98  1  90  2  13  3  29  4  55  5  70  6  60  7  91  8  91  9  27
  0  36  1  72  2  77  3  76  4  46  5  44  6  38  7  43  8  52  9  51
  0  40  1  32  2  73  3  50  4  88  5  78  6  21  7  60  8  13  9  84
  0  52  1  40  2  77  3  56  4  4  5  24  6  54  7  72  8  35  9  56
  0  44  1  71  2  96  3  24  4  29  5  28  6  18  7  71  8  1  9  55
  0  53  1  50  2  85  3  57  4  50  5  32  6  67  7  19  8  27  9  91
  0  88  1  4  2  53  3  39  4  55  5  90  6  11  7  51  8  8  9  92
  0  35  1  50  2  7  3  17  4  91  5  95  6  62  7  58  8  26  9  25
  0  97  1  58  2  2  3  36  4  26  5  47  6  7  7  95  8  89  9  61
  0  85  1  38  2  78  3  9  4  53  5  64  6  38  7  13  8  65  9  66
  0  24  1  66  2  79  3  41  4  66  5  73  6  15  7  59  8  59  9  63
  0  94  1  8  2  81  3  93  4  44  5  30  6  3  7  96  8  59  9  13
  0  57  1  14  2  82  3  9  4  71  5  33  6  50  7  97  8  71  9  38
  0  78  1  6  2  27  3  99  4  35  5  57  6  94  7  99  8  90  9  14
  0  65  1  60  2  48  3  30  4  39  5  1  6  3  7  36  8  71  9  72
  0  75  1  15  2  65  3  30  4  29  5  47  6  22  7  28  8  44  9  28
TPM
  0  1786  1  1786  2  1786  3  1786  4  1786  5  1786  6  1786  7  1786  8  1786  9  1786
PMT
  0  10  1  18  2  9  3  22  4  14  5  17  6  5  7  21  8  14  9  24
  0  17  1  23  2  22  3  21  4  3  5  3  6  1  7  3  8  19  9  10
  0  1  1  3  2  19  3  22  4  24  5  3  6  15  7  8  8  11  9  17
  0  10  1  13  2  17  3  7  4  1  5  6  6  15  7  5  8  3  9  16
  0  1  1  4  2  6  3  18  4  3  5  1  6  4  7  18  8  10  9  12
  0  12  1  3  2  19  3  5  4  9  5  22  6  5  7  1  8  11  9  16
  0  6  1  11  2  9  3  19  4  4  5  1  6  4  7  21  8  3  9  18
  0  6  1  24  2  18  3  11  4  15  5  10  6  16  7  21  8  21  9  13
  0  13  1  11  2  15  3  1  4  24  5  19  6  18  7  4  8  1  9  24
  0  17  1  23  2  1  3  18  4  10  5  5  6  21  7  21  8  23  9  13
  0  20  1  3  2  8  3  11  4  1  5  7  6  2  7  9  8  12  9  8
  0  14  1  23  2  23  3  2  4  13  5  12  6  18  7  7  8  17  9  7
