100  15
  0  61  1  17  2  13  3  73  4  58  5  4  6  4  7  34  8  65  9  69  10  65  11  16  12  54  13  96  14  98
  0  97  1  32  2  98  3  65  4  66  5  15  6  38  7  96  8  38  9  61  10  64  11  69  12  6  13  59  14  14
  0  90  1  35  2  52  3  40  4  61  5  45  6  73  7  84  8  6  9  22  10  77  11  99  12  86  13  73  14  32
  0  76  1  48  2  9  3  89  4  59  5  58  6  6  7  45  8  26  9  29  10  7  11  66  12  78  13  50  14  38
  0  39  1  77  2  67  3  65  4  75  5  8  6  68  7  12  8  65  9  48  10  84  11  12  12  80  13  7  14  5
  0  79  1  49  2  34  3  68  4  98  5  74  6  8  7  74  8  82  9  57  10  85  11  29  12  53  13  42  14  39
  0  28  1  31  2  8  3  32  4  24  5  43  6  58  7  5  8  50  9  90  10  3  11  64  12  77  13  33  14  13
  0  18  1  43  2  75  3  1  4  73  5  71  6  66  7  69  8  99  9  78  10  52  11  10  12  45  13  22  14  35
  0  57  1  20  2  45  3  38  4  25  5  14  6  34  7  67  8  89  9  6  10  68  11  23  12  83  13  68  14  46
  0  18  1  19  2  99  3  15  4  79  5  61  6  14  7  40  8  63  9  15  10  79  11  77  12  93  13  93  14  95
  0  50  1  9  2  84  3  31  4  41  5  90  6  34  7  74  8  40  9  90  10  15  11  74  12  28  13  78  14  41
  0  57  1  67  2  97  3  53  4  54  5  34  6  86  7  90  8  87  9  27  10  91  11  11  12  79  13  27  14  15
  0  31  1  92  2  79  3  33  4  7  5  20  6  49  7  96  8  60  9  78  10  55  11  16  12  37  13  64  14  82
  0  53  1  39  2  94  3  41  4  10  5  76  6  28  7  5  8  65  9  31  10  44  11  56  12  6  13  14  14  23
  0  25  1  51  2  79  3  54  4  94  5  68  6  14  7  76  8  99  9  40  10  12  11  5  12  62  13  96  14  16
  0  17  1  27  2  68  3  76  4  6  5  88  6  88  7  58  8  3  9  31  10  65  11  7  12  42  13  21  14  10
  0  39  1  20  2  17  3  60  4  28  5  65  6  98  7  77  8  5  9  28  10  16  11  80  12  80  13  46  14  15
  0  41  1  71  2  62  3  5  4  72  5  82  6  81  7  48  8  72  9  74  10  1  11  9  12  10  13  26  14  58
  0  83  1  61  2  59  3  72  4  92  5  31  6  98  7  73  8  19  9  24  10  84  11  40  12  19  13  57  14  39
  0  12  1  38  2  6  3  78  4  23  5  2  6  40  7  22  8  77  9  80  10  1  11  12  12  82  13  32  14  99
  0  79  1  81  2  81  3  69  4  4  5  70  6  86  7  75  8  47  9  89  10  99  11  72  12  66  13  20  14  24
  0  82  1  45  2  22  3  26  4  1  5  73  6  5  7  53  8  74  9  90  10  11  11  66  12  14  13  60  14  48
  0  87  1  12  2  39  3  15  4  16  5  93  6  62  7  90  8  80  9  35  10  58  11  89  12  8  13  90  14  73
  0  10  1  42  2  47  3  37  4  12  5  43  6  85  7  47  8  8  9  36  10  4  11  17  12  65  13  8  14  56
  0  22  1  37  2  58  3  99  4  60  5  76  6  64  7  46  8  79  9  1  10  98  11  75  12  55  13  13  14  28
  0  46  1  33  2  95  3  77  4  19  5  39  6  31  7  24  8  74  9  50  10  19  11  73  12  81  13  63  14  87
  0  24  1  70  2  5  3  28  4  24  5  93  6  84  7  97  8  69  9  90  10  60  11  59  12  13  13  89  14  90
  0  64  1  67  2  9  3  82  4  99  5  32  6  40  7  56  8  44  9  74  10  30  11  89  12  14  13  35  14  90
  0  24  1  87  2  59  3  3  4  24  5  38  6  58  7  1  8  31  9  25  10  49  11  40  12  65  13  11  14  40
  0  97  1  50  2  11  3  53  4  51  5  68  6  82  7  4  8  32  9  74  10  27  11  69  12  69  13  31  14  59
  0  34  1  38  2  27  3  41  4  73  5  1  6  4  7  23  8  30  9  5  10  6  11  16  12  87  13  63  14  15
  0  90  1  41  2  46  3  53  4  84  5  32  6  44  7  41  8  45  9  82  10  90  11  66  12  73  13  56  14  58
  0  98  1  8  2  30  3  59  4  33  5  86  6  50  7  12  8  75  9  77  10  4  11  64  12  94  13  46  14  42
  0  76  1  86  2  23  3  24  4  8  5  50  6  81  7  72  8  64  9  62  10  29  11  56  12  89  13  85  14  87
  0  50  1  16  2  73  3  5  4  28  5  15  6  34  7  28  8  90  9  87  10  79  11  38  12  39  13  17  14  68
  0  2  1  38  2  49  3  15  4  20  5  41  6  82  7  27  8  61  9  60  10  87  11  1  12  13  13  7  14  77
  0  68  1  88  2  37  3  14  4  93  5  80  6  78  7  91  8  56  9  31  10  19  11  80  12  61  13  76  14  90
  0  75  1  80  2  86  3  72  4  4  5  91  6  83  7  88  8  94  9  1  10  48  11  5  12  90  13  31  14  13
  0  14  1  82  2  34  3  13  4  75  5  71  6  56  7  58  8  75  9  6  10  59  11  28  12  77  13  42  14  77
  0  7  1  11  2  30  3  65  4  15  5  12  6  12  7  69  8  6  9  12  10  97  11  21  12  32  13  35  14  53
  0  39  1  88  2  48  3  6  4  83  5  6  6  91  7  64  8  17  9  48  10  61  11  96  12  34  13  14  14  31
  0  30  1  90  2  79  3  43  4  46  5  42  6  17  7  94  8  98  9  56  10  66  11  96  12  71  13  71  14  62
  0  97  1  57  2  15  3  34  4  79  5  29  6  4  7  31  8  83  9  16  10  87  11  49  12  21  13  32  14  4
  0  47  1  61  2  98  3  70  4  85  5  29  6  67  7  13  8  37  9  28  10  38  11  18  12  34  13  78  14  20
  0  67  1  57  2  63  3  83  4  58  5  85  6  71  7  6  8  61  9  64  10  18  11  4  12  37  13  51  14  85
  0  6  1  28  2  51  3  74  4  7  5  95  6  54  7  7  8  12  9  60  10  34  11  88  12  59  13  79  14  68
  0  36  1  76  2  57  3  96  4  20  5  17  6  77  7  18  8  81  9  69  10  6  11  95  12  34  13  56  14  95
  0  32  1  32  2  38  3  94  4  15  5  93  6  15  7  53  8  55  9  6  10  76  11  51  12  78  13  27  14  40
  0  22  1  15  2  92  3  1  4  22  5  25  6  78  7  43  8  87  9  43  10  66  11  31  12  72  13  29  14  40
  0  51  1  47  2  58  3  81  4  76  5  28  6  87  7  64  8  83  9  36  10  96  11  54  12  33  13  37  14  57
  0  61  1  12  2  85  3  12  4  19  5  75  6  76  7  50  8  68  9  48  10  11  11  15  12  74  13  73  14  76
  0  82  1  15  2  22  3  37  4  84  5  3  6  94  7  81  8  86  9  52  10  75  11  47  12  25  13  73  14  30
  0  49  1  71  2  78  3  56  4  67  5  83  6  29  7  15  8  68  9  45  10  40  11  22  12  78  13  25  14  51
  0  60  1  17  2  88  3  7  4  51  5  66  6  58  7  8  8  92  9  46  10  90  11  41  12  56  13  96  14  26
  0  82  1  94  2  4  3  35  4  40  5  6  6  23  7  45  8  83  9  56  10  76  11  47  12  63  13  54  14  29
  0  2  1  36  2  31  3  74  4  94  5  35  6  71  7  93  8  12  9  54  10  97  11  42  12  43  13  37  14  90
  0  1  1  25  2  93  3  29  4  97  5  75  6  74  7  47  8  67  9  99  10  87  11  65  12  14  13  56  14  30
  0  36  1  9  2  17  3  65  4  1  5  16  6  59  7  90  8  70  9  37  10  68  11  44  12  62  13  23  14  53
  0  66  1  47  2  85  3  86  4  14  5  10  6  14  7  37  8  81  9  16  10  68  11  40  12  92  13  34  14  26
  0  37  1  50  2  62  3  71  4  78  5  69  6  60  7  87  8  58  9  33  10  85  11  70  12  41  13  28  14  66
  0  75  1  90  2  76  3  94  4  83  5  14  6  49  7  93  8  14  9  74  10  32  11  2  12  57  13  48  14  93
  0  78  1  90  2  19  3  56  4  26  5  80  6  34  7  75  8  79  9  19  10  79  11  91  12  5  13  27  14  30
  0  98  1  17  2  21  3  92  4  32  5  3  6  36  7  48  8  96  9  13  10  45  11  58  12  65  13  43  14  21
  0  94  1  34  2  46  3  19  4  93  5  99  6  26  7  5  8  70  9  4  10  4  11  24  12  26  13  68  14  68
  0  97  1  27  2  94  3  46  4  10  5  58  6  22  7  45  8  92  9  71  10  50  11  74  12  38  13  74  14  93
  0  31  1  2  2  39  3  98  4  6  5  55  6  19  7  52  8  57  9  22  10  14  11  71  12  53  13  97  14  15
  0  33  1  70  2  30  3  10  4  2  5  14  6  28  7  51  8  51  9  95  10  8  11  4  12  1  13  64  14  5
  0  22  1  96  2  10  3  4  4  31  5  20  6  56  7  76  8  16  9  7  10  23  11  19  12  29  13  91  14  27
  0  20  1  76  2  28  3  53  4  32  5  48  6  48  7  7  8  94  9  2  10  49  11  28  12  48  13  6  14  32
  0  44  1  38  2  12  3  26  4  74  5  85  6  8  7  76  8  23  9  91  10  69  11  76  12  21  13  86  14  20
  0  70  1  99  2  51  3  55  4  63  5  13  6  65  7  98  8  10  9  38  10  59  11  98  12  64  13  21  14  85
  0  74  1  25  2  51  3  19  4  72  5  5  6  69  7  66  8  96  9  89  10  55  11  43  12  29  13  92  14  56
  0  28  1  30  2  11  3  23  4  36  5  10  6  23  7  95  8  53  9  9  10  7  11  45  12  7  13  1  14  62
  0  52  1  98  2  49  3  54  4  1  5  6  6  43  7  23  8  92  9  22  10  15  11  27  12  32  13  6  14  7
  0  11  1  32  2  50  3  40  4  12  5  25  6  2  7  15  8  57  9  99  10  74  11  13  12  5  13  94  14  52
  0  27  1  34  2  3  3  76  4  5  5  91  6  83  7  43  8  80  9  45  10  93  11  85  12  65  13  4  14  56
  0  87  1  80  2  4  3  54  4  72  5  73  6  66  7  9  8  58  9  55  10  89  11  76  12  67  13  37  14  16
  0  79  1  47  2  62  3  86  4  52  5  14  6  57  7  2  8  67  9  57  10  53  11  2  12  73  13  47  14  44
  0  77  1  59  2  30  3  91  4  65  5  31  6  18  7  88  8  63  9  57  10  97  11  33  12  13  13  26  14  27
  0  94  1  93  2  18  3  71  4  54  5  51  6  85  7  15  8  62  9  46  10  97  11  57  12  43  13  97  14  83
  0  58  1  33  2  52  3  98  4  7  5  45  6  9  7  69  8  18  9  84  10  86  11  27  12  96  13  63  14  89
  0  2  1  7  2  87  3  42  4  56  5  41  6  16  7  74  8  86  9  90  10  14  11  82  12  93  13  34  14  49
  0  5  1  29  2  24  3  6  4  76  5  56  6  23  7  12  8  71  9  82  10  14  11  2  12  15  13  52  14  12
  0  75  1  53  2  9  3  16  4  8  5  8  6  65  7  5  8  23  9  29  10  42  11  60  12  43  13  63  14  54
  0  64  1  81  2  66  3  65  4  10  5  24  6  46  7  45  8  18  9  23  10  6  11  81  12  54  13  16  14  24
  0  43  1  85  2  13  3  9  4  3  5  25  6  38  7  82  8  45  9  41  10  16  11  3  12  40  13  50  14  24
  0  34  1  52  2  4  3  65  4  98  5  97  6  39  7  36  8  1  9  99  10  65  11  77  12  87  13  78  14  93
  0  43  1  82  2  88  3  42  4  32  5  29  6  92  7  59  8  46  9  3  10  20  11  65  12  1  13  8  14  69
  0  95  1  66  2  38  3  38  4  93  5  40  6  83  7  86  8  90  9  83  10  25  11  85  12  68  13  37  14  13
  0  90  1  96  2  41  3  57  4  51  5  87  6  5  7  58  8  36  9  4  10  93  11  53  12  41  13  22  14  44
  0  73  1  22  2  39  3  21  4  13  5  40  6  57  7  60  8  76  9  41  10  4  11  94  12  49  13  90  14  65
  0  27  1  97  2  35  3  34  4  3  5  8  6  72  7  12  8  16  9  12  10  45  11  1  12  26  13  61  14  88
  0  91  1  80  2  51  3  89  4  31  5  75  6  92  7  61  8  1  9  91  10  2  11  24  12  74  13  86  14  50
  0  33  1  26  2  37  3  77  4  28  5  85  6  62  7  89  8  67  9  86  10  66  11  73  12  82  13  49  14  81
  0  1  1  65  2  85  3  6  4  13  5  66  6  29  7  60  8  6  9  82  10  12  11  17  12  56  13  47  14  56
  0  66  1  48  2  56  3  55  4  21  5  9  6  90  7  38  8  91  9  55  10  31  11  67  12  68  13  1  14  61
  0  8  1  86  2  89  3  4  4  49  5  80  6  49  7  48  8  99  9  41  10  76  11  60  12  63  13  32  14  3
  0  76  1  60  2  29  3  10  4  28  5  86  6  95  7  69  8  44  9  85  10  4  11  50  12  34  13  92  14  50
  0  18  1  48  2  90  3  57  4  92  5  62  6  58  7  31  8  72  9  32  10  17  11  25  12  22  13  27  14  9
  0  45  1  79  2  28  3  57  4  60  5  47  6  46  7  91  8  45  9  54  10  12  11  32  12  49  13  17  14  21
TPM
  0  1270  1  1270  2  1270  3  1270  4  1270  5  1270  6  1270  7  1270  8  1270  9  1270  10  1270  11  1270  12  1270  13  1270  14  1270
PMT
  0  125  1  81  2  31  3  89  4  110  5  144  6  29  7  37  8  36  9  66  10  24  11  27  12  91  13  86  14  88
  0  141  1  128  2  120  3  136  4  104  5  111  6  51  7  25  8  51  9  105  10  22  11  125  12  27  13  130  14  26
  0  137  1  26  2  64  3  52  4  113  5  96  6  128  7  146  8  36  9  3  10  134  11  111  12  46  13  7  14  33
  0  34  1  143  2  71  3  22  4  114  5  21  6  32  7  142  8  19  9  32  10  59  11  86  12  20  13  139  14  133
  0  104  1  57  2  12  3  32  4  86  5  93  6  29  7  124  8  26  9  68  10  10  11  49  12  47  13  57  14  135
  0  142  1  146  2  66  3  58  4  74  5  146  6  126  7  143  8  80  9  96  10  73  11  14  12  58  13  32  14  24
  0  63  1  79  2  8  3  118  4  139  5  15  6  144  7  30  8  88  9  131  10  22  11  14  12  19  13  120  14  86
  0  26  1  132  2  138  3  138  4  125  5  131  6  62  7  32  8  106  9  79  10  132  11  122  12  125  13  108  14  53
