20  20
  0  37  1  25  2  87  3  10  4  71  5  35  6  54  7  65  8  31  9  92  10  3  11  7  12  9  13  3  14  83  15  31  16  71  17  74  18  64  19  67
  0  28  1  38  2  95  3  73  4  33  5  56  6  46  7  31  8  73  9  71  10  99  11  89  12  25  13  54  14  63  15  46  16  58  17  41  18  42  19  61
  0  29  1  92  2  64  3  37  4  6  5  91  6  76  7  20  8  88  9  70  10  32  11  2  12  44  13  48  14  44  15  29  16  57  17  95  18  86  19  42
  0  59  1  73  2  53  3  11  4  6  5  11  6  4  7  31  8  98  9  8  10  75  11  98  12  80  13  96  14  28  15  94  16  41  17  84  18  40  19  15
  0  22  1  57  2  98  3  48  4  9  5  34  6  33  7  91  8  35  9  84  10  82  11  41  12  51  13  63  14  12  15  11  16  24  17  8  18  10  19  50
  0  74  1  21  2  21  3  86  4  71  5  22  6  18  7  95  8  29  9  40  10  6  11  73  12  85  13  95  14  3  15  86  16  58  17  66  18  52  19  99
  0  97  1  64  2  70  3  9  4  95  5  58  6  11  7  46  8  13  9  4  10  7  11  27  12  27  13  85  14  42  15  43  16  26  17  81  18  37  19  37
  0  98  1  88  2  61  3  7  4  84  5  90  6  9  7  31  8  93  9  35  10  95  11  1  12  15  13  70  14  68  15  10  16  54  17  50  18  35  19  36
  0  97  1  2  2  48  3  15  4  65  5  29  6  8  7  93  8  10  9  82  10  64  11  99  12  92  13  30  14  43  15  87  16  11  17  92  18  10  19  25
  0  80  1  54  2  54  3  49  4  93  5  34  6  66  7  91  8  1  9  98  10  23  11  54  12  89  13  49  14  16  15  1  16  60  17  95  18  86  19  71
  0  25  1  30  2  54  3  49  4  67  5  33  6  37  7  43  8  46  9  99  10  23  11  48  12  47  13  52  14  25  15  7  16  84  17  80  18  34  19  84
  0  24  1  33  2  63  3  35  4  88  5  40  6  14  7  5  8  49  9  54  10  50  11  16  12  15  13  21  14  39  15  30  16  92  17  39  18  85  19  60
  0  61  1  51  2  92  3  11  4  85  5  82  6  3  7  42  8  71  9  32  10  17  11  2  12  26  13  54  14  95  15  67  16  87  17  15  18  76  19  78
  0  30  1  89  2  70  3  77  4  60  5  52  6  27  7  73  8  53  9  59  10  79  11  84  12  16  13  34  14  90  15  57  16  54  17  17  18  85  19  34
  0  82  1  5  2  35  3  39  4  24  5  34  6  14  7  99  8  63  9  56  10  63  11  7  12  68  13  11  14  20  15  12  16  80  17  11  18  4  19  89
  0  48  1  74  2  61  3  18  4  59  5  82  6  15  7  63  8  72  9  47  10  74  11  68  12  81  13  12  14  88  15  75  16  48  17  13  18  61  19  39
  0  86  1  94  2  59  3  9  4  91  5  45  6  75  7  84  8  37  9  83  10  30  11  75  12  91  13  35  14  25  15  21  16  29  17  71  18  89  19  40
  0  26  1  87  2  69  3  38  4  72  5  59  6  50  7  71  8  43  9  2  10  32  11  49  12  14  13  5  14  78  15  35  16  91  17  40  18  14  19  66
  0  27  1  48  2  44  3  9  4  8  5  64  6  18  7  10  8  52  9  24  10  66  11  28  12  64  13  69  14  73  15  43  16  98  17  51  18  72  19  71
  0  69  1  84  2  73  3  52  4  90  5  8  6  59  7  70  8  25  9  63  10  13  11  39  12  87  13  82  14  60  15  49  16  39  17  53  18  37  19  61
TPM
  0  530  1  530  2  530  3  530  4  530  5  530  6  530  7  530  8  530  9  530  10  530  11  530  12  530  13  530  14  530  15  530  16  530  17  530  18  530  19  530
PMT
  0  23  1  5  2  11  3  2  4  1  5  23  6  45  7  47  8  21  9  42  10  41  11  2  12  49  13  6  14  42  15  13  16  27  17  34  18  34  19  15
  0  6  1  2  2  27  3  44  4  48  5  28  6  35  7  20  8  21  9  32  10  16  11  5  12  7  13  20  14  30  15  37  16  6  17  46  18  14  19  4
  0  12  1  28  2  43  3  38  4  9  5  3  6  8  7  6  8  14  9  49  10  48  11  31  12  18  13  35  14  9  15  6  16  35  17  17  18  21  19  5
  0  40  1  16  2  1  3  22  4  25  5  37  6  6  7  40  8  19  9  2  10  45  11  4  12  3  13  25  14  33  15  42  16  14  17  30  18  33  19  49
