200  5
  0  9  1  48  2  67  3  58  4  37
  0  17  1  88  2  91  3  57  4  92
  0  28  1  36  2  39  3  75  4  77
  0  34  1  11  2  51  3  17  4  58
  0  66  1  40  2  11  3  87  4  29
  0  80  1  12  2  7  3  19  4  99
  0  65  1  22  2  82  3  99  4  32
  0  97  1  62  2  72  3  99  4  71
  0  35  1  7  2  32  3  8  4  37
  0  66  1  63  2  73  3  40  4  37
  0  71  1  75  2  81  3  78  4  56
  0  80  1  31  2  40  3  25  4  89
  0  54  1  9  2  52  3  71  4  24
  0  1  1  63  2  51  3  63  4  25
  0  74  1  22  2  34  3  79  4  73
  0  21  1  9  2  43  3  28  4  79
  0  83  1  91  2  53  3  54  4  21
  0  45  1  87  2  95  3  27  4  18
  0  45  1  2  2  11  3  35  4  45
  0  62  1  76  2  41  3  42  4  10
  0  31  1  9  2  10  3  12  4  39
  0  18  1  38  2  85  3  33  4  74
  0  64  1  8  2  57  3  81  4  37
  0  55  1  36  2  89  3  81  4  12
  0  52  1  75  2  25  3  97  4  6
  0  39  1  92  2  37  3  79  4  16
  0  88  1  59  2  30  3  37  4  14
  0  81  1  86  2  90  3  96  4  53
  0  11  1  66  2  30  3  35  4  79
  0  83  1  38  2  39  3  56  4  42
  0  31  1  77  2  94  3  35  4  7
  0  77  1  78  2  18  3  10  4  57
  0  77  1  31  2  60  3  80  4  2
  0  8  1  13  2  40  3  62  4  22
  0  14  1  23  2  74  3  54  4  47
  0  57  1  68  2  79  3  8  4  57
  0  87  1  17  2  42  3  15  4  92
  0  75  1  24  2  88  3  98  4  98
  0  76  1  2  2  15  3  96  4  55
  0  49  1  65  2  1  3  45  4  68
  0  7  1  95  2  39  3  39  4  78
  0  9  1  1  2  90  3  44  4  61
  0  40  1  59  2  10  3  10  4  37
  0  13  1  34  2  33  3  95  4  22
  0  60  1  43  2  34  3  74  4  39
  0  34  1  11  2  37  3  15  4  79
  0  63  1  17  2  10  3  51  4  13
  0  89  1  7  2  32  3  42  4  73
  0  31  1  27  2  66  3  90  4  83
  0  1  1  48  2  33  3  62  4  2
  0  33  1  14  2  85  3  45  4  90
  0  96  1  96  2  71  3  3  4  11
  0  24  1  89  2  34  3  7  4  14
  0  87  1  65  2  9  3  68  4  60
  0  84  1  61  2  50  3  84  4  55
  0  89  1  43  2  52  3  26  4  6
  0  69  1  34  2  34  3  47  4  22
  0  31  1  16  2  11  3  38  4  42
  0  45  1  33  2  39  3  59  4  38
  0  30  1  13  2  60  3  15  4  77
  0  1  1  60  2  6  3  33  4  30
  0  46  1  18  2  90  3  98  4  10
  0  33  1  33  2  1  3  41  4  86
  0  48  1  43  2  61  3  46  4  80
  0  15  1  90  2  92  3  61  4  85
  0  1  1  69  2  46  3  52  4  83
  0  69  1  21  2  64  3  33  4  48
  0  86  1  94  2  35  3  2  4  24
  0  40  1  99  2  45  3  87  4  50
  0  90  1  68  2  90  3  50  4  27
  0  80  1  87  2  79  3  68  4  38
  0  48  1  65  2  8  3  38  4  88
  0  29  1  30  2  24  3  8  4  50
  0  14  1  18  2  39  3  75  4  81
  0  95  1  16  2  30  3  34  4  53
  0  9  1  68  2  7  3  46  4  92
  0  71  1  53  2  81  3  36  4  85
  0  34  1  14  2  41  3  56  4  58
  0  66  1  58  2  90  3  29  4  65
  0  55  1  73  2  66  3  84  4  30
  0  99  1  23  2  25  3  87  4  12
  0  5  1  64  2  12  3  52  4  74
  0  73  1  16  2  60  3  99  4  76
  0  49  1  88  2  54  3  91  4  84
  0  12  1  11  2  91  3  29  4  37
  0  66  1  67  2  23  3  76  4  93
  0  83  1  18  2  1  3  6  4  55
  0  53  1  3  2  89  3  94  4  77
  0  53  1  35  2  94  3  70  4  97
  0  55  1  56  2  71  3  48  4  3
  0  80  1  17  2  63  3  9  4  64
  0  44  1  22  2  89  3  94  4  19
  0  28  1  25  2  12  3  81  4  11
  0  82  1  92  2  25  3  95  4  48
  0  79  1  59  2  74  3  86  4  44
  0  11  1  90  2  44  3  77  4  67
  0  21  1  63  2  30  3  71  4  19
  0  77  1  50  2  15  3  46  4  1
  0  99  1  93  2  24  3  26  4  33
  0  20  1  65  2  15  3  80  4  10
  0  62  1  21  2  65  3  80  4  68
  0  87  1  43  2  35  3  73  4  23
  0  58  1  20  2  69  3  26  4  29
  0  77  1  62  2  26  3  29  4  25
  0  64  1  60  2  25  3  43  4  86
  0  94  1  73  2  54  3  99  4  72
  0  1  1  10  2  51  3  33  4  13
  0  35  1  41  2  52  3  5  4  87
  0  6  1  80  2  83  3  36  4  54
  0  87  1  5  2  61  3  54  4  44
  0  92  1  30  2  84  3  87  4  99
  0  12  1  64  2  62  3  23  4  24
  0  53  1  31  2  76  3  22  4  84
  0  91  1  97  2  85  3  50  4  52
  0  28  1  59  2  75  3  39  4  99
  0  40  1  39  2  55  3  24  4  41
  0  33  1  8  2  49  3  52  4  63
  0  59  1  46  2  85  3  32  4  91
  0  36  1  89  2  64  3  75  4  68
  0  39  1  64  2  88  3  9  4  68
  0  5  1  19  2  2  3  84  4  94
  0  53  1  18  2  77  3  89  4  41
  0  91  1  33  2  12  3  71  4  20
  0  86  1  10  2  9  3  72  4  98
  0  90  1  78  2  32  3  31  4  74
  0  99  1  76  2  49  3  67  4  95
  0  50  1  86  2  62  3  40  4  7
  0  44  1  5  2  11  3  15  4  15
  0  73  1  68  2  53  3  47  4  80
  0  76  1  40  2  97  3  85  4  29
  0  75  1  27  2  70  3  52  4  93
  0  50  1  26  2  3  3  40  4  35
  0  47  1  69  2  40  3  15  4  37
  0  62  1  10  2  63  3  71  4  32
  0  30  1  37  2  57  3  64  4  91
  0  89  1  6  2  44  3  59  4  20
  0  3  1  69  2  44  3  96  4  26
  0  75  1  67  2  68  3  63  4  92
  0  37  1  75  2  33  3  49  4  8
  0  99  1  91  2  88  3  66  4  15
  0  87  1  71  2  67  3  51  4  12
  0  67  1  29  2  62  3  33  4  81
  0  41  1  60  2  26  3  38  4  54
  0  74  1  37  2  42  3  63  4  26
  0  32  1  85  2  84  3  44  4  33
  0  55  1  1  2  54  3  40  4  81
  0  24  1  14  2  73  3  13  4  94
  0  84  1  9  2  23  3  29  4  60
  0  80  1  73  2  63  3  93  4  70
  0  1  1  70  2  75  3  13  4  79
  0  57  1  86  2  78  3  6  4  40
  0  11  1  31  2  93  3  78  4  67
  0  50  1  60  2  16  3  22  4  75
  0  76  1  43  2  83  3  21  4  81
  0  91  1  77  2  46  3  93  4  17
  0  64  1  3  2  79  3  48  4  58
  0  87  1  48  2  87  3  32  4  52
  0  84  1  97  2  40  3  85  4  49
  0  14  1  92  2  38  3  2  4  67
  0  47  1  66  2  15  3  10  4  16
  0  23  1  6  2  56  3  98  4  2
  0  94  1  9  2  91  3  43  4  57
  0  30  1  29  2  22  3  41  4  58
  0  64  1  5  2  61  3  91  4  90
  0  34  1  94  2  94  3  57  4  75
  0  41  1  91  2  41  3  45  4  11
  0  54  1  69  2  90  3  62  4  2
  0  8  1  98  2  13  3  57  4  59
  0  60  1  72  2  49  3  36  4  5
  0  85  1  36  2  7  3  85  4  82
  0  96  1  18  2  88  3  81  4  23
  0  58  1  81  2  71  3  88  4  2
  0  39  1  81  2  1  3  52  4  2
  0  28  1  47  2  82  3  62  4  68
  0  98  1  25  2  76  3  22  4  27
  0  76  1  50  2  38  3  51  4  2
  0  50  1  5  2  25  3  73  4  40
  0  46  1  16  2  62  3  30  4  44
  0  52  1  71  2  98  3  79  4  37
  0  91  1  37  2  87  3  49  4  94
  0  96  1  61  2  78  3  17  4  66
  0  60  1  73  2  89  3  97  4  90
  0  99  1  14  2  53  3  89  4  28
  0  2  1  54  2  6  3  2  4  7
  0  44  1  66  2  60  3  40  4  5
  0  85  1  16  2  38  3  75  4  31
  0  4  1  15  2  79  3  79  4  59
  0  32  1  53  2  98  3  88  4  61
  0  16  1  69  2  41  3  27  4  51
  0  8  1  96  2  44  3  73  4  62
  0  25  1  98  2  2  3  5  4  83
  0  39  1  61  2  16  3  53  4  59
  0  99  1  59  2  47  3  5  4  68
  0  87  1  18  2  37  3  15  4  10
  0  61  1  24  2  98  3  30  4  97
  0  45  1  2  2  39  3  60  4  37
  0  18  1  1  2  44  3  18  4  27
  0  84  1  78  2  50  3  3  4  19
  0  29  1  45  2  94  3  79  4  52
  0  25  1  94  2  38  3  44  4  72
TPM
  0  1591  1  1591  2  1591  3  1591  4  1591
PMT
  0  78  1  20  2  70  3  54  4  65
  0  62  1  57  2  91  3  65  4  67
  0  88  1  13  2  82  3  87  4  31
  0  11  1  2  2  87  3  94  4  94
  0  85  1  76  2  88  3  5  4  45
  0  7  1  33  2  28  3  68  4  63
  0  42  1  44  2  24  3  15  4  80
  0  72  1  64  2  89  3  72  4  13
  0  3  1  88  2  87  3  97  4  40
  0  71  1  72  2  97  3  54  4  52
  0  67  1  44  2  96  3  3  4  40
  0  68  1  38  2  63  3  41  4  65
  0  75  1  80  2  29  3  32  4  82
