50  20
  0  56  1  77  2  5  3  54  4  19  5  71  6  40  7  16  8  6  9  41  10  71  11  98  12  3  13  71  14  4  15  35  16  17  17  2  18  28  19  83
  0  86  1  72  2  58  3  31  4  39  5  3  6  77  7  86  8  40  9  34  10  14  11  96  12  12  13  1  14  80  15  76  16  8  17  31  18  30  19  62
  0  90  1  84  2  35  3  11  4  31  5  81  6  70  7  92  8  27  9  73  10  65  11  79  12  30  13  63  14  67  15  9  16  1  17  89  18  12  19  69
  0  46  1  5  2  98  3  54  4  14  5  28  6  33  7  65  8  34  9  63  10  61  11  76  12  39  13  88  14  14  15  76  16  13  17  78  18  55  19  54
  0  26  1  4  2  73  3  3  4  78  5  17  6  77  7  47  8  57  9  39  10  85  11  24  12  61  13  82  14  16  15  76  16  69  17  81  18  7  19  25
  0  48  1  25  2  52  3  45  4  24  5  4  6  2  7  52  8  63  9  18  10  72  11  79  12  40  13  12  14  83  15  98  16  92  17  23  18  82  19  10
  0  76  1  72  2  57  3  21  4  80  5  31  6  28  7  74  8  74  9  27  10  71  11  91  12  71  13  93  14  24  15  62  16  57  17  76  18  68  19  75
  0  8  1  26  2  88  3  83  4  84  5  62  6  53  7  44  8  96  9  93  10  81  11  72  12  63  13  11  14  59  15  16  16  15  17  87  18  54  19  18
  0  13  1  75  2  22  3  34  4  82  5  66  6  2  7  31  8  88  9  49  10  61  11  67  12  90  13  97  14  19  15  39  16  64  17  64  18  68  19  49
  0  80  1  63  2  71  3  15  4  65  5  67  6  2  7  45  8  87  9  57  10  60  11  34  12  59  13  84  14  82  15  53  16  30  17  60  18  8  19  61
  0  9  1  58  2  3  3  30  4  65  5  99  6  34  7  77  8  72  9  72  10  40  11  57  12  96  13  82  14  53  15  29  16  64  17  53  18  71  19  30
  0  35  1  16  2  67  3  8  4  76  5  57  6  2  7  84  8  22  9  14  10  69  11  72  12  47  13  37  14  93  15  52  16  3  17  68  18  54  19  88
  0  90  1  86  2  5  3  44  4  62  5  24  6  30  7  9  8  85  9  72  10  30  11  71  12  12  13  12  14  46  15  82  16  17  17  41  18  55  19  94
  0  34  1  83  2  15  3  89  4  70  5  13  6  10  7  1  8  86  9  12  10  49  11  18  12  91  13  53  14  27  15  18  16  58  17  81  18  4  19  62
  0  91  1  25  2  19  3  57  4  81  5  61  6  18  7  58  8  22  9  28  10  47  11  84  12  4  13  48  14  72  15  47  16  87  17  8  18  4  19  30
  0  15  1  5  2  45  3  70  4  35  5  61  6  97  7  22  8  30  9  69  10  80  11  1  12  83  13  9  14  53  15  54  16  24  17  52  18  58  19  94
  0  20  1  57  2  5  3  86  4  33  5  8  6  72  7  86  8  43  9  42  10  5  11  73  12  99  13  97  14  15  15  10  16  71  17  48  18  35  19  29
  0  86  1  21  2  66  3  45  4  3  5  12  6  27  7  14  8  35  9  41  10  92  11  7  12  32  13  12  14  85  15  65  16  88  17  80  18  49  19  58
  0  23  1  28  2  20  3  49  4  67  5  6  6  86  7  55  8  39  9  93  10  81  11  46  12  2  13  89  14  69  15  23  16  28  17  23  18  8  19  71
  0  22  1  56  2  98  3  69  4  65  5  22  6  69  7  22  8  1  9  5  10  35  11  19  12  52  13  75  14  31  15  58  16  57  17  18  18  37  19  84
  0  66  1  26  2  9  3  15  4  13  5  50  6  1  7  72  8  79  9  24  10  42  11  43  12  7  13  96  14  5  15  15  16  19  17  60  18  67  19  86
  0  63  1  41  2  66  3  33  4  92  5  88  6  97  7  83  8  24  9  93  10  96  11  34  12  69  13  17  14  14  15  7  16  21  17  98  18  69  19  36
  0  14  1  89  2  53  3  29  4  25  5  30  6  91  7  33  8  76  9  47  10  14  11  22  12  36  13  69  14  79  15  75  16  47  17  66  18  56  19  90
  0  35  1  60  2  46  3  96  4  54  5  82  6  20  7  27  8  91  9  48  10  90  11  67  12  28  13  93  14  39  15  11  16  28  17  95  18  90  19  70
  0  16  1  48  2  69  3  28  4  41  5  89  6  14  7  25  8  58  9  5  10  17  11  29  12  73  13  18  14  20  15  26  16  17  17  85  18  77  19  15
  0  54  1  35  2  76  3  24  4  58  5  4  6  76  7  54  8  79  9  3  10  86  11  33  12  1  13  71  14  25  15  32  16  63  17  23  18  10  19  71
  0  6  1  92  2  71  3  31  4  36  5  36  6  99  7  29  8  40  9  35  10  62  11  42  12  4  13  15  14  45  15  74  16  80  17  82  18  16  19  8
  0  59  1  32  2  14  3  84  4  84  5  74  6  94  7  97  8  56  9  10  10  8  11  10  12  10  13  17  14  82  15  10  16  33  17  53  18  24  19  73
  0  97  1  82  2  78  3  11  4  95  5  63  6  13  7  93  8  9  9  88  10  87  11  3  12  57  13  31  14  59  15  45  16  10  17  58  18  19  19  21
  0  32  1  11  2  53  3  47  4  28  5  58  6  93  7  64  8  88  9  80  10  77  11  85  12  52  13  28  14  56  15  60  16  54  17  77  18  98  19  66
  0  94  1  75  2  95  3  52  4  82  5  21  6  60  7  93  8  9  9  66  10  67  11  29  12  71  13  8  14  88  15  92  16  58  17  92  18  23  19  74
  0  41  1  96  2  3  3  47  4  54  5  14  6  52  7  58  8  63  9  74  10  25  11  81  12  32  13  90  14  23  15  53  16  54  17  92  18  9  19  68
  0  2  1  93  2  33  3  83  4  17  5  3  6  62  7  67  8  39  9  91  10  65  11  2  12  43  13  54  14  87  15  97  16  44  17  31  18  48  19  8
  0  73  1  89  2  12  3  38  4  52  5  80  6  27  7  85  8  7  9  7  10  44  11  61  12  98  13  74  14  39  15  77  16  73  17  18  18  22  19  99
  0  44  1  22  2  92  3  94  4  62  5  73  6  74  7  37  8  51  9  12  10  54  11  45  12  98  13  80  14  83  15  44  16  25  17  83  18  43  19  11
  0  89  1  94  2  60  3  27  4  99  5  90  6  33  7  39  8  15  9  95  10  17  11  23  12  89  13  46  14  53  15  79  16  78  17  45  18  58  19  22
  0  94  1  37  2  7  3  37  4  17  5  26  6  67  7  13  8  59  9  33  10  83  11  73  12  65  13  56  14  1  15  74  16  90  17  71  18  88  19  28
  0  74  1  97  2  98  3  82  4  29  5  22  6  72  7  68  8  86  9  31  10  84  11  64  12  81  13  32  14  68  15  84  16  70  17  22  18  87  19  66
  0  6  1  62  2  34  3  3  4  12  5  65  6  63  7  70  8  50  9  88  10  7  11  34  12  51  13  9  14  19  15  29  16  55  17  1  18  50  19  56
  0  95  1  63  2  48  3  37  4  8  5  66  6  28  7  23  8  65  9  88  10  74  11  36  12  49  13  93  14  62  15  9  16  18  17  62  18  94  19  43
  0  43  1  60  2  15  3  85  4  10  5  31  6  33  7  21  8  2  9  31  10  66  11  19  12  28  13  44  14  99  15  70  16  60  17  56  18  2  19  17
  0  72  1  63  2  57  3  58  4  18  5  50  6  7  7  85  8  89  9  60  10  93  11  74  12  26  13  49  14  67  15  38  16  76  17  89  18  95  19  26
  0  38  1  57  2  73  3  18  4  22  5  46  6  37  7  51  8  13  9  62  10  32  11  66  12  24  13  6  14  68  15  78  16  77  17  46  18  87  19  8
  0  46  1  42  2  12  3  7  4  42  5  65  6  45  7  82  8  42  9  26  10  66  11  17  12  74  13  17  14  3  15  94  16  28  17  12  18  14  19  25
  0  29  1  91  2  87  3  3  4  20  5  94  6  40  7  52  8  32  9  93  10  97  11  36  12  21  13  60  14  51  15  38  16  25  17  60  18  55  19  44
  0  62  1  7  2  2  3  77  4  62  5  45  6  63  7  75  8  11  9  53  10  32  11  93  12  62  13  94  14  63  15  93  16  23  17  29  18  8  19  38
  0  27  1  1  2  8  3  13  4  60  5  38  6  65  7  25  8  97  9  36  10  32  11  77  12  57  13  15  14  63  15  97  16  87  17  70  18  39  19  68
  0  50  1  56  2  47  3  19  4  55  5  68  6  82  7  34  8  58  9  28  10  8  11  7  12  43  13  66  14  65  15  60  16  25  17  68  18  60  19  84
  0  70  1  35  2  34  3  73  4  9  5  56  6  14  7  74  8  78  9  18  10  89  11  65  12  38  13  72  14  64  15  20  16  37  17  56  18  93  19  55
  0  18  1  34  2  77  3  35  4  4  5  90  6  95  7  88  8  91  9  17  10  91  11  87  12  44  13  48  14  50  15  53  16  66  17  56  18  16  19  16
TPM
  0  813  1  813  2  813  3  813  4  813  5  813  6  813  7  813  8  813  9  813  10  813  11  813  12  813  13  813  14  813  15  813  16  813  17  813  18  813  19  813
PMT
  0  2  1  6  2  39  3  29  4  62  5  20  6  31  7  55  8  21  9  33  10  53  11  17  12  41  13  4  14  43  15  6  16  52  17  48  18  73  19  65
  0  37  1  13  2  52  3  48  4  7  5  8  6  69  7  53  8  31  9  45  10  27  11  25  12  47  13  40  14  31  15  34  16  6  17  10  18  66  19  9
  0  29  1  50  2  13  3  22  4  66  5  18  6  65  7  12  8  30  9  57  10  38  11  22  12  1  13  54  14  41  15  3  16  32  17  3  18  2  19  12
  0  6  1  25  2  29  3  36  4  5  5  51  6  36  7  20  8  33  9  73  10  50  11  22  12  49  13  1  14  45  15  5  16  2  17  66  18  7  19  46
  0  42  1  8  2  5  3  52  4  48  5  44  6  43  7  39  8  10  9  38  10  34  11  5  12  6  13  47  14  71  15  68  16  13  17  42  18  28  19  3
  0  34  1  11  2  65  3  56  4  72  5  52  6  41  7  11  8  31  9  18  10  51  11  39  12  70  13  33  14  70  15  37  16  53  17  17  18  30  19  10
  0  58  1  19  2  11  3  72  4  32  5  41  6  54  7  74  8  12  9  15  10  42  11  60  12  54  13  50  14  12  15  42  16  7  17  33  18  61  19  37
