50  5
  0  90  1  70  2  66  3  56  4  42
  0  69  1  41  2  77  3  61  4  70
  0  83  1  29  2  17  3  77  4  43
  0  59  1  70  2  99  3  99  4  98
  0  81  1  63  2  3  3  10  4  9
  0  48  1  77  2  83  3  26  4  91
  0  13  1  61  2  81  3  92  4  83
  0  99  1  48  2  93  3  61  4  2
  0  55  1  46  2  16  3  94  4  92
  0  68  1  21  2  22  3  34  4  58
  0  6  1  75  2  20  3  31  4  22
  0  84  1  78  2  70  3  12  4  52
  0  12  1  32  2  7  3  89  4  42
  0  34  1  83  2  86  3  4  4  18
  0  62  1  48  2  46  3  74  4  17
  0  41  1  49  2  55  3  39  4  65
  0  91  1  24  2  81  3  38  4  16
  0  15  1  48  2  30  3  84  4  2
  0  38  1  30  2  11  3  1  4  38
  0  3  1  14  2  49  3  30  4  66
  0  41  1  46  2  56  3  19  4  44
  0  32  1  60  2  73  3  5  4  61
  0  91  1  94  2  50  3  85  4  47
  0  38  1  8  2  39  3  91  4  38
  0  74  1  25  2  63  3  97  4  19
  0  12  1  73  2  70  3  24  4  9
  0  54  1  40  2  52  3  72  4  4
  0  46  1  88  2  61  3  40  4  1
  0  82  1  46  2  66  3  89  4  5
  0  42  1  96  2  75  3  90  4  18
  0  9  1  27  2  33  3  88  4  17
  0  39  1  39  2  22  3  74  4  35
  0  81  1  95  2  60  3  59  4  85
  0  81  1  8  2  86  3  54  4  66
  0  71  1  30  2  15  3  8  4  48
  0  8  1  29  2  11  3  92  4  5
  0  17  1  53  2  2  3  43  4  72
  0  6  1  49  2  38  3  84  4  24
  0  97  1  19  2  78  3  6  4  21
  0  27  1  48  2  45  3  17  4  24
  0  46  1  17  2  87  3  72  4  42
  0  86  1  15  2  84  3  82  4  19
  0  69  1  30  2  97  3  38  4  17
  0  57  1  42  2  51  3  30  4  80
  0  71  1  51  2  93  3  19  4  89
  0  51  1  79  2  1  3  6  4  25
  0  26  1  68  2  4  3  46  4  45
  0  41  1  13  2  58  3  43  4  30
  0  7  1  11  2  29  3  7  4  3
  0  53  1  46  2  69  3  22  4  67
TPM
  0  1039  1  1039  2  1039  3  1039  4  1039
PMT
  0  72  1  83  2  44  3  112  4  18
  0  14  1  108  2  85  3  75  4  130
  0  119  1  105  2  114  3  85  4  149
  0  79  1  27  2  72  3  122  4  59
  0  4  1  46  2  36  3  64  4  71
