500  5
  0  24  1  17  2  49  3  91  4  72
  0  20  1  93  2  33  3  20  4  52
  0  56  1  85  2  59  3  55  4  88
  0  65  1  29  2  70  3  20  4  31
  0  86  1  8  2  92  3  33  4  88
  0  36  1  73  2  72  3  92  4  99
  0  97  1  91  2  40  3  3  4  74
  0  57  1  79  2  38  3  96  4  12
  0  40  1  47  2  88  3  94  4  76
  0  19  1  6  2  74  3  24  4  92
  0  87  1  33  2  56  3  9  4  85
  0  93  1  24  2  10  3  55  4  81
  0  9  1  14  2  72  3  71  4  45
  0  92  1  95  2  50  3  69  4  28
  0  17  1  87  2  4  3  31  4  46
  0  29  1  4  2  59  3  27  4  12
  0  6  1  46  2  98  3  96  4  53
  0  41  1  19  2  57  3  4  4  22
  0  34  1  61  2  31  3  24  4  68
  0  57  1  88  2  8  3  47  4  28
  0  76  1  46  2  81  3  82  4  52
  0  11  1  94  2  6  3  66  4  88
  0  55  1  77  2  3  3  60  4  39
  0  35  1  81  2  11  3  56  4  37
  0  28  1  64  2  98  3  57  4  29
  0  65  1  1  2  14  3  28  4  37
  0  14  1  10  2  26  3  95  4  43
  0  50  1  95  2  11  3  4  4  50
  0  29  1  16  2  68  3  51  4  57
  0  35  1  44  2  19  3  32  4  69
  0  90  1  79  2  61  3  49  4  46
  0  25  1  11  2  69  3  61  4  87
  0  39  1  40  2  33  3  68  4  28
  0  27  1  82  2  77  3  6  4  78
  0  40  1  95  2  94  3  44  4  22
  0  97  1  25  2  40  3  4  4  77
  0  88  1  12  2  39  3  62  4  33
  0  7  1  68  2  25  3  24  4  63
  0  19  1  9  2  11  3  47  4  94
  0  39  1  83  2  31  3  5  4  84
  0  16  1  79  2  75  3  83  4  6
  0  73  1  47  2  63  3  78  4  16
  0  56  1  96  2  21  3  79  4  47
  0  96  1  36  2  89  3  63  4  28
  0  55  1  66  2  18  3  91  4  44
  0  60  1  39  2  11  3  84  4  50
  0  44  1  23  2  29  3  2  4  82
  0  62  1  42  2  96  3  53  4  77
  0  1  1  73  2  93  3  23  4  88
  0  59  1  85  2  26  3  27  4  69
  0  29  1  12  2  31  3  96  4  80
  0  30  1  57  2  48  3  59  4  32
  0  10  1  65  2  60  3  78  4  7
  0  52  1  35  2  88  3  27  4  3
  0  25  1  52  2  90  3  93  4  59
  0  56  1  41  2  84  3  52  4  28
  0  27  1  38  2  64  3  62  4  17
  0  66  1  5  2  5  3  81  4  54
  0  96  1  9  2  28  3  10  4  38
  0  68  1  77  2  58  3  8  4  27
  0  17  1  78  2  24  3  82  4  61
  0  28  1  47  2  58  3  16  4  31
  0  72  1  11  2  21  3  9  4  71
  0  71  1  15  2  83  3  65  4  76
  0  59  1  88  2  49  3  6  4  94
  0  55  1  90  2  45  3  34  4  67
  0  77  1  49  2  13  3  3  4  87
  0  46  1  40  2  98  3  3  4  47
  0  41  1  23  2  96  3  18  4  57
  0  15  1  52  2  42  3  69  4  49
  0  14  1  88  2  52  3  34  4  62
  0  44  1  59  2  25  3  58  4  91
  0  33  1  49  2  23  3  35  4  50
  0  51  1  31  2  5  3  67  4  97
  0  26  1  96  2  31  3  26  4  2
  0  23  1  51  2  10  3  11  4  81
  0  62  1  63  2  78  3  69  4  31
  0  42  1  34  2  5  3  55  4  82
  0  5  1  25  2  93  3  91  4  25
  0  72  1  7  2  93  3  46  4  1
  0  98  1  86  2  63  3  42  4  92
  0  56  1  91  2  36  3  77  4  66
  0  54  1  7  2  16  3  18  4  63
  0  28  1  83  2  35  3  16  4  24
  0  9  1  39  2  25  3  93  4  99
  0  2  1  64  2  58  3  98  4  97
  0  99  1  61  2  2  3  97  4  17
  0  74  1  20  2  70  3  98  4  96
  0  79  1  79  2  88  3  44  4  87
  0  3  1  50  2  57  3  12  4  7
  0  8  1  96  2  33  3  52  4  36
  0  79  1  1  2  12  3  25  4  94
  0  79  1  24  2  36  3  94  4  60
  0  36  1  39  2  42  3  94  4  73
  0  78  1  78  2  60  3  62  4  24
  0  23  1  79  2  1  3  94  4  33
  0  29  1  20  2  64  3  76  4  30
  0  23  1  83  2  98  3  9  4  68
  0  90  1  92  2  45  3  30  4  76
  0  92  1  72  2  72  3  33  4  52
  0  90  1  14  2  15  3  87  4  91
  0  51  1  70  2  86  3  29  4  91
  0  33  1  14  2  65  3  8  4  88
  0  74  1  93  2  97  3  40  4  98
  0  99  1  43  2  48  3  72  4  26
  0  65  1  18  2  31  3  48  4  52
  0  55  1  70  2  68  3  86  4  20
  0  63  1  7  2  99  3  40  4  80
  0  13  1  50  2  75  3  40  4  65
  0  73  1  38  2  59  3  3  4  69
  0  5  1  60  2  15  3  25  4  85
  0  61  1  94  2  80  3  35  4  67
  0  13  1  88  2  12  3  19  4  79
  0  32  1  28  2  78  3  2  4  83
  0  45  1  61  2  48  3  47  4  9
  0  37  1  83  2  91  3  20  4  57
  0  28  1  74  2  2  3  95  4  58
  0  25  1  92  2  91  3  63  4  16
  0  78  1  41  2  7  3  66  4  62
  0  77  1  62  2  34  3  5  4  37
  0  38  1  97  2  4  3  93  4  90
  0  46  1  96  2  9  3  93  4  7
  0  93  1  52  2  29  3  96  4  82
  0  52  1  98  2  73  3  59  4  8
  0  81  1  10  2  74  3  75  4  82
  0  39  1  16  2  85  3  46  4  24
  0  39  1  77  2  44  3  59  4  30
  0  47  1  35  2  10  3  80  4  48
  0  80  1  34  2  71  3  87  4  53
  0  64  1  27  2  9  3  69  4  22
  0  78  1  60  2  38  3  96  4  28
  0  77  1  8  2  32  3  35  4  38
  0  49  1  77  2  47  3  69  4  7
  0  3  1  44  2  3  3  14  4  91
  0  76  1  26  2  42  3  57  4  14
  0  61  1  38  2  51  3  39  4  76
  0  66  1  41  2  45  3  6  4  62
  0  3  1  18  2  35  3  63  4  40
  0  33  1  89  2  76  3  17  4  73
  0  16  1  80  2  86  3  65  4  46
  0  2  1  45  2  77  3  96  4  94
  0  33  1  35  2  33  3  11  4  74
  0  50  1  2  2  50  3  23  4  54
  0  12  1  19  2  54  3  3  4  20
  0  46  1  30  2  73  3  51  4  25
  0  7  1  87  2  53  3  84  4  85
  0  15  1  73  2  9  3  15  4  55
  0  99  1  63  2  86  3  2  4  18
  0  85  1  99  2  18  3  60  4  46
  0  79  1  3  2  51  3  17  4  69
  0  14  1  86  2  65  3  36  4  73
  0  92  1  79  2  59  3  84  4  51
  0  98  1  98  2  16  3  85  4  86
  0  44  1  56  2  55  3  91  4  13
  0  31  1  88  2  66  3  35  4  28
  0  63  1  44  2  43  3  89  4  6
  0  1  1  62  2  62  3  72  4  45
  0  65  1  2  2  42  3  14  4  33
  0  87  1  11  2  70  3  41  4  92
  0  95  1  25  2  69  3  3  4  66
  0  35  1  78  2  91  3  77  4  48
  0  37  1  90  2  53  3  95  4  65
  0  17  1  64  2  54  3  44  4  35
  0  97  1  22  2  92  3  77  4  82
  0  91  1  28  2  47  3  66  4  10
  0  52  1  72  2  19  3  53  4  23
  0  94  1  21  2  62  3  21  4  3
  0  72  1  12  2  4  3  43  4  7
  0  19  1  21  2  83  3  26  4  2
  0  18  1  93  2  64  3  48  4  67
  0  70  1  58  2  63  3  93  4  37
  0  85  1  90  2  90  3  81  4  83
  0  39  1  33  2  9  3  87  4  57
  0  46  1  37  2  20  3  30  4  81
  0  51  1  32  2  94  3  2  4  95
  0  93  1  6  2  85  3  79  4  59
  0  90  1  4  2  5  3  70  4  70
  0  23  1  62  2  67  3  50  4  33
  0  50  1  23  2  89  3  23  4  98
  0  19  1  19  2  32  3  18  4  26
  0  63  1  61  2  4  3  70  4  67
  0  21  1  57  2  80  3  67  4  42
  0  8  1  50  2  28  3  90  4  54
  0  76  1  44  2  53  3  51  4  47
  0  91  1  78  2  9  3  79  4  51
  0  10  1  92  2  48  3  59  4  26
  0  21  1  52  2  60  3  79  4  20
  0  97  1  47  2  14  3  74  4  8
  0  28  1  79  2  71  3  88  4  55
  0  85  1  45  2  93  3  4  4  68
  0  58  1  88  2  81  3  47  4  90
  0  1  1  9  2  9  3  96  4  94
  0  4  1  45  2  71  3  19  4  61
  0  15  1  42  2  19  3  8  4  33
  0  56  1  5  2  66  3  82  4  40
  0  9  1  79  2  17  3  53  4  94
  0  56  1  97  2  67  3  90  4  50
  0  77  1  29  2  46  3  86  4  28
  0  93  1  58  2  92  3  77  4  48
  0  4  1  93  2  96  3  42  4  75
  0  85  1  54  2  13  3  6  4  3
  0  35  1  59  2  27  3  25  4  82
  0  9  1  14  2  99  3  16  4  85
  0  85  1  90  2  28  3  58  4  80
  0  48  1  72  2  43  3  22  4  79
  0  82  1  80  2  44  3  73  4  96
  0  17  1  40  2  82  3  71  4  54
  0  56  1  94  2  12  3  51  4  44
  0  25  1  50  2  91  3  39  4  21
  0  41  1  50  2  37  3  63  4  80
  0  18  1  75  2  96  3  42  4  80
  0  53  1  34  2  88  3  50  4  32
  0  7  1  30  2  89  3  18  4  64
  0  99  1  93  2  8  3  38  4  87
  0  16  1  41  2  32  3  59  4  35
  0  18  1  94  2  40  3  21  4  41
  0  89  1  35  2  45  3  14  4  72
  0  30  1  19  2  99  3  38  4  94
  0  90  1  20  2  89  3  61  4  10
  0  47  1  59  2  74  3  46  4  19
  0  69  1  27  2  28  3  85  4  9
  0  20  1  21  2  57  3  85  4  21
  0  88  1  29  2  56  3  11  4  80
  0  82  1  57  2  28  3  46  4  93
  0  86  1  70  2  84  3  17  4  6
  0  97  1  55  2  1  3  63  4  52
  0  28  1  59  2  65  3  95  4  39
  0  24  1  36  2  11  3  84  4  19
  0  48  1  41  2  66  3  63  4  14
  0  49  1  65  2  78  3  69  4  22
  0  28  1  49  2  91  3  54  4  68
  0  89  1  28  2  91  3  29  4  79
  0  32  1  8  2  55  3  3  4  37
  0  50  1  79  2  87  3  4  4  81
  0  14  1  25  2  23  3  99  4  95
  0  39  1  77  2  12  3  43  4  6
  0  68  1  91  2  6  3  65  4  77
  0  58  1  30  2  63  3  18  4  43
  0  60  1  24  2  88  3  39  4  48
  0  33  1  40  2  45  3  53  4  90
  0  20  1  53  2  47  3  53  4  44
  0  44  1  46  2  83  3  26  4  80
  0  59  1  77  2  52  3  14  4  99
  0  20  1  82  2  60  3  9  4  21
  0  28  1  94  2  7  3  1  4  18
  0  60  1  27  2  41  3  66  4  28
  0  43  1  29  2  5  3  16  4  72
  0  41  1  32  2  66  3  13  4  59
  0  2  1  55  2  60  3  12  4  56
  0  60  1  3  2  77  3  58  4  14
  0  94  1  4  2  97  3  35  4  50
  0  14  1  70  2  11  3  15  4  26
  0  47  1  44  2  7  3  82  4  92
  0  30  1  32  2  82  3  94  4  1
  0  15  1  59  2  12  3  60  4  93
  0  38  1  58  2  96  3  88  4  84
  0  73  1  37  2  31  3  8  4  57
  0  1  1  1  2  98  3  59  4  47
  0  34  1  92  2  51  3  33  4  79
  0  14  1  32  2  26  3  20  4  31
  0  33  1  31  2  1  3  11  4  28
  0  37  1  9  2  90  3  71  4  86
  0  4  1  67  2  7  3  23  4  10
  0  91  1  24  2  69  3  94  4  23
  0  63  1  45  2  12  3  57  4  90
  0  29  1  72  2  68  3  86  4  7
  0  79  1  94  2  33  3  85  4  46
  0  73  1  84  2  48  3  57  4  13
  0  51  1  87  2  74  3  40  4  55
  0  32  1  76  2  69  3  7  4  66
  0  94  1  87  2  25  3  6  4  73
  0  41  1  12  2  62  3  73  4  72
  0  33  1  44  2  7  3  43  4  74
  0  35  1  51  2  39  3  79  4  77
  0  92  1  57  2  89  3  51  4  1
  0  94  1  26  2  97  3  30  4  11
  0  1  1  63  2  89  3  26  4  49
  0  45  1  48  2  75  3  4  4  59
  0  48  1  38  2  62  3  78  4  50
  0  1  1  21  2  97  3  43  4  33
  0  78  1  27  2  67  3  80  4  20
  0  26  1  61  2  10  3  42  4  20
  0  17  1  46  2  91  3  74  4  95
  0  5  1  7  2  2  3  66  4  96
  0  92  1  39  2  37  3  58  4  78
  0  23  1  9  2  52  3  29  4  38
  0  76  1  13  2  7  3  22  4  39
  0  51  1  12  2  55  3  11  4  44
  0  41  1  73  2  37  3  64  4  55
  0  61  1  54  2  24  3  32  4  35
  0  58  1  50  2  43  3  18  4  57
  0  9  1  1  2  61  3  33  4  38
  0  42  1  64  2  32  3  69  4  57
  0  5  1  64  2  43  3  76  4  78
  0  80  1  42  2  74  3  99  4  43
  0  9  1  55  2  30  3  36  4  15
  0  24  1  24  2  59  3  90  4  62
  0  9  1  5  2  50  3  63  4  44
  0  25  1  58  2  94  3  29  4  16
  0  27  1  83  2  40  3  2  4  38
  0  62  1  28  2  76  3  28  4  6
  0  12  1  37  2  84  3  43  4  33
  0  35  1  44  2  43  3  68  4  2
  0  79  1  91  2  17  3  50  4  23
  0  13  1  96  2  38  3  69  4  8
  0  34  1  63  2  42  3  6  4  14
  0  13  1  28  2  59  3  35  4  84
  0  10  1  16  2  93  3  75  4  50
  0  62  1  66  2  73  3  7  4  18
  0  87  1  24  2  84  3  16  4  44
  0  39  1  53  2  10  3  13  4  79
  0  85  1  93  2  22  3  34  4  3
  0  9  1  29  2  58  3  9  4  93
  0  24  1  64  2  79  3  97  4  99
  0  62  1  26  2  43  3  71  4  1
  0  36  1  38  2  22  3  63  4  83
  0  55  1  88  2  97  3  46  4  31
  0  54  1  5  2  80  3  51  4  83
  0  15  1  31  2  38  3  13  4  4
  0  87  1  32  2  13  3  54  4  11
  0  57  1  52  2  56  3  88  4  5
  0  38  1  91  2  93  3  57  4  32
  0  58  1  61  2  71  3  43  4  25
  0  94  1  63  2  57  3  24  4  84
  0  72  1  53  2  19  3  82  4  6
  0  10  1  13  2  77  3  80  4  20
  0  67  1  60  2  18  3  47  4  67
  0  70  1  57  2  96  3  48  4  76
  0  95  1  97  2  51  3  9  4  65
  0  94  1  98  2  71  3  13  4  26
  0  95  1  84  2  35  3  12  4  87
  0  45  1  88  2  84  3  52  4  99
  0  82  1  53  2  93  3  67  4  13
  0  48  1  55  2  66  3  98  4  28
  0  97  1  14  2  35  3  20  4  83
  0  29  1  76  2  27  3  73  4  31
  0  95  1  34  2  32  3  28  4  6
  0  85  1  85  2  38  3  25  4  26
  0  91  1  84  2  23  3  20  4  1
  0  55  1  93  2  90  3  34  4  24
  0  16  1  53  2  95  3  67  4  23
  0  21  1  99  2  28  3  80  4  19
  0  77  1  14  2  43  3  28  4  95
  0  18  1  42  2  45  3  8  4  16
  0  19  1  38  2  99  3  67  4  25
  0  20  1  33  2  29  3  23  4  79
  0  66  1  52  2  85  3  42  4  24
  0  32  1  69  2  42  3  46  4  22
  0  96  1  43  2  20  3  41  4  2
  0  23  1  4  2  16  3  89  4  7
  0  72  1  64  2  39  3  49  4  49
  0  94  1  48  2  52  3  9  4  76
  0  78  1  91  2  68  3  16  4  73
  0  8  1  90  2  34  3  49  4  46
  0  69  1  36  2  81  3  70  4  82
  0  17  1  30  2  4  3  20  4  42
  0  82  1  33  2  27  3  1  4  17
  0  6  1  11  2  18  3  95  4  6
  0  26  1  67  2  51  3  72  4  8
  0  39  1  32  2  12  3  29  4  35
  0  2  1  13  2  18  3  1  4  30
  0  64  1  25  2  28  3  3  4  28
  0  64  1  73  2  46  3  31  4  43
  0  79  1  48  2  75  3  62  4  98
  0  7  1  70  2  57  3  57  4  48
  0  37  1  2  2  3  3  7  4  57
  0  2  1  27  2  30  3  47  4  42
  0  54  1  75  2  85  3  85  4  45
  0  7  1  21  2  5  3  45  4  92
  0  52  1  21  2  82  3  93  4  46
  0  77  1  5  2  59  3  27  4  53
  0  81  1  88  2  73  3  23  4  46
  0  29  1  94  2  94  3  37  4  2
  0  71  1  95  2  46  3  93  4  87
  0  75  1  21  2  45  3  79  4  63
  0  50  1  25  2  94  3  86  4  29
  0  77  1  25  2  34  3  12  4  72
  0  53  1  39  2  59  3  7  4  37
  0  90  1  66  2  21  3  19  4  24
  0  23  1  47  2  29  3  30  4  31
  0  94  1  22  2  86  3  91  4  32
  0  71  1  13  2  39  3  32  4  2
  0  92  1  68  2  86  3  42  4  13
  0  4  1  4  2  22  3  18  4  92
  0  49  1  56  2  79  3  17  4  92
  0  70  1  30  2  76  3  61  4  82
  0  2  1  69  2  32  3  34  4  82
  0  75  1  98  2  33  3  76  4  20
  0  96  1  61  2  18  3  83  4  73
  0  44  1  93  2  73  3  48  4  4
  0  70  1  67  2  79  3  28  4  16
  0  10  1  44  2  36  3  78  4  23
  0  4  1  16  2  65  3  35  4  95
  0  65  1  8  2  73  3  89  4  72
  0  31  1  59  2  85  3  7  4  67
  0  90  1  55  2  1  3  59  4  19
  0  41  1  59  2  51  3  50  4  72
  0  21  1  73  2  18  3  64  4  47
  0  65  1  18  2  97  3  34  4  81
  0  4  1  16  2  51  3  80  4  70
  0  61  1  68  2  3  3  82  4  59
  0  18  1  74  2  38  3  12  4  2
  0  93  1  49  2  58  3  50  4  93
  0  92  1  20  2  72  3  82  4  66
  0  31  1  80  2  11  3  53  4  32
  0  61  1  9  2  64  3  60  4  25
  0  97  1  32  2  87  3  68  4  71
  0  70  1  63  2  19  3  97  4  7
  0  88  1  57  2  82  3  78  4  12
  0  29  1  7  2  27  3  24  4  90
  0  22  1  43  2  11  3  56  4  61
  0  49  1  55  2  42  3  9  4  9
  0  38  1  13  2  31  3  9  4  53
  0  90  1  67  2  62  3  36  4  77
  0  22  1  11  2  92  3  95  4  12
  0  29  1  53  2  46  3  75  4  69
  0  5  1  54  2  23  3  91  4  59
  0  44  1  89  2  64  3  85  4  41
  0  43  1  39  2  96  3  36  4  30
  0  33  1  59  2  24  3  73  4  56
  0  1  1  12  2  58  3  97  4  96
  0  67  1  71  2  33  3  76  4  46
  0  64  1  20  2  92  3  14  4  68
  0  12  1  23  2  54  3  97  4  84
  0  2  1  45  2  78  3  66  4  20
  0  14  1  20  2  20  3  20  4  29
  0  21  1  9  2  73  3  79  4  47
  0  47  1  38  2  44  3  51  4  29
  0  11  1  70  2  10  3  59  4  36
  0  86  1  93  2  64  3  34  4  46
  0  12  1  32  2  46  3  58  4  79
  0  8  1  34  2  58  3  4  4  68
  0  63  1  34  2  96  3  32  4  57
  0  86  1  53  2  72  3  17  4  16
  0  43  1  62  2  25  3  53  4  28
  0  53  1  93  2  64  3  82  4  66
  0  17  1  22  2  84  3  61  4  28
  0  7  1  13  2  87  3  5  4  77
  0  58  1  59  2  33  3  39  4  37
  0  96  1  45  2  83  3  66  4  18
  0  97  1  94  2  40  3  87  4  29
  0  26  1  12  2  48  3  42  4  6
  0  74  1  92  2  82  3  31  4  96
  0  59  1  19  2  38  3  50  4  40
  0  32  1  75  2  40  3  56  4  83
  0  15  1  31  2  33  3  19  4  68
  0  6  1  63  2  10  3  11  4  37
  0  67  1  70  2  14  3  28  4  73
  0  67  1  41  2  57  3  75  4  34
  0  66  1  53  2  44  3  54  4  18
  0  60  1  5  2  61  3  51  4  81
  0  6  1  87  2  1  3  17  4  26
  0  48  1  80  2  17  3  18  4  46
  0  17  1  31  2  71  3  35  4  41
  0  24  1  44  2  73  3  71  4  72
  0  6  1  60  2  67  3  88  4  69
  0  34  1  34  2  16  3  32  4  72
  0  98  1  89  2  37  3  29  4  9
  0  86  1  21  2  93  3  8  4  70
  0  26  1  63  2  84  3  20  4  76
  0  50  1  22  2  20  3  55  4  77
  0  67  1  12  2  32  3  41  4  19
  0  62  1  21  2  22  3  92  4  90
  0  78  1  85  2  7  3  50  4  63
  0  6  1  19  2  84  3  21  4  5
  0  81  1  63  2  65  3  82  4  7
  0  3  1  69  2  79  3  69  4  14
  0  85  1  9  2  70  3  19  4  60
  0  45  1  50  2  60  3  16  4  47
  0  22  1  59  2  7  3  60  4  61
  0  25  1  78  2  32  3  83  4  3
  0  84  1  19  2  79  3  22  4  44
  0  88  1  95  2  81  3  42  4  27
  0  90  1  81  2  95  3  14  4  92
  0  89  1  54  2  29  3  37  4  94
  0  6  1  99  2  69  3  1  4  90
  0  95  1  41  2  51  3  60  4  33
  0  24  1  89  2  30  3  63  4  24
  0  94  1  7  2  31  3  84  4  57
  0  97  1  37  2  89  3  73  4  31
  0  50  1  15  2  69  3  36  4  41
  0  97  1  5  2  73  3  38  4  4
  0  91  1  10  2  29  3  23  4  44
  0  70  1  51  2  32  3  41  4  34
  0  54  1  84  2  61  3  26  4  23
  0  27  1  37  2  43  3  90  4  63
  0  18  1  18  2  91  3  90  4  58
  0  85  1  15  2  1  3  56  4  37
  0  80  1  13  2  13  3  51  4  36
  0  77  1  94  2  52  3  40  4  70
  0  8  1  29  2  95  3  72  4  25
  0  10  1  41  2  96  3  24  4  95
  0  10  1  5  2  19  3  66  4  24
  0  41  1  6  2  40  3  76  4  54
  0  42  1  44  2  13  3  7  4  46
  0  12  1  34  2  69  3  70  4  31
  0  70  1  71  2  89  3  7  4  83
  0  47  1  17  2  2  3  27  4  86
  0  27  1  80  2  54  3  4  4  59
  0  69  1  50  2  59  3  13  4  94
TPM
  0  3253  1  3253  2  3253  3  3253  4  3253
PMT
  0  10  1  5  2  20  3  19  4  20
  0  4  1  18  2  23  3  19  4  15
  0  4  1  5  2  6  3  10  4  10
  0  4  1  24  2  4  3  23  4  18
  0  21  1  4  2  14  3  7  4  6
  0  11  1  23  2  1  3  21  4  2
  0  8  1  1  2  2  3  22  4  5
  0  13  1  1  2  20  3  20  4  3
  0  15  1  3  2  13  3  1  4  24
  0  11  1  15  2  16  3  5  4  5
  0  10  1  7  2  21  3  2  4  5
  0  20  1  14  2  1  3  15  4  6
  0  14  1  6  2  18  3  18  4  17
  0  5  1  7  2  5  3  11  4  21
  0  14  1  19  2  4  3  16  4  19
  0  15  1  1  2  8  3  2  4  5
