20  5
  0  50  1  35  2  45  3  1  4  30
  0  65  1  16  2  84  3  71  4  30
  0  18  1  11  2  8  3  66  4  54
  0  66  1  14  2  33  3  69  4  21
  0  2  1  5  2  44  3  74  4  49
  0  4  1  62  2  90  3  5  4  16
  0  19  1  54  2  66  3  80  4  87
  0  69  1  34  2  53  3  46  4  2
  0  85  1  72  2  27  3  12  4  23
  0  80  1  52  2  47  3  85  4  87
  0  70  1  82  2  31  3  76  4  91
  0  25  1  35  2  81  3  96  4  34
  0  47  1  87  2  76  3  15  4  26
  0  48  1  3  2  76  3  10  4  3
  0  64  1  78  2  23  3  40  4  95
  0  12  1  23  2  60  3  98  4  62
  0  11  1  9  2  33  3  70  4  91
  0  91  1  8  2  91  3  47  4  96
  0  29  1  9  2  48  3  87  4  59
  0  45  1  29  2  36  3  10  4  3
TPM
  0  678  1  678  2  678  3  678  4  678
PMT
  0  98  1  5  2  69  3  5  4  61
  0  4  1  28  2  16  3  67  4  93
  0  71  1  92  2  28  3  86  4  32
