100  20
  0  35  1  84  2  80  3  81  4  47  5  22  6  14  7  19  8  35  9  47  10  37  11  74  12  59  13  49  14  55  15  17  16  10  17  1  18  88  19  44
  0  84  1  84  2  24  3  53  4  2  5  9  6  85  7  69  8  47  9  53  10  32  11  52  12  15  13  80  14  75  15  31  16  21  17  75  18  58  19  57
  0  76  1  18  2  61  3  75  4  50  5  84  6  20  7  36  8  69  9  50  10  56  11  17  12  30  13  25  14  69  15  19  16  14  17  45  18  49  19  57
  0  42  1  26  2  82  3  62  4  5  5  5  6  80  7  51  8  47  9  69  10  57  11  53  12  8  13  39  14  15  15  89  16  32  17  26  18  26  19  35
  0  11  1  24  2  28  3  25  4  15  5  78  6  59  7  71  8  30  9  40  10  96  11  20  12  6  13  24  14  91  15  39  16  75  17  91  18  97  19  35
  0  23  1  62  2  44  3  49  4  73  5  6  6  5  7  41  8  67  9  61  10  52  11  7  12  35  13  16  14  6  15  62  16  53  17  2  18  10  19  93
  0  97  1  23  2  10  3  59  4  90  5  8  6  4  7  89  8  10  9  44  10  77  11  32  12  29  13  57  14  73  15  18  16  75  17  32  18  41  19  62
  0  54  1  74  2  59  3  26  4  56  5  86  6  42  7  84  8  48  9  96  10  67  11  1  12  31  13  42  14  74  15  87  16  92  17  35  18  41  19  8
  0  5  1  34  2  26  3  48  4  38  5  5  6  31  7  65  8  85  9  52  10  33  11  93  12  32  13  44  14  78  15  51  16  6  17  72  18  43  19  2
  0  91  1  10  2  5  3  40  4  5  5  67  6  76  7  24  8  43  9  57  10  99  11  66  12  71  13  6  14  96  15  48  16  13  17  98  18  25  19  31
  0  37  1  22  2  93  3  82  4  77  5  46  6  22  7  24  8  25  9  74  10  64  11  81  12  63  13  34  14  19  15  91  16  60  17  90  18  3  19  94
  0  15  1  21  2  53  3  25  4  35  5  73  6  97  7  54  8  4  9  77  10  94  11  87  12  26  13  15  14  37  15  84  16  7  17  49  18  77  19  68
  0  71  1  69  2  13  3  50  4  35  5  6  6  37  7  69  8  2  9  20  10  43  11  36  12  19  13  70  14  54  15  22  16  36  17  21  18  87  19  48
  0  49  1  29  2  3  3  39  4  16  5  28  6  76  7  64  8  75  9  20  10  8  11  90  12  17  13  99  14  49  15  94  16  64  17  9  18  10  19  20
  0  98  1  86  2  89  3  87  4  5  5  43  6  28  7  82  8  26  9  4  10  75  11  68  12  77  13  81  14  38  15  24  16  31  17  77  18  31  19  92
  0  79  1  18  2  54  3  80  4  46  5  80  6  83  7  54  8  1  9  71  10  16  11  22  12  83  13  42  14  34  15  3  16  62  17  71  18  78  19  11
  0  73  1  45  2  25  3  9  4  8  5  13  6  18  7  11  8  61  9  98  10  18  11  49  12  51  13  99  14  33  15  11  16  59  17  97  18  78  19  30
  0  80  1  66  2  59  3  86  4  52  5  58  6  71  7  38  8  20  9  84  10  87  11  96  12  59  13  41  14  48  15  25  16  46  17  42  18  86  19  6
  0  61  1  48  2  56  3  20  4  63  5  16  6  39  7  36  8  70  9  5  10  49  11  79  12  29  13  13  14  72  15  59  16  65  17  26  18  95  19  59
  0  43  1  6  2  10  3  12  4  80  5  57  6  9  7  28  8  88  9  37  10  13  11  42  12  48  13  3  14  69  15  1  16  29  17  13  18  40  19  94
  0  7  1  29  2  59  3  19  4  63  5  75  6  14  7  18  8  49  9  57  10  6  11  41  12  40  13  55  14  80  15  11  16  45  17  29  18  26  19  86
  0  19  1  9  2  91  3  90  4  5  5  59  6  78  7  94  8  97  9  33  10  84  11  8  12  9  13  65  14  27  15  21  16  87  17  62  18  66  19  72
  0  92  1  84  2  99  3  64  4  56  5  46  6  8  7  29  8  77  9  62  10  65  11  30  12  13  13  15  14  48  15  53  16  75  17  35  18  10  19  11
  0  59  1  14  2  95  3  78  4  34  5  80  6  21  7  17  8  94  9  29  10  41  11  66  12  47  13  60  14  77  15  19  16  75  17  89  18  79  19  89
  0  16  1  35  2  47  3  41  4  32  5  58  6  31  7  62  8  71  9  69  10  88  11  68  12  43  13  86  14  72  15  93  16  52  17  12  18  61  19  95
  0  66  1  74  2  77  3  74  4  31  5  57  6  42  7  2  8  20  9  90  10  58  11  92  12  11  13  91  14  42  15  65  16  28  17  84  18  15  19  86
  0  66  1  18  2  42  3  93  4  19  5  80  6  91  7  22  8  45  9  64  10  21  11  4  12  76  13  46  14  39  15  6  16  25  17  68  18  95  19  19
  0  54  1  48  2  84  3  25  4  30  5  50  6  74  7  1  8  44  9  88  10  4  11  26  12  99  13  61  14  1  15  20  16  90  17  18  18  6  19  17
  0  13  1  17  2  22  3  47  4  82  5  33  6  16  7  3  8  74  9  8  10  45  11  80  12  79  13  60  14  73  15  55  16  52  17  98  18  16  19  8
  0  8  1  9  2  27  3  14  4  71  5  96  6  95  7  89  8  7  9  17  10  45  11  12  12  66  13  16  14  39  15  87  16  37  17  72  18  27  19  38
  0  89  1  10  2  95  3  10  4  37  5  16  6  18  7  35  8  72  9  93  10  94  11  2  12  40  13  27  14  39  15  16  16  49  17  44  18  57  19  51
  0  52  1  91  2  15  3  25  4  32  5  79  6  1  7  44  8  77  9  44  10  14  11  21  12  41  13  27  14  55  15  35  16  5  17  2  18  87  19  97
  0  97  1  63  2  86  3  57  4  49  5  74  6  22  7  30  8  63  9  41  10  21  11  63  12  51  13  50  14  98  15  56  16  50  17  96  18  83  19  96
  0  32  1  75  2  49  3  89  4  69  5  36  6  35  7  90  8  3  9  1  10  28  11  60  12  50  13  7  14  21  15  6  16  31  17  24  18  86  19  87
  0  9  1  49  2  22  3  90  4  66  5  98  6  55  7  90  8  74  9  24  10  17  11  80  12  17  13  38  14  29  15  19  16  74  17  29  18  45  19  23
  0  88  1  88  2  61  3  23  4  66  5  92  6  77  7  38  8  73  9  94  10  65  11  54  12  43  13  47  14  97  15  6  16  1  17  35  18  19  19  92
  0  74  1  91  2  83  3  88  4  39  5  49  6  76  7  12  8  21  9  23  10  98  11  81  12  60  13  39  14  87  15  67  16  96  17  58  18  89  19  1
  0  52  1  53  2  23  3  25  4  88  5  36  6  86  7  89  8  95  9  56  10  5  11  13  12  30  13  98  14  15  15  72  16  92  17  72  18  43  19  9
  0  40  1  52  2  11  3  29  4  52  5  18  6  81  7  60  8  6  9  14  10  40  11  99  12  30  13  8  14  46  15  31  16  32  17  36  18  29  19  31
  0  32  1  50  2  98  3  80  4  40  5  14  6  96  7  42  8  62  9  14  10  5  11  80  12  25  13  73  14  96  15  30  16  40  17  89  18  95  19  49
  0  72  1  39  2  64  3  97  4  62  5  16  6  50  7  34  8  25  9  87  10  66  11  27  12  29  13  4  14  68  15  13  16  13  17  77  18  63  19  65
  0  21  1  28  2  64  3  30  4  33  5  61  6  74  7  61  8  38  9  11  10  59  11  64  12  87  13  83  14  48  15  17  16  90  17  76  18  76  19  31
  0  81  1  52  2  42  3  80  4  45  5  97  6  54  7  7  8  74  9  98  10  3  11  65  12  30  13  13  14  53  15  95  16  85  17  14  18  62  19  6
  0  1  1  36  2  76  3  21  4  58  5  67  6  31  7  35  8  47  9  37  10  94  11  48  12  80  13  12  14  1  15  4  16  78  17  8  18  76  19  41
  0  63  1  58  2  54  3  26  4  42  5  13  6  27  7  46  8  69  9  46  10  82  11  54  12  18  13  15  14  29  15  15  16  6  17  81  18  3  19  88
  0  53  1  88  2  97  3  48  4  65  5  67  6  89  7  18  8  66  9  6  10  28  11  79  12  32  13  8  14  9  15  87  16  97  17  16  18  67  19  84
  0  34  1  95  2  56  3  6  4  22  5  90  6  76  7  25  8  64  9  86  10  4  11  73  12  18  13  67  14  7  15  24  16  42  17  41  18  56  19  49
  0  83  1  59  2  82  3  68  4  46  5  66  6  8  7  49  8  24  9  56  10  86  11  45  12  93  13  21  14  7  15  67  16  84  17  3  18  53  19  15
  0  82  1  13  2  28  3  40  4  40  5  56  6  71  7  3  8  81  9  76  10  51  11  34  12  45  13  30  14  87  15  35  16  87  17  27  18  46  19  65
  0  42  1  16  2  19  3  97  4  26  5  97  6  60  7  52  8  14  9  86  10  70  11  29  12  24  13  62  14  19  15  1  16  8  17  81  18  65  19  44
  0  20  1  35  2  24  3  16  4  7  5  74  6  67  7  92  8  50  9  49  10  67  11  51  12  57  13  17  14  27  15  42  16  73  17  24  18  44  19  83
  0  57  1  71  2  17  3  94  4  64  5  7  6  73  7  21  8  97  9  18  10  88  11  40  12  55  13  1  14  29  15  45  16  59  17  46  18  24  19  35
  0  44  1  67  2  70  3  78  4  67  5  32  6  1  7  12  8  41  9  19  10  86  11  90  12  5  13  83  14  56  15  23  16  94  17  88  18  39  19  28
  0  77  1  80  2  69  3  16  4  52  5  75  6  19  7  80  8  36  9  93  10  35  11  39  12  90  13  81  14  2  15  76  16  58  17  75  18  55  19  73
  0  1  1  21  2  17  3  12  4  82  5  42  6  31  7  8  8  21  9  20  10  15  11  5  12  1  13  35  14  62  15  30  16  36  17  84  18  50  19  89
  0  8  1  60  2  55  3  64  4  29  5  65  6  62  7  34  8  4  9  9  10  34  11  27  12  85  13  88  14  67  15  92  16  54  17  65  18  57  19  24
  0  61  1  82  2  52  3  93  4  12  5  89  6  47  7  72  8  98  9  71  10  81  11  46  12  84  13  83  14  15  15  53  16  8  17  60  18  5  19  93
  0  67  1  38  2  5  3  5  4  93  5  1  6  70  7  86  8  27  9  63  10  31  11  33  12  49  13  30  14  52  15  91  16  45  17  97  18  31  19  66
  0  96  1  99  2  69  3  33  4  17  5  98  6  23  7  32  8  94  9  81  10  30  11  61  12  3  13  15  14  63  15  70  16  88  17  57  18  62  19  55
  0  43  1  43  2  22  3  74  4  31  5  85  6  69  7  58  8  22  9  59  10  48  11  69  12  48  13  54  14  76  15  41  16  91  17  34  18  62  19  9
  0  66  1  12  2  93  3  95  4  52  5  37  6  33  7  23  8  95  9  78  10  78  11  66  12  86  13  7  14  77  15  75  16  69  17  44  18  10  19  7
  0  54  1  18  2  59  3  69  4  37  5  41  6  64  7  66  8  37  9  16  10  93  11  75  12  18  13  4  14  2  15  17  16  46  17  45  18  61  19  92
  0  6  1  3  2  56  3  98  4  79  5  51  6  23  7  41  8  38  9  67  10  29  11  10  12  42  13  63  14  51  15  89  16  11  17  84  18  95  19  16
  0  20  1  62  2  55  3  5  4  55  5  82  6  13  7  99  8  4  9  28  10  23  11  42  12  74  13  91  14  36  15  36  16  81  17  69  18  57  19  63
  0  28  1  90  2  37  3  98  4  75  5  32  6  37  7  84  8  80  9  30  10  37  11  4  12  44  13  89  14  61  15  54  16  1  17  42  18  36  19  80
  0  35  1  18  2  20  3  69  4  19  5  26  6  58  7  70  8  93  9  49  10  59  11  15  12  42  13  18  14  93  15  60  16  33  17  4  18  56  19  41
  0  24  1  43  2  54  3  51  4  56  5  8  6  1  7  62  8  89  9  47  10  32  11  51  12  38  13  93  14  81  15  2  16  22  17  6  18  65  19  3
  0  54  1  73  2  81  3  52  4  96  5  25  6  10  7  41  8  81  9  4  10  76  11  80  12  77  13  12  14  16  15  86  16  39  17  24  18  41  19  53
  0  71  1  33  2  13  3  60  4  99  5  77  6  61  7  2  8  32  9  53  10  3  11  41  12  43  13  22  14  54  15  14  16  24  17  56  18  50  19  46
  0  78  1  5  2  89  3  55  4  48  5  40  6  91  7  47  8  16  9  37  10  26  11  31  12  10  13  5  14  44  15  16  16  96  17  39  18  42  19  64
  0  57  1  11  2  14  3  1  4  75  5  66  6  84  7  20  8  70  9  28  10  28  11  35  12  69  13  22  14  17  15  52  16  2  17  56  18  54  19  78
  0  47  1  46  2  75  3  83  4  81  5  37  6  39  7  84  8  93  9  92  10  31  11  17  12  75  13  38  14  48  15  7  16  10  17  77  18  56  19  77
  0  94  1  25  2  11  3  29  4  88  5  17  6  4  7  90  8  71  9  7  10  75  11  33  12  36  13  42  14  86  15  82  16  79  17  77  18  67  19  88
  0  45  1  97  2  62  3  19  4  23  5  20  6  53  7  89  8  40  9  20  10  28  11  72  12  70  13  3  14  16  15  5  16  61  17  97  18  24  19  21
  0  51  1  60  2  30  3  70  4  20  5  12  6  32  7  80  8  9  9  42  10  45  11  11  12  94  13  58  14  97  15  64  16  5  17  57  18  79  19  89
  0  1  1  53  2  38  3  74  4  86  5  89  6  14  7  97  8  1  9  16  10  75  11  29  12  4  13  3  14  94  15  60  16  79  17  37  18  62  19  16
  0  89  1  17  2  45  3  87  4  75  5  24  6  24  7  78  8  86  9  73  10  79  11  54  12  66  13  32  14  97  15  37  16  43  17  81  18  24  19  99
  0  7  1  69  2  84  3  31  4  52  5  43  6  46  7  77  8  32  9  96  10  4  11  6  12  55  13  58  14  87  15  18  16  9  17  91  18  57  19  21
  0  1  1  11  2  7  3  36  4  48  5  7  6  98  7  95  8  57  9  45  10  21  11  62  12  71  13  2  14  4  15  76  16  83  17  11  18  65  19  7
  0  34  1  64  2  58  3  53  4  53  5  93  6  47  7  56  8  5  9  2  10  37  11  82  12  41  13  34  14  15  15  1  16  98  17  23  18  5  19  68
  0  59  1  19  2  27  3  94  4  76  5  1  6  13  7  51  8  51  9  52  10  31  11  39  12  83  13  7  14  6  15  42  16  47  17  21  18  48  19  14
  0  62  1  38  2  30  3  88  4  68  5  27  6  62  7  18  8  9  9  23  10  60  11  57  12  91  13  8  14  19  15  61  16  88  17  99  18  18  19  67
  0  71  1  38  2  27  3  75  4  15  5  88  6  3  7  42  8  12  9  9  10  66  11  61  12  72  13  35  14  32  15  94  16  5  17  93  18  7  19  65
  0  8  1  42  2  84  3  46  4  15  5  92  6  25  7  87  8  68  9  78  10  49  11  76  12  24  13  56  14  37  15  22  16  2  17  68  18  80  19  3
  0  38  1  93  2  32  3  28  4  12  5  67  6  62  7  91  8  38  9  58  10  7  11  30  12  64  13  13  14  73  15  2  16  98  17  21  18  22  19  55
  0  61  1  60  2  67  3  58  4  54  5  18  6  47  7  94  8  58  9  1  10  50  11  57  12  30  13  84  14  22  15  97  16  46  17  57  18  67  19  3
  0  20  1  65  2  26  3  6  4  86  5  60  6  98  7  74  8  30  9  10  10  42  11  5  12  6  13  16  14  57  15  28  16  69  17  52  18  43  19  15
  0  37  1  36  2  96  3  22  4  5  5  60  6  70  7  16  8  33  9  71  10  22  11  82  12  65  13  79  14  25  15  94  16  22  17  10  18  10  19  95
  0  10  1  50  2  66  3  32  4  25  5  58  6  30  7  31  8  43  9  10  10  15  11  15  12  29  13  19  14  81  15  94  16  95  17  70  18  57  19  83
  0  17  1  24  2  26  3  20  4  55  5  87  6  69  7  7  8  56  9  75  10  32  11  82  12  52  13  1  14  29  15  94  16  35  17  50  18  25  19  49
  0  12  1  60  2  51  3  33  4  64  5  88  6  45  7  59  8  49  9  33  10  19  11  59  12  32  13  71  14  6  15  37  16  31  17  93  18  25  19  59
  0  14  1  73  2  67  3  31  4  85  5  89  6  15  7  5  8  39  9  94  10  7  11  93  12  75  13  94  14  45  15  16  16  13  17  80  18  1  19  78
  0  26  1  40  2  41  3  61  4  2  5  17  6  16  7  86  8  2  9  26  10  58  11  76  12  59  13  10  14  95  15  24  16  51  17  19  18  60  19  32
  0  29  1  44  2  66  3  10  4  99  5  25  6  90  7  18  8  84  9  28  10  42  11  1  12  99  13  49  14  60  15  63  16  37  17  10  18  34  19  55
  0  39  1  28  2  41  3  92  4  96  5  89  6  70  7  24  8  8  9  57  10  54  11  8  12  88  13  94  14  24  15  77  16  13  17  82  18  80  19  99
  0  26  1  55  2  38  3  56  4  59  5  91  6  66  7  98  8  40  9  43  10  68  11  64  12  79  13  69  14  41  15  49  16  67  17  10  18  25  19  78
  0  25  1  45  2  36  3  17  4  86  5  86  6  22  7  6  8  8  9  19  10  13  11  33  12  24  13  83  14  32  15  58  16  7  17  68  18  99  19  59
  0  2  1  57  2  51  3  64  4  22  5  34  6  33  7  93  8  52  9  66  10  67  11  17  12  86  13  93  14  96  15  5  16  83  17  8  18  33  19  40
  0  41  1  6  2  84  3  93  4  4  5  31  6  46  7  2  8  60  9  50  10  53  11  90  12  99  13  34  14  43  15  42  16  30  17  32  18  88  19  83
  0  72  1  48  2  82  3  51  4  91  5  83  6  80  7  73  8  29  9  89  10  54  11  57  12  35  13  36  14  96  15  69  16  32  17  9  18  80  19  65
TPM
  0  1446  1  1446  2  1446  3  1446  4  1446  5  1446  6  1446  7  1446  8  1446  9  1446  10  1446  11  1446  12  1446  13  1446  14  1446  15  1446  16  1446  17  1446  18  1446  19  1446
PMT
  0  12  1  19  2  17  3  1  4  2  5  2  6  7  7  4  8  8  9  22  10  21  11  20  12  21  13  10  14  8  15  19  16  13  17  17  18  20  19  20
  0  15  1  3  2  3  3  16  4  18  5  6  6  12  7  13  8  3  9  6  10  2  11  3  12  5  13  15  14  11  15  14  16  18  17  12  18  5  19  9
  0  6  1  13  2  24  3  16  4  23  5  6  6  13  7  17  8  24  9  16  10  11  11  13  12  1  13  22  14  13  15  2  16  2  17  24  18  11  19  10
  0  21  1  20  2  19  3  20  4  7  5  21  6  6  7  18  8  12  9  19  10  15  11  21  12  13  13  23  14  2  15  2  16  9  17  17  18  15  19  23
  0  17  1  17  2  17  3  13  4  19  5  1  6  14  7  15  8  11  9  4  10  22  11  12  12  9  13  19  14  6  15  3  16  13  17  1  18  2  19  9
  0  18  1  15  2  3  3  20  4  12  5  24  6  22  7  24  8  20  9  13  10  12  11  22  12  5  13  11  14  1  15  6  16  21  17  13  18  8  19  7
  0  17  1  12  2  21  3  22  4  21  5  2  6  11  7  24  8  18  9  9  10  11  11  19  12  16  13  3  14  16  15  18  16  22  17  19  18  8  19  9
