200  10
  0  2  1  27  2  12  3  30  4  44  5  75  6  1  7  32  8  65  9  96
  0  6  1  37  2  18  3  99  4  70  5  81  6  2  7  29  8  83  9  97
  0  98  1  8  2  47  3  88  4  26  5  28  6  96  7  15  8  4  9  63
  0  40  1  82  2  20  3  90  4  40  5  41  6  23  7  50  8  59  9  10
  0  85  1  64  2  46  3  99  4  24  5  4  6  31  7  97  8  52  9  83
  0  66  1  33  2  15  3  6  4  13  5  41  6  37  7  91  8  74  9  89
  0  58  1  75  2  22  3  36  4  68  5  41  6  65  7  38  8  46  9  34
  0  62  1  26  2  63  3  73  4  66  5  11  6  28  7  49  8  65  9  93
  0  56  1  82  2  53  3  85  4  99  5  69  6  34  7  75  8  89  9  61
  0  68  1  86  2  42  3  29  4  87  5  14  6  60  7  25  8  52  9  34
  0  21  1  41  2  23  3  36  4  20  5  19  6  76  7  7  8  40  9  70
  0  75  1  65  2  32  3  7  4  84  5  47  6  53  7  88  8  86  9  62
  0  86  1  40  2  37  3  94  4  34  5  4  6  77  7  3  8  70  9  7
  0  67  1  52  2  90  3  82  4  33  5  80  6  90  7  65  8  36  9  78
  0  56  1  45  2  89  3  42  4  63  5  58  6  4  7  18  8  15  9  44
  0  24  1  59  2  47  3  4  4  93  5  58  6  1  7  25  8  57  9  24
  0  38  1  73  2  78  3  19  4  41  5  64  6  59  7  80  8  26  9  48
  0  59  1  75  2  65  3  96  4  62  5  85  6  97  7  57  8  54  9  7
  0  62  1  17  2  77  3  5  4  1  5  97  6  2  7  81  8  98  9  64
  0  21  1  30  2  67  3  31  4  57  5  74  6  92  7  86  8  45  9  41
  0  88  1  72  2  8  3  7  4  42  5  93  6  75  7  90  8  43  9  46
  0  81  1  29  2  13  3  79  4  53  5  20  6  94  7  36  8  74  9  27
  0  74  1  38  2  87  3  7  4  27  5  7  6  74  7  60  8  9  9  47
  0  10  1  52  2  56  3  14  4  99  5  37  6  54  7  50  8  36  9  85
  0  77  1  86  2  34  3  9  4  22  5  2  6  35  7  9  8  86  9  7
  0  79  1  14  2  63  3  8  4  5  5  74  6  48  7  48  8  3  9  32
  0  89  1  38  2  51  3  83  4  20  5  17  6  1  7  89  8  54  9  26
  0  79  1  29  2  37  3  61  4  60  5  77  6  86  7  48  8  82  9  60
  0  52  1  64  2  34  3  18  4  88  5  80  6  43  7  82  8  27  9  22
  0  18  1  49  2  74  3  45  4  42  5  87  6  86  7  1  8  30  9  46
  0  85  1  26  2  66  3  15  4  27  5  71  6  10  7  75  8  41  9  77
  0  32  1  43  2  78  3  35  4  9  5  76  6  62  7  10  8  4  9  18
  0  23  1  16  2  93  3  79  4  44  5  51  6  32  7  3  8  75  9  49
  0  58  1  45  2  81  3  98  4  85  5  69  6  14  7  42  8  36  9  48
  0  58  1  46  2  96  3  11  4  67  5  16  6  24  7  81  8  88  9  92
  0  12  1  96  2  61  3  38  4  10  5  99  6  15  7  35  8  47  9  47
  0  21  1  21  2  6  3  83  4  62  5  42  6  50  7  50  8  29  9  14
  0  90  1  51  2  50  3  4  4  66  5  98  6  34  7  75  8  52  9  83
  0  57  1  71  2  21  3  68  4  29  5  17  6  45  7  92  8  45  9  68
  0  91  1  24  2  70  3  41  4  48  5  17  6  41  7  93  8  1  9  50
  0  66  1  52  2  29  3  48  4  70  5  95  6  8  7  25  8  10  9  48
  0  17  1  91  2  48  3  34  4  9  5  18  6  78  7  2  8  80  9  51
  0  30  1  21  2  43  3  17  4  86  5  10  6  9  7  56  8  15  9  42
  0  6  1  92  2  85  3  40  4  9  5  10  6  8  7  64  8  62  9  91
  0  37  1  44  2  95  3  71  4  31  5  16  6  82  7  59  8  27  9  60
  0  97  1  75  2  6  3  55  4  59  5  93  6  44  7  93  8  65  9  73
  0  74  1  18  2  58  3  35  4  11  5  82  6  88  7  13  8  92  9  45
  0  51  1  82  2  75  3  40  4  15  5  47  6  64  7  94  8  72  9  41
  0  54  1  82  2  81  3  70  4  45  5  31  6  72  7  6  8  34  9  30
  0  45  1  94  2  96  3  96  4  78  5  68  6  30  7  3  8  26  9  45
  0  93  1  70  2  68  3  64  4  96  5  85  6  53  7  2  8  94  9  95
  0  39  1  46  2  5  3  77  4  17  5  54  6  63  7  2  8  90  9  85
  0  61  1  28  2  28  3  7  4  48  5  2  6  15  7  14  8  92  9  46
  0  84  1  1  2  20  3  66  4  87  5  87  6  86  7  97  8  41  9  73
  0  59  1  86  2  66  3  87  4  87  5  76  6  90  7  47  8  12  9  19
  0  1  1  50  2  42  3  66  4  45  5  54  6  85  7  99  8  40  9  28
  0  15  1  78  2  25  3  80  4  17  5  55  6  57  7  83  8  46  9  65
  0  61  1  61  2  83  3  84  4  67  5  13  6  73  7  28  8  92  9  82
  0  82  1  25  2  64  3  97  4  11  5  94  6  79  7  37  8  53  9  3
  0  55  1  99  2  77  3  83  4  14  5  95  6  71  7  55  8  3  9  69
  0  88  1  49  2  47  3  20  4  81  5  48  6  80  7  1  8  1  9  4
  0  13  1  96  2  5  3  62  4  21  5  11  6  13  7  32  8  65  9  15
  0  85  1  68  2  85  3  48  4  23  5  68  6  16  7  62  8  8  9  78
  0  27  1  41  2  43  3  77  4  82  5  62  6  57  7  83  8  69  9  65
  0  70  1  94  2  42  3  37  4  50  5  65  6  85  7  53  8  9  9  67
  0  88  1  6  2  6  3  2  4  84  5  30  6  59  7  58  8  99  9  6
  0  91  1  35  2  8  3  81  4  52  5  50  6  6  7  60  8  4  9  41
  0  27  1  50  2  45  3  12  4  74  5  58  6  26  7  66  8  50  9  72
  0  73  1  61  2  87  3  83  4  27  5  49  6  33  7  30  8  58  9  1
  0  33  1  60  2  24  3  26  4  2  5  53  6  72  7  38  8  5  9  42
  0  2  1  18  2  71  3  36  4  55  5  85  6  5  7  22  8  79  9  89
  0  83  1  98  2  94  3  43  4  49  5  81  6  48  7  5  8  37  9  69
  0  56  1  60  2  86  3  66  4  49  5  52  6  39  7  3  8  73  9  81
  0  19  1  94  2  22  3  54  4  47  5  32  6  93  7  69  8  30  9  97
  0  99  1  57  2  30  3  45  4  75  5  16  6  17  7  90  8  61  9  9
  0  30  1  99  2  52  3  26  4  34  5  72  6  48  7  7  8  29  9  61
  0  41  1  90  2  40  3  62  4  26  5  37  6  25  7  83  8  16  9  34
  0  46  1  64  2  10  3  86  4  13  5  9  6  33  7  48  8  80  9  58
  0  45  1  45  2  70  3  6  4  11  5  4  6  49  7  35  8  40  9  80
  0  56  1  39  2  73  3  47  4  11  5  48  6  60  7  98  8  3  9  65
  0  45  1  72  2  55  3  6  4  76  5  89  6  28  7  66  8  96  9  81
  0  84  1  91  2  68  3  43  4  46  5  7  6  59  7  22  8  6  9  19
  0  85  1  56  2  82  3  32  4  83  5  2  6  26  7  11  8  65  9  18
  0  6  1  88  2  64  3  97  4  57  5  16  6  4  7  74  8  53  9  79
  0  13  1  29  2  25  3  54  4  88  5  78  6  67  7  53  8  90  9  28
  0  81  1  96  2  82  3  15  4  46  5  19  6  98  7  77  8  31  9  69
  0  66  1  15  2  84  3  95  4  24  5  42  6  55  7  95  8  34  9  42
  0  37  1  94  2  39  3  71  4  48  5  68  6  53  7  70  8  75  9  29
  0  59  1  89  2  55  3  47  4  69  5  32  6  61  7  58  8  58  9  65
  0  24  1  98  2  79  3  59  4  17  5  60  6  37  7  59  8  53  9  55
  0  49  1  92  2  9  3  36  4  50  5  60  6  52  7  13  8  95  9  85
  0  35  1  50  2  88  3  96  4  7  5  59  6  22  7  79  8  19  9  95
  0  19  1  27  2  55  3  33  4  11  5  63  6  6  7  90  8  80  9  23
  0  57  1  10  2  71  3  18  4  72  5  16  6  31  7  20  8  86  9  25
  0  42  1  35  2  40  3  67  4  59  5  57  6  18  7  28  8  56  9  21
  0  87  1  56  2  49  3  96  4  23  5  63  6  54  7  86  8  82  9  29
  0  94  1  28  2  74  3  84  4  59  5  8  6  10  7  25  8  83  9  41
  0  54  1  1  2  7  3  74  4  7  5  60  6  22  7  99  8  72  9  57
  0  27  1  20  2  11  3  49  4  31  5  77  6  81  7  39  8  93  9  33
  0  5  1  48  2  86  3  87  4  14  5  12  6  14  7  45  8  77  9  40
  0  23  1  88  2  8  3  93  4  91  5  5  6  83  7  47  8  88  9  74
  0  53  1  58  2  28  3  32  4  10  5  66  6  63  7  41  8  35  9  66
  0  99  1  51  2  56  3  53  4  25  5  36  6  86  7  31  8  73  9  11
  0  11  1  20  2  78  3  95  4  52  5  14  6  88  7  75  8  40  9  72
  0  35  1  52  2  48  3  50  4  92  5  10  6  82  7  83  8  56  9  32
  0  37  1  12  2  36  3  37  4  47  5  85  6  43  7  29  8  4  9  91
  0  14  1  77  2  20  3  4  4  93  5  64  6  43  7  29  8  78  9  75
  0  76  1  19  2  3  3  21  4  45  5  59  6  92  7  99  8  3  9  57
  0  35  1  63  2  95  3  95  4  51  5  28  6  14  7  16  8  39  9  42
  0  80  1  48  2  53  3  17  4  91  5  18  6  25  7  70  8  88  9  67
  0  31  1  45  2  18  3  99  4  95  5  91  6  33  7  20  8  38  9  45
  0  20  1  28  2  40  3  21  4  70  5  99  6  85  7  12  8  20  9  49
  0  74  1  69  2  30  3  65  4  46  5  93  6  89  7  67  8  44  9  58
  0  47  1  13  2  7  3  65  4  15  5  60  6  82  7  95  8  3  9  76
  0  79  1  83  2  62  3  20  4  24  5  57  6  70  7  62  8  67  9  17
  0  56  1  23  2  73  3  29  4  71  5  14  6  87  7  67  8  55  9  42
  0  36  1  41  2  31  3  7  4  53  5  65  6  47  7  80  8  95  9  84
  0  46  1  77  2  7  3  48  4  34  5  37  6  53  7  98  8  56  9  78
  0  15  1  21  2  38  3  8  4  28  5  55  6  21  7  73  8  11  9  95
  0  6  1  16  2  2  3  6  4  2  5  50  6  7  7  19  8  19  9  72
  0  32  1  28  2  59  3  81  4  48  5  68  6  14  7  69  8  11  9  40
  0  44  1  4  2  34  3  43  4  10  5  7  6  90  7  5  8  99  9  30
  0  89  1  29  2  33  3  41  4  54  5  6  6  74  7  99  8  93  9  43
  0  61  1  79  2  53  3  19  4  37  5  55  6  69  7  67  8  60  9  89
  0  92  1  47  2  95  3  48  4  21  5  52  6  41  7  56  8  79  9  55
  0  28  1  79  2  34  3  14  4  9  5  59  6  20  7  68  8  14  9  72
  0  31  1  4  2  32  3  79  4  82  5  68  6  76  7  72  8  78  9  63
  0  6  1  50  2  7  3  55  4  30  5  81  6  61  7  57  8  27  9  26
  0  75  1  3  2  31  3  24  4  96  5  91  6  79  7  88  8  42  9  88
  0  37  1  40  2  21  3  10  4  17  5  83  6  11  7  9  8  76  9  14
  0  21  1  73  2  60  3  89  4  78  5  70  6  13  7  32  8  28  9  18
  0  91  1  16  2  27  3  65  4  31  5  74  6  67  7  1  8  67  9  33
  0  75  1  33  2  14  3  34  4  58  5  16  6  27  7  34  8  90  9  93
  0  37  1  68  2  79  3  5  4  10  5  27  6  44  7  68  8  65  9  83
  0  84  1  35  2  83  3  61  4  41  5  80  6  55  7  49  8  73  9  71
  0  73  1  80  2  90  3  38  4  63  5  44  6  25  7  22  8  98  9  7
  0  37  1  94  2  60  3  35  4  79  5  63  6  19  7  66  8  57  9  97
  0  58  1  79  2  82  3  57  4  79  5  30  6  94  7  7  8  32  9  74
  0  84  1  34  2  73  3  98  4  70  5  11  6  57  7  18  8  92  9  73
  0  96  1  12  2  34  3  7  4  50  5  17  6  81  7  50  8  26  9  92
  0  81  1  73  2  14  3  21  4  63  5  76  6  81  7  22  8  24  9  22
  0  89  1  82  2  8  3  10  4  20  5  40  6  13  7  28  8  20  9  57
  0  22  1  60  2  13  3  89  4  25  5  41  6  12  7  29  8  89  9  60
  0  47  1  74  2  99  3  83  4  6  5  66  6  57  7  31  8  19  9  69
  0  32  1  25  2  59  3  18  4  87  5  18  6  42  7  41  8  31  9  37
  0  27  1  28  2  63  3  20  4  63  5  14  6  20  7  33  8  51  9  89
  0  42  1  85  2  75  3  63  4  3  5  86  6  60  7  32  8  83  9  6
  0  46  1  38  2  85  3  35  4  73  5  28  6  12  7  72  8  47  9  17
  0  51  1  56  2  3  3  47  4  54  5  32  6  92  7  92  8  91  9  36
  0  76  1  29  2  21  3  12  4  81  5  92  6  1  7  10  8  56  9  90
  0  49  1  29  2  47  3  28  4  14  5  90  6  65  7  70  8  3  9  81
  0  18  1  70  2  12  3  73  4  27  5  94  6  23  7  25  8  71  9  66
  0  78  1  25  2  97  3  82  4  43  5  21  6  9  7  80  8  16  9  52
  0  20  1  76  2  53  3  74  4  31  5  69  6  12  7  52  8  72  9  12
  0  25  1  50  2  12  3  82  4  67  5  48  6  29  7  7  8  87  9  69
  0  95  1  7  2  80  3  94  4  27  5  94  6  68  7  89  8  81  9  26
  0  83  1  80  2  33  3  78  4  81  5  62  6  31  7  26  8  38  9  99
  0  30  1  23  2  79  3  77  4  66  5  22  6  87  7  7  8  90  9  75
  0  52  1  82  2  89  3  20  4  65  5  60  6  75  7  17  8  91  9  89
  0  98  1  12  2  54  3  36  4  28  5  43  6  10  7  57  8  10  9  95
  0  15  1  33  2  76  3  86  4  9  5  58  6  92  7  36  8  54  9  50
  0  43  1  54  2  13  3  27  4  5  5  44  6  59  7  56  8  59  9  9
  0  50  1  89  2  35  3  3  4  92  5  26  6  88  7  77  8  3  9  69
  0  57  1  9  2  30  3  71  4  54  5  90  6  93  7  83  8  80  9  56
  0  62  1  48  2  72  3  51  4  53  5  12  6  16  7  51  8  59  9  39
  0  93  1  39  2  20  3  52  4  43  5  47  6  77  7  31  8  48  9  44
  0  13  1  54  2  86  3  26  4  32  5  58  6  3  7  31  8  53  9  38
  0  94  1  98  2  24  3  39  4  13  5  33  6  46  7  88  8  27  9  44
  0  21  1  85  2  95  3  81  4  13  5  35  6  51  7  77  8  99  9  1
  0  95  1  64  2  82  3  14  4  40  5  45  6  37  7  53  8  66  9  13
  0  47  1  4  2  76  3  60  4  62  5  33  6  54  7  26  8  55  9  56
  0  68  1  61  2  67  3  90  4  85  5  21  6  83  7  92  8  65  9  6
  0  67  1  55  2  67  3  16  4  46  5  91  6  86  7  92  8  24  9  38
  0  90  1  47  2  71  3  56  4  46  5  20  6  17  7  11  8  33  9  12
  0  30  1  59  2  95  3  70  4  83  5  70  6  82  7  46  8  24  9  73
  0  67  1  29  2  1  3  84  4  55  5  36  6  22  7  81  8  19  9  30
  0  35  1  14  2  21  3  54  4  63  5  67  6  97  7  42  8  40  9  23
  0  42  1  31  2  13  3  85  4  92  5  75  6  20  7  64  8  11  9  58
  0  65  1  22  2  15  3  27  4  34  5  50  6  98  7  20  8  20  9  20
  0  61  1  52  2  77  3  5  4  6  5  62  6  99  7  3  8  3  9  72
  0  98  1  90  2  22  3  82  4  31  5  71  6  69  7  12  8  89  9  27
  0  92  1  61  2  78  3  76  4  43  5  61  6  16  7  83  8  91  9  20
  0  41  1  87  2  58  3  84  4  22  5  51  6  93  7  7  8  95  9  26
  0  10  1  39  2  73  3  5  4  66  5  23  6  4  7  94  8  60  9  46
  0  70  1  38  2  54  3  72  4  72  5  73  6  63  7  78  8  10  9  84
  0  78  1  44  2  71  3  13  4  86  5  86  6  4  7  16  8  38  9  30
  0  4  1  94  2  43  3  53  4  59  5  27  6  22  7  65  8  38  9  80
  0  29  1  80  2  6  3  94  4  22  5  12  6  95  7  42  8  64  9  5
  0  91  1  26  2  55  3  63  4  87  5  68  6  46  7  52  8  23  9  83
  0  89  1  83  2  17  3  60  4  6  5  11  6  63  7  88  8  84  9  81
  0  32  1  99  2  64  3  48  4  2  5  14  6  25  7  11  8  37  9  7
  0  10  1  52  2  54  3  50  4  69  5  1  6  58  7  71  8  65  9  5
  0  40  1  56  2  4  3  27  4  69  5  71  6  73  7  86  8  12  9  92
  0  4  1  2  2  70  3  69  4  82  5  16  6  27  7  36  8  92  9  6
  0  21  1  90  2  42  3  13  4  99  5  68  6  20  7  41  8  36  9  86
  0  97  1  3  2  85  3  57  4  36  5  26  6  30  7  71  8  2  9  42
  0  39  1  12  2  77  3  14  4  27  5  48  6  27  7  82  8  18  9  19
  0  57  1  43  2  15  3  8  4  77  5  64  6  49  7  63  8  58  9  26
  0  66  1  22  2  23  3  37  4  49  5  32  6  44  7  56  8  11  9  99
  0  22  1  20  2  96  3  87  4  59  5  61  6  67  7  43  8  64  9  81
TPM
  0  2033  1  2033  2  2033  3  2033  4  2033  5  2033  6  2033  7  2033  8  2033  9  2033
PMT
  0  70  1  41  2  51  3  76  4  23  5  71  6  12  7  65  8  35  9  89
  0  86  1  53  2  81  3  31  4  50  5  32  6  85  7  43  8  86  9  98
  0  60  1  89  2  41  3  44  4  50  5  35  6  51  7  49  8  42  9  7
  0  91  1  76  2  49  3  4  4  10  5  67  6  88  7  85  8  16  9  57
  0  5  1  69  2  59  3  81  4  6  5  13  6  12  7  43  8  15  9  77
  0  24  1  45  2  67  3  70  4  44  5  25  6  79  7  36  8  9  9  37
  0  95  1  34  2  31  3  66  4  79  5  26  6  69  7  84  8  95  9  54
  0  36  1  65  2  19  3  95  4  80  5  24  6  48  7  13  8  68  9  59
  0  21  1  38  2  18  3  92  4  58  5  67  6  90  7  53  8  76  9  44
  0  37  1  44  2  56  3  69  4  30  5  80  6  51  7  46  8  67  9  4
