200  5
  0  4  1  52  2  91  3  76  4  89
  0  15  1  53  2  93  3  62  4  1
  0  48  1  66  2  80  3  11  4  40
  0  86  1  54  2  74  3  22  4  76
  0  97  1  76  2  20  3  99  4  44
  0  27  1  68  2  87  3  16  4  19
  0  60  1  61  2  66  3  97  4  18
  0  57  1  83  2  39  3  56  4  4
  0  87  1  16  2  21  3  2  4  74
  0  91  1  32  2  85  3  98  4  69
  0  61  1  3  2  69  3  3  4  23
  0  12  1  39  2  21  3  59  4  1
  0  72  1  43  2  46  3  67  4  53
  0  84  1  55  2  13  3  56  4  59
  0  45  1  55  2  78  3  61  4  68
  0  41  1  38  2  56  3  19  4  36
  0  56  1  25  2  46  3  98  4  90
  0  40  1  32  2  84  3  88  4  68
  0  85  1  35  2  79  3  19  4  8
  0  39  1  15  2  4  3  41  4  73
  0  36  1  55  2  95  3  67  4  24
  0  24  1  16  2  45  3  57  4  74
  0  33  1  34  2  94  3  12  4  27
  0  45  1  41  2  37  3  71  4  76
  0  76  1  12  2  56  3  77  4  51
  0  59  1  97  2  84  3  84  4  58
  0  85  1  17  2  9  3  91  4  31
  0  87  1  47  2  55  3  8  4  75
  0  27  1  53  2  3  3  51  4  64
  0  17  1  20  2  72  3  63  4  30
  0  10  1  72  2  15  3  62  4  1
  0  14  1  10  2  18  3  66  4  88
  0  78  1  67  2  66  3  75  4  19
  0  25  1  18  2  90  3  4  4  70
  0  9  1  93  2  49  3  41  4  48
  0  37  1  97  2  40  3  16  4  61
  0  52  1  44  2  63  3  84  4  51
  0  90  1  70  2  33  3  87  4  83
  0  59  1  15  2  94  3  62  4  33
  0  32  1  67  2  2  3  69  4  74
  0  81  1  50  2  5  3  64  4  33
  0  22  1  88  2  17  3  9  4  96
  0  72  1  46  2  65  3  94  4  91
  0  51  1  67  2  35  3  34  4  26
  0  22  1  89  2  17  3  2  4  16
  0  89  1  4  2  20  3  13  4  54
  0  42  1  68  2  3  3  36  4  1
  0  55  1  95  2  22  3  37  4  92
  0  97  1  14  2  21  3  13  4  14
  0  83  1  1  2  38  3  73  4  93
  0  84  1  83  2  60  3  4  4  73
  0  65  1  8  2  11  3  69  4  26
  0  73  1  6  2  39  3  24  4  21
  0  38  1  23  2  32  3  63  4  6
  0  1  1  44  2  43  3  35  4  59
  0  96  1  70  2  5  3  40  4  36
  0  16  1  34  2  32  3  99  4  57
  0  36  1  60  2  96  3  15  4  98
  0  89  1  87  2  24  3  69  4  11
  0  22  1  23  2  27  3  19  4  64
  0  69  1  76  2  83  3  25  4  12
  0  16  1  59  2  86  3  63  4  39
  0  7  1  63  2  72  3  83  4  8
  0  69  1  72  2  33  3  5  4  64
  0  70  1  43  2  94  3  93  4  97
  0  46  1  49  2  67  3  28  4  38
  0  53  1  23  2  53  3  75  4  84
  0  68  1  47  2  27  3  60  4  22
  0  79  1  59  2  42  3  64  4  55
  0  35  1  63  2  88  3  78  4  81
  0  27  1  13  2  85  3  46  4  85
  0  84  1  83  2  26  3  93  4  95
  0  89  1  71  2  15  3  80  4  65
  0  83  1  97  2  82  3  81  4  54
  0  74  1  94  2  63  3  23  4  33
  0  12  1  8  2  45  3  72  4  55
  0  51  1  9  2  44  3  66  4  56
  0  25  1  32  2  53  3  31  4  88
  0  29  1  64  2  92  3  92  4  9
  0  10  1  61  2  24  3  13  4  51
  0  25  1  95  2  80  3  48  4  17
  0  79  1  11  2  2  3  6  4  36
  0  25  1  70  2  77  3  78  4  68
  0  20  1  61  2  11  3  77  4  43
  0  46  1  3  2  84  3  60  4  54
  0  27  1  65  2  87  3  6  4  53
  0  15  1  38  2  73  3  64  4  32
  0  75  1  1  2  67  3  54  4  59
  0  60  1  91  2  36  3  33  4  49
  0  95  1  8  2  51  3  63  4  46
  0  31  1  48  2  92  3  25  4  36
  0  95  1  27  2  68  3  30  4  89
  0  71  1  70  2  82  3  79  4  5
  0  85  1  50  2  24  3  32  4  14
  0  84  1  36  2  12  3  61  4  38
  0  47  1  68  2  2  3  65  4  9
  0  6  1  92  2  76  3  18  4  92
  0  3  1  4  2  11  3  93  4  73
  0  72  1  95  2  37  3  15  4  93
  0  89  1  79  2  3  3  26  4  91
  0  86  1  35  2  70  3  9  4  37
  0  58  1  83  2  18  3  44  4  80
  0  37  1  23  2  15  3  22  4  64
  0  48  1  26  2  71  3  53  4  70
  0  70  1  60  2  80  3  84  4  91
  0  61  1  17  2  61  3  41  4  68
  0  23  1  26  2  97  3  35  4  26
  0  81  1  44  2  60  3  47  4  49
  0  91  1  52  2  19  3  97  4  2
  0  20  1  19  2  90  3  30  4  55
  0  94  1  67  2  7  3  15  4  62
  0  38  1  31  2  27  3  19  4  61
  0  17  1  53  2  73  3  29  4  58
  0  9  1  9  2  85  3  72  4  8
  0  22  1  49  2  38  3  77  4  97
  0  13  1  58  2  89  3  32  4  45
  0  99  1  68  2  84  3  21  4  85
  0  85  1  49  2  40  3  57  4  64
  0  61  1  35  2  14  3  40  4  80
  0  53  1  16  2  40  3  22  4  77
  0  96  1  7  2  22  3  27  4  14
  0  55  1  58  2  27  3  60  4  45
  0  66  1  67  2  87  3  14  4  25
  0  75  1  22  2  83  3  88  4  75
  0  82  1  70  2  1  3  2  4  26
  0  25  1  17  2  2  3  78  4  1
  0  17  1  42  2  22  3  26  4  83
  0  93  1  59  2  25  3  79  4  74
  0  66  1  17  2  56  3  59  4  6
  0  82  1  63  2  5  3  63  4  85
  0  51  1  29  2  26  3  75  4  88
  0  59  1  27  2  21  3  27  4  30
  0  10  1  52  2  86  3  87  4  88
  0  99  1  60  2  60  3  23  4  62
  0  37  1  65  2  18  3  46  4  5
  0  78  1  22  2  57  3  90  4  6
  0  89  1  33  2  27  3  90  4  14
  0  52  1  73  2  82  3  75  4  51
  0  24  1  45  2  33  3  45  4  72
  0  53  1  68  2  25  3  28  4  41
  0  60  1  84  2  99  3  86  4  38
  0  91  1  86  2  33  3  63  4  6
  0  45  1  4  2  15  3  30  4  26
  0  48  1  81  2  13  3  96  4  22
  0  10  1  57  2  91  3  7  4  29
  0  18  1  57  2  2  3  66  4  64
  0  81  1  52  2  35  3  48  4  34
  0  3  1  34  2  24  3  46  4  82
  0  14  1  89  2  10  3  52  4  84
  0  45  1  78  2  93  3  72  4  6
  0  96  1  5  2  55  3  90  4  86
  0  24  1  36  2  1  3  73  4  22
  0  20  1  42  2  38  3  9  4  18
  0  46  1  99  2  55  3  94  4  29
  0  97  1  36  2  16  3  54  4  12
  0  28  1  79  2  12  3  37  4  19
  0  34  1  21  2  7  3  33  4  17
  0  20  1  31  2  58  3  48  4  11
  0  96  1  32  2  98  3  48  4  32
  0  29  1  89  2  13  3  52  4  59
  0  93  1  6  2  25  3  58  4  68
  0  39  1  26  2  36  3  10  4  25
  0  71  1  19  2  28  3  85  4  55
  0  88  1  82  2  27  3  22  4  24
  0  22  1  55  2  47  3  74  4  7
  0  37  1  21  2  34  3  36  4  22
  0  43  1  9  2  86  3  68  4  85
  0  62  1  31  2  69  3  70  4  8
  0  21  1  47  2  74  3  87  4  17
  0  69  1  66  2  28  3  26  4  6
  0  24  1  85  2  67  3  28  4  91
  0  19  1  80  2  27  3  80  4  46
  0  53  1  84  2  20  3  74  4  9
  0  45  1  5  2  13  3  18  4  60
  0  10  1  2  2  89  3  3  4  57
  0  25  1  77  2  76  3  59  4  84
  0  99  1  67  2  73  3  58  4  54
  0  16  1  43  2  61  3  88  4  98
  0  10  1  85  2  42  3  50  4  23
  0  3  1  83  2  75  3  76  4  28
  0  3  1  16  2  52  3  2  4  27
  0  80  1  52  2  27  3  88  4  52
  0  48  1  68  2  42  3  35  4  76
  0  12  1  10  2  92  3  57  4  25
  0  32  1  98  2  25  3  79  4  15
  0  11  1  90  2  17  3  15  4  18
  0  69  1  77  2  16  3  31  4  53
  0  20  1  76  2  33  3  13  4  96
  0  42  1  82  2  43  3  65  4  72
  0  46  1  9  2  64  3  20  4  20
  0  36  1  59  2  46  3  37  4  64
  0  52  1  88  2  94  3  54  4  16
  0  86  1  40  2  19  3  79  4  48
  0  87  1  14  2  93  3  13  4  78
  0  11  1  34  2  34  3  90  4  49
  0  40  1  94  2  54  3  17  4  87
  0  26  1  51  2  29  3  41  4  98
  0  87  1  84  2  33  3  89  4  70
  0  43  1  77  2  70  3  27  4  32
  0  8  1  45  2  56  3  77  4  86
TPM
  0  1591  1  1591  2  1591  3  1591  4  1591
PMT
  0  46  1  97  2  39  3  43  4  69
  0  38  1  66  2  30  3  93  4  23
  0  19  1  5  2  30  3  26  4  27
  0  71  1  87  2  89  3  65  4  50
  0  52  1  43  2  78  3  53  4  17
  0  75  1  85  2  84  3  12  4  98
  0  36  1  89  2  16  3  35  4  13
  0  29  1  60  2  27  3  90  4  53
  0  37  1  33  2  2  3  88  4  90
  0  76  1  70  2  79  3  48  4  43
  0  6  1  35  2  19  3  61  4  80
  0  74  1  62  2  99  3  27  4  85
  0  10  1  64  2  25  3  20  4  98
