500  5
  0  44  1  75  2  54  3  38  4  67
  0  33  1  46  2  73  3  88  4  95
  0  5  1  32  2  1  3  26  4  27
  0  1  1  23  2  52  3  71  4  13
  0  80  1  90  2  72  3  5  4  75
  0  68  1  95  2  95  3  8  4  44
  0  32  1  45  2  81  3  11  4  57
  0  45  1  7  2  29  3  2  4  66
  0  91  1  32  2  6  3  22  4  63
  0  93  1  58  2  66  3  88  4  50
  0  43  1  11  2  65  3  17  4  43
  0  35  1  9  2  54  3  68  4  29
  0  58  1  52  2  14  3  83  4  70
  0  48  1  71  2  24  3  92  4  9
  0  38  1  50  2  7  3  19  4  93
  0  37  1  96  2  67  3  58  4  87
  0  5  1  37  2  34  3  64  4  36
  0  16  1  2  2  32  3  57  4  93
  0  19  1  86  2  93  3  28  4  50
  0  55  1  11  2  64  3  22  4  90
  0  47  1  69  2  70  3  96  4  26
  0  3  1  48  2  60  3  61  4  31
  0  90  1  73  2  45  3  69  4  64
  0  62  1  77  2  97  3  44  4  77
  0  62  1  90  2  96  3  99  4  12
  0  49  1  63  2  52  3  99  4  46
  0  74  1  57  2  68  3  88  4  30
  0  45  1  93  2  91  3  36  4  22
  0  43  1  4  2  83  3  50  4  86
  0  13  1  92  2  89  3  50  4  60
  0  84  1  24  2  20  3  4  4  39
  0  45  1  38  2  26  3  37  4  87
  0  40  1  84  2  32  3  31  4  30
  0  28  1  61  2  10  3  6  4  49
  0  17  1  97  2  55  3  35  4  29
  0  67  1  5  2  38  3  18  4  27
  0  91  1  78  2  50  3  91  4  75
  0  51  1  73  2  46  3  23  4  99
  0  22  1  93  2  34  3  82  4  37
  0  16  1  84  2  32  3  25  4  70
  0  8  1  96  2  37  3  7  4  35
  0  11  1  83  2  91  3  78  4  26
  0  78  1  49  2  19  3  16  4  81
  0  73  1  27  2  9  3  15  4  70
  0  43  1  46  2  30  3  25  4  85
  0  48  1  74  2  9  3  60  4  28
  0  91  1  79  2  98  3  14  4  31
  0  16  1  50  2  45  3  67  4  13
  0  87  1  64  2  49  3  28  4  22
  0  13  1  34  2  32  3  23  4  10
  0  70  1  32  2  5  3  73  4  38
  0  53  1  1  2  98  3  62  4  5
  0  60  1  25  2  49  3  60  4  29
  0  38  1  24  2  35  3  92  4  89
  0  64  1  38  2  15  3  49  4  48
  0  28  1  67  2  98  3  75  4  98
  0  65  1  47  2  33  3  88  4  36
  0  21  1  88  2  74  3  87  4  58
  0  62  1  90  2  66  3  17  4  98
  0  5  1  98  2  64  3  30  4  21
  0  80  1  25  2  23  3  98  4  42
  0  82  1  28  2  11  3  1  4  80
  0  90  1  77  2  6  3  67  4  86
  0  45  1  95  2  63  3  86  4  2
  0  55  1  59  2  74  3  51  4  36
  0  77  1  56  2  76  3  63  4  47
  0  52  1  75  2  60  3  66  4  56
  0  42  1  54  2  76  3  83  4  34
  0  43  1  51  2  75  3  41  4  48
  0  79  1  3  2  49  3  66  4  7
  0  2  1  69  2  13  3  42  4  36
  0  65  1  3  2  67  3  49  4  9
  0  26  1  95  2  81  3  45  4  4
  0  62  1  39  2  40  3  38  4  50
  0  48  1  49  2  91  3  85  4  41
  0  34  1  47  2  48  3  43  4  97
  0  60  1  90  2  66  3  34  4  72
  0  54  1  24  2  9  3  79  4  26
  0  22  1  6  2  42  3  79  4  99
  0  22  1  10  2  92  3  13  4  80
  0  81  1  31  2  92  3  4  4  21
  0  40  1  13  2  69  3  12  4  94
  0  59  1  29  2  13  3  86  4  79
  0  69  1  50  2  52  3  56  4  50
  0  51  1  77  2  32  3  42  4  22
  0  25  1  75  2  44  3  3  4  71
  0  83  1  75  2  74  3  53  4  29
  0  40  1  79  2  56  3  31  4  32
  0  98  1  1  2  89  3  28  4  87
  0  99  1  2  2  71  3  58  4  99
  0  87  1  56  2  82  3  30  4  49
  0  60  1  22  2  17  3  69  4  94
  0  35  1  44  2  17  3  54  4  6
  0  59  1  7  2  95  3  96  4  56
  0  49  1  75  2  19  3  4  4  62
  0  27  1  74  2  67  3  59  4  56
  0  15  1  67  2  12  3  85  4  14
  0  71  1  61  2  75  3  55  4  96
  0  29  1  1  2  84  3  90  4  48
  0  69  1  70  2  98  3  16  4  5
  0  75  1  48  2  33  3  25  4  34
  0  1  1  95  2  99  3  90  4  60
  0  41  1  60  2  39  3  34  4  64
  0  96  1  62  2  74  3  66  4  73
  0  84  1  63  2  91  3  36  4  57
  0  22  1  73  2  90  3  62  4  31
  0  83  1  94  2  95  3  18  4  65
  0  76  1  57  2  44  3  96  4  68
  0  79  1  82  2  2  3  38  4  49
  0  88  1  17  2  38  3  22  4  94
  0  77  1  10  2  22  3  76  4  83
  0  20  1  82  2  83  3  52  4  11
  0  75  1  22  2  77  3  90  4  14
  0  39  1  41  2  94  3  54  4  46
  0  61  1  98  2  10  3  68  4  59
  0  69  1  68  2  25  3  81  4  58
  0  61  1  70  2  24  3  10  4  34
  0  51  1  20  2  17  3  20  4  52
  0  11  1  42  2  9  3  44  4  4
  0  11  1  65  2  65  3  70  4  15
  0  39  1  76  2  73  3  4  4  78
  0  87  1  94  2  49  3  19  4  45
  0  10  1  98  2  29  3  23  4  46
  0  68  1  38  2  60  3  5  4  35
  0  54  1  38  2  38  3  16  4  59
  0  80  1  8  2  70  3  57  4  34
  0  77  1  44  2  82  3  63  4  8
  0  40  1  9  2  42  3  55  4  95
  0  24  1  60  2  89  3  95  4  47
  0  54  1  99  2  53  3  3  4  36
  0  33  1  29  2  95  3  84  4  86
  0  84  1  30  2  20  3  74  4  78
  0  78  1  65  2  98  3  59  4  3
  0  89  1  28  2  9  3  49  4  66
  0  49  1  46  2  12  3  88  4  52
  0  81  1  16  2  51  3  55  4  99
  0  49  1  65  2  84  3  1  4  81
  0  68  1  73  2  22  3  20  4  59
  0  27  1  41  2  91  3  62  4  87
  0  5  1  70  2  99  3  83  4  59
  0  75  1  27  2  52  3  58  4  10
  0  55  1  63  2  85  3  11  4  84
  0  96  1  16  2  47  3  96  4  34
  0  93  1  77  2  97  3  80  4  21
  0  35  1  4  2  28  3  57  4  35
  0  11  1  9  2  1  3  9  4  94
  0  18  1  83  2  91  3  25  4  2
  0  12  1  46  2  96  3  33  4  30
  0  85  1  6  2  21  3  77  4  23
  0  35  1  39  2  99  3  73  4  14
  0  52  1  94  2  78  3  66  4  79
  0  25  1  27  2  78  3  43  4  32
  0  91  1  32  2  60  3  21  4  25
  0  93  1  1  2  5  3  52  4  52
  0  5  1  33  2  69  3  48  4  41
  0  33  1  48  2  42  3  52  4  54
  0  87  1  90  2  97  3  76  4  59
  0  67  1  22  2  33  3  58  4  17
  0  83  1  57  2  46  3  29  4  31
  0  54  1  33  2  97  3  15  4  56
  0  60  1  71  2  65  3  8  4  68
  0  32  1  82  2  1  3  52  4  37
  0  10  1  38  2  62  3  37  4  90
  0  22  1  82  2  36  3  35  4  68
  0  98  1  60  2  39  3  4  4  47
  0  58  1  37  2  12  3  96  4  35
  0  73  1  5  2  6  3  14  4  38
  0  65  1  65  2  56  3  85  4  67
  0  12  1  99  2  41  3  79  4  69
  0  90  1  68  2  5  3  60  4  8
  0  37  1  13  2  94  3  26  4  31
  0  71  1  26  2  53  3  75  4  68
  0  24  1  39  2  73  3  11  4  22
  0  42  1  87  2  8  3  19  4  4
  0  5  1  92  2  57  3  65  4  62
  0  48  1  6  2  26  3  32  4  20
  0  3  1  28  2  86  3  44  4  68
  0  14  1  96  2  27  3  61  4  4
  0  34  1  45  2  52  3  73  4  71
  0  54  1  47  2  31  3  15  4  36
  0  65  1  42  2  8  3  5  4  69
  0  28  1  79  2  63  3  93  4  48
  0  48  1  82  2  24  3  46  4  80
  0  34  1  19  2  5  3  86  4  11
  0  86  1  57  2  87  3  5  4  42
  0  34  1  90  2  35  3  20  4  60
  0  62  1  44  2  17  3  19  4  77
  0  3  1  81  2  38  3  88  4  85
  0  85  1  95  2  45  3  27  4  37
  0  25  1  55  2  49  3  22  4  66
  0  63  1  31  2  84  3  18  4  1
  0  58  1  82  2  51  3  17  4  73
  0  80  1  20  2  11  3  24  4  62
  0  67  1  9  2  56  3  77  4  6
  0  72  1  25  2  56  3  39  4  17
  0  10  1  58  2  29  3  84  4  54
  0  29  1  45  2  7  3  67  4  90
  0  50  1  27  2  61  3  88  4  88
  0  2  1  11  2  71  3  5  4  79
  0  59  1  67  2  1  3  15  4  4
  0  92  1  98  2  5  3  33  4  11
  0  83  1  22  2  8  3  7  4  36
  0  84  1  7  2  70  3  73  4  8
  0  70  1  90  2  74  3  9  4  14
  0  2  1  40  2  60  3  8  4  34
  0  19  1  26  2  32  3  73  4  17
  0  18  1  57  2  16  3  40  4  47
  0  8  1  77  2  65  3  80  4  16
  0  98  1  27  2  7  3  60  4  49
  0  64  1  75  2  59  3  24  4  70
  0  78  1  63  2  89  3  35  4  70
  0  46  1  15  2  76  3  50  4  19
  0  98  1  96  2  57  3  95  4  85
  0  15  1  52  2  94  3  14  4  54
  0  80  1  50  2  57  3  94  4  44
  0  62  1  48  2  14  3  28  4  25
  0  80  1  73  2  56  3  1  4  47
  0  34  1  74  2  28  3  60  4  94
  0  86  1  89  2  39  3  3  4  85
  0  69  1  91  2  61  3  58  4  82
  0  2  1  52  2  70  3  50  4  4
  0  37  1  28  2  59  3  26  4  3
  0  2  1  29  2  1  3  79  4  52
  0  62  1  96  2  31  3  81  4  75
  0  17  1  4  2  13  3  13  4  66
  0  79  1  69  2  1  3  77  4  79
  0  96  1  5  2  51  3  95  4  64
  0  71  1  62  2  61  3  29  4  89
  0  18  1  91  2  44  3  1  4  78
  0  40  1  65  2  31  3  84  4  52
  0  60  1  30  2  36  3  37  4  43
  0  49  1  29  2  58  3  88  4  80
  0  36  1  26  2  84  3  42  4  99
  0  51  1  40  2  91  3  58  4  80
  0  55  1  87  2  34  3  27  4  18
  0  43  1  57  2  64  3  83  4  33
  0  85  1  58  2  46  3  56  4  68
  0  39  1  32  2  57  3  50  4  48
  0  40  1  69  2  14  3  13  4  30
  0  19  1  8  2  21  3  40  4  9
  0  19  1  19  2  57  3  84  4  64
  0  37  1  2  2  28  3  35  4  22
  0  83  1  42  2  2  3  41  4  40
  0  35  1  66  2  60  3  72  4  89
  0  33  1  45  2  31  3  99  4  6
  0  13  1  30  2  5  3  66  4  38
  0  70  1  41  2  71  3  5  4  21
  0  5  1  72  2  31  3  84  4  95
  0  57  1  38  2  32  3  76  4  59
  0  25  1  4  2  70  3  84  4  60
  0  94  1  93  2  54  3  25  4  85
  0  73  1  61  2  56  3  69  4  18
  0  89  1  69  2  2  3  27  4  46
  0  75  1  74  2  69  3  98  4  3
  0  72  1  59  2  24  3  95  4  83
  0  97  1  13  2  68  3  63  4  86
  0  78  1  6  2  72  3  14  4  68
  0  48  1  40  2  64  3  80  4  29
  0  23  1  17  2  21  3  15  4  67
  0  25  1  76  2  78  3  82  4  95
  0  62  1  29  2  83  3  3  4  86
  0  37  1  83  2  17  3  43  4  63
  0  13  1  28  2  6  3  70  4  15
  0  88  1  8  2  57  3  45  4  14
  0  15  1  77  2  54  3  9  4  30
  0  5  1  66  2  15  3  93  4  66
  0  49  1  92  2  56  3  68  4  52
  0  77  1  46  2  59  3  63  4  85
  0  57  1  31  2  6  3  57  4  25
  0  37  1  71  2  51  3  78  4  78
  0  66  1  35  2  67  3  6  4  17
  0  45  1  11  2  6  3  61  4  96
  0  34  1  1  2  20  3  68  4  53
  0  63  1  24  2  7  3  58  4  22
  0  47  1  5  2  88  3  30  4  61
  0  60  1  97  2  96  3  30  4  31
  0  65  1  20  2  82  3  12  4  92
  0  72  1  52  2  23  3  86  4  15
  0  77  1  88  2  32  3  50  4  77
  0  25  1  99  2  38  3  61  4  85
  0  27  1  39  2  45  3  18  4  97
  0  48  1  64  2  42  3  84  4  46
  0  19  1  54  2  30  3  71  4  87
  0  98  1  96  2  97  3  91  4  84
  0  5  1  63  2  7  3  31  4  27
  0  91  1  42  2  59  3  19  4  1
  0  39  1  76  2  10  3  82  4  58
  0  15  1  72  2  8  3  61  4  27
  0  50  1  91  2  4  3  39  4  8
  0  9  1  88  2  18  3  38  4  57
  0  54  1  17  2  42  3  14  4  3
  0  85  1  58  2  10  3  76  4  64
  0  12  1  42  2  46  3  14  4  15
  0  82  1  76  2  32  3  26  4  64
  0  64  1  61  2  60  3  46  4  91
  0  2  1  14  2  87  3  7  4  65
  0  26  1  85  2  50  3  54  4  98
  0  63  1  84  2  32  3  66  4  97
  0  80  1  28  2  57  3  34  4  87
  0  3  1  3  2  28  3  77  4  49
  0  96  1  5  2  49  3  11  4  79
  0  32  1  25  2  52  3  39  4  47
  0  77  1  6  2  20  3  75  4  76
  0  73  1  4  2  40  3  35  4  70
  0  93  1  55  2  92  3  33  4  7
  0  33  1  78  2  18  3  85  4  65
  0  29  1  91  2  53  3  49  4  55
  0  61  1  78  2  78  3  88  4  96
  0  49  1  11  2  50  3  72  4  35
  0  76  1  22  2  97  3  13  4  7
  0  1  1  25  2  84  3  90  4  91
  0  57  1  91  2  78  3  52  4  5
  0  26  1  96  2  88  3  31  4  86
  0  51  1  86  2  19  3  27  4  23
  0  5  1  36  2  87  3  83  4  89
  0  72  1  33  2  95  3  60  4  97
  0  6  1  57  2  92  3  34  4  85
  0  20  1  94  2  76  3  18  4  91
  0  54  1  77  2  39  3  86  4  2
  0  84  1  19  2  97  3  10  4  12
  0  94  1  9  2  36  3  67  4  76
  0  54  1  71  2  81  3  31  4  99
  0  59  1  85  2  91  3  19  4  84
  0  61  1  42  2  66  3  57  4  59
  0  69  1  76  2  43  3  24  4  90
  0  51  1  4  2  13  3  94  4  7
  0  59  1  85  2  56  3  89  4  83
  0  82  1  10  2  91  3  88  4  44
  0  94  1  11  2  72  3  21  4  4
  0  53  1  17  2  89  3  5  4  62
  0  76  1  69  2  7  3  21  4  93
  0  97  1  99  2  70  3  17  4  23
  0  87  1  30  2  29  3  8  4  85
  0  26  1  85  2  68  3  63  4  51
  0  47  1  77  2  44  3  12  4  43
  0  10  1  6  2  52  3  92  4  20
  0  23  1  47  2  85  3  67  4  66
  0  95  1  92  2  28  3  35  4  77
  0  56  1  68  2  97  3  52  4  79
  0  67  1  59  2  86  3  23  4  8
  0  84  1  68  2  65  3  67  4  49
  0  40  1  4  2  1  3  82  4  43
  0  77  1  76  2  49  3  67  4  58
  0  8  1  60  2  51  3  42  4  9
  0  19  1  67  2  22  3  45  4  49
  0  90  1  35  2  72  3  54  4  46
  0  12  1  77  2  1  3  62  4  78
  0  72  1  31  2  93  3  76  4  90
  0  50  1  82  2  4  3  2  4  37
  0  78  1  7  2  41  3  78  4  25
  0  59  1  9  2  22  3  88  4  7
  0  97  1  95  2  95  3  83  4  49
  0  51  1  89  2  11  3  52  4  16
  0  36  1  34  2  18  3  64  4  26
  0  70  1  19  2  48  3  63  4  66
  0  59  1  41  2  43  3  83  4  14
  0  87  1  36  2  72  3  65  4  69
  0  51  1  89  2  14  3  16  4  49
  0  78  1  49  2  30  3  9  4  17
  0  98  1  8  2  74  3  94  4  2
  0  73  1  50  2  87  3  71  4  45
  0  11  1  24  2  33  3  17  4  32
  0  79  1  65  2  30  3  83  4  26
  0  84  1  37  2  20  3  40  4  27
  0  16  1  68  2  34  3  39  4  72
  0  3  1  62  2  80  3  34  4  44
  0  35  1  92  2  35  3  37  4  15
  0  80  1  34  2  79  3  2  4  27
  0  25  1  24  2  23  3  34  4  25
  0  53  1  78  2  46  3  52  4  21
  0  17  1  17  2  27  3  2  4  32
  0  9  1  63  2  79  3  24  4  58
  0  26  1  96  2  46  3  28  4  76
  0  13  1  30  2  22  3  36  4  62
  0  84  1  65  2  24  3  5  4  83
  0  50  1  69  2  13  3  3  4  98
  0  93  1  35  2  66  3  7  4  10
  0  29  1  17  2  68  3  88  4  53
  0  15  1  86  2  93  3  64  4  32
  0  17  1  79  2  65  3  2  4  18
  0  97  1  79  2  26  3  94  4  75
  0  68  1  70  2  42  3  34  4  10
  0  83  1  58  2  92  3  3  4  26
  0  66  1  47  2  66  3  95  4  47
  0  34  1  48  2  86  3  13  4  22
  0  65  1  11  2  36  3  72  4  38
  0  84  1  36  2  93  3  88  4  40
  0  77  1  41  2  17  3  28  4  30
  0  69  1  78  2  22  3  17  4  30
  0  21  1  21  2  11  3  53  4  59
  0  43  1  96  2  89  3  93  4  31
  0  83  1  73  2  95  3  16  4  37
  0  40  1  31  2  23  3  88  4  23
  0  76  1  8  2  1  3  86  4  60
  0  44  1  34  2  1  3  33  4  32
  0  31  1  40  2  45  3  65  4  1
  0  65  1  88  2  94  3  85  4  45
  0  29  1  78  2  38  3  87  4  40
  0  91  1  39  2  17  3  5  4  52
  0  33  1  12  2  65  3  70  4  69
  0  77  1  15  2  44  3  64  4  30
  0  72  1  42  2  32  3  7  4  88
  0  63  1  41  2  49  3  66  4  50
  0  6  1  91  2  2  3  98  4  13
  0  78  1  60  2  99  3  30  4  87
  0  76  1  95  2  72  3  15  4  10
  0  39  1  10  2  82  3  8  4  90
  0  32  1  35  2  77  3  95  4  19
  0  68  1  22  2  8  3  82  4  95
  0  39  1  76  2  69  3  24  4  64
  0  1  1  38  2  40  3  7  4  15
  0  70  1  90  2  20  3  64  4  56
  0  12  1  94  2  82  3  68  4  68
  0  71  1  88  2  38  3  72  4  12
  0  47  1  62  2  13  3  75  4  79
  0  22  1  23  2  83  3  99  4  6
  0  36  1  79  2  32  3  41  4  39
  0  7  1  25  2  91  3  14  4  69
  0  60  1  76  2  9  3  42  4  38
  0  12  1  8  2  47  3  78  4  83
  0  73  1  23  2  69  3  2  4  79
  0  34  1  49  2  99  3  75  4  11
  0  15  1  68  2  24  3  17  4  79
  0  43  1  22  2  75  3  33  4  93
  0  99  1  15  2  73  3  74  4  39
  0  3  1  5  2  27  3  72  4  82
  0  43  1  61  2  46  3  39  4  46
  0  49  1  60  2  43  3  78  4  4
  0  26  1  66  2  78  3  28  4  86
  0  55  1  69  2  59  3  10  4  8
  0  56  1  47  2  39  3  4  4  82
  0  33  1  62  2  62  3  48  4  21
  0  36  1  35  2  2  3  60  4  75
  0  72  1  75  2  85  3  97  4  5
  0  15  1  65  2  70  3  26  4  11
  0  78  1  23  2  78  3  65  4  4
  0  99  1  82  2  24  3  94  4  75
  0  44  1  58  2  82  3  63  4  39
  0  93  1  21  2  74  3  68  4  15
  0  67  1  24  2  19  3  71  4  61
  0  86  1  79  2  95  3  62  4  35
  0  98  1  97  2  32  3  35  4  81
  0  72  1  83  2  68  3  61  4  82
  0  46  1  6  2  98  3  55  4  98
  0  56  1  83  2  36  3  75  4  63
  0  55  1  79  2  60  3  29  4  56
  0  59  1  98  2  72  3  84  4  49
  0  17  1  69  2  27  3  86  4  21
  0  24  1  63  2  34  3  1  4  66
  0  87  1  89  2  83  3  75  4  88
  0  22  1  99  2  79  3  80  4  30
  0  53  1  82  2  76  3  35  4  17
  0  5  1  44  2  81  3  90  4  53
  0  95  1  91  2  97  3  51  4  86
  0  93  1  99  2  95  3  35  4  31
  0  53  1  22  2  89  3  18  4  60
  0  82  1  95  2  94  3  53  4  99
  0  46  1  95  2  42  3  12  4  19
  0  58  1  6  2  43  3  28  4  92
  0  97  1  77  2  47  3  28  4  18
  0  84  1  85  2  93  3  41  4  56
  0  13  1  85  2  36  3  38  4  76
  0  56  1  97  2  78  3  55  4  95
  0  69  1  8  2  29  3  18  4  50
  0  32  1  78  2  62  3  93  4  12
  0  32  1  61  2  54  3  48  4  30
  0  51  1  35  2  2  3  63  4  28
  0  39  1  11  2  20  3  57  4  36
  0  97  1  41  2  4  3  88  4  64
  0  63  1  40  2  5  3  25  4  12
  0  45  1  8  2  27  3  57  4  5
  0  43  1  54  2  67  3  70  4  62
  0  15  1  92  2  46  3  54  4  57
  0  95  1  3  2  9  3  70  4  90
  0  46  1  38  2  57  3  59  4  76
  0  97  1  92  2  73  3  31  4  61
  0  94  1  10  2  89  3  63  4  81
  0  69  1  77  2  9  3  92  4  24
  0  17  1  95  2  83  3  43  4  83
  0  25  1  37  2  86  3  88  4  83
  0  45  1  63  2  90  3  22  4  52
  0  89  1  4  2  56  3  68  4  95
  0  60  1  84  2  89  3  69  4  27
  0  87  1  81  2  31  3  15  4  44
  0  24  1  77  2  14  3  96  4  9
  0  46  1  27  2  40  3  50  4  76
  0  16  1  20  2  46  3  87  4  66
  0  61  1  91  2  72  3  29  4  69
  0  48  1  99  2  8  3  68  4  9
  0  73  1  97  2  70  3  16  4  71
  0  87  1  96  2  22  3  86  4  84
  0  81  1  97  2  23  3  25  4  42
  0  35  1  38  2  85  3  92  4  88
  0  18  1  92  2  27  3  63  4  32
  0  9  1  11  2  39  3  11  4  45
  0  49  1  76  2  33  3  8  4  22
  0  73  1  24  2  8  3  8  4  37
  0  89  1  69  2  32  3  9  4  55
  0  19  1  14  2  53  3  74  4  56
  0  96  1  86  2  19  3  23  4  83
TPM
  0  2857  1  2857  2  2857  3  2857  4  2857
PMT
  0  16  1  37  2  8  3  13  4  1
  0  7  1  15  2  6  3  23  4  48
  0  13  1  36  2  22  3  16  4  13
  0  8  1  48  2  6  3  11  4  2
  0  26  1  40  2  18  3  43  4  47
  0  12  1  28  2  24  3  28  4  30
  0  26  1  46  2  19  3  45  4  16
  0  14  1  22  2  26  3  6  4  40
  0  46  1  21  2  41  3  37  4  11
  0  22  1  14  2  27  3  3  4  28
  0  4  1  11  2  45  3  47  4  46
  0  18  1  39  2  29  3  36  4  41
  0  10  1  12  2  7  3  5  4  48
  0  26  1  30  2  1  3  16  4  12
  0  13  1  16  2  13  3  40  4  38
  0  48  1  1  2  10  3  23  4  26
  0  21  1  7  2  5  3  40  4  18
  0  27  1  49  2  42  3  23  4  39
