100  10
  0  37  1  43  2  10  3  4  4  73  5  67  6  83  7  50  8  29  9  19
  0  58  1  13  2  53  3  83  4  58  5  44  6  88  7  12  8  59  9  95
  0  89  1  74  2  15  3  58  4  5  5  99  6  46  7  67  8  51  9  11
  0  71  1  96  2  77  3  62  4  57  5  55  6  84  7  21  8  2  9  51
  0  67  1  60  2  90  3  5  4  75  5  70  6  76  7  1  8  16  9  79
  0  78  1  28  2  58  3  43  4  9  5  47  6  99  7  73  8  57  9  73
  0  91  1  82  2  8  3  78  4  65  5  76  6  52  7  35  8  80  9  28
  0  39  1  66  2  1  3  2  4  63  5  83  6  60  7  26  8  87  9  92
  0  76  1  20  2  57  3  39  4  35  5  26  6  32  7  5  8  34  9  17
  0  70  1  68  2  74  3  55  4  21  5  11  6  34  7  41  8  13  9  15
  0  62  1  75  2  56  3  95  4  65  5  18  6  80  7  60  8  6  9  21
  0  85  1  77  2  1  3  61  4  75  5  17  6  2  7  18  8  99  9  85
  0  14  1  51  2  28  3  54  4  51  5  85  6  31  7  80  8  58  9  6
  0  31  1  50  2  41  3  18  4  67  5  96  6  88  7  27  8  74  9  79
  0  72  1  45  2  66  3  21  4  54  5  27  6  89  7  34  8  53  9  82
  0  74  1  1  2  37  3  41  4  1  5  68  6  41  7  49  8  59  9  82
  0  47  1  19  2  78  3  78  4  46  5  80  6  38  7  84  8  85  9  92
  0  3  1  20  2  84  3  13  4  26  5  97  6  45  7  37  8  34  9  45
  0  99  1  57  2  74  3  20  4  86  5  1  6  83  7  78  8  27  9  44
  0  29  1  20  2  53  3  21  4  99  5  22  6  18  7  59  8  86  9  33
  0  59  1  25  2  50  3  91  4  32  5  55  6  64  7  88  8  18  9  6
  0  18  1  87  2  65  3  47  4  66  5  70  6  36  7  84  8  1  9  87
  0  52  1  87  2  64  3  3  4  66  5  49  6  20  7  82  8  14  9  21
  0  80  1  72  2  5  3  77  4  27  5  37  6  67  7  25  8  81  9  83
  0  56  1  43  2  27  3  79  4  86  5  30  6  70  7  37  8  51  9  97
  0  1  1  29  2  29  3  17  4  91  5  49  6  15  7  37  8  38  9  48
  0  3  1  2  2  41  3  92  4  4  5  52  6  72  7  33  8  7  9  95
  0  80  1  79  2  84  3  54  4  26  5  26  6  17  7  52  8  58  9  64
  0  80  1  85  2  60  3  71  4  30  5  91  6  39  7  86  8  67  9  12
  0  31  1  87  2  68  3  9  4  39  5  41  6  28  7  92  8  49  9  86
  0  33  1  58  2  62  3  81  4  66  5  39  6  53  7  12  8  21  9  29
  0  51  1  50  2  68  3  42  4  81  5  14  6  94  7  88  8  36  9  47
  0  31  1  95  2  50  3  53  4  9  5  19  6  98  7  21  8  39  9  90
  0  49  1  41  2  89  3  29  4  34  5  2  6  1  7  93  8  26  9  6
  0  78  1  49  2  24  3  55  4  42  5  6  6  92  7  88  8  25  9  7
  0  13  1  73  2  51  3  9  4  27  5  78  6  36  7  79  8  94  9  95
  0  84  1  81  2  89  3  70  4  87  5  40  6  3  7  62  8  31  9  9
  0  37  1  59  2  84  3  71  4  3  5  95  6  23  7  60  8  50  9  63
  0  86  1  65  2  2  3  15  4  14  5  63  6  67  7  82  8  76  9  10
  0  54  1  85  2  5  3  47  4  14  5  80  6  98  7  47  8  74  9  90
  0  35  1  70  2  54  3  5  4  47  5  22  6  64  7  44  8  18  9  34
  0  37  1  36  2  10  3  4  4  37  5  29  6  42  7  69  8  52  9  66
  0  69  1  95  2  54  3  67  4  28  5  14  6  92  7  13  8  61  9  23
  0  60  1  23  2  33  3  61  4  25  5  61  6  87  7  98  8  38  9  34
  0  25  1  2  2  60  3  37  4  89  5  80  6  55  7  81  8  2  9  30
  0  41  1  12  2  69  3  96  4  25  5  78  6  69  7  53  8  23  9  40
  0  76  1  62  2  71  3  4  4  82  5  58  6  70  7  28  8  43  9  72
  0  4  1  55  2  31  3  82  4  57  5  32  6  84  7  77  8  91  9  44
  0  92  1  46  2  71  3  85  4  45  5  42  6  47  7  12  8  36  9  82
  0  29  1  67  2  10  3  81  4  21  5  84  6  79  7  33  8  90  9  87
  0  63  1  79  2  94  3  54  4  11  5  41  6  88  7  16  8  17  9  93
  0  85  1  98  2  58  3  13  4  54  5  37  6  79  7  31  8  54  9  19
  0  23  1  64  2  60  3  32  4  90  5  15  6  23  7  25  8  61  9  54
  0  61  1  5  2  13  3  32  4  93  5  38  6  29  7  88  8  42  9  21
  0  73  1  49  2  77  3  33  4  78  5  19  6  78  7  97  8  67  9  31
  0  31  1  10  2  14  3  7  4  93  5  8  6  13  7  19  8  93  9  92
  0  2  1  82  2  34  3  28  4  70  5  7  6  35  7  68  8  39  9  80
  0  34  1  8  2  5  3  86  4  9  5  44  6  72  7  51  8  10  9  81
  0  20  1  83  2  13  3  50  4  81  5  63  6  33  7  96  8  35  9  69
  0  50  1  63  2  17  3  78  4  37  5  87  6  27  7  55  8  7  9  66
  0  83  1  17  2  6  3  73  4  26  5  65  6  24  7  36  8  98  9  89
  0  89  1  86  2  61  3  98  4  86  5  66  6  89  7  31  8  8  9  36
  0  77  1  63  2  12  3  20  4  58  5  95  6  76  7  98  8  91  9  96
  0  46  1  12  2  94  3  44  4  26  5  45  6  15  7  67  8  66  9  21
  0  55  1  12  2  37  3  93  4  31  5  55  6  92  7  41  8  87  9  55
  0  74  1  95  2  27  3  16  4  99  5  54  6  18  7  81  8  34  9  57
  0  82  1  22  2  43  3  40  4  93  5  53  6  87  7  84  8  15  9  94
  0  83  1  18  2  79  3  87  4  47  5  64  6  80  7  5  8  20  9  14
  0  17  1  25  2  16  3  78  4  32  5  64  6  36  7  63  8  29  9  80
  0  67  1  43  2  35  3  92  4  40  5  47  6  88  7  81  8  14  9  85
  0  33  1  69  2  23  3  56  4  47  5  85  6  90  7  46  8  76  9  68
  0  13  1  83  2  7  3  73  4  41  5  20  6  9  7  66  8  44  9  54
  0  60  1  32  2  12  3  18  4  98  5  38  6  30  7  84  8  80  9  11
  0  51  1  73  2  40  3  34  4  34  5  70  6  73  7  66  8  18  9  66
  0  1  1  38  2  63  3  6  4  75  5  81  6  87  7  86  8  33  9  99
  0  50  1  42  2  21  3  72  4  79  5  28  6  35  7  61  8  56  9  62
  0  56  1  69  2  75  3  10  4  70  5  51  6  69  7  3  8  11  9  88
  0  51  1  37  2  47  3  73  4  17  5  96  6  30  7  73  8  17  9  80
  0  49  1  62  2  80  3  48  4  61  5  30  6  58  7  98  8  22  9  33
  0  15  1  48  2  92  3  29  4  85  5  85  6  25  7  4  8  79  9  6
  0  53  1  4  2  93  3  52  4  26  5  8  6  71  7  25  8  68  9  21
  0  19  1  35  2  61  3  71  4  63  5  4  6  67  7  31  8  12  9  43
  0  50  1  94  2  54  3  68  4  56  5  7  6  11  7  27  8  66  9  95
  0  20  1  39  2  33  3  61  4  23  5  89  6  58  7  42  8  73  9  23
  0  74  1  37  2  9  3  18  4  40  5  66  6  29  7  46  8  67  9  95
  0  82  1  53  2  25  3  61  4  73  5  7  6  2  7  68  8  5  9  90
  0  20  1  50  2  47  3  67  4  22  5  4  6  92  7  8  8  82  9  50
  0  25  1  76  2  24  3  85  4  30  5  27  6  21  7  7  8  9  9  20
  0  25  1  40  2  87  3  7  4  64  5  13  6  23  7  3  8  74  9  21
  0  48  1  68  2  79  3  11  4  18  5  66  6  29  7  69  8  35  9  51
  0  48  1  74  2  77  3  32  4  80  5  71  6  50  7  94  8  1  9  70
  0  37  1  80  2  46  3  77  4  22  5  61  6  2  7  3  8  6  9  58
  0  7  1  18  2  48  3  83  4  98  5  42  6  90  7  18  8  4  9  93
  0  56  1  43  2  22  3  27  4  32  5  91  6  96  7  45  8  66  9  85
  0  42  1  56  2  48  3  86  4  75  5  12  6  55  7  59  8  84  9  55
  0  75  1  28  2  21  3  59  4  38  5  91  6  97  7  29  8  26  9  13
  0  35  1  5  2  42  3  94  4  82  5  93  6  45  7  16  8  15  9  6
  0  98  1  99  2  73  3  85  4  77  5  10  6  94  7  46  8  36  9  26
  0  74  1  63  2  37  3  28  4  29  5  90  6  78  7  83  8  60  9  76
  0  86  1  49  2  50  3  28  4  51  5  94  6  23  7  26  8  23  9  25
TPM
  0  1270  1  1270  2  1270  3  1270  4  1270  5  1270  6  1270  7  1270  8  1270  9  1270
PMT
  0  33  1  47  2  48  3  32  4  41  5  49  6  31  7  13  8  13  9  39
  0  43  1  34  2  23  3  45  4  24  5  15  6  15  7  49  8  28  9  39
  0  17  1  5  2  18  3  16  4  8  5  41  6  12  7  9  8  25  9  24
  0  11  1  46  2  34  3  49  4  18  5  23  6  13  7  27  8  23  9  10
  0  15  1  1  2  6  3  39  4  44  5  36  6  8  7  32  8  8  9  12
  0  42  1  18  2  14  3  37  4  20  5  37  6  18  7  42  8  35  9  11
  0  43  1  28  2  26  3  29  4  17  5  26  6  9  7  20  8  10  9  17
  0  32  1  41  2  4  3  1  4  41  5  14  6  3  7  7  8  2  9  11
