20  15
  0  38  1  68  2  19  3  54  4  42  5  86  6  65  7  66  8  98  9  35  10  26  11  13  12  83  13  50  14  47
  0  9  1  8  2  81  3  32  4  14  5  15  6  29  7  39  8  88  9  86  10  99  11  91  12  69  13  35  14  22
  0  63  1  65  2  95  3  66  4  2  5  78  6  65  7  52  8  91  9  11  10  31  11  53  12  81  13  96  14  83
  0  19  1  25  2  90  3  35  4  78  5  1  6  80  7  57  8  91  9  24  10  24  11  17  12  78  13  60  14  17
  0  90  1  20  2  96  3  35  4  66  5  21  6  41  7  34  8  72  9  87  10  47  11  71  12  88  13  42  14  96
  0  92  1  34  2  90  3  73  4  14  5  34  6  16  7  13  8  58  9  9  10  50  11  27  12  65  13  40  14  59
  0  15  1  53  2  4  3  52  4  26  5  18  6  78  7  66  8  34  9  93  10  71  11  27  12  26  13  7  14  8
  0  67  1  34  2  6  3  93  4  48  5  46  6  38  7  33  8  31  9  86  10  21  11  66  12  75  13  49  14  6
  0  68  1  87  2  13  3  57  4  96  5  17  6  87  7  82  8  13  9  89  10  67  11  78  12  96  13  32  14  87
  0  96  1  26  2  2  3  94  4  34  5  97  6  57  7  11  8  92  9  13  10  16  11  28  12  84  13  54  14  75
  0  58  1  61  2  14  3  14  4  51  5  99  6  68  7  98  8  30  9  67  10  1  11  41  12  18  13  52  14  13
  0  1  1  53  2  43  3  81  4  26  5  23  6  73  7  59  8  67  9  51  10  75  11  9  12  24  13  31  14  11
  0  23  1  86  2  81  3  68  4  92  5  98  6  66  7  49  8  95  9  61  10  20  11  81  12  27  13  24  14  48
  0  25  1  6  2  63  3  10  4  64  5  15  6  28  7  96  8  14  9  67  10  11  11  63  12  57  13  3  14  64
  0  80  1  9  2  47  3  80  4  13  5  80  6  19  7  10  8  32  9  68  10  29  11  53  12  34  13  6  14  26
  0  3  1  13  2  52  3  91  4  81  5  9  6  3  7  67  8  7  9  37  10  42  11  87  12  1  13  56  14  77
  0  31  1  3  2  49  3  32  4  33  5  62  6  11  7  76  8  12  9  21  10  64  11  15  12  98  13  6  14  65
  0  88  1  84  2  97  3  55  4  36  5  12  6  51  7  65  8  20  9  82  10  63  11  3  12  37  13  60  14  35
  0  56  1  44  2  81  3  64  4  1  5  78  6  8  7  68  8  96  9  49  10  88  11  18  12  16  13  43  14  9
  0  33  1  21  2  51  3  40  4  88  5  6  6  21  7  34  8  1  9  56  10  95  11  6  12  12  13  90  14  75
TPM
  0  678  1  678  2  678  3  678  4  678  5  678  6  678  7  678  8  678  9  678  10  678  11  678  12  678  13  678  14  678
PMT
  0  9  1  141  2  1  3  60  4  140  5  50  6  125  7  136  8  45  9  102  10  85  11  28  12  107  13  133  14  116
  0  2  1  62  2  46  3  32  4  125  5  126  6  17  7  127  8  148  9  81  10  137  11  38  12  48  13  123  14  107
  0  56  1  45  2  28  3  62  4  63  5  22  6  86  7  74  8  61  9  89  10  122  11  96  12  61  13  30  14  123
