50  5
  0  32  1  32  2  77  3  78  4  19
  0  26  1  77  2  46  3  98  4  74
  0  60  1  83  2  70  3  94  4  49
  0  58  1  8  2  97  3  43  4  42
  0  35  1  99  2  31  3  20  4  82
  0  66  1  1  2  3  3  77  4  73
  0  98  1  30  2  76  3  60  4  74
  0  67  1  63  2  6  3  17  4  23
  0  54  1  60  2  85  3  40  4  90
  0  99  1  71  2  53  3  20  4  9
  0  49  1  98  2  72  3  90  4  14
  0  18  1  7  2  56  3  97  4  9
  0  77  1  63  2  16  3  2  4  27
  0  84  1  4  2  61  3  35  4  40
  0  18  1  58  2  66  3  17  4  23
  0  42  1  83  2  55  3  97  4  22
  0  45  1  99  2  24  3  35  4  81
  0  7  1  35  2  50  3  32  4  81
  0  45  1  54  2  79  3  90  4  89
  0  98  1  15  2  53  3  40  4  14
  0  35  1  21  2  77  3  24  4  25
  0  89  1  39  2  15  3  3  4  22
  0  64  1  25  2  22  3  54  4  17
  0  82  1  60  2  13  3  54  4  5
  0  30  1  97  2  62  3  16  4  5
  0  63  1  92  2  72  3  36  4  34
  0  56  1  82  2  4  3  34  4  68
  0  74  1  38  2  95  3  53  4  39
  0  91  1  4  2  32  3  56  4  55
  0  73  1  78  2  81  3  41  4  70
  0  8  1  50  2  90  3  31  4  19
  0  28  1  68  2  33  3  24  4  7
  0  51  1  14  2  28  3  39  4  19
  0  63  1  41  2  45  3  24  4  22
  0  35  1  54  2  83  3  51  4  87
  0  40  1  11  2  80  3  60  4  78
  0  97  1  32  2  9  3  41  4  14
  0  79  1  36  2  85  3  72  4  96
  0  11  1  21  2  82  3  99  4  35
  0  56  1  98  2  85  3  21  4  55
  0  17  1  24  2  8  3  56  4  99
  0  59  1  46  2  36  3  20  4  19
  0  16  1  29  2  43  3  49  4  47
  0  12  1  16  2  8  3  84  4  36
  0  7  1  98  2  5  3  63  4  21
  0  22  1  56  2  21  3  1  4  75
  0  12  1  8  2  64  3  30  4  43
  0  99  1  50  2  68  3  49  4  36
  0  77  1  52  2  99  3  95  4  29
  0  67  1  87  2  82  3  28  4  56
TPM
  0  813  1  813  2  813  3  813  4  813
PMT
  0  22  1  22  2  13  3  7  4  21
  0  5  1  4  2  7  3  17  4  6
  0  6  1  24  2  22  3  21  4  7
  0  9  1  16  2  24  3  9  4  16
  0  15  1  16  2  11  3  16  4  17
  0  12  1  12  2  7  3  18  4  13
  0  23  1  8  2  8  3  4  4  19
