20  10
  0  5  1  6  2  32  3  7  4  95  5  73  6  14  7  13  8  94  9  32
  0  73  1  46  2  91  3  17  4  20  5  56  6  38  7  32  8  51  9  46
  0  63  1  33  2  94  3  18  4  26  5  19  6  24  7  60  8  88  9  10
  0  69  1  34  2  12  3  50  4  17  5  57  6  8  7  78  8  51  9  86
  0  93  1  38  2  7  3  38  4  46  5  32  6  18  7  9  8  31  9  30
  0  85  1  74  2  73  3  5  4  4  5  94  6  88  7  34  8  12  9  39
  0  84  1  5  2  64  3  14  4  15  5  7  6  37  7  56  8  24  9  98
  0  15  1  32  2  48  3  90  4  16  5  44  6  29  7  61  8  61  9  40
  0  62  1  21  2  96  3  78  4  11  5  76  6  6  7  88  8  28  9  70
  0  95  1  47  2  71  3  90  4  32  5  28  6  24  7  68  8  49  9  26
  0  38  1  32  2  78  3  53  4  65  5  62  6  51  7  49  8  46  9  76
  0  86  1  61  2  70  3  41  4  64  5  91  6  36  7  77  8  33  9  6
  0  54  1  20  2  22  3  55  4  94  5  45  6  43  7  63  8  59  9  70
  0  7  1  63  2  25  3  89  4  85  5  7  6  10  7  13  8  7  9  63
  0  37  1  10  2  47  3  84  4  5  5  69  6  62  7  25  8  88  9  51
  0  89  1  1  2  37  3  63  4  82  5  61  6  37  7  9  8  87  9  7
  0  47  1  82  2  54  3  43  4  40  5  95  6  50  7  99  8  4  9  94
  0  23  1  22  2  74  3  58  4  19  5  24  6  20  7  22  8  61  9  66
  0  92  1  54  2  49  3  82  4  3  5  71  6  17  7  92  8  11  9  86
  0  76  1  48  2  22  3  17  4  37  5  15  6  25  7  91  8  57  9  88
TPM
  0  678  1  678  2  678  3  678  4  678  5  678  6  678  7  678  8  678  9  678
PMT
  0  34  1  57  2  106  3  113  4  77  5  105  6  120  7  117  8  101  9  67
  0  34  1  97  2  69  3  73  4  70  5  13  6  44  7  2  8  7  9  123
  0  78  1  57  2  48  3  98  4  34  5  29  6  114  7  8  8  5  9  37
