50  15
  0  80  1  32  2  75  3  48  4  89  5  3  6  52  7  26  8  66  9  72  10  18  11  67  12  75  13  89  14  29
  0  49  1  68  2  51  3  18  4  28  5  44  6  56  7  3  8  51  9  70  10  93  11  42  12  26  13  37  14  75
  0  95  1  55  2  38  3  16  4  10  5  67  6  91  7  99  8  41  9  73  10  50  11  83  12  93  13  45  14  48
  0  50  1  23  2  93  3  12  4  76  5  44  6  79  7  18  8  11  9  40  10  14  11  52  12  59  13  50  14  3
  0  51  1  27  2  6  3  45  4  92  5  62  6  24  7  14  8  74  9  12  10  80  11  53  12  10  13  64  14  28
  0  79  1  15  2  58  3  31  4  73  5  73  6  80  7  24  8  95  9  3  10  60  11  25  12  70  13  61  14  64
  0  56  1  6  2  57  3  32  4  54  5  61  6  64  7  5  8  67  9  73  10  50  11  44  12  86  13  90  14  65
  0  40  1  42  2  8  3  58  4  58  5  60  6  62  7  6  8  71  9  86  10  57  11  87  12  74  13  93  14  28
  0  26  1  84  2  37  3  45  4  84  5  73  6  39  7  36  8  91  9  75  10  97  11  69  12  29  13  79  14  61
  0  27  1  5  2  90  3  12  4  58  5  4  6  22  7  49  8  97  9  84  10  60  11  66  12  82  13  51  14  99
  0  60  1  10  2  44  3  49  4  22  5  16  6  7  7  59  8  91  9  61  10  36  11  12  12  79  13  65  14  14
  0  77  1  86  2  16  3  84  4  44  5  75  6  49  7  24  8  44  9  72  10  81  11  4  12  56  13  9  14  29
  0  73  1  57  2  27  3  51  4  84  5  40  6  3  7  5  8  44  9  27  10  76  11  97  12  75  13  49  14  86
  0  64  1  6  2  74  3  30  4  26  5  36  6  82  7  25  8  84  9  36  10  49  11  35  12  78  13  79  14  73
  0  66  1  93  2  25  3  48  4  74  5  3  6  86  7  87  8  25  9  88  10  61  11  36  12  91  13  66  14  11
  0  28  1  98  2  8  3  99  4  80  5  39  6  38  7  56  8  38  9  13  10  61  11  2  12  88  13  74  14  19
  0  45  1  26  2  96  3  14  4  73  5  46  6  69  7  29  8  58  9  76  10  95  11  31  12  69  13  76  14  64
  0  54  1  62  2  86  3  6  4  76  5  84  6  86  7  47  8  50  9  16  10  96  11  47  12  61  13  30  14  37
  0  63  1  95  2  58  3  30  4  69  5  63  6  82  7  5  8  59  9  8  10  80  11  41  12  77  13  86  14  22
  0  62  1  60  2  13  3  71  4  68  5  3  6  88  7  47  8  58  9  67  10  72  11  54  12  92  13  96  14  59
  0  73  1  98  2  5  3  67  4  94  5  3  6  58  7  56  8  10  9  52  10  75  11  32  12  3  13  67  14  90
  0  95  1  21  2  36  3  72  4  55  5  99  6  15  7  94  8  4  9  68  10  35  11  98  12  29  13  80  14  13
  0  85  1  17  2  30  3  5  4  35  5  54  6  50  7  63  8  47  9  46  10  9  11  92  12  32  13  8  14  44
  0  95  1  16  2  92  3  13  4  65  5  30  6  62  7  27  8  73  9  93  10  20  11  23  12  38  13  20  14  58
  0  75  1  98  2  96  3  85  4  44  5  10  6  26  7  44  8  42  9  33  10  27  11  26  12  29  13  10  14  25
  0  57  1  96  2  15  3  88  4  96  5  87  6  45  7  94  8  75  9  57  10  88  11  20  12  74  13  84  14  61
  0  94  1  14  2  90  3  39  4  69  5  6  6  6  7  97  8  78  9  85  10  6  11  34  12  96  13  26  14  14
  0  60  1  34  2  13  3  20  4  65  5  3  6  19  7  83  8  96  9  59  10  2  11  11  12  9  13  1  14  41
  0  19  1  76  2  68  3  61  4  46  5  77  6  5  7  7  8  48  9  77  10  28  11  92  12  99  13  89  14  62
  0  18  1  4  2  79  3  21  4  25  5  45  6  42  7  12  8  56  9  82  10  67  11  51  12  12  13  30  14  84
  0  70  1  37  2  88  3  32  4  70  5  81  6  33  7  6  8  56  9  7  10  50  11  85  12  42  13  43  14  2
  0  25  1  39  2  9  3  32  4  80  5  31  6  55  7  75  8  87  9  26  10  98  11  12  12  32  13  29  14  42
  0  79  1  65  2  74  3  15  4  50  5  52  6  12  7  69  8  13  9  70  10  39  11  14  12  39  13  84  14  23
  0  80  1  9  2  68  3  48  4  50  5  30  6  49  7  92  8  81  9  79  10  98  11  12  12  22  13  43  14  91
  0  86  1  90  2  40  3  6  4  62  5  68  6  56  7  39  8  87  9  34  10  18  11  68  12  25  13  24  14  83
  0  64  1  4  2  10  3  40  4  47  5  20  6  27  7  24  8  52  9  16  10  94  11  2  12  24  13  95  14  92
  0  95  1  73  2  48  3  21  4  17  5  58  6  93  7  30  8  57  9  70  10  73  11  98  12  51  13  48  14  44
  0  22  1  1  2  40  3  51  4  1  5  34  6  91  7  92  8  68  9  32  10  29  11  94  12  98  13  53  14  61
  0  61  1  66  2  32  3  32  4  71  5  60  6  33  7  80  8  35  9  69  10  93  11  1  12  30  13  1  14  83
  0  9  1  82  2  84  3  49  4  54  5  64  6  88  7  48  8  33  9  12  10  38  11  72  12  97  13  6  14  13
  0  18  1  61  2  50  3  86  4  61  5  47  6  47  7  99  8  31  9  28  10  60  11  97  12  6  13  60  14  99
  0  89  1  58  2  3  3  86  4  74  5  38  6  75  7  74  8  71  9  63  10  6  11  31  12  41  13  56  14  53
  0  7  1  70  2  48  3  28  4  61  5  86  6  37  7  27  8  99  9  94  10  77  11  62  12  53  13  65  14  28
  0  58  1  9  2  31  3  89  4  33  5  59  6  44  7  17  8  1  9  48  10  12  11  77  12  43  13  11  14  22
  0  88  1  66  2  41  3  19  4  66  5  14  6  51  7  89  8  58  9  5  10  85  11  64  12  56  13  41  14  4
  0  58  1  87  2  76  3  64  4  5  5  59  6  54  7  61  8  36  9  83  10  49  11  83  12  35  13  12  14  82
  0  21  1  63  2  73  3  84  4  33  5  20  6  66  7  25  8  35  9  7  10  70  11  41  12  92  13  92  14  71
  0  28  1  8  2  7  3  12  4  78  5  59  6  4  7  22  8  72  9  11  10  80  11  79  12  72  13  9  14  33
  0  5  1  61  2  37  3  86  4  7  5  32  6  88  7  47  8  14  9  18  10  85  11  38  12  63  13  22  14  43
  0  27  1  48  2  86  3  74  4  74  5  19  6  98  7  66  8  36  9  2  10  45  11  85  12  98  13  92  14  44
TPM
  0  813  1  813  2  813  3  813  4  813  5  813  6  813  7  813  8  813  9  813  10  813  11  813  12  813  13  813  14  813
PMT
  0  44  1  30  2  9  3  10  4  23  5  27  6  41  7  4  8  1  9  45  10  20  11  1  12  17  13  36  14  36
  0  31  1  46  2  39  3  17  4  41  5  7  6  34  7  13  8  27  9  21  10  11  11  46  12  41  13  10  14  49
  0  28  1  33  2  11  3  17  4  16  5  48  6  20  7  32  8  43  9  45  10  21  11  28  12  26  13  18  14  33
  0  44  1  38  2  1  3  15  4  12  5  46  6  40  7  25  8  17  9  20  10  16  11  13  12  48  13  30  14  23
  0  2  1  39  2  24  3  33  4  16  5  19  6  24  7  19  8  9  9  29  10  3  11  17  12  33  13  29  14  12
  0  16  1  15  2  29  3  1  4  3  5  36  6  1  7  6  8  26  9  6  10  27  11  35  12  1  13  21  14  6
  0  19  1  23  2  43  3  13  4  46  5  1  6  42  7  10  8  43  9  42  10  43  11  7  12  7  13  34  14  8
