100  5
  0  5  1  80  2  21  3  79  4  8
  0  63  1  11  2  20  3  64  4  78
  0  51  1  42  2  80  3  57  4  32
  0  54  1  19  2  11  3  56  4  16
  0  13  1  51  2  52  3  39  4  60
  0  19  1  90  2  97  3  64  4  76
  0  88  1  46  2  24  3  20  4  95
  0  72  1  81  2  85  3  91  4  26
  0  76  1  80  2  66  3  5  4  61
  0  56  1  38  2  94  3  93  4  94
  0  35  1  82  2  89  3  96  4  61
  0  94  1  17  2  67  3  94  4  29
  0  64  1  57  2  16  3  94  4  93
  0  3  1  49  2  57  3  98  4  52
  0  68  1  59  2  92  3  5  4  99
  0  87  1  9  2  77  3  22  4  66
  0  6  1  76  2  56  3  26  4  77
  0  49  1  72  2  80  3  33  4  33
  0  84  1  87  2  1  3  37  4  91
  0  93  1  43  2  13  3  85  4  86
  0  19  1  8  2  49  3  6  4  15
  0  3  1  99  2  75  3  26  4  78
  0  59  1  74  2  69  3  64  4  51
  0  45  1  60  2  66  3  61  4  14
  0  72  1  68  2  13  3  76  4  75
  0  58  1  32  2  56  3  21  4  35
  0  15  1  56  2  99  3  74  4  26
  0  60  1  19  2  80  3  74  4  41
  0  62  1  42  2  55  3  87  4  20
  0  70  1  60  2  76  3  17  4  83
  0  86  1  22  2  67  3  79  4  90
  0  86  1  37  2  95  3  83  4  57
  0  97  1  55  2  57  3  98  4  91
  0  48  1  74  2  36  3  46  4  91
  0  87  1  44  2  12  3  80  4  49
  0  40  1  12  2  5  3  32  4  1
  0  23  1  11  2  87  3  49  4  21
  0  21  1  85  2  99  3  75  4  47
  0  28  1  39  2  64  3  61  4  39
  0  85  1  44  2  4  3  52  4  57
  0  12  1  43  2  62  3  37  4  15
  0  29  1  13  2  30  3  20  4  82
  0  23  1  32  2  47  3  35  4  90
  0  51  1  10  2  1  3  25  4  84
  0  29  1  37  2  78  3  6  4  29
  0  42  1  94  2  28  3  98  4  90
  0  97  1  62  2  99  3  95  4  79
  0  57  1  56  2  51  3  52  4  19
  0  40  1  19  2  94  3  26  4  56
  0  21  1  2  2  2  3  75  4  79
  0  93  1  2  2  81  3  18  4  80
  0  26  1  24  2  90  3  66  4  76
  0  92  1  38  2  36  3  7  4  63
  0  56  1  75  2  36  3  66  4  38
  0  3  1  31  2  88  3  30  4  21
  0  78  1  10  2  9  3  10  4  84
  0  35  1  67  2  33  3  97  4  60
  0  67  1  15  2  31  3  99  4  97
  0  6  1  19  2  60  3  48  4  73
  0  56  1  29  2  89  3  48  4  88
  0  22  1  5  2  38  3  57  4  1
  0  34  1  78  2  22  3  64  4  15
  0  87  1  99  2  72  3  27  4  43
  0  12  1  39  2  90  3  91  4  20
  0  28  1  57  2  70  3  85  4  30
  0  2  1  96  2  93  3  91  4  8
  0  51  1  23  2  44  3  95  4  58
  0  51  1  33  2  52  3  56  4  30
  0  71  1  33  2  90  3  60  4  42
  0  72  1  82  2  68  3  36  4  20
  0  55  1  52  2  99  3  66  4  26
  0  41  1  25  2  55  3  78  4  13
  0  17  1  74  2  95  3  34  4  97
  0  80  1  2  2  31  3  62  4  5
  0  49  1  14  2  75  3  33  4  56
  0  94  1  71  2  68  3  65  4  84
  0  16  1  12  2  84  3  53  4  27
  0  22  1  46  2  94  3  65  4  42
  0  74  1  26  2  39  3  8  4  51
  0  8  1  96  2  55  3  35  4  78
  0  86  1  15  2  58  3  25  4  21
  0  62  1  7  2  44  3  54  4  34
  0  65  1  62  2  87  3  52  4  89
  0  11  1  43  2  22  3  13  4  88
  0  65  1  73  2  20  3  54  4  66
  0  74  1  44  2  18  3  96  4  42
  0  62  1  39  2  23  3  8  4  95
  0  53  1  43  2  44  3  44  4  65
  0  59  1  36  2  15  3  97  4  7
  0  51  1  14  2  79  3  99  4  66
  0  16  1  10  2  34  3  34  4  36
  0  37  1  73  2  95  3  61  4  26
  0  99  1  90  2  17  3  23  4  9
  0  9  1  78  2  27  3  74  4  77
  0  55  1  26  2  21  3  95  4  1
  0  71  1  72  2  47  3  31  4  75
  0  69  1  59  2  51  3  81  4  76
  0  87  1  26  2  26  3  8  4  40
  0  45  1  85  2  54  3  77  4  66
  0  5  1  3  2  46  3  33  4  14
TPM
  0  1131  1  1131  2  1131  3  1131  4  1131
PMT
  0  44  1  40  2  10  3  12  4  47
  0  84  1  72  2  55  3  30  4  4
  0  52  1  80  2  47  3  2  4  25
  0  65  1  94  2  73  3  74  4  86
  0  85  1  32  2  95  3  38  4  54
  0  5  1  11  2  22  3  81  4  49
  0  94  1  23  2  74  3  82  4  59
  0  20  1  16  2  27  3  33  4  10
  0  71  1  12  2  19  3  39  4  44
