100  5
  0  38  1  85  2  68  3  73  4  93
  0  32  1  59  2  39  3  26  4  89
  0  89  1  79  2  54  3  23  4  80
  0  67  1  27  2  2  3  99  4  12
  0  36  1  3  2  66  3  66  4  6
  0  52  1  53  2  1  3  68  4  50
  0  21  1  34  2  3  3  66  4  51
  0  81  1  97  2  77  3  76  4  67
  0  55  1  5  2  17  3  85  4  59
  0  67  1  77  2  34  3  62  4  52
  0  55  1  39  2  76  3  73  4  65
  0  50  1  69  2  68  3  96  4  72
  0  90  1  64  2  32  3  65  4  93
  0  89  1  18  2  29  3  21  4  37
  0  55  1  50  2  70  3  92  4  46
  0  85  1  57  2  80  3  23  4  97
  0  43  1  8  2  44  3  78  4  89
  0  89  1  30  2  21  3  72  4  95
  0  75  1  30  2  53  3  51  4  62
  0  67  1  86  2  77  3  54  4  90
  0  27  1  67  2  57  3  28  4  55
  0  15  1  70  2  81  3  40  4  50
  0  52  1  67  2  97  3  57  4  2
  0  41  1  29  2  65  3  6  4  44
  0  28  1  40  2  7  3  85  4  14
  0  33  1  8  2  48  3  17  4  37
  0  93  1  68  2  12  3  84  4  64
  0  42  1  2  2  70  3  76  4  49
  0  78  1  80  2  70  3  5  4  17
  0  80  1  9  2  68  3  82  4  74
  0  58  1  86  2  57  3  46  4  1
  0  32  1  11  2  44  3  32  4  71
  0  76  1  68  2  15  3  90  4  5
  0  73  1  74  2  34  3  12  4  99
  0  49  1  43  2  30  3  88  4  50
  0  19  1  45  2  44  3  90  4  28
  0  71  1  56  2  73  3  17  4  89
  0  97  1  62  2  34  3  67  4  35
  0  70  1  47  2  15  3  57  4  41
  0  12  1  68  2  79  3  12  4  47
  0  92  1  80  2  66  3  92  4  33
  0  7  1  39  2  75  3  86  4  5
  0  19  1  11  2  48  3  17  4  58
  0  5  1  63  2  16  3  93  4  36
  0  87  1  69  2  28  3  40  4  39
  0  79  1  41  2  15  3  96  4  14
  0  16  1  29  2  59  3  31  4  2
  0  6  1  9  2  79  3  50  4  87
  0  2  1  10  2  10  3  37  4  99
  0  22  1  39  2  21  3  21  4  64
  0  90  1  59  2  61  3  24  4  80
  0  66  1  17  2  3  3  29  4  6
  0  16  1  51  2  50  3  27  4  37
  0  6  1  24  2  65  3  62  4  67
  0  71  1  22  2  13  3  92  4  25
  0  54  1  44  2  5  3  63  4  39
  0  17  1  42  2  45  3  98  4  57
  0  91  1  74  2  91  3  70  4  79
  0  63  1  20  2  88  3  31  4  96
  0  87  1  57  2  1  3  98  4  31
  0  80  1  43  2  58  3  97  4  94
  0  76  1  71  2  34  3  33  4  60
  0  97  1  34  2  12  3  91  4  45
  0  28  1  31  2  76  3  26  4  37
  0  79  1  53  2  50  3  18  4  7
  0  55  1  57  2  63  3  59  4  51
  0  85  1  39  2  34  3  95  4  36
  0  82  1  82  2  76  3  2  4  76
  0  52  1  50  2  31  3  81  4  72
  0  89  1  72  2  96  3  18  4  99
  0  21  1  71  2  85  3  57  4  39
  0  88  1  95  2  92  3  56  4  5
  0  89  1  31  2  38  3  4  4  75
  0  27  1  3  2  98  3  70  4  92
  0  14  1  7  2  17  3  95  4  70
  0  59  1  76  2  56  3  6  4  32
  0  37  1  95  2  17  3  16  4  84
  0  13  1  26  2  46  3  16  4  73
  0  35  1  67  2  4  3  50  4  9
  0  15  1  39  2  51  3  25  4  20
  0  9  1  18  2  49  3  78  4  79
  0  88  1  45  2  47  3  7  4  46
  0  16  1  37  2  91  3  10  4  40
  0  46  1  30  2  30  3  49  4  30
  0  56  1  92  2  57  3  4  4  64
  0  63  1  43  2  36  3  46  4  99
  0  40  1  67  2  6  3  31  4  98
  0  70  1  21  2  77  3  3  4  25
  0  56  1  57  2  73  3  90  4  65
  0  7  1  89  2  84  3  36  4  10
  0  97  1  9  2  44  3  11  4  8
  0  72  1  42  2  59  3  80  4  13
  0  95  1  17  2  55  3  20  4  29
  0  2  1  94  2  87  3  59  4  81
  0  14  1  75  2  23  3  24  4  41
  0  48  1  27  2  61  3  31  4  10
  0  71  1  39  2  1  3  76  4  34
  0  49  1  90  2  30  3  16  4  69
  0  58  1  63  2  72  3  60  4  49
  0  3  1  99  2  88  3  15  4  63
TPM
  0  1270  1  1270  2  1270  3  1270  4  1270
PMT
  0  60  1  119  2  98  3  125  4  23
  0  32  1  117  2  65  3  40  4  96
  0  7  1  73  2  98  3  145  4  54
  0  78  1  27  2  143  3  46  4  56
  0  106  1  91  2  14  3  125  4  64
  0  2  1  105  2  143  3  5  4  57
  0  128  1  82  2  71  3  26  4  103
  0  51  1  72  2  93  3  59  4  127
