20  5
  0  29  1  23  2  12  3  13  4  11
  0  73  1  83  2  17  3  95  4  49
  0  51  1  97  2  80  3  91  4  98
  0  64  1  13  2  12  3  35  4  3
  0  18  1  50  2  90  3  43  4  11
  0  44  1  24  2  59  3  14  4  34
  0  77  1  96  2  39  3  2  4  37
  0  65  1  16  2  24  3  6  4  73
  0  67  1  71  2  2  3  60  4  65
  0  6  1  13  2  71  3  18  4  37
  0  94  1  91  2  72  3  46  4  81
  0  91  1  32  2  4  3  53  4  3
  0  23  1  14  2  70  3  94  4  64
  0  77  1  74  2  20  3  14  4  63
  0  26  1  69  2  9  3  3  4  96
  0  40  1  18  2  76  3  79  4  3
  0  62  1  48  2  54  3  37  4  90
  0  53  1  22  2  59  3  8  4  63
  0  21  1  63  2  91  3  69  4  59
  0  61  1  40  2  75  3  36  4  67
TPM
  0  678  1  678  2  678  3  678  4  678
PMT
  0  65  1  95  2  63  3  108  4  20
  0  72  1  2  2  6  3  81  4  88
  0  38  1  73  2  45  3  49  4  90
