20  15
  0  26  1  94  2  89  3  96  4  48  5  16  6  54  7  30  8  77  9  54  10  70  11  80  12  9  13  76  14  31
  0  72  1  90  2  77  3  5  4  71  5  3  6  31  7  46  8  20  9  15  10  7  11  84  12  87  13  98  14  15
  0  80  1  19  2  54  3  23  4  99  5  36  6  49  7  54  8  55  9  8  10  96  11  70  12  18  13  22  14  22
  0  98  1  85  2  8  3  87  4  48  5  70  6  84  7  79  8  32  9  47  10  55  11  70  12  91  13  50  14  60
  0  20  1  72  2  49  3  56  4  74  5  30  6  7  7  89  8  70  9  39  10  13  11  79  12  65  13  32  14  55
  0  39  1  41  2  17  3  53  4  74  5  52  6  23  7  86  8  68  9  29  10  90  11  72  12  25  13  42  14  93
  0  89  1  23  2  85  3  66  4  53  5  31  6  60  7  79  8  72  9  54  10  35  11  69  12  64  13  27  14  27
  0  33  1  93  2  78  3  48  4  30  5  68  6  24  7  79  8  66  9  3  10  62  11  82  12  41  13  38  14  87
  0  65  1  81  2  78  3  39  4  62  5  7  6  77  7  48  8  78  9  82  10  85  11  60  12  28  13  68  14  50
  0  38  1  60  2  64  3  24  4  73  5  41  6  8  7  14  8  64  9  54  10  83  11  94  12  36  13  32  14  38
  0  58  1  11  2  17  3  18  4  69  5  57  6  26  7  73  8  56  9  70  10  81  11  94  12  61  13  69  14  3
  0  75  1  13  2  9  3  85  4  11  5  10  6  38  7  28  8  90  9  26  10  64  11  49  12  31  13  67  14  95
  0  37  1  60  2  51  3  71  4  10  5  61  6  89  7  9  8  70  9  15  10  76  11  20  12  12  13  16  14  40
  0  78  1  71  2  51  3  94  4  45  5  62  6  54  7  93  8  70  9  35  10  87  11  91  12  48  13  27  14  4
  0  48  1  76  2  18  3  2  4  37  5  51  6  96  7  64  8  45  9  7  10  2  11  52  12  76  13  74  14  2
  0  93  1  91  2  15  3  14  4  78  5  41  6  57  7  86  8  70  9  94  10  50  11  99  12  78  13  52  14  98
  0  38  1  48  2  96  3  49  4  61  5  79  6  35  7  41  8  71  9  77  10  18  11  49  12  41  13  76  14  47
  0  71  1  72  2  18  3  10  4  40  5  72  6  57  7  99  8  65  9  96  10  31  11  7  12  40  13  75  14  16
  0  95  1  56  2  23  3  52  4  92  5  16  6  16  7  32  8  68  9  40  10  63  11  43  12  66  13  15  14  23
  0  47  1  28  2  5  3  33  4  26  5  16  6  47  7  55  8  12  9  17  10  97  11  67  12  3  13  3  14  86
TPM
  0  530  1  530  2  530  3  530  4  530  5  530  6  530  7  530  8  530  9  530  10  530  11  530  12  530  13  530  14  530
PMT
  0  21  1  14  2  49  3  15  4  9  5  38  6  36  7  9  8  72  9  11  10  44  11  41  12  34  13  1  14  19
  0  49  1  72  2  71  3  10  4  21  5  61  6  74  7  43  8  47  9  25  10  62  11  32  12  67  13  11  14  36
  0  23  1  14  2  30  3  59  4  41  5  34  6  16  7  18  8  73  9  3  10  61  11  4  12  27  13  1  14  18
  0  65  1  5  2  34  3  17  4  18  5  35  6  37  7  6  8  50  9  8  10  36  11  30  12  25  13  21  14  63
