200  15
  0  43  1  65  2  44  3  64  4  37  5  88  6  14  7  93  8  89  9  88  10  62  11  68  12  81  13  79  14  51
  0  32  1  71  2  99  3  19  4  57  5  7  6  9  7  18  8  69  9  22  10  28  11  3  12  45  13  69  14  32
  0  41  1  97  2  60  3  94  4  26  5  80  6  3  7  40  8  97  9  58  10  83  11  66  12  26  13  34  14  9
  0  28  1  90  2  28  3  16  4  1  5  70  6  39  7  14  8  61  9  33  10  48  11  15  12  68  13  70  14  45
  0  71  1  8  2  40  3  70  4  26  5  54  6  96  7  18  8  29  9  58  10  24  11  41  12  6  13  47  14  7
  0  55  1  50  2  28  3  98  4  18  5  94  6  1  7  75  8  49  9  84  10  38  11  86  12  15  13  41  14  83
  0  32  1  71  2  7  3  77  4  37  5  77  6  94  7  8  8  3  9  86  10  2  11  48  12  46  13  93  14  41
  0  38  1  63  2  5  3  11  4  93  5  83  6  34  7  6  8  85  9  91  10  64  11  35  12  1  13  30  14  21
  0  6  1  76  2  32  3  38  4  87  5  88  6  16  7  28  8  61  9  10  10  64  11  77  12  15  13  83  14  66
  0  22  1  61  2  86  3  77  4  90  5  60  6  60  7  56  8  17  9  88  10  34  11  51  12  42  13  92  14  83
  0  69  1  77  2  99  3  94  4  42  5  92  6  91  7  14  8  63  9  44  10  58  11  13  12  78  13  66  14  81
  0  6  1  41  2  89  3  28  4  87  5  61  6  50  7  32  8  81  9  28  10  13  11  21  12  20  13  66  14  23
  0  3  1  90  2  59  3  53  4  5  5  30  6  61  7  17  8  58  9  42  10  67  11  50  12  57  13  64  14  20
  0  11  1  27  2  31  3  76  4  21  5  90  6  81  7  51  8  57  9  23  10  34  11  14  12  78  13  19  14  14
  0  25  1  31  2  21  3  94  4  9  5  75  6  89  7  19  8  15  9  23  10  92  11  82  12  16  13  82  14  70
  0  8  1  39  2  51  3  89  4  41  5  33  6  95  7  89  8  53  9  10  10  16  11  95  12  13  13  28  14  78
  0  37  1  80  2  89  3  74  4  20  5  41  6  77  7  28  8  14  9  45  10  55  11  58  12  63  13  67  14  3
  0  83  1  46  2  79  3  63  4  10  5  24  6  93  7  19  8  52  9  54  10  32  11  28  12  62  13  74  14  33
  0  87  1  82  2  71  3  82  4  2  5  41  6  84  7  45  8  74  9  53  10  25  11  38  12  59  13  1  14  2
  0  48  1  18  2  2  3  75  4  15  5  94  6  93  7  96  8  11  9  96  10  86  11  1  12  95  13  22  14  69
  0  51  1  31  2  11  3  71  4  54  5  72  6  76  7  5  8  14  9  90  10  64  11  50  12  62  13  68  14  32
  0  63  1  7  2  93  3  56  4  97  5  84  6  40  7  16  8  90  9  89  10  88  11  79  12  52  13  37  14  64
  0  35  1  39  2  77  3  63  4  17  5  31  6  60  7  5  8  10  9  20  10  22  11  33  12  59  13  77  14  49
  0  57  1  6  2  89  3  38  4  98  5  15  6  36  7  42  8  80  9  81  10  73  11  97  12  92  13  32  14  61
  0  58  1  5  2  37  3  8  4  72  5  8  6  29  7  57  8  99  9  24  10  70  11  24  12  36  13  98  14  26
  0  51  1  4  2  67  3  38  4  58  5  20  6  72  7  88  8  90  9  54  10  54  11  27  12  95  13  31  14  59
  0  70  1  82  2  49  3  28  4  25  5  44  6  18  7  60  8  68  9  52  10  24  11  72  12  6  13  39  14  97
  0  82  1  82  2  43  3  29  4  9  5  14  6  78  7  43  8  49  9  78  10  43  11  66  12  77  13  60  14  94
  0  14  1  93  2  63  3  43  4  84  5  91  6  20  7  50  8  59  9  39  10  61  11  26  12  23  13  87  14  38
  0  67  1  63  2  52  3  95  4  85  5  18  6  36  7  44  8  93  9  58  10  79  11  83  12  83  13  62  14  58
  0  69  1  90  2  83  3  72  4  30  5  30  6  26  7  98  8  72  9  59  10  7  11  81  12  32  13  96  14  25
  0  1  1  67  2  96  3  3  4  43  5  86  6  67  7  53  8  50  9  66  10  80  11  84  12  38  13  7  14  8
  0  66  1  2  2  17  3  86  4  91  5  42  6  42  7  83  8  27  9  95  10  58  11  41  12  35  13  45  14  11
  0  91  1  99  2  41  3  70  4  96  5  99  6  62  7  28  8  34  9  7  10  94  11  44  12  47  13  3  14  18
  0  50  1  23  2  41  3  10  4  42  5  68  6  5  7  21  8  21  9  7  10  28  11  76  12  79  13  93  14  81
  0  10  1  24  2  44  3  53  4  32  5  1  6  18  7  52  8  86  9  41  10  92  11  40  12  61  13  69  14  34
  0  57  1  32  2  20  3  39  4  87  5  77  6  62  7  4  8  2  9  94  10  42  11  57  12  58  13  78  14  66
  0  50  1  49  2  72  3  5  4  95  5  31  6  89  7  86  8  95  9  71  10  65  11  4  12  5  13  2  14  85
  0  59  1  18  2  57  3  14  4  22  5  79  6  46  7  95  8  69  9  44  10  78  11  22  12  30  13  50  14  38
  0  86  1  73  2  77  3  4  4  53  5  84  6  96  7  19  8  30  9  35  10  48  11  84  12  14  13  40  14  89
  0  30  1  50  2  57  3  4  4  77  5  18  6  65  7  70  8  98  9  51  10  32  11  24  12  41  13  30  14  63
  0  61  1  76  2  29  3  83  4  72  5  76  6  90  7  97  8  4  9  42  10  61  11  27  12  75  13  31  14  22
  0  30  1  25  2  54  3  79  4  34  5  32  6  54  7  19  8  60  9  49  10  61  11  25  12  97  13  60  14  13
  0  18  1  69  2  23  3  68  4  79  5  5  6  68  7  60  8  44  9  78  10  81  11  63  12  87  13  24  14  61
  0  64  1  47  2  2  3  49  4  90  5  47  6  87  7  76  8  88  9  12  10  16  11  60  12  93  13  93  14  86
  0  53  1  29  2  54  3  30  4  23  5  3  6  58  7  72  8  29  9  15  10  94  11  65  12  4  13  84  14  9
  0  59  1  72  2  54  3  19  4  37  5  53  6  45  7  69  8  40  9  42  10  46  11  11  12  47  13  55  14  92
  0  31  1  1  2  84  3  41  4  76  5  77  6  10  7  54  8  31  9  50  10  50  11  62  12  42  13  97  14  51
  0  47  1  19  2  48  3  56  4  82  5  36  6  69  7  90  8  12  9  10  10  42  11  67  12  58  13  52  14  67
  0  93  1  93  2  4  3  13  4  20  5  13  6  95  7  93  8  89  9  86  10  6  11  24  12  62  13  89  14  7
  0  14  1  13  2  33  3  11  4  76  5  45  6  46  7  67  8  82  9  69  10  76  11  74  12  70  13  24  14  16
  0  90  1  92  2  43  3  71  4  75  5  77  6  7  7  23  8  90  9  15  10  26  11  53  12  40  13  11  14  29
  0  46  1  29  2  56  3  84  4  60  5  67  6  11  7  54  8  53  9  53  10  13  11  57  12  11  13  19  14  29
  0  15  1  78  2  4  3  41  4  78  5  41  6  3  7  22  8  77  9  62  10  11  11  28  12  38  13  98  14  34
  0  51  1  44  2  48  3  71  4  68  5  70  6  88  7  70  8  93  9  80  10  31  11  4  12  46  13  79  14  77
  0  39  1  47  2  77  3  68  4  86  5  32  6  83  7  55  8  41  9  51  10  45  11  40  12  76  13  71  14  5
  0  53  1  33  2  14  3  37  4  74  5  14  6  94  7  83  8  15  9  95  10  43  11  5  12  17  13  98  14  24
  0  18  1  28  2  80  3  80  4  81  5  69  6  55  7  84  8  49  9  7  10  39  11  47  12  7  13  75  14  79
  0  34  1  65  2  38  3  30  4  93  5  69  6  66  7  59  8  82  9  42  10  76  11  17  12  55  13  88  14  63
  0  88  1  35  2  13  3  2  4  32  5  14  6  30  7  33  8  48  9  23  10  73  11  26  12  39  13  69  14  41
  0  3  1  78  2  57  3  12  4  62  5  60  6  11  7  33  8  32  9  30  10  80  11  74  12  50  13  97  14  99
  0  79  1  37  2  95  3  22  4  64  5  30  6  28  7  55  8  56  9  71  10  22  11  69  12  64  13  84  14  82
  0  52  1  11  2  71  3  6  4  35  5  96  6  26  7  7  8  14  9  56  10  43  11  67  12  36  13  17  14  49
  0  3  1  26  2  5  3  19  4  10  5  79  6  27  7  30  8  48  9  42  10  31  11  65  12  54  13  50  14  34
  0  90  1  4  2  7  3  60  4  43  5  62  6  11  7  32  8  17  9  96  10  77  11  97  12  33  13  34  14  2
  0  12  1  28  2  87  3  59  4  76  5  4  6  92  7  51  8  16  9  9  10  17  11  36  12  53  13  54  14  42
  0  92  1  8  2  93  3  32  4  21  5  19  6  96  7  20  8  81  9  82  10  12  11  3  12  3  13  50  14  2
  0  14  1  30  2  11  3  80  4  7  5  99  6  89  7  1  8  76  9  36  10  2  11  63  12  5  13  27  14  58
  0  46  1  6  2  24  3  13  4  81  5  93  6  60  7  96  8  21  9  21  10  94  11  77  12  76  13  43  14  16
  0  39  1  12  2  11  3  75  4  72  5  37  6  7  7  26  8  20  9  32  10  63  11  80  12  16  13  79  14  28
  0  30  1  11  2  11  3  81  4  75  5  88  6  79  7  10  8  66  9  85  10  23  11  77  12  49  13  97  14  66
  0  80  1  72  2  21  3  91  4  47  5  93  6  64  7  71  8  32  9  92  10  28  11  36  12  26  13  85  14  44
  0  32  1  47  2  87  3  12  4  81  5  30  6  77  7  79  8  54  9  94  10  55  11  64  12  19  13  72  14  95
  0  85  1  25  2  23  3  52  4  88  5  31  6  67  7  42  8  59  9  91  10  22  11  31  12  57  13  62  14  7
  0  3  1  32  2  84  3  68  4  69  5  92  6  57  7  29  8  64  9  40  10  11  11  61  12  22  13  89  14  44
  0  58  1  37  2  40  3  87  4  27  5  63  6  64  7  86  8  35  9  79  10  41  11  48  12  9  13  47  14  32
  0  76  1  19  2  35  3  82  4  90  5  44  6  70  7  18  8  1  9  77  10  71  11  32  12  91  13  17  14  37
  0  6  1  46  2  58  3  27  4  18  5  74  6  89  7  38  8  6  9  77  10  36  11  66  12  99  13  28  14  22
  0  27  1  60  2  58  3  46  4  37  5  57  6  90  7  70  8  13  9  86  10  37  11  97  12  33  13  23  14  81
  0  61  1  49  2  36  3  84  4  67  5  70  6  35  7  98  8  55  9  38  10  99  11  86  12  75  13  65  14  33
  0  60  1  87  2  31  3  35  4  1  5  42  6  15  7  74  8  16  9  89  10  45  11  28  12  59  13  28  14  87
  0  89  1  2  2  93  3  81  4  88  5  35  6  47  7  26  8  62  9  59  10  16  11  49  12  70  13  62  14  77
  0  40  1  46  2  11  3  25  4  95  5  29  6  10  7  31  8  26  9  11  10  87  11  89  12  42  13  7  14  19
  0  28  1  75  2  19  3  12  4  5  5  35  6  53  7  87  8  34  9  99  10  32  11  46  12  4  13  86  14  71
  0  15  1  87  2  55  3  54  4  85  5  49  6  35  7  98  8  9  9  7  10  81  11  1  12  14  13  3  14  7
  0  18  1  37  2  80  3  38  4  1  5  14  6  84  7  86  8  4  9  45  10  31  11  53  12  31  13  39  14  3
  0  88  1  90  2  22  3  72  4  77  5  77  6  28  7  70  8  39  9  84  10  33  11  35  12  40  13  36  14  92
  0  8  1  66  2  91  3  95  4  84  5  16  6  38  7  46  8  15  9  89  10  95  11  25  12  14  13  98  14  5
  0  4  1  36  2  22  3  49  4  22  5  17  6  75  7  45  8  23  9  95  10  76  11  8  12  30  13  49  14  16
  0  66  1  11  2  28  3  76  4  89  5  41  6  63  7  55  8  36  9  87  10  75  11  74  12  68  13  58  14  27
  0  98  1  59  2  98  3  75  4  81  5  99  6  19  7  29  8  20  9  94  10  92  11  25  12  89  13  75  14  65
  0  56  1  71  2  1  3  46  4  32  5  17  6  5  7  84  8  56  9  99  10  14  11  54  12  39  13  48  14  43
  0  92  1  86  2  67  3  54  4  68  5  37  6  84  7  29  8  80  9  35  10  81  11  70  12  98  13  56  14  98
  0  73  1  16  2  30  3  24  4  3  5  63  6  34  7  97  8  67  9  1  10  27  11  98  12  92  13  3  14  75
  0  94  1  24  2  85  3  78  4  73  5  11  6  49  7  84  8  79  9  55  10  39  11  82  12  32  13  26  14  42
  0  79  1  99  2  74  3  73  4  19  5  39  6  97  7  16  8  92  9  52  10  35  11  29  12  57  13  99  14  5
  0  30  1  49  2  73  3  98  4  12  5  57  6  32  7  5  8  63  9  23  10  37  11  29  12  89  13  37  14  48
  0  21  1  63  2  83  3  67  4  31  5  43  6  36  7  37  8  65  9  48  10  15  11  42  12  3  13  71  14  50
  0  53  1  90  2  68  3  19  4  20  5  37  6  58  7  51  8  15  9  71  10  25  11  5  12  59  13  37  14  93
  0  88  1  6  2  24  3  40  4  49  5  50  6  79  7  45  8  71  9  87  10  45  11  91  12  48  13  55  14  95
  0  95  1  28  2  12  3  95  4  91  5  42  6  49  7  91  8  28  9  56  10  41  11  5  12  35  13  29  14  69
  0  95  1  74  2  44  3  81  4  12  5  92  6  56  7  75  8  40  9  14  10  78  11  12  12  35  13  69  14  88
  0  5  1  73  2  33  3  34  4  28  5  76  6  14  7  66  8  49  9  98  10  36  11  39  12  84  13  54  14  85
  0  38  1  22  2  55  3  21  4  32  5  55  6  66  7  75  8  76  9  45  10  15  11  97  12  87  13  84  14  87
  0  91  1  77  2  32  3  26  4  78  5  32  6  57  7  95  8  86  9  39  10  86  11  77  12  13  13  38  14  70
  0  29  1  56  2  20  3  94  4  97  5  83  6  2  7  8  8  81  9  87  10  78  11  39  12  87  13  57  14  93
  0  29  1  17  2  56  3  1  4  6  5  78  6  91  7  5  8  56  9  23  10  98  11  2  12  5  13  27  14  3
  0  60  1  72  2  95  3  17  4  8  5  94  6  40  7  80  8  20  9  22  10  56  11  61  12  26  13  14  14  27
  0  68  1  66  2  24  3  92  4  55  5  89  6  18  7  88  8  95  9  58  10  84  11  37  12  81  13  89  14  22
  0  34  1  62  2  82  3  19  4  78  5  25  6  81  7  52  8  30  9  91  10  78  11  80  12  97  13  72  14  77
  0  2  1  82  2  23  3  42  4  95  5  42  6  63  7  20  8  89  9  45  10  77  11  15  12  99  13  25  14  3
  0  35  1  35  2  63  3  65  4  55  5  88  6  58  7  29  8  65  9  28  10  50  11  60  12  86  13  70  14  21
  0  35  1  88  2  12  3  88  4  24  5  31  6  24  7  53  8  49  9  15  10  68  11  71  12  88  13  21  14  63
  0  79  1  71  2  64  3  17  4  66  5  97  6  95  7  12  8  75  9  64  10  28  11  7  12  14  13  96  14  73
  0  78  1  49  2  99  3  8  4  29  5  61  6  90  7  11  8  41  9  67  10  68  11  40  12  27  13  24  14  46
  0  41  1  40  2  5  3  34  4  1  5  15  6  73  7  58  8  92  9  71  10  28  11  56  12  84  13  99  14  67
  0  72  1  88  2  92  3  13  4  60  5  80  6  17  7  99  8  53  9  31  10  29  11  87  12  65  13  10  14  67
  0  90  1  27  2  60  3  92  4  8  5  77  6  60  7  55  8  3  9  63  10  6  11  99  12  71  13  21  14  96
  0  45  1  91  2  24  3  4  4  3  5  51  6  45  7  47  8  15  9  84  10  60  11  11  12  23  13  72  14  75
  0  80  1  14  2  91  3  77  4  85  5  87  6  8  7  25  8  58  9  41  10  50  11  40  12  65  13  83  14  18
  0  60  1  68  2  10  3  98  4  51  5  10  6  3  7  11  8  25  9  43  10  36  11  80  12  71  13  39  14  8
  0  39  1  21  2  56  3  22  4  81  5  3  6  41  7  92  8  30  9  42  10  1  11  50  12  97  13  32  14  69
  0  57  1  39  2  67  3  50  4  83  5  35  6  21  7  18  8  83  9  44  10  8  11  98  12  74  13  36  14  60
  0  77  1  21  2  63  3  14  4  84  5  69  6  48  7  76  8  74  9  76  10  7  11  31  12  92  13  37  14  10
  0  94  1  89  2  11  3  64  4  24  5  39  6  85  7  77  8  61  9  58  10  42  11  15  12  42  13  41  14  97
  0  81  1  17  2  55  3  53  4  76  5  55  6  60  7  65  8  11  9  34  10  51  11  11  12  79  13  35  14  32
  0  35  1  32  2  98  3  65  4  83  5  79  6  1  7  76  8  60  9  38  10  63  11  84  12  72  13  92  14  15
  0  91  1  50  2  28  3  43  4  73  5  43  6  70  7  36  8  22  9  40  10  21  11  74  12  60  13  66  14  97
  0  35  1  13  2  52  3  93  4  30  5  9  6  67  7  29  8  58  9  49  10  78  11  60  12  86  13  67  14  75
  0  55  1  50  2  67  3  55  4  73  5  56  6  2  7  84  8  92  9  35  10  54  11  54  12  64  13  62  14  7
  0  19  1  16  2  52  3  26  4  73  5  8  6  85  7  99  8  5  9  16  10  45  11  89  12  39  13  21  14  50
  0  1  1  48  2  87  3  16  4  79  5  11  6  95  7  85  8  83  9  20  10  49  11  22  12  86  13  94  14  60
  0  27  1  19  2  42  3  1  4  44  5  55  6  59  7  68  8  78  9  90  10  90  11  1  12  98  13  73  14  65
  0  29  1  40  2  95  3  93  4  83  5  13  6  36  7  90  8  56  9  77  10  29  11  45  12  6  13  53  14  93
  0  72  1  58  2  58  3  45  4  13  5  23  6  11  7  80  8  49  9  55  10  37  11  2  12  70  13  99  14  47
  0  25  1  9  2  28  3  6  4  85  5  14  6  43  7  86  8  40  9  47  10  98  11  90  12  20  13  7  14  82
  0  75  1  96  2  29  3  42  4  13  5  53  6  11  7  64  8  89  9  78  10  56  11  27  12  1  13  26  14  41
  0  89  1  6  2  12  3  46  4  91  5  58  6  24  7  13  8  76  9  18  10  89  11  7  12  51  13  96  14  10
  0  3  1  59  2  24  3  61  4  28  5  29  6  12  7  32  8  16  9  10  10  57  11  18  12  73  13  28  14  25
  0  26  1  54  2  3  3  79  4  47  5  83  6  29  7  77  8  85  9  96  10  99  11  29  12  76  13  75  14  23
  0  84  1  19  2  84  3  73  4  25  5  97  6  62  7  67  8  39  9  89  10  9  11  57  12  29  13  66  14  67
  0  84  1  78  2  34  3  9  4  33  5  63  6  89  7  49  8  80  9  3  10  63  11  73  12  38  13  78  14  91
  0  34  1  7  2  53  3  42  4  53  5  21  6  90  7  63  8  52  9  41  10  43  11  56  12  73  13  10  14  60
  0  84  1  82  2  6  3  45  4  54  5  57  6  27  7  39  8  43  9  2  10  20  11  41  12  71  13  51  14  24
  0  67  1  19  2  39  3  79  4  20  5  42  6  61  7  54  8  24  9  58  10  42  11  63  12  35  13  80  14  94
  0  78  1  44  2  30  3  40  4  83  5  21  6  57  7  4  8  92  9  81  10  57  11  25  12  53  13  60  14  45
  0  40  1  95  2  33  3  35  4  27  5  96  6  12  7  51  8  14  9  84  10  18  11  30  12  4  13  82  14  93
  0  32  1  58  2  82  3  14  4  53  5  37  6  92  7  19  8  88  9  4  10  95  11  50  12  26  13  29  14  20
  0  95  1  38  2  53  3  4  4  53  5  18  6  6  7  2  8  74  9  73  10  66  11  80  12  52  13  71  14  37
  0  79  1  57  2  2  3  53  4  48  5  41  6  3  7  48  8  89  9  62  10  62  11  65  12  57  13  95  14  89
  0  50  1  91  2  42  3  27  4  4  5  2  6  44  7  36  8  64  9  18  10  62  11  84  12  28  13  69  14  97
  0  20  1  65  2  67  3  31  4  99  5  67  6  11  7  38  8  21  9  24  10  17  11  91  12  62  13  45  14  58
  0  58  1  33  2  52  3  73  4  64  5  7  6  8  7  55  8  61  9  54  10  65  11  52  12  49  13  27  14  57
  0  33  1  13  2  57  3  42  4  93  5  84  6  56  7  92  8  13  9  53  10  45  11  89  12  96  13  60  14  42
  0  54  1  37  2  66  3  87  4  26  5  3  6  85  7  93  8  80  9  34  10  99  11  34  12  51  13  94  14  19
  0  17  1  65  2  16  3  46  4  13  5  44  6  35  7  50  8  23  9  21  10  5  11  76  12  10  13  51  14  34
  0  35  1  28  2  54  3  89  4  37  5  28  6  86  7  50  8  96  9  24  10  42  11  19  12  93  13  31  14  37
  0  16  1  72  2  38  3  14  4  18  5  34  6  59  7  78  8  5  9  24  10  70  11  47  12  44  13  36  14  42
  0  88  1  20  2  97  3  14  4  58  5  70  6  78  7  76  8  78  9  19  10  51  11  52  12  11  13  95  14  15
  0  95  1  18  2  73  3  22  4  46  5  18  6  95  7  5  8  16  9  73  10  47  11  66  12  90  13  67  14  97
  0  99  1  66  2  58  3  24  4  45  5  66  6  32  7  89  8  84  9  98  10  70  11  46  12  67  13  58  14  9
  0  59  1  74  2  75  3  62  4  4  5  96  6  66  7  43  8  64  9  71  10  47  11  89  12  41  13  4  14  95
  0  77  1  38  2  73  3  3  4  92  5  1  6  84  7  20  8  91  9  18  10  41  11  6  12  60  13  98  14  26
  0  36  1  59  2  13  3  25  4  12  5  18  6  28  7  36  8  96  9  7  10  99  11  39  12  61  13  11  14  94
  0  25  1  18  2  76  3  48  4  2  5  64  6  3  7  88  8  42  9  82  10  4  11  81  12  22  13  56  14  69
  0  79  1  74  2  6  3  86  4  66  5  56  6  41  7  7  8  49  9  97  10  1  11  76  12  30  13  3  14  14
  0  48  1  52  2  81  3  10  4  66  5  16  6  69  7  61  8  75  9  7  10  53  11  28  12  88  13  67  14  90
  0  52  1  47  2  23  3  22  4  4  5  17  6  39  7  95  8  97  9  31  10  55  11  51  12  16  13  73  14  46
  0  42  1  5  2  39  3  88  4  91  5  44  6  48  7  40  8  2  9  99  10  72  11  58  12  72  13  6  14  18
  0  17  1  98  2  40  3  70  4  96  5  43  6  87  7  77  8  56  9  13  10  9  11  65  12  15  13  79  14  50
  0  68  1  94  2  31  3  79  4  48  5  14  6  36  7  14  8  24  9  25  10  58  11  78  12  35  13  29  14  63
  0  31  1  15  2  31  3  86  4  15  5  40  6  99  7  75  8  37  9  98  10  52  11  14  12  95  13  62  14  79
  0  81  1  79  2  86  3  79  4  29  5  28  6  65  7  69  8  60  9  33  10  1  11  82  12  43  13  94  14  77
  0  87  1  7  2  92  3  51  4  68  5  85  6  13  7  87  8  66  9  22  10  50  11  11  12  68  13  46  14  78
  0  52  1  84  2  68  3  52  4  2  5  64  6  86  7  87  8  10  9  29  10  73  11  35  12  84  13  35  14  96
  0  38  1  94  2  84  3  96  4  46  5  55  6  45  7  14  8  19  9  67  10  61  11  48  12  45  13  47  14  54
  0  93  1  70  2  41  3  48  4  66  5  85  6  41  7  68  8  41  9  38  10  23  11  99  12  49  13  73  14  83
  0  10  1  97  2  96  3  54  4  55  5  42  6  21  7  3  8  36  9  80  10  61  11  61  12  83  13  85  14  62
  0  39  1  68  2  80  3  81  4  12  5  70  6  17  7  67  8  82  9  69  10  22  11  8  12  77  13  22  14  24
  0  25  1  8  2  44  3  65  4  51  5  3  6  15  7  63  8  16  9  23  10  72  11  82  12  16  13  78  14  64
  0  27  1  61  2  25  3  74  4  71  5  14  6  23  7  34  8  72  9  56  10  55  11  4  12  45  13  66  14  69
  0  68  1  99  2  81  3  67  4  80  5  58  6  78  7  63  8  65  9  97  10  97  11  96  12  44  13  6  14  99
  0  54  1  68  2  32  3  21  4  41  5  45  6  68  7  69  8  10  9  7  10  2  11  81  12  41  13  65  14  17
  0  33  1  23  2  45  3  43  4  60  5  76  6  72  7  72  8  50  9  33  10  87  11  95  12  7  13  56  14  99
  0  27  1  79  2  50  3  92  4  23  5  43  6  25  7  63  8  13  9  41  10  85  11  35  12  87  13  42  14  73
  0  7  1  32  2  69  3  87  4  89  5  81  6  95  7  49  8  78  9  45  10  36  11  89  12  47  13  22  14  52
  0  84  1  43  2  11  3  64  4  56  5  66  6  86  7  46  8  18  9  15  10  84  11  21  12  38  13  53  14  26
  0  8  1  35  2  35  3  74  4  82  5  41  6  73  7  11  8  43  9  2  10  67  11  49  12  96  13  84  14  92
  0  53  1  13  2  17  3  39  4  9  5  11  6  85  7  52  8  73  9  73  10  62  11  98  12  4  13  93  14  34
  0  75  1  27  2  17  3  62  4  18  5  18  6  28  7  84  8  1  9  86  10  79  11  50  12  13  13  2  14  91
  0  45  1  55  2  83  3  38  4  39  5  7  6  65  7  20  8  80  9  46  10  97  11  84  12  99  13  18  14  30
  0  40  1  16  2  97  3  16  4  80  5  43  6  81  7  24  8  2  9  51  10  9  11  33  12  2  13  16  14  99
  0  53  1  74  2  78  3  48  4  19  5  50  6  91  7  27  8  13  9  36  10  9  11  75  12  39  13  60  14  76
  0  84  1  59  2  37  3  99  4  1  5  31  6  78  7  17  8  8  9  44  10  49  11  94  12  66  13  33  14  24
  0  18  1  17  2  97  3  93  4  65  5  68  6  79  7  38  8  62  9  35  10  69  11  51  12  66  13  3  14  40
  0  5  1  38  2  19  3  29  4  55  5  82  6  48  7  25  8  61  9  73  10  37  11  19  12  58  13  98  14  76
  0  39  1  85  2  79  3  65  4  66  5  93  6  65  7  94  8  1  9  62  10  93  11  26  12  47  13  4  14  73
  0  21  1  8  2  38  3  33  4  48  5  16  6  61  7  35  8  85  9  63  10  50  11  55  12  68  13  77  14  64
  0  73  1  74  2  64  3  42  4  24  5  50  6  28  7  13  8  12  9  90  10  31  11  54  12  78  13  52  14  45
  0  74  1  77  2  56  3  12  4  4  5  11  6  9  7  34  8  19  9  7  10  42  11  29  12  37  13  57  14  57
TPM
  0  1786  1  1786  2  1786  3  1786  4  1786  5  1786  6  1786  7  1786  8  1786  9  1786  10  1786  11  1786  12  1786  13  1786  14  1786
PMT
  0  39  1  47  2  54  3  28  4  85  5  72  6  77  7  86  8  94  9  87  10  17  11  1  12  33  13  16  14  60
  0  23  1  49  2  90  3  54  4  69  5  89  6  63  7  24  8  42  9  38  10  84  11  21  12  28  13  15  14  82
  0  22  1  18  2  10  3  30  4  5  5  39  6  46  7  74  8  65  9  95  10  12  11  48  12  69  13  52  14  83
  0  19  1  36  2  7  3  38  4  25  5  4  6  51  7  38  8  2  9  23  10  1  11  21  12  11  13  79  14  38
  0  31  1  19  2  49  3  22  4  86  5  85  6  13  7  40  8  52  9  65  10  17  11  10  12  70  13  18  14  33
  0  56  1  74  2  5  3  54  4  30  5  78  6  95  7  53  8  29  9  22  10  21  11  63  12  43  13  14  14  46
  0  61  1  50  2  99  3  47  4  85  5  99  6  55  7  29  8  96  9  98  10  73  11  83  12  63  13  63  14  94
  0  20  1  48  2  6  3  9  4  85  5  12  6  74  7  23  8  66  9  58  10  58  11  68  12  44  13  1  14  37
  0  88  1  33  2  20  3  23  4  58  5  42  6  31  7  38  8  91  9  20  10  95  11  13  12  45  13  88  14  34
  0  5  1  50  2  68  3  35  4  78  5  8  6  45  7  61  8  83  9  19  10  46  11  97  12  31  13  67  14  17
  0  91  1  55  2  55  3  12  4  85  5  99  6  58  7  45  8  38  9  82  10  57  11  66  12  80  13  16  14  63
  0  60  1  64  2  86  3  44  4  75  5  86  6  32  7  3  8  35  9  5  10  55  11  96  12  87  13  80  14  71
