20  15
  0  38  1  12  2  30  3  80  4  28  5  96  6  17  7  31  8  60  9  82  10  43  11  78  12  75  13  99  14  7
  0  45  1  96  2  83  3  53  4  61  5  17  6  24  7  12  8  39  9  60  10  78  11  46  12  71  13  63  14  15
  0  77  1  31  2  71  3  93  4  77  5  94  6  39  7  6  8  47  9  5  10  76  11  11  12  21  13  75  14  87
  0  62  1  70  2  56  3  91  4  5  5  90  6  53  7  13  8  74  9  94  10  51  11  89  12  50  13  51  14  88
  0  47  1  20  2  38  3  86  4  7  5  79  6  3  7  12  8  56  9  65  10  41  11  59  12  86  13  91  14  51
  0  59  1  72  2  41  3  5  4  44  5  55  6  30  7  59  8  38  9  57  10  59  11  3  12  67  13  27  14  2
  0  81  1  75  2  99  3  96  4  83  5  3  6  36  7  62  8  68  9  88  10  41  11  28  12  46  13  60  14  11
  0  57  1  70  2  56  3  37  4  19  5  98  6  84  7  71  8  13  9  9  10  98  11  42  12  74  13  5  14  66
  0  54  1  93  2  33  3  55  4  34  5  45  6  99  7  49  8  82  9  3  10  58  11  80  12  66  13  82  14  1
  0  50  1  51  2  49  3  87  4  42  5  49  6  62  7  85  8  86  9  54  10  69  11  8  12  16  13  66  14  54
  0  63  1  5  2  42  3  4  4  75  5  5  6  20  7  52  8  19  9  17  10  5  11  23  12  78  13  47  14  8
  0  60  1  44  2  48  3  89  4  27  5  80  6  42  7  32  8  32  9  45  10  80  11  53  12  80  13  45  14  74
  0  38  1  74  2  38  3  14  4  39  5  20  6  46  7  53  8  86  9  98  10  16  11  29  12  91  13  12  14  51
  0  48  1  54  2  29  3  6  4  50  5  94  6  62  7  95  8  37  9  68  10  73  11  2  12  25  13  49  14  88
  0  30  1  60  2  72  3  47  4  83  5  5  6  79  7  49  8  53  9  80  10  19  11  48  12  14  13  31  14  66
  0  21  1  23  2  44  3  97  4  96  5  13  6  28  7  15  8  41  9  54  10  56  11  97  12  25  13  24  14  6
  0  57  1  4  2  93  3  60  4  91  5  26  6  50  7  61  8  79  9  7  10  75  11  17  12  60  13  59  14  79
  0  96  1  84  2  63  3  57  4  97  5  41  6  11  7  89  8  32  9  84  10  64  11  44  12  83  13  18  14  10
  0  27  1  35  2  24  3  98  4  86  5  62  6  28  7  1  8  81  9  47  10  38  11  27  12  62  13  45  14  13
  0  75  1  26  2  27  3  35  4  22  5  40  6  74  7  94  8  58  9  51  10  87  11  17  12  46  13  24  14  50
TPM
  0  595  1  595  2  595  3  595  4  595  5  595  6  595  7  595  8  595  9  595  10  595  11  595  12  595  13  595  14  595
PMT
  0  125  1  66  2  106  3  76  4  43  5  13  6  115  7  86  8  27  9  6  10  26  11  2  12  53  13  84  14  49
  0  149  1  53  2  48  3  16  4  72  5  57  6  56  7  115  8  58  9  111  10  93  11  18  12  144  13  18  14  23
  0  35  1  64  2  13  3  47  4  93  5  28  6  126  7  53  8  87  9  56  10  15  11  5  12  142  13  56  14  57
  0  80  1  115  2  100  3  69  4  76  5  54  6  21  7  72  8  29  9  142  10  89  11  11  12  131  13  119  14  56
