500  20
  0  14  1  98  2  83  3  74  4  74  5  21  6  24  7  37  8  40  9  99  10  24  11  37  12  22  13  77  14  16  15  30  16  2  17  18  18  63  19  25
  0  7  1  89  2  71  3  30  4  47  5  89  6  94  7  49  8  58  9  51  10  78  11  51  12  88  13  17  14  97  15  45  16  22  17  60  18  93  19  24
  0  35  1  5  2  18  3  60  4  24  5  55  6  33  7  68  8  47  9  52  10  29  11  60  12  72  13  11  14  54  15  72  16  27  17  99  18  73  19  30
  0  84  1  87  2  4  3  75  4  41  5  36  6  81  7  86  8  54  9  43  10  63  11  56  12  70  13  55  14  78  15  2  16  37  17  94  18  66  19  36
  0  93  1  79  2  71  3  22  4  81  5  37  6  95  7  74  8  7  9  25  10  9  11  1  12  77  13  21  14  71  15  82  16  59  17  38  18  34  19  39
  0  48  1  85  2  8  3  37  4  42  5  76  6  12  7  25  8  66  9  47  10  61  11  4  12  86  13  53  14  38  15  84  16  2  17  43  18  56  19  63
  0  12  1  34  2  30  3  38  4  4  5  36  6  88  7  45  8  91  9  95  10  3  11  65  12  11  13  68  14  19  15  69  16  55  17  29  18  18  19  68
  0  94  1  77  2  36  3  94  4  25  5  13  6  21  7  50  8  33  9  67  10  12  11  68  12  77  13  34  14  59  15  95  16  17  17  31  18  33  19  85
  0  42  1  68  2  76  3  57  4  84  5  37  6  10  7  58  8  24  9  15  10  90  11  49  12  92  13  67  14  76  15  83  16  68  17  89  18  59  19  49
  0  9  1  11  2  63  3  21  4  45  5  70  6  16  7  2  8  52  9  17  10  51  11  80  12  72  13  7  14  91  15  31  16  45  17  1  18  16  19  11
  0  67  1  76  2  24  3  60  4  10  5  10  6  42  7  94  8  32  9  2  10  37  11  37  12  94  13  41  14  28  15  53  16  63  17  29  18  12  19  62
  0  27  1  21  2  61  3  55  4  4  5  49  6  29  7  31  8  96  9  33  10  89  11  34  12  16  13  91  14  2  15  70  16  81  17  13  18  60  19  6
  0  90  1  59  2  83  3  95  4  89  5  88  6  45  7  98  8  89  9  34  10  58  11  61  12  41  13  82  14  51  15  88  16  14  17  24  18  17  19  28
  0  82  1  71  2  7  3  39  4  4  5  79  6  8  7  26  8  25  9  99  10  28  11  46  12  76  13  58  14  71  15  33  16  24  17  46  18  75  19  92
  0  90  1  48  2  58  3  57  4  78  5  55  6  80  7  10  8  38  9  47  10  26  11  19  12  72  13  17  14  61  15  36  16  75  17  98  18  17  19  48
  0  39  1  5  2  16  3  95  4  79  5  85  6  21  7  85  8  62  9  74  10  98  11  73  12  38  13  74  14  11  15  84  16  6  17  10  18  76  19  99
  0  71  1  25  2  73  3  27  4  73  5  36  6  68  7  38  8  83  9  46  10  4  11  38  12  7  13  80  14  61  15  87  16  46  17  16  18  96  19  16
  0  2  1  93  2  15  3  79  4  13  5  54  6  13  7  58  8  70  9  26  10  39  11  91  12  64  13  52  14  22  15  3  16  25  17  56  18  63  19  60
  0  87  1  57  2  34  3  69  4  93  5  89  6  74  7  4  8  83  9  15  10  10  11  10  12  72  13  92  14  44  15  50  16  4  17  68  18  53  19  64
  0  6  1  1  2  38  3  69  4  26  5  14  6  78  7  23  8  96  9  73  10  3  11  18  12  55  13  7  14  71  15  95  16  47  17  11  18  34  19  81
  0  53  1  35  2  16  3  85  4  37  5  21  6  27  7  28  8  7  9  36  10  18  11  70  12  26  13  45  14  12  15  70  16  25  17  81  18  98  19  91
  0  92  1  44  2  61  3  30  4  61  5  10  6  73  7  45  8  98  9  37  10  89  11  5  12  76  13  20  14  15  15  82  16  89  17  92  18  26  19  55
  0  27  1  17  2  87  3  17  4  29  5  82  6  71  7  80  8  84  9  19  10  78  11  37  12  50  13  90  14  37  15  13  16  89  17  20  18  95  19  22
  0  62  1  75  2  63  3  15  4  33  5  1  6  52  7  69  8  60  9  87  10  22  11  78  12  76  13  7  14  39  15  24  16  92  17  53  18  96  19  40
  0  87  1  77  2  63  3  17  4  40  5  98  6  44  7  90  8  30  9  28  10  84  11  10  12  34  13  44  14  43  15  98  16  59  17  98  18  21  19  41
  0  10  1  49  2  17  3  43  4  73  5  44  6  42  7  84  8  82  9  9  10  38  11  38  12  76  13  95  14  41  15  14  16  62  17  18  18  22  19  82
  0  81  1  66  2  85  3  65  4  93  5  80  6  91  7  1  8  50  9  23  10  57  11  18  12  31  13  82  14  32  15  97  16  47  17  5  18  66  19  72
  0  44  1  16  2  17  3  18  4  47  5  4  6  47  7  37  8  54  9  61  10  26  11  14  12  52  13  6  14  38  15  25  16  4  17  32  18  39  19  11
  0  56  1  73  2  43  3  49  4  51  5  59  6  11  7  90  8  33  9  3  10  71  11  35  12  5  13  55  14  24  15  73  16  57  17  21  18  60  19  23
  0  83  1  9  2  35  3  10  4  55  5  54  6  76  7  99  8  9  9  61  10  87  11  75  12  89  13  37  14  6  15  10  16  30  17  16  18  15  19  74
  0  74  1  91  2  17  3  96  4  76  5  22  6  21  7  49  8  21  9  54  10  6  11  35  12  50  13  2  14  46  15  97  16  13  17  61  18  31  19  76
  0  37  1  45  2  8  3  89  4  17  5  91  6  19  7  98  8  59  9  50  10  28  11  1  12  22  13  66  14  53  15  58  16  54  17  24  18  41  19  43
  0  9  1  1  2  55  3  61  4  89  5  46  6  78  7  6  8  54  9  15  10  28  11  22  12  98  13  75  14  42  15  3  16  63  17  4  18  98  19  44
  0  64  1  25  2  54  3  25  4  34  5  58  6  31  7  99  8  15  9  86  10  84  11  3  12  51  13  44  14  23  15  18  16  66  17  12  18  69  19  63
  0  20  1  40  2  87  3  75  4  88  5  56  6  4  7  12  8  15  9  27  10  10  11  1  12  4  13  68  14  16  15  3  16  78  17  37  18  91  19  74
  0  18  1  44  2  25  3  28  4  36  5  61  6  70  7  47  8  80  9  34  10  78  11  3  12  52  13  4  14  25  15  56  16  81  17  7  18  74  19  68
  0  10  1  7  2  60  3  48  4  67  5  71  6  57  7  90  8  29  9  16  10  74  11  13  12  6  13  49  14  5  15  70  16  8  17  15  18  4  19  19
  0  65  1  10  2  84  3  57  4  7  5  12  6  52  7  57  8  36  9  60  10  8  11  75  12  50  13  75  14  5  15  94  16  79  17  89  18  44  19  49
  0  68  1  41  2  14  3  23  4  5  5  66  6  37  7  33  8  70  9  58  10  74  11  27  12  84  13  3  14  87  15  61  16  44  17  6  18  76  19  51
  0  96  1  64  2  26  3  86  4  90  5  56  6  42  7  73  8  95  9  41  10  59  11  37  12  86  13  3  14  39  15  89  16  23  17  74  18  5  19  71
  0  83  1  33  2  79  3  94  4  37  5  38  6  7  7  52  8  34  9  69  10  98  11  83  12  85  13  79  14  23  15  8  16  47  17  60  18  16  19  45
  0  7  1  12  2  8  3  17  4  82  5  27  6  73  7  72  8  51  9  67  10  63  11  91  12  67  13  69  14  61  15  70  16  51  17  8  18  82  19  66
  0  52  1  25  2  17  3  79  4  12  5  80  6  63  7  94  8  91  9  88  10  18  11  96  12  33  13  47  14  16  15  53  16  60  17  82  18  39  19  10
  0  63  1  53  2  35  3  50  4  96  5  88  6  7  7  29  8  93  9  65  10  74  11  43  12  84  13  34  14  24  15  39  16  66  17  58  18  81  19  56
  0  55  1  29  2  81  3  42  4  29  5  59  6  28  7  10  8  35  9  72  10  50  11  15  12  17  13  51  14  16  15  58  16  8  17  99  18  50  19  73
  0  58  1  30  2  64  3  25  4  23  5  95  6  8  7  40  8  20  9  15  10  81  11  53  12  26  13  62  14  88  15  20  16  84  17  24  18  11  19  55
  0  27  1  43  2  17  3  77  4  51  5  98  6  68  7  75  8  90  9  99  10  68  11  30  12  74  13  83  14  52  15  54  16  67  17  49  18  50  19  36
  0  30  1  68  2  37  3  96  4  50  5  55  6  65  7  97  8  18  9  81  10  50  11  56  12  66  13  77  14  46  15  66  16  88  17  44  18  30  19  15
  0  96  1  76  2  84  3  55  4  5  5  73  6  60  7  73  8  26  9  72  10  31  11  56  12  36  13  50  14  94  15  50  16  31  17  63  18  80  19  68
  0  83  1  35  2  53  3  83  4  90  5  98  6  38  7  23  8  34  9  52  10  4  11  40  12  33  13  7  14  69  15  29  16  43  17  11  18  30  19  30
  0  16  1  83  2  25  3  9  4  58  5  6  6  70  7  29  8  30  9  34  10  52  11  51  12  67  13  53  14  46  15  9  16  42  17  67  18  90  19  69
  0  75  1  98  2  67  3  67  4  65  5  55  6  35  7  61  8  17  9  70  10  23  11  70  12  60  13  39  14  98  15  76  16  3  17  94  18  48  19  99
  0  67  1  2  2  43  3  93  4  88  5  67  6  75  7  5  8  76  9  85  10  93  11  2  12  83  13  76  14  65  15  63  16  18  17  75  18  42  19  84
  0  87  1  90  2  22  3  43  4  89  5  34  6  19  7  19  8  55  9  91  10  85  11  79  12  20  13  90  14  58  15  67  16  97  17  72  18  9  19  46
  0  53  1  93  2  36  3  91  4  13  5  91  6  14  7  47  8  70  9  13  10  94  11  62  12  47  13  74  14  29  15  99  16  45  17  2  18  44  19  72
  0  85  1  82  2  9  3  37  4  23  5  12  6  51  7  72  8  80  9  30  10  35  11  9  12  39  13  68  14  99  15  91  16  99  17  63  18  1  19  88
  0  62  1  98  2  43  3  79  4  22  5  89  6  66  7  90  8  72  9  18  10  31  11  51  12  48  13  71  14  14  15  95  16  69  17  70  18  19  19  35
  0  53  1  64  2  61  3  70  4  13  5  31  6  61  7  25  8  62  9  26  10  81  11  10  12  90  13  55  14  81  15  52  16  71  17  67  18  79  19  71
  0  28  1  92  2  28  3  45  4  78  5  72  6  67  7  26  8  10  9  55  10  6  11  7  12  66  13  62  14  17  15  11  16  56  17  36  18  95  19  97
  0  5  1  26  2  84  3  83  4  11  5  91  6  53  7  21  8  85  9  3  10  29  11  94  12  73  13  79  14  81  15  19  16  93  17  16  18  9  19  53
  0  52  1  47  2  97  3  67  4  3  5  76  6  49  7  10  8  61  9  80  10  70  11  86  12  10  13  28  14  6  15  36  16  34  17  9  18  42  19  53
  0  89  1  54  2  2  3  19  4  79  5  68  6  34  7  16  8  95  9  47  10  44  11  53  12  64  13  15  14  31  15  22  16  79  17  24  18  27  19  51
  0  29  1  99  2  49  3  50  4  45  5  6  6  15  7  43  8  31  9  95  10  79  11  43  12  40  13  45  14  98  15  1  16  25  17  89  18  20  19  55
  0  69  1  23  2  51  3  53  4  69  5  18  6  83  7  4  8  43  9  84  10  41  11  18  12  65  13  67  14  91  15  19  16  63  17  50  18  48  19  34
  0  30  1  30  2  43  3  10  4  29  5  64  6  47  7  2  8  96  9  12  10  71  11  34  12  80  13  15  14  78  15  32  16  49  17  3  18  79  19  71
  0  76  1  3  2  99  3  95  4  85  5  97  6  50  7  3  8  96  9  65  10  15  11  86  12  17  13  77  14  53  15  1  16  76  17  62  18  90  19  82
  0  87  1  42  2  17  3  23  4  79  5  11  6  46  7  20  8  44  9  6  10  87  11  9  12  93  13  87  14  34  15  72  16  14  17  43  18  77  19  87
  0  60  1  70  2  94  3  33  4  34  5  95  6  79  7  91  8  39  9  54  10  93  11  5  12  1  13  29  14  76  15  72  16  98  17  11  18  41  19  98
  0  51  1  53  2  24  3  29  4  40  5  10  6  93  7  36  8  79  9  95  10  16  11  35  12  54  13  96  14  35  15  56  16  85  17  28  18  32  19  79
  0  6  1  20  2  42  3  34  4  45  5  56  6  69  7  7  8  54  9  28  10  23  11  3  12  26  13  58  14  48  15  70  16  97  17  9  18  48  19  76
  0  23  1  83  2  7  3  85  4  60  5  90  6  57  7  89  8  28  9  10  10  70  11  93  12  97  13  4  14  42  15  37  16  38  17  51  18  8  19  30
  0  43  1  91  2  22  3  16  4  82  5  26  6  66  7  98  8  78  9  82  10  90  11  85  12  88  13  78  14  85  15  53  16  43  17  13  18  49  19  21
  0  80  1  64  2  96  3  85  4  68  5  13  6  19  7  79  8  6  9  76  10  1  11  19  12  46  13  44  14  37  15  76  16  90  17  47  18  29  19  4
  0  27  1  96  2  30  3  57  4  31  5  89  6  82  7  30  8  49  9  37  10  70  11  85  12  18  13  3  14  59  15  37  16  6  17  18  18  20  19  32
  0  80  1  37  2  50  3  29  4  29  5  42  6  39  7  71  8  79  9  6  10  31  11  5  12  22  13  81  14  98  15  86  16  14  17  62  18  26  19  85
  0  10  1  53  2  54  3  74  4  71  5  27  6  53  7  52  8  28  9  57  10  10  11  65  12  4  13  73  14  56  15  92  16  36  17  56  18  68  19  42
  0  36  1  71  2  16  3  46  4  74  5  28  6  48  7  69  8  6  9  84  10  35  11  63  12  38  13  64  14  97  15  27  16  32  17  27  18  16  19  66
  0  87  1  28  2  78  3  50  4  24  5  67  6  14  7  19  8  98  9  70  10  36  11  77  12  5  13  4  14  69  15  1  16  29  17  93  18  52  19  4
  0  83  1  83  2  28  3  86  4  28  5  84  6  74  7  35  8  50  9  81  10  33  11  37  12  71  13  96  14  30  15  61  16  97  17  39  18  11  19  91
  0  28  1  83  2  22  3  23  4  87  5  52  6  24  7  63  8  62  9  98  10  1  11  89  12  35  13  22  14  16  15  52  16  60  17  47  18  24  19  44
  0  29  1  60  2  34  3  52  4  95  5  89  6  94  7  75  8  89  9  49  10  32  11  72  12  19  13  9  14  79  15  72  16  45  17  54  18  55  19  61
  0  82  1  30  2  8  3  28  4  51  5  6  6  7  7  36  8  95  9  95  10  59  11  47  12  35  13  21  14  93  15  23  16  14  17  99  18  19  19  67
  0  71  1  94  2  59  3  99  4  50  5  73  6  28  7  70  8  94  9  37  10  88  11  43  12  33  13  35  14  7  15  21  16  34  17  76  18  4  19  88
  0  78  1  89  2  60  3  93  4  88  5  9  6  33  7  89  8  7  9  81  10  71  11  16  12  24  13  14  14  66  15  88  16  82  17  18  18  61  19  17
  0  13  1  18  2  90  3  88  4  88  5  29  6  50  7  73  8  93  9  17  10  5  11  39  12  36  13  1  14  81  15  79  16  69  17  61  18  17  19  18
  0  92  1  57  2  40  3  3  4  34  5  83  6  25  7  29  8  58  9  96  10  41  11  59  12  32  13  99  14  74  15  1  16  58  17  86  18  12  19  92
  0  45  1  48  2  3  3  89  4  77  5  18  6  44  7  56  8  16  9  1  10  56  11  98  12  21  13  11  14  34  15  8  16  98  17  20  18  1  19  89
  0  4  1  79  2  99  3  98  4  44  5  78  6  99  7  10  8  80  9  50  10  86  11  83  12  14  13  31  14  86  15  24  16  95  17  40  18  41  19  26
  0  22  1  42  2  8  3  53  4  72  5  89  6  82  7  15  8  20  9  76  10  54  11  14  12  29  13  49  14  41  15  87  16  98  17  37  18  69  19  72
  0  31  1  25  2  87  3  56  4  31  5  63  6  40  7  97  8  67  9  84  10  35  11  40  12  42  13  88  14  73  15  25  16  63  17  7  18  35  19  9
  0  10  1  48  2  43  3  24  4  26  5  3  6  38  7  31  8  3  9  47  10  32  11  74  12  16  13  81  14  49  15  21  16  39  17  85  18  43  19  47
  0  49  1  78  2  61  3  4  4  85  5  32  6  98  7  87  8  41  9  38  10  61  11  76  12  87  13  67  14  20  15  17  16  69  17  51  18  34  19  82
  0  20  1  71  2  84  3  26  4  72  5  51  6  28  7  90  8  83  9  72  10  70  11  80  12  83  13  66  14  21  15  73  16  23  17  52  18  77  19  39
  0  86  1  25  2  51  3  5  4  79  5  6  6  31  7  66  8  16  9  21  10  42  11  51  12  73  13  59  14  65  15  61  16  75  17  34  18  97  19  77
  0  22  1  43  2  91  3  86  4  93  5  6  6  89  7  57  8  79  9  21  10  47  11  4  12  13  13  71  14  16  15  83  16  20  17  75  18  19  19  23
  0  7  1  50  2  48  3  93  4  44  5  51  6  59  7  47  8  28  9  89  10  55  11  98  12  17  13  52  14  72  15  28  16  86  17  66  18  12  19  14
  0  39  1  95  2  89  3  35  4  66  5  46  6  85  7  3  8  53  9  25  10  22  11  14  12  65  13  92  14  6  15  21  16  70  17  74  18  97  19  71
  0  67  1  44  2  15  3  69  4  40  5  93  6  72  7  47  8  51  9  36  10  2  11  55  12  45  13  25  14  33  15  10  16  26  17  81  18  11  19  57
  0  28  1  45  2  73  3  43  4  96  5  16  6  39  7  94  8  47  9  48  10  55  11  51  12  65  13  88  14  14  15  9  16  71  17  2  18  48  19  59
  0  61  1  12  2  44  3  43  4  96  5  47  6  51  7  33  8  4  9  74  10  63  11  39  12  3  13  62  14  2  15  90  16  89  17  2  18  45  19  28
  0  29  1  77  2  54  3  30  4  24  5  74  6  9  7  36  8  96  9  48  10  50  11  59  12  72  13  9  14  94  15  91  16  52  17  86  18  63  19  38
  0  44  1  86  2  34  3  45  4  43  5  45  6  31  7  13  8  17  9  45  10  88  11  86  12  27  13  59  14  61  15  76  16  80  17  22  18  75  19  72
  0  12  1  47  2  26  3  16  4  20  5  54  6  79  7  66  8  27  9  60  10  33  11  80  12  24  13  42  14  36  15  72  16  24  17  99  18  79  19  44
  0  32  1  56  2  4  3  85  4  12  5  78  6  87  7  88  8  4  9  11  10  12  11  42  12  19  13  47  14  18  15  77  16  27  17  90  18  93  19  84
  0  93  1  71  2  70  3  45  4  55  5  30  6  2  7  19  8  26  9  71  10  63  11  93  12  72  13  58  14  98  15  92  16  9  17  9  18  89  19  88
  0  93  1  88  2  35  3  69  4  29  5  39  6  61  7  65  8  96  9  71  10  4  11  15  12  84  13  15  14  29  15  45  16  79  17  4  18  82  19  86
  0  39  1  44  2  90  3  48  4  58  5  90  6  49  7  29  8  6  9  13  10  70  11  25  12  87  13  65  14  82  15  80  16  60  17  52  18  89  19  80
  0  15  1  69  2  46  3  78  4  87  5  71  6  10  7  16  8  73  9  79  10  52  11  76  12  60  13  42  14  67  15  71  16  92  17  3  18  2  19  65
  0  43  1  43  2  78  3  74  4  50  5  14  6  13  7  3  8  38  9  54  10  30  11  98  12  52  13  66  14  29  15  46  16  50  17  14  18  58  19  23
  0  46  1  39  2  4  3  91  4  93  5  28  6  93  7  2  8  60  9  61  10  73  11  23  12  23  13  41  14  5  15  39  16  82  17  73  18  4  19  65
  0  96  1  52  2  7  3  73  4  59  5  60  6  27  7  41  8  77  9  2  10  64  11  56  12  38  13  28  14  50  15  37  16  54  17  3  18  66  19  55
  0  31  1  47  2  51  3  77  4  3  5  35  6  89  7  49  8  18  9  46  10  55  11  99  12  78  13  91  14  37  15  33  16  71  17  64  18  89  19  39
  0  31  1  85  2  63  3  34  4  24  5  54  6  26  7  21  8  60  9  8  10  74  11  27  12  55  13  54  14  93  15  54  16  1  17  46  18  15  19  59
  0  22  1  98  2  84  3  37  4  32  5  59  6  36  7  85  8  7  9  4  10  34  11  66  12  31  13  4  14  38  15  99  16  11  17  92  18  84  19  49
  0  42  1  22  2  6  3  83  4  67  5  89  6  28  7  30  8  88  9  82  10  12  11  52  12  92  13  60  14  32  15  13  16  16  17  78  18  12  19  12
  0  65  1  19  2  49  3  1  4  56  5  85  6  15  7  24  8  39  9  79  10  2  11  34  12  34  13  65  14  42  15  72  16  84  17  75  18  52  19  34
  0  1  1  41  2  52  3  35  4  62  5  26  6  57  7  61  8  94  9  13  10  67  11  71  12  31  13  63  14  91  15  73  16  42  17  45  18  65  19  5
  0  81  1  17  2  70  3  84  4  82  5  94  6  59  7  16  8  6  9  49  10  36  11  47  12  25  13  8  14  57  15  46  16  94  17  54  18  39  19  21
  0  40  1  65  2  5  3  1  4  70  5  7  6  91  7  63  8  82  9  90  10  7  11  63  12  44  13  70  14  7  15  15  16  37  17  8  18  31  19  12
  0  15  1  60  2  18  3  1  4  10  5  58  6  91  7  44  8  86  9  68  10  79  11  30  12  35  13  76  14  18  15  12  16  30  17  30  18  48  19  5
  0  29  1  16  2  2  3  52  4  64  5  68  6  46  7  40  8  59  9  40  10  23  11  37  12  75  13  73  14  7  15  79  16  60  17  57  18  64  19  20
  0  68  1  53  2  97  3  27  4  67  5  27  6  96  7  92  8  45  9  31  10  30  11  81  12  90  13  6  14  57  15  47  16  14  17  6  18  45  19  74
  0  16  1  66  2  1  3  43  4  37  5  67  6  82  7  17  8  40  9  59  10  32  11  87  12  3  13  60  14  36  15  56  16  33  17  36  18  28  19  10
  0  27  1  19  2  77  3  30  4  34  5  33  6  28  7  51  8  96  9  40  10  77  11  36  12  82  13  3  14  21  15  59  16  31  17  33  18  94  19  1
  0  70  1  6  2  95  3  89  4  84  5  6  6  53  7  59  8  36  9  64  10  90  11  5  12  75  13  18  14  99  15  37  16  85  17  60  18  12  19  94
  0  49  1  93  2  41  3  45  4  41  5  99  6  36  7  90  8  69  9  78  10  63  11  69  12  29  13  29  14  1  15  92  16  41  17  66  18  33  19  81
  0  89  1  8  2  62  3  95  4  69  5  67  6  78  7  43  8  27  9  38  10  51  11  34  12  42  13  50  14  52  15  21  16  84  17  51  18  97  19  19
  0  50  1  24  2  79  3  13  4  53  5  49  6  38  7  91  8  36  9  85  10  75  11  70  12  13  13  3  14  15  15  78  16  72  17  20  18  62  19  37
  0  98  1  7  2  37  3  52  4  77  5  62  6  48  7  86  8  10  9  88  10  48  11  2  12  52  13  4  14  3  15  71  16  38  17  77  18  46  19  9
  0  61  1  70  2  5  3  72  4  33  5  27  6  14  7  24  8  30  9  43  10  73  11  61  12  99  13  95  14  4  15  58  16  89  17  42  18  85  19  66
  0  25  1  81  2  27  3  75  4  39  5  67  6  65  7  39  8  35  9  11  10  7  11  91  12  44  13  92  14  61  15  38  16  86  17  94  18  22  19  80
  0  71  1  16  2  4  3  11  4  85  5  25  6  30  7  88  8  48  9  67  10  43  11  83  12  43  13  39  14  69  15  50  16  53  17  76  18  68  19  59
  0  54  1  39  2  45  3  14  4  44  5  85  6  9  7  18  8  16  9  59  10  96  11  74  12  8  13  33  14  14  15  30  16  71  17  99  18  41  19  7
  0  53  1  81  2  18  3  67  4  87  5  12  6  6  7  15  8  25  9  8  10  83  11  29  12  64  13  38  14  37  15  77  16  53  17  50  18  30  19  65
  0  72  1  14  2  90  3  5  4  33  5  5  6  35  7  16  8  28  9  18  10  7  11  2  12  39  13  90  14  27  15  46  16  87  17  84  18  60  19  34
  0  64  1  54  2  53  3  96  4  90  5  74  6  97  7  10  8  96  9  48  10  29  11  35  12  16  13  90  14  53  15  51  16  25  17  54  18  70  19  17
  0  84  1  64  2  44  3  87  4  71  5  63  6  11  7  48  8  81  9  86  10  55  11  49  12  63  13  19  14  88  15  59  16  16  17  4  18  92  19  64
  0  33  1  8  2  28  3  81  4  13  5  61  6  26  7  67  8  42  9  17  10  92  11  33  12  30  13  14  14  14  15  9  16  49  17  35  18  28  19  7
  0  14  1  82  2  7  3  77  4  1  5  21  6  73  7  69  8  82  9  68  10  29  11  22  12  52  13  20  14  72  15  63  16  36  17  36  18  48  19  83
  0  29  1  45  2  44  3  16  4  8  5  32  6  22  7  33  8  7  9  5  10  56  11  54  12  40  13  76  14  25  15  13  16  34  17  93  18  60  19  28
  0  89  1  4  2  61  3  90  4  78  5  40  6  26  7  38  8  69  9  63  10  54  11  10  12  10  13  4  14  38  15  68  16  23  17  68  18  19  19  56
  0  7  1  33  2  96  3  25  4  20  5  13  6  17  7  28  8  5  9  85  10  73  11  90  12  92  13  32  14  88  15  3  16  68  17  87  18  72  19  68
  0  4  1  33  2  73  3  28  4  92  5  71  6  58  7  45  8  35  9  68  10  3  11  1  12  48  13  48  14  67  15  57  16  23  17  74  18  84  19  68
  0  39  1  55  2  5  3  62  4  9  5  63  6  55  7  20  8  10  9  46  10  19  11  14  12  35  13  70  14  30  15  99  16  70  17  41  18  58  19  52
  0  63  1  60  2  17  3  15  4  61  5  40  6  10  7  86  8  25  9  83  10  26  11  58  12  44  13  80  14  19  15  98  16  9  17  98  18  52  19  28
  0  26  1  62  2  88  3  40  4  70  5  44  6  44  7  61  8  16  9  21  10  61  11  48  12  83  13  64  14  46  15  74  16  10  17  62  18  83  19  54
  0  13  1  1  2  32  3  99  4  10  5  49  6  50  7  10  8  24  9  28  10  14  11  41  12  71  13  49  14  27  15  12  16  24  17  58  18  31  19  29
  0  85  1  33  2  62  3  42  4  31  5  91  6  25  7  79  8  89  9  35  10  70  11  99  12  77  13  26  14  92  15  68  16  10  17  65  18  3  19  54
  0  42  1  30  2  21  3  98  4  34  5  81  6  2  7  95  8  16  9  58  10  2  11  90  12  20  13  11  14  26  15  94  16  97  17  38  18  32  19  60
  0  30  1  40  2  69  3  66  4  20  5  99  6  90  7  18  8  98  9  46  10  52  11  46  12  10  13  71  14  98  15  68  16  33  17  98  18  97  19  60
  0  76  1  28  2  61  3  15  4  40  5  6  6  87  7  19  8  32  9  91  10  89  11  70  12  92  13  24  14  4  15  98  16  48  17  98  18  4  19  79
  0  18  1  23  2  43  3  46  4  30  5  10  6  19  7  43  8  23  9  5  10  22  11  74  12  41  13  88  14  12  15  44  16  53  17  79  18  53  19  77
  0  44  1  29  2  67  3  91  4  72  5  98  6  15  7  42  8  77  9  40  10  6  11  60  12  86  13  42  14  91  15  71  16  65  17  90  18  97  19  41
  0  89  1  69  2  99  3  12  4  57  5  4  6  49  7  98  8  45  9  12  10  96  11  87  12  97  13  15  14  78  15  32  16  96  17  37  18  63  19  43
  0  32  1  81  2  67  3  42  4  11  5  62  6  82  7  86  8  34  9  49  10  96  11  11  12  52  13  22  14  80  15  43  16  74  17  73  18  65  19  76
  0  88  1  92  2  64  3  16  4  18  5  5  6  82  7  26  8  25  9  80  10  33  11  51  12  44  13  18  14  51  15  86  16  76  17  58  18  72  19  10
  0  15  1  8  2  24  3  23  4  61  5  59  6  30  7  44  8  56  9  38  10  48  11  49  12  35  13  28  14  73  15  80  16  83  17  40  18  85  19  35
  0  52  1  31  2  26  3  18  4  52  5  83  6  18  7  29  8  54  9  17  10  87  11  12  12  42  13  81  14  31  15  78  16  3  17  42  18  37  19  90
  0  68  1  75  2  78  3  67  4  23  5  38  6  10  7  53  8  35  9  55  10  36  11  47  12  3  13  55  14  64  15  92  16  4  17  51  18  23  19  82
  0  97  1  41  2  25  3  13  4  8  5  71  6  15  7  4  8  92  9  93  10  9  11  60  12  89  13  5  14  36  15  57  16  71  17  57  18  30  19  54
  0  69  1  71  2  31  3  75  4  35  5  84  6  91  7  30  8  54  9  35  10  16  11  38  12  42  13  45  14  51  15  85  16  64  17  69  18  20  19  49
  0  81  1  2  2  73  3  33  4  1  5  83  6  92  7  22  8  81  9  33  10  62  11  57  12  41  13  98  14  9  15  61  16  42  17  14  18  72  19  85
  0  66  1  84  2  44  3  59  4  6  5  60  6  4  7  54  8  20  9  54  10  33  11  95  12  53  13  21  14  81  15  88  16  96  17  7  18  17  19  41
  0  39  1  27  2  4  3  88  4  62  5  36  6  57  7  72  8  47  9  3  10  89  11  16  12  11  13  92  14  46  15  91  16  89  17  30  18  91  19  94
  0  40  1  95  2  89  3  48  4  23  5  64  6  99  7  11  8  74  9  10  10  72  11  69  12  11  13  15  14  21  15  23  16  4  17  74  18  7  19  3
  0  9  1  75  2  47  3  79  4  65  5  88  6  60  7  53  8  77  9  13  10  90  11  34  12  49  13  52  14  67  15  39  16  38  17  15  18  18  19  82
  0  42  1  67  2  19  3  41  4  48  5  88  6  54  7  90  8  92  9  89  10  34  11  72  12  15  13  18  14  69  15  34  16  16  17  40  18  18  19  40
  0  38  1  80  2  49  3  51  4  30  5  71  6  90  7  27  8  81  9  16  10  46  11  90  12  16  13  93  14  10  15  64  16  84  17  50  18  11  19  69
  0  15  1  50  2  61  3  28  4  89  5  82  6  2  7  43  8  58  9  56  10  45  11  25  12  19  13  20  14  87  15  77  16  22  17  89  18  30  19  96
  0  67  1  75  2  15  3  20  4  18  5  39  6  95  7  25  8  35  9  20  10  68  11  90  12  15  13  10  14  56  15  44  16  88  17  83  18  10  19  69
  0  92  1  82  2  65  3  56  4  54  5  30  6  93  7  93  8  22  9  32  10  98  11  61  12  42  13  67  14  73  15  61  16  78  17  96  18  20  19  86
  0  99  1  28  2  78  3  38  4  94  5  16  6  30  7  20  8  99  9  3  10  77  11  76  12  30  13  7  14  95  15  59  16  59  17  27  18  27  19  34
  0  85  1  13  2  58  3  59  4  85  5  27  6  92  7  4  8  37  9  96  10  25  11  85  12  59  13  22  14  58  15  45  16  12  17  2  18  42  19  83
  0  44  1  81  2  12  3  30  4  87  5  53  6  49  7  37  8  31  9  37  10  17  11  83  12  27  13  36  14  14  15  54  16  11  17  55  18  63  19  39
  0  40  1  9  2  44  3  40  4  79  5  63  6  97  7  99  8  84  9  89  10  94  11  86  12  76  13  29  14  37  15  98  16  90  17  86  18  34  19  68
  0  51  1  5  2  63  3  78  4  16  5  94  6  15  7  39  8  62  9  18  10  96  11  61  12  41  13  42  14  11  15  40  16  7  17  24  18  58  19  36
  0  88  1  91  2  35  3  10  4  83  5  16  6  2  7  51  8  71  9  9  10  53  11  8  12  84  13  85  14  36  15  8  16  81  17  70  18  60  19  31
  0  19  1  42  2  25  3  65  4  3  5  43  6  49  7  54  8  71  9  94  10  69  11  46  12  54  13  11  14  59  15  60  16  84  17  79  18  71  19  58
  0  71  1  63  2  7  3  86  4  75  5  50  6  75  7  12  8  12  9  33  10  88  11  75  12  92  13  22  14  97  15  46  16  94  17  98  18  81  19  29
  0  87  1  77  2  31  3  69  4  74  5  36  6  6  7  70  8  32  9  19  10  32  11  92  12  40  13  31  14  87  15  15  16  55  17  82  18  92  19  80
  0  50  1  44  2  88  3  44  4  26  5  14  6  89  7  4  8  94  9  36  10  24  11  84  12  50  13  88  14  15  15  97  16  96  17  47  18  58  19  99
  0  11  1  96  2  92  3  27  4  34  5  32  6  86  7  76  8  36  9  82  10  69  11  57  12  98  13  50  14  92  15  34  16  96  17  39  18  91  19  37
  0  88  1  19  2  89  3  21  4  38  5  59  6  62  7  75  8  27  9  13  10  47  11  34  12  40  13  43  14  80  15  37  16  16  17  26  18  87  19  33
  0  12  1  63  2  56  3  37  4  17  5  91  6  75  7  69  8  13  9  82  10  17  11  46  12  68  13  52  14  86  15  11  16  12  17  34  18  84  19  96
  0  30  1  89  2  47  3  86  4  70  5  49  6  42  7  99  8  60  9  12  10  70  11  23  12  61  13  50  14  75  15  66  16  25  17  94  18  62  19  2
  0  19  1  93  2  98  3  36  4  37  5  78  6  16  7  7  8  18  9  72  10  64  11  10  12  27  13  25  14  78  15  95  16  85  17  71  18  47  19  94
  0  45  1  27  2  11  3  60  4  45  5  85  6  18  7  42  8  96  9  74  10  21  11  8  12  87  13  84  14  89  15  9  16  2  17  79  18  76  19  37
  0  80  1  46  2  52  3  13  4  97  5  54  6  7  7  28  8  2  9  29  10  83  11  99  12  59  13  48  14  80  15  37  16  6  17  23  18  47  19  13
  0  65  1  37  2  63  3  92  4  29  5  34  6  64  7  71  8  80  9  77  10  61  11  5  12  12  13  42  14  71  15  56  16  78  17  3  18  43  19  76
  0  68  1  8  2  60  3  98  4  98  5  90  6  44  7  20  8  71  9  32  10  95  11  80  12  24  13  77  14  48  15  86  16  82  17  81  18  16  19  31
  0  96  1  31  2  59  3  92  4  4  5  63  6  15  7  40  8  66  9  82  10  44  11  58  12  67  13  55  14  7  15  74  16  66  17  9  18  63  19  54
  0  49  1  96  2  66  3  96  4  20  5  76  6  80  7  47  8  22  9  34  10  59  11  95  12  83  13  41  14  55  15  56  16  32  17  23  18  46  19  18
  0  14  1  98  2  12  3  21  4  15  5  82  6  71  7  11  8  73  9  97  10  95  11  60  12  33  13  13  14  32  15  66  16  62  17  9  18  10  19  57
  0  54  1  60  2  28  3  77  4  81  5  45  6  27  7  32  8  55  9  51  10  97  11  95  12  32  13  41  14  91  15  35  16  57  17  68  18  25  19  94
  0  39  1  89  2  92  3  36  4  95  5  91  6  36  7  44  8  14  9  36  10  30  11  28  12  18  13  93  14  78  15  88  16  37  17  21  18  51  19  29
  0  13  1  91  2  74  3  28  4  88  5  91  6  76  7  99  8  75  9  52  10  56  11  13  12  90  13  56  14  1  15  55  16  95  17  60  18  93  19  37
  0  97  1  7  2  80  3  95  4  85  5  32  6  85  7  41  8  8  9  84  10  95  11  35  12  31  13  1  14  49  15  24  16  11  17  20  18  5  19  39
  0  83  1  39  2  77  3  56  4  62  5  10  6  64  7  67  8  73  9  55  10  87  11  4  12  94  13  61  14  47  15  24  16  61  17  37  18  44  19  51
  0  57  1  92  2  27  3  15  4  15  5  50  6  67  7  42  8  82  9  86  10  58  11  7  12  27  13  96  14  19  15  16  16  96  17  98  18  20  19  2
  0  52  1  33  2  73  3  54  4  43  5  28  6  59  7  4  8  83  9  34  10  71  11  35  12  55  13  38  14  6  15  8  16  55  17  25  18  43  19  93
  0  47  1  37  2  65  3  80  4  85  5  58  6  30  7  82  8  44  9  13  10  1  11  60  12  38  13  58  14  76  15  50  16  38  17  26  18  94  19  50
  0  22  1  13  2  2  3  12  4  81  5  56  6  87  7  30  8  24  9  25  10  61  11  41  12  3  13  11  14  99  15  64  16  71  17  21  18  83  19  52
  0  62  1  80  2  36  3  24  4  19  5  15  6  89  7  6  8  35  9  60  10  73  11  8  12  80  13  27  14  91  15  2  16  24  17  19  18  23  19  77
  0  76  1  63  2  77  3  98  4  9  5  33  6  79  7  90  8  28  9  45  10  71  11  20  12  18  13  69  14  49  15  49  16  67  17  96  18  80  19  84
  0  44  1  27  2  62  3  45  4  94  5  95  6  20  7  25  8  77  9  38  10  59  11  18  12  50  13  69  14  17  15  31  16  79  17  20  18  69  19  17
  0  33  1  55  2  5  3  83  4  84  5  84  6  60  7  70  8  38  9  14  10  84  11  4  12  35  13  12  14  72  15  59  16  34  17  98  18  81  19  6
  0  43  1  64  2  39  3  99  4  66  5  82  6  76  7  56  8  88  9  74  10  79  11  28  12  96  13  41  14  16  15  40  16  44  17  73  18  82  19  96
  0  67  1  90  2  7  3  31  4  36  5  88  6  61  7  72  8  99  9  83  10  95  11  67  12  33  13  88  14  97  15  45  16  29  17  60  18  22  19  43
  0  67  1  90  2  63  3  34  4  63  5  55  6  57  7  91  8  84  9  18  10  26  11  14  12  75  13  64  14  24  15  85  16  31  17  19  18  31  19  35
  0  26  1  59  2  98  3  37  4  65  5  39  6  68  7  54  8  24  9  70  10  89  11  12  12  6  13  52  14  22  15  74  16  8  17  15  18  2  19  40
  0  5  1  44  2  96  3  86  4  65  5  86  6  84  7  39  8  64  9  56  10  30  11  22  12  81  13  2  14  49  15  43  16  65  17  83  18  79  19  3
  0  21  1  99  2  86  3  34  4  49  5  29  6  99  7  12  8  39  9  2  10  44  11  87  12  10  13  12  14  94  15  53  16  22  17  24  18  3  19  14
  0  35  1  41  2  50  3  36  4  64  5  47  6  26  7  13  8  68  9  30  10  53  11  45  12  72  13  43  14  89  15  34  16  3  17  81  18  87  19  37
  0  98  1  60  2  95  3  41  4  11  5  26  6  15  7  31  8  16  9  55  10  68  11  84  12  3  13  4  14  30  15  6  16  10  17  98  18  27  19  78
  0  14  1  23  2  9  3  10  4  12  5  15  6  46  7  85  8  29  9  61  10  22  11  69  12  61  13  99  14  91  15  6  16  30  17  24  18  49  19  12
  0  96  1  76  2  37  3  76  4  83  5  63  6  54  7  88  8  81  9  22  10  71  11  72  12  54  13  50  14  58  15  3  16  58  17  40  18  75  19  15
  0  48  1  7  2  83  3  51  4  33  5  92  6  84  7  89  8  94  9  87  10  83  11  66  12  98  13  93  14  38  15  67  16  51  17  28  18  51  19  64
  0  79  1  48  2  98  3  28  4  44  5  34  6  13  7  7  8  11  9  58  10  64  11  2  12  38  13  44  14  99  15  52  16  55  17  78  18  51  19  4
  0  42  1  36  2  99  3  38  4  40  5  30  6  69  7  84  8  38  9  95  10  94  11  44  12  34  13  72  14  68  15  81  16  50  17  38  18  76  19  80
  0  55  1  25  2  70  3  74  4  35  5  91  6  42  7  71  8  99  9  57  10  84  11  59  12  16  13  26  14  75  15  51  16  19  17  22  18  99  19  11
  0  35  1  52  2  5  3  62  4  11  5  51  6  60  7  69  8  45  9  66  10  47  11  61  12  55  13  8  14  25  15  15  16  33  17  54  18  27  19  32
  0  72  1  95  2  1  3  67  4  68  5  54  6  81  7  5  8  18  9  20  10  67  11  77  12  87  13  73  14  47  15  80  16  5  17  8  18  74  19  30
  0  10  1  58  2  22  3  59  4  61  5  88  6  25  7  56  8  82  9  28  10  18  11  83  12  12  13  22  14  34  15  44  16  58  17  58  18  86  19  73
  0  4  1  86  2  82  3  67  4  2  5  23  6  30  7  86  8  48  9  30  10  32  11  5  12  33  13  94  14  89  15  65  16  4  17  64  18  40  19  81
  0  93  1  95  2  23  3  2  4  89  5  30  6  42  7  6  8  53  9  12  10  54  11  11  12  24  13  2  14  24  15  16  16  42  17  56  18  10  19  97
  0  2  1  67  2  74  3  35  4  11  5  96  6  36  7  43  8  98  9  46  10  11  11  28  12  33  13  32  14  94  15  92  16  9  17  77  18  98  19  68
  0  30  1  29  2  41  3  44  4  9  5  58  6  42  7  10  8  28  9  14  10  87  11  53  12  61  13  34  14  60  15  63  16  47  17  22  18  42  19  36
  0  43  1  56  2  46  3  82  4  26  5  98  6  31  7  83  8  7  9  86  10  1  11  52  12  70  13  64  14  2  15  78  16  72  17  61  18  56  19  87
  0  39  1  30  2  10  3  22  4  55  5  10  6  73  7  35  8  54  9  67  10  84  11  62  12  17  13  36  14  27  15  83  16  55  17  46  18  76  19  32
  0  53  1  44  2  65  3  77  4  66  5  9  6  84  7  97  8  13  9  32  10  57  11  39  12  12  13  23  14  67  15  99  16  45  17  38  18  15  19  97
  0  53  1  72  2  35  3  16  4  83  5  36  6  5  7  23  8  60  9  15  10  21  11  22  12  50  13  97  14  30  15  66  16  15  17  94  18  34  19  58
  0  8  1  6  2  7  3  5  4  40  5  4  6  96  7  6  8  25  9  25  10  7  11  97  12  70  13  10  14  59  15  69  16  87  17  23  18  98  19  43
  0  42  1  35  2  96  3  61  4  34  5  62  6  51  7  43  8  25  9  91  10  89  11  95  12  20  13  31  14  34  15  79  16  77  17  70  18  80  19  89
  0  20  1  41  2  92  3  85  4  41  5  96  6  20  7  71  8  59  9  79  10  1  11  36  12  54  13  25  14  85  15  86  16  71  17  17  18  6  19  33
  0  9  1  9  2  85  3  21  4  93  5  69  6  42  7  6  8  34  9  13  10  46  11  26  12  91  13  22  14  33  15  13  16  10  17  85  18  75  19  46
  0  10  1  98  2  73  3  48  4  11  5  91  6  12  7  60  8  64  9  3  10  93  11  63  12  89  13  96  14  53  15  23  16  59  17  99  18  2  19  81
  0  76  1  7  2  66  3  14  4  30  5  66  6  12  7  31  8  26  9  70  10  77  11  95  12  32  13  89  14  47  15  76  16  85  17  32  18  45  19  73
  0  46  1  25  2  31  3  61  4  97  5  40  6  17  7  66  8  25  9  11  10  56  11  53  12  31  13  18  14  58  15  82  16  62  17  38  18  33  19  94
  0  50  1  83  2  73  3  96  4  5  5  75  6  25  7  69  8  7  9  31  10  3  11  39  12  84  13  55  14  57  15  58  16  70  17  67  18  97  19  92
  0  84  1  9  2  16  3  20  4  81  5  2  6  86  7  85  8  45  9  63  10  20  11  60  12  48  13  95  14  9  15  4  16  87  17  93  18  78  19  26
  0  62  1  64  2  44  3  2  4  76  5  28  6  32  7  85  8  53  9  44  10  12  11  18  12  16  13  13  14  65  15  32  16  69  17  4  18  58  19  3
  0  70  1  35  2  17  3  85  4  95  5  16  6  21  7  49  8  22  9  94  10  52  11  98  12  97  13  95  14  76  15  29  16  55  17  40  18  33  19  76
  0  99  1  75  2  70  3  38  4  76  5  56  6  57  7  93  8  92  9  55  10  29  11  42  12  61  13  8  14  87  15  29  16  73  17  95  18  43  19  40
  0  35  1  44  2  58  3  90  4  15  5  76  6  50  7  18  8  86  9  55  10  59  11  64  12  71  13  5  14  80  15  23  16  9  17  84  18  13  19  57
  0  10  1  79  2  96  3  38  4  73  5  99  6  17  7  50  8  72  9  23  10  7  11  60  12  34  13  21  14  79  15  55  16  75  17  50  18  63  19  88
  0  68  1  99  2  33  3  87  4  38  5  14  6  44  7  21  8  38  9  60  10  28  11  29  12  35  13  88  14  7  15  50  16  96  17  96  18  10  19  12
  0  90  1  24  2  35  3  70  4  11  5  18  6  70  7  1  8  98  9  47  10  58  11  91  12  29  13  63  14  92  15  83  16  75  17  26  18  57  19  56
  0  71  1  59  2  66  3  65  4  40  5  81  6  48  7  65  8  52  9  44  10  90  11  78  12  33  13  65  14  47  15  8  16  39  17  43  18  54  19  83
  0  60  1  87  2  22  3  1  4  35  5  1  6  97  7  90  8  68  9  3  10  15  11  28  12  98  13  69  14  61  15  75  16  56  17  49  18  57  19  96
  0  96  1  54  2  7  3  15  4  15  5  54  6  61  7  86  8  75  9  18  10  26  11  14  12  94  13  80  14  86  15  18  16  79  17  31  18  31  19  50
  0  10  1  42  2  3  3  15  4  94  5  94  6  18  7  19  8  72  9  69  10  14  11  84  12  16  13  4  14  23  15  87  16  56  17  33  18  84  19  97
  0  59  1  76  2  51  3  52  4  93  5  24  6  32  7  71  8  93  9  37  10  91  11  6  12  99  13  85  14  5  15  69  16  14  17  53  18  10  19  8
  0  33  1  11  2  44  3  96  4  31  5  31  6  25  7  64  8  87  9  87  10  26  11  7  12  13  13  70  14  63  15  10  16  8  17  5  18  80  19  17
  0  39  1  65  2  3  3  99  4  46  5  9  6  99  7  23  8  94  9  75  10  84  11  5  12  43  13  28  14  19  15  24  16  95  17  41  18  20  19  16
  0  45  1  39  2  84  3  58  4  43  5  61  6  69  7  53  8  45  9  98  10  1  11  35  12  10  13  27  14  5  15  79  16  65  17  32  18  61  19  80
  0  60  1  8  2  55  3  26  4  64  5  69  6  54  7  88  8  94  9  1  10  34  11  14  12  73  13  50  14  57  15  72  16  36  17  28  18  43  19  96
  0  70  1  73  2  8  3  35  4  34  5  95  6  59  7  91  8  81  9  9  10  59  11  28  12  14  13  10  14  9  15  36  16  15  17  68  18  13  19  35
  0  49  1  42  2  16  3  31  4  25  5  21  6  36  7  46  8  63  9  61  10  31  11  7  12  7  13  80  14  60  15  49  16  71  17  12  18  49  19  85
  0  25  1  37  2  57  3  24  4  44  5  54  6  2  7  54  8  73  9  48  10  1  11  36  12  9  13  61  14  31  15  42  16  61  17  91  18  9  19  51
  0  78  1  67  2  50  3  3  4  36  5  65  6  63  7  41  8  15  9  77  10  77  11  11  12  37  13  49  14  16  15  4  16  19  17  30  18  59  19  49
  0  74  1  24  2  71  3  92  4  58  5  19  6  68  7  22  8  50  9  42  10  57  11  38  12  18  13  66  14  86  15  56  16  97  17  59  18  66  19  96
  0  90  1  60  2  66  3  19  4  63  5  20  6  89  7  82  8  93  9  39  10  78  11  43  12  12  13  95  14  22  15  29  16  16  17  38  18  35  19  50
  0  68  1  89  2  59  3  34  4  1  5  92  6  96  7  86  8  87  9  85  10  65  11  30  12  57  13  91  14  59  15  64  16  58  17  61  18  29  19  49
  0  2  1  96  2  28  3  8  4  34  5  55  6  95  7  98  8  31  9  8  10  61  11  6  12  98  13  90  14  88  15  41  16  30  17  92  18  9  19  69
  0  61  1  52  2  1  3  83  4  8  5  66  6  20  7  3  8  87  9  25  10  79  11  70  12  63  13  33  14  42  15  68  16  52  17  83  18  80  19  80
  0  86  1  80  2  93  3  68  4  33  5  43  6  12  7  39  8  89  9  29  10  19  11  29  12  30  13  61  14  59  15  24  16  64  17  43  18  32  19  88
  0  19  1  2  2  82  3  87  4  78  5  91  6  31  7  98  8  30  9  48  10  10  11  80  12  98  13  71  14  2  15  21  16  71  17  80  18  94  19  83
  0  47  1  78  2  95  3  41  4  65  5  99  6  70  7  44  8  84  9  46  10  99  11  82  12  32  13  22  14  75  15  21  16  32  17  32  18  71  19  28
  0  94  1  9  2  63  3  30  4  17  5  61  6  74  7  48  8  21  9  77  10  94  11  8  12  54  13  30  14  77  15  35  16  94  17  47  18  12  19  66
  0  59  1  62  2  47  3  42  4  13  5  53  6  87  7  65  8  90  9  25  10  13  11  34  12  26  13  13  14  64  15  88  16  20  17  94  18  23  19  35
  0  97  1  48  2  67  3  20  4  43  5  88  6  73  7  89  8  3  9  69  10  6  11  36  12  12  13  43  14  19  15  31  16  55  17  4  18  48  19  95
  0  5  1  56  2  72  3  48  4  63  5  94  6  83  7  42  8  25  9  80  10  75  11  68  12  23  13  45  14  62  15  8  16  30  17  72  18  60  19  36
  0  36  1  22  2  20  3  28  4  95  5  5  6  80  7  10  8  62  9  22  10  78  11  58  12  6  13  28  14  40  15  51  16  7  17  82  18  35  19  1
  0  76  1  90  2  83  3  37  4  29  5  58  6  23  7  31  8  15  9  13  10  87  11  58  12  93  13  51  14  65  15  42  16  2  17  26  18  18  19  44
  0  42  1  92  2  96  3  80  4  10  5  53  6  73  7  78  8  10  9  89  10  79  11  4  12  56  13  61  14  17  15  31  16  53  17  20  18  91  19  30
  0  78  1  58  2  76  3  89  4  35  5  89  6  1  7  4  8  49  9  50  10  36  11  99  12  14  13  41  14  15  15  64  16  15  17  61  18  5  19  14
  0  85  1  19  2  22  3  17  4  75  5  94  6  67  7  43  8  44  9  98  10  3  11  20  12  86  13  67  14  15  15  16  16  78  17  61  18  28  19  68
  0  92  1  86  2  60  3  44  4  2  5  31  6  41  7  86  8  2  9  93  10  31  11  93  12  6  13  64  14  14  15  31  16  81  17  54  18  44  19  65
  0  53  1  4  2  86  3  93  4  84  5  15  6  63  7  75  8  98  9  78  10  97  11  15  12  19  13  6  14  39  15  46  16  39  17  65  18  80  19  5
  0  35  1  7  2  25  3  8  4  98  5  7  6  50  7  64  8  50  9  69  10  80  11  93  12  44  13  82  14  70  15  18  16  5  17  89  18  52  19  56
  0  28  1  43  2  3  3  50  4  49  5  43  6  37  7  77  8  66  9  88  10  31  11  50  12  60  13  72  14  25  15  94  16  52  17  18  18  73  19  62
  0  93  1  33  2  27  3  24  4  86  5  23  6  76  7  39  8  58  9  94  10  82  11  99  12  56  13  43  14  81  15  6  16  34  17  99  18  41  19  10
  0  34  1  79  2  85  3  30  4  8  5  74  6  43  7  46  8  10  9  56  10  70  11  94  12  56  13  2  14  57  15  54  16  58  17  48  18  20  19  77
  0  43  1  46  2  24  3  97  4  34  5  60  6  20  7  43  8  58  9  38  10  60  11  17  12  96  13  59  14  36  15  31  16  89  17  11  18  59  19  5
  0  73  1  71  2  72  3  60  4  14  5  95  6  62  7  84  8  44  9  26  10  13  11  33  12  36  13  75  14  19  15  94  16  65  17  61  18  46  19  47
  0  42  1  87  2  21  3  73  4  20  5  88  6  65  7  14  8  99  9  95  10  26  11  65  12  4  13  2  14  57  15  83  16  77  17  2  18  56  19  16
  0  38  1  58  2  64  3  80  4  99  5  26  6  78  7  84  8  15  9  6  10  36  11  31  12  36  13  40  14  71  15  58  16  75  17  64  18  55  19  16
  0  18  1  56  2  64  3  74  4  19  5  73  6  47  7  16  8  87  9  67  10  70  11  51  12  41  13  90  14  76  15  69  16  77  17  58  18  84  19  15
  0  5  1  38  2  10  3  33  4  22  5  51  6  78  7  48  8  44  9  25  10  79  11  52  12  4  13  31  14  67  15  30  16  94  17  4  18  12  19  34
  0  20  1  8  2  59  3  93  4  62  5  2  6  46  7  29  8  96  9  44  10  89  11  84  12  15  13  95  14  33  15  21  16  19  17  42  18  33  19  23
  0  12  1  46  2  10  3  15  4  99  5  77  6  95  7  79  8  63  9  97  10  62  11  42  12  83  13  97  14  96  15  50  16  17  17  16  18  68  19  64
  0  67  1  71  2  16  3  43  4  81  5  2  6  17  7  85  8  74  9  95  10  42  11  65  12  76  13  45  14  11  15  70  16  34  17  63  18  83  19  25
  0  18  1  48  2  58  3  70  4  17  5  79  6  75  7  28  8  32  9  91  10  31  11  55  12  83  13  40  14  56  15  91  16  1  17  70  18  17  19  45
  0  70  1  61  2  35  3  59  4  40  5  75  6  46  7  63  8  15  9  72  10  33  11  19  12  7  13  39  14  4  15  77  16  95  17  59  18  11  19  36
  0  38  1  28  2  19  3  59  4  18  5  66  6  74  7  84  8  26  9  5  10  36  11  48  12  24  13  50  14  62  15  87  16  14  17  32  18  71  19  16
  0  35  1  1  2  18  3  64  4  36  5  43  6  48  7  46  8  26  9  6  10  37  11  84  12  76  13  65  14  10  15  12  16  31  17  78  18  3  19  25
  0  67  1  96  2  20  3  63  4  80  5  40  6  92  7  37  8  18  9  47  10  39  11  24  12  67  13  61  14  81  15  18  16  71  17  22  18  86  19  86
  0  46  1  52  2  10  3  86  4  93  5  79  6  80  7  22  8  63  9  20  10  45  11  70  12  93  13  28  14  61  15  91  16  23  17  71  18  17  19  96
  0  79  1  91  2  94  3  62  4  71  5  77  6  37  7  85  8  36  9  25  10  56  11  36  12  28  13  96  14  4  15  54  16  46  17  86  18  98  19  78
  0  39  1  49  2  76  3  28  4  32  5  67  6  97  7  56  8  62  9  47  10  44  11  55  12  31  13  78  14  83  15  81  16  85  17  89  18  70  19  26
  0  10  1  93  2  46  3  58  4  77  5  1  6  14  7  4  8  98  9  43  10  32  11  45  12  65  13  36  14  40  15  57  16  65  17  74  18  13  19  11
  0  46  1  38  2  7  3  4  4  17  5  57  6  41  7  8  8  35  9  51  10  35  11  50  12  30  13  54  14  83  15  43  16  32  17  89  18  57  19  52
  0  22  1  43  2  39  3  61  4  30  5  67  6  51  7  69  8  38  9  96  10  33  11  33  12  54  13  76  14  55  15  34  16  86  17  16  18  2  19  46
  0  25  1  29  2  55  3  19  4  94  5  26  6  46  7  7  8  61  9  53  10  68  11  17  12  93  13  21  14  75  15  45  16  8  17  41  18  95  19  27
  0  48  1  72  2  33  3  28  4  96  5  57  6  60  7  41  8  99  9  83  10  93  11  76  12  44  13  6  14  27  15  45  16  55  17  15  18  54  19  92
  0  69  1  46  2  6  3  18  4  4  5  49  6  94  7  88  8  52  9  71  10  27  11  42  12  53  13  27  14  32  15  26  16  20  17  43  18  14  19  21
  0  20  1  28  2  42  3  55  4  64  5  76  6  16  7  95  8  26  9  17  10  74  11  70  12  91  13  84  14  44  15  77  16  44  17  39  18  42  19  63
  0  2  1  87  2  72  3  83  4  70  5  75  6  92  7  85  8  99  9  59  10  28  11  69  12  23  13  54  14  64  15  16  16  39  17  50  18  57  19  84
  0  73  1  18  2  19  3  36  4  97  5  52  6  82  7  19  8  20  9  42  10  58  11  16  12  77  13  28  14  27  15  66  16  72  17  24  18  25  19  91
  0  47  1  92  2  34  3  86  4  88  5  10  6  75  7  68  8  7  9  50  10  57  11  81  12  27  13  89  14  44  15  14  16  87  17  93  18  37  19  65
  0  40  1  48  2  82  3  68  4  82  5  51  6  57  7  59  8  89  9  64  10  84  11  55  12  6  13  97  14  86  15  72  16  8  17  76  18  85  19  98
  0  87  1  17  2  92  3  5  4  71  5  96  6  52  7  51  8  98  9  20  10  45  11  44  12  23  13  85  14  46  15  22  16  4  17  26  18  99  19  83
  0  13  1  79  2  70  3  14  4  50  5  91  6  57  7  30  8  77  9  79  10  99  11  71  12  82  13  98  14  10  15  26  16  50  17  90  18  92  19  25
  0  95  1  5  2  66  3  83  4  95  5  23  6  76  7  51  8  11  9  36  10  61  11  11  12  86  13  41  14  28  15  32  16  90  17  55  18  39  19  60
  0  2  1  81  2  19  3  25  4  79  5  64  6  25  7  67  8  62  9  13  10  56  11  38  12  80  13  85  14  78  15  11  16  91  17  67  18  97  19  11
  0  55  1  80  2  19  3  64  4  17  5  10  6  48  7  99  8  68  9  33  10  46  11  70  12  94  13  82  14  37  15  75  16  46  17  92  18  27  19  5
  0  67  1  93  2  82  3  19  4  84  5  66  6  79  7  58  8  52  9  64  10  28  11  29  12  72  13  69  14  21  15  19  16  66  17  35  18  67  19  36
  0  56  1  35  2  12  3  66  4  76  5  25  6  47  7  17  8  34  9  77  10  73  11  62  12  81  13  52  14  55  15  24  16  74  17  12  18  88  19  57
  0  27  1  1  2  80  3  14  4  79  5  30  6  83  7  2  8  54  9  56  10  65  11  83  12  63  13  35  14  90  15  56  16  75  17  88  18  35  19  18
  0  76  1  27  2  91  3  17  4  78  5  95  6  3  7  35  8  49  9  52  10  46  11  43  12  73  13  98  14  64  15  45  16  77  17  2  18  96  19  89
  0  60  1  99  2  71  3  13  4  29  5  69  6  56  7  50  8  27  9  91  10  81  11  23  12  90  13  63  14  79  15  98  16  91  17  22  18  98  19  60
  0  39  1  83  2  10  3  51  4  57  5  23  6  83  7  83  8  49  9  40  10  17  11  14  12  18  13  84  14  54  15  21  16  26  17  39  18  5  19  58
  0  76  1  91  2  65  3  56  4  76  5  24  6  6  7  88  8  9  9  19  10  64  11  35  12  10  13  63  14  61  15  17  16  51  17  76  18  39  19  65
  0  61  1  13  2  74  3  54  4  23  5  15  6  34  7  32  8  59  9  12  10  49  11  95  12  75  13  85  14  56  15  17  16  17  17  56  18  10  19  17
  0  79  1  60  2  63  3  23  4  56  5  14  6  1  7  80  8  36  9  99  10  25  11  2  12  62  13  1  14  68  15  45  16  26  17  86  18  71  19  95
  0  67  1  16  2  28  3  74  4  83  5  11  6  24  7  79  8  77  9  28  10  1  11  68  12  8  13  11  14  7  15  10  16  11  17  23  18  47  19  82
  0  1  1  72  2  31  3  81  4  83  5  2  6  67  7  69  8  36  9  82  10  74  11  88  12  23  13  44  14  93  15  12  16  68  17  41  18  31  19  96
  0  6  1  15  2  58  3  77  4  57  5  25  6  49  7  13  8  34  9  39  10  42  11  63  12  40  13  17  14  43  15  71  16  41  17  27  18  11  19  63
  0  21  1  78  2  96  3  15  4  29  5  56  6  24  7  26  8  5  9  90  10  35  11  97  12  32  13  11  14  32  15  31  16  50  17  45  18  91  19  73
  0  22  1  78  2  48  3  67  4  60  5  88  6  43  7  12  8  31  9  98  10  10  11  15  12  6  13  34  14  37  15  5  16  22  17  71  18  16  19  34
  0  76  1  14  2  90  3  86  4  71  5  22  6  41  7  68  8  63  9  3  10  80  11  58  12  3  13  20  14  44  15  39  16  71  17  87  18  7  19  22
  0  35  1  57  2  44  3  62  4  72  5  2  6  38  7  13  8  71  9  77  10  84  11  59  12  74  13  2  14  45  15  45  16  20  17  69  18  78  19  78
  0  34  1  18  2  8  3  63  4  38  5  7  6  35  7  26  8  95  9  50  10  5  11  97  12  14  13  54  14  64  15  97  16  62  17  21  18  89  19  23
  0  81  1  24  2  66  3  22  4  96  5  85  6  44  7  33  8  57  9  86  10  3  11  2  12  57  13  2  14  9  15  10  16  21  17  44  18  40  19  73
  0  59  1  52  2  4  3  10  4  16  5  57  6  90  7  62  8  73  9  22  10  27  11  45  12  85  13  25  14  21  15  46  16  51  17  36  18  26  19  84
  0  46  1  23  2  45  3  33  4  85  5  53  6  66  7  45  8  79  9  5  10  3  11  34  12  97  13  8  14  68  15  6  16  67  17  47  18  16  19  49
  0  61  1  23  2  28  3  15  4  53  5  57  6  24  7  58  8  51  9  63  10  26  11  11  12  30  13  42  14  8  15  16  16  28  17  59  18  9  19  44
  0  71  1  23  2  86  3  57  4  55  5  72  6  53  7  13  8  81  9  17  10  1  11  5  12  41  13  31  14  19  15  95  16  83  17  64  18  74  19  83
  0  19  1  16  2  74  3  99  4  38  5  19  6  63  7  46  8  53  9  96  10  7  11  7  12  90  13  98  14  73  15  96  16  81  17  37  18  12  19  30
  0  52  1  77  2  76  3  25  4  83  5  44  6  70  7  76  8  13  9  51  10  90  11  52  12  84  13  80  14  97  15  18  16  81  17  46  18  51  19  72
  0  86  1  33  2  80  3  61  4  61  5  93  6  68  7  6  8  36  9  36  10  93  11  36  12  56  13  51  14  46  15  59  16  19  17  46  18  96  19  72
  0  6  1  88  2  9  3  93  4  85  5  83  6  14  7  4  8  51  9  28  10  86  11  92  12  12  13  23  14  91  15  62  16  41  17  35  18  92  19  40
  0  86  1  39  2  40  3  85  4  53  5  73  6  82  7  7  8  35  9  12  10  60  11  26  12  61  13  11  14  90  15  40  16  68  17  91  18  41  19  77
  0  27  1  83  2  50  3  58  4  70  5  10  6  49  7  90  8  22  9  16  10  91  11  58  12  7  13  56  14  91  15  9  16  86  17  97  18  28  19  20
  0  76  1  7  2  67  3  8  4  13  5  17  6  14  7  23  8  86  9  10  10  90  11  32  12  65  13  46  14  95  15  72  16  61  17  28  18  8  19  51
  0  27  1  90  2  29  3  19  4  78  5  38  6  81  7  15  8  81  9  88  10  94  11  1  12  46  13  82  14  67  15  11  16  25  17  68  18  78  19  79
  0  1  1  80  2  68  3  38  4  9  5  62  6  46  7  87  8  41  9  99  10  66  11  80  12  12  13  78  14  90  15  82  16  92  17  72  18  39  19  86
  0  46  1  24  2  67  3  5  4  6  5  80  6  60  7  58  8  95  9  91  10  4  11  44  12  80  13  88  14  77  15  44  16  82  17  93  18  94  19  10
  0  25  1  36  2  68  3  37  4  66  5  62  6  80  7  11  8  47  9  86  10  88  11  85  12  71  13  98  14  99  15  37  16  73  17  32  18  86  19  99
  0  55  1  77  2  30  3  54  4  2  5  54  6  14  7  73  8  94  9  16  10  7  11  95  12  85  13  37  14  6  15  9  16  12  17  91  18  24  19  67
  0  48  1  47  2  50  3  48  4  33  5  19  6  15  7  57  8  26  9  58  10  34  11  9  12  67  13  79  14  17  15  51  16  50  17  39  18  70  19  26
  0  34  1  18  2  15  3  54  4  54  5  92  6  12  7  9  8  5  9  76  10  66  11  18  12  8  13  59  14  39  15  89  16  85  17  6  18  8  19  73
  0  96  1  66  2  35  3  87  4  28  5  19  6  47  7  75  8  19  9  43  10  35  11  80  12  75  13  3  14  25  15  46  16  17  17  81  18  68  19  77
  0  31  1  92  2  73  3  29  4  49  5  68  6  67  7  98  8  69  9  95  10  44  11  47  12  79  13  56  14  68  15  65  16  66  17  75  18  19  19  69
  0  6  1  6  2  92  3  90  4  73  5  87  6  11  7  82  8  22  9  71  10  1  11  81  12  12  13  79  14  32  15  69  16  1  17  57  18  38  19  44
  0  7  1  38  2  57  3  89  4  23  5  14  6  57  7  95  8  44  9  97  10  56  11  76  12  22  13  5  14  20  15  84  16  67  17  6  18  18  19  27
  0  71  1  19  2  79  3  13  4  1  5  43  6  48  7  8  8  99  9  49  10  55  11  67  12  4  13  95  14  52  15  66  16  35  17  16  18  71  19  61
  0  56  1  95  2  98  3  43  4  80  5  58  6  90  7  71  8  79  9  2  10  62  11  92  12  28  13  70  14  22  15  91  16  83  17  48  18  49  19  17
  0  90  1  6  2  14  3  90  4  47  5  47  6  7  7  92  8  81  9  28  10  24  11  69  12  30  13  45  14  10  15  16  16  8  17  22  18  75  19  33
  0  14  1  35  2  28  3  48  4  11  5  59  6  89  7  65  8  78  9  29  10  81  11  69  12  27  13  28  14  6  15  9  16  9  17  83  18  65  19  35
  0  85  1  4  2  74  3  54  4  25  5  83  6  70  7  45  8  34  9  90  10  37  11  30  12  56  13  78  14  73  15  11  16  97  17  11  18  89  19  6
  0  38  1  80  2  12  3  40  4  68  5  56  6  19  7  96  8  42  9  11  10  44  11  13  12  29  13  87  14  27  15  77  16  35  17  16  18  84  19  79
  0  98  1  99  2  37  3  98  4  79  5  22  6  24  7  50  8  22  9  38  10  74  11  12  12  47  13  62  14  30  15  5  16  83  17  68  18  35  19  3
  0  82  1  49  2  30  3  96  4  49  5  11  6  33  7  27  8  86  9  8  10  73  11  71  12  48  13  23  14  29  15  52  16  34  17  66  18  75  19  86
  0  79  1  42  2  41  3  11  4  22  5  99  6  42  7  41  8  49  9  83  10  32  11  54  12  51  13  31  14  80  15  8  16  45  17  96  18  86  19  17
  0  38  1  90  2  82  3  74  4  40  5  72  6  64  7  80  8  57  9  27  10  96  11  93  12  18  13  14  14  33  15  54  16  13  17  80  18  78  19  28
  0  47  1  58  2  82  3  54  4  49  5  6  6  22  7  19  8  70  9  53  10  30  11  87  12  80  13  59  14  73  15  44  16  35  17  99  18  88  19  49
  0  66  1  34  2  23  3  94  4  48  5  35  6  38  7  22  8  4  9  56  10  85  11  48  12  71  13  88  14  56  15  81  16  60  17  35  18  52  19  56
  0  37  1  83  2  47  3  6  4  39  5  74  6  30  7  37  8  4  9  95  10  43  11  2  12  63  13  32  14  63  15  65  16  35  17  73  18  90  19  19
  0  9  1  43  2  34  3  81  4  21  5  10  6  16  7  91  8  54  9  94  10  38  11  96  12  17  13  73  14  70  15  67  16  69  17  58  18  57  19  11
  0  25  1  89  2  63  3  56  4  32  5  79  6  95  7  34  8  4  9  87  10  69  11  78  12  77  13  23  14  12  15  14  16  2  17  97  18  20  19  19
  0  80  1  75  2  19  3  67  4  35  5  2  6  76  7  91  8  62  9  97  10  79  11  26  12  85  13  51  14  81  15  11  16  39  17  47  18  68  19  79
  0  35  1  25  2  98  3  57  4  91  5  39  6  30  7  29  8  31  9  63  10  25  11  70  12  72  13  80  14  4  15  48  16  80  17  36  18  86  19  26
  0  42  1  46  2  41  3  43  4  79  5  87  6  25  7  35  8  36  9  22  10  99  11  32  12  70  13  23  14  48  15  43  16  65  17  1  18  17  19  16
  0  31  1  60  2  78  3  34  4  46  5  28  6  69  7  69  8  95  9  31  10  69  11  44  12  61  13  17  14  7  15  25  16  9  17  46  18  16  19  80
  0  53  1  5  2  78  3  72  4  6  5  6  6  33  7  46  8  45  9  79  10  24  11  63  12  31  13  79  14  26  15  70  16  2  17  52  18  65  19  16
  0  81  1  33  2  36  3  45  4  12  5  90  6  63  7  37  8  81  9  13  10  70  11  71  12  7  13  9  14  63  15  36  16  97  17  88  18  12  19  6
  0  11  1  12  2  22  3  59  4  72  5  53  6  8  7  19  8  19  9  97  10  13  11  21  12  97  13  75  14  45  15  57  16  12  17  11  18  16  19  44
  0  17  1  13  2  4  3  10  4  94  5  63  6  84  7  7  8  58  9  74  10  91  11  86  12  74  13  99  14  1  15  97  16  99  17  49  18  59  19  94
  0  63  1  25  2  99  3  70  4  61  5  81  6  98  7  32  8  17  9  85  10  89  11  14  12  40  13  10  14  23  15  74  16  98  17  11  18  42  19  22
  0  60  1  56  2  23  3  79  4  83  5  7  6  71  7  70  8  67  9  76  10  12  11  90  12  83  13  9  14  85  15  2  16  48  17  63  18  47  19  51
  0  14  1  85  2  31  3  17  4  83  5  8  6  31  7  22  8  82  9  7  10  7  11  69  12  31  13  16  14  2  15  5  16  14  17  62  18  66  19  73
  0  37  1  82  2  91  3  75  4  8  5  38  6  3  7  4  8  89  9  22  10  82  11  21  12  22  13  48  14  8  15  22  16  88  17  48  18  28  19  82
  0  91  1  23  2  17  3  89  4  57  5  24  6  69  7  5  8  78  9  59  10  37  11  2  12  80  13  56  14  20  15  92  16  50  17  16  18  50  19  18
  0  77  1  47  2  44  3  73  4  93  5  71  6  6  7  3  8  5  9  13  10  8  11  65  12  56  13  44  14  85  15  74  16  83  17  41  18  13  19  52
  0  20  1  54  2  55  3  56  4  73  5  21  6  14  7  64  8  6  9  57  10  99  11  36  12  60  13  20  14  18  15  68  16  15  17  21  18  33  19  32
  0  86  1  22  2  59  3  54  4  88  5  67  6  91  7  64  8  13  9  15  10  63  11  44  12  15  13  68  14  14  15  33  16  2  17  42  18  84  19  89
  0  54  1  94  2  92  3  1  4  42  5  8  6  32  7  91  8  3  9  24  10  17  11  86  12  1  13  35  14  67  15  13  16  84  17  8  18  88  19  57
  0  6  1  83  2  99  3  6  4  74  5  86  6  25  7  36  8  59  9  25  10  41  11  43  12  57  13  71  14  39  15  10  16  89  17  68  18  61  19  56
  0  10  1  72  2  5  3  41  4  18  5  51  6  14  7  77  8  20  9  89  10  96  11  96  12  78  13  75  14  44  15  87  16  39  17  58  18  22  19  66
  0  47  1  12  2  85  3  75  4  57  5  48  6  23  7  8  8  22  9  48  10  28  11  3  12  18  13  23  14  65  15  76  16  19  17  7  18  71  19  63
  0  57  1  56  2  9  3  80  4  7  5  6  6  64  7  66  8  85  9  95  10  59  11  29  12  74  13  84  14  16  15  16  16  83  17  95  18  94  19  93
  0  21  1  83  2  95  3  94  4  44  5  95  6  86  7  71  8  91  9  79  10  13  11  61  12  40  13  61  14  87  15  59  16  26  17  79  18  73  19  47
  0  21  1  77  2  9  3  30  4  56  5  64  6  25  7  67  8  44  9  3  10  78  11  18  12  24  13  97  14  76  15  26  16  38  17  74  18  78  19  8
  0  31  1  84  2  3  3  39  4  92  5  73  6  64  7  33  8  26  9  90  10  30  11  61  12  85  13  44  14  65  15  76  16  19  17  12  18  2  19  12
  0  33  1  69  2  65  3  82  4  25  5  5  6  26  7  15  8  82  9  8  10  69  11  69  12  40  13  77  14  4  15  42  16  27  17  76  18  43  19  53
  0  56  1  23  2  39  3  64  4  53  5  1  6  43  7  76  8  94  9  26  10  31  11  6  12  25  13  12  14  20  15  39  16  77  17  9  18  46  19  7
  0  91  1  9  2  9  3  40  4  32  5  51  6  71  7  90  8  32  9  68  10  96  11  26  12  25  13  49  14  48  15  41  16  31  17  17  18  76  19  42
  0  23  1  45  2  91  3  85  4  78  5  58  6  74  7  93  8  91  9  1  10  84  11  73  12  13  13  53  14  66  15  6  16  24  17  38  18  59  19  81
  0  84  1  58  2  69  3  5  4  94  5  30  6  54  7  2  8  57  9  27  10  21  11  84  12  51  13  47  14  58  15  59  16  35  17  52  18  33  19  2
  0  38  1  61  2  33  3  15  4  28  5  80  6  32  7  56  8  44  9  12  10  13  11  88  12  42  13  73  14  74  15  96  16  89  17  17  18  94  19  83
  0  5  1  28  2  51  3  18  4  37  5  48  6  1  7  17  8  19  9  51  10  70  11  70  12  42  13  61  14  28  15  55  16  49  17  97  18  16  19  79
  0  27  1  82  2  75  3  64  4  44  5  52  6  95  7  61  8  89  9  48  10  56  11  49  12  77  13  80  14  63  15  57  16  43  17  4  18  84  19  20
  0  35  1  26  2  31  3  61  4  88  5  59  6  54  7  47  8  24  9  71  10  50  11  66  12  14  13  99  14  85  15  34  16  14  17  48  18  88  19  9
  0  32  1  52  2  68  3  88  4  14  5  12  6  72  7  19  8  40  9  8  10  70  11  10  12  75  13  63  14  28  15  83  16  18  17  3  18  38  19  67
  0  31  1  35  2  84  3  11  4  57  5  53  6  76  7  2  8  58  9  29  10  76  11  99  12  15  13  48  14  8  15  20  16  84  17  11  18  16  19  21
  0  9  1  95  2  13  3  4  4  11  5  61  6  47  7  99  8  32  9  30  10  54  11  22  12  80  13  85  14  90  15  5  16  13  17  71  18  75  19  48
  0  65  1  75  2  57  3  48  4  90  5  42  6  95  7  84  8  91  9  31  10  49  11  85  12  34  13  39  14  65  15  94  16  97  17  34  18  45  19  25
  0  88  1  67  2  20  3  42  4  20  5  83  6  60  7  46  8  48  9  22  10  8  11  29  12  6  13  84  14  93  15  19  16  71  17  29  18  97  19  52
  0  71  1  90  2  49  3  31  4  14  5  50  6  72  7  53  8  73  9  9  10  45  11  24  12  2  13  30  14  2  15  85  16  24  17  53  18  6  19  31
  0  37  1  10  2  91  3  79  4  36  5  64  6  23  7  28  8  26  9  94  10  26  11  20  12  93  13  71  14  13  15  82  16  48  17  79  18  77  19  26
  0  58  1  28  2  45  3  14  4  46  5  21  6  7  7  37  8  5  9  85  10  58  11  58  12  60  13  80  14  42  15  9  16  92  17  39  18  50  19  44
  0  83  1  14  2  38  3  11  4  59  5  20  6  57  7  64  8  48  9  17  10  17  11  36  12  56  13  46  14  11  15  63  16  52  17  35  18  91  19  8
  0  6  1  31  2  71  3  29  4  8  5  20  6  69  7  3  8  95  9  47  10  53  11  86  12  27  13  47  14  36  15  74  16  4  17  46  18  22  19  2
  0  32  1  91  2  23  3  83  4  54  5  35  6  77  7  93  8  9  9  54  10  55  11  35  12  1  13  9  14  17  15  44  16  76  17  50  18  77  19  25
  0  47  1  40  2  77  3  26  4  99  5  48  6  66  7  85  8  93  9  24  10  63  11  24  12  27  13  71  14  24  15  44  16  22  17  76  18  54  19  75
  0  64  1  51  2  42  3  83  4  1  5  98  6  89  7  8  8  71  9  35  10  66  11  16  12  33  13  83  14  40  15  84  16  3  17  58  18  24  19  47
  0  29  1  90  2  60  3  58  4  66  5  64  6  42  7  70  8  10  9  70  10  17  11  33  12  21  13  84  14  45  15  44  16  45  17  47  18  2  19  25
  0  6  1  74  2  34  3  89  4  23  5  58  6  29  7  37  8  95  9  7  10  46  11  89  12  43  13  50  14  12  15  38  16  91  17  15  18  96  19  93
  0  54  1  27  2  12  3  41  4  43  5  6  6  98  7  34  8  10  9  61  10  86  11  2  12  99  13  11  14  69  15  41  16  66  17  57  18  3  19  10
  0  92  1  13  2  17  3  66  4  1  5  67  6  36  7  92  8  52  9  10  10  1  11  19  12  71  13  73  14  59  15  26  16  50  17  52  18  83  19  97
  0  2  1  17  2  1  3  47  4  82  5  24  6  60  7  38  8  98  9  88  10  86  11  80  12  70  13  85  14  65  15  61  16  3  17  72  18  72  19  59
  0  6  1  73  2  63  3  28  4  64  5  49  6  46  7  66  8  21  9  53  10  28  11  4  12  61  13  50  14  16  15  70  16  88  17  31  18  87  19  27
  0  37  1  75  2  81  3  75  4  58  5  22  6  64  7  82  8  77  9  61  10  81  11  70  12  17  13  67  14  90  15  80  16  14  17  9  18  31  19  90
  0  90  1  25  2  4  3  51  4  60  5  62  6  29  7  83  8  64  9  91  10  29  11  31  12  80  13  53  14  54  15  78  16  48  17  8  18  35  19  65
  0  91  1  91  2  42  3  65  4  60  5  96  6  79  7  13  8  87  9  20  10  43  11  81  12  52  13  72  14  27  15  63  16  4  17  19  18  53  19  98
  0  60  1  2  2  55  3  48  4  12  5  72  6  44  7  19  8  85  9  20  10  42  11  71  12  41  13  86  14  55  15  82  16  15  17  1  18  26  19  37
  0  34  1  66  2  79  3  71  4  58  5  91  6  60  7  89  8  32  9  50  10  26  11  30  12  36  13  97  14  36  15  55  16  96  17  97  18  61  19  81
  0  78  1  21  2  94  3  89  4  56  5  31  6  41  7  61  8  69  9  60  10  21  11  42  12  84  13  43  14  12  15  44  16  19  17  67  18  12  19  8
  0  15  1  50  2  1  3  94  4  60  5  55  6  32  7  3  8  83  9  7  10  84  11  2  12  88  13  66  14  49  15  36  16  98  17  77  18  41  19  43
  0  22  1  95  2  49  3  92  4  54  5  61  6  79  7  37  8  98  9  71  10  35  11  20  12  57  13  74  14  55  15  9  16  7  17  87  18  4  19  20
  0  2  1  92  2  64  3  66  4  36  5  97  6  7  7  50  8  65  9  39  10  15  11  72  12  74  13  66  14  92  15  31  16  40  17  44  18  91  19  35
  0  25  1  66  2  29  3  56  4  95  5  47  6  85  7  92  8  60  9  47  10  3  11  13  12  66  13  61  14  19  15  12  16  2  17  47  18  13  19  2
  0  83  1  96  2  45  3  93  4  41  5  68  6  27  7  76  8  24  9  32  10  29  11  79  12  79  13  4  14  36  15  74  16  98  17  53  18  8  19  66
  0  10  1  28  2  79  3  62  4  73  5  34  6  41  7  30  8  21  9  36  10  58  11  84  12  14  13  91  14  34  15  54  16  40  17  39  18  23  19  23
  0  66  1  77  2  41  3  60  4  3  5  24  6  45  7  56  8  70  9  41  10  58  11  52  12  56  13  61  14  77  15  27  16  4  17  46  18  90  19  61
  0  88  1  72  2  81  3  21  4  51  5  31  6  3  7  1  8  1  9  54  10  48  11  43  12  15  13  45  14  51  15  19  16  93  17  55  18  92  19  11
  0  46  1  27  2  96  3  74  4  5  5  16  6  36  7  42  8  18  9  44  10  98  11  99  12  57  13  57  14  63  15  57  16  22  17  85  18  94  19  82
  0  56  1  29  2  64  3  84  4  96  5  18  6  48  7  50  8  8  9  18  10  56  11  75  12  92  13  88  14  97  15  58  16  70  17  3  18  90  19  19
  0  62  1  92  2  67  3  88  4  36  5  77  6  32  7  68  8  85  9  91  10  71  11  52  12  52  13  18  14  29  15  72  16  25  17  89  18  95  19  98
  0  59  1  18  2  63  3  13  4  12  5  66  6  61  7  30  8  74  9  70  10  70  11  46  12  63  13  67  14  66  15  24  16  93  17  10  18  59  19  56
  0  34  1  46  2  16  3  62  4  39  5  14  6  95  7  8  8  92  9  68  10  24  11  61  12  21  13  52  14  81  15  12  16  37  17  68  18  4  19  19
  0  48  1  5  2  2  3  87  4  33  5  60  6  40  7  54  8  56  9  21  10  63  11  48  12  92  13  15  14  33  15  66  16  74  17  48  18  12  19  69
  0  77  1  79  2  36  3  87  4  21  5  8  6  28  7  87  8  35  9  63  10  66  11  55  12  29  13  34  14  4  15  85  16  64  17  75  18  98  19  78
  0  7  1  66  2  8  3  96  4  20  5  23  6  45  7  20  8  27  9  91  10  21  11  11  12  40  13  57  14  4  15  76  16  47  17  57  18  63  19  82
  0  5  1  85  2  5  3  69  4  61  5  24  6  94  7  56  8  33  9  33  10  27  11  48  12  85  13  89  14  2  15  84  16  7  17  63  18  96  19  81
  0  69  1  56  2  62  3  62  4  22  5  55  6  70  7  78  8  45  9  65  10  93  11  66  12  78  13  35  14  1  15  96  16  1  17  78  18  84  19  94
  0  99  1  65  2  76  3  63  4  93  5  24  6  97  7  17  8  75  9  89  10  51  11  10  12  85  13  90  14  68  15  34  16  48  17  36  18  49  19  98
  0  17  1  84  2  71  3  35  4  22  5  72  6  52  7  69  8  7  9  42  10  80  11  72  12  5  13  19  14  71  15  79  16  86  17  91  18  96  19  29
  0  83  1  23  2  94  3  65  4  65  5  82  6  69  7  8  8  29  9  81  10  23  11  91  12  26  13  57  14  93  15  10  16  32  17  24  18  79  19  25
  0  50  1  97  2  84  3  36  4  73  5  55  6  4  7  3  8  80  9  6  10  42  11  81  12  19  13  45  14  32  15  9  16  6  17  59  18  90  19  45
  0  53  1  82  2  47  3  62  4  87  5  15  6  1  7  39  8  40  9  82  10  23  11  2  12  6  13  66  14  93  15  9  16  14  17  51  18  39  19  88
  0  46  1  64  2  24  3  59  4  5  5  5  6  86  7  6  8  14  9  88  10  51  11  83  12  96  13  47  14  43  15  68  16  80  17  76  18  81  19  97
  0  9  1  1  2  41  3  38  4  60  5  10  6  99  7  93  8  15  9  94  10  12  11  47  12  16  13  58  14  77  15  78  16  96  17  14  18  6  19  21
  0  3  1  74  2  67  3  36  4  16  5  97  6  8  7  21  8  39  9  50  10  69  11  88  12  35  13  96  14  18  15  76  16  5  17  28  18  92  19  66
  0  52  1  88  2  25  3  37  4  76  5  66  6  84  7  76  8  79  9  47  10  54  11  21  12  93  13  62  14  48  15  94  16  50  17  68  18  4  19  79
  0  54  1  36  2  41  3  40  4  47  5  55  6  51  7  58  8  40  9  60  10  54  11  79  12  79  13  52  14  53  15  70  16  74  17  55  18  68  19  22
  0  76  1  45  2  20  3  73  4  16  5  37  6  1  7  25  8  21  9  10  10  67  11  57  12  76  13  21  14  21  15  6  16  7  17  21  18  64  19  28
  0  73  1  84  2  63  3  65  4  36  5  15  6  44  7  11  8  14  9  82  10  2  11  8  12  40  13  11  14  7  15  50  16  7  17  19  18  25  19  70
  0  35  1  84  2  4  3  18  4  14  5  80  6  78  7  68  8  10  9  6  10  98  11  31  12  23  13  19  14  93  15  30  16  44  17  24  18  11  19  73
  0  56  1  93  2  2  3  52  4  55  5  12  6  43  7  21  8  11  9  71  10  19  11  52  12  79  13  70  14  88  15  76  16  32  17  80  18  26  19  35
  0  83  1  85  2  15  3  16  4  11  5  18  6  15  7  56  8  9  9  38  10  40  11  24  12  21  13  24  14  28  15  3  16  42  17  81  18  76  19  58
  0  81  1  95  2  74  3  66  4  25  5  60  6  67  7  2  8  53  9  74  10  24  11  40  12  87  13  96  14  96  15  29  16  69  17  79  18  90  19  5
  0  15  1  32  2  87  3  80  4  85  5  95  6  89  7  31  8  52  9  15  10  73  11  39  12  77  13  30  14  77  15  86  16  26  17  58  18  56  19  11
  0  60  1  7  2  77  3  46  4  15  5  45  6  46  7  23  8  37  9  35  10  82  11  12  12  35  13  92  14  80  15  14  16  84  17  24  18  38  19  38
  0  69  1  71  2  22  3  37  4  69  5  54  6  11  7  62  8  19  9  84  10  42  11  75  12  90  13  10  14  36  15  39  16  91  17  95  18  86  19  49
  0  61  1  61  2  43  3  90  4  21  5  22  6  15  7  43  8  11  9  10  10  70  11  49  12  11  13  76  14  30  15  32  16  31  17  87  18  52  19  19
  0  22  1  73  2  82  3  16  4  42  5  5  6  94  7  34  8  77  9  80  10  60  11  60  12  97  13  68  14  25  15  30  16  8  17  35  18  57  19  41
  0  17  1  45  2  31  3  17  4  28  5  18  6  25  7  2  8  48  9  85  10  75  11  61  12  38  13  72  14  3  15  7  16  69  17  2  18  94  19  72
  0  62  1  94  2  31  3  12  4  9  5  9  6  72  7  97  8  15  9  64  10  46  11  34  12  9  13  9  14  8  15  20  16  3  17  48  18  58  19  28
  0  12  1  44  2  49  3  67  4  52  5  45  6  3  7  72  8  84  9  3  10  21  11  21  12  71  13  96  14  82  15  61  16  65  17  73  18  27  19  35
  0  44  1  51  2  88  3  95  4  54  5  70  6  33  7  65  8  51  9  82  10  95  11  92  12  22  13  99  14  35  15  93  16  32  17  65  18  48  19  89
  0  57  1  93  2  7  3  72  4  62  5  11  6  20  7  65  8  46  9  91  10  26  11  62  12  77  13  55  14  63  15  54  16  77  17  88  18  87  19  82
  0  23  1  2  2  29  3  79  4  84  5  27  6  94  7  73  8  28  9  24  10  78  11  87  12  16  13  54  14  27  15  49  16  24  17  25  18  66  19  84
  0  36  1  33  2  99  3  74  4  83  5  48  6  17  7  87  8  59  9  11  10  94  11  33  12  96  13  50  14  66  15  74  16  17  17  38  18  80  19  15
  0  72  1  26  2  1  3  44  4  47  5  50  6  4  7  97  8  79  9  89  10  68  11  80  12  31  13  5  14  75  15  44  16  13  17  16  18  69  19  28
  0  41  1  73  2  25  3  1  4  88  5  37  6  38  7  65  8  40  9  85  10  43  11  4  12  83  13  88  14  95  15  91  16  94  17  38  18  6  19  91
  0  85  1  20  2  88  3  16  4  31  5  54  6  76  7  21  8  95  9  59  10  9  11  56  12  20  13  1  14  91  15  98  16  46  17  34  18  94  19  39
  0  85  1  61  2  27  3  4  4  58  5  44  6  11  7  12  8  58  9  62  10  43  11  30  12  30  13  95  14  14  15  55  16  47  17  67  18  19  19  31
  0  49  1  92  2  95  3  6  4  50  5  10  6  55  7  63  8  48  9  78  10  6  11  87  12  92  13  95  14  72  15  51  16  79  17  40  18  66  19  40
  0  99  1  58  2  75  3  41  4  33  5  62  6  50  7  63  8  97  9  69  10  17  11  74  12  70  13  44  14  57  15  62  16  46  17  2  18  23  19  62
  0  7  1  71  2  64  3  2  4  7  5  58  6  15  7  64  8  12  9  36  10  51  11  62  12  34  13  48  14  6  15  77  16  49  17  25  18  23  19  10
  0  6  1  23  2  77  3  32  4  41  5  56  6  95  7  63  8  78  9  70  10  43  11  85  12  68  13  75  14  78  15  75  16  82  17  58  18  85  19  33
  0  3  1  7  2  26  3  16  4  37  5  44  6  81  7  20  8  66  9  56  10  78  11  62  12  5  13  34  14  6  15  57  16  25  17  85  18  80  19  94
  0  76  1  96  2  14  3  51  4  11  5  22  6  82  7  3  8  82  9  43  10  11  11  27  12  81  13  40  14  21  15  89  16  42  17  48  18  97  19  73
  0  3  1  93  2  83  3  91  4  38  5  42  6  99  7  83  8  67  9  3  10  51  11  98  12  26  13  53  14  76  15  4  16  45  17  2  18  27  19  80
  0  75  1  98  2  13  3  90  4  62  5  39  6  37  7  24  8  38  9  49  10  93  11  72  12  12  13  34  14  25  15  70  16  52  17  31  18  53  19  19
  0  1  1  92  2  20  3  65  4  72  5  97  6  16  7  16  8  16  9  73  10  83  11  8  12  40  13  52  14  7  15  46  16  40  17  22  18  44  19  12
  0  75  1  28  2  52  3  74  4  79  5  44  6  11  7  73  8  4  9  19  10  56  11  47  12  34  13  52  14  67  15  38  16  17  17  80  18  66  19  84
  0  99  1  57  2  45  3  82  4  61  5  68  6  6  7  90  8  93  9  17  10  83  11  95  12  59  13  52  14  4  15  68  16  22  17  50  18  67  19  73
  0  58  1  67  2  93  3  31  4  64  5  97  6  43  7  11  8  21  9  38  10  4  11  34  12  5  13  37  14  24  15  7  16  33  17  51  18  17  19  1
  0  85  1  70  2  68  3  72  4  53  5  79  6  23  7  64  8  90  9  46  10  43  11  50  12  87  13  72  14  46  15  8  16  68  17  52  18  71  19  31
  0  2  1  99  2  51  3  15  4  74  5  64  6  54  7  82  8  55  9  43  10  44  11  27  12  58  13  41  14  78  15  87  16  79  17  56  18  32  19  4
  0  70  1  85  2  7  3  80  4  71  5  74  6  87  7  92  8  8  9  59  10  44  11  94  12  34  13  79  14  77  15  6  16  84  17  50  18  88  19  16
  0  38  1  26  2  83  3  96  4  40  5  1  6  68  7  41  8  18  9  19  10  94  11  50  12  77  13  90  14  46  15  45  16  97  17  48  18  89  19  76
  0  25  1  72  2  21  3  52  4  53  5  83  6  95  7  10  8  41  9  73  10  1  11  10  12  97  13  22  14  30  15  15  16  41  17  38  18  58  19  80
  0  5  1  90  2  22  3  97  4  60  5  44  6  70  7  26  8  61  9  10  10  18  11  28  12  47  13  62  14  38  15  4  16  49  17  6  18  63  19  58
  0  86  1  73  2  84  3  74  4  58  5  91  6  71  7  62  8  53  9  53  10  42  11  10  12  37  13  87  14  71  15  64  16  2  17  96  18  9  19  5
  0  67  1  14  2  34  3  89  4  83  5  10  6  95  7  2  8  71  9  30  10  84  11  9  12  93  13  58  14  55  15  18  16  53  17  32  18  92  19  96
  0  52  1  61  2  82  3  81  4  67  5  10  6  44  7  96  8  17  9  58  10  10  11  67  12  26  13  54  14  95  15  83  16  26  17  14  18  68  19  50
TPM
  0  2546  1  2546  2  2546  3  2546  4  2546  5  2546  6  2546  7  2546  8  2546  9  2546  10  2546  11  2546  12  2546  13  2546  14  2546  15  2546  16  2546  17  2546  18  2546  19  2546
PMT
  0  34  1  35  2  13  3  54  4  86  5  118  6  57  7  62  8  26  9  105  10  90  11  66  12  120  13  114  14  18  15  123  16  8  17  64  18  107  19  82
  0  66  1  8  2  55  3  1  4  71  5  81  6  66  7  9  8  60  9  106  10  124  11  5  12  102  13  76  14  41  15  93  16  64  17  22  18  15  19  104
  0  14  1  30  2  106  3  51  4  34  5  109  6  49  7  25  8  28  9  115  10  112  11  88  12  114  13  101  14  3  15  113  16  108  17  21  18  68  19  43
  0  11  1  60  2  4  3  89  4  71  5  100  6  117  7  47  8  18  9  30  10  37  11  40  12  99  13  85  14  2  15  60  16  85  17  9  18  41  19  64
  0  52  1  3  2  117  3  45  4  56  5  110  6  116  7  36  8  62  9  26  10  53  11  20  12  60  13  54  14  78  15  13  16  41  17  31  18  97  19  120
  0  75  1  95  2  116  3  13  4  110  5  91  6  107  7  48  8  33  9  25  10  48  11  66  12  62  13  52  14  101  15  18  16  74  17  118  18  61  19  7
  0  110  1  35  2  68  3  97  4  110  5  30  6  43  7  38  8  61  9  29  10  19  11  52  12  36  13  123  14  24  15  45  16  13  17  41  18  1  19  65
  0  114  1  16  2  89  3  44  4  109  5  71  6  98  7  103  8  19  9  44  10  25  11  16  12  67  13  33  14  31  15  32  16  46  17  71  18  51  19  117
  0  124  1  115  2  102  3  111  4  112  5  103  6  54  7  33  8  31  9  100  10  124  11  8  12  45  13  105  14  21  15  76  16  70  17  107  18  75  19  60
  0  29  1  6  2  96  3  56  4  5  5  55  6  101  7  48  8  101  9  30  10  98  11  18  12  50  13  51  14  123  15  102  16  58  17  101  18  28  19  3
  0  22  1  111  2  43  3  118  4  18  5  61  6  37  7  56  8  16  9  69  10  56  11  50  12  35  13  80  14  16  15  121  16  6  17  62  18  60  19  91
  0  117  1  26  2  17  3  70  4  102  5  79  6  41  7  113  8  43  9  15  10  42  11  105  12  105  13  88  14  66  15  109  16  81  17  42  18  45  19  65
  0  90  1  100  2  121  3  22  4  9  5  49  6  48  7  85  8  36  9  61  10  54  11  79  12  37  13  71  14  100  15  44  16  116  17  56  18  118  19  14
  0  30  1  71  2  91  3  120  4  35  5  95  6  119  7  38  8  12  9  100  10  39  11  123  12  11  13  81  14  32  15  80  16  89  17  24  18  108  19  70
  0  74  1  107  2  103  3  23  4  30  5  70  6  107  7  26  8  4  9  74  10  54  11  82  12  18  13  78  14  73  15  79  16  72  17  119  18  124  19  60
  0  63  1  56  2  101  3  69  4  67  5  4  6  105  7  114  8  79  9  70  10  13  11  76  12  105  13  59  14  95  15  32  16  123  17  71  18  8  19  39
  0  119  1  87  2  100  3  5  4  53  5  48  6  36  7  13  8  117  9  72  10  122  11  49  12  94  13  121  14  29  15  51  16  118  17  95  18  94  19  48
  0  74  1  84  2  102  3  105  4  4  5  69  6  35  7  60  8  70  9  13  10  109  11  47  12  18  13  35  14  65  15  3  16  93  17  73  18  51  19  81
  0  76  1  38  2  24  3  100  4  66  5  26  6  80  7  35  8  100  9  72  10  54  11  84  12  85  13  43  14  118  15  39  16  23  17  91  18  48  19  31
  0  102  1  102  2  60  3  80  4  73  5  93  6  66  7  79  8  14  9  77  10  91  11  71  12  116  13  26  14  105  15  31  16  43  17  18  18  101  19  49
