20  5
  0  75  1  6  2  14  3  52  4  66
  0  50  1  10  2  88  3  63  4  6
  0  39  1  89  2  23  3  30  4  89
  0  13  1  10  2  84  3  57  4  54
  0  46  1  89  2  91  3  10  4  44
  0  39  1  55  2  30  3  95  4  76
  0  68  1  72  2  64  3  46  4  16
  0  90  1  22  2  51  3  31  4  91
  0  97  1  3  2  95  3  76  4  40
  0  40  1  4  2  24  3  28  4  40
  0  2  1  98  2  53  3  68  4  80
  0  86  1  75  2  21  3  85  4  79
  0  32  1  72  2  91  3  84  4  29
  0  19  1  28  2  12  3  61  4  92
  0  74  1  69  2  42  3  77  4  47
  0  67  1  29  2  52  3  54  4  27
  0  79  1  52  2  97  3  21  4  78
  0  11  1  26  2  4  3  19  4  33
  0  88  1  15  2  19  3  5  4  43
  0  52  1  18  2  47  3  99  4  49
TPM
  0  595  1  595  2  595  3  595  4  595
PMT
  0  64  1  48  2  15  3  13  4  19
  0  34  1  4  2  8  3  46  4  13
  0  21  1  39  2  41  3  50  4  4
  0  15  1  43  2  50  3  7  4  46
