100  20
  0  58  1  53  2  95  3  86  4  44  5  86  6  50  7  75  8  42  9  57  10  72  11  18  12  73  13  67  14  96  15  1  16  82  17  72  18  96  19  92
  0  20  1  51  2  90  3  62  4  77  5  56  6  43  7  40  8  32  9  81  10  41  11  81  12  16  13  32  14  75  15  25  16  45  17  70  18  56  19  52
  0  53  1  6  2  36  3  76  4  8  5  17  6  41  7  45  8  32  9  42  10  8  11  13  12  35  13  84  14  84  15  17  16  27  17  93  18  62  19  82
  0  93  1  38  2  16  3  22  4  20  5  82  6  90  7  7  8  22  9  24  10  56  11  38  12  9  13  47  14  14  15  31  16  79  17  23  18  37  19  94
  0  47  1  39  2  68  3  77  4  24  5  47  6  12  7  2  8  19  9  74  10  87  11  11  12  28  13  2  14  44  15  97  16  33  17  49  18  46  19  4
  0  16  1  93  2  73  3  88  4  65  5  5  6  3  7  16  8  43  9  5  10  68  11  9  12  17  13  50  14  11  15  70  16  95  17  18  18  58  19  72
  0  12  1  40  2  18  3  45  4  34  5  1  6  46  7  44  8  24  9  15  10  45  11  62  12  53  13  41  14  3  15  9  16  39  17  89  18  49  19  90
  0  88  1  45  2  41  3  50  4  39  5  4  6  56  7  53  8  41  9  89  10  76  11  34  12  25  13  22  14  93  15  36  16  41  17  24  18  61  19  99
  0  70  1  1  2  84  3  7  4  41  5  41  6  6  7  56  8  3  9  3  10  42  11  43  12  39  13  93  14  79  15  83  16  20  17  65  18  28  19  63
  0  34  1  69  2  89  3  46  4  36  5  40  6  3  7  56  8  13  9  27  10  50  11  5  12  55  13  69  14  57  15  37  16  68  17  83  18  19  19  38
  0  85  1  32  2  17  3  86  4  47  5  59  6  29  7  72  8  73  9  42  10  39  11  13  12  31  13  78  14  93  15  17  16  78  17  4  18  79  19  11
  0  46  1  28  2  93  3  97  4  72  5  19  6  50  7  32  8  10  9  72  10  46  11  15  12  75  13  57  14  55  15  61  16  3  17  20  18  57  19  84
  0  20  1  78  2  1  3  93  4  71  5  53  6  53  7  7  8  44  9  11  10  1  11  25  12  69  13  11  14  92  15  24  16  22  17  89  18  48  19  44
  0  22  1  24  2  61  3  98  4  20  5  46  6  80  7  33  8  25  9  14  10  48  11  88  12  89  13  56  14  19  15  72  16  78  17  42  18  2  19  29
  0  83  1  48  2  89  3  55  4  45  5  21  6  68  7  26  8  11  9  59  10  28  11  4  12  41  13  70  14  11  15  53  16  22  17  54  18  66  19  94
  0  67  1  45  2  10  3  53  4  19  5  1  6  94  7  92  8  57  9  10  10  46  11  47  12  4  13  92  14  16  15  82  16  66  17  69  18  62  19  50
  0  57  1  46  2  64  3  18  4  91  5  56  6  9  7  92  8  43  9  29  10  27  11  67  12  17  13  82  14  68  15  51  16  52  17  71  18  25  19  74
  0  95  1  34  2  61  3  77  4  71  5  10  6  92  7  15  8  62  9  31  10  37  11  43  12  82  13  5  14  27  15  69  16  76  17  43  18  43  19  83
  0  4  1  5  2  26  3  96  4  90  5  57  6  70  7  54  8  44  9  70  10  2  11  15  12  64  13  5  14  92  15  86  16  9  17  53  18  80  19  86
  0  93  1  45  2  74  3  54  4  21  5  32  6  79  7  19  8  82  9  3  10  67  11  44  12  79  13  5  14  69  15  55  16  41  17  65  18  84  19  39
  0  53  1  38  2  12  3  85  4  17  5  29  6  57  7  93  8  97  9  66  10  83  11  60  12  51  13  15  14  77  15  33  16  10  17  62  18  82  19  3
  0  80  1  25  2  10  3  44  4  7  5  43  6  10  7  42  8  54  9  66  10  97  11  79  12  49  13  52  14  37  15  39  16  89  17  27  18  42  19  68
  0  77  1  82  2  51  3  21  4  63  5  7  6  68  7  32  8  96  9  68  10  90  11  34  12  24  13  10  14  66  15  3  16  78  17  21  18  45  19  84
  0  45  1  85  2  18  3  54  4  7  5  31  6  55  7  98  8  2  9  31  10  3  11  34  12  44  13  23  14  80  15  85  16  86  17  52  18  90  19  6
  0  37  1  63  2  54  3  3  4  47  5  73  6  4  7  95  8  45  9  29  10  18  11  34  12  65  13  10  14  73  15  43  16  11  17  33  18  41  19  69
  0  56  1  90  2  67  3  62  4  53  5  97  6  11  7  92  8  14  9  47  10  8  11  8  12  92  13  98  14  19  15  74  16  69  17  47  18  60  19  44
  0  15  1  49  2  18  3  70  4  96  5  91  6  14  7  26  8  53  9  52  10  61  11  31  12  38  13  67  14  34  15  79  16  16  17  7  18  28  19  12
  0  69  1  50  2  4  3  95  4  36  5  64  6  26  7  91  8  92  9  73  10  43  11  26  12  54  13  48  14  76  15  97  16  56  17  48  18  7  19  85
  0  32  1  26  2  79  3  38  4  14  5  36  6  68  7  60  8  4  9  40  10  63  11  35  12  11  13  83  14  82  15  27  16  44  17  91  18  12  19  74
  0  99  1  12  2  30  3  67  4  86  5  86  6  74  7  50  8  91  9  60  10  43  11  6  12  56  13  27  14  56  15  23  16  34  17  88  18  10  19  35
  0  43  1  73  2  94  3  83  4  27  5  36  6  68  7  61  8  4  9  49  10  8  11  18  12  57  13  33  14  69  15  48  16  95  17  11  18  34  19  85
  0  84  1  70  2  31  3  73  4  41  5  70  6  45  7  96  8  33  9  29  10  67  11  82  12  22  13  75  14  42  15  5  16  40  17  59  18  7  19  60
  0  10  1  44  2  42  3  95  4  17  5  24  6  80  7  98  8  21  9  56  10  27  11  88  12  49  13  87  14  1  15  73  16  9  17  7  18  94  19  44
  0  27  1  73  2  19  3  34  4  82  5  1  6  74  7  72  8  8  9  68  10  62  11  87  12  62  13  23  14  35  15  56  16  10  17  84  18  51  19  99
  0  58  1  51  2  67  3  72  4  32  5  85  6  3  7  96  8  89  9  28  10  51  11  27  12  14  13  57  14  14  15  71  16  27  17  94  18  4  19  85
  0  18  1  42  2  20  3  7  4  72  5  72  6  6  7  24  8  52  9  30  10  41  11  85  12  65  13  7  14  16  15  75  16  14  17  99  18  9  19  31
  0  23  1  65  2  55  3  84  4  75  5  25  6  72  7  31  8  15  9  91  10  87  11  71  12  90  13  25  14  85  15  83  16  57  17  18  18  67  19  3
  0  41  1  87  2  79  3  42  4  53  5  29  6  76  7  62  8  7  9  32  10  8  11  70  12  56  13  88  14  41  15  32  16  77  17  37  18  82  19  96
  0  62  1  16  2  29  3  84  4  80  5  25  6  85  7  85  8  41  9  23  10  27  11  71  12  58  13  1  14  66  15  6  16  94  17  10  18  2  19  24
  0  57  1  45  2  11  3  7  4  41  5  5  6  41  7  62  8  66  9  68  10  5  11  8  12  44  13  77  14  76  15  3  16  75  17  13  18  66  19  83
  0  59  1  91  2  88  3  82  4  66  5  26  6  72  7  64  8  17  9  31  10  86  11  79  12  41  13  70  14  51  15  36  16  42  17  63  18  79  19  42
  0  72  1  7  2  69  3  51  4  94  5  78  6  25  7  34  8  93  9  26  10  94  11  46  12  51  13  65  14  51  15  71  16  15  17  33  18  38  19  57
  0  9  1  62  2  72  3  72  4  72  5  98  6  79  7  53  8  28  9  51  10  80  11  19  12  10  13  56  14  78  15  69  16  4  17  9  18  12  19  11
  0  87  1  62  2  57  3  46  4  65  5  26  6  9  7  44  8  30  9  7  10  73  11  76  12  13  13  65  14  47  15  75  16  92  17  87  18  68  19  58
  0  76  1  92  2  58  3  12  4  72  5  33  6  1  7  54  8  19  9  49  10  23  11  92  12  44  13  86  14  60  15  58  16  59  17  93  18  50  19  86
  0  26  1  46  2  59  3  65  4  31  5  88  6  42  7  86  8  79  9  58  10  9  11  49  12  72  13  53  14  26  15  21  16  40  17  67  18  79  19  49
  0  47  1  67  2  86  3  66  4  79  5  28  6  33  7  57  8  97  9  27  10  62  11  59  12  96  13  64  14  48  15  18  16  26  17  68  18  34  19  28
  0  42  1  95  2  16  3  28  4  11  5  38  6  91  7  21  8  74  9  4  10  25  11  49  12  53  13  20  14  78  15  43  16  46  17  76  18  23  19  20
  0  51  1  26  2  23  3  2  4  21  5  88  6  61  7  80  8  13  9  34  10  47  11  53  12  24  13  48  14  21  15  97  16  91  17  88  18  57  19  62
  0  20  1  3  2  19  3  2  4  57  5  55  6  20  7  63  8  27  9  89  10  97  11  25  12  2  13  28  14  9  15  27  16  59  17  58  18  90  19  50
  0  69  1  1  2  48  3  38  4  98  5  30  6  77  7  61  8  24  9  88  10  22  11  73  12  2  13  35  14  15  15  4  16  40  17  7  18  74  19  92
  0  38  1  87  2  45  3  52  4  36  5  9  6  90  7  28  8  54  9  29  10  98  11  76  12  28  13  72  14  51  15  87  16  74  17  18  18  60  19  25
  0  24  1  57  2  77  3  59  4  32  5  89  6  34  7  8  8  38  9  2  10  55  11  23  12  30  13  54  14  76  15  83  16  49  17  84  18  34  19  71
  0  33  1  69  2  17  3  60  4  80  5  45  6  14  7  32  8  93  9  53  10  61  11  97  12  17  13  57  14  15  15  99  16  3  17  66  18  69  19  14
  0  47  1  51  2  18  3  74  4  84  5  38  6  18  7  2  8  45  9  10  10  1  11  2  12  5  13  64  14  50  15  54  16  75  17  2  18  41  19  29
  0  27  1  42  2  97  3  86  4  35  5  85  6  16  7  53  8  89  9  80  10  84  11  74  12  21  13  60  14  63  15  90  16  16  17  52  18  21  19  92
  0  36  1  78  2  46  3  40  4  61  5  9  6  71  7  61  8  21  9  14  10  82  11  61  12  83  13  52  14  1  15  3  16  19  17  81  18  60  19  54
  0  50  1  61  2  12  3  95  4  69  5  20  6  39  7  45  8  72  9  71  10  55  11  41  12  40  13  25  14  24  15  83  16  77  17  15  18  23  19  38
  0  80  1  44  2  31  3  40  4  2  5  19  6  28  7  59  8  15  9  23  10  24  11  12  12  26  13  52  14  57  15  33  16  61  17  10  18  37  19  36
  0  35  1  37  2  10  3  36  4  84  5  19  6  81  7  7  8  10  9  9  10  20  11  91  12  77  13  41  14  28  15  3  16  53  17  38  18  54  19  68
  0  81  1  26  2  75  3  15  4  41  5  11  6  92  7  93  8  24  9  3  10  94  11  88  12  17  13  54  14  95  15  66  16  4  17  72  18  60  19  59
  0  1  1  28  2  46  3  78  4  92  5  46  6  58  7  11  8  42  9  73  10  73  11  46  12  79  13  45  14  80  15  27  16  3  17  9  18  63  19  38
  0  41  1  55  2  94  3  54  4  64  5  90  6  44  7  24  8  40  9  35  10  97  11  69  12  71  13  27  14  56  15  12  16  62  17  86  18  52  19  57
  0  8  1  48  2  3  3  9  4  82  5  77  6  1  7  88  8  99  9  30  10  84  11  77  12  54  13  17  14  66  15  12  16  55  17  79  18  5  19  99
  0  44  1  96  2  29  3  40  4  28  5  73  6  74  7  50  8  85  9  81  10  85  11  55  12  19  13  53  14  78  15  75  16  68  17  54  18  90  19  17
  0  5  1  74  2  39  3  73  4  64  5  24  6  82  7  65  8  4  9  18  10  50  11  89  12  74  13  85  14  81  15  51  16  60  17  49  18  96  19  10
  0  13  1  36  2  78  3  51  4  79  5  43  6  57  7  65  8  25  9  49  10  2  11  4  12  73  13  57  14  85  15  40  16  29  17  4  18  61  19  48
  0  52  1  66  2  71  3  87  4  96  5  68  6  78  7  60  8  40  9  48  10  87  11  53  12  58  13  47  14  99  15  13  16  26  17  34  18  15  19  99
  0  47  1  74  2  81  3  22  4  43  5  5  6  46  7  43  8  63  9  70  10  67  11  16  12  79  13  49  14  80  15  92  16  84  17  52  18  41  19  1
  0  21  1  81  2  83  3  97  4  90  5  99  6  59  7  36  8  27  9  10  10  49  11  2  12  37  13  80  14  70  15  16  16  35  17  58  18  20  19  99
  0  41  1  29  2  11  3  54  4  95  5  56  6  9  7  3  8  19  9  81  10  81  11  82  12  40  13  73  14  91  15  12  16  37  17  66  18  15  19  45
  0  84  1  15  2  76  3  97  4  5  5  57  6  7  7  10  8  53  9  74  10  70  11  78  12  93  13  73  14  45  15  74  16  43  17  40  18  11  19  18
  0  90  1  41  2  12  3  91  4  19  5  59  6  85  7  15  8  83  9  12  10  68  11  89  12  33  13  59  14  36  15  11  16  69  17  34  18  22  19  3
  0  82  1  22  2  36  3  1  4  9  5  85  6  70  7  14  8  98  9  18  10  58  11  40  12  95  13  55  14  35  15  91  16  58  17  93  18  15  19  76
  0  70  1  86  2  68  3  44  4  39  5  19  6  85  7  71  8  57  9  78  10  44  11  72  12  94  13  86  14  24  15  36  16  35  17  37  18  33  19  37
  0  70  1  70  2  45  3  73  4  40  5  84  6  53  7  22  8  45  9  40  10  94  11  21  12  2  13  32  14  7  15  12  16  3  17  30  18  3  19  8
  0  2  1  97  2  96  3  71  4  39  5  64  6  9  7  11  8  75  9  87  10  23  11  35  12  1  13  44  14  83  15  23  16  36  17  33  18  60  19  98
  0  48  1  80  2  14  3  22  4  34  5  79  6  23  7  22  8  58  9  95  10  86  11  50  12  45  13  38  14  97  15  28  16  53  17  68  18  41  19  97
  0  93  1  88  2  76  3  24  4  63  5  46  6  8  7  94  8  5  9  40  10  49  11  15  12  18  13  8  14  29  15  5  16  83  17  47  18  99  19  29
  0  70  1  81  2  56  3  31  4  36  5  85  6  61  7  49  8  53  9  24  10  37  11  25  12  10  13  78  14  74  15  49  16  65  17  52  18  72  19  97
  0  73  1  85  2  6  3  40  4  88  5  30  6  67  7  48  8  25  9  43  10  66  11  17  12  37  13  19  14  50  15  85  16  32  17  62  18  96  19  17
  0  40  1  72  2  84  3  68  4  1  5  84  6  43  7  80  8  47  9  97  10  52  11  41  12  79  13  88  14  11  15  20  16  77  17  70  18  29  19  79
  0  90  1  66  2  96  3  93  4  91  5  2  6  30  7  49  8  99  9  34  10  7  11  91  12  96  13  66  14  42  15  60  16  4  17  23  18  56  19  15
  0  80  1  85  2  41  3  36  4  66  5  8  6  42  7  76  8  84  9  64  10  81  11  79  12  70  13  1  14  11  15  95  16  97  17  88  18  73  19  57
  0  10  1  2  2  92  3  8  4  89  5  75  6  40  7  80  8  12  9  1  10  29  11  76  12  72  13  80  14  55  15  95  16  85  17  38  18  72  19  9
  0  91  1  62  2  64  3  80  4  11  5  24  6  73  7  82  8  50  9  2  10  81  11  50  12  45  13  8  14  49  15  78  16  67  17  80  18  75  19  62
  0  76  1  13  2  25  3  15  4  60  5  12  6  29  7  34  8  98  9  18  10  68  11  92  12  64  13  28  14  85  15  66  16  18  17  99  18  95  19  44
  0  81  1  28  2  75  3  67  4  92  5  32  6  66  7  91  8  62  9  79  10  19  11  88  12  8  13  43  14  51  15  7  16  16  17  73  18  18  19  68
  0  71  1  20  2  92  3  80  4  51  5  40  6  26  7  72  8  54  9  80  10  31  11  95  12  53  13  19  14  94  15  50  16  50  17  94  18  29  19  14
  0  89  1  82  2  9  3  97  4  71  5  64  6  62  7  56  8  43  9  24  10  98  11  15  12  80  13  60  14  5  15  99  16  82  17  92  18  35  19  83
  0  42  1  11  2  82  3  78  4  61  5  87  6  2  7  43  8  21  9  54  10  19  11  86  12  45  13  13  14  57  15  75  16  93  17  40  18  55  19  92
  0  78  1  84  2  68  3  93  4  7  5  91  6  57  7  58  8  73  9  89  10  32  11  40  12  60  13  22  14  94  15  61  16  33  17  14  18  77  19  90
  0  18  1  8  2  12  3  28  4  10  5  11  6  42  7  61  8  56  9  20  10  75  11  72  12  92  13  40  14  41  15  25  16  44  17  6  18  99  19  35
  0  19  1  53  2  9  3  32  4  44  5  34  6  59  7  37  8  30  9  40  10  24  11  39  12  59  13  92  14  79  15  34  16  47  17  27  18  16  19  46
  0  1  1  44  2  10  3  78  4  86  5  42  6  56  7  31  8  88  9  34  10  75  11  90  12  99  13  18  14  26  15  98  16  89  17  57  18  13  19  29
  0  46  1  73  2  62  3  37  4  75  5  85  6  88  7  75  8  3  9  30  10  98  11  72  12  25  13  44  14  94  15  21  16  96  17  3  18  70  19  35
  0  49  1  47  2  24  3  58  4  76  5  32  6  13  7  34  8  47  9  90  10  38  11  83  12  8  13  84  14  37  15  33  16  99  17  99  18  3  19  1
  0  5  1  99  2  82  3  32  4  85  5  36  6  9  7  35  8  91  9  2  10  61  11  63  12  39  13  54  14  81  15  50  16  96  17  59  18  73  19  83
  0  29  1  22  2  63  3  75  4  75  5  9  6  9  7  78  8  75  9  90  10  76  11  35  12  64  13  31  14  28  15  72  16  95  17  29  18  76  19  83
  0  70  1  79  2  26  3  43  4  79  5  5  6  76  7  55  8  86  9  75  10  77  11  42  12  2  13  28  14  59  15  7  16  40  17  46  18  61  19  27
TPM
  0  1131  1  1131  2  1131  3  1131  4  1131  5  1131  6  1131  7  1131  8  1131  9  1131  10  1131  11  1131  12  1131  13  1131  14  1131  15  1131  16  1131  17  1131  18  1131  19  1131
PMT
  0  68  1  63  2  81  3  99  4  96  5  41  6  83  7  112  8  34  9  23  10  87  11  71  12  85  13  55  14  103  15  2  16  3  17  106  18  45  19  46
  0  70  1  89  2  84  3  73  4  113  5  94  6  55  7  5  8  35  9  73  10  122  11  40  12  119  13  14  14  19  15  15  16  24  17  35  18  3  19  40
  0  14  1  113  2  5  3  87  4  64  5  80  6  89  7  87  8  56  9  28  10  98  11  46  12  1  13  66  14  71  15  38  16  100  17  24  18  103  19  27
  0  120  1  91  2  54  3  62  4  82  5  56  6  89  7  108  8  63  9  67  10  7  11  124  12  41  13  25  14  49  15  80  16  23  17  93  18  61  19  99
  0  65  1  103  2  29  3  90  4  119  5  48  6  33  7  12  8  15  9  5  10  102  11  49  12  46  13  102  14  50  15  47  16  49  17  76  18  89  19  44
  0  17  1  75  2  26  3  55  4  49  5  88  6  103  7  14  8  4  9  92  10  120  11  79  12  96  13  88  14  97  15  49  16  124  17  76  18  39  19  122
  0  105  1  77  2  121  3  81  4  89  5  50  6  66  7  67  8  122  9  12  10  62  11  81  12  44  13  18  14  75  15  86  16  41  17  119  18  106  19  5
  0  85  1  31  2  15  3  70  4  103  5  37  6  65  7  8  8  69  9  85  10  115  11  63  12  69  13  20  14  34  15  42  16  72  17  84  18  83  19  75
  0  41  1  97  2  44  3  75  4  28  5  116  6  10  7  35  8  93  9  45  10  55  11  81  12  17  13  65  14  20  15  117  16  47  17  53  18  58  19  28
