50  10
  0  47  1  3  2  57  3  82  4  17  5  49  6  97  7  62  8  5  9  89
  0  84  1  19  2  48  3  62  4  89  5  98  6  39  7  6  8  83  9  11
  0  15  1  37  2  22  3  58  4  58  5  91  6  29  7  98  8  44  9  59
  0  99  1  44  2  84  3  16  4  4  5  34  6  36  7  12  8  69  9  48
  0  3  1  78  2  83  3  39  4  41  5  75  6  25  7  91  8  28  9  61
  0  19  1  66  2  78  3  87  4  98  5  57  6  8  7  38  8  82  9  71
  0  73  1  55  2  28  3  40  4  53  5  44  6  5  7  82  8  32  9  27
  0  7  1  2  2  9  3  98  4  92  5  84  6  50  7  15  8  20  9  26
  0  45  1  84  2  24  3  6  4  45  5  82  6  50  7  87  8  84  9  83
  0  30  1  13  2  25  3  81  4  79  5  21  6  62  7  66  8  51  9  7
  0  89  1  45  2  59  3  1  4  16  5  46  6  79  7  35  8  60  9  42
  0  70  1  25  2  4  3  76  4  84  5  95  6  38  7  82  8  60  9  5
  0  60  1  19  2  13  3  64  4  1  5  82  6  62  7  61  8  77  9  53
  0  74  1  14  2  25  3  84  4  94  5  30  6  21  7  55  8  8  9  46
  0  39  1  33  2  46  3  67  4  72  5  25  6  32  7  30  8  17  9  9
  0  35  1  68  2  13  3  73  4  67  5  47  6  85  7  15  8  55  9  89
  0  24  1  61  2  54  3  35  4  84  5  24  6  4  7  71  8  33  9  1
  0  37  1  51  2  37  3  78  4  84  5  79  6  81  7  9  8  41  9  30
  0  69  1  50  2  96  3  38  4  28  5  17  6  25  7  55  8  46  9  52
  0  7  1  83  2  82  3  39  4  15  5  29  6  51  7  9  8  95  9  12
  0  66  1  96  2  21  3  58  4  87  5  82  6  93  7  41  8  16  9  92
  0  36  1  42  2  19  3  58  4  90  5  74  6  2  7  55  8  14  9  61
  0  31  1  80  2  34  3  74  4  92  5  23  6  26  7  80  8  38  9  47
  0  99  1  39  2  45  3  93  4  10  5  54  6  7  7  63  8  52  9  84
  0  18  1  35  2  83  3  40  4  21  5  48  6  82  7  41  8  34  9  38
  0  54  1  15  2  74  3  99  4  27  5  44  6  54  7  38  8  3  9  3
  0  93  1  11  2  66  3  40  4  98  5  85  6  48  7  1  8  93  9  52
  0  10  1  92  2  91  3  79  4  95  5  24  6  65  7  99  8  57  9  3
  0  35  1  50  2  66  3  42  4  91  5  24  6  44  7  26  8  20  9  98
  0  6  1  33  2  96  3  38  4  66  5  5  6  67  7  2  8  76  9  37
  0  30  1  97  2  85  3  97  4  94  5  61  6  30  7  21  8  71  9  56
  0  21  1  24  2  22  3  16  4  60  5  45  6  79  7  82  8  17  9  6
  0  5  1  9  2  39  3  37  4  60  5  29  6  90  7  27  8  95  9  12
  0  30  1  78  2  80  3  58  4  69  5  88  6  44  7  2  8  90  9  83
  0  94  1  25  2  99  3  72  4  21  5  99  6  46  7  1  8  19  9  17
  0  43  1  19  2  78  3  61  4  53  5  7  6  30  7  47  8  50  9  98
  0  39  1  24  2  40  3  17  4  91  5  9  6  21  7  1  8  16  9  15
  0  25  1  92  2  21  3  78  4  39  5  19  6  65  7  6  8  27  9  66
  0  75  1  84  2  92  3  55  4  71  5  38  6  47  7  59  8  83  9  23
  0  76  1  16  2  59  3  87  4  32  5  20  6  95  7  38  8  70  9  23
  0  42  1  1  2  28  3  54  4  69  5  52  6  6  7  33  8  94  9  75
  0  2  1  72  2  94  3  55  4  8  5  53  6  69  7  9  8  59  9  41
  0  32  1  48  2  22  3  73  4  27  5  87  6  29  7  34  8  3  9  49
  0  19  1  97  2  13  3  49  4  37  5  1  6  94  7  47  8  87  9  87
  0  59  1  90  2  65  3  28  4  6  5  14  6  98  7  6  8  17  9  34
  0  78  1  21  2  20  3  80  4  57  5  70  6  18  7  51  8  46  9  80
  0  12  1  59  2  37  3  16  4  77  5  42  6  38  7  91  8  80  9  25
  0  91  1  55  2  15  3  71  4  6  5  18  6  22  7  59  8  45  9  54
  0  16  1  63  2  35  3  98  4  24  5  40  6  76  7  7  8  20  9  42
  0  96  1  57  2  98  3  96  4  66  5  22  6  42  7  45  8  61  9  15
TPM
  0  913  1  913  2  913  3  913  4  913  5  913  6  913  7  913  8  913  9  913
PMT
  0  67  1  24  2  66  3  19  4  39  5  116  6  12  7  6  8  55  9  7
  0  1  1  139  2  40  3  50  4  11  5  146  6  78  7  20  8  136  9  123
  0  36  1  98  2  130  3  59  4  40  5  14  6  28  7  15  8  104  9  26
  0  119  1  121  2  58  3  16  4  141  5  54  6  97  7  11  8  80  9  35
  0  44  1  114  2  127  3  105  4  101  5  108  6  28  7  103  8  73  9  71
  0  52  1  1  2  49  3  95  4  32  5  117  6  59  7  80  8  111  9  41
