100  15
  0  38  1  50  2  91  3  11  4  99  5  65  6  73  7  37  8  61  9  95  10  79  11  73  12  11  13  92  14  61
  0  28  1  22  2  69  3  2  4  72  5  4  6  7  7  55  8  34  9  34  10  61  11  23  12  59  13  36  14  90
  0  81  1  58  2  80  3  15  4  20  5  82  6  31  7  76  8  53  9  92  10  62  11  77  12  18  13  15  14  12
  0  89  1  65  2  6  3  59  4  83  5  1  6  56  7  31  8  15  9  54  10  19  11  84  12  61  13  63  14  28
  0  12  1  1  2  7  3  58  4  63  5  78  6  27  7  36  8  97  9  94  10  24  11  90  12  97  13  18  14  9
  0  27  1  2  2  5  3  49  4  39  5  54  6  77  7  49  8  14  9  67  10  95  11  43  12  78  13  49  14  13
  0  93  1  95  2  35  3  18  4  24  5  18  6  41  7  99  8  31  9  46  10  11  11  66  12  54  13  58  14  32
  0  37  1  91  2  94  3  48  4  66  5  96  6  34  7  74  8  74  9  95  10  78  11  27  12  98  13  8  14  36
  0  80  1  77  2  59  3  82  4  49  5  50  6  11  7  15  8  43  9  15  10  63  11  58  12  35  13  94  14  2
  0  65  1  60  2  87  3  71  4  27  5  20  6  13  7  30  8  92  9  64  10  80  11  4  12  56  13  71  14  33
  0  26  1  62  2  62  3  51  4  72  5  31  6  1  7  13  8  85  9  25  10  77  11  48  12  70  13  87  14  82
  0  42  1  11  2  29  3  99  4  56  5  15  6  48  7  89  8  87  9  13  10  11  11  42  12  81  13  51  14  24
  0  18  1  63  2  63  3  69  4  1  5  60  6  8  7  3  8  35  9  29  10  4  11  15  12  27  13  2  14  10
  0  19  1  23  2  27  3  17  4  10  5  99  6  62  7  54  8  7  9  30  10  44  11  44  12  80  13  6  14  51
  0  30  1  26  2  33  3  13  4  72  5  18  6  32  7  66  8  4  9  80  10  3  11  32  12  61  13  52  14  51
  0  64  1  57  2  11  3  71  4  27  5  43  6  17  7  30  8  56  9  85  10  69  11  16  12  43  13  65  14  89
  0  29  1  40  2  46  3  78  4  37  5  63  6  97  7  12  8  16  9  61  10  63  11  66  12  54  13  59  14  92
  0  93  1  87  2  6  3  99  4  87  5  99  6  77  7  4  8  1  9  92  10  24  11  69  12  25  13  23  14  52
  0  54  1  19  2  60  3  86  4  18  5  68  6  97  7  53  8  71  9  1  10  41  11  71  12  54  13  82  14  40
  0  59  1  71  2  96  3  49  4  78  5  39  6  46  7  27  8  71  9  99  10  60  11  12  12  82  13  29  14  79
  0  29  1  48  2  29  3  48  4  26  5  10  6  81  7  53  8  38  9  79  10  16  11  81  12  21  13  55  14  8
  0  74  1  14  2  87  3  11  4  10  5  24  6  18  7  90  8  54  9  27  10  59  11  23  12  38  13  41  14  80
  0  53  1  63  2  14  3  15  4  47  5  48  6  30  7  12  8  82  9  60  10  32  11  96  12  41  13  94  14  96
  0  5  1  18  2  4  3  32  4  6  5  60  6  80  7  80  8  43  9  85  10  49  11  24  12  50  13  53  14  23
  0  58  1  3  2  93  3  25  4  57  5  43  6  5  7  89  8  51  9  77  10  84  11  85  12  5  13  18  14  47
  0  24  1  36  2  44  3  45  4  54  5  51  6  84  7  13  8  48  9  59  10  56  11  67  12  38  13  93  14  10
  0  59  1  47  2  70  3  64  4  66  5  32  6  43  7  33  8  38  9  35  10  46  11  73  12  63  13  97  14  31
  0  13  1  22  2  4  3  32  4  30  5  13  6  31  7  28  8  3  9  97  10  51  11  81  12  39  13  93  14  99
  0  63  1  62  2  1  3  90  4  9  5  13  6  53  7  74  8  54  9  91  10  19  11  43  12  47  13  51  14  9
  0  36  1  41  2  9  3  44  4  9  5  6  6  53  7  8  8  57  9  23  10  47  11  82  12  20  13  41  14  61
  0  37  1  81  2  12  3  89  4  24  5  77  6  33  7  32  8  96  9  62  10  77  11  35  12  63  13  69  14  63
  0  44  1  25  2  7  3  13  4  93  5  80  6  60  7  5  8  36  9  81  10  79  11  97  12  11  13  76  14  80
  0  13  1  70  2  83  3  2  4  68  5  32  6  65  7  77  8  28  9  33  10  7  11  26  12  97  13  85  14  22
  0  62  1  80  2  68  3  31  4  90  5  79  6  9  7  86  8  28  9  2  10  34  11  49  12  61  13  15  14  96
  0  26  1  57  2  44  3  99  4  34  5  50  6  17  7  86  8  50  9  6  10  6  11  65  12  55  13  14  14  6
  0  74  1  86  2  66  3  60  4  23  5  57  6  35  7  22  8  57  9  8  10  22  11  96  12  36  13  90  14  89
  0  39  1  14  2  17  3  66  4  60  5  64  6  2  7  86  8  90  9  10  10  93  11  21  12  4  13  8  14  79
  0  97  1  90  2  40  3  88  4  24  5  43  6  88  7  52  8  60  9  75  10  97  11  77  12  1  13  18  14  63
  0  50  1  68  2  36  3  79  4  75  5  21  6  65  7  64  8  17  9  39  10  73  11  13  12  99  13  31  14  88
  0  73  1  79  2  68  3  45  4  28  5  96  6  69  7  42  8  32  9  75  10  56  11  25  12  48  13  20  14  68
  0  18  1  69  2  35  3  24  4  73  5  20  6  64  7  30  8  36  9  77  10  20  11  9  12  4  13  69  14  60
  0  84  1  51  2  8  3  20  4  37  5  61  6  93  7  21  8  33  9  51  10  98  11  1  12  81  13  10  14  82
  0  46  1  73  2  75  3  41  4  16  5  4  6  21  7  67  8  87  9  96  10  29  11  70  12  68  13  64  14  68
  0  6  1  56  2  78  3  9  4  87  5  30  6  35  7  35  8  98  9  7  10  42  11  38  12  19  13  18  14  68
  0  18  1  34  2  59  3  8  4  97  5  98  6  31  7  73  8  48  9  62  10  86  11  19  12  74  13  87  14  33
  0  48  1  8  2  10  3  60  4  54  5  8  6  26  7  2  8  14  9  62  10  13  11  43  12  18  13  48  14  7
  0  29  1  17  2  89  3  92  4  47  5  13  6  19  7  93  8  78  9  20  10  28  11  55  12  44  13  92  14  82
  0  60  1  97  2  69  3  14  4  26  5  31  6  99  7  19  8  65  9  93  10  45  11  41  12  14  13  54  14  77
  0  4  1  57  2  51  3  96  4  18  5  8  6  90  7  71  8  96  9  13  10  22  11  51  12  34  13  2  14  79
  0  6  1  37  2  99  3  62  4  10  5  28  6  57  7  18  8  45  9  39  10  83  11  25  12  23  13  71  14  87
  0  7  1  32  2  2  3  50  4  14  5  51  6  46  7  84  8  58  9  14  10  19  11  72  12  90  13  94  14  42
  0  66  1  52  2  44  3  99  4  2  5  38  6  20  7  46  8  62  9  58  10  68  11  93  12  88  13  81  14  59
  0  54  1  27  2  4  3  89  4  17  5  46  6  63  7  89  8  69  9  88  10  7  11  15  12  96  13  25  14  76
  0  97  1  28  2  21  3  61  4  87  5  10  6  43  7  53  8  23  9  15  10  59  11  79  12  92  13  33  14  25
  0  13  1  87  2  91  3  33  4  87  5  52  6  2  7  88  8  57  9  95  10  35  11  39  12  82  13  95  14  70
  0  53  1  34  2  28  3  72  4  46  5  44  6  11  7  79  8  84  9  48  10  10  11  30  12  25  13  97  14  86
  0  35  1  65  2  32  3  59  4  89  5  15  6  41  7  20  8  83  9  6  10  70  11  20  12  41  13  18  14  23
  0  21  1  5  2  74  3  86  4  76  5  53  6  29  7  77  8  85  9  3  10  70  11  78  12  44  13  42  14  91
  0  19  1  61  2  4  3  20  4  15  5  50  6  52  7  88  8  85  9  84  10  67  11  8  12  87  13  86  14  37
  0  62  1  51  2  2  3  93  4  37  5  15  6  49  7  52  8  66  9  76  10  77  11  45  12  27  13  12  14  57
  0  51  1  52  2  35  3  77  4  70  5  28  6  5  7  53  8  87  9  79  10  81  11  34  12  33  13  86  14  11
  0  87  1  26  2  66  3  80  4  94  5  55  6  25  7  69  8  76  9  54  10  60  11  96  12  48  13  52  14  62
  0  32  1  52  2  11  3  54  4  32  5  39  6  90  7  63  8  6  9  83  10  5  11  20  12  28  13  55  14  39
  0  18  1  55  2  85  3  59  4  83  5  16  6  2  7  34  8  51  9  62  10  8  11  43  12  23  13  32  14  53
  0  44  1  69  2  37  3  3  4  23  5  6  6  81  7  93  8  49  9  33  10  87  11  74  12  15  13  50  14  62
  0  25  1  20  2  59  3  50  4  15  5  42  6  25  7  47  8  68  9  4  10  64  11  69  12  14  13  5  14  73
  0  14  1  46  2  19  3  23  4  36  5  52  6  44  7  70  8  43  9  37  10  57  11  75  12  83  13  81  14  29
  0  18  1  63  2  18  3  85  4  54  5  39  6  78  7  32  8  60  9  56  10  88  11  61  12  44  13  32  14  82
  0  27  1  37  2  16  3  74  4  50  5  79  6  56  7  15  8  81  9  71  10  69  11  9  12  50  13  63  14  91
  0  80  1  60  2  78  3  47  4  6  5  24  6  24  7  79  8  51  9  35  10  14  11  13  12  99  13  34  14  6
  0  54  1  26  2  1  3  51  4  48  5  78  6  89  7  80  8  37  9  74  10  93  11  90  12  99  13  94  14  92
  0  1  1  73  2  66  3  26  4  96  5  69  6  52  7  97  8  77  9  41  10  77  11  12  12  71  13  75  14  82
  0  71  1  94  2  5  3  74  4  15  5  56  6  61  7  97  8  62  9  49  10  30  11  85  12  90  13  63  14  61
  0  24  1  73  2  26  3  54  4  55  5  41  6  42  7  24  8  19  9  49  10  3  11  11  12  71  13  72  14  75
  0  93  1  68  2  53  3  89  4  16  5  78  6  63  7  4  8  44  9  66  10  73  11  90  12  4  13  73  14  34
  0  88  1  72  2  73  3  11  4  9  5  23  6  83  7  25  8  96  9  45  10  60  11  93  12  73  13  87  14  18
  0  79  1  25  2  4  3  28  4  84  5  2  6  85  7  10  8  40  9  51  10  25  11  11  12  3  13  93  14  41
  0  33  1  37  2  18  3  41  4  64  5  46  6  53  7  35  8  7  9  96  10  44  11  6  12  30  13  25  14  43
  0  85  1  72  2  48  3  77  4  32  5  81  6  95  7  77  8  73  9  59  10  41  11  64  12  71  13  56  14  8
  0  31  1  35  2  30  3  64  4  63  5  61  6  62  7  50  8  94  9  9  10  3  11  78  12  82  13  17  14  72
  0  14  1  52  2  32  3  61  4  42  5  50  6  93  7  92  8  45  9  92  10  5  11  41  12  62  13  18  14  89
  0  22  1  20  2  56  3  96  4  99  5  33  6  95  7  19  8  79  9  20  10  3  11  24  12  67  13  92  14  12
  0  31  1  30  2  7  3  19  4  68  5  79  6  80  7  14  8  93  9  71  10  18  11  59  12  68  13  84  14  4
  0  92  1  24  2  21  3  52  4  7  5  50  6  48  7  11  8  41  9  86  10  73  11  76  12  78  13  27  14  20
  0  64  1  45  2  36  3  39  4  27  5  49  6  51  7  93  8  30  9  3  10  24  11  71  12  24  13  19  14  18
  0  45  1  65  2  78  3  60  4  65  5  88  6  3  7  32  8  52  9  17  10  85  11  29  12  46  13  70  14  56
  0  29  1  96  2  20  3  98  4  62  5  34  6  73  7  28  8  49  9  40  10  13  11  4  12  69  13  93  14  2
  0  48  1  69  2  93  3  49  4  72  5  22  6  58  7  93  8  47  9  94  10  59  11  22  12  70  13  97  14  45
  0  76  1  4  2  4  3  55  4  86  5  98  6  77  7  41  8  24  9  25  10  46  11  26  12  99  13  64  14  99
  0  82  1  16  2  55  3  5  4  24  5  59  6  78  7  70  8  1  9  6  10  26  11  5  12  84  13  49  14  97
  0  33  1  63  2  98  3  22  4  89  5  75  6  93  7  80  8  88  9  84  10  31  11  91  12  42  13  28  14  15
  0  88  1  76  2  30  3  56  4  82  5  69  6  49  7  99  8  12  9  9  10  89  11  42  12  7  13  41  14  17
  0  73  1  26  2  66  3  39  4  65  5  42  6  87  7  55  8  71  9  84  10  42  11  81  12  23  13  64  14  46
  0  94  1  32  2  40  3  48  4  71  5  41  6  4  7  71  8  4  9  77  10  90  11  77  12  15  13  94  14  41
  0  98  1  13  2  19  3  70  4  16  5  56  6  32  7  31  8  66  9  14  10  54  11  61  12  23  13  46  14  7
  0  59  1  86  2  43  3  78  4  37  5  55  6  87  7  14  8  26  9  85  10  41  11  1  12  44  13  55  14  62
  0  34  1  63  2  85  3  1  4  64  5  7  6  90  7  44  8  81  9  87  10  53  11  90  12  74  13  67  14  55
  0  88  1  65  2  78  3  3  4  61  5  33  6  60  7  25  8  6  9  45  10  89  11  48  12  37  13  80  14  10
  0  61  1  15  2  5  3  90  4  22  5  79  6  38  7  65  8  86  9  76  10  23  11  42  12  45  13  44  14  68
  0  68  1  3  2  11  3  57  4  5  5  48  6  9  7  25  8  44  9  73  10  97  11  33  12  67  13  61  14  84
TPM
  0  1131  1  1131  2  1131  3  1131  4  1131  5  1131  6  1131  7  1131  8  1131  9  1131  10  1131  11  1131  12  1131  13  1131  14  1131
PMT
  0  32  1  38  2  67  3  60  4  37  5  27  6  58  7  22  8  26  9  47  10  114  11  90  12  112  13  75  14  123
  0  70  1  89  2  47  3  85  4  19  5  24  6  4  7  115  8  16  9  43  10  102  11  8  12  100  13  123  14  80
  0  112  1  1  2  63  3  72  4  37  5  45  6  10  7  51  8  11  9  66  10  55  11  87  12  100  13  121  14  57
  0  47  1  48  2  31  3  31  4  68  5  115  6  117  7  77  8  30  9  21  10  90  11  119  12  32  13  26  14  21
  0  117  1  25  2  80  3  24  4  87  5  66  6  32  7  56  8  20  9  15  10  91  11  119  12  114  13  85  14  23
  0  77  1  98  2  5  3  61  4  90  5  83  6  12  7  70  8  49  9  93  10  122  11  22  12  73  13  114  14  106
  0  122  1  17  2  120  3  6  4  97  5  119  6  123  7  102  8  20  9  49  10  5  11  104  12  21  13  32  14  124
  0  119  1  73  2  27  3  4  4  29  5  103  6  48  7  50  8  121  9  99  10  46  11  30  12  51  13  8  14  12
  0  74  1  33  2  18  3  32  4  9  5  28  6  109  7  10  8  69  9  26  10  18  11  93  12  3  13  108  14  42
