500  5
  0  74  1  33  2  15  3  22  4  62
  0  74  1  77  2  18  3  10  4  9
  0  44  1  70  2  30  3  85  4  46
  0  6  1  42  2  75  3  99  4  81
  0  73  1  84  2  51  3  17  4  23
  0  58  1  74  2  54  3  27  4  15
  0  86  1  33  2  7  3  65  4  51
  0  29  1  94  2  35  3  13  4  72
  0  54  1  75  2  54  3  80  4  56
  0  30  1  88  2  54  3  79  4  13
  0  17  1  20  2  22  3  92  4  16
  0  10  1  69  2  1  3  46  4  41
  0  46  1  1  2  81  3  8  4  43
  0  96  1  1  2  97  3  98  4  61
  0  11  1  24  2  80  3  8  4  69
  0  3  1  91  2  45  3  32  4  35
  0  98  1  87  2  59  3  68  4  60
  0  2  1  35  2  47  3  90  4  18
  0  90  1  73  2  4  3  48  4  45
  0  51  1  12  2  65  3  93  4  62
  0  77  1  51  2  5  3  17  4  35
  0  24  1  19  2  73  3  47  4  79
  0  52  1  10  2  50  3  37  4  45
  0  5  1  97  2  44  3  15  4  47
  0  28  1  2  2  99  3  2  4  92
  0  15  1  5  2  77  3  33  4  55
  0  85  1  86  2  95  3  25  4  26
  0  97  1  3  2  37  3  9  4  9
  0  50  1  51  2  74  3  98  4  72
  0  40  1  16  2  34  3  8  4  74
  0  63  1  40  2  60  3  38  4  43
  0  60  1  21  2  28  3  38  4  62
  0  16  1  94  2  58  3  70  4  84
  0  22  1  8  2  26  3  9  4  57
  0  21  1  10  2  39  3  47  4  77
  0  78  1  92  2  25  3  45  4  95
  0  28  1  67  2  90  3  61  4  8
  0  9  1  67  2  65  3  12  4  86
  0  72  1  38  2  56  3  59  4  20
  0  46  1  38  2  99  3  86  4  66
  0  16  1  87  2  15  3  60  4  68
  0  26  1  91  2  87  3  28  4  63
  0  28  1  64  2  58  3  17  4  8
  0  54  1  28  2  90  3  93  4  18
  0  1  1  58  2  89  3  93  4  41
  0  66  1  8  2  75  3  16  4  41
  0  99  1  91  2  26  3  29  4  27
  0  25  1  7  2  16  3  97  4  17
  0  83  1  72  2  88  3  45  4  66
  0  39  1  29  2  72  3  17  4  55
  0  23  1  98  2  38  3  83  4  20
  0  76  1  45  2  83  3  81  4  57
  0  39  1  44  2  84  3  82  4  81
  0  75  1  69  2  54  3  37  4  18
  0  28  1  20  2  56  3  15  4  76
  0  76  1  80  2  68  3  66  4  74
  0  12  1  71  2  28  3  74  4  88
  0  69  1  49  2  92  3  35  4  19
  0  31  1  21  2  95  3  30  4  82
  0  28  1  62  2  18  3  30  4  79
  0  55  1  99  2  67  3  6  4  29
  0  97  1  69  2  28  3  94  4  61
  0  38  1  28  2  86  3  3  4  63
  0  93  1  29  2  97  3  11  4  6
  0  62  1  28  2  71  3  28  4  35
  0  39  1  35  2  25  3  87  4  42
  0  74  1  16  2  71  3  2  4  51
  0  41  1  75  2  75  3  69  4  6
  0  66  1  94  2  60  3  9  4  56
  0  5  1  57  2  86  3  54  4  17
  0  92  1  35  2  70  3  14  4  43
  0  75  1  72  2  34  3  85  4  75
  0  18  1  28  2  46  3  59  4  10
  0  33  1  67  2  51  3  57  4  45
  0  9  1  46  2  18  3  62  4  53
  0  98  1  73  2  34  3  14  4  66
  0  69  1  47  2  32  3  61  4  91
  0  20  1  16  2  91  3  86  4  94
  0  78  1  94  2  49  3  52  4  62
  0  90  1  10  2  75  3  56  4  18
  0  26  1  51  2  41  3  19  4  34
  0  82  1  36  2  90  3  31  4  37
  0  16  1  31  2  95  3  79  4  19
  0  20  1  46  2  39  3  82  4  36
  0  21  1  25  2  60  3  99  4  19
  0  86  1  19  2  73  3  24  4  78
  0  6  1  82  2  21  3  83  4  51
  0  25  1  65  2  91  3  33  4  82
  0  60  1  59  2  22  3  59  4  67
  0  73  1  95  2  6  3  43  4  8
  0  65  1  4  2  81  3  44  4  80
  0  20  1  3  2  97  3  85  4  53
  0  19  1  63  2  60  3  43  4  73
  0  74  1  47  2  2  3  26  4  48
  0  66  1  80  2  31  3  40  4  66
  0  13  1  33  2  62  3  54  4  71
  0  82  1  8  2  13  3  22  4  40
  0  96  1  86  2  89  3  16  4  47
  0  14  1  58  2  74  3  21  4  13
  0  57  1  99  2  6  3  67  4  16
  0  94  1  28  2  61  3  98  4  53
  0  14  1  61  2  38  3  56  4  46
  0  40  1  27  2  52  3  67  4  98
  0  48  1  31  2  44  3  31  4  53
  0  12  1  93  2  25  3  1  4  86
  0  14  1  8  2  37  3  10  4  2
  0  72  1  68  2  12  3  30  4  46
  0  60  1  74  2  12  3  93  4  62
  0  13  1  95  2  48  3  40  4  29
  0  58  1  23  2  77  3  54  4  70
  0  66  1  61  2  83  3  88  4  23
  0  74  1  63  2  73  3  43  4  54
  0  97  1  33  2  52  3  94  4  83
  0  72  1  49  2  95  3  83  4  57
  0  30  1  95  2  93  3  55  4  26
  0  36  1  78  2  98  3  15  4  32
  0  72  1  78  2  46  3  72  4  64
  0  81  1  84  2  57  3  28  4  1
  0  67  1  40  2  51  3  15  4  22
  0  59  1  82  2  92  3  98  4  41
  0  7  1  72  2  9  3  32  4  5
  0  35  1  74  2  98  3  56  4  52
  0  28  1  72  2  12  3  92  4  28
  0  54  1  25  2  14  3  65  4  8
  0  18  1  70  2  80  3  81  4  43
  0  8  1  26  2  62  3  40  4  51
  0  29  1  43  2  10  3  74  4  50
  0  48  1  64  2  20  3  43  4  70
  0  8  1  27  2  42  3  87  4  65
  0  56  1  67  2  80  3  75  4  27
  0  94  1  69  2  83  3  23  4  33
  0  23  1  39  2  20  3  31  4  36
  0  56  1  26  2  71  3  54  4  97
  0  71  1  48  2  3  3  6  4  60
  0  34  1  48  2  64  3  78  4  65
  0  2  1  87  2  33  3  24  4  34
  0  64  1  52  2  80  3  67  4  90
  0  73  1  29  2  68  3  90  4  1
  0  34  1  45  2  92  3  18  4  60
  0  38  1  14  2  73  3  72  4  37
  0  76  1  81  2  2  3  91  4  49
  0  4  1  31  2  70  3  98  4  9
  0  58  1  5  2  80  3  21  4  9
  0  10  1  18  2  4  3  23  4  78
  0  39  1  47  2  56  3  88  4  76
  0  44  1  34  2  61  3  40  4  80
  0  71  1  76  2  37  3  76  4  51
  0  13  1  73  2  49  3  1  4  84
  0  80  1  87  2  33  3  90  4  52
  0  56  1  38  2  89  3  59  4  69
  0  21  1  70  2  18  3  4  4  46
  0  94  1  97  2  47  3  29  4  2
  0  1  1  90  2  69  3  29  4  62
  0  9  1  40  2  86  3  38  4  4
  0  59  1  65  2  82  3  95  4  11
  0  97  1  44  2  79  3  7  4  78
  0  21  1  92  2  80  3  23  4  44
  0  55  1  79  2  29  3  11  4  86
  0  84  1  44  2  55  3  95  4  65
  0  84  1  43  2  12  3  76  4  42
  0  32  1  2  2  21  3  67  4  15
  0  77  1  58  2  39  3  64  4  5
  0  28  1  34  2  25  3  68  4  12
  0  69  1  29  2  37  3  58  4  86
  0  34  1  43  2  42  3  81  4  4
  0  84  1  38  2  17  3  82  4  92
  0  21  1  68  2  35  3  26  4  26
  0  78  1  54  2  98  3  40  4  37
  0  55  1  44  2  93  3  96  4  6
  0  62  1  75  2  3  3  69  4  25
  0  10  1  96  2  51  3  17  4  44
  0  13  1  86  2  40  3  41  4  80
  0  97  1  24  2  84  3  10  4  13
  0  1  1  41  2  20  3  39  4  46
  0  27  1  20  2  2  3  2  4  69
  0  87  1  15  2  9  3  83  4  70
  0  53  1  44  2  90  3  22  4  9
  0  31  1  35  2  47  3  80  4  41
  0  4  1  16  2  19  3  51  4  31
  0  72  1  24  2  96  3  60  4  43
  0  74  1  27  2  86  3  25  4  26
  0  79  1  98  2  13  3  15  4  12
  0  1  1  83  2  56  3  63  4  80
  0  55  1  18  2  25  3  61  4  1
  0  4  1  61  2  33  3  43  4  93
  0  90  1  74  2  17  3  14  4  32
  0  1  1  35  2  28  3  66  4  92
  0  97  1  89  2  73  3  2  4  59
  0  82  1  49  2  41  3  5  4  44
  0  95  1  87  2  26  3  52  4  62
  0  67  1  95  2  12  3  68  4  13
  0  68  1  81  2  28  3  82  4  62
  0  17  1  67  2  12  3  15  4  32
  0  13  1  16  2  90  3  93  4  77
  0  76  1  99  2  11  3  66  4  74
  0  59  1  70  2  1  3  47  4  93
  0  51  1  26  2  5  3  66  4  1
  0  30  1  3  2  77  3  54  4  19
  0  73  1  86  2  56  3  9  4  63
  0  34  1  80  2  34  3  33  4  63
  0  79  1  76  2  94  3  85  4  5
  0  77  1  17  2  28  3  80  4  83
  0  20  1  51  2  19  3  16  4  23
  0  49  1  5  2  3  3  40  4  40
  0  2  1  89  2  15  3  25  4  47
  0  11  1  57  2  77  3  36  4  16
  0  19  1  85  2  24  3  53  4  7
  0  55  1  83  2  72  3  40  4  49
  0  5  1  93  2  93  3  25  4  21
  0  57  1  74  2  93  3  97  4  44
  0  37  1  11  2  25  3  37  4  29
  0  69  1  89  2  69  3  18  4  61
  0  21  1  67  2  51  3  31  4  46
  0  86  1  39  2  27  3  82  4  5
  0  66  1  20  2  66  3  28  4  82
  0  73  1  88  2  92  3  12  4  54
  0  91  1  3  2  82  3  25  4  40
  0  28  1  87  2  70  3  75  4  29
  0  98  1  37  2  25  3  17  4  10
  0  86  1  3  2  48  3  93  4  3
  0  49  1  5  2  68  3  94  4  74
  0  25  1  28  2  87  3  19  4  84
  0  90  1  92  2  38  3  26  4  45
  0  99  1  76  2  1  3  17  4  38
  0  84  1  77  2  77  3  86  4  98
  0  14  1  75  2  42  3  90  4  8
  0  51  1  67  2  45  3  67  4  70
  0  87  1  30  2  72  3  95  4  92
  0  68  1  19  2  66  3  80  4  29
  0  54  1  65  2  38  3  78  4  61
  0  90  1  38  2  86  3  47  4  62
  0  27  1  58  2  26  3  31  4  97
  0  44  1  29  2  67  3  89  4  46
  0  61  1  50  2  66  3  21  4  1
  0  81  1  45  2  62  3  97  4  99
  0  96  1  92  2  23  3  63  4  22
  0  5  1  89  2  37  3  94  4  39
  0  19  1  82  2  6  3  86  4  44
  0  59  1  60  2  39  3  69  4  75
  0  20  1  43  2  26  3  36  4  60
  0  26  1  86  2  6  3  36  4  88
  0  46  1  48  2  26  3  98  4  64
  0  36  1  21  2  27  3  32  4  34
  0  88  1  90  2  15  3  99  4  5
  0  25  1  75  2  46  3  46  4  86
  0  84  1  82  2  89  3  40  4  67
  0  7  1  56  2  11  3  52  4  14
  0  87  1  96  2  10  3  73  4  63
  0  55  1  7  2  54  3  82  4  31
  0  9  1  14  2  61  3  76  4  7
  0  96  1  37  2  84  3  52  4  79
  0  77  1  41  2  25  3  76  4  17
  0  54  1  66  2  93  3  95  4  32
  0  64  1  81  2  54  3  3  4  53
  0  40  1  11  2  9  3  70  4  67
  0  41  1  17  2  8  3  57  4  10
  0  23  1  9  2  86  3  51  4  36
  0  24  1  47  2  84  3  92  4  33
  0  19  1  1  2  20  3  71  4  80
  0  81  1  35  2  36  3  7  4  26
  0  86  1  61  2  10  3  78  4  45
  0  74  1  1  2  10  3  1  4  88
  0  97  1  88  2  43  3  80  4  8
  0  27  1  17  2  60  3  40  4  7
  0  73  1  51  2  48  3  21  4  81
  0  2  1  99  2  73  3  53  4  25
  0  18  1  23  2  92  3  40  4  51
  0  82  1  89  2  31  3  57  4  89
  0  9  1  80  2  22  3  13  4  43
  0  27  1  25  2  75  3  27  4  53
  0  49  1  90  2  51  3  14  4  80
  0  44  1  1  2  46  3  39  4  87
  0  10  1  34  2  68  3  1  4  27
  0  15  1  30  2  50  3  7  4  49
  0  16  1  59  2  85  3  83  4  64
  0  52  1  13  2  1  3  31  4  43
  0  32  1  14  2  68  3  89  4  36
  0  53  1  7  2  17  3  51  4  65
  0  36  1  99  2  18  3  12  4  37
  0  44  1  62  2  34  3  16  4  12
  0  98  1  31  2  31  3  83  4  85
  0  68  1  15  2  35  3  36  4  96
  0  42  1  9  2  60  3  73  4  92
  0  66  1  75  2  93  3  96  4  70
  0  22  1  90  2  78  3  41  4  77
  0  52  1  30  2  74  3  35  4  62
  0  80  1  12  2  9  3  76  4  35
  0  9  1  81  2  74  3  13  4  49
  0  83  1  57  2  5  3  82  4  6
  0  82  1  18  2  90  3  55  4  58
  0  94  1  16  2  16  3  21  4  8
  0  5  1  79  2  93  3  82  4  44
  0  44  1  87  2  94  3  95  4  19
  0  79  1  36  2  64  3  56  4  13
  0  49  1  39  2  14  3  67  4  88
  0  9  1  23  2  16  3  43  4  40
  0  2  1  63  2  23  3  50  4  49
  0  29  1  15  2  37  3  3  4  22
  0  51  1  37  2  54  3  16  4  33
  0  22  1  47  2  30  3  18  4  62
  0  9  1  65  2  67  3  6  4  75
  0  61  1  92  2  64  3  35  4  63
  0  67  1  99  2  81  3  21  4  78
  0  52  1  53  2  54  3  46  4  44
  0  17  1  66  2  25  3  72  4  92
  0  76  1  71  2  55  3  55  4  12
  0  44  1  98  2  52  3  82  4  62
  0  11  1  9  2  15  3  41  4  57
  0  26  1  39  2  90  3  64  4  95
  0  38  1  37  2  82  3  72  4  9
  0  93  1  91  2  78  3  1  4  14
  0  1  1  51  2  16  3  85  4  66
  0  41  1  6  2  52  3  50  4  14
  0  86  1  78  2  71  3  39  4  51
  0  84  1  32  2  45  3  75  4  18
  0  33  1  89  2  18  3  51  4  86
  0  64  1  75  2  7  3  99  4  34
  0  47  1  59  2  6  3  87  4  4
  0  54  1  36  2  42  3  87  4  56
  0  78  1  35  2  69  3  16  4  62
  0  82  1  39  2  1  3  62  4  6
  0  26  1  52  2  17  3  44  4  59
  0  46  1  90  2  5  3  6  4  83
  0  49  1  20  2  69  3  26  4  4
  0  20  1  27  2  58  3  52  4  34
  0  27  1  47  2  27  3  68  4  92
  0  22  1  19  2  44  3  90  4  93
  0  57  1  85  2  65  3  98  4  30
  0  81  1  55  2  28  3  5  4  78
  0  22  1  72  2  76  3  60  4  80
  0  6  1  45  2  35  3  95  4  78
  0  11  1  34  2  91  3  93  4  21
  0  85  1  90  2  97  3  32  4  19
  0  64  1  94  2  56  3  25  4  85
  0  66  1  99  2  61  3  92  4  78
  0  21  1  86  2  17  3  76  4  77
  0  68  1  35  2  19  3  12  4  78
  0  38  1  97  2  15  3  96  4  41
  0  40  1  70  2  67  3  64  4  96
  0  50  1  90  2  65  3  60  4  34
  0  29  1  3  2  63  3  56  4  82
  0  58  1  53  2  17  3  45  4  54
  0  48  1  5  2  48  3  35  4  11
  0  18  1  64  2  4  3  3  4  75
  0  15  1  33  2  6  3  66  4  13
  0  88  1  21  2  80  3  30  4  43
  0  73  1  96  2  68  3  51  4  99
  0  41  1  84  2  30  3  88  4  49
  0  83  1  67  2  92  3  70  4  90
  0  28  1  52  2  12  3  68  4  63
  0  77  1  11  2  22  3  19  4  90
  0  85  1  33  2  7  3  27  4  88
  0  99  1  90  2  46  3  82  4  76
  0  84  1  88  2  1  3  43  4  82
  0  93  1  58  2  44  3  59  4  66
  0  42  1  77  2  6  3  43  4  73
  0  32  1  6  2  12  3  50  4  90
  0  46  1  66  2  82  3  52  4  32
  0  22  1  95  2  49  3  48  4  15
  0  64  1  50  2  79  3  43  4  92
  0  76  1  86  2  56  3  70  4  84
  0  5  1  75  2  46  3  78  4  7
  0  8  1  17  2  59  3  42  4  93
  0  27  1  30  2  57  3  84  4  1
  0  10  1  49  2  64  3  83  4  19
  0  3  1  42  2  47  3  50  4  31
  0  78  1  80  2  39  3  7  4  40
  0  90  1  76  2  47  3  81  4  67
  0  52  1  12  2  98  3  88  4  18
  0  3  1  15  2  83  3  92  4  91
  0  72  1  61  2  59  3  12  4  64
  0  89  1  37  2  82  3  19  4  67
  0  5  1  54  2  12  3  34  4  26
  0  3  1  85  2  9  3  5  4  3
  0  93  1  47  2  47  3  51  4  93
  0  67  1  42  2  39  3  67  4  69
  0  66  1  80  2  33  3  71  4  69
  0  46  1  82  2  10  3  21  4  64
  0  61  1  97  2  1  3  86  4  60
  0  34  1  71  2  32  3  10  4  98
  0  69  1  55  2  74  3  86  4  1
  0  96  1  97  2  64  3  28  4  22
  0  45  1  45  2  78  3  53  4  47
  0  19  1  20  2  47  3  34  4  98
  0  78  1  69  2  13  3  39  4  94
  0  83  1  45  2  66  3  47  4  45
  0  7  1  13  2  83  3  60  4  40
  0  43  1  39  2  68  3  42  4  25
  0  36  1  43  2  45  3  74  4  98
  0  34  1  72  2  76  3  8  4  78
  0  82  1  66  2  4  3  63  4  43
  0  29  1  2  2  23  3  87  4  27
  0  65  1  89  2  46  3  91  4  75
  0  44  1  54  2  31  3  76  4  29
  0  85  1  27  2  92  3  15  4  64
  0  32  1  31  2  42  3  41  4  97
  0  42  1  78  2  44  3  84  4  83
  0  59  1  48  2  36  3  6  4  1
  0  11  1  18  2  76  3  5  4  74
  0  55  1  85  2  2  3  34  4  26
  0  19  1  89  2  11  3  80  4  84
  0  69  1  1  2  98  3  22  4  90
  0  63  1  19  2  46  3  52  4  87
  0  78  1  90  2  14  3  50  4  61
  0  52  1  35  2  38  3  49  4  71
  0  30  1  15  2  7  3  71  4  1
  0  48  1  57  2  59  3  4  4  31
  0  28  1  65  2  59  3  54  4  65
  0  55  1  91  2  25  3  62  4  58
  0  75  1  32  2  35  3  87  4  29
  0  1  1  40  2  51  3  64  4  97
  0  40  1  78  2  97  3  68  4  33
  0  1  1  75  2  19  3  15  4  79
  0  72  1  83  2  45  3  53  4  56
  0  29  1  28  2  56  3  48  4  90
  0  30  1  30  2  94  3  49  4  95
  0  27  1  52  2  73  3  39  4  76
  0  45  1  16  2  16  3  65  4  34
  0  10  1  4  2  59  3  35  4  16
  0  44  1  52  2  40  3  31  4  41
  0  29  1  55  2  26  3  91  4  85
  0  61  1  99  2  7  3  28  4  28
  0  60  1  62  2  50  3  77  4  72
  0  59  1  66  2  56  3  22  4  12
  0  40  1  64  2  91  3  69  4  44
  0  55  1  63  2  52  3  36  4  96
  0  66  1  58  2  37  3  69  4  52
  0  70  1  45  2  27  3  66  4  62
  0  31  1  63  2  41  3  91  4  86
  0  41  1  26  2  33  3  23  4  96
  0  47  1  68  2  48  3  5  4  45
  0  67  1  68  2  84  3  36  4  99
  0  83  1  80  2  6  3  70  4  87
  0  32  1  13  2  83  3  76  4  37
  0  85  1  47  2  34  3  56  4  16
  0  2  1  57  2  30  3  90  4  26
  0  14  1  84  2  24  3  35  4  75
  0  70  1  76  2  14  3  56  4  39
  0  61  1  7  2  31  3  70  4  92
  0  84  1  53  2  96  3  17  4  59
  0  58  1  75  2  27  3  95  4  45
  0  36  1  63  2  66  3  68  4  69
  0  47  1  36  2  67  3  61  4  85
  0  70  1  46  2  69  3  66  4  9
  0  48  1  10  2  17  3  52  4  8
  0  95  1  98  2  41  3  71  4  39
  0  74  1  35  2  11  3  27  4  34
  0  25  1  85  2  1  3  12  4  18
  0  18  1  37  2  5  3  96  4  78
  0  84  1  69  2  39  3  23  4  7
  0  74  1  37  2  99  3  52  4  31
  0  71  1  30  2  25  3  21  4  12
  0  44  1  54  2  95  3  54  4  90
  0  66  1  31  2  34  3  92  4  20
  0  42  1  45  2  92  3  50  4  99
  0  70  1  7  2  34  3  10  4  13
  0  9  1  81  2  38  3  64  4  77
  0  96  1  87  2  59  3  5  4  78
  0  82  1  3  2  36  3  55  4  94
  0  69  1  95  2  66  3  16  4  7
  0  16  1  30  2  84  3  95  4  67
  0  74  1  92  2  54  3  74  4  12
  0  48  1  73  2  45  3  89  4  67
  0  39  1  65  2  42  3  17  4  65
  0  25  1  17  2  33  3  53  4  78
  0  79  1  84  2  39  3  61  4  95
  0  65  1  7  2  20  3  43  4  25
  0  76  1  8  2  19  3  73  4  78
  0  66  1  37  2  23  3  10  4  12
  0  21  1  53  2  92  3  58  4  57
  0  5  1  1  2  76  3  48  4  50
  0  33  1  62  2  81  3  82  4  32
  0  63  1  16  2  31  3  83  4  83
  0  37  1  97  2  48  3  66  4  41
  0  56  1  6  2  36  3  50  4  76
  0  19  1  30  2  60  3  59  4  41
  0  68  1  82  2  87  3  31  4  31
  0  27  1  37  2  47  3  48  4  38
  0  6  1  23  2  15  3  85  4  42
  0  68  1  98  2  61  3  89  4  34
  0  86  1  41  2  82  3  32  4  95
  0  14  1  52  2  3  3  57  4  89
  0  29  1  80  2  18  3  27  4  51
  0  82  1  52  2  49  3  23  4  32
  0  55  1  44  2  73  3  94  4  70
  0  59  1  3  2  73  3  71  4  37
  0  38  1  13  2  99  3  64  4  21
  0  84  1  26  2  9  3  94  4  75
  0  91  1  84  2  79  3  91  4  48
  0  72  1  35  2  37  3  90  4  61
  0  65  1  58  2  71  3  18  4  6
  0  39  1  21  2  84  3  95  4  96
  0  24  1  55  2  34  3  20  4  26
  0  3  1  66  2  25  3  68  4  36
  0  51  1  56  2  69  3  17  4  7
  0  38  1  9  2  68  3  31  4  36
  0  86  1  51  2  46  3  27  4  46
  0  96  1  26  2  54  3  98  4  6
  0  78  1  18  2  88  3  75  4  18
  0  50  1  76  2  92  3  39  4  46
TPM
  0  2546  1  2546  2  2546  3  2546  4  2546
PMT
  0  23  1  15  2  51  3  55  4  50
  0  40  1  61  2  48  3  51  4  27
  0  59  1  57  2  52  3  40  4  57
  0  55  1  68  2  27  3  42  4  35
  0  54  1  47  2  65  3  73  4  13
  0  22  1  62  2  42  3  37  4  13
  0  65  1  57  2  62  3  74  4  73
  0  45  1  74  2  42  3  41  4  74
  0  6  1  49  2  57  3  12  4  43
  0  35  1  67  2  51  3  66  4  11
  0  18  1  23  2  41  3  68  4  24
  0  62  1  51  2  13  3  56  4  36
  0  25  1  2  2  64  3  56  4  46
  0  31  1  66  2  47  3  15  4  61
  0  36  1  42  2  16  3  16  4  48
  0  51  1  44  2  44  3  38  4  7
  0  57  1  22  2  41  3  22  4  68
  0  15  1  2  2  74  3  18  4  9
  0  66  1  69  2  3  3  17  4  26
  0  25  1  48  2  19  3  70  4  23
