100  10
  0  89  1  72  2  33  3  74  4  15  5  2  6  7  7  64  8  40  9  53
  0  41  1  28  2  48  3  45  4  40  5  69  6  6  7  66  8  51  9  64
  0  75  1  99  2  76  3  96  4  8  5  15  6  85  7  31  8  13  9  91
  0  13  1  92  2  86  3  65  4  63  5  65  6  37  7  25  8  35  9  45
  0  33  1  79  2  59  3  84  4  73  5  87  6  99  7  25  8  65  9  25
  0  67  1  16  2  25  3  19  4  35  5  47  6  72  7  73  8  75  9  56
  0  68  1  79  2  37  3  77  4  9  5  73  6  41  7  58  8  98  9  87
  0  73  1  53  2  43  3  10  4  77  5  56  6  39  7  42  8  1  9  55
  0  66  1  37  2  40  3  13  4  94  5  27  6  79  7  92  8  59  9  5
  0  29  1  5  2  77  3  96  4  1  5  30  6  9  7  53  8  86  9  41
  0  72  1  40  2  15  3  44  4  83  5  98  6  10  7  1  8  69  9  29
  0  72  1  6  2  71  3  93  4  65  5  20  6  53  7  50  8  65  9  3
  0  64  1  73  2  10  3  89  4  37  5  10  6  74  7  87  8  4  9  80
  0  20  1  7  2  69  3  29  4  31  5  54  6  83  7  71  8  23  9  34
  0  82  1  12  2  74  3  53  4  6  5  7  6  41  7  11  8  5  9  7
  0  25  1  34  2  96  3  16  4  37  5  80  6  32  7  31  8  54  9  18
  0  76  1  53  2  65  3  59  4  41  5  95  6  66  7  5  8  83  9  26
  0  33  1  30  2  80  3  1  4  91  5  8  6  57  7  9  8  65  9  68
  0  96  1  10  2  70  3  22  4  81  5  38  6  76  7  5  8  35  9  16
  0  62  1  24  2  73  3  88  4  46  5  10  6  77  7  79  8  46  9  1
  0  39  1  26  2  10  3  19  4  57  5  49  6  33  7  13  8  79  9  52
  0  39  1  81  2  13  3  71  4  87  5  87  6  54  7  17  8  48  9  46
  0  9  1  68  2  50  3  39  4  4  5  24  6  90  7  75  8  7  9  10
  0  69  1  27  2  21  3  10  4  72  5  89  6  95  7  58  8  38  9  45
  0  89  1  10  2  63  3  46  4  76  5  94  6  39  7  33  8  68  9  98
  0  23  1  48  2  8  3  36  4  91  5  30  6  41  7  18  8  25  9  82
  0  98  1  17  2  12  3  54  4  12  5  84  6  93  7  89  8  67  9  72
  0  70  1  13  2  68  3  75  4  42  5  69  6  50  7  81  8  64  9  45
  0  89  1  99  2  24  3  13  4  70  5  11  6  90  7  98  8  25  9  48
  0  78  1  65  2  58  3  23  4  27  5  34  6  12  7  26  8  95  9  23
  0  33  1  82  2  21  3  56  4  60  5  61  6  81  7  63  8  36  9  27
  0  79  1  91  2  98  3  9  4  25  5  96  6  29  7  31  8  74  9  77
  0  57  1  15  2  82  3  64  4  33  5  47  6  44  7  1  8  30  9  81
  0  55  1  52  2  41  3  25  4  7  5  51  6  76  7  3  8  86  9  47
  0  74  1  23  2  78  3  23  4  87  5  82  6  52  7  18  8  2  9  81
  0  1  1  32  2  4  3  35  4  68  5  31  6  9  7  1  8  69  9  72
  0  94  1  70  2  97  3  98  4  33  5  81  6  71  7  5  8  89  9  53
  0  66  1  51  2  45  3  54  4  30  5  75  6  65  7  49  8  83  9  49
  0  95  1  90  2  51  3  60  4  94  5  49  6  72  7  22  8  8  9  95
  0  85  1  49  2  45  3  80  4  3  5  39  6  34  7  77  8  86  9  56
  0  36  1  86  2  30  3  11  4  67  5  4  6  78  7  64  8  55  9  7
  0  46  1  23  2  11  3  33  4  34  5  93  6  26  7  17  8  28  9  3
  0  94  1  35  2  52  3  15  4  35  5  69  6  97  7  10  8  61  9  85
  0  49  1  79  2  18  3  98  4  89  5  70  6  98  7  47  8  49  9  89
  0  91  1  24  2  22  3  30  4  32  5  27  6  84  7  97  8  54  9  18
  0  72  1  45  2  72  3  18  4  4  5  36  6  34  7  65  8  64  9  5
  0  22  1  23  2  82  3  78  4  2  5  5  6  57  7  81  8  36  9  58
  0  39  1  34  2  26  3  40  4  42  5  16  6  34  7  38  8  65  9  68
  0  3  1  52  2  45  3  30  4  81  5  40  6  54  7  61  8  24  9  69
  0  37  1  74  2  11  3  52  4  36  5  93  6  15  7  38  8  48  9  4
  0  15  1  5  2  24  3  62  4  23  5  64  6  91  7  87  8  83  9  77
  0  64  1  35  2  57  3  40  4  86  5  48  6  3  7  90  8  90  9  22
  0  99  1  49  2  99  3  30  4  12  5  80  6  86  7  93  8  53  9  57
  0  78  1  6  2  12  3  48  4  56  5  24  6  59  7  76  8  4  9  9
  0  32  1  99  2  96  3  61  4  70  5  24  6  37  7  93  8  55  9  57
  0  79  1  33  2  73  3  46  4  86  5  36  6  97  7  62  8  39  9  85
  0  72  1  36  2  64  3  62  4  39  5  48  6  65  7  50  8  29  9  25
  0  65  1  98  2  23  3  5  4  5  5  42  6  56  7  63  8  42  9  71
  0  99  1  19  2  62  3  91  4  69  5  68  6  86  7  20  8  30  9  94
  0  22  1  4  2  96  3  71  4  26  5  55  6  51  7  57  8  56  9  52
  0  38  1  32  2  17  3  37  4  88  5  41  6  55  7  6  8  92  9  40
  0  44  1  93  2  31  3  53  4  58  5  77  6  25  7  96  8  39  9  63
  0  61  1  22  2  91  3  19  4  9  5  80  6  84  7  76  8  40  9  25
  0  9  1  29  2  8  3  85  4  45  5  61  6  49  7  97  8  43  9  14
  0  23  1  55  2  91  3  79  4  88  5  31  6  62  7  55  8  94  9  82
  0  33  1  7  2  32  3  33  4  32  5  33  6  61  7  99  8  61  9  26
  0  37  1  94  2  84  3  60  4  71  5  49  6  94  7  64  8  15  9  14
  0  90  1  59  2  53  3  33  4  32  5  58  6  46  7  19  8  46  9  70
  0  43  1  46  2  13  3  49  4  70  5  63  6  52  7  82  8  67  9  86
  0  80  1  9  2  13  3  6  4  16  5  6  6  78  7  51  8  55  9  99
  0  83  1  68  2  45  3  69  4  56  5  15  6  14  7  64  8  20  9  78
  0  56  1  50  2  53  3  78  4  70  5  46  6  95  7  91  8  87  9  34
  0  5  1  19  2  67  3  39  4  77  5  94  6  16  7  13  8  92  9  95
  0  74  1  76  2  45  3  91  4  81  5  4  6  66  7  62  8  90  9  41
  0  64  1  69  2  20  3  7  4  18  5  42  6  51  7  11  8  15  9  43
  0  2  1  89  2  15  3  93  4  48  5  40  6  77  7  90  8  71  9  9
  0  88  1  52  2  46  3  64  4  74  5  55  6  98  7  54  8  82  9  60
  0  12  1  40  2  70  3  42  4  38  5  34  6  47  7  68  8  53  9  17
  0  25  1  88  2  84  3  82  4  5  5  30  6  53  7  42  8  2  9  19
  0  48  1  4  2  59  3  64  4  18  5  86  6  39  7  76  8  27  9  47
  0  67  1  11  2  35  3  19  4  72  5  46  6  86  7  11  8  63  9  59
  0  25  1  93  2  11  3  43  4  50  5  79  6  45  7  66  8  11  9  81
  0  76  1  99  2  86  3  91  4  9  5  43  6  90  7  29  8  94  9  20
  0  19  1  39  2  48  3  37  4  14  5  46  6  40  7  24  8  23  9  94
  0  4  1  87  2  64  3  27  4  48  5  67  6  41  7  79  8  68  9  60
  0  53  1  5  2  68  3  50  4  6  5  49  6  56  7  71  8  14  9  32
  0  83  1  93  2  55  3  21  4  18  5  85  6  7  7  94  8  84  9  15
  0  75  1  30  2  19  3  95  4  25  5  64  6  1  7  69  8  28  9  15
  0  75  1  93  2  14  3  65  4  80  5  80  6  97  7  34  8  35  9  4
  0  90  1  93  2  40  3  51  4  44  5  17  6  30  7  18  8  72  9  48
  0  55  1  52  2  53  3  42  4  75  5  97  6  9  7  7  8  21  9  98
  0  5  1  51  2  26  3  63  4  28  5  25  6  59  7  98  8  35  9  89
  0  91  1  61  2  74  3  72  4  86  5  91  6  18  7  82  8  5  9  20
  0  71  1  96  2  39  3  66  4  40  5  38  6  51  7  76  8  71  9  16
  0  50  1  53  2  93  3  85  4  48  5  89  6  30  7  52  8  84  9  6
  0  65  1  40  2  86  3  39  4  70  5  82  6  35  7  61  8  38  9  9
  0  25  1  96  2  65  3  37  4  65  5  81  6  97  7  11  8  39  9  84
  0  19  1  11  2  20  3  74  4  44  5  48  6  32  7  13  8  60  9  23
  0  80  1  98  2  12  3  93  4  97  5  1  6  36  7  97  8  84  9  48
  0  90  1  15  2  39  3  73  4  19  5  76  6  99  7  17  8  61  9  33
TPM
  0  1131  1  1131  2  1131  3  1131  4  1131  5  1131  6  1131  7  1131  8  1131  9  1131
PMT
  0  24  1  24  2  5  3  34  4  25  5  25  6  15  7  2  8  16  9  47
  0  28  1  12  2  4  3  35  4  37  5  20  6  6  7  39  8  40  9  23
  0  13  1  43  2  44  3  29  4  29  5  47  6  47  7  14  8  23  9  44
  0  23  1  31  2  48  3  30  4  25  5  11  6  25  7  8  8  27  9  23
  0  34  1  7  2  30  3  23  4  32  5  6  6  16  7  26  8  17  9  40
  0  31  1  9  2  19  3  30  4  37  5  13  6  29  7  14  8  32  9  6
  0  26  1  4  2  21  3  18  4  12  5  42  6  2  7  31  8  9  9  23
  0  23  1  4  2  11  3  35  4  7  5  45  6  46  7  1  8  19  9  43
  0  40  1  40  2  47  3  29  4  43  5  47  6  7  7  18  8  39  9  28
