500  10
  0  3  1  97  2  89  3  93  4  46  5  71  6  51  7  10  8  9  9  44
  0  30  1  16  2  4  3  38  4  68  5  95  6  68  7  46  8  40  9  76
  0  70  1  80  2  45  3  6  4  98  5  54  6  55  7  11  8  30  9  22
  0  79  1  18  2  64  3  80  4  85  5  14  6  65  7  95  8  6  9  53
  0  61  1  17  2  4  3  63  4  78  5  76  6  89  7  83  8  27  9  12
  0  6  1  52  2  46  3  46  4  14  5  33  6  90  7  96  8  64  9  23
  0  11  1  32  2  36  3  2  4  51  5  71  6  53  7  14  8  92  9  97
  0  40  1  82  2  80  3  47  4  60  5  7  6  42  7  80  8  55  9  89
  0  67  1  45  2  75  3  86  4  19  5  99  6  67  7  93  8  88  9  50
  0  67  1  98  2  7  3  13  4  5  5  62  6  6  7  23  8  31  9  21
  0  49  1  28  2  8  3  6  4  6  5  63  6  31  7  37  8  31  9  74
  0  80  1  31  2  63  3  40  4  10  5  20  6  77  7  28  8  21  9  98
  0  32  1  62  2  90  3  16  4  96  5  96  6  36  7  91  8  77  9  22
  0  52  1  38  2  43  3  56  4  35  5  85  6  34  7  83  8  91  9  70
  0  16  1  49  2  2  3  25  4  91  5  30  6  64  7  70  8  94  9  30
  0  60  1  10  2  22  3  70  4  8  5  79  6  93  7  78  8  3  9  84
  0  25  1  98  2  44  3  47  4  61  5  63  6  15  7  36  8  17  9  14
  0  62  1  51  2  1  3  57  4  76  5  93  6  41  7  87  8  90  9  30
  0  24  1  19  2  39  3  43  4  17  5  99  6  39  7  21  8  41  9  21
  0  94  1  37  2  15  3  20  4  31  5  4  6  77  7  44  8  14  9  21
  0  67  1  50  2  10  3  47  4  21  5  18  6  79  7  57  8  5  9  26
  0  34  1  69  2  5  3  22  4  83  5  62  6  31  7  67  8  47  9  98
  0  17  1  48  2  24  3  45  4  20  5  90  6  32  7  41  8  45  9  10
  0  68  1  56  2  54  3  77  4  46  5  55  6  46  7  12  8  9  9  38
  0  87  1  94  2  38  3  36  4  58  5  82  6  89  7  84  8  39  9  76
  0  42  1  97  2  32  3  49  4  24  5  9  6  23  7  58  8  62  9  70
  0  1  1  82  2  84  3  12  4  6  5  70  6  29  7  99  8  77  9  86
  0  82  1  61  2  98  3  84  4  38  5  52  6  87  7  55  8  24  9  79
  0  71  1  21  2  78  3  27  4  29  5  77  6  46  7  27  8  12  9  6
  0  32  1  76  2  65  3  1  4  37  5  5  6  7  7  90  8  59  9  28
  0  49  1  50  2  38  3  54  4  55  5  24  6  67  7  18  8  78  9  10
  0  23  1  67  2  17  3  83  4  56  5  27  6  83  7  49  8  64  9  4
  0  84  1  57  2  45  3  24  4  41  5  16  6  74  7  8  8  99  9  90
  0  85  1  18  2  29  3  78  4  33  5  43  6  85  7  81  8  54  9  10
  0  2  1  31  2  93  3  20  4  23  5  35  6  21  7  59  8  4  9  46
  0  71  1  40  2  46  3  75  4  2  5  51  6  14  7  94  8  13  9  43
  0  85  1  12  2  2  3  70  4  17  5  9  6  46  7  57  8  23  9  63
  0  22  1  80  2  8  3  16  4  12  5  60  6  93  7  37  8  62  9  17
  0  33  1  14  2  80  3  43  4  10  5  61  6  98  7  75  8  53  9  16
  0  39  1  85  2  23  3  84  4  44  5  15  6  46  7  44  8  75  9  28
  0  9  1  17  2  87  3  59  4  33  5  76  6  27  7  63  8  91  9  38
  0  18  1  16  2  44  3  60  4  26  5  19  6  95  7  56  8  27  9  89
  0  9  1  75  2  13  3  59  4  28  5  28  6  97  7  7  8  81  9  49
  0  40  1  88  2  92  3  27  4  65  5  53  6  93  7  39  8  56  9  56
  0  37  1  77  2  67  3  1  4  45  5  60  6  61  7  74  8  32  9  40
  0  73  1  61  2  17  3  79  4  60  5  43  6  74  7  49  8  91  9  30
  0  23  1  55  2  80  3  71  4  31  5  17  6  65  7  43  8  91  9  43
  0  86  1  16  2  9  3  83  4  39  5  42  6  75  7  50  8  61  9  22
  0  55  1  31  2  18  3  38  4  91  5  51  6  79  7  65  8  94  9  47
  0  99  1  91  2  1  3  57  4  55  5  13  6  90  7  51  8  89  9  89
  0  10  1  44  2  78  3  73  4  42  5  73  6  4  7  36  8  8  9  32
  0  22  1  70  2  10  3  87  4  39  5  42  6  35  7  27  8  40  9  7
  0  79  1  8  2  40  3  28  4  80  5  14  6  45  7  50  8  44  9  32
  0  40  1  29  2  15  3  10  4  58  5  10  6  30  7  51  8  78  9  7
  0  48  1  71  2  56  3  33  4  48  5  6  6  8  7  71  8  28  9  56
  0  80  1  98  2  75  3  6  4  80  5  99  6  57  7  46  8  49  9  21
  0  71  1  1  2  11  3  71  4  54  5  22  6  27  7  57  8  25  9  14
  0  26  1  6  2  35  3  96  4  1  5  26  6  28  7  23  8  93  9  3
  0  37  1  4  2  11  3  26  4  87  5  7  6  29  7  96  8  62  9  41
  0  88  1  66  2  62  3  38  4  91  5  7  6  60  7  77  8  54  9  1
  0  36  1  44  2  55  3  8  4  40  5  3  6  10  7  63  8  19  9  14
  0  57  1  87  2  11  3  48  4  9  5  23  6  79  7  63  8  42  9  32
  0  58  1  51  2  4  3  29  4  12  5  63  6  69  7  2  8  48  9  86
  0  77  1  75  2  30  3  17  4  18  5  17  6  65  7  47  8  62  9  63
  0  94  1  91  2  58  3  55  4  78  5  81  6  26  7  75  8  72  9  19
  0  20  1  50  2  39  3  88  4  56  5  50  6  25  7  36  8  24  9  96
  0  16  1  74  2  9  3  69  4  32  5  91  6  13  7  62  8  50  9  51
  0  51  1  45  2  39  3  11  4  50  5  10  6  55  7  10  8  82  9  23
  0  45  1  5  2  9  3  17  4  35  5  34  6  28  7  76  8  15  9  52
  0  31  1  10  2  42  3  78  4  27  5  21  6  25  7  22  8  84  9  2
  0  63  1  2  2  95  3  30  4  43  5  62  6  82  7  34  8  37  9  55
  0  67  1  55  2  34  3  43  4  1  5  28  6  6  7  30  8  20  9  53
  0  99  1  50  2  63  3  38  4  90  5  51  6  84  7  22  8  49  9  47
  0  21  1  18  2  6  3  47  4  32  5  40  6  6  7  78  8  97  9  86
  0  5  1  52  2  42  3  13  4  34  5  41  6  31  7  4  8  46  9  82
  0  54  1  29  2  8  3  6  4  87  5  52  6  7  7  61  8  1  9  14
  0  4  1  96  2  57  3  20  4  15  5  3  6  16  7  97  8  34  9  30
  0  36  1  2  2  18  3  48  4  37  5  90  6  97  7  99  8  83  9  93
  0  81  1  62  2  73  3  53  4  74  5  33  6  65  7  99  8  20  9  87
  0  66  1  89  2  44  3  89  4  73  5  44  6  58  7  45  8  27  9  30
  0  41  1  25  2  33  3  91  4  24  5  7  6  56  7  30  8  34  9  7
  0  85  1  71  2  72  3  7  4  41  5  77  6  43  7  86  8  54  9  6
  0  41  1  25  2  45  3  95  4  84  5  33  6  93  7  52  8  36  9  18
  0  63  1  62  2  50  3  13  4  18  5  43  6  50  7  4  8  68  9  30
  0  12  1  38  2  8  3  37  4  12  5  13  6  40  7  54  8  64  9  59
  0  7  1  72  2  65  3  83  4  67  5  29  6  96  7  23  8  89  9  35
  0  82  1  26  2  41  3  25  4  89  5  81  6  16  7  23  8  7  9  32
  0  17  1  37  2  56  3  61  4  70  5  19  6  23  7  44  8  72  9  38
  0  98  1  83  2  71  3  77  4  68  5  85  6  36  7  38  8  10  9  45
  0  75  1  8  2  64  3  41  4  99  5  47  6  99  7  57  8  49  9  69
  0  87  1  94  2  14  3  50  4  51  5  30  6  35  7  70  8  65  9  28
  0  63  1  84  2  11  3  30  4  91  5  74  6  11  7  67  8  23  9  22
  0  12  1  75  2  13  3  13  4  80  5  95  6  98  7  59  8  25  9  5
  0  32  1  3  2  68  3  12  4  42  5  21  6  38  7  90  8  12  9  73
  0  29  1  56  2  55  3  50  4  76  5  9  6  7  7  95  8  36  9  81
  0  71  1  32  2  49  3  76  4  8  5  19  6  63  7  88  8  16  9  96
  0  18  1  31  2  76  3  17  4  9  5  17  6  54  7  50  8  15  9  73
  0  54  1  34  2  38  3  83  4  14  5  95  6  78  7  70  8  49  9  47
  0  68  1  91  2  94  3  72  4  22  5  2  6  12  7  21  8  78  9  83
  0  52  1  93  2  41  3  77  4  90  5  81  6  51  7  55  8  74  9  92
  0  41  1  4  2  61  3  87  4  49  5  30  6  24  7  80  8  6  9  2
  0  49  1  15  2  17  3  77  4  75  5  97  6  93  7  92  8  23  9  42
  0  23  1  5  2  27  3  84  4  63  5  29  6  74  7  44  8  20  9  89
  0  94  1  55  2  29  3  90  4  77  5  92  6  50  7  77  8  88  9  66
  0  57  1  31  2  31  3  58  4  72  5  33  6  67  7  13  8  82  9  79
  0  82  1  31  2  27  3  45  4  79  5  10  6  60  7  7  8  25  9  31
  0  22  1  95  2  80  3  92  4  52  5  36  6  92  7  36  8  63  9  75
  0  35  1  18  2  38  3  25  4  16  5  16  6  10  7  64  8  95  9  77
  0  64  1  83  2  77  3  62  4  54  5  57  6  70  7  8  8  19  9  70
  0  37  1  40  2  48  3  61  4  65  5  14  6  41  7  30  8  42  9  33
  0  45  1  35  2  7  3  1  4  62  5  88  6  18  7  99  8  84  9  92
  0  54  1  99  2  73  3  14  4  42  5  37  6  2  7  60  8  81  9  19
  0  30  1  23  2  97  3  50  4  71  5  90  6  54  7  80  8  84  9  49
  0  6  1  22  2  81  3  32  4  71  5  79  6  51  7  66  8  47  9  2
  0  36  1  55  2  7  3  41  4  3  5  67  6  53  7  85  8  97  9  38
  0  13  1  86  2  94  3  1  4  88  5  14  6  48  7  2  8  21  9  4
  0  27  1  62  2  11  3  70  4  92  5  5  6  15  7  25  8  34  9  42
  0  11  1  87  2  88  3  1  4  89  5  14  6  1  7  32  8  35  9  60
  0  5  1  36  2  85  3  54  4  20  5  83  6  90  7  61  8  17  9  25
  0  12  1  45  2  74  3  26  4  28  5  70  6  34  7  58  8  43  9  6
  0  48  1  40  2  10  3  3  4  45  5  91  6  8  7  82  8  76  9  84
  0  56  1  44  2  16  3  65  4  41  5  68  6  24  7  88  8  75  9  1
  0  99  1  6  2  41  3  22  4  86  5  86  6  72  7  43  8  89  9  61
  0  83  1  92  2  37  3  20  4  40  5  65  6  95  7  7  8  36  9  62
  0  95  1  89  2  31  3  45  4  61  5  2  6  43  7  76  8  28  9  71
  0  15  1  15  2  1  3  6  4  95  5  98  6  83  7  78  8  8  9  34
  0  78  1  43  2  82  3  60  4  55  5  82  6  93  7  73  8  10  9  37
  0  21  1  20  2  80  3  2  4  19  5  97  6  98  7  83  8  71  9  26
  0  65  1  29  2  70  3  63  4  8  5  96  6  31  7  94  8  42  9  25
  0  39  1  17  2  53  3  3  4  8  5  82  6  62  7  69  8  58  9  99
  0  41  1  88  2  79  3  74  4  14  5  64  6  24  7  62  8  23  9  13
  0  31  1  68  2  75  3  93  4  4  5  82  6  89  7  67  8  74  9  78
  0  98  1  39  2  21  3  89  4  98  5  97  6  47  7  36  8  27  9  59
  0  15  1  93  2  27  3  81  4  96  5  95  6  33  7  11  8  96  9  27
  0  58  1  58  2  43  3  54  4  4  5  40  6  70  7  86  8  99  9  19
  0  21  1  72  2  46  3  25  4  49  5  78  6  31  7  53  8  8  9  97
  0  24  1  69  2  43  3  81  4  86  5  49  6  31  7  7  8  35  9  60
  0  32  1  7  2  65  3  49  4  51  5  39  6  7  7  80  8  19  9  63
  0  73  1  68  2  39  3  47  4  33  5  71  6  67  7  36  8  1  9  58
  0  20  1  47  2  39  3  56  4  15  5  67  6  21  7  40  8  8  9  80
  0  75  1  26  2  71  3  42  4  34  5  82  6  20  7  76  8  47  9  67
  0  96  1  80  2  30  3  44  4  65  5  28  6  70  7  58  8  65  9  43
  0  90  1  63  2  31  3  65  4  63  5  18  6  99  7  30  8  16  9  16
  0  27  1  41  2  66  3  7  4  99  5  98  6  89  7  18  8  31  9  24
  0  95  1  90  2  44  3  80  4  70  5  91  6  9  7  91  8  23  9  57
  0  73  1  3  2  17  3  85  4  10  5  34  6  95  7  88  8  59  9  25
  0  39  1  52  2  53  3  66  4  78  5  90  6  49  7  72  8  89  9  76
  0  90  1  39  2  30  3  80  4  97  5  82  6  79  7  68  8  45  9  64
  0  16  1  25  2  74  3  49  4  28  5  6  6  46  7  39  8  45  9  42
  0  55  1  85  2  40  3  40  4  28  5  84  6  38  7  56  8  96  9  83
  0  23  1  47  2  22  3  82  4  37  5  5  6  88  7  81  8  23  9  46
  0  25  1  25  2  31  3  8  4  89  5  39  6  5  7  68  8  49  9  63
  0  24  1  92  2  39  3  21  4  53  5  82  6  57  7  73  8  33  9  70
  0  63  1  78  2  13  3  80  4  70  5  14  6  11  7  72  8  45  9  52
  0  51  1  12  2  64  3  4  4  8  5  45  6  89  7  60  8  62  9  80
  0  50  1  95  2  58  3  92  4  63  5  16  6  94  7  99  8  21  9  66
  0  7  1  88  2  17  3  32  4  15  5  93  6  1  7  97  8  53  9  30
  0  88  1  41  2  95  3  65  4  55  5  83  6  43  7  59  8  89  9  23
  0  46  1  16  2  97  3  25  4  77  5  33  6  70  7  34  8  63  9  22
  0  68  1  44  2  59  3  56  4  68  5  42  6  17  7  64  8  97  9  97
  0  73  1  64  2  36  3  75  4  73  5  21  6  54  7  96  8  93  9  66
  0  49  1  66  2  38  3  11  4  62  5  40  6  19  7  45  8  3  9  14
  0  40  1  96  2  17  3  43  4  51  5  8  6  78  7  38  8  42  9  37
  0  68  1  79  2  89  3  99  4  1  5  57  6  82  7  8  8  91  9  30
  0  71  1  70  2  74  3  55  4  50  5  66  6  36  7  34  8  31  9  97
  0  93  1  69  2  90  3  83  4  59  5  48  6  99  7  65  8  47  9  71
  0  42  1  19  2  39  3  12  4  27  5  99  6  92  7  64  8  2  9  67
  0  67  1  19  2  49  3  63  4  16  5  81  6  27  7  47  8  29  9  99
  0  68  1  99  2  76  3  94  4  62  5  57  6  53  7  96  8  78  9  42
  0  26  1  23  2  6  3  82  4  54  5  62  6  19  7  68  8  13  9  52
  0  97  1  56  2  52  3  53  4  54  5  27  6  69  7  62  8  47  9  81
  0  73  1  32  2  90  3  99  4  75  5  57  6  84  7  8  8  29  9  77
  0  22  1  38  2  6  3  97  4  51  5  64  6  81  7  3  8  6  9  48
  0  61  1  53  2  16  3  46  4  86  5  70  6  73  7  32  8  77  9  44
  0  22  1  62  2  21  3  27  4  69  5  82  6  13  7  2  8  70  9  36
  0  88  1  33  2  19  3  45  4  28  5  31  6  32  7  62  8  8  9  5
  0  36  1  20  2  33  3  75  4  84  5  20  6  80  7  63  8  52  9  38
  0  25  1  96  2  94  3  47  4  44  5  82  6  81  7  76  8  6  9  51
  0  17  1  59  2  3  3  53  4  20  5  41  6  75  7  80  8  33  9  41
  0  40  1  43  2  67  3  5  4  16  5  4  6  18  7  78  8  15  9  75
  0  91  1  94  2  46  3  18  4  43  5  56  6  34  7  99  8  14  9  44
  0  66  1  3  2  2  3  9  4  12  5  82  6  29  7  95  8  79  9  33
  0  71  1  30  2  7  3  92  4  64  5  61  6  95  7  99  8  11  9  33
  0  42  1  99  2  53  3  40  4  17  5  33  6  76  7  74  8  4  9  78
  0  58  1  91  2  1  3  31  4  86  5  28  6  28  7  17  8  12  9  65
  0  14  1  1  2  99  3  19  4  55  5  30  6  97  7  87  8  52  9  2
  0  39  1  11  2  82  3  83  4  53  5  99  6  60  7  91  8  36  9  52
  0  87  1  22  2  16  3  60  4  14  5  87  6  15  7  77  8  32  9  3
  0  89  1  98  2  98  3  24  4  1  5  66  6  53  7  33  8  47  9  23
  0  61  1  24  2  65  3  52  4  30  5  24  6  68  7  91  8  44  9  73
  0  98  1  2  2  38  3  34  4  96  5  34  6  3  7  2  8  15  9  29
  0  78  1  38  2  41  3  28  4  1  5  67  6  91  7  90  8  89  9  83
  0  3  1  42  2  93  3  58  4  33  5  14  6  45  7  70  8  32  9  20
  0  82  1  80  2  70  3  99  4  29  5  21  6  16  7  32  8  60  9  75
  0  96  1  70  2  87  3  73  4  5  5  81  6  30  7  25  8  21  9  76
  0  73  1  62  2  59  3  62  4  15  5  71  6  67  7  63  8  62  9  23
  0  35  1  78  2  33  3  45  4  93  5  88  6  53  7  90  8  99  9  16
  0  75  1  91  2  52  3  2  4  52  5  10  6  75  7  70  8  44  9  14
  0  71  1  72  2  33  3  52  4  19  5  38  6  85  7  8  8  77  9  83
  0  82  1  35  2  28  3  52  4  1  5  23  6  41  7  73  8  27  9  50
  0  79  1  84  2  33  3  8  4  56  5  39  6  37  7  2  8  7  9  98
  0  43  1  79  2  58  3  91  4  20  5  38  6  94  7  62  8  64  9  89
  0  56  1  72  2  80  3  10  4  16  5  11  6  34  7  98  8  19  9  23
  0  83  1  13  2  95  3  75  4  11  5  57  6  69  7  11  8  75  9  52
  0  9  1  58  2  74  3  95  4  28  5  9  6  1  7  7  8  5  9  68
  0  2  1  13  2  78  3  41  4  99  5  3  6  65  7  19  8  28  9  82
  0  66  1  72  2  78  3  87  4  96  5  67  6  85  7  51  8  31  9  60
  0  69  1  18  2  51  3  29  4  31  5  59  6  62  7  66  8  68  9  46
  0  75  1  29  2  46  3  53  4  2  5  15  6  53  7  22  8  97  9  24
  0  22  1  11  2  57  3  17  4  86  5  90  6  38  7  77  8  25  9  77
  0  65  1  45  2  94  3  7  4  59  5  82  6  49  7  96  8  74  9  67
  0  32  1  45  2  43  3  54  4  39  5  59  6  64  7  32  8  26  9  25
  0  93  1  67  2  1  3  48  4  93  5  20  6  4  7  37  8  82  9  59
  0  96  1  98  2  79  3  37  4  94  5  78  6  19  7  76  8  13  9  59
  0  11  1  80  2  22  3  94  4  48  5  93  6  19  7  59  8  92  9  47
  0  72  1  21  2  91  3  77  4  96  5  83  6  15  7  6  8  45  9  41
  0  3  1  8  2  59  3  56  4  62  5  21  6  84  7  44  8  70  9  59
  0  50  1  25  2  50  3  40  4  90  5  87  6  43  7  38  8  19  9  56
  0  90  1  28  2  18  3  73  4  87  5  71  6  83  7  34  8  90  9  65
  0  48  1  24  2  76  3  57  4  69  5  66  6  87  7  96  8  48  9  65
  0  15  1  69  2  34  3  99  4  5  5  41  6  7  7  18  8  84  9  15
  0  68  1  31  2  47  3  55  4  56  5  95  6  35  7  56  8  83  9  43
  0  25  1  52  2  68  3  5  4  92  5  81  6  78  7  24  8  10  9  77
  0  43  1  57  2  10  3  32  4  82  5  13  6  18  7  46  8  65  9  81
  0  39  1  91  2  89  3  41  4  34  5  25  6  53  7  51  8  46  9  28
  0  63  1  79  2  53  3  83  4  82  5  4  6  45  7  90  8  33  9  97
  0  66  1  91  2  92  3  83  4  70  5  62  6  61  7  25  8  69  9  77
  0  75  1  76  2  80  3  74  4  3  5  19  6  7  7  46  8  45  9  57
  0  90  1  71  2  34  3  40  4  45  5  41  6  88  7  46  8  36  9  36
  0  74  1  34  2  78  3  79  4  94  5  63  6  70  7  64  8  79  9  18
  0  67  1  27  2  71  3  99  4  90  5  8  6  22  7  73  8  1  9  43
  0  39  1  81  2  95  3  60  4  53  5  47  6  1  7  72  8  3  9  54
  0  77  1  7  2  40  3  58  4  50  5  97  6  14  7  65  8  41  9  33
  0  90  1  6  2  56  3  46  4  5  5  52  6  57  7  77  8  57  9  93
  0  37  1  53  2  9  3  43  4  45  5  57  6  23  7  52  8  56  9  86
  0  63  1  55  2  85  3  34  4  62  5  67  6  68  7  16  8  87  9  9
  0  71  1  49  2  95  3  24  4  11  5  51  6  48  7  37  8  79  9  7
  0  14  1  41  2  19  3  29  4  4  5  14  6  82  7  14  8  90  9  28
  0  78  1  57  2  29  3  77  4  88  5  83  6  68  7  40  8  2  9  19
  0  23  1  66  2  8  3  85  4  40  5  37  6  41  7  25  8  95  9  57
  0  61  1  57  2  92  3  55  4  32  5  36  6  39  7  17  8  10  9  72
  0  49  1  79  2  67  3  24  4  76  5  49  6  19  7  64  8  83  9  28
  0  2  1  3  2  95  3  60  4  55  5  3  6  14  7  37  8  87  9  13
  0  59  1  17  2  17  3  32  4  88  5  52  6  44  7  54  8  3  9  25
  0  84  1  63  2  38  3  35  4  56  5  87  6  7  7  3  8  19  9  21
  0  24  1  61  2  4  3  81  4  55  5  66  6  76  7  49  8  54  9  40
  0  25  1  22  2  75  3  24  4  65  5  70  6  92  7  26  8  7  9  77
  0  53  1  64  2  23  3  5  4  40  5  50  6  10  7  14  8  37  9  68
  0  38  1  40  2  4  3  46  4  26  5  79  6  18  7  12  8  91  9  65
  0  41  1  90  2  60  3  28  4  95  5  85  6  35  7  54  8  90  9  45
  0  54  1  14  2  17  3  13  4  98  5  6  6  84  7  7  8  28  9  35
  0  7  1  81  2  34  3  45  4  32  5  64  6  68  7  37  8  73  9  74
  0  78  1  78  2  2  3  59  4  34  5  66  6  95  7  12  8  63  9  99
  0  66  1  55  2  3  3  85  4  92  5  98  6  45  7  62  8  45  9  14
  0  41  1  45  2  76  3  77  4  71  5  99  6  14  7  75  8  15  9  10
  0  78  1  82  2  72  3  5  4  8  5  42  6  19  7  39  8  69  9  14
  0  93  1  66  2  94  3  79  4  53  5  29  6  50  7  4  8  51  9  62
  0  41  1  8  2  15  3  2  4  25  5  92  6  23  7  6  8  48  9  15
  0  30  1  65  2  62  3  19  4  67  5  50  6  76  7  64  8  20  9  13
  0  34  1  6  2  78  3  51  4  49  5  16  6  87  7  93  8  27  9  58
  0  64  1  81  2  39  3  49  4  44  5  28  6  53  7  66  8  70  9  6
  0  30  1  95  2  65  3  84  4  25  5  16  6  16  7  11  8  70  9  75
  0  76  1  17  2  22  3  1  4  76  5  89  6  96  7  40  8  71  9  45
  0  33  1  46  2  90  3  82  4  47  5  27  6  60  7  10  8  81  9  39
  0  2  1  79  2  50  3  6  4  50  5  65  6  35  7  57  8  26  9  70
  0  97  1  51  2  58  3  43  4  91  5  15  6  56  7  56  8  1  9  6
  0  52  1  61  2  47  3  4  4  92  5  21  6  22  7  55  8  25  9  98
  0  51  1  52  2  14  3  47  4  93  5  11  6  1  7  19  8  32  9  80
  0  66  1  1  2  12  3  96  4  71  5  51  6  17  7  65  8  91  9  66
  0  20  1  40  2  62  3  35  4  20  5  17  6  91  7  38  8  64  9  77
  0  35  1  10  2  22  3  49  4  11  5  66  6  41  7  54  8  14  9  67
  0  26  1  71  2  59  3  65  4  10  5  40  6  51  7  62  8  95  9  72
  0  68  1  73  2  6  3  49  4  15  5  71  6  71  7  23  8  67  9  66
  0  21  1  60  2  17  3  20  4  77  5  74  6  5  7  36  8  69  9  52
  0  70  1  50  2  97  3  69  4  90  5  16  6  37  7  39  8  67  9  61
  0  43  1  56  2  74  3  68  4  10  5  14  6  6  7  93  8  91  9  14
  0  54  1  26  2  81  3  99  4  34  5  74  6  18  7  75  8  15  9  92
  0  49  1  2  2  32  3  21  4  97  5  65  6  98  7  91  8  81  9  76
  0  22  1  99  2  97  3  39  4  11  5  83  6  74  7  93  8  15  9  33
  0  42  1  30  2  49  3  28  4  84  5  15  6  77  7  77  8  66  9  99
  0  69  1  12  2  49  3  73  4  45  5  46  6  46  7  2  8  82  9  22
  0  78  1  61  2  52  3  90  4  15  5  45  6  83  7  88  8  39  9  23
  0  5  1  41  2  52  3  63  4  3  5  70  6  11  7  56  8  76  9  3
  0  63  1  96  2  4  3  8  4  29  5  16  6  38  7  6  8  36  9  72
  0  99  1  26  2  7  3  30  4  25  5  12  6  74  7  98  8  6  9  92
  0  40  1  13  2  21  3  79  4  26  5  59  6  26  7  41  8  88  9  96
  0  88  1  84  2  74  3  17  4  61  5  36  6  48  7  54  8  24  9  94
  0  27  1  22  2  61  3  11  4  92  5  45  6  41  7  6  8  73  9  28
  0  2  1  46  2  6  3  52  4  89  5  25  6  33  7  15  8  85  9  17
  0  89  1  37  2  7  3  21  4  80  5  15  6  92  7  89  8  58  9  88
  0  95  1  22  2  51  3  47  4  42  5  72  6  5  7  95  8  34  9  78
  0  29  1  60  2  99  3  35  4  62  5  6  6  23  7  68  8  16  9  76
  0  9  1  65  2  33  3  5  4  57  5  75  6  86  7  43  8  57  9  98
  0  8  1  98  2  30  3  11  4  12  5  97  6  69  7  98  8  60  9  97
  0  70  1  99  2  80  3  27  4  38  5  86  6  31  7  14  8  14  9  15
  0  87  1  43  2  78  3  40  4  82  5  55  6  96  7  75  8  14  9  58
  0  22  1  36  2  40  3  38  4  87  5  98  6  80  7  72  8  32  9  61
  0  20  1  94  2  51  3  5  4  86  5  58  6  63  7  65  8  28  9  94
  0  39  1  83  2  30  3  66  4  36  5  85  6  44  7  68  8  16  9  13
  0  9  1  18  2  60  3  12  4  93  5  37  6  11  7  35  8  1  9  23
  0  75  1  26  2  89  3  53  4  7  5  91  6  27  7  88  8  27  9  78
  0  63  1  42  2  57  3  8  4  96  5  48  6  80  7  35  8  74  9  50
  0  39  1  42  2  35  3  80  4  56  5  75  6  4  7  5  8  25  9  86
  0  85  1  52  2  2  3  45  4  21  5  71  6  2  7  22  8  99  9  52
  0  92  1  67  2  44  3  28  4  11  5  34  6  11  7  42  8  69  9  12
  0  71  1  36  2  22  3  83  4  76  5  7  6  99  7  15  8  97  9  24
  0  39  1  32  2  17  3  16  4  71  5  60  6  11  7  69  8  36  9  23
  0  27  1  85  2  28  3  17  4  73  5  98  6  24  7  24  8  65  9  54
  0  17  1  27  2  80  3  86  4  54  5  20  6  38  7  59  8  86  9  57
  0  2  1  55  2  44  3  63  4  51  5  19  6  5  7  3  8  2  9  95
  0  38  1  84  2  46  3  26  4  10  5  47  6  47  7  79  8  5  9  53
  0  25  1  42  2  95  3  79  4  90  5  87  6  58  7  99  8  46  9  2
  0  25  1  69  2  35  3  38  4  14  5  89  6  10  7  21  8  77  9  92
  0  80  1  27  2  72  3  62  4  19  5  14  6  24  7  21  8  59  9  70
  0  43  1  11  2  23  3  13  4  36  5  61  6  38  7  52  8  88  9  33
  0  45  1  97  2  28  3  57  4  13  5  84  6  5  7  32  8  89  9  29
  0  24  1  38  2  81  3  64  4  35  5  73  6  26  7  89  8  61  9  37
  0  96  1  48  2  13  3  99  4  65  5  28  6  27  7  49  8  2  9  22
  0  32  1  96  2  2  3  16  4  17  5  64  6  46  7  84  8  56  9  25
  0  53  1  6  2  36  3  39  4  81  5  35  6  55  7  3  8  68  9  94
  0  24  1  35  2  43  3  66  4  68  5  37  6  25  7  97  8  13  9  12
  0  9  1  62  2  10  3  29  4  2  5  24  6  20  7  75  8  40  9  7
  0  91  1  19  2  37  3  63  4  63  5  80  6  4  7  95  8  94  9  94
  0  67  1  75  2  19  3  92  4  76  5  55  6  50  7  56  8  49  9  86
  0  99  1  6  2  30  3  66  4  74  5  36  6  51  7  91  8  75  9  13
  0  96  1  93  2  16  3  77  4  45  5  65  6  15  7  40  8  18  9  27
  0  47  1  61  2  65  3  76  4  61  5  28  6  71  7  23  8  79  9  1
  0  51  1  9  2  47  3  75  4  81  5  54  6  13  7  84  8  76  9  90
  0  28  1  39  2  13  3  65  4  17  5  76  6  54  7  28  8  55  9  83
  0  38  1  37  2  42  3  76  4  22  5  45  6  77  7  97  8  96  9  51
  0  60  1  31  2  19  3  31  4  76  5  58  6  26  7  72  8  44  9  6
  0  27  1  93  2  30  3  53  4  79  5  19  6  65  7  10  8  10  9  18
  0  8  1  63  2  24  3  59  4  38  5  81  6  22  7  30  8  96  9  95
  0  17  1  2  2  80  3  22  4  7  5  71  6  63  7  75  8  69  9  92
  0  19  1  96  2  67  3  75  4  42  5  96  6  83  7  27  8  15  9  82
  0  28  1  53  2  53  3  25  4  78  5  56  6  29  7  76  8  66  9  81
  0  59  1  57  2  91  3  9  4  10  5  59  6  42  7  98  8  44  9  42
  0  64  1  16  2  23  3  17  4  87  5  13  6  33  7  48  8  9  9  40
  0  3  1  14  2  94  3  6  4  32  5  99  6  54  7  15  8  40  9  31
  0  79  1  51  2  12  3  56  4  76  5  87  6  1  7  46  8  22  9  35
  0  11  1  59  2  9  3  67  4  72  5  90  6  93  7  82  8  77  9  26
  0  32  1  84  2  46  3  39  4  68  5  96  6  41  7  10  8  44  9  50
  0  31  1  74  2  3  3  93  4  11  5  6  6  22  7  26  8  88  9  98
  0  12  1  52  2  15  3  18  4  46  5  99  6  18  7  6  8  16  9  64
  0  61  1  87  2  26  3  62  4  50  5  4  6  75  7  99  8  33  9  65
  0  90  1  3  2  92  3  3  4  1  5  63  6  18  7  55  8  73  9  91
  0  93  1  46  2  50  3  74  4  64  5  98  6  64  7  91  8  42  9  15
  0  2  1  39  2  74  3  27  4  60  5  54  6  96  7  72  8  13  9  39
  0  22  1  66  2  79  3  39  4  49  5  74  6  58  7  17  8  4  9  97
  0  71  1  27  2  16  3  32  4  45  5  78  6  26  7  70  8  96  9  49
  0  61  1  34  2  21  3  89  4  18  5  81  6  96  7  15  8  55  9  20
  0  50  1  91  2  77  3  2  4  41  5  53  6  59  7  14  8  76  9  13
  0  46  1  61  2  52  3  50  4  39  5  16  6  73  7  89  8  23  9  91
  0  22  1  4  2  24  3  44  4  62  5  98  6  98  7  25  8  96  9  78
  0  76  1  36  2  23  3  85  4  27  5  49  6  52  7  66  8  11  9  8
  0  83  1  10  2  33  3  16  4  49  5  58  6  32  7  69  8  84  9  89
  0  38  1  10  2  65  3  16  4  12  5  88  6  35  7  53  8  31  9  71
  0  13  1  53  2  92  3  25  4  41  5  2  6  58  7  75  8  35  9  26
  0  28  1  9  2  21  3  70  4  58  5  69  6  88  7  24  8  42  9  77
  0  95  1  7  2  12  3  61  4  95  5  69  6  38  7  76  8  69  9  39
  0  38  1  71  2  95  3  24  4  21  5  7  6  83  7  69  8  14  9  36
  0  57  1  5  2  65  3  31  4  55  5  57  6  22  7  67  8  91  9  94
  0  3  1  42  2  96  3  24  4  40  5  70  6  28  7  76  8  50  9  80
  0  17  1  45  2  52  3  18  4  89  5  55  6  59  7  11  8  99  9  71
  0  94  1  77  2  31  3  3  4  13  5  54  6  72  7  35  8  35  9  97
  0  76  1  97  2  30  3  77  4  47  5  74  6  79  7  54  8  23  9  75
  0  28  1  38  2  46  3  63  4  11  5  41  6  35  7  83  8  90  9  86
  0  8  1  44  2  61  3  32  4  14  5  48  6  89  7  23  8  77  9  68
  0  16  1  84  2  56  3  35  4  22  5  11  6  75  7  43  8  43  9  14
  0  85  1  32  2  83  3  47  4  48  5  82  6  59  7  11  8  67  9  26
  0  78  1  91  2  97  3  71  4  30  5  23  6  10  7  91  8  52  9  43
  0  96  1  26  2  88  3  92  4  40  5  83  6  59  7  84  8  82  9  67
  0  1  1  43  2  66  3  37  4  64  5  75  6  35  7  98  8  54  9  35
  0  18  1  74  2  71  3  3  4  29  5  92  6  75  7  64  8  65  9  16
  0  85  1  88  2  75  3  76  4  86  5  24  6  30  7  1  8  5  9  57
  0  38  1  35  2  83  3  24  4  62  5  10  6  46  7  50  8  38  9  6
  0  56  1  62  2  13  3  96  4  97  5  7  6  34  7  95  8  32  9  55
  0  76  1  26  2  10  3  94  4  81  5  91  6  50  7  22  8  26  9  18
  0  7  1  97  2  82  3  85  4  76  5  27  6  14  7  93  8  41  9  64
  0  10  1  99  2  35  3  79  4  73  5  38  6  72  7  8  8  11  9  21
  0  88  1  87  2  81  3  55  4  77  5  60  6  1  7  42  8  30  9  67
  0  21  1  42  2  93  3  90  4  26  5  12  6  24  7  11  8  9  9  60
  0  93  1  75  2  21  3  78  4  69  5  12  6  17  7  20  8  90  9  21
  0  33  1  60  2  93  3  39  4  65  5  62  6  73  7  49  8  42  9  3
  0  80  1  80  2  6  3  59  4  77  5  36  6  51  7  55  8  29  9  26
  0  78  1  9  2  79  3  4  4  63  5  43  6  44  7  24  8  54  9  41
  0  31  1  78  2  39  3  59  4  54  5  80  6  56  7  35  8  17  9  91
  0  31  1  49  2  67  3  21  4  64  5  31  6  54  7  45  8  8  9  11
  0  51  1  10  2  1  3  61  4  9  5  35  6  52  7  93  8  52  9  21
  0  94  1  76  2  54  3  25  4  42  5  12  6  34  7  67  8  31  9  84
  0  58  1  77  2  18  3  57  4  62  5  87  6  77  7  95  8  2  9  45
  0  19  1  24  2  10  3  89  4  97  5  70  6  24  7  18  8  19  9  32
  0  94  1  45  2  40  3  76  4  6  5  18  6  25  7  64  8  54  9  47
  0  8  1  50  2  81  3  63  4  68  5  7  6  45  7  19  8  20  9  67
  0  79  1  78  2  75  3  94  4  78  5  81  6  38  7  13  8  98  9  65
  0  17  1  64  2  81  3  79  4  87  5  69  6  12  7  32  8  37  9  17
  0  95  1  55  2  55  3  98  4  2  5  69  6  72  7  76  8  5  9  88
  0  63  1  37  2  32  3  97  4  41  5  69  6  91  7  89  8  35  9  93
  0  43  1  55  2  20  3  95  4  28  5  43  6  33  7  61  8  83  9  53
  0  4  1  18  2  94  3  16  4  81  5  22  6  70  7  81  8  39  9  49
  0  36  1  16  2  72  3  72  4  85  5  73  6  47  7  50  8  41  9  10
  0  46  1  42  2  96  3  28  4  22  5  33  6  59  7  98  8  62  9  31
  0  12  1  82  2  16  3  69  4  47  5  43  6  44  7  39  8  68  9  45
  0  96  1  7  2  42  3  52  4  9  5  19  6  49  7  88  8  96  9  89
  0  75  1  24  2  76  3  17  4  33  5  90  6  38  7  85  8  9  9  44
  0  61  1  37  2  73  3  35  4  37  5  25  6  6  7  41  8  45  9  95
  0  11  1  75  2  94  3  35  4  35  5  94  6  31  7  95  8  15  9  40
  0  63  1  90  2  2  3  6  4  75  5  1  6  59  7  11  8  2  9  64
  0  16  1  19  2  9  3  13  4  27  5  41  6  2  7  89  8  81  9  99
  0  31  1  63  2  45  3  47  4  3  5  20  6  33  7  73  8  88  9  3
  0  56  1  39  2  91  3  10  4  85  5  15  6  37  7  5  8  14  9  22
  0  68  1  81  2  28  3  98  4  79  5  70  6  12  7  43  8  12  9  18
  0  43  1  1  2  93  3  40  4  53  5  2  6  13  7  50  8  63  9  62
  0  30  1  12  2  32  3  12  4  93  5  53  6  48  7  4  8  1  9  65
  0  68  1  23  2  14  3  49  4  1  5  2  6  43  7  96  8  54  9  98
  0  43  1  19  2  18  3  15  4  71  5  52  6  47  7  42  8  33  9  14
  0  61  1  71  2  98  3  73  4  82  5  95  6  55  7  79  8  70  9  11
  0  52  1  46  2  29  3  75  4  32  5  84  6  98  7  82  8  66  9  55
  0  59  1  78  2  39  3  52  4  88  5  99  6  46  7  52  8  73  9  39
  0  94  1  3  2  68  3  50  4  31  5  17  6  31  7  45  8  30  9  99
  0  90  1  64  2  23  3  36  4  32  5  4  6  40  7  3  8  93  9  36
  0  7  1  86  2  18  3  67  4  14  5  28  6  98  7  5  8  46  9  16
  0  12  1  25  2  49  3  9  4  36  5  89  6  60  7  43  8  83  9  28
  0  43  1  74  2  6  3  82  4  87  5  54  6  49  7  97  8  74  9  24
  0  64  1  95  2  23  3  8  4  2  5  67  6  54  7  9  8  47  9  66
  0  45  1  50  2  73  3  94  4  67  5  27  6  21  7  16  8  16  9  35
  0  28  1  26  2  89  3  18  4  68  5  72  6  67  7  41  8  82  9  12
  0  90  1  66  2  96  3  35  4  65  5  12  6  65  7  89  8  14  9  9
  0  91  1  11  2  62  3  86  4  4  5  12  6  41  7  52  8  90  9  98
  0  22  1  47  2  36  3  34  4  35  5  94  6  89  7  29  8  28  9  68
  0  68  1  64  2  66  3  52  4  86  5  64  6  80  7  69  8  48  9  63
  0  20  1  93  2  49  3  54  4  62  5  81  6  79  7  98  8  82  9  82
  0  18  1  42  2  96  3  15  4  63  5  61  6  15  7  21  8  41  9  37
  0  83  1  31  2  76  3  37  4  97  5  4  6  37  7  36  8  10  9  27
  0  70  1  29  2  66  3  80  4  91  5  99  6  52  7  21  8  11  9  45
  0  24  1  16  2  84  3  92  4  55  5  46  6  46  7  33  8  36  9  64
  0  48  1  72  2  88  3  52  4  8  5  74  6  3  7  47  8  58  9  39
  0  90  1  8  2  35  3  43  4  21  5  39  6  51  7  42  8  88  9  15
  0  41  1  5  2  18  3  53  4  80  5  34  6  8  7  29  8  6  9  85
  0  73  1  45  2  97  3  95  4  47  5  81  6  96  7  88  8  19  9  8
  0  67  1  4  2  55  3  12  4  29  5  75  6  19  7  87  8  16  9  62
  0  71  1  2  2  46  3  94  4  37  5  96  6  2  7  90  8  57  9  27
  0  43  1  71  2  75  3  33  4  31  5  59  6  6  7  95  8  12  9  52
  0  5  1  13  2  92  3  95  4  32  5  15  6  22  7  10  8  69  9  99
  0  33  1  34  2  46  3  46  4  35  5  95  6  74  7  49  8  54  9  24
  0  7  1  77  2  45  3  56  4  58  5  53  6  49  7  6  8  58  9  95
  0  51  1  5  2  38  3  92  4  66  5  25  6  43  7  70  8  66  9  44
  0  47  1  98  2  8  3  16  4  2  5  38  6  50  7  52  8  44  9  16
  0  50  1  37  2  51  3  98  4  80  5  20  6  9  7  77  8  11  9  64
  0  43  1  12  2  49  3  47  4  18  5  76  6  31  7  35  8  9  9  8
  0  95  1  89  2  1  3  58  4  2  5  58  6  76  7  95  8  63  9  74
  0  79  1  4  2  11  3  70  4  80  5  81  6  99  7  57  8  85  9  32
  0  32  1  54  2  43  3  99  4  71  5  45  6  63  7  98  8  36  9  14
  0  40  1  33  2  28  3  73  4  48  5  6  6  35  7  1  8  50  9  61
  0  84  1  36  2  35  3  21  4  64  5  3  6  82  7  97  8  37  9  75
  0  16  1  95  2  88  3  83  4  87  5  40  6  16  7  31  8  13  9  91
  0  38  1  82  2  48  3  29  4  65  5  35  6  77  7  20  8  86  9  69
  0  50  1  8  2  51  3  73  4  84  5  77  6  47  7  53  8  38  9  91
  0  10  1  97  2  98  3  95  4  10  5  50  6  51  7  43  8  15  9  98
  0  27  1  91  2  4  3  8  4  36  5  54  6  89  7  29  8  46  9  29
  0  91  1  83  2  48  3  30  4  38  5  88  6  23  7  83  8  4  9  80
  0  25  1  85  2  17  3  59  4  3  5  13  6  87  7  40  8  53  9  44
  0  32  1  6  2  84  3  36  4  4  5  89  6  5  7  45  8  67  9  24
  0  84  1  16  2  45  3  46  4  60  5  53  6  50  7  46  8  66  9  53
  0  85  1  80  2  15  3  79  4  43  5  11  6  65  7  79  8  69  9  29
  0  58  1  5  2  63  3  75  4  87  5  62  6  22  7  70  8  48  9  14
  0  47  1  1  2  90  3  12  4  96  5  55  6  51  7  26  8  26  9  77
  0  49  1  1  2  51  3  89  4  74  5  47  6  51  7  16  8  97  9  79
  0  59  1  80  2  76  3  14  4  41  5  94  6  55  7  12  8  44  9  30
  0  56  1  48  2  61  3  57  4  34  5  3  6  56  7  92  8  27  9  27
  0  36  1  74  2  27  3  41  4  70  5  83  6  68  7  43  8  90  9  54
  0  77  1  48  2  21  3  50  4  64  5  85  6  26  7  13  8  28  9  26
  0  68  1  89  2  16  3  15  4  24  5  4  6  54  7  23  8  91  9  32
  0  41  1  58  2  84  3  95  4  76  5  92  6  17  7  76  8  54  9  94
  0  91  1  17  2  56  3  70  4  76  5  79  6  21  7  61  8  14  9  46
  0  68  1  48  2  98  3  7  4  7  5  56  6  33  7  63  8  61  9  61
  0  27  1  37  2  93  3  50  4  10  5  63  6  93  7  75  8  73  9  21
  0  85  1  8  2  69  3  12  4  53  5  86  6  4  7  99  8  94  9  11
  0  33  1  72  2  57  3  24  4  46  5  79  6  6  7  88  8  68  9  76
  0  36  1  55  2  45  3  56  4  26  5  58  6  79  7  62  8  95  9  8
  0  33  1  9  2  11  3  63  4  19  5  59  6  59  7  85  8  39  9  32
  0  74  1  27  2  45  3  34  4  96  5  98  6  32  7  44  8  84  9  10
  0  93  1  94  2  29  3  97  4  87  5  33  6  29  7  66  8  96  9  43
  0  18  1  15  2  92  3  72  4  74  5  20  6  21  7  92  8  34  9  9
  0  77  1  87  2  98  3  33  4  43  5  40  6  8  7  20  8  82  9  76
  0  9  1  89  2  54  3  84  4  60  5  29  6  51  7  93  8  36  9  84
  0  97  1  19  2  19  3  18  4  59  5  81  6  16  7  13  8  37  9  62
  0  11  1  49  2  72  3  62  4  49  5  74  6  54  7  59  8  34  9  39
  0  35  1  92  2  42  3  76  4  77  5  27  6  22  7  43  8  93  9  59
  0  27  1  47  2  49  3  68  4  76  5  43  6  48  7  45  8  70  9  54
  0  13  1  31  2  88  3  52  4  32  5  47  6  53  7  28  8  37  9  28
  0  37  1  7  2  31  3  46  4  41  5  96  6  77  7  18  8  75  9  85
  0  28  1  36  2  28  3  19  4  53  5  34  6  88  7  19  8  79  9  14
  0  67  1  31  2  75  3  73  4  40  5  12  6  25  7  18  8  83  9  93
  0  85  1  44  2  2  3  75  4  22  5  29  6  58  7  50  8  46  9  64
  0  52  1  53  2  27  3  20  4  8  5  87  6  43  7  21  8  71  9  71
  0  85  1  73  2  33  3  8  4  35  5  82  6  9  7  78  8  76  9  41
  0  58  1  97  2  24  3  72  4  30  5  98  6  68  7  74  8  43  9  15
  0  61  1  90  2  55  3  94  4  19  5  98  6  82  7  70  8  85  9  99
  0  66  1  33  2  4  3  50  4  87  5  27  6  86  7  63  8  5  9  48
TPM
  0  3253  1  3253  2  3253  3  3253  4  3253  5  3253  6  3253  7  3253  8  3253  9  3253
PMT
  0  106  1  106  2  60  3  144  4  16  5  58  6  68  7  49  8  52  9  79
  0  56  1  67  2  125  3  49  4  83  5  16  6  137  7  67  8  22  9  12
  0  118  1  8  2  44  3  49  4  117  5  17  6  71  7  8  8  9  9  50
  0  17  1  112  2  74  3  79  4  57  5  103  6  53  7  53  8  139  9  53
  0  144  1  113  2  120  3  109  4  83  5  64  6  145  7  76  8  136  9  34
  0  13  1  105  2  85  3  52  4  63  5  9  6  95  7  91  8  35  9  56
  0  78  1  41  2  122  3  88  4  17  5  29  6  10  7  34  8  34  9  26
  0  54  1  99  2  55  3  136  4  10  5  8  6  3  7  127  8  139  9  30
  0  30  1  128  2  25  3  79  4  125  5  77  6  4  7  130  8  32  9  63
  0  34  1  140  2  100  3  136  4  60  5  81  6  20  7  138  8  66  9  138
  0  43  1  6  2  89  3  126  4  67  5  131  6  67  7  39  8  47  9  59
  0  41  1  107  2  58  3  113  4  53  5  115  6  85  7  122  8  47  9  17
  0  30  1  58  2  70  3  34  4  112  5  130  6  117  7  101  8  104  9  126
  0  143  1  56  2  64  3  117  4  102  5  79  6  28  7  139  8  30  9  145
  0  53  1  147  2  78  3  20  4  100  5  35  6  11  7  138  8  11  9  24
  0  101  1  27  2  55  3  109  4  140  5  72  6  125  7  133  8  92  9  81
