20  15
  0  76  1  33  2  72  3  47  4  34  5  56  6  67  7  27  8  14  9  2  10  39  11  25  12  56  13  10  14  55
  0  27  1  11  2  77  3  18  4  97  5  43  6  10  7  1  8  36  9  45  10  84  11  77  12  72  13  3  14  13
  0  3  1  69  2  99  3  86  4  51  5  57  6  68  7  38  8  16  9  11  10  10  11  67  12  21  13  72  14  44
  0  95  1  4  2  51  3  60  4  61  5  75  6  69  7  85  8  69  9  59  10  34  11  92  12  42  13  59  14  49
  0  3  1  60  2  23  3  2  4  62  5  68  6  94  7  88  8  5  9  87  10  69  11  55  12  15  13  82  14  91
  0  79  1  66  2  39  3  79  4  14  5  96  6  73  7  34  8  65  9  34  10  82  11  96  12  85  13  2  14  85
  0  49  1  89  2  57  3  35  4  61  5  39  6  42  7  92  8  57  9  47  10  52  11  86  12  24  13  89  14  54
  0  20  1  6  2  44  3  2  4  74  5  48  6  80  7  37  8  32  9  83  10  65  11  76  12  25  13  83  14  81
  0  16  1  68  2  9  3  44  4  98  5  42  6  29  7  85  8  46  9  36  10  11  11  38  12  29  13  56  14  74
  0  17  1  40  2  67  3  85  4  17  5  88  6  29  7  21  8  42  9  30  10  24  11  31  12  52  13  9  14  14
  0  85  1  88  2  61  3  59  4  70  5  13  6  20  7  75  8  86  9  71  10  14  11  40  12  50  13  68  14  58
  0  56  1  10  2  19  3  63  4  26  5  22  6  98  7  21  8  15  9  55  10  19  11  58  12  95  13  7  14  8
  0  34  1  4  2  65  3  53  4  46  5  41  6  39  7  48  8  68  9  17  10  38  11  53  12  21  13  11  14  90
  0  48  1  73  2  86  3  14  4  54  5  99  6  10  7  80  8  42  9  53  10  34  11  50  12  56  13  36  14  60
  0  60  1  17  2  64  3  87  4  78  5  95  6  64  7  13  8  85  9  55  10  52  11  41  12  31  13  17  14  73
  0  17  1  65  2  87  3  14  4  85  5  64  6  55  7  8  8  49  9  92  10  53  11  95  12  80  13  55  14  26
  0  12  1  94  2  60  3  67  4  18  5  98  6  77  7  12  8  89  9  83  10  55  11  87  12  35  13  9  14  61
  0  70  1  9  2  91  3  29  4  97  5  28  6  30  7  38  8  34  9  30  10  86  11  63  12  87  13  16  14  35
  0  61  1  26  2  66  3  38  4  98  5  45  6  21  7  9  8  9  9  77  10  79  11  80  12  60  13  53  14  41
  0  69  1  68  2  52  3  1  4  33  5  58  6  93  7  70  8  37  9  5  10  77  11  88  12  79  13  65  14  53
TPM
  0  595  1  595  2  595  3  595  4  595  5  595  6  595  7  595  8  595  9  595  10  595  11  595  12  595  13  595  14  595
PMT
  0  53  1  81  2  8  3  103  4  15  5  119  6  104  7  51  8  13  9  37  10  20  11  53  12  92  13  51  14  108
  0  14  1  62  2  79  3  46  4  31  5  66  6  4  7  60  8  112  9  8  10  76  11  35  12  61  13  112  14  124
  0  56  1  11  2  73  3  41  4  91  5  59  6  120  7  46  8  59  9  56  10  33  11  13  12  46  13  42  14  120
  0  25  1  110  2  88  3  124  4  24  5  123  6  98  7  6  8  33  9  18  10  5  11  8  12  123  13  87  14  111
