500  10
  0  1  1  77  2  98  3  68  4  47  5  71  6  4  7  17  8  56  9  38
  0  47  1  44  2  76  3  79  4  69  5  7  6  65  7  71  8  31  9  46
  0  92  1  14  2  5  3  95  4  27  5  22  6  13  7  96  8  31  9  6
  0  12  1  77  2  47  3  18  4  65  5  61  6  86  7  40  8  66  9  21
  0  10  1  42  2  95  3  9  4  92  5  46  6  24  7  8  8  7  9  74
  0  92  1  94  2  51  3  54  4  40  5  12  6  26  7  22  8  60  9  79
  0  23  1  42  2  88  3  8  4  89  5  31  6  75  7  79  8  71  9  62
  0  87  1  13  2  56  3  76  4  38  5  43  6  65  7  45  8  40  9  55
  0  72  1  34  2  39  3  69  4  36  5  89  6  68  7  75  8  84  9  34
  0  24  1  42  2  89  3  34  4  63  5  61  6  6  7  97  8  69  9  9
  0  79  1  2  2  36  3  15  4  40  5  52  6  65  7  87  8  32  9  38
  0  79  1  42  2  59  3  29  4  1  5  99  6  30  7  21  8  32  9  86
  0  42  1  41  2  58  3  39  4  47  5  54  6  48  7  84  8  63  9  43
  0  14  1  71  2  49  3  46  4  78  5  54  6  44  7  75  8  42  9  64
  0  42  1  63  2  54  3  18  4  55  5  83  6  30  7  48  8  79  9  70
  0  74  1  54  2  77  3  21  4  92  5  11  6  27  7  49  8  7  9  80
  0  20  1  39  2  3  3  20  4  84  5  1  6  85  7  69  8  92  9  47
  0  15  1  77  2  57  3  23  4  28  5  90  6  36  7  65  8  10  9  9
  0  95  1  78  2  42  3  93  4  7  5  48  6  36  7  78  8  76  9  34
  0  53  1  13  2  19  3  1  4  54  5  40  6  53  7  93  8  29  9  5
  0  45  1  63  2  2  3  16  4  57  5  94  6  17  7  26  8  66  9  88
  0  48  1  9  2  53  3  7  4  81  5  29  6  86  7  92  8  69  9  46
  0  53  1  94  2  54  3  97  4  98  5  91  6  16  7  51  8  87  9  70
  0  80  1  14  2  5  3  17  4  99  5  50  6  33  7  24  8  87  9  47
  0  3  1  13  2  79  3  10  4  91  5  40  6  43  7  91  8  14  9  17
  0  53  1  2  2  32  3  87  4  28  5  16  6  79  7  17  8  59  9  5
  0  83  1  99  2  17  3  55  4  11  5  93  6  82  7  34  8  90  9  27
  0  60  1  36  2  86  3  43  4  64  5  3  6  14  7  78  8  75  9  21
  0  21  1  82  2  25  3  14  4  99  5  38  6  43  7  99  8  77  9  30
  0  85  1  85  2  2  3  68  4  12  5  99  6  41  7  76  8  99  9  5
  0  48  1  89  2  3  3  30  4  51  5  30  6  91  7  16  8  85  9  45
  0  31  1  64  2  82  3  43  4  97  5  37  6  60  7  43  8  23  9  44
  0  92  1  29  2  20  3  10  4  64  5  85  6  44  7  21  8  15  9  44
  0  77  1  79  2  42  3  70  4  39  5  27  6  18  7  67  8  73  9  6
  0  40  1  84  2  63  3  76  4  12  5  50  6  60  7  6  8  27  9  70
  0  37  1  98  2  17  3  55  4  14  5  29  6  61  7  78  8  93  9  5
  0  89  1  68  2  19  3  62  4  18  5  94  6  42  7  81  8  97  9  96
  0  53  1  65  2  70  3  59  4  28  5  20  6  58  7  50  8  78  9  39
  0  31  1  57  2  12  3  71  4  30  5  99  6  48  7  26  8  44  9  95
  0  41  1  42  2  60  3  18  4  4  5  38  6  39  7  60  8  36  9  6
  0  90  1  4  2  95  3  19  4  38  5  53  6  81  7  66  8  15  9  82
  0  96  1  39  2  17  3  11  4  23  5  31  6  2  7  93  8  27  9  16
  0  30  1  8  2  68  3  32  4  63  5  57  6  87  7  73  8  82  9  36
  0  97  1  70  2  83  3  20  4  96  5  23  6  64  7  70  8  81  9  92
  0  11  1  83  2  33  3  88  4  42  5  9  6  96  7  98  8  90  9  17
  0  83  1  48  2  97  3  3  4  59  5  82  6  71  7  45  8  4  9  19
  0  36  1  60  2  56  3  4  4  57  5  22  6  76  7  68  8  38  9  36
  0  87  1  86  2  14  3  86  4  83  5  55  6  78  7  1  8  12  9  58
  0  43  1  93  2  75  3  3  4  92  5  90  6  99  7  9  8  99  9  35
  0  60  1  9  2  5  3  40  4  90  5  90  6  75  7  32  8  81  9  77
  0  11  1  93  2  62  3  42  4  33  5  17  6  21  7  87  8  13  9  4
  0  1  1  49  2  95  3  93  4  89  5  95  6  24  7  1  8  76  9  34
  0  99  1  77  2  43  3  59  4  8  5  54  6  31  7  75  8  96  9  17
  0  85  1  6  2  96  3  10  4  67  5  60  6  15  7  97  8  93  9  20
  0  46  1  8  2  43  3  69  4  73  5  32  6  38  7  71  8  62  9  84
  0  78  1  88  2  62  3  17  4  16  5  68  6  77  7  53  8  62  9  59
  0  64  1  88  2  89  3  41  4  75  5  69  6  67  7  51  8  45  9  47
  0  28  1  67  2  90  3  71  4  73  5  73  6  92  7  68  8  57  9  13
  0  46  1  11  2  96  3  12  4  20  5  94  6  16  7  18  8  58  9  55
  0  17  1  3  2  14  3  6  4  19  5  6  6  91  7  76  8  29  9  33
  0  49  1  76  2  26  3  26  4  76  5  25  6  77  7  74  8  55  9  8
  0  14  1  30  2  75  3  72  4  21  5  48  6  40  7  44  8  59  9  72
  0  13  1  50  2  82  3  21  4  66  5  71  6  28  7  53  8  53  9  59
  0  19  1  30  2  91  3  95  4  66  5  79  6  46  7  67  8  91  9  44
  0  55  1  3  2  97  3  70  4  15  5  78  6  47  7  54  8  33  9  98
  0  38  1  80  2  14  3  97  4  95  5  89  6  36  7  34  8  96  9  70
  0  31  1  63  2  7  3  75  4  74  5  8  6  4  7  90  8  54  9  68
  0  4  1  12  2  73  3  48  4  30  5  10  6  93  7  62  8  67  9  90
  0  46  1  83  2  20  3  71  4  51  5  29  6  45  7  42  8  24  9  87
  0  30  1  77  2  61  3  55  4  63  5  11  6  41  7  11  8  70  9  6
  0  74  1  70  2  54  3  63  4  80  5  84  6  52  7  62  8  4  9  74
  0  80  1  28  2  65  3  19  4  51  5  59  6  27  7  44  8  71  9  69
  0  19  1  71  2  63  3  26  4  43  5  22  6  60  7  84  8  73  9  99
  0  74  1  54  2  88  3  82  4  34  5  42  6  37  7  1  8  38  9  69
  0  3  1  87  2  83  3  43  4  17  5  24  6  53  7  38  8  57  9  15
  0  67  1  18  2  2  3  68  4  54  5  2  6  42  7  70  8  72  9  54
  0  89  1  63  2  2  3  49  4  96  5  86  6  85  7  53  8  90  9  28
  0  83  1  9  2  11  3  94  4  76  5  23  6  66  7  9  8  24  9  87
  0  74  1  80  2  77  3  95  4  39  5  10  6  89  7  23  8  85  9  29
  0  74  1  82  2  51  3  87  4  13  5  84  6  12  7  34  8  5  9  54
  0  80  1  43  2  15  3  90  4  14  5  7  6  60  7  59  8  18  9  82
  0  38  1  68  2  22  3  55  4  95  5  65  6  91  7  70  8  81  9  40
  0  64  1  44  2  43  3  42  4  56  5  52  6  45  7  38  8  59  9  45
  0  36  1  64  2  34  3  69  4  81  5  55  6  61  7  58  8  37  9  53
  0  14  1  47  2  47  3  26  4  59  5  18  6  68  7  50  8  3  9  69
  0  70  1  38  2  36  3  85  4  57  5  14  6  41  7  32  8  16  9  71
  0  82  1  15  2  78  3  58  4  66  5  74  6  61  7  79  8  66  9  3
  0  12  1  15  2  36  3  1  4  78  5  87  6  59  7  24  8  95  9  29
  0  10  1  74  2  21  3  32  4  21  5  41  6  96  7  85  8  83  9  97
  0  14  1  28  2  34  3  3  4  81  5  71  6  82  7  71  8  59  9  71
  0  5  1  13  2  90  3  60  4  6  5  36  6  38  7  61  8  9  9  93
  0  27  1  39  2  37  3  94  4  26  5  71  6  2  7  20  8  44  9  52
  0  99  1  16  2  8  3  34  4  84  5  42  6  44  7  92  8  77  9  20
  0  5  1  70  2  19  3  82  4  79  5  15  6  84  7  43  8  6  9  42
  0  9  1  20  2  62  3  75  4  98  5  87  6  5  7  39  8  28  9  51
  0  81  1  17  2  43  3  48  4  41  5  98  6  16  7  37  8  20  9  73
  0  33  1  23  2  55  3  51  4  14  5  27  6  88  7  9  8  69  9  6
  0  39  1  4  2  74  3  66  4  57  5  91  6  96  7  54  8  2  9  50
  0  13  1  83  2  93  3  91  4  9  5  50  6  36  7  13  8  26  9  60
  0  13  1  19  2  24  3  31  4  95  5  20  6  59  7  80  8  29  9  84
  0  2  1  2  2  72  3  5  4  34  5  67  6  15  7  98  8  23  9  42
  0  89  1  51  2  31  3  87  4  67  5  95  6  29  7  75  8  89  9  52
  0  26  1  54  2  77  3  94  4  10  5  37  6  35  7  15  8  88  9  98
  0  12  1  89  2  56  3  8  4  18  5  87  6  33  7  25  8  91  9  65
  0  59  1  42  2  68  3  24  4  24  5  53  6  90  7  55  8  75  9  70
  0  75  1  74  2  41  3  34  4  22  5  24  6  42  7  81  8  11  9  9
  0  99  1  55  2  50  3  78  4  50  5  91  6  60  7  75  8  28  9  14
  0  96  1  17  2  74  3  92  4  60  5  82  6  95  7  90  8  52  9  6
  0  59  1  76  2  44  3  20  4  10  5  84  6  4  7  86  8  59  9  49
  0  86  1  8  2  53  3  46  4  60  5  16  6  40  7  21  8  64  9  74
  0  88  1  78  2  86  3  39  4  29  5  77  6  20  7  70  8  16  9  30
  0  43  1  88  2  31  3  34  4  23  5  11  6  87  7  58  8  34  9  20
  0  91  1  72  2  51  3  47  4  75  5  87  6  59  7  73  8  20  9  55
  0  72  1  74  2  2  3  34  4  75  5  73  6  70  7  23  8  24  9  69
  0  17  1  23  2  57  3  55  4  80  5  74  6  16  7  54  8  40  9  82
  0  73  1  21  2  55  3  25  4  24  5  98  6  57  7  16  8  64  9  30
  0  23  1  50  2  98  3  49  4  67  5  65  6  23  7  21  8  36  9  4
  0  77  1  90  2  94  3  42  4  87  5  64  6  34  7  27  8  3  9  39
  0  49  1  50  2  37  3  43  4  57  5  29  6  45  7  65  8  50  9  87
  0  96  1  71  2  22  3  56  4  38  5  52  6  97  7  27  8  45  9  37
  0  52  1  38  2  12  3  77  4  11  5  76  6  29  7  79  8  60  9  15
  0  40  1  36  2  11  3  28  4  87  5  98  6  92  7  51  8  85  9  83
  0  73  1  79  2  76  3  94  4  29  5  22  6  60  7  22  8  21  9  45
  0  7  1  40  2  33  3  90  4  85  5  9  6  89  7  40  8  80  9  76
  0  64  1  58  2  62  3  99  4  35  5  51  6  42  7  57  8  48  9  2
  0  42  1  21  2  9  3  88  4  28  5  2  6  95  7  87  8  13  9  79
  0  79  1  16  2  25  3  1  4  84  5  70  6  83  7  94  8  20  9  64
  0  41  1  36  2  93  3  71  4  78  5  67  6  44  7  26  8  69  9  44
  0  96  1  39  2  37  3  81  4  2  5  32  6  74  7  3  8  11  9  90
  0  18  1  29  2  28  3  5  4  69  5  52  6  98  7  32  8  16  9  78
  0  56  1  2  2  9  3  48  4  31  5  63  6  75  7  60  8  77  9  29
  0  88  1  47  2  2  3  66  4  19  5  97  6  62  7  47  8  43  9  16
  0  5  1  64  2  75  3  56  4  37  5  49  6  58  7  82  8  59  9  75
  0  21  1  35  2  15  3  25  4  87  5  10  6  99  7  40  8  17  9  79
  0  86  1  7  2  70  3  8  4  14  5  29  6  65  7  37  8  66  9  92
  0  61  1  67  2  43  3  35  4  63  5  31  6  89  7  55  8  66  9  38
  0  37  1  47  2  62  3  73  4  75  5  28  6  80  7  26  8  63  9  2
  0  41  1  13  2  36  3  76  4  37  5  26  6  75  7  22  8  77  9  1
  0  49  1  47  2  58  3  91  4  35  5  27  6  32  7  4  8  84  9  1
  0  15  1  25  2  93  3  36  4  31  5  36  6  85  7  24  8  92  9  9
  0  24  1  44  2  65  3  26  4  8  5  25  6  63  7  62  8  17  9  81
  0  85  1  21  2  16  3  9  4  64  5  30  6  27  7  57  8  13  9  12
  0  34  1  33  2  78  3  5  4  77  5  79  6  45  7  95  8  52  9  47
  0  30  1  80  2  21  3  58  4  81  5  72  6  93  7  11  8  75  9  31
  0  56  1  93  2  45  3  64  4  31  5  96  6  13  7  32  8  3  9  41
  0  11  1  71  2  63  3  69  4  85  5  97  6  28  7  57  8  48  9  61
  0  51  1  50  2  2  3  67  4  35  5  30  6  60  7  86  8  4  9  61
  0  50  1  8  2  3  3  86  4  37  5  28  6  25  7  50  8  38  9  54
  0  87  1  87  2  9  3  83  4  12  5  98  6  14  7  82  8  72  9  98
  0  10  1  72  2  18  3  10  4  16  5  8  6  84  7  41  8  46  9  83
  0  59  1  74  2  17  3  24  4  53  5  33  6  71  7  44  8  92  9  29
  0  74  1  63  2  44  3  99  4  66  5  31  6  36  7  79  8  91  9  93
  0  29  1  72  2  28  3  1  4  54  5  19  6  86  7  45  8  27  9  69
  0  62  1  63  2  96  3  20  4  55  5  69  6  94  7  55  8  83  9  77
  0  92  1  13  2  59  3  32  4  75  5  77  6  19  7  80  8  3  9  40
  0  2  1  26  2  3  3  97  4  27  5  53  6  26  7  92  8  24  9  30
  0  60  1  87  2  8  3  10  4  65  5  36  6  97  7  92  8  3  9  16
  0  34  1  24  2  47  3  3  4  32  5  40  6  23  7  17  8  79  9  80
  0  93  1  78  2  76  3  30  4  88  5  37  6  55  7  67  8  63  9  67
  0  44  1  24  2  20  3  61  4  57  5  87  6  32  7  31  8  29  9  96
  0  40  1  26  2  13  3  14  4  43  5  18  6  32  7  76  8  67  9  7
  0  35  1  63  2  7  3  66  4  99  5  16  6  70  7  97  8  90  9  15
  0  58  1  98  2  62  3  93  4  81  5  54  6  64  7  45  8  72  9  86
  0  81  1  47  2  62  3  40  4  34  5  10  6  30  7  99  8  1  9  39
  0  28  1  34  2  53  3  44  4  51  5  42  6  8  7  51  8  22  9  32
  0  37  1  98  2  70  3  62  4  96  5  15  6  58  7  26  8  57  9  13
  0  79  1  50  2  44  3  63  4  12  5  60  6  40  7  8  8  25  9  9
  0  82  1  30  2  62  3  78  4  74  5  19  6  52  7  15  8  87  9  60
  0  5  1  40  2  23  3  57  4  20  5  54  6  66  7  69  8  5  9  29
  0  40  1  6  2  61  3  43  4  55  5  26  6  20  7  33  8  97  9  35
  0  5  1  28  2  23  3  62  4  70  5  17  6  18  7  68  8  47  9  66
  0  79  1  25  2  70  3  65  4  5  5  60  6  93  7  91  8  90  9  50
  0  12  1  12  2  95  3  19  4  37  5  56  6  3  7  70  8  7  9  48
  0  4  1  53  2  13  3  58  4  66  5  56  6  87  7  21  8  78  9  55
  0  90  1  47  2  72  3  87  4  59  5  96  6  67  7  9  8  41  9  12
  0  93  1  54  2  12  3  19  4  82  5  32  6  43  7  50  8  30  9  90
  0  83  1  44  2  77  3  56  4  56  5  22  6  62  7  38  8  90  9  57
  0  28  1  27  2  48  3  77  4  10  5  45  6  2  7  67  8  18  9  38
  0  76  1  70  2  97  3  89  4  74  5  89  6  35  7  9  8  26  9  55
  0  29  1  40  2  48  3  2  4  68  5  71  6  6  7  61  8  59  9  45
  0  93  1  87  2  15  3  10  4  1  5  48  6  84  7  54  8  14  9  59
  0  94  1  18  2  77  3  46  4  30  5  69  6  9  7  59  8  65  9  92
  0  49  1  73  2  45  3  28  4  88  5  49  6  49  7  56  8  96  9  39
  0  10  1  20  2  50  3  70  4  63  5  17  6  42  7  22  8  43  9  29
  0  6  1  95  2  58  3  48  4  85  5  37  6  15  7  17  8  64  9  58
  0  61  1  12  2  89  3  76  4  73  5  23  6  82  7  58  8  22  9  6
  0  28  1  38  2  66  3  13  4  55  5  57  6  75  7  42  8  82  9  31
  0  81  1  42  2  71  3  48  4  99  5  62  6  9  7  61  8  83  9  61
  0  29  1  11  2  86  3  77  4  39  5  7  6  61  7  51  8  96  9  47
  0  14  1  43  2  62  3  62  4  82  5  83  6  39  7  96  8  29  9  62
  0  45  1  75  2  48  3  21  4  98  5  31  6  34  7  28  8  15  9  57
  0  64  1  41  2  28  3  39  4  83  5  83  6  2  7  75  8  10  9  94
  0  83  1  80  2  79  3  27  4  28  5  35  6  14  7  98  8  73  9  32
  0  77  1  38  2  65  3  30  4  43  5  55  6  61  7  7  8  4  9  43
  0  40  1  83  2  89  3  1  4  29  5  57  6  70  7  5  8  95  9  66
  0  67  1  95  2  90  3  65  4  98  5  47  6  15  7  1  8  19  9  33
  0  69  1  3  2  53  3  11  4  95  5  36  6  18  7  88  8  23  9  80
  0  77  1  41  2  82  3  19  4  91  5  95  6  35  7  78  8  40  9  2
  0  56  1  32  2  38  3  53  4  49  5  56  6  78  7  29  8  80  9  23
  0  55  1  68  2  74  3  41  4  62  5  8  6  1  7  8  8  75  9  25
  0  37  1  4  2  51  3  85  4  4  5  64  6  7  7  84  8  89  9  9
  0  64  1  16  2  29  3  95  4  75  5  24  6  81  7  53  8  54  9  27
  0  42  1  85  2  85  3  95  4  78  5  78  6  91  7  36  8  59  9  28
  0  71  1  25  2  44  3  74  4  47  5  76  6  30  7  38  8  69  9  39
  0  77  1  50  2  89  3  71  4  75  5  51  6  84  7  24  8  99  9  98
  0  84  1  32  2  84  3  95  4  69  5  12  6  9  7  39  8  98  9  86
  0  65  1  49  2  11  3  8  4  77  5  34  6  13  7  42  8  53  9  80
  0  19  1  35  2  20  3  99  4  42  5  76  6  70  7  61  8  22  9  24
  0  5  1  84  2  58  3  65  4  54  5  76  6  72  7  24  8  31  9  42
  0  23  1  34  2  26  3  98  4  52  5  49  6  54  7  70  8  24  9  46
  0  26  1  52  2  94  3  56  4  76  5  50  6  20  7  21  8  5  9  62
  0  97  1  55  2  85  3  46  4  86  5  81  6  64  7  75  8  58  9  44
  0  51  1  3  2  77  3  35  4  62  5  67  6  5  7  83  8  85  9  17
  0  83  1  86  2  69  3  34  4  37  5  96  6  49  7  89  8  2  9  79
  0  80  1  57  2  70  3  7  4  20  5  62  6  11  7  68  8  88  9  56
  0  95  1  94  2  14  3  32  4  52  5  30  6  10  7  22  8  30  9  3
  0  69  1  50  2  18  3  91  4  63  5  27  6  88  7  56  8  76  9  1
  0  40  1  6  2  15  3  21  4  53  5  23  6  76  7  59  8  97  9  47
  0  68  1  7  2  51  3  6  4  4  5  36  6  16  7  39  8  18  9  96
  0  39  1  58  2  91  3  95  4  82  5  22  6  57  7  52  8  93  9  43
  0  37  1  63  2  66  3  40  4  41  5  98  6  8  7  9  8  12  9  10
  0  39  1  69  2  7  3  33  4  95  5  13  6  42  7  16  8  10  9  69
  0  51  1  97  2  96  3  56  4  30  5  20  6  59  7  73  8  60  9  51
  0  97  1  72  2  47  3  50  4  86  5  5  6  4  7  7  8  50  9  26
  0  72  1  29  2  56  3  23  4  71  5  61  6  99  7  61  8  90  9  67
  0  55  1  9  2  85  3  99  4  19  5  63  6  48  7  39  8  56  9  73
  0  48  1  86  2  48  3  68  4  63  5  30  6  85  7  2  8  61  9  30
  0  46  1  93  2  91  3  77  4  94  5  25  6  95  7  39  8  37  9  4
  0  51  1  83  2  49  3  27  4  14  5  49  6  71  7  2  8  3  9  12
  0  8  1  82  2  59  3  39  4  94  5  63  6  81  7  69  8  21  9  21
  0  89  1  25  2  15  3  89  4  94  5  65  6  28  7  29  8  73  9  34
  0  82  1  1  2  64  3  50  4  64  5  79  6  42  7  62  8  75  9  53
  0  35  1  42  2  75  3  92  4  96  5  14  6  86  7  95  8  36  9  26
  0  31  1  31  2  75  3  18  4  24  5  48  6  93  7  42  8  54  9  18
  0  65  1  33  2  12  3  21  4  7  5  51  6  51  7  1  8  88  9  25
  0  98  1  57  2  79  3  80  4  46  5  31  6  28  7  31  8  75  9  13
  0  1  1  55  2  28  3  84  4  20  5  6  6  95  7  62  8  90  9  7
  0  1  1  11  2  96  3  45  4  3  5  40  6  98  7  63  8  34  9  12
  0  88  1  94  2  64  3  10  4  56  5  23  6  34  7  55  8  84  9  36
  0  16  1  70  2  87  3  9  4  2  5  18  6  40  7  55  8  3  9  82
  0  77  1  3  2  19  3  55  4  54  5  98  6  34  7  41  8  96  9  60
  0  19  1  13  2  89  3  98  4  46  5  66  6  76  7  10  8  80  9  58
  0  60  1  90  2  62  3  30  4  48  5  32  6  19  7  49  8  65  9  4
  0  68  1  19  2  34  3  17  4  88  5  37  6  90  7  42  8  88  9  18
  0  95  1  10  2  82  3  90  4  54  5  35  6  69  7  39  8  39  9  26
  0  52  1  62  2  15  3  79  4  72  5  63  6  73  7  64  8  22  9  80
  0  40  1  59  2  69  3  36  4  29  5  84  6  15  7  70  8  23  9  43
  0  46  1  69  2  33  3  75  4  82  5  12  6  57  7  69  8  9  9  97
  0  34  1  5  2  44  3  27  4  72  5  7  6  3  7  49  8  92  9  44
  0  30  1  95  2  23  3  99  4  33  5  58  6  21  7  83  8  30  9  4
  0  31  1  93  2  91  3  2  4  80  5  18  6  50  7  27  8  89  9  42
  0  93  1  70  2  38  3  21  4  76  5  41  6  20  7  96  8  14  9  73
  0  75  1  3  2  39  3  60  4  84  5  72  6  38  7  68  8  57  9  38
  0  93  1  19  2  58  3  1  4  12  5  31  6  54  7  89  8  96  9  70
  0  55  1  61  2  4  3  43  4  19  5  97  6  95  7  27  8  9  9  94
  0  67  1  29  2  30  3  66  4  22  5  26  6  12  7  96  8  14  9  7
  0  75  1  19  2  90  3  30  4  15  5  95  6  92  7  79  8  5  9  40
  0  6  1  56  2  72  3  5  4  69  5  60  6  33  7  1  8  75  9  40
  0  54  1  64  2  25  3  19  4  3  5  57  6  27  7  24  8  6  9  62
  0  44  1  69  2  98  3  39  4  32  5  83  6  72  7  28  8  22  9  79
  0  24  1  17  2  41  3  85  4  74  5  22  6  75  7  23  8  24  9  44
  0  17  1  70  2  36  3  92  4  52  5  53  6  79  7  93  8  79  9  70
  0  79  1  27  2  61  3  12  4  44  5  60  6  57  7  60  8  67  9  69
  0  91  1  67  2  42  3  57  4  41  5  39  6  6  7  32  8  54  9  90
  0  26  1  85  2  46  3  38  4  97  5  84  6  16  7  49  8  85  9  88
  0  82  1  62  2  62  3  21  4  51  5  48  6  13  7  87  8  31  9  73
  0  2  1  9  2  92  3  91  4  30  5  98  6  20  7  82  8  28  9  25
  0  91  1  79  2  63  3  27  4  16  5  96  6  47  7  66  8  81  9  31
  0  84  1  49  2  15  3  82  4  96  5  44  6  50  7  49  8  98  9  71
  0  46  1  66  2  38  3  59  4  19  5  6  6  94  7  71  8  71  9  61
  0  16  1  61  2  27  3  65  4  47  5  18  6  7  7  34  8  56  9  84
  0  19  1  33  2  80  3  80  4  31  5  93  6  38  7  66  8  46  9  43
  0  84  1  9  2  18  3  18  4  7  5  51  6  64  7  72  8  85  9  1
  0  64  1  7  2  57  3  70  4  48  5  80  6  79  7  52  8  25  9  69
  0  61  1  5  2  99  3  95  4  16  5  80  6  63  7  43  8  58  9  28
  0  79  1  18  2  39  3  40  4  93  5  40  6  1  7  37  8  27  9  59
  0  87  1  11  2  41  3  32  4  55  5  54  6  94  7  16  8  50  9  68
  0  4  1  55  2  61  3  15  4  95  5  68  6  70  7  44  8  20  9  59
  0  41  1  41  2  42  3  17  4  23  5  53  6  44  7  77  8  76  9  88
  0  3  1  46  2  29  3  16  4  27  5  33  6  27  7  81  8  61  9  20
  0  38  1  51  2  3  3  77  4  20  5  22  6  80  7  7  8  66  9  59
  0  86  1  54  2  86  3  85  4  75  5  43  6  85  7  78  8  66  9  4
  0  54  1  98  2  92  3  18  4  72  5  28  6  17  7  87  8  2  9  95
  0  89  1  98  2  13  3  30  4  8  5  52  6  66  7  53  8  29  9  75
  0  62  1  13  2  23  3  25  4  6  5  12  6  75  7  56  8  65  9  95
  0  84  1  32  2  20  3  79  4  97  5  68  6  24  7  57  8  87  9  58
  0  26  1  7  2  75  3  16  4  31  5  80  6  31  7  33  8  92  9  56
  0  19  1  48  2  57  3  82  4  68  5  47  6  27  7  44  8  87  9  73
  0  87  1  25  2  51  3  2  4  23  5  64  6  20  7  97  8  24  9  4
  0  89  1  88  2  57  3  97  4  66  5  92  6  40  7  22  8  13  9  2
  0  53  1  1  2  29  3  3  4  87  5  46  6  37  7  82  8  90  9  72
  0  10  1  71  2  69  3  36  4  43  5  89  6  75  7  6  8  65  9  15
  0  57  1  67  2  52  3  6  4  69  5  20  6  60  7  11  8  74  9  22
  0  19  1  76  2  70  3  74  4  38  5  28  6  32  7  73  8  22  9  74
  0  50  1  60  2  90  3  83  4  16  5  42  6  63  7  3  8  55  9  78
  0  37  1  38  2  44  3  40  4  77  5  20  6  48  7  96  8  7  9  6
  0  60  1  89  2  40  3  5  4  27  5  85  6  29  7  19  8  4  9  30
  0  87  1  49  2  77  3  39  4  32  5  2  6  22  7  2  8  44  9  82
  0  4  1  75  2  45  3  89  4  44  5  11  6  48  7  23  8  96  9  20
  0  8  1  74  2  10  3  81  4  96  5  69  6  71  7  63  8  83  9  80
  0  59  1  77  2  80  3  17  4  53  5  13  6  84  7  74  8  69  9  18
  0  41  1  3  2  26  3  13  4  97  5  4  6  56  7  65  8  22  9  91
  0  28  1  53  2  17  3  68  4  27  5  99  6  34  7  86  8  17  9  58
  0  88  1  22  2  92  3  72  4  22  5  67  6  76  7  55  8  54  9  8
  0  32  1  40  2  40  3  68  4  91  5  23  6  4  7  19  8  21  9  80
  0  33  1  83  2  72  3  30  4  38  5  98  6  4  7  91  8  24  9  3
  0  39  1  39  2  28  3  64  4  35  5  68  6  8  7  76  8  56  9  8
  0  94  1  68  2  70  3  64  4  49  5  20  6  34  7  62  8  77  9  85
  0  13  1  33  2  90  3  41  4  73  5  54  6  28  7  35  8  20  9  48
  0  65  1  98  2  79  3  96  4  91  5  34  6  60  7  10  8  13  9  2
  0  20  1  86  2  14  3  77  4  35  5  29  6  7  7  30  8  51  9  6
  0  32  1  57  2  51  3  91  4  83  5  85  6  87  7  99  8  93  9  3
  0  46  1  8  2  83  3  88  4  41  5  40  6  68  7  64  8  77  9  42
  0  87  1  84  2  6  3  75  4  69  5  16  6  66  7  20  8  75  9  2
  0  4  1  49  2  81  3  97  4  89  5  21  6  75  7  26  8  86  9  11
  0  95  1  87  2  41  3  53  4  29  5  17  6  94  7  2  8  49  9  99
  0  39  1  1  2  59  3  46  4  67  5  28  6  73  7  22  8  91  9  67
  0  46  1  73  2  18  3  8  4  44  5  79  6  24  7  83  8  7  9  52
  0  56  1  2  2  44  3  30  4  54  5  12  6  81  7  65  8  71  9  32
  0  26  1  88  2  32  3  21  4  32  5  93  6  72  7  70  8  85  9  91
  0  29  1  47  2  35  3  16  4  84  5  17  6  37  7  81  8  86  9  34
  0  93  1  34  2  95  3  58  4  2  5  31  6  22  7  58  8  46  9  43
  0  68  1  2  2  93  3  90  4  86  5  31  6  85  7  16  8  3  9  95
  0  20  1  78  2  85  3  80  4  85  5  32  6  55  7  35  8  81  9  90
  0  51  1  24  2  30  3  30  4  18  5  35  6  82  7  47  8  69  9  12
  0  52  1  96  2  46  3  2  4  47  5  71  6  67  7  53  8  75  9  84
  0  52  1  71  2  41  3  94  4  57  5  34  6  66  7  57  8  49  9  38
  0  97  1  2  2  30  3  99  4  86  5  75  6  51  7  59  8  52  9  95
  0  14  1  34  2  60  3  3  4  30  5  46  6  85  7  4  8  83  9  9
  0  38  1  53  2  33  3  33  4  66  5  10  6  28  7  19  8  74  9  62
  0  48  1  22  2  9  3  18  4  72  5  4  6  10  7  92  8  37  9  25
  0  28  1  49  2  58  3  37  4  53  5  72  6  9  7  66  8  5  9  71
  0  78  1  11  2  80  3  60  4  66  5  85  6  63  7  50  8  72  9  93
  0  33  1  47  2  98  3  6  4  40  5  49  6  69  7  72  8  22  9  84
  0  31  1  98  2  78  3  39  4  96  5  73  6  42  7  47  8  36  9  15
  0  8  1  61  2  38  3  69  4  90  5  25  6  91  7  6  8  50  9  3
  0  53  1  58  2  90  3  47  4  10  5  27  6  18  7  13  8  50  9  38
  0  24  1  38  2  4  3  18  4  23  5  54  6  11  7  45  8  66  9  5
  0  27  1  63  2  94  3  72  4  84  5  89  6  32  7  50  8  60  9  41
  0  99  1  8  2  23  3  63  4  25  5  29  6  56  7  43  8  69  9  37
  0  81  1  29  2  91  3  23  4  38  5  88  6  36  7  41  8  74  9  95
  0  88  1  52  2  65  3  7  4  70  5  9  6  81  7  72  8  43  9  22
  0  39  1  8  2  34  3  67  4  22  5  98  6  36  7  93  8  75  9  33
  0  24  1  54  2  72  3  67  4  78  5  89  6  33  7  88  8  38  9  5
  0  45  1  17  2  99  3  32  4  94  5  58  6  40  7  82  8  30  9  13
  0  40  1  9  2  6  3  93  4  27  5  41  6  81  7  6  8  54  9  73
  0  70  1  94  2  12  3  7  4  67  5  73  6  13  7  74  8  99  9  65
  0  6  1  8  2  74  3  45  4  18  5  19  6  25  7  51  8  9  9  17
  0  71  1  3  2  17  3  62  4  56  5  56  6  4  7  44  8  20  9  65
  0  36  1  34  2  7  3  48  4  66  5  44  6  52  7  59  8  3  9  95
  0  64  1  37  2  65  3  69  4  2  5  60  6  85  7  19  8  29  9  39
  0  85  1  38  2  84  3  28  4  42  5  16  6  98  7  23  8  44  9  50
  0  45  1  9  2  62  3  75  4  16  5  31  6  21  7  24  8  51  9  34
  0  28  1  51  2  67  3  90  4  95  5  68  6  53  7  90  8  75  9  73
  0  44  1  97  2  80  3  82  4  88  5  69  6  62  7  86  8  54  9  92
  0  74  1  91  2  55  3  9  4  42  5  27  6  90  7  5  8  12  9  11
  0  28  1  4  2  50  3  27  4  62  5  84  6  25  7  41  8  46  9  6
  0  82  1  54  2  72  3  22  4  4  5  95  6  42  7  6  8  98  9  74
  0  59  1  34  2  75  3  59  4  36  5  85  6  12  7  53  8  91  9  48
  0  75  1  78  2  85  3  65  4  4  5  88  6  19  7  48  8  35  9  80
  0  87  1  26  2  32  3  67  4  79  5  25  6  70  7  28  8  41  9  8
  0  50  1  61  2  64  3  86  4  80  5  99  6  63  7  4  8  32  9  52
  0  40  1  61  2  50  3  7  4  63  5  16  6  2  7  83  8  18  9  81
  0  58  1  38  2  71  3  11  4  73  5  50  6  93  7  44  8  92  9  39
  0  22  1  44  2  93  3  14  4  34  5  58  6  72  7  18  8  3  9  73
  0  91  1  53  2  22  3  65  4  77  5  84  6  44  7  45  8  32  9  46
  0  55  1  52  2  80  3  24  4  81  5  69  6  83  7  75  8  10  9  35
  0  87  1  98  2  60  3  77  4  81  5  79  6  47  7  29  8  86  9  77
  0  6  1  50  2  6  3  19  4  89  5  2  6  97  7  9  8  46  9  38
  0  61  1  88  2  44  3  1  4  36  5  5  6  91  7  56  8  65  9  46
  0  84  1  72  2  72  3  79  4  69  5  66  6  41  7  88  8  94  9  48
  0  9  1  1  2  17  3  36  4  16  5  45  6  56  7  30  8  55  9  82
  0  29  1  75  2  30  3  9  4  6  5  37  6  13  7  5  8  64  9  67
  0  49  1  99  2  41  3  53  4  66  5  65  6  3  7  63  8  77  9  56
  0  84  1  37  2  78  3  65  4  66  5  74  6  89  7  59  8  2  9  33
  0  94  1  20  2  89  3  35  4  58  5  88  6  80  7  42  8  51  9  8
  0  50  1  48  2  90  3  6  4  64  5  93  6  90  7  48  8  53  9  18
  0  73  1  78  2  36  3  85  4  85  5  8  6  76  7  59  8  23  9  24
  0  68  1  12  2  62  3  38  4  65  5  86  6  41  7  88  8  21  9  65
  0  40  1  54  2  89  3  86  4  74  5  66  6  4  7  32  8  66  9  26
  0  51  1  74  2  87  3  35  4  84  5  55  6  69  7  22  8  56  9  27
  0  37  1  31  2  62  3  88  4  6  5  67  6  32  7  97  8  48  9  57
  0  93  1  28  2  22  3  41  4  12  5  19  6  8  7  18  8  74  9  24
  0  19  1  6  2  68  3  72  4  54  5  87  6  79  7  75  8  26  9  62
  0  5  1  58  2  78  3  8  4  56  5  6  6  75  7  42  8  5  9  31
  0  30  1  21  2  79  3  22  4  90  5  27  6  36  7  23  8  29  9  27
  0  54  1  48  2  72  3  2  4  13  5  46  6  85  7  80  8  82  9  48
  0  97  1  37  2  9  3  82  4  23  5  15  6  84  7  27  8  23  9  5
  0  36  1  44  2  10  3  91  4  72  5  9  6  92  7  24  8  69  9  24
  0  99  1  94  2  83  3  2  4  54  5  35  6  33  7  26  8  68  9  44
  0  71  1  46  2  81  3  15  4  48  5  70  6  70  7  43  8  46  9  34
  0  99  1  8  2  21  3  87  4  90  5  64  6  82  7  19  8  23  9  5
  0  8  1  93  2  9  3  56  4  71  5  4  6  92  7  38  8  18  9  37
  0  68  1  86  2  36  3  11  4  24  5  21  6  85  7  40  8  48  9  19
  0  5  1  31  2  60  3  10  4  90  5  12  6  48  7  16  8  32  9  56
  0  31  1  97  2  37  3  46  4  73  5  76  6  84  7  92  8  18  9  46
  0  93  1  1  2  26  3  3  4  82  5  54  6  26  7  39  8  79  9  56
  0  12  1  99  2  86  3  41  4  61  5  76  6  16  7  60  8  39  9  7
  0  57  1  92  2  17  3  92  4  33  5  44  6  34  7  55  8  60  9  26
  0  61  1  7  2  25  3  33  4  60  5  68  6  28  7  59  8  37  9  12
  0  71  1  27  2  41  3  76  4  82  5  9  6  59  7  84  8  9  9  69
  0  92  1  77  2  11  3  70  4  32  5  32  6  58  7  91  8  61  9  26
  0  95  1  84  2  57  3  72  4  18  5  45  6  64  7  43  8  8  9  79
  0  59  1  36  2  96  3  7  4  43  5  71  6  50  7  97  8  14  9  14
  0  16  1  75  2  18  3  56  4  56  5  3  6  79  7  21  8  66  9  42
  0  50  1  51  2  53  3  66  4  39  5  4  6  16  7  43  8  10  9  67
  0  68  1  37  2  48  3  70  4  75  5  93  6  52  7  43  8  8  9  93
  0  85  1  56  2  27  3  7  4  98  5  50  6  74  7  74  8  14  9  20
  0  98  1  92  2  22  3  31  4  58  5  91  6  43  7  71  8  1  9  29
  0  43  1  68  2  70  3  26  4  8  5  29  6  22  7  32  8  28  9  79
  0  38  1  99  2  36  3  9  4  70  5  88  6  94  7  50  8  57  9  38
  0  41  1  47  2  86  3  83  4  26  5  95  6  4  7  2  8  9  9  51
  0  96  1  2  2  89  3  52  4  89  5  11  6  95  7  84  8  34  9  13
  0  57  1  3  2  88  3  43  4  29  5  77  6  12  7  40  8  44  9  30
  0  13  1  18  2  19  3  79  4  49  5  4  6  38  7  7  8  42  9  55
  0  74  1  29  2  62  3  52  4  48  5  9  6  15  7  25  8  20  9  67
  0  3  1  71  2  54  3  67  4  72  5  68  6  30  7  77  8  55  9  77
  0  60  1  48  2  62  3  8  4  58  5  51  6  96  7  85  8  58  9  62
  0  92  1  33  2  80  3  95  4  99  5  68  6  97  7  12  8  50  9  72
  0  41  1  66  2  6  3  87  4  59  5  61  6  64  7  41  8  5  9  28
  0  48  1  10  2  34  3  42  4  41  5  73  6  18  7  53  8  26  9  8
  0  17  1  90  2  39  3  38  4  70  5  53  6  46  7  35  8  91  9  18
  0  12  1  30  2  70  3  26  4  12  5  87  6  37  7  6  8  4  9  47
  0  24  1  58  2  72  3  45  4  33  5  35  6  97  7  49  8  12  9  38
  0  26  1  93  2  66  3  54  4  26  5  89  6  87  7  8  8  81  9  29
  0  58  1  65  2  33  3  41  4  72  5  52  6  77  7  42  8  82  9  52
  0  95  1  94  2  55  3  8  4  51  5  82  6  98  7  33  8  97  9  40
  0  3  1  11  2  71  3  12  4  90  5  47  6  66  7  29  8  78  9  77
  0  22  1  25  2  8  3  76  4  59  5  22  6  60  7  5  8  47  9  67
  0  15  1  88  2  6  3  9  4  70  5  19  6  46  7  20  8  54  9  22
  0  17  1  23  2  8  3  39  4  28  5  76  6  96  7  96  8  34  9  21
  0  90  1  84  2  25  3  92  4  20  5  53  6  48  7  58  8  2  9  5
  0  57  1  26  2  80  3  32  4  68  5  38  6  43  7  45  8  58  9  49
  0  93  1  75  2  48  3  42  4  93  5  45  6  50  7  46  8  18  9  63
  0  68  1  44  2  71  3  61  4  84  5  95  6  57  7  85  8  75  9  6
  0  15  1  28  2  31  3  25  4  52  5  36  6  78  7  48  8  49  9  47
  0  27  1  56  2  90  3  45  4  96  5  15  6  78  7  11  8  81  9  27
  0  18  1  41  2  71  3  4  4  73  5  46  6  36  7  93  8  55  9  43
  0  28  1  90  2  67  3  10  4  81  5  16  6  30  7  84  8  95  9  29
  0  62  1  93  2  33  3  24  4  95  5  68  6  82  7  28  8  32  9  73
  0  55  1  68  2  81  3  55  4  12  5  22  6  46  7  88  8  53  9  42
  0  28  1  77  2  9  3  11  4  81  5  44  6  11  7  96  8  38  9  93
  0  44  1  86  2  61  3  60  4  92  5  31  6  35  7  64  8  39  9  37
  0  78  1  32  2  91  3  65  4  26  5  63  6  20  7  42  8  44  9  41
  0  47  1  91  2  63  3  26  4  32  5  33  6  31  7  81  8  11  9  11
  0  30  1  15  2  13  3  49  4  25  5  31  6  63  7  50  8  12  9  34
  0  15  1  71  2  89  3  40  4  2  5  59  6  89  7  58  8  90  9  27
  0  23  1  67  2  71  3  87  4  29  5  5  6  29  7  93  8  38  9  30
  0  59  1  46  2  85  3  31  4  53  5  67  6  36  7  96  8  41  9  49
  0  5  1  64  2  71  3  26  4  89  5  11  6  85  7  35  8  40  9  64
  0  82  1  61  2  38  3  39  4  16  5  71  6  67  7  18  8  42  9  1
  0  79  1  55  2  28  3  37  4  9  5  57  6  82  7  10  8  74  9  58
  0  62  1  92  2  70  3  21  4  85  5  70  6  57  7  14  8  31  9  26
  0  73  1  39  2  21  3  48  4  49  5  33  6  10  7  78  8  96  9  47
  0  32  1  32  2  82  3  82  4  74  5  61  6  34  7  42  8  79  9  63
  0  26  1  22  2  99  3  39  4  42  5  56  6  46  7  42  8  19  9  76
  0  17  1  7  2  8  3  71  4  91  5  13  6  15  7  36  8  23  9  42
  0  14  1  61  2  68  3  37  4  26  5  93  6  45  7  44  8  18  9  67
  0  90  1  41  2  74  3  5  4  67  5  42  6  27  7  2  8  58  9  50
  0  55  1  85  2  10  3  99  4  90  5  83  6  47  7  99  8  97  9  43
  0  62  1  88  2  91  3  9  4  39  5  33  6  40  7  28  8  77  9  54
  0  47  1  48  2  22  3  70  4  9  5  27  6  19  7  52  8  13  9  75
  0  40  1  72  2  96  3  85  4  66  5  71  6  96  7  33  8  3  9  74
  0  58  1  55  2  75  3  40  4  78  5  23  6  44  7  9  8  8  9  83
  0  96  1  8  2  33  3  29  4  48  5  2  6  16  7  22  8  44  9  15
  0  60  1  74  2  24  3  58  4  26  5  75  6  30  7  36  8  26  9  8
  0  37  1  22  2  63  3  82  4  49  5  14  6  1  7  19  8  96  9  25
  0  61  1  15  2  17  3  64  4  15  5  92  6  6  7  7  8  87  9  26
  0  74  1  69  2  10  3  82  4  56  5  27  6  78  7  18  8  36  9  51
  0  4  1  28  2  94  3  48  4  77  5  42  6  7  7  24  8  59  9  94
  0  26  1  10  2  87  3  36  4  42  5  29  6  56  7  49  8  93  9  76
  0  15  1  87  2  78  3  51  4  75  5  62  6  97  7  68  8  39  9  27
  0  7  1  19  2  85  3  48  4  82  5  78  6  69  7  59  8  13  9  76
  0  33  1  32  2  75  3  63  4  21  5  19  6  65  7  52  8  50  9  45
  0  77  1  20  2  91  3  59  4  66  5  92  6  50  7  62  8  22  9  43
  0  46  1  79  2  55  3  87  4  49  5  55  6  73  7  60  8  8  9  67
  0  71  1  77  2  78  3  93  4  99  5  56  6  51  7  89  8  67  9  31
  0  14  1  59  2  87  3  71  4  12  5  5  6  84  7  18  8  2  9  13
  0  18  1  80  2  88  3  8  4  82  5  53  6  2  7  69  8  3  9  59
  0  62  1  8  2  25  3  24  4  26  5  26  6  71  7  29  8  19  9  38
  0  20  1  7  2  91  3  2  4  14  5  80  6  72  7  92  8  21  9  50
  0  75  1  26  2  87  3  80  4  7  5  2  6  78  7  52  8  76  9  43
  0  70  1  62  2  7  3  29  4  53  5  12  6  85  7  59  8  73  9  91
  0  14  1  6  2  82  3  66  4  56  5  18  6  16  7  21  8  71  9  2
  0  1  1  6  2  93  3  98  4  49  5  17  6  91  7  11  8  23  9  70
  0  34  1  60  2  39  3  77  4  14  5  86  6  78  7  29  8  40  9  7
  0  5  1  26  2  79  3  97  4  4  5  41  6  5  7  82  8  13  9  83
  0  9  1  16  2  88  3  96  4  54  5  9  6  33  7  28  8  89  9  40
  0  83  1  37  2  58  3  40  4  39  5  32  6  59  7  46  8  59  9  60
  0  52  1  61  2  79  3  83  4  10  5  71  6  22  7  9  8  62  9  6
  0  91  1  82  2  85  3  30  4  88  5  30  6  31  7  18  8  82  9  27
  0  93  1  54  2  19  3  27  4  63  5  34  6  61  7  73  8  21  9  80
  0  93  1  87  2  60  3  2  4  23  5  84  6  52  7  47  8  63  9  92
  0  78  1  31  2  99  3  49  4  4  5  44  6  45  7  9  8  76  9  71
  0  58  1  94  2  52  3  75  4  74  5  61  6  87  7  25  8  61  9  70
  0  75  1  67  2  20  3  84  4  78  5  89  6  76  7  23  8  4  9  98
  0  45  1  60  2  31  3  32  4  50  5  39  6  68  7  67  8  39  9  32
  0  19  1  94  2  33  3  83  4  62  5  82  6  87  7  6  8  97  9  29
  0  60  1  12  2  5  3  96  4  14  5  22  6  98  7  66  8  95  9  60
  0  14  1  61  2  72  3  24  4  25  5  18  6  22  7  24  8  85  9  17
TPM
  0  2857  1  2857  2  2857  3  2857  4  2857  5  2857  6  2857  7  2857  8  2857  9  2857
PMT
  0  68  1  69  2  46  3  73  4  69  5  13  6  55  7  10  8  60  9  52
  0  64  1  72  2  32  3  4  4  66  5  47  6  69  7  50  8  65  9  45
  0  37  1  21  2  61  3  19  4  29  5  33  6  67  7  21  8  40  9  74
  0  46  1  13  2  47  3  58  4  64  5  56  6  29  7  65  8  68  9  47
  0  51  1  9  2  53  3  7  4  41  5  60  6  9  7  52  8  8  9  60
  0  67  1  60  2  15  3  24  4  47  5  29  6  21  7  18  8  63  9  28
  0  40  1  58  2  5  3  74  4  39  5  55  6  37  7  1  8  64  9  43
  0  48  1  63  2  41  3  24  4  73  5  61  6  9  7  65  8  44  9  22
  0  45  1  14  2  20  3  13  4  4  5  32  6  43  7  9  8  10  9  9
  0  67  1  38  2  67  3  71  4  22  5  5  6  74  7  43  8  65  9  25
  0  48  1  45  2  73  3  66  4  23  5  58  6  30  7  46  8  66  9  71
  0  12  1  45  2  57  3  26  4  71  5  35  6  12  7  4  8  18  9  5
  0  40  1  3  2  15  3  7  4  71  5  6  6  33  7  62  8  60  9  5
  0  7  1  11  2  13  3  1  4  38  5  33  6  58  7  30  8  70  9  24
  0  19  1  71  2  52  3  66  4  22  5  55  6  52  7  19  8  58  9  24
  0  51  1  34  2  1  3  28  4  7  5  62  6  51  7  65  8  47  9  65
  0  9  1  66  2  2  3  50  4  2  5  39  6  22  7  58  8  48  9  44
  0  65  1  2  2  21  3  71  4  8  5  37  6  23  7  60  8  1  9  70
