200  10
  0  48  1  20  2  46  3  76  4  10  5  70  6  21  7  46  8  46  9  17
  0  98  1  52  2  21  3  87  4  69  5  3  6  55  7  90  8  33  9  83
  0  59  1  49  2  49  3  40  4  60  5  51  6  88  7  64  8  42  9  27
  0  34  1  79  2  2  3  38  4  43  5  65  6  86  7  50  8  57  9  70
  0  79  1  42  2  16  3  92  4  21  5  41  6  10  7  38  8  14  9  13
  0  93  1  79  2  39  3  36  4  32  5  71  6  62  7  40  8  50  9  10
  0  32  1  86  2  18  3  31  4  92  5  23  6  80  7  78  8  55  9  41
  0  26  1  4  2  11  3  16  4  38  5  71  6  67  7  7  8  91  9  72
  0  51  1  53  2  74  3  86  4  14  5  92  6  51  7  28  8  14  9  69
  0  95  1  82  2  77  3  41  4  69  5  9  6  64  7  79  8  12  9  60
  0  74  1  27  2  72  3  69  4  88  5  58  6  5  7  71  8  18  9  52
  0  91  1  85  2  6  3  90  4  90  5  64  6  24  7  11  8  4  9  86
  0  30  1  8  2  3  3  56  4  90  5  42  6  91  7  20  8  97  9  5
  0  64  1  37  2  18  3  59  4  96  5  45  6  48  7  35  8  81  9  11
  0  91  1  67  2  90  3  65  4  53  5  92  6  34  7  58  8  24  9  53
  0  40  1  80  2  16  3  67  4  76  5  39  6  49  7  63  8  90  9  82
  0  16  1  91  2  43  3  20  4  70  5  60  6  48  7  70  8  13  9  58
  0  61  1  38  2  72  3  60  4  69  5  8  6  10  7  27  8  71  9  93
  0  83  1  52  2  60  3  2  4  66  5  9  6  46  7  71  8  93  9  1
  0  74  1  21  2  77  3  30  4  28  5  1  6  35  7  24  8  28  9  39
  0  97  1  83  2  63  3  36  4  11  5  60  6  13  7  15  8  30  9  55
  0  47  1  79  2  85  3  11  4  17  5  97  6  65  7  34  8  69  9  28
  0  31  1  66  2  51  3  66  4  83  5  3  6  77  7  55  8  27  9  11
  0  90  1  5  2  6  3  12  4  33  5  18  6  17  7  16  8  5  9  1
  0  8  1  33  2  81  3  8  4  27  5  2  6  13  7  76  8  83  9  92
  0  31  1  15  2  29  3  95  4  33  5  61  6  70  7  89  8  26  9  41
  0  73  1  57  2  39  3  78  4  28  5  90  6  41  7  34  8  68  9  97
  0  31  1  81  2  76  3  13  4  73  5  53  6  19  7  69  8  6  9  3
  0  83  1  80  2  40  3  70  4  22  5  43  6  30  7  51  8  17  9  65
  0  83  1  1  2  20  3  65  4  30  5  29  6  46  7  13  8  88  9  63
  0  6  1  95  2  80  3  85  4  8  5  43  6  96  7  73  8  86  9  27
  0  1  1  98  2  15  3  36  4  33  5  67  6  8  7  84  8  57  9  93
  0  38  1  99  2  37  3  57  4  23  5  10  6  72  7  82  8  30  9  15
  0  97  1  20  2  33  3  21  4  42  5  47  6  12  7  64  8  1  9  9
  0  70  1  59  2  57  3  46  4  18  5  45  6  75  7  10  8  46  9  16
  0  29  1  51  2  91  3  58  4  51  5  18  6  53  7  34  8  24  9  23
  0  38  1  79  2  23  3  49  4  19  5  3  6  7  7  10  8  40  9  16
  0  14  1  82  2  22  3  21  4  85  5  81  6  22  7  38  8  56  9  36
  0  65  1  52  2  62  3  95  4  70  5  1  6  67  7  72  8  96  9  54
  0  96  1  92  2  19  3  35  4  41  5  31  6  95  7  92  8  67  9  22
  0  81  1  30  2  39  3  1  4  11  5  36  6  46  7  2  8  42  9  91
  0  90  1  17  2  54  3  30  4  76  5  7  6  9  7  84  8  1  9  91
  0  53  1  54  2  52  3  91  4  10  5  56  6  57  7  76  8  61  9  62
  0  18  1  43  2  63  3  36  4  57  5  51  6  17  7  1  8  54  9  60
  0  87  1  25  2  24  3  55  4  65  5  6  6  89  7  70  8  79  9  60
  0  45  1  33  2  36  3  89  4  6  5  78  6  37  7  60  8  3  9  31
  0  76  1  4  2  53  3  39  4  53  5  57  6  24  7  8  8  36  9  79
  0  73  1  68  2  53  3  7  4  25  5  85  6  18  7  55  8  25  9  82
  0  93  1  73  2  70  3  33  4  73  5  86  6  23  7  67  8  16  9  12
  0  36  1  71  2  65  3  28  4  72  5  83  6  58  7  14  8  73  9  23
  0  78  1  9  2  20  3  97  4  25  5  47  6  89  7  79  8  92  9  77
  0  5  1  45  2  3  3  67  4  25  5  14  6  6  7  40  8  20  9  33
  0  50  1  21  2  41  3  9  4  17  5  67  6  72  7  58  8  23  9  20
  0  16  1  34  2  68  3  93  4  62  5  72  6  74  7  3  8  41  9  37
  0  37  1  88  2  54  3  69  4  97  5  77  6  31  7  77  8  88  9  17
  0  65  1  6  2  34  3  41  4  30  5  86  6  84  7  75  8  54  9  52
  0  32  1  84  2  38  3  62  4  42  5  12  6  19  7  80  8  66  9  78
  0  30  1  93  2  60  3  27  4  97  5  73  6  6  7  38  8  87  9  11
  0  93  1  54  2  79  3  74  4  49  5  73  6  39  7  78  8  84  9  24
  0  21  1  63  2  10  3  13  4  2  5  10  6  52  7  10  8  62  9  63
  0  51  1  20  2  30  3  15  4  36  5  50  6  65  7  82  8  95  9  76
  0  71  1  84  2  4  3  57  4  36  5  86  6  68  7  62  8  34  9  95
  0  99  1  7  2  74  3  95  4  17  5  7  6  48  7  62  8  64  9  4
  0  15  1  21  2  72  3  20  4  45  5  3  6  4  7  36  8  84  9  32
  0  74  1  15  2  37  3  48  4  17  5  5  6  56  7  46  8  52  9  99
  0  5  1  78  2  73  3  37  4  20  5  62  6  57  7  60  8  92  9  88
  0  58  1  81  2  50  3  14  4  58  5  18  6  4  7  89  8  65  9  84
  0  86  1  62  2  88  3  72  4  12  5  39  6  44  7  43  8  17  9  16
  0  49  1  20  2  68  3  2  4  16  5  49  6  65  7  83  8  70  9  65
  0  27  1  39  2  29  3  2  4  94  5  56  6  29  7  97  8  61  9  41
  0  85  1  14  2  5  3  23  4  23  5  62  6  2  7  74  8  14  9  91
  0  42  1  16  2  98  3  6  4  70  5  71  6  1  7  96  8  18  9  88
  0  36  1  8  2  22  3  49  4  84  5  90  6  25  7  24  8  92  9  86
  0  2  1  56  2  96  3  63  4  72  5  72  6  3  7  93  8  91  9  54
  0  63  1  37  2  13  3  25  4  28  5  83  6  78  7  29  8  64  9  53
  0  87  1  14  2  72  3  70  4  24  5  35  6  46  7  47  8  70  9  48
  0  46  1  61  2  32  3  65  4  91  5  92  6  25  7  75  8  89  9  71
  0  38  1  61  2  49  3  38  4  57  5  77  6  55  7  24  8  92  9  47
  0  9  1  16  2  85  3  3  4  39  5  29  6  53  7  96  8  50  9  41
  0  12  1  19  2  76  3  39  4  88  5  34  6  30  7  82  8  99  9  4
  0  87  1  94  2  78  3  63  4  38  5  24  6  56  7  68  8  85  9  46
  0  35  1  30  2  99  3  97  4  25  5  8  6  32  7  56  8  11  9  16
  0  48  1  9  2  80  3  83  4  58  5  85  6  32  7  57  8  34  9  32
  0  35  1  40  2  38  3  58  4  25  5  8  6  13  7  92  8  43  9  49
  0  14  1  11  2  55  3  18  4  67  5  35  6  19  7  88  8  87  9  20
  0  71  1  59  2  3  3  62  4  60  5  48  6  57  7  11  8  52  9  67
  0  90  1  61  2  71  3  72  4  20  5  53  6  66  7  27  8  70  9  15
  0  3  1  29  2  24  3  27  4  32  5  81  6  4  7  83  8  85  9  12
  0  79  1  82  2  87  3  73  4  92  5  78  6  86  7  75  8  26  9  71
  0  63  1  25  2  50  3  13  4  51  5  96  6  55  7  64  8  67  9  36
  0  20  1  30  2  69  3  74  4  90  5  47  6  66  7  23  8  67  9  19
  0  42  1  53  2  24  3  3  4  86  5  91  6  12  7  10  8  45  9  85
  0  8  1  67  2  8  3  27  4  27  5  47  6  16  7  17  8  1  9  72
  0  70  1  31  2  86  3  47  4  33  5  11  6  73  7  70  8  90  9  82
  0  79  1  37  2  6  3  96  4  73  5  34  6  75  7  26  8  65  9  74
  0  75  1  59  2  34  3  44  4  52  5  1  6  99  7  45  8  13  9  46
  0  54  1  54  2  93  3  93  4  10  5  47  6  31  7  21  8  26  9  40
  0  58  1  27  2  27  3  56  4  99  5  33  6  20  7  25  8  36  9  72
  0  73  1  63  2  66  3  32  4  26  5  94  6  93  7  7  8  12  9  9
  0  86  1  4  2  54  3  81  4  33  5  86  6  41  7  81  8  54  9  45
  0  87  1  45  2  55  3  59  4  59  5  12  6  44  7  59  8  94  9  21
  0  25  1  13  2  72  3  38  4  60  5  97  6  92  7  54  8  51  9  41
  0  70  1  60  2  86  3  18  4  74  5  21  6  59  7  54  8  48  9  69
  0  45  1  81  2  87  3  21  4  88  5  16  6  89  7  61  8  64  9  84
  0  68  1  59  2  79  3  8  4  10  5  29  6  50  7  10  8  33  9  6
  0  73  1  28  2  46  3  43  4  61  5  23  6  32  7  34  8  22  9  28
  0  10  1  4  2  96  3  87  4  45  5  46  6  96  7  64  8  96  9  82
  0  84  1  21  2  50  3  76  4  9  5  2  6  49  7  37  8  78  9  78
  0  36  1  76  2  35  3  29  4  73  5  19  6  62  7  62  8  78  9  78
  0  44  1  17  2  23  3  45  4  55  5  75  6  66  7  46  8  40  9  6
  0  23  1  73  2  33  3  92  4  88  5  3  6  3  7  24  8  66  9  35
  0  44  1  70  2  78  3  39  4  36  5  34  6  53  7  70  8  42  9  88
  0  9  1  7  2  28  3  16  4  95  5  26  6  17  7  19  8  49  9  91
  0  10  1  73  2  74  3  52  4  37  5  28  6  71  7  62  8  25  9  85
  0  53  1  65  2  92  3  12  4  26  5  11  6  6  7  71  8  46  9  1
  0  55  1  59  2  55  3  68  4  52  5  2  6  50  7  48  8  31  9  46
  0  77  1  97  2  21  3  34  4  21  5  57  6  27  7  66  8  26  9  76
  0  17  1  77  2  14  3  38  4  25  5  87  6  34  7  56  8  96  9  96
  0  81  1  35  2  58  3  41  4  87  5  5  6  70  7  36  8  25  9  83
  0  96  1  45  2  29  3  25  4  15  5  86  6  95  7  47  8  34  9  52
  0  17  1  61  2  96  3  78  4  67  5  38  6  89  7  37  8  46  9  84
  0  90  1  1  2  50  3  17  4  8  5  10  6  16  7  56  8  13  9  59
  0  69  1  76  2  65  3  61  4  64  5  80  6  62  7  64  8  99  9  2
  0  92  1  39  2  49  3  28  4  58  5  47  6  48  7  17  8  91  9  60
  0  96  1  47  2  93  3  8  4  7  5  10  6  62  7  47  8  91  9  56
  0  88  1  98  2  50  3  39  4  41  5  96  6  38  7  17  8  58  9  31
  0  92  1  20  2  37  3  88  4  67  5  83  6  72  7  25  8  2  9  98
  0  82  1  15  2  7  3  45  4  40  5  74  6  71  7  98  8  82  9  42
  0  1  1  34  2  81  3  61  4  46  5  54  6  77  7  14  8  91  9  29
  0  24  1  85  2  3  3  22  4  3  5  70  6  54  7  30  8  87  9  36
  0  90  1  77  2  69  3  15  4  89  5  23  6  90  7  89  8  27  9  89
  0  32  1  94  2  72  3  14  4  52  5  39  6  49  7  76  8  81  9  30
  0  55  1  60  2  9  3  57  4  19  5  47  6  29  7  60  8  30  9  65
  0  26  1  89  2  88  3  16  4  8  5  32  6  44  7  69  8  31  9  75
  0  22  1  6  2  72  3  9  4  72  5  17  6  38  7  6  8  68  9  30
  0  10  1  22  2  50  3  97  4  87  5  11  6  97  7  56  8  54  9  44
  0  58  1  79  2  89  3  74  4  86  5  48  6  8  7  98  8  60  9  22
  0  76  1  85  2  67  3  93  4  70  5  99  6  6  7  57  8  52  9  19
  0  24  1  9  2  73  3  25  4  85  5  74  6  61  7  42  8  56  9  31
  0  20  1  13  2  37  3  63  4  55  5  65  6  87  7  80  8  29  9  2
  0  16  1  58  2  65  3  10  4  38  5  20  6  92  7  88  8  18  9  46
  0  85  1  16  2  52  3  78  4  33  5  30  6  58  7  68  8  60  9  79
  0  77  1  70  2  68  3  68  4  7  5  99  6  76  7  17  8  8  9  85
  0  82  1  86  2  80  3  6  4  65  5  67  6  75  7  69  8  7  9  3
  0  92  1  88  2  5  3  22  4  2  5  72  6  99  7  87  8  56  9  3
  0  38  1  85  2  10  3  96  4  43  5  18  6  45  7  65  8  83  9  67
  0  80  1  11  2  32  3  59  4  10  5  36  6  68  7  11  8  81  9  49
  0  82  1  81  2  52  3  86  4  54  5  40  6  37  7  96  8  39  9  6
  0  56  1  47  2  75  3  54  4  61  5  52  6  90  7  77  8  69  9  35
  0  83  1  41  2  50  3  69  4  92  5  79  6  49  7  64  8  95  9  27
  0  26  1  85  2  92  3  69  4  58  5  37  6  54  7  59  8  35  9  27
  0  66  1  49  2  22  3  16  4  81  5  14  6  9  7  98  8  59  9  71
  0  36  1  78  2  59  3  40  4  77  5  49  6  30  7  67  8  34  9  53
  0  93  1  35  2  39  3  27  4  9  5  18  6  13  7  30  8  99  9  50
  0  87  1  10  2  47  3  42  4  10  5  67  6  91  7  24  8  90  9  17
  0  95  1  31  2  40  3  60  4  71  5  52  6  35  7  5  8  63  9  1
  0  87  1  9  2  33  3  86  4  19  5  40  6  6  7  88  8  54  9  55
  0  65  1  66  2  99  3  60  4  3  5  65  6  61  7  7  8  64  9  78
  0  10  1  12  2  51  3  94  4  17  5  39  6  56  7  47  8  11  9  62
  0  61  1  15  2  24  3  84  4  15  5  66  6  23  7  12  8  60  9  49
  0  62  1  92  2  99  3  45  4  92  5  66  6  2  7  57  8  11  9  83
  0  89  1  2  2  33  3  4  4  77  5  12  6  39  7  71  8  26  9  78
  0  8  1  20  2  45  3  1  4  44  5  77  6  65  7  90  8  76  9  51
  0  51  1  75  2  54  3  22  4  31  5  5  6  99  7  83  8  66  9  16
  0  78  1  93  2  81  3  55  4  92  5  38  6  29  7  35  8  19  9  7
  0  72  1  82  2  40  3  44  4  87  5  11  6  40  7  31  8  36  9  10
  0  68  1  86  2  55  3  52  4  88  5  16  6  61  7  47  8  68  9  39
  0  70  1  95  2  75  3  78  4  79  5  28  6  82  7  77  8  59  9  29
  0  10  1  90  2  59  3  76  4  39  5  72  6  12  7  53  8  91  9  34
  0  6  1  8  2  50  3  66  4  54  5  71  6  61  7  41  8  69  9  58
  0  61  1  31  2  38  3  8  4  2  5  23  6  51  7  45  8  63  9  6
  0  27  1  63  2  1  3  64  4  30  5  61  6  48  7  11  8  95  9  93
  0  67  1  18  2  81  3  99  4  38  5  59  6  32  7  31  8  7  9  63
  0  12  1  5  2  54  3  28  4  47  5  24  6  45  7  58  8  91  9  64
  0  56  1  26  2  88  3  16  4  22  5  65  6  5  7  23  8  26  9  40
  0  64  1  57  2  27  3  64  4  94  5  34  6  13  7  55  8  70  9  40
  0  99  1  41  2  21  3  38  4  38  5  66  6  24  7  71  8  84  9  61
  0  21  1  74  2  51  3  65  4  4  5  75  6  43  7  24  8  79  9  27
  0  43  1  7  2  97  3  26  4  16  5  95  6  5  7  91  8  18  9  63
  0  56  1  13  2  53  3  28  4  7  5  90  6  15  7  56  8  50  9  36
  0  86  1  54  2  85  3  99  4  97  5  65  6  35  7  33  8  70  9  67
  0  26  1  23  2  88  3  29  4  27  5  39  6  72  7  82  8  95  9  88
  0  63  1  14  2  76  3  72  4  20  5  74  6  53  7  79  8  5  9  74
  0  55  1  62  2  7  3  4  4  59  5  94  6  13  7  93  8  44  9  92
  0  52  1  19  2  92  3  44  4  60  5  96  6  33  7  93  8  21  9  39
  0  80  1  69  2  20  3  56  4  20  5  50  6  91  7  25  8  25  9  3
  0  40  1  72  2  24  3  50  4  90  5  24  6  42  7  48  8  74  9  34
  0  96  1  63  2  74  3  94  4  7  5  6  6  72  7  69  8  50  9  46
  0  76  1  26  2  97  3  16  4  26  5  62  6  76  7  83  8  98  9  21
  0  59  1  42  2  66  3  67  4  88  5  61  6  71  7  70  8  62  9  81
  0  27  1  93  2  58  3  62  4  62  5  9  6  68  7  6  8  55  9  75
  0  62  1  10  2  42  3  49  4  11  5  40  6  80  7  22  8  37  9  21
  0  11  1  95  2  72  3  63  4  44  5  50  6  36  7  11  8  73  9  47
  0  71  1  48  2  78  3  96  4  95  5  16  6  78  7  69  8  58  9  26
  0  50  1  15  2  8  3  54  4  11  5  58  6  14  7  87  8  50  9  46
  0  96  1  14  2  36  3  82  4  55  5  14  6  48  7  79  8  4  9  73
  0  8  1  3  2  50  3  35  4  1  5  90  6  78  7  56  8  28  9  78
  0  30  1  29  2  14  3  58  4  73  5  10  6  64  7  50  8  23  9  35
  0  62  1  67  2  49  3  27  4  23  5  6  6  77  7  22  8  67  9  87
  0  81  1  83  2  76  3  32  4  4  5  63  6  29  7  43  8  77  9  24
TPM
  0  1786  1  1786  2  1786  3  1786  4  1786  5  1786  6  1786  7  1786  8  1786  9  1786
PMT
  0  39  1  28  2  13  3  46  4  13  5  35  6  1  7  47  8  55  9  49
  0  62  1  72  2  8  3  27  4  68  5  21  6  43  7  66  8  62  9  2
  0  3  1  56  2  7  3  23  4  51  5  54  6  50  7  62  8  48  9  29
  0  49  1  51  2  24  3  29  4  20  5  40  6  33  7  67  8  59  9  43
  0  73  1  69  2  50  3  10  4  38  5  20  6  16  7  72  8  50  9  35
  0  71  1  38  2  55  3  8  4  58  5  48  6  49  7  7  8  74  9  61
  0  51  1  64  2  12  3  35  4  66  5  53  6  32  7  14  8  69  9  52
  0  40  1  72  2  65  3  47  4  53  5  47  6  4  7  22  8  29  9  13
  0  11  1  68  2  9  3  33  4  7  5  28  6  25  7  66  8  26  9  54
  0  63  1  57  2  53  3  10  4  3  5  18  6  61  7  17  8  22  9  36
  0  58  1  28  2  13  3  29  4  59  5  39  6  16  7  41  8  43  9  43
  0  33  1  61  2  4  3  25  4  5  5  35  6  40  7  49  8  52  9  52
