50  15
  0  34  1  4  2  96  3  95  4  93  5  83  6  10  7  33  8  89  9  48  10  6  11  30  12  46  13  92  14  87
  0  73  1  53  2  94  3  99  4  58  5  75  6  52  7  70  8  91  9  97  10  76  11  20  12  79  13  24  14  27
  0  79  1  22  2  51  3  95  4  62  5  1  6  22  7  85  8  80  9  60  10  2  11  28  12  94  13  4  14  50
  0  40  1  43  2  40  3  76  4  29  5  96  6  82  7  89  8  74  9  21  10  63  11  7  12  54  13  45  14  23
  0  48  1  96  2  77  3  90  4  69  5  76  6  14  7  50  8  72  9  81  10  26  11  84  12  17  13  16  14  20
  0  20  1  34  2  30  3  18  4  15  5  80  6  74  7  91  8  79  9  12  10  32  11  49  12  12  13  60  14  74
  0  68  1  76  2  35  3  33  4  5  5  82  6  91  7  6  8  39  9  23  10  26  11  11  12  34  13  81  14  1
  0  81  1  6  2  23  3  10  4  54  5  52  6  33  7  31  8  92  9  74  10  49  11  19  12  53  13  82  14  19
  0  60  1  79  2  88  3  79  4  66  5  90  6  18  7  17  8  92  9  94  10  83  11  88  12  8  13  41  14  24
  0  89  1  38  2  90  3  79  4  97  5  82  6  80  7  68  8  43  9  60  10  96  11  96  12  77  13  35  14  93
  0  83  1  33  2  27  3  14  4  15  5  9  6  22  7  98  8  54  9  23  10  19  11  8  12  52  13  2  14  90
  0  65  1  50  2  14  3  36  4  15  5  78  6  65  7  53  8  50  9  72  10  11  11  76  12  50  13  66  14  40
  0  29  1  35  2  46  3  62  4  4  5  23  6  63  7  83  8  73  9  64  10  37  11  48  12  84  13  58  14  5
  0  9  1  89  2  3  3  97  4  21  5  22  6  24  7  48  8  88  9  20  10  85  11  51  12  12  13  54  14  68
  0  48  1  4  2  15  3  83  4  99  5  83  6  51  7  54  8  58  9  58  10  91  11  70  12  70  13  51  14  76
  0  14  1  62  2  45  3  67  4  99  5  86  6  44  7  42  8  93  9  40  10  68  11  72  12  81  13  75  14  38
  0  39  1  19  2  65  3  22  4  51  5  75  6  3  7  36  8  52  9  57  10  29  11  30  12  41  13  78  14  40
  0  6  1  49  2  91  3  1  4  34  5  30  6  29  7  67  8  78  9  64  10  95  11  16  12  43  13  98  14  13
  0  99  1  96  2  48  3  20  4  1  5  38  6  44  7  70  8  49  9  21  10  9  11  81  12  18  13  33  14  81
  0  23  1  18  2  1  3  31  4  61  5  56  6  89  7  30  8  90  9  26  10  84  11  76  12  8  13  44  14  94
  0  81  1  28  2  60  3  6  4  67  5  42  6  90  7  85  8  42  9  57  10  64  11  8  12  44  13  79  14  69
  0  39  1  67  2  18  3  56  4  36  5  17  6  45  7  22  8  12  9  66  10  10  11  78  12  86  13  86  14  7
  0  99  1  38  2  98  3  53  4  75  5  99  6  53  7  8  8  35  9  84  10  42  11  51  12  8  13  25  14  2
  0  4  1  41  2  63  3  49  4  54  5  90  6  30  7  75  8  14  9  48  10  93  11  80  12  40  13  76  14  72
  0  23  1  73  2  67  3  32  4  22  5  93  6  49  7  28  8  33  9  89  10  85  11  47  12  83  13  90  14  69
  0  69  1  45  2  10  3  93  4  55  5  72  6  95  7  40  8  10  9  43  10  93  11  43  12  15  13  61  14  59
  0  1  1  93  2  35  3  87  4  39  5  73  6  22  7  26  8  64  9  50  10  6  11  13  12  56  13  71  14  52
  0  44  1  76  2  1  3  57  4  55  5  98  6  7  7  79  8  86  9  5  10  22  11  27  12  58  13  73  14  44
  0  42  1  74  2  68  3  68  4  89  5  31  6  13  7  95  8  60  9  8  10  89  11  44  12  37  13  54  14  18
  0  48  1  81  2  6  3  83  4  41  5  43  6  96  7  34  8  47  9  6  10  46  11  69  12  23  13  7  14  36
  0  63  1  39  2  3  3  16  4  28  5  74  6  78  7  88  8  97  9  74  10  97  11  71  12  76  13  98  14  66
  0  42  1  97  2  53  3  45  4  95  5  80  6  78  7  27  8  94  9  87  10  45  11  82  12  69  13  1  14  86
  0  29  1  6  2  94  3  49  4  67  5  44  6  60  7  58  8  9  9  46  10  8  11  22  12  87  13  26  14  56
  0  20  1  2  2  55  3  80  4  54  5  67  6  61  7  92  8  64  9  53  10  11  11  51  12  9  13  38  14  30
  0  49  1  96  2  13  3  98  4  7  5  9  6  4  7  44  8  80  9  28  10  13  11  89  12  67  13  91  14  79
  0  58  1  46  2  24  3  23  4  25  5  12  6  8  7  14  8  76  9  73  10  14  11  87  12  8  13  29  14  85
  0  93  1  75  2  46  3  55  4  47  5  95  6  97  7  45  8  29  9  27  10  35  11  55  12  39  13  9  14  6
  0  75  1  19  2  28  3  45  4  44  5  77  6  36  7  92  8  58  9  97  10  40  11  12  12  7  13  15  14  49
  0  29  1  60  2  67  3  33  4  9  5  76  6  92  7  31  8  23  9  71  10  3  11  32  12  4  13  78  14  59
  0  93  1  62  2  2  3  46  4  76  5  36  6  26  7  84  8  20  9  81  10  40  11  77  12  80  13  29  14  86
  0  41  1  3  2  69  3  60  4  72  5  4  6  33  7  88  8  76  9  89  10  96  11  91  12  30  13  24  14  98
  0  95  1  64  2  35  3  83  4  42  5  95  6  18  7  81  8  31  9  36  10  64  11  96  12  75  13  55  14  50
  0  79  1  61  2  92  3  35  4  75  5  47  6  16  7  67  8  2  9  34  10  99  11  8  12  87  13  98  14  61
  0  94  1  66  2  74  3  64  4  27  5  23  6  5  7  99  8  44  9  29  10  34  11  89  12  7  13  13  14  77
  0  80  1  29  2  49  3  3  4  15  5  15  6  80  7  25  8  2  9  77  10  77  11  69  12  32  13  73  14  26
  0  74  1  93  2  61  3  84  4  41  5  90  6  65  7  43  8  38  9  83  10  25  11  11  12  23  13  76  14  35
  0  61  1  47  2  46  3  24  4  59  5  47  6  74  7  13  8  25  9  37  10  30  11  67  12  8  13  64  14  15
  0  28  1  98  2  88  3  67  4  69  5  63  6  89  7  96  8  45  9  15  10  27  11  69  12  4  13  38  14  99
  0  97  1  91  2  35  3  74  4  91  5  66  6  60  7  92  8  59  9  2  10  57  11  63  12  92  13  45  14  22
  0  6  1  57  2  62  3  50  4  3  5  70  6  90  7  49  8  77  9  53  10  65  11  14  12  98  13  73  14  4
TPM
  0  813  1  813  2  813  3  813  4  813  5  813  6  813  7  813  8  813  9  813  10  813  11  813  12  813  13  813  14  813
PMT
  0  5  1  61  2  18  3  50  4  60  5  30  6  1  7  14  8  29  9  4  10  57  11  41  12  27  13  19  14  61
  0  70  1  24  2  67  3  32  4  14  5  61  6  48  7  26  8  17  9  12  10  19  11  40  12  18  13  21  14  14
  0  7  1  17  2  72  3  74  4  71  5  5  6  3  7  8  8  3  9  48  10  10  11  9  12  40  13  37  14  17
  0  61  1  60  2  59  3  24  4  23  5  15  6  68  7  41  8  9  9  28  10  66  11  56  12  13  13  7  14  19
  0  36  1  67  2  61  3  26  4  51  5  73  6  19  7  3  8  53  9  33  10  57  11  13  12  25  13  4  14  28
  0  45  1  68  2  23  3  52  4  26  5  2  6  41  7  10  8  21  9  64  10  54  11  1  12  30  13  51  14  2
  0  40  1  51  2  57  3  41  4  71  5  68  6  49  7  27  8  71  9  5  10  2  11  66  12  29  13  12  14  62
