200  5
  0  95  1  47  2  4  3  13  4  27
  0  60  1  36  2  63  3  38  4  24
  0  73  1  24  2  37  3  64  4  91
  0  43  1  6  2  20  3  6  4  81
  0  9  1  56  2  85  3  93  4  30
  0  93  1  48  2  12  3  65  4  63
  0  80  1  92  2  55  3  28  4  81
  0  28  1  38  2  25  3  18  4  49
  0  47  1  14  2  24  3  61  4  94
  0  55  1  15  2  90  3  96  4  34
  0  66  1  42  2  56  3  9  4  94
  0  88  1  93  2  59  3  41  4  39
  0  89  1  50  2  40  3  59  4  90
  0  45  1  22  2  51  3  83  4  33
  0  86  1  5  2  42  3  44  4  51
  0  66  1  3  2  84  3  42  4  22
  0  26  1  10  2  5  3  61  4  32
  0  96  1  39  2  65  3  50  4  21
  0  84  1  68  2  89  3  20  4  19
  0  56  1  36  2  5  3  39  4  99
  0  31  1  68  2  43  3  62  4  84
  0  70  1  22  2  14  3  30  4  29
  0  44  1  27  2  23  3  39  4  79
  0  61  1  41  2  78  3  99  4  52
  0  35  1  97  2  62  3  60  4  44
  0  99  1  41  2  41  3  69  4  39
  0  82  1  51  2  72  3  14  4  93
  0  98  1  35  2  25  3  88  4  95
  0  15  1  17  2  48  3  83  4  65
  0  45  1  78  2  30  3  7  4  13
  0  61  1  19  2  79  3  85  4  41
  0  84  1  2  2  67  3  89  4  62
  0  17  1  6  2  34  3  53  4  16
  0  56  1  55  2  26  3  47  4  18
  0  83  1  14  2  64  3  27  4  41
  0  57  1  74  2  72  3  26  4  19
  0  75  1  63  2  19  3  73  4  13
  0  57  1  71  2  29  3  79  4  55
  0  4  1  56  2  46  3  91  4  7
  0  12  1  90  2  82  3  50  4  97
  0  71  1  34  2  23  3  87  4  59
  0  91  1  66  2  5  3  18  4  96
  0  76  1  43  2  11  3  90  4  73
  0  62  1  54  2  61  3  84  4  93
  0  68  1  45  2  80  3  47  4  72
  0  7  1  48  2  1  3  48  4  80
  0  8  1  4  2  51  3  36  4  5
  0  49  1  46  2  92  3  26  4  71
  0  8  1  17  2  19  3  83  4  98
  0  59  1  35  2  71  3  24  4  24
  0  97  1  92  2  25  3  69  4  76
  0  51  1  57  2  90  3  38  4  55
  0  58  1  41  2  68  3  75  4  29
  0  62  1  13  2  45  3  47  4  64
  0  77  1  90  2  4  3  59  4  75
  0  82  1  44  2  37  3  22  4  27
  0  34  1  47  2  7  3  54  4  81
  0  13  1  5  2  70  3  4  4  9
  0  89  1  78  2  13  3  55  4  77
  0  83  1  39  2  29  3  10  4  36
  0  49  1  92  2  39  3  86  4  6
  0  78  1  98  2  48  3  75  4  89
  0  58  1  92  2  92  3  9  4  94
  0  21  1  36  2  15  3  35  4  98
  0  65  1  52  2  47  3  33  4  21
  0  17  1  90  2  35  3  12  4  28
  0  45  1  95  2  15  3  17  4  86
  0  70  1  65  2  54  3  76  4  52
  0  36  1  87  2  77  3  70  4  3
  0  65  1  25  2  49  3  60  4  60
  0  97  1  17  2  36  3  39  4  90
  0  49  1  17  2  22  3  68  4  78
  0  75  1  28  2  47  3  13  4  72
  0  24  1  51  2  44  3  74  4  91
  0  28  1  31  2  93  3  1  4  22
  0  4  1  64  2  47  3  43  4  10
  0  92  1  91  2  78  3  95  4  59
  0  15  1  29  2  18  3  50  4  64
  0  80  1  1  2  49  3  73  4  29
  0  90  1  23  2  54  3  24  4  96
  0  72  1  25  2  6  3  83  4  36
  0  2  1  38  2  73  3  70  4  64
  0  79  1  86  2  45  3  98  4  22
  0  95  1  20  2  49  3  8  4  97
  0  93  1  45  2  6  3  27  4  51
  0  85  1  88  2  46  3  39  4  2
  0  54  1  10  2  45  3  14  4  94
  0  74  1  69  2  64  3  84  4  1
  0  12  1  1  2  45  3  80  4  99
  0  26  1  30  2  65  3  51  4  41
  0  3  1  10  2  40  3  61  4  30
  0  23  1  92  2  64  3  2  4  9
  0  59  1  10  2  47  3  49  4  20
  0  44  1  14  2  31  3  23  4  63
  0  24  1  45  2  72  3  18  4  37
  0  2  1  6  2  66  3  64  4  43
  0  30  1  15  2  24  3  38  4  2
  0  16  1  45  2  91  3  82  4  83
  0  32  1  24  2  97  3  72  4  67
  0  74  1  73  2  27  3  13  4  46
  0  42  1  76  2  30  3  4  4  32
  0  54  1  32  2  78  3  86  4  66
  0  41  1  56  2  78  3  22  4  14
  0  32  1  12  2  10  3  52  4  77
  0  22  1  93  2  22  3  51  4  34
  0  37  1  36  2  32  3  26  4  4
  0  77  1  75  2  96  3  81  4  82
  0  15  1  66  2  24  3  90  4  52
  0  33  1  24  2  37  3  20  4  66
  0  38  1  46  2  5  3  24  4  49
  0  61  1  61  2  10  3  24  4  1
  0  62  1  23  2  4  3  33  4  56
  0  42  1  40  2  22  3  39  4  75
  0  59  1  68  2  55  3  47  4  19
  0  57  1  76  2  9  3  88  4  84
  0  39  1  6  2  69  3  31  4  34
  0  11  1  39  2  88  3  65  4  40
  0  78  1  76  2  45  3  84  4  20
  0  95  1  72  2  34  3  27  4  96
  0  22  1  85  2  90  3  83  4  41
  0  39  1  7  2  56  3  21  4  45
  0  60  1  76  2  10  3  55  4  46
  0  8  1  60  2  67  3  86  4  58
  0  50  1  1  2  38  3  43  4  1
  0  12  1  88  2  19  3  94  4  58
  0  84  1  84  2  72  3  58  4  59
  0  32  1  26  2  5  3  31  4  98
  0  68  1  46  2  91  3  61  4  13
  0  19  1  24  2  50  3  89  4  8
  0  1  1  4  2  13  3  75  4  61
  0  75  1  43  2  70  3  62  4  57
  0  26  1  15  2  58  3  98  4  2
  0  41  1  50  2  25  3  5  4  99
  0  14  1  76  2  17  3  84  4  87
  0  46  1  23  2  46  3  88  4  64
  0  91  1  67  2  92  3  64  4  93
  0  44  1  80  2  32  3  3  4  90
  0  46  1  20  2  57  3  51  4  19
  0  88  1  86  2  5  3  50  4  80
  0  11  1  76  2  51  3  62  4  76
  0  4  1  2  2  94  3  99  4  31
  0  49  1  90  2  98  3  99  4  74
  0  87  1  69  2  81  3  8  4  53
  0  22  1  77  2  96  3  76  4  70
  0  61  1  66  2  35  3  68  4  40
  0  45  1  27  2  14  3  81  4  19
  0  16  1  73  2  19  3  43  4  31
  0  93  1  15  2  42  3  99  4  10
  0  80  1  59  2  31  3  57  4  56
  0  30  1  64  2  59  3  6  4  21
  0  53  1  35  2  80  3  25  4  49
  0  51  1  56  2  26  3  97  4  28
  0  59  1  65  2  77  3  47  4  12
  0  68  1  35  2  46  3  80  4  33
  0  97  1  84  2  5  3  62  4  56
  0  12  1  36  2  12  3  71  4  85
  0  20  1  77  2  35  3  10  4  91
  0  48  1  79  2  4  3  84  4  83
  0  36  1  1  2  46  3  19  4  68
  0  49  1  39  2  88  3  45  4  84
  0  60  1  10  2  21  3  51  4  89
  0  99  1  36  2  29  3  79  4  92
  0  64  1  85  2  33  3  79  4  63
  0  44  1  25  2  12  3  5  4  59
  0  75  1  10  2  92  3  22  4  76
  0  83  1  96  2  49  3  26  4  65
  0  57  1  26  2  30  3  90  4  41
  0  97  1  70  2  91  3  49  4  40
  0  43  1  89  2  15  3  58  4  31
  0  88  1  38  2  73  3  52  4  23
  0  36  1  14  2  1  3  99  4  25
  0  21  1  77  2  39  3  50  4  28
  0  65  1  13  2  25  3  78  4  11
  0  18  1  60  2  77  3  4  4  57
  0  82  1  21  2  78  3  95  4  79
  0  20  1  69  2  18  3  17  4  26
  0  92  1  12  2  18  3  28  4  51
  0  49  1  98  2  63  3  73  4  43
  0  99  1  81  2  24  3  93  4  59
  0  37  1  67  2  60  3  15  4  10
  0  66  1  17  2  31  3  80  4  32
  0  82  1  94  2  95  3  73  4  34
  0  16  1  15  2  10  3  36  4  28
  0  27  1  40  2  54  3  88  4  56
  0  84  1  28  2  2  3  18  4  38
  0  27  1  31  2  86  3  14  4  16
  0  74  1  76  2  55  3  94  4  97
  0  71  1  44  2  95  3  82  4  27
  0  39  1  53  2  8  3  46  4  14
  0  81  1  77  2  99  3  99  4  14
  0  75  1  45  2  24  3  4  4  91
  0  63  1  13  2  78  3  67  4  1
  0  6  1  7  2  39  3  23  4  88
  0  16  1  92  2  82  3  54  4  59
  0  45  1  72  2  32  3  45  4  24
  0  12  1  59  2  58  3  8  4  99
  0  81  1  30  2  49  3  15  4  3
  0  56  1  90  2  53  3  25  4  68
  0  52  1  43  2  45  3  82  4  45
  0  58  1  3  2  5  3  35  4  44
TPM
  0  1591  1  1591  2  1591  3  1591  4  1591
PMT
  0  140  1  107  2  106  3  147  4  135
  0  45  1  81  2  144  3  70  4  7
  0  145  1  65  2  88  3  4  4  9
  0  132  1  38  2  76  3  2  4  60
  0  32  1  103  2  44  3  97  4  121
  0  28  1  89  2  87  3  86  4  135
  0  74  1  35  2  134  3  15  4  43
  0  136  1  30  2  118  3  67  4  104
  0  31  1  126  2  78  3  19  4  38
  0  54  1  78  2  42  3  137  4  38
  0  13  1  135  2  29  3  2  4  149
  0  12  1  9  2  27  3  122  4  91
  0  44  1  3  2  106  3  41  4  99
