100  10
  0  26  1  66  2  33  3  94  4  44  5  5  6  33  7  60  8  70  9  80
  0  73  1  2  2  25  3  77  4  84  5  6  6  55  7  23  8  22  9  22
  0  86  1  58  2  17  3  3  4  29  5  71  6  29  7  34  8  4  9  87
  0  98  1  46  2  22  3  42  4  97  5  70  6  18  7  82  8  47  9  60
  0  6  1  81  2  44  3  16  4  40  5  37  6  7  7  70  8  78  9  18
  0  43  1  15  2  80  3  66  4  99  5  92  6  92  7  62  8  43  9  79
  0  9  1  22  2  71  3  22  4  1  5  72  6  78  7  14  8  49  9  48
  0  5  1  29  2  41  3  67  4  48  5  36  6  1  7  9  8  22  9  65
  0  57  1  99  2  82  3  9  4  96  5  60  6  66  7  67  8  33  9  90
  0  95  1  76  2  88  3  84  4  65  5  77  6  82  7  8  8  7  9  13
  0  64  1  76  2  77  3  63  4  46  5  15  6  56  7  62  8  98  9  92
  0  14  1  43  2  41  3  63  4  95  5  6  6  30  7  49  8  47  9  25
  0  24  1  52  2  56  3  17  4  76  5  82  6  97  7  44  8  97  9  35
  0  7  1  31  2  76  3  59  4  8  5  10  6  45  7  90  8  88  9  23
  0  59  1  51  2  86  3  58  4  88  5  40  6  29  7  84  8  58  9  56
  0  45  1  13  2  92  3  33  4  40  5  15  6  40  7  85  8  8  9  50
  0  85  1  81  2  99  3  11  4  76  5  2  6  8  7  67  8  22  9  49
  0  7  1  71  2  41  3  11  4  63  5  66  6  68  7  1  8  26  9  98
  0  40  1  17  2  33  3  32  4  28  5  9  6  10  7  12  8  77  9  29
  0  53  1  28  2  90  3  13  4  2  5  69  6  42  7  23  8  60  9  88
  0  17  1  35  2  20  3  88  4  33  5  64  6  88  7  25  8  53  9  55
  0  26  1  78  2  20  3  83  4  53  5  33  6  74  7  42  8  71  9  79
  0  22  1  10  2  14  3  11  4  66  5  32  6  24  7  2  8  32  9  55
  0  18  1  74  2  31  3  81  4  82  5  82  6  61  7  66  8  25  9  93
  0  26  1  54  2  63  3  33  4  22  5  22  6  19  7  20  8  35  9  85
  0  75  1  11  2  38  3  90  4  88  5  32  6  74  7  85  8  73  9  78
  0  87  1  45  2  3  3  78  4  20  5  11  6  93  7  85  8  79  9  36
  0  59  1  31  2  76  3  85  4  66  5  46  6  54  7  9  8  14  9  47
  0  71  1  81  2  19  3  29  4  23  5  97  6  98  7  30  8  83  9  54
  0  52  1  46  2  35  3  56  4  11  5  8  6  99  7  34  8  96  9  59
  0  79  1  57  2  94  3  2  4  4  5  75  6  60  7  78  8  9  9  40
  0  91  1  20  2  3  3  61  4  45  5  82  6  8  7  23  8  81  9  42
  0  71  1  61  2  56  3  30  4  81  5  62  6  5  7  17  8  41  9  52
  0  82  1  89  2  81  3  76  4  57  5  67  6  13  7  91  8  64  9  67
  0  59  1  21  2  75  3  96  4  4  5  44  6  41  7  46  8  56  9  19
  0  1  1  7  2  21  3  66  4  80  5  30  6  16  7  52  8  19  9  17
  0  75  1  55  2  86  3  90  4  40  5  8  6  92  7  94  8  18  9  40
  0  94  1  26  2  62  3  74  4  61  5  87  6  10  7  39  8  39  9  22
  0  63  1  6  2  34  3  65  4  27  5  71  6  11  7  23  8  13  9  31
  0  58  1  66  2  91  3  21  4  89  5  2  6  44  7  25  8  66  9  49
  0  40  1  64  2  62  3  45  4  58  5  35  6  13  7  52  8  13  9  45
  0  18  1  39  2  60  3  66  4  84  5  61  6  87  7  14  8  31  9  63
  0  29  1  15  2  96  3  78  4  35  5  18  6  16  7  90  8  14  9  67
  0  64  1  99  2  8  3  48  4  71  5  91  6  68  7  53  8  65  9  5
  0  63  1  49  2  2  3  51  4  7  5  46  6  73  7  38  8  13  9  73
  0  21  1  80  2  1  3  35  4  79  5  15  6  10  7  2  8  38  9  49
  0  3  1  40  2  93  3  17  4  59  5  15  6  24  7  10  8  98  9  90
  0  24  1  8  2  67  3  27  4  57  5  40  6  98  7  56  8  41  9  41
  0  18  1  66  2  52  3  82  4  51  5  38  6  23  7  90  8  77  9  18
  0  72  1  97  2  95  3  11  4  80  5  71  6  39  7  26  8  18  9  19
  0  37  1  27  2  64  3  76  4  92  5  45  6  99  7  13  8  63  9  72
  0  50  1  18  2  26  3  49  4  95  5  51  6  85  7  83  8  13  9  73
  0  56  1  3  2  79  3  83  4  12  5  11  6  72  7  36  8  99  9  82
  0  43  1  16  2  53  3  53  4  32  5  79  6  61  7  56  8  89  9  7
  0  60  1  34  2  82  3  18  4  69  5  17  6  15  7  48  8  89  9  44
  0  4  1  79  2  25  3  79  4  67  5  77  6  4  7  36  8  37  9  86
  0  1  1  25  2  87  3  74  4  3  5  74  6  44  7  35  8  55  9  5
  0  30  1  79  2  83  3  42  4  41  5  90  6  86  7  5  8  71  9  9
  0  34  1  9  2  24  3  79  4  19  5  61  6  88  7  80  8  56  9  47
  0  62  1  97  2  13  3  30  4  33  5  44  6  21  7  11  8  86  9  13
  0  13  1  23  2  71  3  21  4  59  5  65  6  49  7  87  8  27  9  86
  0  18  1  46  2  71  3  79  4  68  5  94  6  30  7  49  8  41  9  17
  0  84  1  68  2  55  3  48  4  10  5  19  6  59  7  50  8  28  9  96
  0  17  1  36  2  31  3  32  4  10  5  45  6  45  7  34  8  50  9  64
  0  43  1  73  2  6  3  51  4  38  5  70  6  6  7  96  8  10  9  36
  0  66  1  41  2  41  3  86  4  44  5  17  6  76  7  46  8  37  9  97
  0  25  1  79  2  61  3  77  4  64  5  44  6  85  7  92  8  33  9  44
  0  6  1  73  2  98  3  19  4  81  5  88  6  52  7  14  8  73  9  11
  0  65  1  1  2  54  3  32  4  8  5  56  6  78  7  84  8  5  9  9
  0  36  1  64  2  96  3  22  4  18  5  61  6  26  7  57  8  84  9  31
  0  47  1  54  2  2  3  73  4  64  5  12  6  84  7  1  8  15  9  52
  0  77  1  12  2  65  3  13  4  37  5  93  6  99  7  90  8  28  9  33
  0  93  1  43  2  19  3  7  4  11  5  98  6  54  7  64  8  84  9  60
  0  37  1  53  2  45  3  87  4  41  5  21  6  19  7  83  8  53  9  9
  0  10  1  44  2  96  3  28  4  32  5  30  6  94  7  60  8  67  9  73
  0  79  1  48  2  51  3  22  4  46  5  57  6  19  7  2  8  9  9  16
  0  70  1  32  2  22  3  80  4  18  5  32  6  49  7  77  8  49  9  2
  0  18  1  8  2  5  3  61  4  79  5  37  6  47  7  1  8  51  9  88
  0  89  1  46  2  45  3  14  4  91  5  59  6  71  7  25  8  54  9  33
  0  90  1  94  2  67  3  39  4  58  5  60  6  85  7  39  8  70  9  3
  0  47  1  74  2  7  3  70  4  49  5  90  6  44  7  71  8  52  9  61
  0  76  1  65  2  83  3  19  4  53  5  18  6  39  7  8  8  44  9  96
  0  32  1  13  2  76  3  31  4  20  5  37  6  16  7  65  8  6  9  24
  0  69  1  60  2  17  3  49  4  40  5  44  6  75  7  32  8  79  9  11
  0  44  1  36  2  84  3  3  4  93  5  64  6  55  7  48  8  24  9  58
  0  9  1  33  2  51  3  72  4  17  5  10  6  30  7  71  8  6  9  96
  0  67  1  66  2  31  3  15  4  66  5  12  6  37  7  56  8  99  9  99
  0  46  1  89  2  77  3  41  4  37  5  37  6  1  7  18  8  20  9  96
  0  83  1  42  2  7  3  74  4  94  5  59  6  32  7  64  8  56  9  75
  0  86  1  80  2  89  3  10  4  62  5  32  6  15  7  87  8  11  9  9
  0  19  1  23  2  71  3  93  4  66  5  78  6  38  7  36  8  18  9  81
  0  40  1  53  2  66  3  29  4  73  5  36  6  26  7  32  8  9  9  80
  0  16  1  72  2  61  3  69  4  28  5  62  6  89  7  79  8  86  9  40
  0  68  1  80  2  15  3  43  4  56  5  59  6  81  7  42  8  38  9  89
  0  89  1  19  2  26  3  12  4  26  5  26  6  38  7  9  8  93  9  66
  0  10  1  95  2  83  3  75  4  78  5  45  6  68  7  95  8  58  9  26
  0  14  1  72  2  14  3  25  4  51  5  17  6  71  7  74  8  52  9  13
  0  35  1  17  2  94  3  60  4  9  5  67  6  24  7  82  8  30  9  62
  0  27  1  51  2  64  3  98  4  93  5  85  6  31  7  13  8  32  9  45
  0  34  1  43  2  40  3  28  4  46  5  76  6  74  7  16  8  56  9  79
TPM
  0  1270  1  1270  2  1270  3  1270  4  1270  5  1270  6  1270  7  1270  8  1270  9  1270
PMT
  0  80  1  77  2  86  3  77  4  56  5  120  6  51  7  21  8  37  9  106
  0  84  1  51  2  48  3  109  4  91  5  39  6  44  7  114  8  73  9  8
  0  87  1  14  2  7  3  3  4  15  5  108  6  75  7  51  8  18  9  29
  0  28  1  81  2  78  3  61  4  34  5  119  6  103  7  107  8  117  9  72
  0  28  1  73  2  87  3  83  4  31  5  117  6  10  7  105  8  70  9  93
  0  57  1  104  2  84  3  72  4  99  5  97  6  108  7  87  8  55  9  7
  0  103  1  48  2  63  3  93  4  62  5  29  6  52  7  21  8  106  9  61
  0  76  1  112  2  107  3  87  4  59  5  47  6  80  7  1  8  10  9  3
