200  20
  0  77  1  81  2  65  3  6  4  56  5  62  6  14  7  17  8  90  9  92  10  56  11  90  12  19  13  32  14  3  15  76  16  66  17  47  18  77  19  54
  0  16  1  73  2  19  3  89  4  13  5  22  6  71  7  18  8  19  9  37  10  42  11  97  12  60  13  50  14  48  15  64  16  56  17  2  18  79  19  92
  0  15  1  12  2  34  3  44  4  22  5  32  6  36  7  57  8  75  9  3  10  12  11  9  12  39  13  7  14  91  15  43  16  3  17  83  18  77  19  73
  0  89  1  42  2  75  3  70  4  46  5  13  6  94  7  15  8  90  9  86  10  57  11  68  12  25  13  62  14  68  15  96  16  27  17  96  18  44  19  42
  0  70  1  7  2  7  3  31  4  50  5  99  6  73  7  71  8  16  9  4  10  8  11  64  12  21  13  38  14  23  15  41  16  53  17  47  18  36  19  99
  0  14  1  83  2  23  3  2  4  37  5  8  6  20  7  50  8  83  9  49  10  75  11  64  12  50  13  50  14  43  15  20  16  75  17  69  18  75  19  22
  0  25  1  35  2  50  3  23  4  2  5  67  6  46  7  9  8  14  9  4  10  54  11  22  12  71  13  5  14  75  15  80  16  30  17  33  18  55  19  14
  0  75  1  7  2  55  3  38  4  31  5  89  6  55  7  31  8  28  9  73  10  37  11  74  12  65  13  48  14  96  15  86  16  64  17  72  18  85  19  54
  0  73  1  1  2  84  3  40  4  98  5  10  6  41  7  25  8  47  9  46  10  38  11  5  12  29  13  83  14  85  15  62  16  39  17  57  18  28  19  76
  0  12  1  20  2  23  3  41  4  39  5  32  6  37  7  2  8  78  9  88  10  56  11  42  12  94  13  28  14  13  15  71  16  16  17  1  18  73  19  90
  0  96  1  70  2  38  3  49  4  9  5  86  6  46  7  18  8  19  9  50  10  98  11  28  12  20  13  57  14  25  15  67  16  11  17  99  18  65  19  24
  0  51  1  45  2  48  3  21  4  50  5  46  6  75  7  91  8  38  9  25  10  52  11  62  12  50  13  53  14  23  15  79  16  16  17  20  18  91  19  68
  0  26  1  41  2  55  3  15  4  34  5  83  6  61  7  32  8  9  9  81  10  77  11  14  12  32  13  70  14  33  15  21  16  29  17  84  18  62  19  32
  0  65  1  78  2  85  3  62  4  44  5  62  6  63  7  37  8  94  9  81  10  53  11  60  12  30  13  68  14  36  15  23  16  25  17  39  18  76  19  45
  0  26  1  29  2  69  3  42  4  7  5  84  6  53  7  53  8  33  9  45  10  15  11  83  12  88  13  98  14  4  15  41  16  77  17  83  18  33  19  71
  0  26  1  67  2  41  3  23  4  17  5  45  6  35  7  96  8  52  9  11  10  42  11  51  12  19  13  16  14  38  15  86  16  2  17  4  18  31  19  16
  0  80  1  97  2  24  3  95  4  85  5  70  6  68  7  84  8  14  9  24  10  4  11  37  12  29  13  65  14  38  15  69  16  85  17  50  18  92  19  39
  0  65  1  31  2  55  3  27  4  10  5  33  6  83  7  32  8  82  9  42  10  66  11  85  12  2  13  83  14  33  15  73  16  26  17  24  18  64  19  11
  0  83  1  12  2  53  3  1  4  65  5  61  6  7  7  94  8  48  9  36  10  6  11  9  12  2  13  77  14  41  15  82  16  82  17  93  18  8  19  71
  0  51  1  6  2  32  3  26  4  41  5  16  6  39  7  81  8  68  9  34  10  5  11  71  12  75  13  93  14  56  15  33  16  31  17  35  18  85  19  75
  0  32  1  24  2  19  3  26  4  88  5  72  6  49  7  59  8  87  9  31  10  13  11  7  12  52  13  98  14  80  15  79  16  57  17  74  18  86  19  42
  0  57  1  21  2  30  3  48  4  48  5  40  6  92  7  15  8  66  9  61  10  88  11  74  12  77  13  7  14  30  15  64  16  42  17  83  18  59  19  32
  0  36  1  97  2  4  3  47  4  68  5  17  6  39  7  73  8  23  9  12  10  76  11  33  12  29  13  50  14  4  15  60  16  21  17  37  18  42  19  34
  0  45  1  11  2  7  3  33  4  39  5  46  6  88  7  59  8  66  9  24  10  74  11  10  12  7  13  68  14  84  15  9  16  19  17  55  18  12  19  19
  0  27  1  51  2  57  3  93  4  9  5  33  6  20  7  55  8  78  9  95  10  85  11  84  12  85  13  51  14  9  15  78  16  87  17  74  18  95  19  99
  0  57  1  53  2  25  3  33  4  41  5  37  6  65  7  17  8  65  9  3  10  81  11  7  12  68  13  85  14  31  15  18  16  10  17  26  18  97  19  16
  0  68  1  43  2  8  3  72  4  41  5  42  6  38  7  19  8  4  9  95  10  3  11  37  12  97  13  75  14  67  15  75  16  43  17  17  18  53  19  3
  0  7  1  43  2  4  3  15  4  62  5  77  6  51  7  60  8  35  9  30  10  80  11  56  12  4  13  30  14  91  15  7  16  6  17  41  18  16  19  48
  0  86  1  82  2  15  3  77  4  59  5  38  6  87  7  42  8  83  9  44  10  58  11  7  12  80  13  54  14  15  15  99  16  40  17  60  18  21  19  30
  0  76  1  91  2  42  3  26  4  60  5  26  6  25  7  8  8  13  9  99  10  39  11  40  12  47  13  78  14  85  15  84  16  5  17  38  18  94  19  74
  0  94  1  71  2  94  3  77  4  66  5  13  6  23  7  3  8  42  9  38  10  98  11  96  12  16  13  5  14  81  15  4  16  78  17  21  18  94  19  3
  0  33  1  66  2  83  3  51  4  10  5  96  6  24  7  82  8  82  9  14  10  25  11  43  12  75  13  76  14  73  15  69  16  78  17  87  18  18  19  48
  0  28  1  84  2  90  3  87  4  21  5  5  6  23  7  4  8  64  9  25  10  90  11  25  12  79  13  82  14  97  15  24  16  15  17  23  18  87  19  52
  0  34  1  50  2  43  3  52  4  86  5  53  6  13  7  48  8  73  9  45  10  61  11  43  12  68  13  45  14  56  15  84  16  53  17  76  18  18  19  72
  0  85  1  69  2  5  3  19  4  1  5  85  6  9  7  79  8  15  9  11  10  86  11  30  12  86  13  79  14  38  15  41  16  53  17  18  18  27  19  84
  0  46  1  44  2  94  3  77  4  48  5  33  6  7  7  32  8  59  9  47  10  45  11  89  12  74  13  5  14  28  15  33  16  86  17  10  18  22  19  25
  0  77  1  85  2  82  3  13  4  58  5  75  6  27  7  78  8  66  9  8  10  35  11  57  12  30  13  42  14  36  15  22  16  67  17  34  18  5  19  30
  0  77  1  89  2  10  3  65  4  28  5  2  6  54  7  26  8  64  9  84  10  17  11  49  12  84  13  42  14  89  15  54  16  57  17  60  18  53  19  69
  0  79  1  77  2  58  3  53  4  97  5  88  6  76  7  34  8  39  9  3  10  64  11  34  12  33  13  24  14  43  15  45  16  8  17  54  18  81  19  64
  0  2  1  32  2  50  3  23  4  31  5  46  6  71  7  66  8  76  9  1  10  86  11  49  12  10  13  5  14  16  15  67  16  60  17  32  18  88  19  49
  0  91  1  66  2  51  3  62  4  41  5  14  6  4  7  7  8  37  9  71  10  5  11  21  12  6  13  71  14  55  15  2  16  28  17  34  18  45  19  19
  0  4  1  8  2  23  3  85  4  39  5  86  6  33  7  3  8  69  9  13  10  18  11  90  12  66  13  19  14  82  15  86  16  8  17  67  18  74  19  60
  0  7  1  87  2  24  3  77  4  22  5  19  6  42  7  22  8  97  9  10  10  78  11  38  12  11  13  38  14  84  15  82  16  15  17  40  18  33  19  69
  0  16  1  69  2  86  3  60  4  19  5  28  6  26  7  38  8  25  9  42  10  67  11  49  12  68  13  54  14  39  15  25  16  33  17  82  18  96  19  4
  0  78  1  51  2  90  3  10  4  61  5  95  6  22  7  72  8  45  9  4  10  42  11  86  12  27  13  33  14  96  15  46  16  20  17  30  18  4  19  6
  0  75  1  35  2  21  3  48  4  40  5  45  6  52  7  58  8  64  9  68  10  83  11  50  12  23  13  6  14  54  15  76  16  8  17  27  18  11  19  24
  0  6  1  35  2  88  3  78  4  71  5  31  6  23  7  16  8  51  9  31  10  85  11  38  12  31  13  93  14  98  15  67  16  2  17  52  18  67  19  84
  0  77  1  76  2  41  3  47  4  95  5  88  6  89  7  40  8  90  9  26  10  52  11  36  12  34  13  13  14  1  15  81  16  57  17  88  18  19  19  23
  0  13  1  10  2  96  3  38  4  51  5  8  6  91  7  47  8  99  9  90  10  88  11  15  12  74  13  3  14  85  15  63  16  76  17  89  18  73  19  57
  0  40  1  30  2  77  3  43  4  32  5  35  6  11  7  36  8  29  9  22  10  13  11  2  12  16  13  12  14  12  15  67  16  88  17  13  18  16  19  62
  0  43  1  92  2  23  3  71  4  95  5  38  6  10  7  49  8  61  9  63  10  29  11  46  12  76  13  23  14  42  15  10  16  67  17  21  18  50  19  91
  0  72  1  46  2  13  3  69  4  86  5  56  6  56  7  49  8  78  9  91  10  17  11  21  12  5  13  13  14  79  15  80  16  22  17  69  18  83  19  40
  0  56  1  40  2  35  3  79  4  7  5  34  6  26  7  35  8  68  9  11  10  53  11  6  12  13  13  70  14  1  15  27  16  64  17  30  18  9  19  58
  0  51  1  68  2  65  3  61  4  22  5  27  6  66  7  80  8  70  9  77  10  52  11  51  12  84  13  18  14  20  15  89  16  28  17  37  18  40  19  50
  0  31  1  62  2  55  3  43  4  13  5  97  6  35  7  58  8  5  9  92  10  99  11  33  12  22  13  18  14  57  15  58  16  97  17  28  18  95  19  15
  0  99  1  40  2  39  3  83  4  81  5  64  6  65  7  67  8  28  9  51  10  19  11  20  12  13  13  57  14  93  15  77  16  74  17  29  18  51  19  28
  0  75  1  73  2  10  3  65  4  97  5  55  6  17  7  15  8  95  9  31  10  80  11  35  12  8  13  29  14  42  15  20  16  98  17  19  18  2  19  59
  0  81  1  43  2  25  3  40  4  37  5  94  6  7  7  89  8  40  9  58  10  63  11  86  12  58  13  70  14  72  15  8  16  73  17  44  18  93  19  72
  0  45  1  73  2  35  3  2  4  29  5  12  6  38  7  25  8  99  9  90  10  13  11  70  12  53  13  22  14  46  15  41  16  89  17  94  18  35  19  67
  0  89  1  76  2  58  3  65  4  50  5  52  6  70  7  69  8  33  9  91  10  65  11  99  12  42  13  9  14  75  15  81  16  40  17  52  18  77  19  46
  0  63  1  59  2  35  3  64  4  96  5  42  6  96  7  86  8  22  9  99  10  20  11  8  12  43  13  68  14  3  15  79  16  61  17  60  18  41  19  18
  0  49  1  51  2  35  3  2  4  42  5  14  6  19  7  49  8  54  9  7  10  90  11  17  12  81  13  74  14  54  15  63  16  55  17  7  18  20  19  70
  0  48  1  70  2  5  3  15  4  59  5  16  6  38  7  25  8  16  9  4  10  71  11  76  12  84  13  22  14  32  15  15  16  67  17  85  18  85  19  89
  0  24  1  31  2  81  3  48  4  60  5  56  6  9  7  44  8  59  9  59  10  83  11  22  12  48  13  87  14  35  15  1  16  35  17  94  18  83  19  82
  0  53  1  62  2  99  3  30  4  90  5  46  6  13  7  11  8  5  9  39  10  94  11  91  12  43  13  73  14  32  15  39  16  22  17  95  18  88  19  45
  0  30  1  93  2  80  3  2  4  63  5  54  6  57  7  85  8  8  9  76  10  33  11  16  12  25  13  88  14  19  15  18  16  7  17  15  18  61  19  88
  0  3  1  14  2  69  3  56  4  42  5  77  6  2  7  66  8  99  9  53  10  34  11  60  12  77  13  45  14  35  15  4  16  1  17  90  18  19  19  96
  0  53  1  28  2  59  3  70  4  99  5  1  6  68  7  38  8  64  9  60  10  85  11  86  12  76  13  64  14  33  15  88  16  91  17  82  18  25  19  95
  0  43  1  59  2  40  3  41  4  1  5  96  6  92  7  55  8  33  9  40  10  69  11  69  12  87  13  12  14  11  15  74  16  55  17  92  18  44  19  48
  0  79  1  64  2  23  3  71  4  3  5  69  6  12  7  4  8  1  9  24  10  13  11  68  12  14  13  17  14  49  15  98  16  87  17  74  18  28  19  15
  0  93  1  66  2  61  3  48  4  62  5  83  6  11  7  40  8  88  9  24  10  89  11  61  12  60  13  50  14  36  15  44  16  25  17  28  18  32  19  23
  0  18  1  31  2  54  3  15  4  89  5  95  6  58  7  1  8  16  9  52  10  43  11  74  12  81  13  51  14  45  15  82  16  72  17  98  18  61  19  60
  0  9  1  27  2  3  3  49  4  4  5  89  6  13  7  39  8  48  9  56  10  22  11  77  12  32  13  31  14  13  15  46  16  62  17  40  18  16  19  72
  0  50  1  47  2  65  3  61  4  61  5  98  6  76  7  32  8  49  9  4  10  41  11  14  12  37  13  5  14  32  15  41  16  95  17  97  18  70  19  22
  0  44  1  93  2  12  3  5  4  68  5  42  6  30  7  53  8  34  9  60  10  20  11  97  12  46  13  24  14  47  15  31  16  58  17  32  18  12  19  63
  0  64  1  42  2  5  3  60  4  12  5  29  6  77  7  26  8  11  9  35  10  51  11  92  12  45  13  99  14  34  15  49  16  92  17  82  18  25  19  15
  0  27  1  39  2  22  3  18  4  49  5  89  6  71  7  75  8  65  9  95  10  7  11  50  12  28  13  52  14  81  15  42  16  83  17  43  18  89  19  47
  0  13  1  9  2  24  3  82  4  50  5  52  6  21  7  66  8  11  9  63  10  89  11  88  12  72  13  31  14  24  15  32  16  91  17  98  18  44  19  19
  0  38  1  53  2  23  3  77  4  88  5  69  6  80  7  84  8  17  9  59  10  73  11  9  12  54  13  69  14  83  15  58  16  22  17  51  18  8  19  16
  0  65  1  89  2  96  3  17  4  18  5  58  6  80  7  97  8  95  9  51  10  99  11  16  12  94  13  89  14  18  15  33  16  36  17  22  18  85  19  95
  0  92  1  61  2  81  3  72  4  76  5  15  6  52  7  16  8  87  9  17  10  30  11  67  12  39  13  65  14  93  15  24  16  25  17  15  18  95  19  29
  0  72  1  90  2  97  3  57  4  19  5  10  6  55  7  16  8  96  9  35  10  57  11  67  12  3  13  4  14  21  15  55  16  12  17  87  18  79  19  86
  0  36  1  88  2  27  3  97  4  56  5  86  6  3  7  19  8  67  9  64  10  27  11  98  12  23  13  8  14  25  15  64  16  58  17  39  18  98  19  31
  0  37  1  28  2  33  3  73  4  54  5  10  6  50  7  34  8  78  9  73  10  39  11  34  12  23  13  28  14  37  15  91  16  74  17  46  18  26  19  90
  0  37  1  41  2  83  3  37  4  37  5  37  6  96  7  91  8  25  9  23  10  14  11  92  12  63  13  17  14  27  15  70  16  70  17  73  18  77  19  44
  0  87  1  7  2  34  3  54  4  66  5  14  6  1  7  42  8  96  9  32  10  41  11  14  12  35  13  50  14  26  15  32  16  93  17  59  18  50  19  28
  0  94  1  27  2  66  3  22  4  19  5  12  6  29  7  97  8  84  9  61  10  64  11  77  12  36  13  65  14  92  15  76  16  49  17  48  18  62  19  49
  0  61  1  28  2  99  3  42  4  80  5  65  6  64  7  30  8  59  9  1  10  54  11  92  12  7  13  38  14  25  15  48  16  88  17  19  18  6  19  78
  0  46  1  6  2  24  3  82  4  11  5  72  6  68  7  62  8  19  9  53  10  64  11  20  12  45  13  12  14  34  15  16  16  4  17  32  18  63  19  36
  0  90  1  32  2  1  3  39  4  64  5  62  6  59  7  9  8  95  9  38  10  2  11  17  12  21  13  15  14  19  15  69  16  88  17  96  18  44  19  7
  0  85  1  69  2  53  3  72  4  67  5  57  6  50  7  57  8  51  9  66  10  37  11  10  12  34  13  68  14  10  15  53  16  36  17  27  18  42  19  48
  0  99  1  68  2  37  3  2  4  84  5  61  6  66  7  1  8  35  9  52  10  27  11  37  12  24  13  58  14  75  15  28  16  83  17  34  18  31  19  69
  0  82  1  53  2  52  3  71  4  25  5  74  6  29  7  55  8  54  9  77  10  45  11  20  12  4  13  99  14  8  15  4  16  29  17  93  18  32  19  3
  0  5  1  99  2  52  3  14  4  73  5  4  6  81  7  20  8  88  9  7  10  37  11  40  12  70  13  49  14  27  15  98  16  86  17  54  18  29  19  95
  0  14  1  83  2  44  3  82  4  47  5  19  6  86  7  76  8  61  9  26  10  35  11  55  12  39  13  42  14  80  15  29  16  37  17  7  18  20  19  87
  0  17  1  35  2  6  3  40  4  4  5  81  6  30  7  26  8  32  9  62  10  10  11  58  12  76  13  31  14  14  15  7  16  8  17  10  18  25  19  56
  0  99  1  47  2  47  3  96  4  73  5  31  6  98  7  10  8  81  9  91  10  44  11  76  12  43  13  74  14  48  15  21  16  84  17  45  18  82  19  47
  0  62  1  95  2  98  3  62  4  64  5  29  6  33  7  66  8  5  9  50  10  47  11  62  12  78  13  12  14  87  15  25  16  27  17  60  18  23  19  15
  0  38  1  1  2  6  3  44  4  79  5  74  6  55  7  19  8  27  9  9  10  58  11  12  12  70  13  97  14  46  15  56  16  66  17  5  18  80  19  47
  0  95  1  12  2  58  3  97  4  46  5  48  6  32  7  94  8  13  9  71  10  93  11  35  12  3  13  97  14  62  15  51  16  76  17  80  18  92  19  52
  0  63  1  9  2  80  3  30  4  35  5  56  6  33  7  24  8  36  9  9  10  38  11  40  12  75  13  64  14  36  15  46  16  64  17  54  18  5  19  17
  0  28  1  50  2  76  3  94  4  34  5  65  6  68  7  70  8  26  9  35  10  4  11  23  12  36  13  52  14  26  15  66  16  27  17  4  18  64  19  81
  0  87  1  9  2  86  3  44  4  80  5  71  6  38  7  75  8  9  9  96  10  81  11  64  12  62  13  29  14  66  15  51  16  54  17  10  18  83  19  78
  0  57  1  74  2  7  3  15  4  3  5  19  6  21  7  45  8  3  9  22  10  72  11  76  12  3  13  93  14  11  15  68  16  84  17  90  18  94  19  37
  0  70  1  14  2  91  3  62  4  94  5  82  6  84  7  95  8  52  9  54  10  66  11  61  12  40  13  29  14  98  15  94  16  37  17  55  18  44  19  50
  0  11  1  32  2  16  3  90  4  25  5  74  6  95  7  26  8  1  9  77  10  18  11  63  12  52  13  15  14  15  15  98  16  90  17  33  18  77  19  49
  0  79  1  44  2  79  3  15  4  81  5  27  6  51  7  12  8  25  9  81  10  27  11  20  12  86  13  6  14  79  15  38  16  63  17  79  18  30  19  41
  0  81  1  82  2  91  3  70  4  73  5  78  6  81  7  16  8  7  9  49  10  19  11  68  12  51  13  44  14  84  15  40  16  28  17  89  18  15  19  99
  0  66  1  85  2  50  3  51  4  56  5  57  6  76  7  65  8  90  9  60  10  1  11  44  12  19  13  48  14  78  15  58  16  66  17  53  18  74  19  17
  0  87  1  42  2  9  3  41  4  46  5  39  6  46  7  46  8  66  9  35  10  13  11  72  12  75  13  27  14  49  15  1  16  35  17  47  18  44  19  54
  0  43  1  87  2  98  3  73  4  43  5  17  6  17  7  7  8  77  9  59  10  28  11  59  12  67  13  70  14  73  15  88  16  9  17  35  18  31  19  52
  0  22  1  76  2  49  3  30  4  81  5  34  6  8  7  81  8  25  9  80  10  47  11  15  12  21  13  50  14  15  15  76  16  24  17  24  18  23  19  83
  0  66  1  84  2  29  3  61  4  69  5  37  6  67  7  65  8  47  9  58  10  7  11  81  12  58  13  21  14  2  15  52  16  26  17  9  18  63  19  64
  0  20  1  8  2  79  3  94  4  90  5  61  6  44  7  7  8  69  9  98  10  88  11  33  12  8  13  90  14  14  15  97  16  6  17  89  18  69  19  57
  0  32  1  56  2  41  3  68  4  78  5  74  6  26  7  3  8  65  9  20  10  4  11  77  12  2  13  26  14  56  15  70  16  78  17  52  18  80  19  26
  0  28  1  69  2  82  3  86  4  91  5  8  6  72  7  1  8  77  9  24  10  86  11  85  12  1  13  92  14  7  15  53  16  25  17  33  18  53  19  29
  0  70  1  8  2  68  3  9  4  40  5  75  6  24  7  54  8  79  9  73  10  21  11  5  12  86  13  56  14  49  15  58  16  19  17  36  18  44  19  61
  0  75  1  77  2  51  3  2  4  51  5  57  6  74  7  85  8  79  9  92  10  92  11  59  12  27  13  84  14  49  15  3  16  95  17  44  18  54  19  89
  0  49  1  97  2  62  3  21  4  70  5  76  6  11  7  42  8  6  9  46  10  23  11  29  12  78  13  35  14  23  15  90  16  48  17  56  18  19  19  22
  0  62  1  42  2  29  3  7  4  32  5  30  6  89  7  60  8  17  9  64  10  44  11  53  12  10  13  19  14  6  15  58  16  44  17  43  18  65  19  18
  0  85  1  79  2  51  3  8  4  56  5  26  6  89  7  71  8  21  9  17  10  14  11  26  12  32  13  67  14  24  15  66  16  98  17  95  18  83  19  42
  0  42  1  12  2  17  3  55  4  45  5  47  6  51  7  12  8  14  9  61  10  87  11  46  12  1  13  49  14  25  15  62  16  64  17  26  18  61  19  94
  0  60  1  87  2  39  3  69  4  88  5  46  6  15  7  16  8  55  9  4  10  76  11  66  12  98  13  10  14  26  15  36  16  5  17  17  18  3  19  82
  0  20  1  36  2  29  3  72  4  11  5  35  6  90  7  16  8  50  9  55  10  79  11  44  12  22  13  36  14  70  15  34  16  69  17  56  18  17  19  16
  0  41  1  46  2  67  3  9  4  2  5  27  6  47  7  72  8  2  9  82  10  62  11  78  12  46  13  64  14  18  15  23  16  89  17  89  18  47  19  47
  0  50  1  79  2  8  3  36  4  27  5  51  6  88  7  7  8  49  9  67  10  21  11  10  12  12  13  84  14  5  15  3  16  57  17  76  18  85  19  72
  0  14  1  16  2  38  3  17  4  13  5  40  6  58  7  8  8  23  9  36  10  44  11  92  12  87  13  9  14  41  15  20  16  59  17  42  18  76  19  83
  0  46  1  46  2  95  3  25  4  36  5  52  6  89  7  40  8  59  9  16  10  70  11  76  12  81  13  11  14  37  15  23  16  80  17  52  18  31  19  20
  0  13  1  66  2  82  3  48  4  77  5  1  6  95  7  77  8  67  9  37  10  16  11  66  12  14  13  52  14  83  15  68  16  97  17  53  18  74  19  69
  0  90  1  51  2  60  3  57  4  12  5  83  6  67  7  28  8  49  9  83  10  93  11  34  12  73  13  45  14  17  15  68  16  22  17  56  18  19  19  24
  0  63  1  86  2  92  3  68  4  45  5  44  6  8  7  34  8  93  9  58  10  62  11  96  12  24  13  30  14  38  15  23  16  71  17  67  18  40  19  72
  0  56  1  15  2  80  3  10  4  34  5  5  6  50  7  61  8  14  9  23  10  82  11  8  12  25  13  59  14  92  15  9  16  75  17  73  18  64  19  95
  0  34  1  13  2  9  3  88  4  21  5  47  6  15  7  11  8  96  9  18  10  66  11  4  12  79  13  20  14  3  15  86  16  39  17  49  18  40  19  98
  0  32  1  91  2  85  3  9  4  90  5  46  6  3  7  12  8  74  9  87  10  27  11  11  12  45  13  31  14  22  15  67  16  32  17  42  18  27  19  94
  0  82  1  9  2  61  3  79  4  35  5  68  6  47  7  90  8  45  9  51  10  93  11  4  12  48  13  1  14  51  15  41  16  66  17  56  18  14  19  16
  0  54  1  28  2  47  3  20  4  66  5  95  6  59  7  13  8  96  9  2  10  39  11  77  12  92  13  38  14  39  15  61  16  79  17  26  18  78  19  27
  0  23  1  57  2  71  3  64  4  22  5  33  6  34  7  50  8  20  9  22  10  17  11  60  12  64  13  34  14  52  15  46  16  51  17  62  18  31  19  63
  0  43  1  55  2  39  3  98  4  52  5  19  6  18  7  22  8  7  9  54  10  36  11  85  12  58  13  81  14  82  15  20  16  98  17  17  18  10  19  16
  0  85  1  93  2  3  3  96  4  94  5  38  6  45  7  95  8  66  9  55  10  99  11  15  12  89  13  78  14  45  15  27  16  50  17  89  18  14  19  40
  0  50  1  8  2  37  3  39  4  51  5  8  6  89  7  70  8  19  9  26  10  84  11  49  12  57  13  43  14  67  15  83  16  72  17  69  18  6  19  57
  0  93  1  69  2  78  3  21  4  42  5  92  6  99  7  67  8  41  9  6  10  49  11  3  12  82  13  38  14  75  15  42  16  16  17  92  18  8  19  75
  0  7  1  78  2  89  3  95  4  98  5  61  6  6  7  86  8  66  9  51  10  92  11  3  12  29  13  71  14  31  15  93  16  97  17  65  18  73  19  54
  0  42  1  44  2  43  3  6  4  17  5  91  6  21  7  34  8  77  9  61  10  3  11  50  12  78  13  38  14  83  15  32  16  34  17  59  18  16  19  79
  0  81  1  3  2  37  3  86  4  81  5  96  6  75  7  3  8  39  9  6  10  61  11  58  12  36  13  2  14  21  15  50  16  3  17  11  18  21  19  34
  0  80  1  10  2  91  3  66  4  38  5  16  6  50  7  68  8  51  9  71  10  94  11  44  12  63  13  39  14  50  15  45  16  75  17  50  18  78  19  75
  0  42  1  73  2  87  3  79  4  68  5  96  6  6  7  47  8  30  9  32  10  97  11  47  12  78  13  4  14  42  15  56  16  78  17  64  18  1  19  49
  0  4  1  49  2  44  3  68  4  96  5  69  6  19  7  99  8  49  9  10  10  59  11  96  12  69  13  70  14  99  15  53  16  49  17  65  18  24  19  15
  0  29  1  87  2  51  3  59  4  43  5  80  6  74  7  10  8  83  9  85  10  72  11  49  12  9  13  64  14  66  15  52  16  6  17  98  18  5  19  52
  0  53  1  21  2  89  3  9  4  73  5  43  6  75  7  47  8  52  9  67  10  3  11  79  12  66  13  7  14  58  15  39  16  56  17  46  18  62  19  71
  0  24  1  24  2  31  3  77  4  48  5  13  6  64  7  97  8  52  9  28  10  49  11  88  12  54  13  2  14  92  15  13  16  93  17  84  18  17  19  60
  0  16  1  79  2  73  3  75  4  49  5  11  6  71  7  40  8  18  9  78  10  27  11  48  12  59  13  70  14  65  15  74  16  65  17  6  18  42  19  20
  0  37  1  52  2  66  3  77  4  32  5  38  6  42  7  67  8  61  9  34  10  53  11  26  12  43  13  3  14  64  15  44  16  25  17  19  18  20  19  95
  0  38  1  26  2  45  3  2  4  42  5  60  6  94  7  17  8  71  9  77  10  8  11  39  12  3  13  64  14  51  15  70  16  79  17  89  18  63  19  89
  0  95  1  75  2  39  3  11  4  99  5  53  6  10  7  36  8  78  9  45  10  11  11  25  12  44  13  4  14  42  15  51  16  9  17  75  18  61  19  10
  0  39  1  83  2  69  3  82  4  28  5  48  6  72  7  1  8  7  9  83  10  34  11  52  12  5  13  37  14  57  15  13  16  15  17  72  18  43  19  7
  0  33  1  98  2  26  3  27  4  76  5  3  6  96  7  76  8  87  9  42  10  37  11  93  12  6  13  96  14  36  15  86  16  31  17  86  18  74  19  85
  0  35  1  17  2  83  3  88  4  85  5  93  6  18  7  63  8  85  9  19  10  98  11  22  12  53  13  82  14  24  15  85  16  87  17  79  18  39  19  12
  0  95  1  33  2  18  3  42  4  72  5  12  6  20  7  96  8  71  9  57  10  81  11  26  12  1  13  59  14  91  15  87  16  26  17  63  18  54  19  27
  0  68  1  72  2  16  3  55  4  41  5  97  6  42  7  67  8  48  9  63  10  49  11  51  12  39  13  64  14  29  15  60  16  5  17  45  18  32  19  64
  0  44  1  31  2  91  3  3  4  54  5  50  6  90  7  96  8  99  9  13  10  29  11  99  12  85  13  34  14  32  15  86  16  37  17  38  18  91  19  22
  0  38  1  54  2  60  3  47  4  13  5  99  6  19  7  86  8  32  9  31  10  89  11  48  12  87  13  76  14  80  15  82  16  59  17  98  18  63  19  23
  0  71  1  51  2  31  3  13  4  25  5  24  6  86  7  6  8  23  9  94  10  61  11  79  12  55  13  20  14  57  15  9  16  1  17  45  18  64  19  91
  0  49  1  26  2  6  3  17  4  74  5  56  6  1  7  12  8  94  9  82  10  46  11  27  12  96  13  34  14  74  15  27  16  37  17  83  18  23  19  9
  0  19  1  53  2  17  3  55  4  10  5  1  6  75  7  2  8  75  9  56  10  69  11  80  12  13  13  5  14  1  15  45  16  21  17  29  18  80  19  24
  0  52  1  54  2  25  3  31  4  16  5  62  6  2  7  40  8  36  9  72  10  83  11  98  12  81  13  94  14  1  15  46  16  26  17  8  18  3  19  53
  0  1  1  30  2  64  3  89  4  45  5  65  6  91  7  17  8  78  9  47  10  25  11  31  12  39  13  32  14  39  15  15  16  62  17  82  18  81  19  77
  0  1  1  73  2  14  3  89  4  11  5  93  6  30  7  34  8  43  9  20  10  78  11  44  12  26  13  10  14  5  15  87  16  32  17  23  18  1  19  22
  0  41  1  61  2  17  3  30  4  76  5  7  6  76  7  14  8  56  9  85  10  7  11  3  12  74  13  87  14  59  15  99  16  42  17  23  18  2  19  80
  0  12  1  87  2  92  3  16  4  93  5  86  6  74  7  78  8  22  9  15  10  48  11  59  12  38  13  15  14  14  15  1  16  97  17  39  18  80  19  23
  0  7  1  9  2  1  3  9  4  64  5  38  6  69  7  57  8  51  9  50  10  85  11  32  12  2  13  33  14  86  15  66  16  31  17  92  18  81  19  97
  0  31  1  99  2  60  3  36  4  42  5  46  6  50  7  6  8  53  9  60  10  42  11  94  12  14  13  34  14  9  15  23  16  40  17  66  18  92  19  97
  0  54  1  36  2  32  3  16  4  90  5  47  6  56  7  52  8  57  9  9  10  63  11  12  12  36  13  53  14  60  15  67  16  60  17  91  18  39  19  88
  0  4  1  72  2  8  3  39  4  64  5  88  6  8  7  4  8  38  9  35  10  79  11  64  12  5  13  39  14  63  15  45  16  75  17  90  18  45  19  86
  0  80  1  60  2  82  3  22  4  79  5  73  6  76  7  73  8  43  9  80  10  67  11  78  12  28  13  47  14  73  15  23  16  37  17  45  18  97  19  44
  0  56  1  28  2  84  3  9  4  94  5  11  6  82  7  14  8  64  9  96  10  51  11  43  12  96  13  17  14  28  15  63  16  67  17  79  18  37  19  85
  0  77  1  38  2  1  3  85  4  15  5  25  6  84  7  73  8  95  9  22  10  6  11  68  12  59  13  48  14  61  15  88  16  57  17  1  18  67  19  98
  0  80  1  66  2  22  3  49  4  90  5  94  6  16  7  2  8  70  9  10  10  72  11  41  12  89  13  85  14  79  15  4  16  71  17  20  18  43  19  74
  0  97  1  81  2  86  3  35  4  73  5  19  6  65  7  72  8  63  9  51  10  72  11  60  12  60  13  72  14  57  15  93  16  39  17  54  18  87  19  36
  0  21  1  23  2  13  3  86  4  45  5  40  6  21  7  9  8  16  9  14  10  97  11  65  12  86  13  33  14  21  15  36  16  89  17  84  18  54  19  33
  0  24  1  2  2  28  3  40  4  54  5  58  6  10  7  22  8  5  9  2  10  14  11  98  12  20  13  98  14  92  15  74  16  50  17  11  18  21  19  60
  0  80  1  60  2  52  3  46  4  94  5  30  6  15  7  92  8  64  9  10  10  87  11  53  12  86  13  85  14  42  15  64  16  30  17  36  18  82  19  37
  0  40  1  89  2  88  3  55  4  28  5  35  6  46  7  66  8  47  9  5  10  48  11  99  12  14  13  81  14  59  15  75  16  46  17  73  18  4  19  63
  0  16  1  78  2  24  3  25  4  41  5  32  6  98  7  41  8  64  9  89  10  29  11  98  12  86  13  14  14  34  15  3  16  72  17  52  18  11  19  31
  0  19  1  26  2  52  3  52  4  75  5  71  6  25  7  65  8  50  9  6  10  46  11  36  12  28  13  95  14  28  15  43  16  15  17  66  18  59  19  62
  0  51  1  73  2  56  3  26  4  77  5  18  6  98  7  71  8  43  9  91  10  23  11  46  12  88  13  69  14  56  15  26  16  42  17  94  18  7  19  90
  0  9  1  18  2  31  3  33  4  49  5  86  6  61  7  16  8  73  9  8  10  60  11  1  12  97  13  10  14  23  15  96  16  30  17  87  18  59  19  26
  0  94  1  12  2  23  3  95  4  17  5  29  6  61  7  10  8  3  9  85  10  13  11  79  12  11  13  44  14  70  15  9  16  89  17  97  18  90  19  56
  0  24  1  73  2  16  3  14  4  26  5  95  6  36  7  43  8  54  9  57  10  16  11  61  12  46  13  94  14  51  15  72  16  3  17  92  18  43  19  77
  0  61  1  47  2  3  3  23  4  36  5  66  6  5  7  52  8  26  9  93  10  81  11  85  12  9  13  71  14  17  15  41  16  71  17  93  18  59  19  59
  0  49  1  4  2  97  3  8  4  80  5  41  6  50  7  76  8  86  9  43  10  57  11  85  12  34  13  55  14  88  15  64  16  50  17  10  18  1  19  82
  0  97  1  60  2  4  3  33  4  14  5  9  6  29  7  5  8  82  9  39  10  3  11  93  12  1  13  51  14  58  15  26  16  44  17  71  18  64  19  17
  0  46  1  58  2  33  3  72  4  52  5  55  6  34  7  10  8  12  9  45  10  51  11  53  12  9  13  6  14  26  15  35  16  60  17  86  18  97  19  11
  0  24  1  38  2  32  3  55  4  86  5  69  6  81  7  12  8  48  9  29  10  40  11  9  12  98  13  14  14  76  15  60  16  63  17  62  18  54  19  19
  0  65  1  88  2  75  3  51  4  27  5  56  6  20  7  38  8  11  9  2  10  41  11  47  12  72  13  65  14  61  15  9  16  70  17  70  18  73  19  91
  0  66  1  74  2  24  3  75  4  1  5  77  6  72  7  52  8  26  9  62  10  14  11  13  12  47  13  4  14  21  15  93  16  83  17  58  18  58  19  92
  0  66  1  46  2  57  3  82  4  20  5  67  6  60  7  77  8  8  9  16  10  68  11  26  12  39  13  89  14  64  15  49  16  47  17  14  18  80  19  37
  0  13  1  11  2  33  3  68  4  79  5  95  6  59  7  34  8  75  9  79  10  17  11  61  12  66  13  7  14  19  15  73  16  72  17  60  18  45  19  43
  0  42  1  9  2  29  3  9  4  68  5  79  6  13  7  69  8  73  9  83  10  36  11  83  12  14  13  35  14  79  15  20  16  76  17  18  18  91  19  56
  0  62  1  8  2  70  3  11  4  89  5  65  6  75  7  55  8  49  9  31  10  86  11  44  12  5  13  99  14  41  15  65  16  22  17  64  18  20  19  83
  0  52  1  41  2  54  3  45  4  29  5  32  6  75  7  61  8  39  9  67  10  42  11  77  12  68  13  50  14  97  15  19  16  54  17  99  18  54  19  46
TPM
  0  1591  1  1591  2  1591  3  1591  4  1591  5  1591  6  1591  7  1591  8  1591  9  1591  10  1591  11  1591  12  1591  13  1591  14  1591  15  1591  16  1591  17  1591  18  1591  19  1591
PMT
  0  63  1  27  2  6  3  59  4  14  5  63  6  16  7  40  8  23  9  66  10  30  11  35  12  71  13  28  14  17  15  43  16  56  17  50  18  69  19  32
  0  44  1  65  2  48  3  35  4  61  5  28  6  58  7  50  8  14  9  63  10  43  11  37  12  21  13  1  14  60  15  74  16  70  17  2  18  7  19  50
  0  66  1  12  2  21  3  15  4  42  5  14  6  7  7  29  8  61  9  59  10  42  11  54  12  13  13  49  14  27  15  37  16  41  17  12  18  68  19  37
  0  57  1  64  2  48  3  38  4  29  5  20  6  24  7  16  8  23  9  31  10  53  11  21  12  43  13  21  14  31  15  57  16  19  17  17  18  41  19  68
  0  70  1  56  2  31  3  13  4  61  5  28  6  49  7  74  8  2  9  42  10  16  11  48  12  49  13  52  14  24  15  12  16  69  17  58  18  28  19  9
  0  12  1  23  2  2  3  70  4  44  5  24  6  27  7  69  8  23  9  67  10  59  11  73  12  51  13  25  14  57  15  1  16  9  17  60  18  61  19  34
  0  6  1  34  2  38  3  15  4  44  5  69  6  69  7  72  8  62  9  71  10  18  11  74  12  22  13  36  14  17  15  43  16  60  17  39  18  55  19  42
  0  32  1  38  2  60  3  20  4  58  5  1  6  29  7  5  8  40  9  15  10  35  11  53  12  10  13  71  14  48  15  23  16  53  17  9  18  41  19  20
  0  9  1  64  2  54  3  54  4  28  5  13  6  59  7  28  8  56  9  23  10  12  11  45  12  52  13  23  14  21  15  20  16  7  17  73  18  44  19  54
  0  34  1  18  2  32  3  65  4  20  5  27  6  39  7  15  8  39  9  56  10  4  11  15  12  73  13  21  14  11  15  54  16  71  17  1  18  35  19  69
  0  42  1  26  2  18  3  6  4  43  5  40  6  54  7  23  8  46  9  10  10  16  11  72  12  8  13  6  14  62  15  32  16  17  17  12  18  1  19  13
  0  71  1  21  2  3  3  58  4  55  5  53  6  23  7  1  8  37  9  12  10  18  11  7  12  3  13  37  14  47  15  5  16  68  17  27  18  30  19  39
  0  37  1  5  2  42  3  26  4  48  5  24  6  6  7  13  8  27  9  5  10  1  11  47  12  23  13  8  14  69  15  60  16  63  17  26  18  44  19  14
