20  20
  0  21  1  62  2  72  3  87  4  56  5  27  6  77  7  19  8  39  9  34  10  99  11  11  12  49  13  29  14  88  15  82  16  6  17  10  18  14  19  3
  0  68  1  25  2  50  3  16  4  85  5  9  6  95  7  44  8  13  9  63  10  55  11  86  12  46  13  24  14  57  15  84  16  52  17  92  18  67  19  20
  0  79  1  16  2  47  3  57  4  95  5  26  6  50  7  56  8  75  9  1  10  58  11  19  12  26  13  86  14  7  15  34  16  54  17  7  18  43  19  37
  0  80  1  38  2  22  3  12  4  61  5  26  6  35  7  88  8  95  9  93  10  14  11  14  12  4  13  34  14  77  15  5  16  7  17  11  18  88  19  11
  0  58  1  99  2  56  3  41  4  97  5  56  6  99  7  34  8  24  9  71  10  43  11  79  12  17  13  68  14  26  15  15  16  43  17  49  18  40  19  60
  0  41  1  85  2  33  3  61  4  61  5  31  6  31  7  50  8  99  9  67  10  67  11  60  12  64  13  49  14  43  15  35  16  55  17  86  18  34  19  19
  0  52  1  80  2  14  3  46  4  36  5  13  6  94  7  27  8  83  9  42  10  59  11  23  12  30  13  69  14  66  15  59  16  68  17  65  18  51  19  99
  0  36  1  77  2  30  3  4  4  20  5  56  6  8  7  26  8  62  9  75  10  37  11  27  12  61  13  28  14  74  15  20  16  90  17  24  18  33  19  62
  0  90  1  25  2  31  3  54  4  95  5  90  6  82  7  35  8  3  9  21  10  84  11  63  12  12  13  18  14  94  15  20  16  62  17  3  18  87  19  96
  0  68  1  67  2  66  3  27  4  35  5  32  6  46  7  93  8  74  9  51  10  25  11  16  12  84  13  88  14  45  15  90  16  57  17  41  18  74  19  50
  0  8  1  98  2  77  3  61  4  64  5  59  6  55  7  72  8  44  9  40  10  74  11  87  12  16  13  51  14  5  15  22  16  26  17  29  18  49  19  64
  0  18  1  39  2  27  3  69  4  99  5  93  6  43  7  27  8  25  9  57  10  65  11  98  12  90  13  21  14  76  15  21  16  69  17  68  18  85  19  8
  0  32  1  86  2  10  3  97  4  33  5  61  6  62  7  46  8  46  9  76  10  9  11  39  12  90  13  27  14  74  15  83  16  84  17  71  18  18  19  16
  0  98  1  22  2  2  3  7  4  22  5  29  6  31  7  79  8  41  9  9  10  32  11  53  12  8  13  36  14  87  15  83  16  38  17  77  18  75  19  68
  0  74  1  52  2  51  3  32  4  4  5  49  6  79  7  4  8  2  9  24  10  13  11  66  12  65  13  61  14  58  15  35  16  36  17  86  18  94  19  78
  0  35  1  36  2  20  3  21  4  64  5  49  6  53  7  57  8  39  9  25  10  5  11  90  12  53  13  53  14  2  15  65  16  5  17  36  18  30  19  58
  0  29  1  21  2  26  3  47  4  3  5  49  6  37  7  74  8  33  9  76  10  18  11  70  12  43  13  5  14  51  15  5  16  13  17  57  18  4  19  92
  0  32  1  73  2  42  3  45  4  87  5  99  6  88  7  70  8  81  9  13  10  89  11  57  12  57  13  7  14  4  15  84  16  76  17  4  18  64  19  50
  0  75  1  3  2  55  3  13  4  97  5  61  6  4  7  82  8  74  9  63  10  86  11  19  12  4  13  39  14  1  15  98  16  48  17  27  18  44  19  83
  0  60  1  1  2  1  3  94  4  90  5  91  6  46  7  61  8  42  9  86  10  94  11  22  12  90  13  88  14  63  15  73  16  70  17  50  18  31  19  14
TPM
  0  678  1  678  2  678  3  678  4  678  5  678  6  678  7  678  8  678  9  678  10  678  11  678  12  678  13  678  14  678  15  678  16  678  17  678  18  678  19  678
PMT
  0  21  1  10  2  1  3  6  4  7  5  20  6  7  7  13  8  17  9  24  10  24  11  12  12  2  13  4  14  20  15  11  16  12  17  15  18  1  19  5
  0  11  1  2  2  3  3  19  4  17  5  19  6  24  7  7  8  18  9  3  10  16  11  10  12  1  13  7  14  1  15  12  16  17  17  3  18  21  19  8
  0  12  1  21  2  21  3  6  4  7  5  17  6  6  7  18  8  16  9  16  10  19  11  14  12  4  13  6  14  4  15  11  16  17  17  9  18  6  19  13
