500  15
  0  35  1  21  2  64  3  63  4  23  5  66  6  38  7  75  8  97  9  38  10  36  11  25  12  97  13  1  14  62
  0  45  1  30  2  21  3  70  4  33  5  1  6  72  7  21  8  89  9  71  10  47  11  45  12  73  13  97  14  90
  0  66  1  41  2  5  3  60  4  63  5  44  6  39  7  56  8  3  9  93  10  58  11  94  12  57  13  14  14  74
  0  5  1  77  2  54  3  67  4  80  5  14  6  18  7  11  8  20  9  75  10  34  11  93  12  25  13  93  14  81
  0  33  1  41  2  22  3  51  4  95  5  80  6  69  7  75  8  83  9  39  10  93  11  88  12  57  13  94  14  55
  0  98  1  90  2  81  3  33  4  62  5  80  6  35  7  55  8  4  9  63  10  78  11  72  12  33  13  16  14  98
  0  11  1  37  2  28  3  8  4  56  5  48  6  73  7  10  8  60  9  27  10  38  11  19  12  80  13  9  14  66
  0  83  1  94  2  90  3  28  4  23  5  33  6  72  7  29  8  84  9  35  10  75  11  24  12  65  13  34  14  90
  0  80  1  64  2  98  3  40  4  21  5  68  6  99  7  66  8  47  9  70  10  86  11  52  12  3  13  73  14  89
  0  57  1  46  2  50  3  66  4  29  5  30  6  44  7  80  8  98  9  17  10  27  11  69  12  3  13  72  14  66
  0  36  1  62  2  15  3  58  4  86  5  24  6  13  7  23  8  81  9  47  10  62  11  81  12  79  13  84  14  88
  0  51  1  93  2  97  3  45  4  33  5  87  6  88  7  7  8  77  9  83  10  61  11  83  12  51  13  51  14  36
  0  5  1  40  2  3  3  66  4  41  5  64  6  31  7  52  8  70  9  89  10  36  11  39  12  4  13  56  14  45
  0  42  1  21  2  69  3  20  4  50  5  3  6  11  7  3  8  76  9  32  10  77  11  51  12  88  13  9  14  44
  0  48  1  9  2  27  3  15  4  12  5  76  6  66  7  13  8  12  9  26  10  25  11  8  12  96  13  1  14  95
  0  4  1  65  2  26  3  41  4  16  5  46  6  91  7  48  8  13  9  81  10  34  11  42  12  19  13  90  14  17
  0  13  1  88  2  9  3  39  4  62  5  88  6  91  7  24  8  87  9  75  10  41  11  75  12  70  13  37  14  97
  0  97  1  3  2  29  3  98  4  19  5  4  6  49  7  4  8  58  9  95  10  9  11  22  12  32  13  40  14  96
  0  16  1  90  2  51  3  60  4  54  5  27  6  46  7  30  8  24  9  99  10  92  11  74  12  51  13  64  14  65
  0  57  1  77  2  2  3  26  4  31  5  82  6  86  7  75  8  98  9  71  10  45  11  53  12  17  13  46  14  77
  0  90  1  25  2  38  3  61  4  23  5  31  6  82  7  53  8  29  9  78  10  39  11  51  12  54  13  73  14  6
  0  90  1  32  2  69  3  74  4  94  5  9  6  5  7  29  8  79  9  39  10  63  11  84  12  3  13  15  14  99
  0  6  1  8  2  23  3  40  4  72  5  88  6  63  7  70  8  70  9  85  10  75  11  42  12  23  13  82  14  40
  0  82  1  92  2  84  3  57  4  92  5  28  6  64  7  29  8  41  9  26  10  28  11  91  12  12  13  25  14  40
  0  65  1  64  2  76  3  95  4  31  5  97  6  35  7  41  8  47  9  40  10  70  11  69  12  64  13  1  14  9
  0  58  1  2  2  57  3  27  4  8  5  90  6  68  7  81  8  8  9  8  10  24  11  38  12  47  13  43  14  83
  0  30  1  25  2  77  3  65  4  62  5  43  6  72  7  73  8  42  9  91  10  89  11  98  12  11  13  38  14  87
  0  5  1  83  2  98  3  82  4  98  5  50  6  55  7  49  8  58  9  76  10  28  11  5  12  36  13  10  14  34
  0  18  1  90  2  87  3  81  4  14  5  99  6  93  7  88  8  69  9  64  10  15  11  26  12  42  13  98  14  95
  0  5  1  52  2  73  3  85  4  82  5  15  6  53  7  30  8  56  9  9  10  44  11  59  12  39  13  16  14  53
  0  58  1  69  2  55  3  11  4  36  5  92  6  24  7  12  8  25  9  2  10  8  11  85  12  72  13  34  14  98
  0  90  1  9  2  65  3  78  4  98  5  6  6  48  7  18  8  12  9  63  10  71  11  15  12  26  13  75  14  59
  0  78  1  46  2  78  3  16  4  7  5  95  6  65  7  99  8  50  9  91  10  42  11  84  12  37  13  74  14  38
  0  14  1  89  2  18  3  7  4  99  5  1  6  40  7  84  8  87  9  3  10  11  11  68  12  95  13  73  14  28
  0  74  1  17  2  68  3  82  4  42  5  20  6  39  7  66  8  19  9  1  10  22  11  71  12  51  13  71  14  70
  0  89  1  35  2  73  3  86  4  20  5  26  6  70  7  67  8  29  9  14  10  54  11  67  12  33  13  94  14  54
  0  55  1  91  2  4  3  47  4  1  5  25  6  96  7  9  8  35  9  15  10  90  11  52  12  56  13  33  14  91
  0  32  1  87  2  8  3  88  4  26  5  96  6  31  7  77  8  22  9  42  10  67  11  41  12  59  13  1  14  6
  0  17  1  7  2  95  3  78  4  16  5  92  6  30  7  29  8  69  9  95  10  86  11  2  12  24  13  67  14  61
  0  1  1  24  2  66  3  29  4  27  5  26  6  94  7  70  8  82  9  49  10  82  11  2  12  26  13  59  14  68
  0  79  1  2  2  35  3  47  4  93  5  73  6  64  7  7  8  49  9  49  10  59  11  73  12  5  13  58  14  18
  0  19  1  33  2  45  3  38  4  8  5  2  6  64  7  75  8  8  9  95  10  98  11  5  12  63  13  37  14  47
  0  18  1  9  2  70  3  39  4  77  5  98  6  12  7  79  8  1  9  46  10  88  11  33  12  45  13  21  14  11
  0  87  1  19  2  35  3  58  4  81  5  50  6  24  7  76  8  60  9  67  10  6  11  97  12  1  13  87  14  57
  0  52  1  43  2  16  3  64  4  27  5  80  6  98  7  20  8  78  9  20  10  83  11  78  12  22  13  23  14  81
  0  95  1  43  2  62  3  29  4  5  5  12  6  70  7  3  8  14  9  85  10  71  11  33  12  32  13  42  14  6
  0  14  1  40  2  67  3  97  4  3  5  74  6  94  7  35  8  77  9  2  10  84  11  39  12  69  13  78  14  58
  0  59  1  98  2  42  3  52  4  25  5  97  6  71  7  55  8  20  9  63  10  10  11  30  12  79  13  7  14  41
  0  35  1  23  2  77  3  71  4  15  5  62  6  82  7  40  8  7  9  56  10  22  11  67  12  85  13  1  14  17
  0  28  1  46  2  75  3  6  4  85  5  3  6  88  7  30  8  41  9  44  10  79  11  29  12  75  13  69  14  81
  0  21  1  94  2  19  3  60  4  51  5  93  6  42  7  61  8  9  9  18  10  85  11  44  12  66  13  74  14  99
  0  89  1  85  2  18  3  75  4  1  5  85  6  34  7  74  8  37  9  79  10  71  11  19  12  46  13  21  14  11
  0  33  1  98  2  14  3  60  4  77  5  20  6  80  7  32  8  10  9  87  10  86  11  23  12  42  13  42  14  71
  0  11  1  12  2  11  3  40  4  45  5  72  6  59  7  99  8  77  9  61  10  23  11  52  12  83  13  10  14  64
  0  87  1  44  2  9  3  70  4  23  5  17  6  33  7  98  8  90  9  91  10  94  11  6  12  72  13  26  14  76
  0  41  1  23  2  98  3  68  4  88  5  42  6  16  7  5  8  72  9  84  10  92  11  69  12  71  13  7  14  52
  0  39  1  19  2  5  3  41  4  53  5  58  6  87  7  47  8  46  9  89  10  82  11  65  12  84  13  49  14  75
  0  60  1  79  2  76  3  34  4  92  5  82  6  70  7  57  8  44  9  76  10  53  11  54  12  34  13  20  14  76
  0  52  1  13  2  14  3  45  4  74  5  96  6  83  7  41  8  49  9  44  10  17  11  79  12  32  13  26  14  83
  0  23  1  56  2  12  3  29  4  28  5  46  6  81  7  29  8  21  9  53  10  51  11  33  12  15  13  99  14  42
  0  50  1  4  2  49  3  57  4  32  5  19  6  24  7  39  8  82  9  21  10  49  11  9  12  83  13  53  14  93
  0  28  1  9  2  2  3  26  4  27  5  92  6  22  7  26  8  85  9  47  10  27  11  96  12  66  13  58  14  61
  0  87  1  39  2  7  3  86  4  10  5  36  6  82  7  65  8  9  9  32  10  98  11  20  12  33  13  49  14  26
  0  88  1  96  2  12  3  92  4  31  5  48  6  11  7  27  8  28  9  64  10  56  11  41  12  93  13  59  14  27
  0  75  1  93  2  62  3  30  4  56  5  31  6  99  7  55  8  41  9  52  10  11  11  69  12  41  13  77  14  45
  0  80  1  60  2  59  3  49  4  97  5  79  6  26  7  37  8  23  9  77  10  65  11  83  12  81  13  78  14  49
  0  12  1  76  2  44  3  10  4  42  5  4  6  74  7  13  8  33  9  81  10  71  11  94  12  37  13  77  14  85
  0  57  1  33  2  28  3  43  4  34  5  34  6  91  7  30  8  71  9  59  10  84  11  80  12  93  13  29  14  79
  0  91  1  40  2  27  3  69  4  67  5  2  6  25  7  30  8  53  9  78  10  77  11  39  12  30  13  51  14  22
  0  19  1  70  2  42  3  47  4  22  5  70  6  79  7  12  8  79  9  17  10  25  11  33  12  73  13  58  14  20
  0  73  1  3  2  77  3  34  4  79  5  64  6  84  7  54  8  83  9  63  10  98  11  42  12  52  13  8  14  59
  0  27  1  28  2  84  3  98  4  33  5  35  6  2  7  75  8  52  9  18  10  32  11  29  12  13  13  29  14  22
  0  25  1  97  2  16  3  34  4  93  5  19  6  45  7  32  8  75  9  52  10  68  11  39  12  31  13  93  14  26
  0  27  1  92  2  72  3  42  4  2  5  38  6  53  7  51  8  15  9  33  10  10  11  65  12  3  13  67  14  31
  0  65  1  26  2  82  3  25  4  82  5  92  6  66  7  2  8  3  9  46  10  56  11  72  12  5  13  77  14  82
  0  86  1  22  2  92  3  50  4  81  5  77  6  29  7  19  8  46  9  48  10  17  11  54  12  2  13  45  14  26
  0  48  1  47  2  18  3  35  4  21  5  43  6  26  7  27  8  83  9  12  10  31  11  91  12  84  13  88  14  96
  0  80  1  4  2  50  3  14  4  61  5  43  6  96  7  76  8  57  9  37  10  76  11  81  12  70  13  92  14  74
  0  22  1  20  2  2  3  98  4  9  5  56  6  22  7  41  8  26  9  21  10  95  11  96  12  11  13  60  14  57
  0  68  1  23  2  33  3  54  4  81  5  26  6  44  7  71  8  2  9  7  10  12  11  52  12  26  13  7  14  45
  0  37  1  67  2  40  3  87  4  71  5  91  6  14  7  58  8  53  9  52  10  86  11  90  12  21  13  27  14  24
  0  52  1  10  2  75  3  40  4  3  5  11  6  47  7  35  8  12  9  24  10  30  11  60  12  49  13  86  14  99
  0  82  1  21  2  19  3  19  4  17  5  13  6  17  7  7  8  61  9  64  10  74  11  57  12  42  13  83  14  39
  0  91  1  55  2  73  3  16  4  68  5  80  6  39  7  64  8  87  9  68  10  92  11  77  12  57  13  59  14  59
  0  28  1  22  2  68  3  82  4  6  5  59  6  50  7  61  8  8  9  89  10  30  11  56  12  31  13  78  14  49
  0  81  1  94  2  99  3  90  4  40  5  89  6  4  7  53  8  77  9  18  10  10  11  8  12  71  13  1  14  6
  0  50  1  64  2  28  3  38  4  27  5  26  6  7  7  16  8  12  9  83  10  32  11  60  12  49  13  74  14  62
  0  85  1  94  2  98  3  96  4  80  5  16  6  75  7  81  8  29  9  43  10  33  11  91  12  91  13  82  14  92
  0  48  1  42  2  6  3  21  4  2  5  13  6  19  7  51  8  67  9  11  10  50  11  12  12  89  13  8  14  3
  0  16  1  90  2  94  3  89  4  82  5  16  6  85  7  20  8  9  9  85  10  89  11  15  12  4  13  15  14  84
  0  75  1  58  2  65  3  78  4  28  5  18  6  29  7  32  8  11  9  68  10  74  11  62  12  91  13  61  14  94
  0  90  1  23  2  35  3  33  4  64  5  73  6  13  7  90  8  84  9  93  10  80  11  31  12  26  13  5  14  73
  0  36  1  6  2  22  3  27  4  85  5  74  6  43  7  75  8  53  9  99  10  67  11  96  12  53  13  83  14  38
  0  31  1  75  2  39  3  95  4  47  5  91  6  2  7  11  8  2  9  20  10  69  11  28  12  36  13  87  14  73
  0  30  1  5  2  16  3  46  4  8  5  15  6  34  7  32  8  3  9  48  10  83  11  44  12  57  13  59  14  67
  0  81  1  67  2  2  3  75  4  52  5  56  6  22  7  59  8  57  9  91  10  95  11  70  12  50  13  18  14  30
  0  63  1  63  2  81  3  46  4  28  5  65  6  69  7  98  8  21  9  99  10  88  11  22  12  89  13  10  14  48
  0  89  1  21  2  61  3  36  4  37  5  49  6  99  7  94  8  88  9  19  10  26  11  37  12  71  13  70  14  58
  0  56  1  24  2  7  3  22  4  28  5  27  6  60  7  93  8  97  9  11  10  47  11  70  12  7  13  18  14  9
  0  64  1  12  2  30  3  55  4  20  5  75  6  83  7  69  8  24  9  50  10  34  11  39  12  50  13  89  14  40
  0  12  1  46  2  41  3  87  4  5  5  70  6  15  7  61  8  17  9  31  10  31  11  41  12  6  13  85  14  89
  0  87  1  40  2  93  3  21  4  28  5  51  6  52  7  93  8  70  9  20  10  34  11  14  12  2  13  81  14  17
  0  21  1  47  2  52  3  85  4  70  5  99  6  83  7  26  8  64  9  45  10  14  11  50  12  63  13  38  14  73
  0  27  1  97  2  17  3  48  4  7  5  47  6  41  7  31  8  49  9  76  10  11  11  98  12  12  13  29  14  95
  0  94  1  57  2  30  3  68  4  13  5  69  6  42  7  45  8  7  9  99  10  73  11  56  12  81  13  90  14  37
  0  9  1  19  2  27  3  16  4  23  5  60  6  30  7  68  8  33  9  53  10  93  11  83  12  98  13  20  14  9
  0  89  1  74  2  17  3  50  4  39  5  14  6  77  7  10  8  59  9  17  10  79  11  1  12  17  13  55  14  65
  0  64  1  49  2  16  3  2  4  58  5  58  6  57  7  68  8  12  9  60  10  75  11  16  12  67  13  55  14  12
  0  10  1  46  2  42  3  56  4  74  5  16  6  2  7  24  8  96  9  40  10  23  11  17  12  45  13  31  14  47
  0  88  1  24  2  53  3  45  4  82  5  66  6  42  7  62  8  4  9  30  10  20  11  1  12  50  13  56  14  44
  0  5  1  13  2  9  3  16  4  83  5  18  6  83  7  25  8  93  9  76  10  83  11  14  12  39  13  53  14  84
  0  87  1  92  2  82  3  31  4  11  5  24  6  87  7  49  8  44  9  95  10  79  11  64  12  43  13  71  14  43
  0  52  1  95  2  24  3  42  4  72  5  80  6  64  7  91  8  49  9  89  10  19  11  77  12  14  13  4  14  13
  0  43  1  19  2  66  3  55  4  46  5  71  6  57  7  35  8  68  9  74  10  76  11  50  12  32  13  55  14  89
  0  52  1  51  2  19  3  87  4  79  5  29  6  69  7  73  8  84  9  68  10  66  11  68  12  9  13  68  14  31
  0  6  1  51  2  11  3  10  4  53  5  19  6  73  7  48  8  86  9  80  10  21  11  57  12  93  13  44  14  45
  0  52  1  89  2  28  3  76  4  12  5  81  6  18  7  80  8  82  9  96  10  96  11  99  12  18  13  64  14  21
  0  23  1  39  2  32  3  63  4  88  5  55  6  34  7  39  8  39  9  76  10  62  11  13  12  96  13  98  14  97
  0  23  1  33  2  66  3  91  4  83  5  32  6  23  7  34  8  57  9  89  10  10  11  24  12  5  13  89  14  75
  0  29  1  38  2  47  3  7  4  18  5  60  6  17  7  94  8  87  9  51  10  1  11  83  12  18  13  38  14  9
  0  91  1  36  2  59  3  44  4  75  5  66  6  3  7  36  8  87  9  97  10  97  11  31  12  62  13  98  14  64
  0  5  1  2  2  55  3  71  4  80  5  69  6  19  7  53  8  43  9  5  10  88  11  65  12  1  13  15  14  56
  0  11  1  24  2  17  3  99  4  51  5  58  6  19  7  3  8  76  9  16  10  75  11  19  12  11  13  62  14  64
  0  34  1  81  2  67  3  47  4  82  5  57  6  94  7  23  8  10  9  56  10  24  11  2  12  6  13  69  14  63
  0  27  1  51  2  40  3  69  4  44  5  28  6  25  7  89  8  2  9  12  10  91  11  5  12  98  13  41  14  49
  0  23  1  56  2  16  3  15  4  58  5  50  6  97  7  60  8  94  9  30  10  85  11  85  12  23  13  42  14  7
  0  27  1  94  2  90  3  48  4  84  5  30  6  33  7  4  8  32  9  83  10  91  11  25  12  41  13  47  14  8
  0  2  1  39  2  37  3  91  4  97  5  76  6  15  7  40  8  30  9  68  10  18  11  16  12  63  13  56  14  12
  0  20  1  51  2  77  3  83  4  91  5  61  6  56  7  47  8  32  9  53  10  49  11  20  12  24  13  91  14  17
  0  91  1  90  2  33  3  83  4  10  5  37  6  5  7  26  8  33  9  34  10  56  11  99  12  36  13  70  14  78
  0  88  1  68  2  68  3  93  4  40  5  4  6  30  7  76  8  16  9  21  10  76  11  51  12  83  13  10  14  92
  0  84  1  13  2  97  3  77  4  65  5  64  6  31  7  74  8  31  9  77  10  67  11  40  12  96  13  96  14  50
  0  47  1  87  2  1  3  80  4  61  5  87  6  6  7  10  8  19  9  47  10  78  11  10  12  94  13  16  14  64
  0  98  1  60  2  94  3  25  4  31  5  33  6  22  7  37  8  72  9  99  10  44  11  95  12  30  13  52  14  18
  0  30  1  98  2  64  3  67  4  15  5  43  6  10  7  77  8  47  9  39  10  85  11  1  12  10  13  28  14  1
  0  13  1  51  2  63  3  50  4  34  5  50  6  64  7  65  8  22  9  36  10  87  11  21  12  77  13  96  14  88
  0  56  1  32  2  94  3  48  4  4  5  15  6  54  7  59  8  65  9  7  10  9  11  14  12  71  13  32  14  26
  0  50  1  99  2  49  3  28  4  15  5  53  6  35  7  87  8  80  9  19  10  80  11  70  12  13  13  64  14  39
  0  49  1  72  2  26  3  95  4  15  5  3  6  11  7  47  8  42  9  38  10  18  11  11  12  15  13  37  14  34
  0  8  1  97  2  7  3  84  4  81  5  7  6  95  7  21  8  50  9  37  10  68  11  79  12  6  13  26  14  70
  0  66  1  4  2  72  3  64  4  25  5  12  6  39  7  94  8  96  9  4  10  7  11  99  12  94  13  24  14  65
  0  95  1  42  2  64  3  43  4  86  5  38  6  9  7  23  8  82  9  70  10  52  11  1  12  25  13  69  14  4
  0  68  1  62  2  78  3  20  4  37  5  10  6  5  7  28  8  43  9  92  10  34  11  40  12  74  13  69  14  65
  0  73  1  36  2  58  3  78  4  9  5  36  6  37  7  32  8  76  9  43  10  82  11  83  12  34  13  82  14  56
  0  51  1  74  2  34  3  74  4  67  5  3  6  66  7  8  8  6  9  36  10  30  11  96  12  62  13  37  14  75
  0  80  1  37  2  81  3  80  4  76  5  42  6  19  7  97  8  63  9  27  10  76  11  57  12  38  13  6  14  10
  0  87  1  73  2  27  3  15  4  42  5  73  6  13  7  41  8  34  9  17  10  59  11  76  12  28  13  39  14  83
  0  90  1  39  2  75  3  56  4  66  5  28  6  86  7  46  8  41  9  6  10  26  11  71  12  43  13  82  14  25
  0  45  1  13  2  23  3  98  4  38  5  15  6  83  7  14  8  9  9  91  10  66  11  54  12  83  13  31  14  94
  0  86  1  63  2  23  3  99  4  3  5  7  6  43  7  84  8  5  9  14  10  92  11  84  12  47  13  6  14  58
  0  63  1  48  2  76  3  98  4  94  5  59  6  62  7  61  8  28  9  27  10  63  11  83  12  40  13  93  14  87
  0  29  1  10  2  36  3  33  4  70  5  89  6  22  7  14  8  21  9  32  10  33  11  88  12  64  13  13  14  4
  0  57  1  49  2  69  3  48  4  36  5  39  6  15  7  92  8  21  9  36  10  22  11  31  12  98  13  14  14  83
  0  67  1  68  2  45  3  84  4  21  5  85  6  94  7  45  8  95  9  41  10  3  11  30  12  54  13  22  14  12
  0  21  1  32  2  42  3  86  4  98  5  98  6  25  7  32  8  93  9  42  10  70  11  15  12  87  13  26  14  50
  0  51  1  78  2  65  3  12  4  99  5  52  6  4  7  81  8  74  9  4  10  98  11  89  12  88  13  15  14  33
  0  82  1  64  2  89  3  26  4  67  5  88  6  74  7  5  8  10  9  89  10  44  11  59  12  8  13  72  14  23
  0  93  1  69  2  36  3  57  4  34  5  94  6  56  7  76  8  83  9  41  10  10  11  3  12  12  13  3  14  73
  0  98  1  21  2  54  3  23  4  51  5  36  6  27  7  18  8  46  9  5  10  20  11  49  12  80  13  5  14  69
  0  73  1  5  2  99  3  20  4  75  5  2  6  79  7  81  8  25  9  44  10  87  11  52  12  23  13  83  14  23
  0  60  1  48  2  70  3  48  4  32  5  54  6  90  7  73  8  6  9  81  10  91  11  70  12  49  13  65  14  20
  0  46  1  30  2  82  3  84  4  92  5  81  6  50  7  48  8  64  9  24  10  62  11  70  12  80  13  66  14  52
  0  88  1  28  2  81  3  97  4  94  5  30  6  27  7  1  8  44  9  4  10  76  11  33  12  14  13  5  14  54
  0  15  1  78  2  57  3  5  4  58  5  91  6  3  7  44  8  10  9  83  10  12  11  66  12  68  13  98  14  56
  0  96  1  61  2  59  3  32  4  25  5  3  6  14  7  63  8  63  9  69  10  98  11  52  12  2  13  70  14  42
  0  45  1  57  2  94  3  75  4  23  5  45  6  53  7  31  8  44  9  17  10  74  11  45  12  97  13  40  14  89
  0  94  1  44  2  23  3  30  4  41  5  47  6  88  7  40  8  46  9  28  10  79  11  43  12  92  13  2  14  33
  0  39  1  34  2  61  3  45  4  19  5  33  6  33  7  44  8  17  9  84  10  14  11  18  12  35  13  23  14  61
  0  66  1  17  2  55  3  5  4  87  5  61  6  81  7  92  8  10  9  81  10  87  11  87  12  29  13  71  14  18
  0  92  1  10  2  26  3  71  4  56  5  66  6  27  7  71  8  86  9  34  10  93  11  10  12  90  13  84  14  51
  0  59  1  94  2  54  3  88  4  1  5  33  6  96  7  76  8  28  9  96  10  63  11  93  12  10  13  87  14  76
  0  74  1  17  2  23  3  61  4  67  5  64  6  64  7  35  8  75  9  16  10  90  11  84  12  22  13  43  14  37
  0  63  1  55  2  46  3  52  4  3  5  84  6  78  7  54  8  23  9  18  10  30  11  94  12  65  13  38  14  60
  0  58  1  5  2  45  3  81  4  50  5  7  6  41  7  48  8  53  9  31  10  41  11  91  12  58  13  5  14  37
  0  94  1  98  2  18  3  48  4  28  5  43  6  1  7  34  8  63  9  28  10  1  11  48  12  39  13  29  14  69
  0  72  1  63  2  9  3  9  4  44  5  58  6  87  7  53  8  74  9  87  10  26  11  93  12  23  13  25  14  14
  0  43  1  69  2  54  3  3  4  25  5  2  6  3  7  36  8  24  9  9  10  56  11  48  12  29  13  51  14  8
  0  52  1  68  2  50  3  22  4  34  5  95  6  4  7  44  8  7  9  97  10  36  11  70  12  15  13  31  14  39
  0  45  1  85  2  88  3  45  4  84  5  60  6  75  7  58  8  16  9  55  10  39  11  26  12  85  13  38  14  71
  0  30  1  89  2  23  3  94  4  18  5  13  6  12  7  88  8  25  9  87  10  37  11  26  12  41  13  12  14  85
  0  13  1  27  2  81  3  12  4  66  5  82  6  27  7  64  8  74  9  29  10  66  11  84  12  2  13  51  14  4
  0  56  1  53  2  8  3  41  4  8  5  19  6  21  7  90  8  3  9  26  10  81  11  87  12  67  13  12  14  53
  0  55  1  40  2  72  3  46  4  66  5  39  6  42  7  1  8  1  9  91  10  41  11  97  12  8  13  66  14  55
  0  91  1  92  2  93  3  68  4  29  5  20  6  80  7  51  8  96  9  86  10  47  11  58  12  16  13  97  14  41
  0  20  1  76  2  69  3  8  4  10  5  76  6  32  7  19  8  22  9  9  10  99  11  1  12  8  13  17  14  39
  0  98  1  33  2  1  3  59  4  73  5  71  6  58  7  84  8  24  9  42  10  79  11  9  12  72  13  50  14  41
  0  19  1  62  2  3  3  62  4  50  5  55  6  85  7  16  8  14  9  14  10  49  11  14  12  93  13  35  14  23
  0  10  1  17  2  40  3  58  4  78  5  37  6  53  7  81  8  79  9  96  10  29  11  78  12  98  13  40  14  85
  0  81  1  41  2  7  3  92  4  2  5  9  6  18  7  79  8  28  9  84  10  48  11  93  12  6  13  19  14  31
  0  17  1  46  2  70  3  45  4  4  5  42  6  70  7  86  8  21  9  81  10  96  11  17  12  92  13  88  14  78
  0  43  1  79  2  45  3  68  4  67  5  49  6  48  7  58  8  24  9  12  10  26  11  24  12  73  13  34  14  14
  0  20  1  36  2  56  3  54  4  61  5  80  6  63  7  84  8  64  9  94  10  98  11  19  12  37  13  9  14  21
  0  39  1  40  2  53  3  27  4  48  5  48  6  58  7  9  8  62  9  96  10  41  11  15  12  35  13  92  14  27
  0  20  1  36  2  11  3  9  4  41  5  36  6  19  7  33  8  48  9  76  10  96  11  74  12  42  13  7  14  46
  0  39  1  28  2  35  3  97  4  85  5  84  6  12  7  74  8  89  9  7  10  53  11  58  12  72  13  85  14  73
  0  72  1  52  2  44  3  70  4  78  5  26  6  47  7  94  8  46  9  61  10  47  11  93  12  48  13  67  14  38
  0  20  1  87  2  73  3  35  4  21  5  62  6  29  7  92  8  72  9  12  10  22  11  34  12  18  13  21  14  45
  0  52  1  25  2  64  3  90  4  6  5  57  6  7  7  42  8  29  9  47  10  18  11  78  12  6  13  7  14  44
  0  38  1  7  2  98  3  49  4  79  5  70  6  81  7  39  8  53  9  73  10  78  11  95  12  68  13  41  14  45
  0  9  1  16  2  77  3  34  4  88  5  86  6  15  7  74  8  74  9  86  10  25  11  26  12  79  13  47  14  29
  0  70  1  55  2  81  3  3  4  45  5  38  6  29  7  72  8  38  9  31  10  98  11  32  12  94  13  30  14  91
  0  36  1  11  2  88  3  64  4  55  5  14  6  87  7  85  8  86  9  39  10  54  11  67  12  58  13  76  14  47
  0  82  1  77  2  32  3  98  4  16  5  11  6  29  7  79  8  92  9  85  10  53  11  32  12  87  13  55  14  97
  0  92  1  8  2  83  3  79  4  76  5  98  6  14  7  38  8  24  9  35  10  45  11  9  12  16  13  67  14  32
  0  58  1  7  2  50  3  71  4  25  5  36  6  87  7  50  8  81  9  21  10  43  11  62  12  28  13  36  14  16
  0  16  1  78  2  28  3  84  4  9  5  7  6  31  7  55  8  14  9  45  10  78  11  83  12  21  13  76  14  25
  0  46  1  33  2  44  3  13  4  68  5  87  6  74  7  74  8  70  9  73  10  98  11  31  12  55  13  62  14  2
  0  30  1  57  2  67  3  45  4  52  5  40  6  90  7  35  8  57  9  92  10  46  11  40  12  55  13  82  14  54
  0  79  1  39  2  40  3  33  4  24  5  92  6  7  7  60  8  92  9  66  10  63  11  63  12  40  13  95  14  6
  0  55  1  54  2  95  3  61  4  45  5  16  6  53  7  45  8  69  9  96  10  5  11  1  12  39  13  88  14  76
  0  81  1  91  2  88  3  16  4  62  5  83  6  97  7  43  8  86  9  84  10  81  11  9  12  92  13  39  14  31
  0  24  1  71  2  18  3  3  4  11  5  53  6  68  7  25  8  86  9  21  10  41  11  14  12  68  13  92  14  50
  0  21  1  84  2  36  3  88  4  19  5  4  6  4  7  21  8  81  9  32  10  80  11  9  12  33  13  45  14  10
  0  49  1  58  2  44  3  32  4  32  5  5  6  48  7  38  8  40  9  20  10  79  11  42  12  61  13  97  14  90
  0  9  1  71  2  34  3  45  4  2  5  9  6  20  7  49  8  29  9  64  10  6  11  94  12  13  13  44  14  26
  0  64  1  95  2  78  3  74  4  5  5  68  6  89  7  56  8  77  9  93  10  45  11  63  12  30  13  32  14  42
  0  46  1  55  2  17  3  27  4  86  5  39  6  33  7  21  8  84  9  93  10  82  11  13  12  15  13  40  14  59
  0  54  1  31  2  99  3  54  4  40  5  96  6  75  7  62  8  91  9  93  10  61  11  76  12  50  13  31  14  6
  0  68  1  54  2  49  3  95  4  12  5  74  6  2  7  73  8  88  9  5  10  40  11  72  12  81  13  53  14  67
  0  46  1  46  2  64  3  6  4  29  5  18  6  85  7  5  8  44  9  98  10  45  11  88  12  59  13  19  14  7
  0  13  1  44  2  79  3  25  4  85  5  87  6  13  7  3  8  66  9  70  10  30  11  47  12  57  13  19  14  23
  0  50  1  33  2  61  3  53  4  57  5  97  6  78  7  46  8  93  9  43  10  22  11  63  12  64  13  57  14  26
  0  31  1  47  2  13  3  55  4  44  5  40  6  20  7  52  8  68  9  35  10  33  11  76  12  17  13  40  14  43
  0  58  1  79  2  55  3  1  4  4  5  11  6  71  7  43  8  16  9  24  10  80  11  20  12  37  13  42  14  73
  0  50  1  10  2  97  3  89  4  50  5  17  6  93  7  43  8  11  9  57  10  50  11  28  12  17  13  55  14  13
  0  87  1  44  2  14  3  1  4  99  5  69  6  61  7  2  8  6  9  67  10  57  11  63  12  91  13  8  14  42
  0  24  1  2  2  60  3  57  4  81  5  31  6  57  7  77  8  12  9  37  10  1  11  16  12  59  13  68  14  96
  0  92  1  81  2  98  3  48  4  3  5  10  6  98  7  53  8  95  9  58  10  14  11  84  12  63  13  3  14  8
  0  44  1  5  2  99  3  89  4  17  5  7  6  22  7  54  8  78  9  57  10  32  11  79  12  25  13  84  14  24
  0  78  1  17  2  95  3  90  4  89  5  78  6  38  7  12  8  52  9  81  10  35  11  66  12  11  13  99  14  37
  0  8  1  41  2  29  3  19  4  60  5  82  6  89  7  95  8  33  9  23  10  76  11  46  12  40  13  88  14  7
  0  68  1  94  2  13  3  84  4  87  5  6  6  87  7  99  8  29  9  83  10  39  11  95  12  78  13  63  14  67
  0  5  1  32  2  69  3  38  4  27  5  92  6  1  7  34  8  88  9  54  10  7  11  85  12  25  13  4  14  74
  0  39  1  57  2  14  3  53  4  57  5  72  6  18  7  96  8  25  9  16  10  77  11  81  12  25  13  53  14  97
  0  35  1  11  2  80  3  43  4  5  5  75  6  66  7  60  8  14  9  8  10  60  11  9  12  14  13  71  14  12
  0  59  1  23  2  64  3  79  4  16  5  6  6  32  7  16  8  50  9  35  10  42  11  67  12  83  13  36  14  55
  0  24  1  32  2  24  3  29  4  98  5  12  6  60  7  65  8  41  9  71  10  97  11  72  12  91  13  79  14  96
  0  93  1  41  2  16  3  27  4  53  5  62  6  14  7  85  8  88  9  15  10  74  11  91  12  89  13  38  14  40
  0  56  1  59  2  92  3  92  4  20  5  66  6  20  7  25  8  7  9  51  10  9  11  99  12  49  13  6  14  9
  0  85  1  78  2  49  3  28  4  42  5  79  6  55  7  86  8  90  9  51  10  13  11  33  12  95  13  41  14  22
  0  46  1  38  2  28  3  50  4  59  5  60  6  66  7  26  8  91  9  15  10  41  11  10  12  87  13  36  14  68
  0  93  1  76  2  38  3  58  4  15  5  5  6  79  7  23  8  76  9  19  10  77  11  88  12  24  13  98  14  41
  0  58  1  4  2  53  3  61  4  11  5  23  6  35  7  86  8  58  9  66  10  52  11  58  12  88  13  51  14  65
  0  94  1  57  2  29  3  99  4  43  5  9  6  54  7  15  8  41  9  52  10  81  11  18  12  49  13  13  14  71
  0  4  1  61  2  22  3  9  4  55  5  90  6  45  7  55  8  47  9  93  10  41  11  6  12  29  13  78  14  1
  0  17  1  90  2  8  3  17  4  14  5  20  6  6  7  82  8  10  9  17  10  8  11  16  12  90  13  30  14  26
  0  60  1  40  2  5  3  22  4  8  5  16  6  91  7  2  8  43  9  7  10  36  11  73  12  13  13  21  14  38
  0  43  1  54  2  82  3  75  4  29  5  52  6  56  7  20  8  23  9  7  10  10  11  85  12  31  13  11  14  84
  0  89  1  72  2  97  3  45  4  21  5  13  6  97  7  13  8  39  9  64  10  98  11  23  12  58  13  87  14  22
  0  44  1  84  2  65  3  53  4  55  5  96  6  32  7  70  8  72  9  21  10  87  11  86  12  63  13  7  14  35
  0  87  1  1  2  24  3  2  4  19  5  37  6  37  7  42  8  73  9  95  10  12  11  44  12  77  13  28  14  82
  0  70  1  70  2  67  3  62  4  5  5  28  6  76  7  97  8  11  9  77  10  88  11  82  12  89  13  4  14  63
  0  81  1  12  2  48  3  35  4  45  5  67  6  40  7  96  8  3  9  39  10  17  11  68  12  66  13  4  14  24
  0  33  1  90  2  22  3  10  4  40  5  55  6  64  7  36  8  21  9  83  10  79  11  81  12  35  13  6  14  12
  0  14  1  85  2  25  3  24  4  46  5  39  6  55  7  73  8  10  9  41  10  28  11  53  12  14  13  40  14  95
  0  99  1  60  2  28  3  80  4  19  5  44  6  69  7  35  8  94  9  62  10  92  11  22  12  72  13  95  14  54
  0  27  1  34  2  53  3  88  4  67  5  6  6  83  7  24  8  48  9  66  10  97  11  17  12  90  13  55  14  50
  0  33  1  32  2  83  3  82  4  89  5  63  6  2  7  29  8  19  9  63  10  88  11  16  12  32  13  47  14  45
  0  30  1  91  2  25  3  32  4  31  5  13  6  50  7  60  8  20  9  59  10  4  11  37  12  4  13  4  14  31
  0  34  1  14  2  71  3  49  4  3  5  65  6  73  7  63  8  86  9  70  10  12  11  91  12  86  13  33  14  12
  0  57  1  73  2  98  3  6  4  16  5  73  6  35  7  83  8  32  9  61  10  61  11  70  12  91  13  24  14  52
  0  17  1  54  2  99  3  94  4  91  5  56  6  99  7  60  8  22  9  22  10  57  11  29  12  28  13  57  14  73
  0  78  1  35  2  13  3  51  4  17  5  58  6  55  7  26  8  29  9  6  10  83  11  54  12  66  13  43  14  71
  0  10  1  95  2  2  3  28  4  83  5  82  6  35  7  4  8  12  9  92  10  56  11  91  12  67  13  13  14  8
  0  91  1  80  2  42  3  41  4  41  5  94  6  2  7  21  8  37  9  48  10  54  11  69  12  90  13  53  14  48
  0  18  1  91  2  23  3  12  4  37  5  85  6  37  7  71  8  52  9  81  10  73  11  67  12  83  13  39  14  42
  0  85  1  44  2  10  3  83  4  41  5  98  6  31  7  41  8  71  9  73  10  96  11  96  12  27  13  48  14  53
  0  44  1  67  2  96  3  88  4  37  5  6  6  34  7  24  8  31  9  55  10  2  11  18  12  13  13  64  14  92
  0  47  1  76  2  58  3  93  4  20  5  4  6  17  7  13  8  35  9  46  10  45  11  3  12  5  13  24  14  40
  0  96  1  83  2  80  3  39  4  35  5  88  6  70  7  9  8  39  9  3  10  57  11  29  12  50  13  79  14  54
  0  40  1  55  2  11  3  37  4  97  5  66  6  18  7  7  8  40  9  19  10  73  11  86  12  46  13  3  14  74
  0  74  1  64  2  52  3  10  4  89  5  28  6  50  7  8  8  87  9  79  10  29  11  48  12  28  13  89  14  69
  0  72  1  16  2  28  3  25  4  39  5  58  6  19  7  32  8  87  9  6  10  7  11  85  12  26  13  60  14  95
  0  77  1  56  2  90  3  47  4  36  5  74  6  65  7  52  8  14  9  50  10  96  11  2  12  14  13  48  14  74
  0  37  1  43  2  43  3  13  4  39  5  40  6  56  7  47  8  90  9  18  10  3  11  55  12  40  13  15  14  41
  0  84  1  19  2  37  3  39  4  11  5  11  6  52  7  32  8  76  9  79  10  59  11  9  12  54  13  87  14  36
  0  57  1  50  2  71  3  59  4  75  5  54  6  58  7  19  8  1  9  80  10  32  11  10  12  28  13  60  14  89
  0  41  1  26  2  95  3  42  4  99  5  54  6  66  7  55  8  86  9  53  10  58  11  31  12  73  13  66  14  59
  0  73  1  73  2  90  3  27  4  93  5  15  6  92  7  46  8  50  9  66  10  23  11  3  12  15  13  50  14  15
  0  67  1  31  2  31  3  56  4  53  5  93  6  91  7  67  8  85  9  57  10  9  11  22  12  18  13  78  14  5
  0  94  1  57  2  24  3  33  4  31  5  99  6  9  7  16  8  58  9  88  10  53  11  67  12  90  13  34  14  61
  0  39  1  4  2  69  3  67  4  85  5  70  6  34  7  2  8  46  9  87  10  90  11  69  12  71  13  36  14  32
  0  45  1  57  2  54  3  39  4  30  5  56  6  23  7  80  8  21  9  75  10  72  11  77  12  84  13  90  14  81
  0  59  1  45  2  36  3  25  4  6  5  26  6  38  7  70  8  39  9  97  10  5  11  60  12  1  13  20  14  9
  0  7  1  48  2  6  3  93  4  95  5  40  6  10  7  19  8  75  9  5  10  37  11  13  12  76  13  3  14  36
  0  86  1  91  2  37  3  92  4  57  5  97  6  58  7  65  8  53  9  22  10  85  11  14  12  19  13  69  14  30
  0  18  1  38  2  61  3  84  4  87  5  33  6  55  7  42  8  6  9  27  10  62  11  24  12  64  13  57  14  51
  0  52  1  77  2  90  3  28  4  94  5  80  6  76  7  30  8  57  9  64  10  30  11  56  12  13  13  83  14  44
  0  41  1  85  2  43  3  60  4  38  5  30  6  67  7  55  8  63  9  72  10  89  11  21  12  20  13  15  14  14
  0  45  1  14  2  7  3  54  4  18  5  13  6  32  7  39  8  25  9  20  10  76  11  35  12  99  13  66  14  81
  0  43  1  46  2  38  3  74  4  55  5  59  6  93  7  41  8  76  9  94  10  35  11  2  12  57  13  73  14  51
  0  71  1  96  2  21  3  24  4  44  5  89  6  70  7  83  8  16  9  47  10  94  11  54  12  36  13  10  14  27
  0  13  1  70  2  30  3  97  4  63  5  93  6  91  7  1  8  93  9  48  10  94  11  46  12  78  13  47  14  34
  0  90  1  21  2  9  3  25  4  35  5  77  6  36  7  82  8  29  9  88  10  85  11  37  12  31  13  8  14  99
  0  53  1  9  2  17  3  81  4  82  5  80  6  57  7  40  8  63  9  33  10  23  11  50  12  56  13  59  14  85
  0  72  1  68  2  10  3  58  4  63  5  15  6  48  7  10  8  50  9  8  10  59  11  92  12  52  13  93  14  40
  0  44  1  78  2  52  3  73  4  64  5  33  6  40  7  82  8  1  9  4  10  59  11  89  12  76  13  15  14  44
  0  46  1  43  2  84  3  38  4  3  5  57  6  88  7  79  8  28  9  97  10  49  11  19  12  11  13  75  14  92
  0  51  1  85  2  19  3  28  4  22  5  86  6  8  7  66  8  46  9  99  10  14  11  69  12  44  13  83  14  64
  0  84  1  95  2  71  3  23  4  37  5  46  6  73  7  76  8  62  9  39  10  50  11  54  12  92  13  42  14  13
  0  29  1  58  2  95  3  88  4  72  5  49  6  4  7  40  8  60  9  44  10  42  11  37  12  55  13  18  14  61
  0  13  1  12  2  66  3  96  4  62  5  87  6  28  7  23  8  59  9  36  10  79  11  12  12  96  13  32  14  32
  0  85  1  79  2  59  3  68  4  66  5  27  6  39  7  87  8  66  9  65  10  2  11  47  12  74  13  7  14  22
  0  26  1  29  2  57  3  58  4  43  5  87  6  98  7  88  8  2  9  24  10  29  11  23  12  58  13  18  14  59
  0  25  1  18  2  29  3  8  4  86  5  14  6  53  7  39  8  37  9  34  10  5  11  22  12  74  13  76  14  88
  0  28  1  51  2  65  3  42  4  80  5  54  6  64  7  58  8  24  9  65  10  47  11  32  12  85  13  86  14  35
  0  80  1  36  2  63  3  92  4  32  5  77  6  46  7  56  8  96  9  17  10  78  11  27  12  39  13  4  14  86
  0  55  1  33  2  28  3  19  4  3  5  71  6  27  7  67  8  50  9  51  10  35  11  48  12  98  13  58  14  64
  0  41  1  66  2  22  3  34  4  18  5  97  6  29  7  50  8  86  9  25  10  90  11  15  12  60  13  47  14  18
  0  37  1  7  2  25  3  57  4  43  5  40  6  99  7  66  8  28  9  79  10  93  11  60  12  87  13  55  14  36
  0  37  1  34  2  65  3  30  4  69  5  68  6  97  7  67  8  32  9  71  10  71  11  23  12  79  13  42  14  71
  0  23  1  16  2  82  3  71  4  48  5  13  6  17  7  69  8  15  9  52  10  92  11  83  12  54  13  31  14  96
  0  93  1  83  2  33  3  94  4  99  5  25  6  49  7  60  8  51  9  31  10  28  11  68  12  76  13  21  14  58
  0  67  1  89  2  26  3  34  4  32  5  80  6  9  7  51  8  1  9  97  10  98  11  29  12  16  13  89  14  66
  0  59  1  34  2  60  3  12  4  33  5  79  6  51  7  68  8  89  9  40  10  66  11  14  12  82  13  53  14  92
  0  62  1  76  2  15  3  79  4  75  5  99  6  10  7  95  8  11  9  28  10  51  11  59  12  3  13  74  14  74
  0  21  1  30  2  93  3  30  4  41  5  38  6  54  7  56  8  89  9  99  10  21  11  45  12  70  13  38  14  37
  0  18  1  25  2  57  3  31  4  70  5  97  6  33  7  66  8  75  9  44  10  76  11  99  12  38  13  25  14  67
  0  44  1  30  2  13  3  18  4  35  5  69  6  10  7  21  8  40  9  24  10  50  11  76  12  73  13  22  14  28
  0  19  1  8  2  39  3  93  4  90  5  74  6  72  7  87  8  9  9  15  10  19  11  19  12  49  13  22  14  34
  0  5  1  32  2  68  3  23  4  18  5  74  6  34  7  1  8  32  9  68  10  57  11  14  12  30  13  78  14  82
  0  24  1  44  2  68  3  90  4  75  5  30  6  14  7  9  8  22  9  81  10  56  11  53  12  63  13  73  14  95
  0  54  1  22  2  47  3  32  4  55  5  79  6  2  7  11  8  94  9  24  10  58  11  32  12  3  13  91  14  92
  0  5  1  81  2  11  3  63  4  91  5  56  6  70  7  82  8  50  9  87  10  76  11  4  12  75  13  14  14  65
  0  29  1  98  2  57  3  91  4  41  5  94  6  89  7  9  8  41  9  12  10  71  11  3  12  32  13  8  14  97
  0  56  1  64  2  76  3  8  4  53  5  67  6  91  7  51  8  48  9  12  10  94  11  16  12  49  13  65  14  9
  0  58  1  15  2  66  3  63  4  93  5  42  6  14  7  47  8  30  9  2  10  32  11  31  12  69  13  54  14  83
  0  38  1  91  2  36  3  34  4  32  5  97  6  28  7  79  8  65  9  1  10  15  11  92  12  10  13  52  14  14
  0  65  1  48  2  73  3  32  4  36  5  16  6  26  7  78  8  33  9  7  10  16  11  32  12  79  13  91  14  48
  0  54  1  33  2  11  3  59  4  96  5  58  6  33  7  92  8  20  9  60  10  6  11  4  12  63  13  16  14  31
  0  3  1  99  2  94  3  28  4  72  5  74  6  48  7  1  8  20  9  14  10  3  11  90  12  60  13  56  14  7
  0  89  1  16  2  39  3  89  4  58  5  2  6  32  7  55  8  59  9  32  10  20  11  9  12  2  13  39  14  64
  0  83  1  61  2  30  3  96  4  31  5  29  6  94  7  27  8  78  9  84  10  43  11  69  12  68  13  9  14  53
  0  14  1  48  2  87  3  33  4  99  5  51  6  59  7  48  8  73  9  7  10  12  11  58  12  30  13  65  14  34
  0  60  1  75  2  14  3  76  4  45  5  49  6  43  7  77  8  8  9  12  10  66  11  52  12  63  13  76  14  14
  0  66  1  61  2  28  3  53  4  22  5  14  6  86  7  6  8  37  9  54  10  81  11  60  12  13  13  17  14  58
  0  8  1  83  2  95  3  34  4  38  5  22  6  10  7  62  8  86  9  43  10  4  11  82  12  17  13  12  14  49
  0  70  1  61  2  66  3  30  4  4  5  85  6  97  7  21  8  6  9  29  10  61  11  99  12  50  13  27  14  3
  0  52  1  20  2  53  3  23  4  54  5  63  6  2  7  12  8  41  9  96  10  9  11  43  12  4  13  23  14  96
  0  89  1  74  2  95  3  72  4  4  5  77  6  28  7  24  8  89  9  70  10  25  11  85  12  44  13  93  14  9
  0  81  1  45  2  13  3  39  4  58  5  22  6  19  7  67  8  64  9  34  10  4  11  71  12  42  13  40  14  53
  0  54  1  37  2  32  3  11  4  7  5  48  6  70  7  2  8  73  9  58  10  45  11  29  12  67  13  30  14  46
  0  69  1  16  2  62  3  21  4  47  5  46  6  19  7  44  8  49  9  32  10  1  11  43  12  17  13  65  14  13
  0  40  1  25  2  27  3  36  4  8  5  33  6  62  7  29  8  54  9  75  10  91  11  95  12  80  13  16  14  13
  0  7  1  72  2  89  3  66  4  72  5  33  6  4  7  82  8  68  9  50  10  81  11  29  12  96  13  65  14  48
  0  13  1  32  2  95  3  18  4  26  5  53  6  3  7  17  8  32  9  93  10  37  11  48  12  21  13  54  14  80
  0  2  1  1  2  48  3  72  4  41  5  84  6  79  7  5  8  37  9  94  10  80  11  94  12  29  13  11  14  56
  0  98  1  21  2  7  3  4  4  4  5  59  6  69  7  11  8  27  9  40  10  90  11  60  12  97  13  46  14  79
  0  70  1  4  2  8  3  29  4  75  5  42  6  38  7  30  8  14  9  78  10  99  11  37  12  68  13  29  14  82
  0  13  1  93  2  9  3  7  4  98  5  17  6  10  7  1  8  6  9  99  10  7  11  83  12  23  13  85  14  8
  0  73  1  70  2  89  3  75  4  8  5  51  6  98  7  21  8  22  9  93  10  71  11  18  12  47  13  73  14  82
  0  98  1  6  2  53  3  39  4  34  5  30  6  94  7  53  8  99  9  22  10  19  11  69  12  92  13  26  14  21
  0  65  1  36  2  8  3  77  4  76  5  95  6  26  7  79  8  19  9  95  10  59  11  1  12  12  13  8  14  34
  0  73  1  16  2  43  3  44  4  34  5  37  6  81  7  66  8  64  9  81  10  8  11  28  12  24  13  39  14  53
  0  51  1  83  2  36  3  47  4  7  5  68  6  4  7  31  8  40  9  85  10  23  11  97  12  45  13  8  14  57
  0  51  1  21  2  16  3  95  4  1  5  15  6  39  7  46  8  29  9  43  10  29  11  60  12  13  13  50  14  70
  0  86  1  77  2  43  3  19  4  71  5  99  6  3  7  94  8  64  9  19  10  77  11  95  12  90  13  4  14  98
  0  4  1  96  2  73  3  67  4  87  5  92  6  2  7  15  8  35  9  37  10  25  11  40  12  72  13  36  14  40
  0  50  1  39  2  57  3  74  4  86  5  41  6  84  7  47  8  4  9  88  10  61  11  68  12  18  13  97  14  87
  0  35  1  67  2  14  3  79  4  19  5  33  6  82  7  14  8  74  9  17  10  72  11  97  12  88  13  85  14  33
  0  46  1  58  2  11  3  44  4  59  5  74  6  68  7  73  8  29  9  40  10  96  11  67  12  14  13  59  14  93
  0  33  1  70  2  59  3  26  4  92  5  23  6  52  7  81  8  2  9  6  10  40  11  69  12  82  13  27  14  9
  0  63  1  10  2  16  3  82  4  44  5  33  6  66  7  28  8  78  9  47  10  94  11  24  12  43  13  29  14  52
  0  38  1  85  2  5  3  83  4  88  5  72  6  27  7  5  8  59  9  78  10  55  11  56  12  17  13  97  14  81
  0  40  1  43  2  7  3  57  4  59  5  72  6  89  7  85  8  14  9  6  10  7  11  1  12  13  13  37  14  82
  0  55  1  25  2  27  3  29  4  72  5  61  6  81  7  36  8  41  9  71  10  45  11  88  12  60  13  87  14  17
  0  5  1  68  2  65  3  23  4  1  5  89  6  80  7  34  8  12  9  14  10  3  11  97  12  43  13  80  14  52
  0  17  1  30  2  12  3  90  4  14  5  11  6  52  7  27  8  40  9  68  10  85  11  28  12  37  13  79  14  44
  0  66  1  49  2  68  3  22  4  44  5  48  6  81  7  76  8  71  9  19  10  3  11  63  12  98  13  16  14  83
  0  41  1  24  2  93  3  77  4  45  5  26  6  59  7  66  8  19  9  92  10  15  11  50  12  50  13  47  14  80
  0  21  1  37  2  94  3  18  4  45  5  8  6  35  7  87  8  39  9  47  10  15  11  22  12  79  13  13  14  29
  0  91  1  22  2  43  3  73  4  93  5  92  6  85  7  17  8  93  9  86  10  7  11  59  12  97  13  86  14  53
  0  65  1  42  2  82  3  82  4  16  5  20  6  65  7  72  8  7  9  81  10  11  11  89  12  80  13  84  14  87
  0  73  1  87  2  76  3  54  4  58  5  87  6  38  7  23  8  46  9  68  10  17  11  12  12  5  13  18  14  28
  0  12  1  47  2  81  3  9  4  38  5  27  6  9  7  51  8  38  9  44  10  44  11  43  12  89  13  46  14  30
  0  94  1  98  2  88  3  31  4  43  5  78  6  63  7  93  8  44  9  87  10  24  11  95  12  1  13  33  14  61
  0  47  1  90  2  85  3  18  4  60  5  88  6  60  7  29  8  96  9  1  10  48  11  36  12  47  13  51  14  18
  0  21  1  10  2  82  3  10  4  35  5  79  6  82  7  95  8  44  9  56  10  24  11  86  12  95  13  30  14  86
  0  95  1  83  2  16  3  15  4  93  5  83  6  29  7  8  8  25  9  52  10  38  11  53  12  57  13  43  14  28
  0  57  1  90  2  72  3  59  4  28  5  45  6  22  7  20  8  10  9  6  10  93  11  78  12  84  13  93  14  23
  0  17  1  85  2  93  3  35  4  81  5  76  6  48  7  93  8  80  9  16  10  9  11  68  12  30  13  88  14  4
  0  44  1  13  2  84  3  54  4  20  5  6  6  51  7  56  8  92  9  99  10  55  11  11  12  13  13  4  14  30
  0  61  1  51  2  14  3  79  4  74  5  38  6  90  7  95  8  88  9  34  10  70  11  79  12  90  13  58  14  12
  0  83  1  2  2  97  3  43  4  24  5  5  6  38  7  65  8  23  9  21  10  22  11  33  12  74  13  17  14  11
  0  15  1  56  2  16  3  8  4  93  5  20  6  36  7  71  8  78  9  37  10  81  11  19  12  19  13  87  14  49
  0  10  1  60  2  7  3  42  4  49  5  73  6  37  7  92  8  61  9  42  10  53  11  43  12  17  13  95  14  40
  0  29  1  4  2  32  3  58  4  62  5  1  6  45  7  31  8  29  9  73  10  70  11  13  12  19  13  99  14  11
  0  49  1  68  2  18  3  89  4  25  5  93  6  23  7  73  8  59  9  19  10  81  11  30  12  4  13  53  14  19
  0  31  1  46  2  53  3  18  4  16  5  25  6  82  7  25  8  68  9  4  10  54  11  38  12  80  13  78  14  19
  0  57  1  93  2  93  3  30  4  85  5  56  6  1  7  99  8  31  9  27  10  90  11  36  12  46  13  15  14  76
  0  9  1  2  2  43  3  7  4  1  5  84  6  65  7  39  8  33  9  54  10  78  11  3  12  66  13  20  14  10
  0  36  1  28  2  8  3  80  4  70  5  19  6  26  7  52  8  88  9  81  10  62  11  29  12  6  13  46  14  62
  0  66  1  21  2  92  3  71  4  2  5  57  6  81  7  43  8  20  9  80  10  49  11  47  12  4  13  61  14  67
  0  29  1  52  2  33  3  18  4  97  5  47  6  49  7  22  8  56  9  12  10  43  11  37  12  93  13  92  14  48
  0  7  1  96  2  47  3  33  4  16  5  67  6  41  7  52  8  7  9  42  10  56  11  24  12  40  13  46  14  89
  0  81  1  16  2  34  3  87  4  60  5  86  6  8  7  35  8  20  9  27  10  5  11  7  12  10  13  40  14  80
  0  41  1  31  2  23  3  69  4  8  5  51  6  15  7  61  8  56  9  66  10  90  11  38  12  90  13  40  14  94
  0  73  1  90  2  39  3  19  4  61  5  86  6  56  7  61  8  53  9  48  10  92  11  22  12  5  13  47  14  31
  0  40  1  66  2  17  3  40  4  55  5  62  6  87  7  61  8  54  9  59  10  12  11  95  12  48  13  94  14  78
  0  92  1  76  2  37  3  80  4  78  5  36  6  95  7  7  8  4  9  90  10  77  11  55  12  97  13  99  14  99
  0  84  1  46  2  65  3  71  4  70  5  29  6  13  7  14  8  15  9  92  10  23  11  96  12  32  13  56  14  96
  0  81  1  15  2  44  3  25  4  26  5  43  6  13  7  77  8  78  9  98  10  30  11  56  12  62  13  88  14  87
  0  51  1  40  2  8  3  87  4  20  5  3  6  70  7  22  8  57  9  20  10  8  11  23  12  38  13  46  14  7
  0  84  1  54  2  80  3  34  4  49  5  57  6  14  7  79  8  29  9  7  10  11  11  97  12  10  13  60  14  17
  0  45  1  33  2  72  3  83  4  44  5  84  6  82  7  50  8  98  9  15  10  3  11  34  12  72  13  72  14  43
  0  9  1  89  2  35  3  41  4  76  5  8  6  58  7  68  8  53  9  2  10  81  11  37  12  50  13  30  14  61
  0  35  1  88  2  86  3  25  4  58  5  96  6  61  7  59  8  12  9  83  10  50  11  73  12  13  13  67  14  5
  0  8  1  7  2  23  3  97  4  87  5  77  6  64  7  48  8  20  9  27  10  84  11  38  12  95  13  34  14  11
  0  12  1  48  2  39  3  52  4  37  5  76  6  5  7  52  8  65  9  33  10  40  11  58  12  35  13  32  14  4
  0  89  1  90  2  40  3  26  4  56  5  15  6  37  7  87  8  48  9  6  10  74  11  80  12  28  13  30  14  67
  0  15  1  67  2  47  3  80  4  57  5  21  6  85  7  19  8  13  9  32  10  3  11  19  12  76  13  12  14  76
  0  98  1  45  2  29  3  3  4  27  5  23  6  11  7  86  8  1  9  95  10  38  11  71  12  59  13  51  14  87
  0  34  1  63  2  49  3  51  4  30  5  13  6  99  7  35  8  84  9  5  10  81  11  26  12  56  13  27  14  10
  0  63  1  13  2  49  3  55  4  70  5  4  6  70  7  48  8  20  9  22  10  18  11  29  12  52  13  73  14  8
  0  39  1  48  2  19  3  20  4  56  5  50  6  42  7  45  8  5  9  72  10  52  11  8  12  13  13  32  14  51
  0  62  1  1  2  17  3  95  4  29  5  6  6  55  7  47  8  19  9  76  10  53  11  94  12  45  13  13  14  16
  0  79  1  46  2  22  3  80  4  69  5  43  6  9  7  13  8  55  9  23  10  36  11  41  12  69  13  21  14  10
  0  53  1  49  2  26  3  90  4  57  5  90  6  57  7  19  8  85  9  73  10  64  11  11  12  9  13  45  14  62
  0  78  1  63  2  97  3  98  4  51  5  37  6  82  7  12  8  30  9  42  10  30  11  37  12  84  13  82  14  80
  0  57  1  79  2  4  3  52  4  13  5  94  6  53  7  78  8  19  9  69  10  20  11  13  12  46  13  81  14  20
  0  73  1  67  2  55  3  37  4  73  5  83  6  57  7  51  8  71  9  73  10  93  11  1  12  16  13  23  14  67
  0  71  1  95  2  50  3  26  4  4  5  1  6  15  7  7  8  56  9  53  10  73  11  81  12  74  13  83  14  47
  0  42  1  53  2  46  3  78  4  77  5  86  6  92  7  15  8  45  9  41  10  61  11  44  12  28  13  10  14  52
  0  62  1  30  2  15  3  88  4  55  5  59  6  82  7  74  8  17  9  94  10  99  11  21  12  48  13  35  14  23
  0  95  1  96  2  75  3  7  4  95  5  36  6  77  7  68  8  78  9  99  10  97  11  9  12  91  13  13  14  10
  0  46  1  67  2  81  3  41  4  52  5  95  6  46  7  88  8  74  9  92  10  3  11  6  12  2  13  7  14  42
  0  56  1  97  2  45  3  68  4  91  5  12  6  14  7  98  8  91  9  48  10  95  11  45  12  75  13  35  14  19
  0  38  1  69  2  47  3  76  4  52  5  97  6  56  7  18  8  17  9  25  10  26  11  12  12  47  13  61  14  60
  0  44  1  22  2  28  3  88  4  19  5  83  6  25  7  33  8  60  9  47  10  57  11  99  12  46  13  49  14  12
  0  88  1  9  2  49  3  88  4  6  5  86  6  91  7  25  8  34  9  22  10  83  11  82  12  87  13  31  14  25
  0  61  1  60  2  85  3  29  4  80  5  42  6  91  7  5  8  37  9  66  10  57  11  82  12  13  13  2  14  71
  0  7  1  22  2  17  3  45  4  44  5  99  6  72  7  92  8  63  9  72  10  22  11  37  12  81  13  73  14  19
  0  85  1  1  2  80  3  65  4  94  5  70  6  98  7  65  8  30  9  44  10  17  11  43  12  92  13  23  14  97
  0  44  1  51  2  8  3  91  4  51  5  24  6  93  7  86  8  58  9  78  10  74  11  17  12  93  13  57  14  66
  0  16  1  87  2  49  3  40  4  71  5  24  6  49  7  27  8  17  9  21  10  85  11  55  12  78  13  25  14  15
  0  11  1  54  2  24  3  7  4  40  5  88  6  8  7  55  8  35  9  84  10  30  11  17  12  77  13  60  14  50
  0  39  1  14  2  26  3  69  4  38  5  99  6  62  7  68  8  42  9  48  10  21  11  30  12  1  13  41  14  65
  0  8  1  40  2  8  3  26  4  45  5  94  6  81  7  53  8  82  9  64  10  81  11  83  12  12  13  70  14  72
  0  35  1  31  2  6  3  20  4  23  5  47  6  4  7  34  8  59  9  10  10  79  11  54  12  51  13  71  14  9
  0  46  1  44  2  20  3  47  4  93  5  57  6  18  7  15  8  11  9  6  10  57  11  89  12  11  13  21  14  86
  0  91  1  2  2  95  3  5  4  42  5  3  6  29  7  12  8  40  9  91  10  43  11  48  12  83  13  35  14  96
  0  80  1  30  2  62  3  10  4  21  5  78  6  71  7  94  8  64  9  3  10  98  11  40  12  93  13  83  14  74
  0  86  1  94  2  19  3  55  4  25  5  74  6  98  7  97  8  64  9  62  10  76  11  16  12  73  13  60  14  86
  0  53  1  97  2  53  3  74  4  27  5  84  6  7  7  41  8  63  9  87  10  12  11  34  12  11  13  28  14  37
  0  12  1  93  2  25  3  36  4  82  5  66  6  34  7  73  8  88  9  62  10  54  11  6  12  85  13  47  14  84
  0  9  1  39  2  37  3  48  4  42  5  40  6  21  7  15  8  4  9  7  10  12  11  84  12  94  13  25  14  11
  0  18  1  18  2  57  3  59  4  28  5  64  6  1  7  16  8  57  9  72  10  90  11  74  12  23  13  55  14  74
  0  21  1  87  2  40  3  4  4  89  5  92  6  56  7  16  8  73  9  75  10  70  11  9  12  78  13  36  14  57
  0  28  1  55  2  35  3  47  4  13  5  33  6  41  7  96  8  80  9  29  10  59  11  70  12  46  13  32  14  98
  0  34  1  93  2  65  3  71  4  80  5  56  6  82  7  27  8  63  9  77  10  55  11  68  12  99  13  47  14  47
  0  95  1  50  2  37  3  97  4  79  5  18  6  87  7  46  8  61  9  2  10  20  11  75  12  28  13  3  14  62
  0  53  1  10  2  71  3  29  4  8  5  99  6  41  7  87  8  58  9  99  10  90  11  92  12  85  13  20  14  16
  0  86  1  21  2  18  3  32  4  84  5  85  6  30  7  8  8  6  9  2  10  38  11  11  12  3  13  70  14  79
  0  34  1  8  2  76  3  85  4  6  5  9  6  67  7  15  8  17  9  5  10  28  11  8  12  20  13  16  14  27
  0  84  1  78  2  51  3  24  4  58  5  70  6  41  7  62  8  42  9  77  10  4  11  72  12  70  13  12  14  6
  0  76  1  55  2  65  3  19  4  61  5  57  6  82  7  97  8  62  9  34  10  81  11  24  12  75  13  5  14  93
  0  91  1  88  2  43  3  77  4  35  5  99  6  73  7  40  8  17  9  66  10  44  11  69  12  32  13  1  14  10
  0  49  1  90  2  97  3  26  4  28  5  92  6  85  7  59  8  55  9  1  10  1  11  51  12  96  13  80  14  53
  0  90  1  10  2  53  3  24  4  3  5  36  6  91  7  14  8  23  9  22  10  61  11  33  12  47  13  8  14  56
  0  98  1  59  2  25  3  11  4  87  5  86  6  87  7  90  8  49  9  25  10  84  11  62  12  92  13  37  14  3
  0  20  1  83  2  21  3  27  4  22  5  33  6  97  7  11  8  42  9  48  10  68  11  7  12  63  13  90  14  32
  0  3  1  55  2  51  3  73  4  2  5  10  6  42  7  58  8  41  9  41  10  72  11  92  12  40  13  64  14  38
  0  40  1  25  2  5  3  62  4  99  5  59  6  10  7  59  8  87  9  91  10  68  11  11  12  70  13  93  14  50
  0  63  1  61  2  45  3  22  4  12  5  60  6  98  7  16  8  5  9  90  10  20  11  34  12  95  13  98  14  99
  0  30  1  35  2  83  3  70  4  10  5  51  6  85  7  78  8  18  9  93  10  58  11  98  12  19  13  25  14  93
  0  86  1  87  2  72  3  72  4  8  5  65  6  4  7  75  8  89  9  51  10  60  11  58  12  86  13  23  14  77
  0  82  1  46  2  19  3  75  4  68  5  30  6  24  7  85  8  86  9  17  10  36  11  71  12  26  13  89  14  5
  0  36  1  2  2  1  3  81  4  33  5  78  6  48  7  5  8  22  9  29  10  12  11  24  12  45  13  63  14  38
  0  28  1  1  2  86  3  73  4  32  5  48  6  71  7  77  8  51  9  69  10  61  11  60  12  41  13  72  14  29
  0  49  1  2  2  11  3  63  4  57  5  76  6  54  7  70  8  6  9  77  10  31  11  81  12  55  13  32  14  34
  0  33  1  3  2  30  3  65  4  51  5  81  6  9  7  35  8  47  9  67  10  9  11  77  12  24  13  57  14  2
  0  22  1  33  2  1  3  50  4  36  5  46  6  84  7  56  8  43  9  15  10  4  11  31  12  65  13  47  14  70
  0  63  1  53  2  24  3  43  4  78  5  91  6  22  7  78  8  26  9  17  10  24  11  39  12  29  13  56  14  35
  0  10  1  75  2  92  3  33  4  94  5  53  6  17  7  20  8  20  9  44  10  1  11  55  12  46  13  31  14  32
  0  87  1  65  2  93  3  69  4  17  5  53  6  81  7  24  8  44  9  79  10  2  11  65  12  11  13  15  14  56
  0  20  1  12  2  79  3  7  4  99  5  48  6  19  7  79  8  79  9  56  10  9  11  1  12  23  13  12  14  22
  0  53  1  5  2  20  3  7  4  87  5  98  6  19  7  61  8  16  9  22  10  66  11  10  12  93  13  50  14  90
  0  98  1  50  2  54  3  20  4  86  5  31  6  5  7  25  8  91  9  59  10  73  11  28  12  4  13  28  14  3
  0  81  1  1  2  90  3  31  4  11  5  16  6  2  7  98  8  65  9  27  10  19  11  68  12  35  13  99  14  94
  0  37  1  22  2  77  3  85  4  16  5  77  6  9  7  72  8  17  9  35  10  64  11  90  12  64  13  10  14  64
  0  66  1  27  2  37  3  38  4  49  5  25  6  79  7  74  8  76  9  74  10  18  11  44  12  95  13  66  14  2
  0  88  1  41  2  84  3  42  4  22  5  49  6  30  7  53  8  80  9  44  10  85  11  79  12  22  13  31  14  40
  0  77  1  59  2  92  3  77  4  29  5  68  6  47  7  75  8  96  9  22  10  47  11  77  12  63  13  38  14  11
  0  38  1  19  2  25  3  6  4  48  5  65  6  83  7  43  8  95  9  68  10  94  11  47  12  11  13  82  14  82
  0  8  1  10  2  10  3  66  4  27  5  33  6  83  7  12  8  19  9  38  10  82  11  56  12  34  13  2  14  16
  0  67  1  97  2  27  3  39  4  63  5  2  6  78  7  79  8  1  9  83  10  78  11  96  12  2  13  73  14  35
  0  97  1  94  2  7  3  1  4  85  5  67  6  25  7  65  8  3  9  71  10  14  11  40  12  11  13  30  14  48
  0  87  1  17  2  24  3  50  4  96  5  18  6  65  7  80  8  21  9  51  10  88  11  1  12  15  13  60  14  11
  0  3  1  45  2  5  3  42  4  80  5  61  6  84  7  54  8  84  9  43  10  66  11  30  12  92  13  79  14  8
  0  56  1  87  2  22  3  33  4  32  5  28  6  32  7  12  8  3  9  32  10  17  11  25  12  51  13  38  14  15
  0  38  1  88  2  4  3  77  4  8  5  41  6  46  7  61  8  90  9  27  10  39  11  31  12  31  13  57  14  31
  0  24  1  49  2  6  3  44  4  36  5  59  6  49  7  54  8  35  9  78  10  54  11  86  12  3  13  18  14  71
  0  53  1  54  2  54  3  57  4  36  5  8  6  40  7  39  8  83  9  89  10  87  11  93  12  63  13  87  14  30
  0  3  1  20  2  11  3  64  4  7  5  92  6  6  7  16  8  64  9  17  10  32  11  79  12  6  13  13  14  9
  0  26  1  16  2  20  3  81  4  89  5  2  6  47  7  63  8  60  9  18  10  37  11  56  12  60  13  69  14  72
  0  67  1  70  2  99  3  63  4  50  5  31  6  44  7  2  8  54  9  49  10  1  11  66  12  66  13  74  14  51
  0  20  1  64  2  23  3  35  4  24  5  17  6  73  7  59  8  71  9  12  10  53  11  91  12  15  13  90  14  95
  0  75  1  17  2  20  3  39  4  65  5  79  6  19  7  80  8  62  9  27  10  47  11  33  12  15  13  20  14  5
  0  26  1  91  2  52  3  89  4  57  5  61  6  64  7  47  8  88  9  29  10  36  11  68  12  31  13  9  14  90
  0  44  1  83  2  44  3  88  4  88  5  98  6  96  7  2  8  67  9  97  10  62  11  13  12  97  13  67  14  94
TPM
  0  3253  1  3253  2  3253  3  3253  4  3253  5  3253  6  3253  7  3253  8  3253  9  3253  10  3253  11  3253  12  3253  13  3253  14  3253
PMT
  0  41  1  23  2  74  3  29  4  73  5  3  6  41  7  8  8  42  9  25  10  51  11  49  12  42  13  69  14  24
  0  35  1  74  2  64  3  10  4  11  5  14  6  12  7  65  8  58  9  55  10  11  11  11  12  4  13  70  14  48
  0  60  1  45  2  12  3  38  4  46  5  7  6  61  7  15  8  13  9  59  10  21  11  4  12  73  13  61  14  25
  0  69  1  17  2  15  3  32  4  5  5  57  6  23  7  56  8  28  9  16  10  53  11  44  12  37  13  14  14  4
  0  70  1  37  2  18  3  50  4  9  5  68  6  58  7  20  8  51  9  33  10  17  11  38  12  17  13  44  14  11
  0  37  1  46  2  12  3  69  4  54  5  64  6  14  7  50  8  37  9  51  10  61  11  68  12  19  13  22  14  25
  0  35  1  29  2  18  3  2  4  58  5  2  6  10  7  73  8  15  9  20  10  44  11  61  12  21  13  64  14  71
  0  52  1  4  2  73  3  16  4  46  5  45  6  63  7  43  8  40  9  60  10  23  11  34  12  58  13  50  14  53
  0  56  1  71  2  66  3  29  4  64  5  12  6  37  7  62  8  41  9  29  10  42  11  36  12  73  13  23  14  48
  0  26  1  13  2  56  3  8  4  10  5  63  6  51  7  53  8  48  9  37  10  46  11  9  12  35  13  70  14  34
  0  69  1  15  2  74  3  27  4  63  5  71  6  52  7  22  8  53  9  48  10  29  11  74  12  44  13  32  14  49
  0  64  1  29  2  18  3  55  4  64  5  16  6  30  7  9  8  19  9  72  10  44  11  14  12  13  13  44  14  54
  0  29  1  2  2  68  3  51  4  13  5  21  6  19  7  43  8  41  9  20  10  2  11  24  12  21  13  65  14  4
  0  48  1  61  2  28  3  29  4  50  5  48  6  63  7  61  8  59  9  38  10  47  11  26  12  32  13  65  14  8
  0  17  1  72  2  34  3  44  4  45  5  71  6  44  7  9  8  42  9  23  10  7  11  29  12  22  13  1  14  37
  0  22  1  49  2  58  3  6  4  51  5  17  6  44  7  74  8  16  9  64  10  69  11  30  12  44  13  6  14  20
