50  20
  0  94  1  4  2  29  3  33  4  12  5  18  6  44  7  39  8  19  9  9  10  16  11  67  12  70  13  97  14  72  15  79  16  98  17  17  18  90  19  88
  0  91  1  77  2  84  3  42  4  25  5  42  6  41  7  31  8  35  9  71  10  32  11  8  12  25  13  44  14  71  15  17  16  23  17  61  18  4  19  58
  0  54  1  75  2  23  3  61  4  82  5  17  6  77  7  20  8  39  9  6  10  3  11  17  12  44  13  73  14  77  15  50  16  81  17  26  18  17  19  37
  0  96  1  18  2  32  3  46  4  14  5  41  6  14  7  88  8  96  9  31  10  45  11  85  12  11  13  37  14  27  15  72  16  37  17  29  18  73  19  6
  0  65  1  30  2  30  3  1  4  68  5  80  6  2  7  5  8  12  9  1  10  96  11  83  12  79  13  96  14  34  15  78  16  6  17  8  18  62  19  60
  0  35  1  20  2  86  3  90  4  69  5  79  6  3  7  59  8  64  9  75  10  88  11  69  12  79  13  88  14  4  15  82  16  10  17  16  18  85  19  39
  0  26  1  16  2  53  3  31  4  34  5  45  6  54  7  80  8  12  9  79  10  23  11  55  12  78  13  21  14  20  15  25  16  24  17  60  18  75  19  38
  0  82  1  37  2  79  3  77  4  48  5  2  6  57  7  12  8  53  9  94  10  37  11  71  12  50  13  86  14  14  15  99  16  96  17  44  18  38  19  58
  0  4  1  9  2  5  3  98  4  7  5  20  6  13  7  22  8  82  9  9  10  23  11  82  12  1  13  44  14  28  15  27  16  2  17  7  18  23  19  45
  0  23  1  24  2  38  3  3  4  26  5  3  6  57  7  69  8  97  9  20  10  56  11  53  12  20  13  70  14  17  15  29  16  38  17  97  18  14  19  97
  0  66  1  23  2  73  3  26  4  16  5  71  6  42  7  49  8  34  9  64  10  37  11  49  12  83  13  11  14  47  15  15  16  7  17  23  18  14  19  73
  0  52  1  43  2  4  3  36  4  61  5  60  6  70  7  89  8  31  9  33  10  44  11  54  12  13  13  71  14  8  15  56  16  15  17  37  18  58  19  10
  0  4  1  55  2  36  3  94  4  36  5  53  6  1  7  75  8  60  9  74  10  62  11  8  12  67  13  33  14  7  15  14  16  93  17  92  18  78  19  33
  0  82  1  96  2  3  3  72  4  72  5  92  6  57  7  23  8  73  9  8  10  37  11  6  12  34  13  78  14  59  15  65  16  23  17  46  18  11  19  33
  0  68  1  57  2  38  3  23  4  38  5  52  6  14  7  25  8  46  9  3  10  55  11  18  12  28  13  56  14  64  15  18  16  8  17  95  18  7  19  30
  0  55  1  91  2  68  3  65  4  11  5  55  6  47  7  47  8  25  9  79  10  66  11  20  12  30  13  41  14  24  15  29  16  47  17  7  18  2  19  40
  0  13  1  46  2  17  3  12  4  43  5  76  6  82  7  39  8  99  9  60  10  91  11  41  12  14  13  46  14  67  15  53  16  85  17  25  18  41  19  38
  0  60  1  40  2  33  3  49  4  52  5  65  6  55  7  91  8  69  9  50  10  73  11  64  12  51  13  99  14  81  15  90  16  42  17  14  18  86  19  67
  0  38  1  37  2  96  3  77  4  92  5  70  6  74  7  62  8  71  9  51  10  84  11  41  12  89  13  8  14  52  15  20  16  62  17  40  18  22  19  37
  0  66  1  82  2  60  3  33  4  83  5  58  6  68  7  37  8  78  9  22  10  79  11  15  12  32  13  44  14  61  15  18  16  23  17  12  18  57  19  23
  0  49  1  14  2  22  3  69  4  9  5  59  6  43  7  11  8  97  9  44  10  61  11  47  12  88  13  46  14  18  15  17  16  94  17  40  18  96  19  43
  0  43  1  50  2  44  3  80  4  99  5  74  6  75  7  98  8  25  9  60  10  13  11  95  12  59  13  15  14  1  15  43  16  55  17  66  18  99  19  85
  0  11  1  31  2  64  3  63  4  76  5  31  6  29  7  17  8  35  9  81  10  90  11  7  12  68  13  43  14  39  15  43  16  77  17  87  18  80  19  15
  0  11  1  54  2  60  3  74  4  12  5  76  6  67  7  88  8  5  9  95  10  94  11  90  12  68  13  19  14  72  15  82  16  61  17  70  18  4  19  70
  0  19  1  40  2  71  3  34  4  25  5  39  6  99  7  63  8  14  9  15  10  69  11  18  12  76  13  75  14  49  15  85  16  74  17  41  18  73  19  42
  0  73  1  9  2  76  3  54  4  51  5  1  6  80  7  63  8  59  9  45  10  77  11  45  12  24  13  92  14  67  15  40  16  22  17  74  18  36  19  87
  0  70  1  57  2  86  3  19  4  12  5  51  6  52  7  88  8  84  9  71  10  68  11  47  12  14  13  63  14  69  15  87  16  54  17  37  18  33  19  18
  0  78  1  79  2  14  3  41  4  92  5  37  6  4  7  47  8  8  9  77  10  38  11  44  12  25  13  86  14  28  15  85  16  92  17  53  18  71  19  76
  0  41  1  51  2  6  3  54  4  20  5  13  6  74  7  84  8  86  9  60  10  28  11  18  12  17  13  45  14  1  15  91  16  30  17  92  18  10  19  84
  0  69  1  75  2  69  3  42  4  69  5  45  6  41  7  43  8  86  9  1  10  34  11  73  12  6  13  82  14  40  15  23  16  23  17  5  18  69  19  23
  0  71  1  72  2  13  3  93  4  58  5  56  6  55  7  65  8  7  9  96  10  14  11  91  12  35  13  87  14  71  15  76  16  7  17  45  18  25  19  75
  0  47  1  56  2  94  3  38  4  7  5  89  6  27  7  19  8  94  9  82  10  10  11  63  12  44  13  47  14  87  15  33  16  77  17  74  18  20  19  59
  0  58  1  9  2  50  3  12  4  68  5  31  6  61  7  23  8  56  9  69  10  31  11  23  12  20  13  29  14  33  15  60  16  36  17  17  18  24  19  18
  0  45  1  84  2  27  3  46  4  58  5  25  6  4  7  80  8  40  9  5  10  62  11  7  12  81  13  8  14  50  15  1  16  76  17  17  18  34  19  41
  0  52  1  70  2  62  3  86  4  38  5  72  6  56  7  65  8  47  9  29  10  88  11  2  12  23  13  45  14  26  15  99  16  76  17  21  18  65  19  39
  0  96  1  2  2  78  3  73  4  39  5  93  6  49  7  18  8  1  9  51  10  60  11  71  12  41  13  72  14  70  15  22  16  23  17  85  18  99  19  8
  0  61  1  9  2  83  3  61  4  19  5  94  6  93  7  30  8  79  9  18  10  26  11  70  12  90  13  59  14  91  15  55  16  58  17  85  18  83  19  33
  0  26  1  36  2  87  3  40  4  84  5  67  6  63  7  43  8  86  9  14  10  22  11  78  12  61  13  62  14  69  15  92  16  57  17  56  18  90  19  30
  0  60  1  68  2  92  3  91  4  52  5  21  6  49  7  84  8  29  9  23  10  90  11  24  12  73  13  69  14  39  15  55  16  57  17  21  18  95  19  25
  0  29  1  47  2  11  3  97  4  94  5  15  6  11  7  4  8  7  9  50  10  52  11  72  12  25  13  98  14  22  15  81  16  2  17  74  18  26  19  24
  0  6  1  67  2  11  3  73  4  5  5  44  6  18  7  5  8  49  9  66  10  77  11  96  12  41  13  20  14  80  15  21  16  72  17  12  18  72  19  7
  0  72  1  91  2  93  3  14  4  96  5  2  6  25  7  72  8  48  9  52  10  25  11  69  12  8  13  99  14  83  15  76  16  19  17  47  18  97  19  64
  0  63  1  9  2  69  3  46  4  99  5  13  6  68  7  37  8  71  9  20  10  22  11  24  12  97  13  92  14  5  15  94  16  11  17  42  18  61  19  58
  0  89  1  32  2  73  3  50  4  16  5  20  6  53  7  31  8  55  9  61  10  35  11  88  12  17  13  23  14  81  15  20  16  73  17  51  18  44  19  64
  0  30  1  24  2  26  3  84  4  68  5  57  6  53  7  38  8  16  9  56  10  43  11  87  12  13  13  39  14  27  15  29  16  79  17  49  18  63  19  47
  0  92  1  67  2  58  3  17  4  42  5  53  6  78  7  22  8  19  9  8  10  98  11  58  12  53  13  30  14  55  15  25  16  6  17  87  18  81  19  47
  0  75  1  47  2  36  3  67  4  95  5  40  6  66  7  99  8  8  9  31  10  58  11  39  12  48  13  37  14  76  15  70  16  83  17  15  18  74  19  14
  0  82  1  97  2  53  3  3  4  9  5  67  6  82  7  90  8  71  9  79  10  12  11  12  12  67  13  92  14  55  15  65  16  1  17  49  18  99  19  89
  0  76  1  25  2  87  3  32  4  78  5  40  6  70  7  53  8  2  9  95  10  36  11  14  12  97  13  83  14  53  15  19  16  28  17  80  18  78  19  34
  0  67  1  26  2  38  3  2  4  83  5  37  6  67  7  4  8  85  9  28  10  62  11  59  12  24  13  15  14  98  15  56  16  77  17  42  18  1  19  54
TPM
  0  813  1  813  2  813  3  813  4  813  5  813  6  813  7  813  8  813  9  813  10  813  11  813  12  813  13  813  14  813  15  813  16  813  17  813  18  813  19  813
PMT
  0  53  1  37  2  61  3  1  4  66  5  53  6  53  7  42  8  6  9  29  10  15  11  12  12  24  13  10  14  27  15  53  16  22  17  73  18  68  19  48
  0  68  1  59  2  11  3  2  4  39  5  3  6  31  7  39  8  61  9  1  10  4  11  31  12  57  13  3  14  59  15  7  16  52  17  11  18  6  19  1
  0  5  1  21  2  60  3  3  4  35  5  18  6  40  7  42  8  19  9  46  10  72  11  63  12  38  13  40  14  33  15  32  16  23  17  9  18  51  19  50
  0  47  1  55  2  71  3  52  4  18  5  41  6  39  7  24  8  32  9  7  10  65  11  52  12  37  13  43  14  31  15  55  16  20  17  27  18  13  19  57
  0  4  1  62  2  5  3  47  4  64  5  35  6  49  7  31  8  66  9  64  10  26  11  41  12  26  13  7  14  47  15  55  16  19  17  53  18  53  19  16
  0  72  1  1  2  48  3  9  4  19  5  42  6  59  7  8  8  23  9  17  10  24  11  25  12  12  13  69  14  70  15  40  16  6  17  73  18  15  19  67
  0  17  1  64  2  69  3  59  4  36  5  40  6  54  7  53  8  11  9  66  10  45  11  61  12  11  13  56  14  12  15  9  16  63  17  53  18  56  19  5
