20  10
  0  27  1  41  2  23  3  76  4  84  5  23  6  37  7  97  8  2  9  3
  0  61  1  42  2  3  3  17  4  41  5  43  6  29  7  84  8  72  9  19
  0  25  1  7  2  39  3  93  4  93  5  50  6  28  7  7  8  33  9  29
  0  74  1  89  2  74  3  76  4  33  5  68  6  69  7  81  8  79  9  14
  0  95  1  20  2  84  3  48  4  92  5  11  6  15  7  94  8  34  9  75
  0  46  1  8  2  96  3  82  4  15  5  38  6  94  7  8  8  16  9  4
  0  77  1  32  2  40  3  92  4  23  5  69  6  11  7  93  8  58  9  93
  0  40  1  47  2  95  3  99  4  54  5  67  6  75  7  19  8  16  9  55
  0  46  1  97  2  69  3  24  4  16  5  65  6  89  7  96  8  65  9  89
  0  79  1  60  2  11  3  76  4  86  5  63  6  43  7  64  8  11  9  10
  0  89  1  34  2  20  3  83  4  76  5  1  6  11  7  98  8  85  9  1
  0  75  1  71  2  30  3  65  4  59  5  42  6  1  7  38  8  14  9  13
  0  51  1  3  2  98  3  65  4  25  5  6  6  71  7  77  8  45  9  99
  0  66  1  60  2  15  3  43  4  68  5  68  6  4  7  31  8  24  9  74
  0  21  1  35  2  28  3  95  4  90  5  91  6  9  7  22  8  84  9  54
  0  91  1  83  2  85  3  4  4  82  5  42  6  75  7  85  8  53  9  18
  0  78  1  9  2  82  3  71  4  97  5  36  6  90  7  6  8  29  9  42
  0  88  1  58  2  44  3  22  4  7  5  88  6  72  7  81  8  90  9  7
  0  15  1  36  2  74  3  68  4  89  5  89  6  63  7  48  8  81  9  99
  0  91  1  73  2  31  3  22  4  45  5  50  6  18  7  95  8  40  9  56
TPM
  0  595  1  595  2  595  3  595  4  595  5  595  6  595  7  595  8  595  9  595
PMT
  0  93  1  30  2  28  3  49  4  81  5  80  6  49  7  21  8  56  9  39
  0  52  1  19  2  52  3  76  4  69  5  79  6  76  7  6  8  2  9  72
  0  26  1  53  2  50  3  42  4  31  5  62  6  14  7  89  8  69  9  75
  0  24  1  38  2  29  3  38  4  90  5  77  6  24  7  50  8  92  9  69
