500  5
  0  77  1  49  2  18  3  17  4  25
  0  29  1  95  2  87  3  2  4  84
  0  22  1  11  2  60  3  5  4  50
  0  76  1  95  2  55  3  8  4  24
  0  10  1  81  2  9  3  64  4  71
  0  17  1  14  2  36  3  72  4  50
  0  98  1  68  2  8  3  16  4  11
  0  14  1  17  2  99  3  23  4  77
  0  70  1  73  2  33  3  38  4  98
  0  17  1  57  2  64  3  78  4  56
  0  6  1  52  2  37  3  70  4  62
  0  35  1  39  2  16  3  83  4  57
  0  53  1  72  2  1  3  3  4  33
  0  26  1  94  2  22  3  50  4  24
  0  57  1  95  2  54  3  85  4  88
  0  36  1  64  2  39  3  65  4  2
  0  10  1  17  2  94  3  89  4  65
  0  52  1  43  2  32  3  72  4  31
  0  85  1  86  2  14  3  8  4  34
  0  30  1  95  2  85  3  39  4  81
  0  71  1  26  2  52  3  2  4  75
  0  20  1  20  2  61  3  78  4  57
  0  36  1  77  2  77  3  68  4  60
  0  44  1  73  2  12  3  7  4  15
  0  13  1  60  2  41  3  21  4  80
  0  74  1  36  2  20  3  79  4  98
  0  91  1  19  2  43  3  97  4  14
  0  7  1  46  2  20  3  89  4  3
  0  24  1  74  2  31  3  90  4  10
  0  33  1  61  2  6  3  55  4  3
  0  59  1  3  2  91  3  45  4  98
  0  90  1  44  2  15  3  43  4  48
  0  5  1  61  2  78  3  40  4  38
  0  4  1  98  2  86  3  66  4  76
  0  83  1  82  2  47  3  19  4  14
  0  47  1  72  2  32  3  36  4  50
  0  16  1  49  2  57  3  72  4  29
  0  72  1  34  2  60  3  59  4  88
  0  95  1  1  2  34  3  66  4  97
  0  36  1  48  2  78  3  16  4  70
  0  25  1  24  2  15  3  56  4  61
  0  33  1  50  2  59  3  71  4  80
  0  97  1  33  2  79  3  45  4  11
  0  57  1  33  2  75  3  49  4  25
  0  44  1  76  2  35  3  69  4  67
  0  2  1  28  2  80  3  76  4  27
  0  25  1  46  2  2  3  43  4  23
  0  11  1  42  2  84  3  6  4  50
  0  51  1  89  2  37  3  93  4  78
  0  55  1  81  2  51  3  2  4  33
  0  72  1  15  2  81  3  78  4  3
  0  55  1  43  2  51  3  23  4  29
  0  39  1  24  2  38  3  60  4  64
  0  60  1  76  2  66  3  27  4  58
  0  50  1  47  2  96  3  64  4  22
  0  55  1  65  2  14  3  81  4  2
  0  24  1  68  2  57  3  90  4  20
  0  18  1  44  2  65  3  41  4  91
  0  12  1  21  2  68  3  13  4  19
  0  16  1  68  2  47  3  67  4  76
  0  23  1  62  2  52  3  89  4  28
  0  6  1  94  2  23  3  2  4  28
  0  73  1  19  2  74  3  50  4  86
  0  47  1  67  2  34  3  4  4  16
  0  76  1  98  2  2  3  76  4  10
  0  11  1  80  2  75  3  59  4  18
  0  16  1  27  2  94  3  23  4  84
  0  21  1  10  2  11  3  76  4  84
  0  66  1  72  2  75  3  67  4  19
  0  91  1  68  2  13  3  1  4  90
  0  30  1  31  2  6  3  41  4  76
  0  2  1  23  2  4  3  91  4  58
  0  74  1  36  2  66  3  38  4  76
  0  86  1  20  2  93  3  40  4  71
  0  63  1  10  2  50  3  92  4  52
  0  69  1  13  2  54  3  36  4  47
  0  58  1  68  2  70  3  42  4  26
  0  82  1  95  2  82  3  81  4  46
  0  68  1  42  2  35  3  9  4  94
  0  59  1  64  2  21  3  32  4  68
  0  61  1  74  2  28  3  54  4  59
  0  6  1  25  2  8  3  97  4  40
  0  51  1  43  2  43  3  71  4  76
  0  88  1  70  2  83  3  96  4  90
  0  74  1  66  2  80  3  61  4  56
  0  87  1  97  2  77  3  16  4  14
  0  97  1  14  2  51  3  3  4  21
  0  54  1  13  2  97  3  61  4  22
  0  8  1  2  2  3  3  27  4  22
  0  22  1  99  2  18  3  14  4  99
  0  91  1  76  2  2  3  60  4  50
  0  9  1  38  2  70  3  3  4  8
  0  58  1  73  2  93  3  7  4  28
  0  34  1  68  2  27  3  46  4  25
  0  85  1  7  2  63  3  33  4  3
  0  57  1  26  2  63  3  92  4  84
  0  66  1  80  2  70  3  78  4  79
  0  94  1  49  2  35  3  72  4  99
  0  62  1  2  2  77  3  28  4  2
  0  29  1  49  2  41  3  73  4  76
  0  6  1  16  2  69  3  18  4  75
  0  74  1  93  2  26  3  51  4  59
  0  13  1  52  2  82  3  71  4  99
  0  13  1  39  2  7  3  3  4  49
  0  40  1  65  2  54  3  42  4  26
  0  26  1  99  2  74  3  10  4  92
  0  15  1  87  2  54  3  67  4  38
  0  67  1  44  2  13  3  42  4  57
  0  56  1  92  2  14  3  90  4  51
  0  15  1  21  2  82  3  24  4  4
  0  85  1  18  2  11  3  1  4  86
  0  44  1  21  2  37  3  72  4  41
  0  46  1  52  2  50  3  27  4  67
  0  47  1  69  2  26  3  57  4  78
  0  43  1  8  2  65  3  69  4  56
  0  79  1  3  2  45  3  55  4  70
  0  91  1  65  2  25  3  64  4  40
  0  82  1  88  2  56  3  43  4  50
  0  3  1  38  2  33  3  78  4  10
  0  46  1  36  2  92  3  89  4  22
  0  94  1  49  2  15  3  68  4  64
  0  12  1  98  2  3  3  5  4  96
  0  97  1  44  2  15  3  39  4  99
  0  71  1  78  2  38  3  21  4  60
  0  35  1  74  2  75  3  78  4  82
  0  26  1  5  2  77  3  63  4  14
  0  80  1  40  2  21  3  47  4  7
  0  60  1  6  2  65  3  3  4  57
  0  67  1  94  2  20  3  53  4  79
  0  43  1  41  2  77  3  60  4  35
  0  69  1  71  2  8  3  40  4  79
  0  86  1  47  2  45  3  21  4  38
  0  68  1  88  2  71  3  25  4  92
  0  37  1  91  2  41  3  4  4  96
  0  31  1  43  2  36  3  61  4  71
  0  30  1  85  2  66  3  31  4  82
  0  12  1  88  2  44  3  35  4  31
  0  97  1  2  2  93  3  20  4  79
  0  19  1  26  2  82  3  65  4  46
  0  78  1  55  2  34  3  69  4  98
  0  40  1  88  2  48  3  70  4  97
  0  15  1  78  2  89  3  48  4  68
  0  3  1  39  2  48  3  58  4  84
  0  31  1  43  2  17  3  34  4  36
  0  30  1  71  2  38  3  23  4  53
  0  65  1  38  2  58  3  43  4  95
  0  67  1  53  2  57  3  49  4  21
  0  56  1  76  2  67  3  43  4  32
  0  95  1  78  2  41  3  63  4  71
  0  51  1  56  2  73  3  45  4  89
  0  66  1  62  2  47  3  54  4  94
  0  95  1  41  2  76  3  35  4  83
  0  79  1  24  2  38  3  59  4  62
  0  3  1  16  2  27  3  37  4  29
  0  43  1  36  2  69  3  96  4  82
  0  24  1  75  2  18  3  49  4  6
  0  1  1  27  2  93  3  27  4  79
  0  59  1  80  2  88  3  19  4  59
  0  73  1  28  2  74  3  67  4  62
  0  4  1  28  2  95  3  2  4  15
  0  82  1  1  2  35  3  66  4  28
  0  92  1  17  2  50  3  41  4  53
  0  83  1  9  2  38  3  59  4  10
  0  89  1  76  2  14  3  64  4  34
  0  77  1  44  2  41  3  25  4  32
  0  21  1  45  2  7  3  89  4  96
  0  51  1  61  2  55  3  83  4  49
  0  70  1  39  2  7  3  82  4  30
  0  40  1  99  2  2  3  90  4  52
  0  39  1  13  2  23  3  24  4  39
  0  89  1  44  2  18  3  32  4  80
  0  64  1  41  2  23  3  21  4  21
  0  48  1  89  2  34  3  16  4  37
  0  71  1  94  2  76  3  90  4  51
  0  71  1  7  2  32  3  43  4  77
  0  97  1  98  2  39  3  98  4  3
  0  47  1  51  2  79  3  14  4  56
  0  93  1  83  2  94  3  80  4  57
  0  48  1  31  2  65  3  84  4  26
  0  33  1  47  2  52  3  57  4  96
  0  78  1  6  2  27  3  83  4  65
  0  17  1  7  2  6  3  97  4  51
  0  67  1  15  2  12  3  63  4  33
  0  24  1  26  2  70  3  92  4  22
  0  21  1  54  2  14  3  54  4  71
  0  8  1  1  2  79  3  45  4  12
  0  97  1  27  2  18  3  22  4  43
  0  19  1  78  2  97  3  15  4  24
  0  36  1  87  2  22  3  53  4  22
  0  81  1  23  2  35  3  69  4  72
  0  5  1  12  2  17  3  89  4  31
  0  43  1  57  2  7  3  37  4  25
  0  31  1  31  2  53  3  44  4  33
  0  22  1  65  2  33  3  98  4  8
  0  53  1  94  2  62  3  81  4  62
  0  18  1  21  2  10  3  1  4  90
  0  45  1  83  2  65  3  83  4  17
  0  82  1  37  2  80  3  79  4  50
  0  13  1  52  2  41  3  83  4  39
  0  11  1  67  2  97  3  91  4  99
  0  41  1  16  2  97  3  93  4  88
  0  87  1  94  2  19  3  89  4  46
  0  96  1  18  2  29  3  55  4  73
  0  19  1  57  2  99  3  99  4  83
  0  58  1  27  2  7  3  47  4  52
  0  42  1  48  2  68  3  74  4  12
  0  72  1  52  2  12  3  35  4  54
  0  28  1  93  2  77  3  25  4  72
  0  50  1  83  2  13  3  28  4  5
  0  10  1  79  2  53  3  60  4  51
  0  11  1  1  2  77  3  45  4  3
  0  6  1  80  2  71  3  45  4  43
  0  23  1  95  2  8  3  83  4  5
  0  24  1  52  2  39  3  17  4  47
  0  60  1  3  2  62  3  11  4  31
  0  12  1  75  2  40  3  84  4  84
  0  41  1  94  2  88  3  15  4  85
  0  35  1  81  2  32  3  79  4  33
  0  77  1  46  2  97  3  54  4  49
  0  43  1  3  2  86  3  49  4  1
  0  66  1  10  2  9  3  43  4  26
  0  12  1  9  2  46  3  55  4  10
  0  42  1  63  2  3  3  29  4  78
  0  40  1  95  2  44  3  30  4  37
  0  45  1  83  2  63  3  68  4  93
  0  58  1  1  2  35  3  79  4  72
  0  29  1  19  2  9  3  99  4  81
  0  33  1  78  2  65  3  81  4  89
  0  74  1  51  2  55  3  2  4  37
  0  4  1  54  2  26  3  82  4  44
  0  33  1  39  2  8  3  75  4  2
  0  83  1  24  2  53  3  19  4  27
  0  94  1  74  2  2  3  32  4  79
  0  72  1  90  2  21  3  98  4  48
  0  57  1  82  2  75  3  68  4  82
  0  68  1  25  2  11  3  12  4  51
  0  88  1  24  2  79  3  66  4  42
  0  55  1  66  2  50  3  13  4  53
  0  10  1  41  2  99  3  35  4  6
  0  14  1  75  2  3  3  49  4  61
  0  2  1  28  2  26  3  49  4  15
  0  37  1  31  2  89  3  35  4  86
  0  79  1  31  2  18  3  94  4  59
  0  53  1  57  2  67  3  8  4  9
  0  99  1  41  2  33  3  56  4  34
  0  38  1  2  2  67  3  57  4  87
  0  74  1  20  2  44  3  70  4  50
  0  96  1  66  2  99  3  59  4  49
  0  29  1  14  2  7  3  10  4  38
  0  86  1  61  2  41  3  4  4  47
  0  53  1  82  2  38  3  72  4  97
  0  12  1  27  2  13  3  82  4  31
  0  52  1  40  2  80  3  66  4  21
  0  37  1  71  2  14  3  13  4  71
  0  78  1  90  2  52  3  22  4  72
  0  67  1  82  2  51  3  79  4  81
  0  70  1  30  2  7  3  77  4  95
  0  71  1  65  2  4  3  94  4  38
  0  63  1  76  2  49  3  99  4  87
  0  80  1  63  2  83  3  5  4  73
  0  54  1  37  2  51  3  13  4  44
  0  84  1  81  2  15  3  49  4  59
  0  9  1  32  2  86  3  43  4  47
  0  81  1  54  2  34  3  50  4  86
  0  44  1  32  2  86  3  5  4  2
  0  20  1  15  2  50  3  47  4  60
  0  45  1  30  2  6  3  52  4  92
  0  73  1  30  2  19  3  65  4  98
  0  96  1  3  2  43  3  59  4  19
  0  11  1  33  2  66  3  9  4  25
  0  17  1  70  2  72  3  63  4  24
  0  53  1  29  2  79  3  83  4  68
  0  82  1  15  2  62  3  23  4  93
  0  43  1  66  2  88  3  25  4  89
  0  82  1  95  2  51  3  93  4  80
  0  36  1  72  2  52  3  96  4  87
  0  69  1  79  2  81  3  25  4  63
  0  42  1  69  2  91  3  11  4  74
  0  18  1  40  2  20  3  87  4  3
  0  72  1  60  2  5  3  91  4  31
  0  33  1  7  2  17  3  15  4  1
  0  63  1  20  2  45  3  94  4  82
  0  48  1  82  2  58  3  6  4  12
  0  78  1  91  2  27  3  48  4  19
  0  95  1  24  2  41  3  73  4  51
  0  17  1  89  2  82  3  61  4  4
  0  35  1  32  2  49  3  24  4  79
  0  1  1  99  2  65  3  61  4  74
  0  69  1  11  2  73  3  69  4  16
  0  77  1  27  2  16  3  19  4  19
  0  8  1  72  2  91  3  63  4  80
  0  88  1  3  2  36  3  24  4  39
  0  65  1  77  2  19  3  81  4  54
  0  43  1  9  2  29  3  64  4  72
  0  8  1  22  2  20  3  42  4  37
  0  52  1  91  2  44  3  99  4  79
  0  98  1  65  2  25  3  18  4  73
  0  51  1  62  2  11  3  45  4  70
  0  80  1  11  2  58  3  31  4  14
  0  26  1  22  2  8  3  68  4  8
  0  76  1  77  2  61  3  92  4  8
  0  76  1  78  2  18  3  53  4  20
  0  51  1  70  2  70  3  61  4  3
  0  56  1  79  2  67  3  17  4  74
  0  83  1  45  2  13  3  51  4  36
  0  42  1  43  2  69  3  10  4  9
  0  48  1  78  2  80  3  94  4  28
  0  99  1  37  2  11  3  13  4  32
  0  79  1  94  2  56  3  47  4  66
  0  43  1  69  2  20  3  12  4  10
  0  75  1  20  2  65  3  77  4  50
  0  93  1  12  2  59  3  82  4  73
  0  70  1  83  2  68  3  17  4  85
  0  57  1  14  2  63  3  46  4  35
  0  33  1  48  2  65  3  25  4  40
  0  26  1  4  2  95  3  80  4  74
  0  36  1  96  2  69  3  98  4  75
  0  81  1  99  2  57  3  12  4  1
  0  58  1  60  2  41  3  12  4  70
  0  29  1  65  2  19  3  28  4  12
  0  16  1  37  2  10  3  1  4  18
  0  38  1  80  2  81  3  92  4  47
  0  19  1  19  2  83  3  68  4  33
  0  67  1  38  2  66  3  42  4  42
  0  76  1  52  2  49  3  8  4  49
  0  21  1  25  2  54  3  57  4  55
  0  78  1  81  2  64  3  96  4  86
  0  5  1  59  2  34  3  6  4  45
  0  28  1  72  2  93  3  84  4  49
  0  83  1  2  2  90  3  16  4  36
  0  38  1  32  2  58  3  73  4  83
  0  50  1  13  2  82  3  30  4  67
  0  63  1  60  2  78  3  18  4  51
  0  92  1  88  2  61  3  27  4  79
  0  97  1  6  2  98  3  90  4  39
  0  36  1  89  2  23  3  14  4  42
  0  13  1  90  2  23  3  91  4  27
  0  93  1  43  2  82  3  38  4  14
  0  10  1  71  2  48  3  49  4  40
  0  70  1  71  2  95  3  13  4  52
  0  69  1  15  2  87  3  13  4  79
  0  67  1  17  2  69  3  29  4  85
  0  7  1  2  2  69  3  25  4  9
  0  71  1  63  2  12  3  61  4  56
  0  19  1  78  2  12  3  7  4  42
  0  58  1  77  2  1  3  62  4  73
  0  35  1  44  2  53  3  48  4  58
  0  71  1  34  2  11  3  17  4  15
  0  53  1  93  2  21  3  59  4  66
  0  29  1  84  2  2  3  66  4  96
  0  23  1  80  2  39  3  82  4  16
  0  44  1  38  2  41  3  7  4  74
  0  98  1  90  2  9  3  83  4  55
  0  60  1  46  2  43  3  18  4  78
  0  53  1  36  2  14  3  87  4  97
  0  11  1  23  2  88  3  16  4  98
  0  44  1  88  2  61  3  22  4  73
  0  79  1  24  2  87  3  93  4  75
  0  45  1  69  2  93  3  4  4  61
  0  3  1  68  2  99  3  37  4  51
  0  71  1  71  2  67  3  27  4  24
  0  27  1  81  2  60  3  98  4  84
  0  44  1  59  2  22  3  96  4  67
  0  6  1  82  2  68  3  65  4  73
  0  31  1  57  2  13  3  67  4  2
  0  67  1  97  2  15  3  98  4  87
  0  69  1  72  2  27  3  34  4  28
  0  16  1  63  2  95  3  17  4  19
  0  90  1  93  2  88  3  62  4  38
  0  2  1  77  2  15  3  18  4  93
  0  96  1  72  2  36  3  3  4  30
  0  58  1  15  2  30  3  2  4  16
  0  67  1  14  2  33  3  45  4  6
  0  58  1  30  2  65  3  75  4  93
  0  49  1  9  2  35  3  86  4  43
  0  73  1  45  2  55  3  82  4  90
  0  21  1  43  2  2  3  86  4  59
  0  50  1  19  2  43  3  64  4  35
  0  30  1  86  2  9  3  39  4  69
  0  63  1  18  2  82  3  93  4  67
  0  66  1  44  2  28  3  55  4  10
  0  30  1  81  2  36  3  11  4  76
  0  27  1  29  2  20  3  52  4  89
  0  50  1  14  2  55  3  3  4  27
  0  20  1  24  2  18  3  89  4  71
  0  94  1  72  2  78  3  62  4  86
  0  67  1  50  2  7  3  88  4  2
  0  94  1  28  2  86  3  50  4  79
  0  16  1  58  2  2  3  88  4  34
  0  99  1  96  2  32  3  77  4  95
  0  8  1  24  2  92  3  29  4  76
  0  68  1  19  2  82  3  84  4  1
  0  26  1  98  2  26  3  73  4  32
  0  90  1  23  2  71  3  44  4  15
  0  74  1  16  2  53  3  60  4  54
  0  82  1  70  2  11  3  84  4  34
  0  92  1  70  2  61  3  57  4  29
  0  82  1  94  2  51  3  27  4  74
  0  4  1  99  2  86  3  92  4  70
  0  28  1  42  2  32  3  43  4  35
  0  51  1  65  2  56  3  39  4  33
  0  17  1  79  2  82  3  25  4  56
  0  44  1  88  2  66  3  96  4  90
  0  57  1  18  2  9  3  37  4  49
  0  87  1  11  2  76  3  99  4  11
  0  84  1  27  2  39  3  98  4  18
  0  17  1  45  2  81  3  87  4  72
  0  26  1  78  2  28  3  28  4  19
  0  84  1  52  2  90  3  62  4  67
  0  13  1  26  2  60  3  85  4  28
  0  45  1  56  2  6  3  6  4  3
  0  83  1  53  2  39  3  51  4  66
  0  31  1  71  2  1  3  68  4  7
  0  25  1  78  2  37  3  26  4  67
  0  97  1  77  2  24  3  58  4  65
  0  55  1  30  2  78  3  99  4  13
  0  98  1  57  2  35  3  47  4  98
  0  40  1  32  2  94  3  57  4  65
  0  23  1  98  2  28  3  35  4  50
  0  79  1  36  2  15  3  5  4  14
  0  27  1  77  2  41  3  6  4  6
  0  81  1  38  2  99  3  53  4  73
  0  44  1  68  2  60  3  9  4  3
  0  82  1  2  2  69  3  68  4  30
  0  57  1  15  2  49  3  61  4  46
  0  75  1  27  2  60  3  19  4  92
  0  59  1  83  2  46  3  70  4  62
  0  5  1  82  2  74  3  5  4  59
  0  1  1  94  2  94  3  87  4  15
  0  86  1  18  2  4  3  60  4  15
  0  65  1  48  2  75  3  89  4  64
  0  9  1  6  2  75  3  88  4  2
  0  45  1  88  2  26  3  53  4  63
  0  32  1  14  2  36  3  97  4  32
  0  87  1  33  2  95  3  64  4  87
  0  41  1  46  2  94  3  29  4  35
  0  37  1  70  2  27  3  63  4  24
  0  32  1  29  2  32  3  88  4  40
  0  99  1  1  2  40  3  25  4  65
  0  15  1  71  2  14  3  4  4  19
  0  81  1  98  2  34  3  51  4  32
  0  22  1  60  2  4  3  75  4  30
  0  59  1  85  2  7  3  1  4  12
  0  48  1  2  2  34  3  29  4  52
  0  44  1  95  2  23  3  64  4  71
  0  23  1  16  2  41  3  77  4  41
  0  88  1  29  2  54  3  59  4  19
  0  77  1  62  2  27  3  53  4  62
  0  63  1  85  2  11  3  44  4  58
  0  39  1  28  2  34  3  98  4  29
  0  78  1  24  2  82  3  86  4  24
  0  6  1  44  2  97  3  89  4  90
  0  4  1  8  2  78  3  2  4  24
  0  49  1  46  2  8  3  5  4  61
  0  7  1  7  2  11  3  48  4  58
  0  83  1  95  2  90  3  36  4  7
  0  93  1  98  2  18  3  36  4  79
  0  79  1  68  2  46  3  4  4  59
  0  78  1  1  2  84  3  79  4  35
  0  28  1  89  2  45  3  42  4  71
  0  44  1  25  2  62  3  40  4  56
  0  2  1  57  2  61  3  35  4  30
  0  46  1  14  2  55  3  67  4  13
  0  7  1  74  2  60  3  25  4  15
  0  34  1  15  2  48  3  95  4  69
  0  89  1  69  2  58  3  39  4  71
  0  63  1  30  2  26  3  40  4  66
  0  69  1  78  2  25  3  38  4  16
  0  10  1  3  2  23  3  60  4  39
  0  8  1  57  2  91  3  73  4  35
  0  65  1  48  2  56  3  64  4  43
  0  80  1  23  2  43  3  45  4  99
  0  47  1  95  2  89  3  77  4  60
  0  48  1  63  2  10  3  94  4  90
  0  6  1  68  2  65  3  24  4  81
  0  6  1  90  2  36  3  70  4  75
  0  41  1  31  2  58  3  92  4  33
  0  5  1  83  2  43  3  23  4  18
  0  79  1  20  2  79  3  33  4  29
  0  43  1  24  2  10  3  99  4  85
  0  61  1  69  2  45  3  23  4  59
  0  79  1  86  2  70  3  46  4  14
  0  99  1  77  2  12  3  95  4  78
  0  98  1  65  2  29  3  65  4  53
  0  59  1  58  2  39  3  39  4  90
  0  43  1  18  2  85  3  54  4  9
  0  26  1  29  2  72  3  26  4  17
  0  68  1  67  2  25  3  58  4  32
  0  28  1  47  2  16  3  49  4  81
  0  95  1  1  2  29  3  92  4  22
  0  63  1  65  2  39  3  81  4  43
  0  41  1  25  2  30  3  15  4  98
  0  54  1  48  2  90  3  78  4  64
  0  18  1  55  2  72  3  77  4  87
  0  64  1  25  2  50  3  89  4  20
  0  75  1  9  2  20  3  1  4  51
  0  94  1  68  2  25  3  16  4  81
  0  73  1  60  2  64  3  14  4  43
  0  10  1  8  2  92  3  49  4  47
  0  82  1  10  2  3  3  75  4  89
TPM
  0  2857  1  2857  2  2857  3  2857  4  2857
PMT
  0  22  1  16  2  7  3  11  4  4
  0  10  1  9  2  18  3  5  4  18
  0  14  1  10  2  22  3  11  4  19
  0  6  1  5  2  22  3  4  4  2
  0  19  1  19  2  4  3  18  4  24
  0  14  1  12  2  23  3  5  4  7
  0  16  1  14  2  6  3  5  4  5
  0  9  1  3  2  9  3  5  4  23
  0  24  1  22  2  11  3  20  4  9
  0  6  1  7  2  23  3  2  4  15
  0  19  1  5  2  8  3  19  4  18
  0  21  1  17  2  8  3  12  4  19
  0  12  1  11  2  23  3  22  4  1
  0  23  1  15  2  3  3  6  4  18
  0  12  1  5  2  1  3  4  4  13
  0  16  1  6  2  18  3  12  4  2
  0  24  1  20  2  18  3  4  4  17
  0  7  1  13  2  16  3  15  4  15
