20  15
  0  36  1  89  2  93  3  16  4  41  5  22  6  31  7  16  8  88  9  89  10  12  11  9  12  50  13  32  14  68
  0  46  1  82  2  17  3  32  4  9  5  15  6  72  7  50  8  63  9  44  10  69  11  74  12  1  13  43  14  46
  0  44  1  59  2  97  3  94  4  98  5  64  6  28  7  51  8  79  9  39  10  60  11  53  12  2  13  67  14  49
  0  60  1  25  2  8  3  85  4  57  5  23  6  98  7  17  8  72  9  69  10  93  11  73  12  92  13  55  14  28
  0  86  1  53  2  20  3  99  4  28  5  26  6  68  7  4  8  18  9  54  10  91  11  85  12  72  13  85  14  27
  0  68  1  96  2  14  3  13  4  85  5  28  6  30  7  28  8  23  9  11  10  38  11  34  12  51  13  38  14  93
  0  35  1  6  2  85  3  64  4  45  5  31  6  55  7  20  8  21  9  17  10  67  11  7  12  93  13  77  14  86
  0  65  1  20  2  60  3  72  4  79  5  17  6  84  7  85  8  93  9  80  10  32  11  87  12  6  13  71  14  64
  0  15  1  48  2  33  3  24  4  28  5  4  6  78  7  42  8  49  9  8  10  53  11  71  12  50  13  58  14  65
  0  97  1  47  2  16  3  38  4  25  5  22  6  69  7  23  8  21  9  71  10  3  11  88  12  59  13  50  14  85
  0  63  1  17  2  71  3  78  4  96  5  4  6  64  7  17  8  82  9  26  10  18  11  16  12  36  13  16  14  51
  0  27  1  37  2  85  3  91  4  8  5  67  6  76  7  52  8  12  9  18  10  18  11  37  12  7  13  38  14  21
  0  19  1  56  2  38  3  55  4  64  5  51  6  98  7  3  8  11  9  67  10  19  11  84  12  8  13  68  14  20
  0  84  1  71  2  2  3  90  4  39  5  46  6  55  7  20  8  61  9  38  10  58  11  90  12  7  13  75  14  51
  0  90  1  16  2  23  3  65  4  80  5  78  6  37  7  79  8  40  9  9  10  47  11  42  12  53  13  28  14  5
  0  81  1  31  2  91  3  26  4  42  5  59  6  14  7  24  8  20  9  35  10  59  11  14  12  78  13  32  14  25
  0  16  1  76  2  86  3  26  4  12  5  34  6  25  7  48  8  25  9  22  10  47  11  43  12  17  13  46  14  51
  0  73  1  34  2  68  3  69  4  36  5  41  6  76  7  28  8  22  9  30  10  5  11  76  12  82  13  81  14  63
  0  32  1  19  2  28  3  18  4  41  5  16  6  44  7  51  8  56  9  79  10  50  11  79  12  73  13  59  14  27
  0  6  1  80  2  45  3  59  4  37  5  15  6  98  7  61  8  7  9  35  10  36  11  56  12  63  13  36  14  78
TPM
  0  595  1  595  2  595  3  595  4  595  5  595  6  595  7  595  8  595  9  595  10  595  11  595  12  595  13  595  14  595
PMT
  0  3  1  12  2  42  3  22  4  11  5  3  6  22  7  16  8  47  9  38  10  7  11  24  12  13  13  2  14  49
  0  22  1  25  2  33  3  5  4  39  5  42  6  45  7  11  8  21  9  21  10  1  11  33  12  42  13  42  14  45
  0  16  1  12  2  8  3  46  4  42  5  30  6  22  7  33  8  34  9  3  10  26  11  20  12  42  13  44  14  26
  0  42  1  15  2  9  3  11  4  47  5  5  6  7  7  26  8  15  9  12  10  8  11  28  12  1  13  32  14  26
