50  5
  0  45  1  93  2  52  3  58  4  79
  0  27  1  49  2  69  3  42  4  86
  0  85  1  8  2  40  3  80  4  35
  0  51  1  7  2  5  3  69  4  69
  0  3  1  42  2  47  3  50  4  48
  0  40  1  31  2  95  3  51  4  11
  0  90  1  17  2  53  3  91  4  55
  0  96  1  25  2  69  3  21  4  19
  0  68  1  51  2  35  3  74  4  24
  0  18  1  99  2  93  3  80  4  29
  0  78  1  54  2  25  3  31  4  96
  0  90  1  9  2  3  3  63  4  80
  0  93  1  50  2  57  3  88  4  4
  0  3  1  60  2  5  3  16  4  12
  0  22  1  95  2  46  3  25  4  2
  0  54  1  24  2  99  3  3  4  32
  0  58  1  77  2  13  3  75  4  37
  0  32  1  14  2  94  3  19  4  59
  0  1  1  64  2  3  3  79  4  62
  0  97  1  85  2  65  3  88  4  76
  0  48  1  13  2  95  3  2  4  22
  0  29  1  21  2  19  3  35  4  86
  0  96  1  19  2  32  3  92  4  15
  0  21  1  23  2  48  3  48  4  99
  0  1  1  9  2  74  3  90  4  36
  0  77  1  41  2  7  3  40  4  72
  0  49  1  46  2  42  3  68  4  48
  0  60  1  44  2  90  3  69  4  33
  0  28  1  27  2  49  3  73  4  44
  0  71  1  14  2  26  3  90  4  14
  0  14  1  63  2  77  3  57  4  54
  0  99  1  30  2  7  3  41  4  46
  0  60  1  78  2  43  3  95  4  47
  0  3  1  50  2  14  3  61  4  45
  0  61  1  61  2  52  3  48  4  40
  0  88  1  86  2  71  3  27  4  69
  0  78  1  98  2  89  3  63  4  76
  0  20  1  50  2  26  3  94  4  13
  0  25  1  18  2  91  3  90  4  56
  0  55  1  36  2  77  3  38  4  25
  0  25  1  37  2  52  3  60  4  33
  0  62  1  64  2  25  3  7  4  5
  0  62  1  76  2  47  3  3  4  17
  0  95  1  22  2  18  3  12  4  1
  0  18  1  23  2  69  3  92  4  28
  0  79  1  66  2  94  3  10  4  84
  0  9  1  75  2  87  3  15  4  33
  0  81  1  69  2  62  3  32  4  15
  0  1  1  45  2  17  3  19  4  86
  0  59  1  2  2  80  3  44  4  81
TPM
  0  813  1  813  2  813  3  813  4  813
PMT
  0  25  1  48  2  66  3  49  4  67
  0  13  1  19  2  68  3  39  4  33
  0  97  1  49  2  28  3  69  4  5
  0  40  1  38  2  75  3  41  4  27
  0  63  1  59  2  17  3  21  4  75
  0  11  1  14  2  36  3  14  4  56
  0  72  1  50  2  17  3  88  4  78
