20  10
  0  43  1  2  2  89  3  78  4  50  5  82  6  77  7  25  8  27  9  6
  0  70  1  1  2  43  3  23  4  37  5  48  6  98  7  6  8  51  9  18
  0  78  1  59  2  86  3  14  4  70  5  39  6  31  7  70  8  22  9  8
  0  77  1  7  2  64  3  81  4  64  5  15  6  27  7  39  8  59  9  76
  0  1  1  11  2  17  3  36  4  55  5  70  6  48  7  55  8  93  9  82
  0  87  1  29  2  3  3  89  4  46  5  55  6  54  7  45  8  78  9  64
  0  29  1  11  2  15  3  59  4  1  5  89  6  25  7  37  8  92  9  60
  0  14  1  73  2  76  3  24  4  82  5  94  6  1  7  95  8  83  9  78
  0  64  1  82  2  66  3  48  4  53  5  52  6  92  7  54  8  22  9  65
  0  53  1  62  2  98  3  29  4  40  5  84  6  13  7  9  8  32  9  27
  0  2  1  90  2  12  3  44  4  45  5  86  6  18  7  14  8  8  9  20
  0  96  1  74  2  22  3  46  4  17  5  8  6  18  7  85  8  52  9  27
  0  91  1  72  2  50  3  26  4  71  5  52  6  36  7  97  8  10  9  81
  0  33  1  14  2  31  3  10  4  84  5  42  6  98  7  48  8  12  9  26
  0  79  1  50  2  54  3  67  4  27  5  69  6  55  7  81  8  16  9  60
  0  15  1  9  2  81  3  45  4  2  5  10  6  64  7  53  8  4  9  84
  0  54  1  8  2  65  3  71  4  85  5  30  6  29  7  38  8  33  9  68
  0  93  1  60  2  95  3  76  4  38  5  52  6  93  7  4  8  90  9  92
  0  88  1  78  2  35  3  56  4  12  5  69  6  82  7  66  8  71  9  86
  0  56  1  99  2  62  3  45  4  54  5  18  6  97  7  96  8  6  9  22
TPM
  0  678  1  678  2  678  3  678  4  678  5  678  6  678  7  678  8  678  9  678
PMT
  0  10  1  3  2  8  3  10  4  4  5  17  6  11  7  23  8  21  9  16
  0  4  1  2  2  2  3  19  4  7  5  12  6  1  7  10  8  1  9  10
  0  15  1  22  2  5  3  17  4  24  5  3  6  4  7  4  8  6  9  21
