50  20
  0  17  1  92  2  39  3  99  4  91  5  56  6  86  7  46  8  54  9  31  10  76  11  23  12  21  13  30  14  8  15  63  16  80  17  17  18  58  19  95
  0  4  1  42  2  19  3  90  4  80  5  17  6  61  7  28  8  82  9  34  10  89  11  97  12  80  13  39  14  63  15  58  16  57  17  93  18  2  19  8
  0  96  1  11  2  10  3  57  4  42  5  41  6  82  7  94  8  49  9  31  10  78  11  79  12  82  13  1  14  60  15  24  16  28  17  2  18  59  19  32
  0  22  1  49  2  9  3  11  4  16  5  48  6  32  7  78  8  30  9  51  10  12  11  20  12  68  13  16  14  53  15  80  16  85  17  65  18  26  19  90
  0  48  1  46  2  51  3  62  4  14  5  48  6  56  7  97  8  22  9  40  10  27  11  10  12  83  13  21  14  27  15  37  16  99  17  96  18  56  19  2
  0  55  1  32  2  73  3  51  4  49  5  37  6  7  7  72  8  92  9  92  10  26  11  77  12  50  13  10  14  51  15  99  16  24  17  96  18  13  19  34
  0  12  1  70  2  99  3  34  4  64  5  22  6  58  7  34  8  50  9  52  10  23  11  53  12  88  13  10  14  93  15  29  16  12  17  14  18  93  19  46
  0  66  1  33  2  71  3  90  4  65  5  64  6  29  7  32  8  52  9  32  10  90  11  15  12  39  13  78  14  42  15  11  16  26  17  49  18  19  19  64
  0  21  1  81  2  96  3  39  4  2  5  31  6  33  7  37  8  14  9  27  10  66  11  49  12  76  13  17  14  53  15  71  16  44  17  48  18  12  19  84
  0  50  1  8  2  97  3  76  4  30  5  94  6  44  7  75  8  95  9  19  10  24  11  98  12  8  13  44  14  17  15  49  16  80  17  9  18  1  19  17
  0  3  1  6  2  5  3  60  4  55  5  95  6  65  7  70  8  74  9  94  10  2  11  61  12  87  13  49  14  95  15  16  16  5  17  94  18  22  19  1
  0  61  1  66  2  93  3  18  4  43  5  96  6  1  7  55  8  25  9  29  10  61  11  70  12  17  13  23  14  11  15  90  16  99  17  41  18  99  19  47
  0  86  1  32  2  81  3  51  4  45  5  51  6  99  7  86  8  68  9  99  10  19  11  88  12  78  13  48  14  46  15  8  16  1  17  89  18  42  19  14
  0  48  1  45  2  28  3  53  4  81  5  98  6  19  7  85  8  70  9  45  10  54  11  65  12  47  13  83  14  6  15  27  16  19  17  80  18  73  19  2
  0  17  1  76  2  5  3  74  4  63  5  42  6  4  7  64  8  92  9  70  10  12  11  60  12  76  13  85  14  66  15  81  16  13  17  95  18  84  19  22
  0  92  1  19  2  25  3  1  4  61  5  69  6  10  7  42  8  17  9  70  10  33  11  28  12  35  13  37  14  75  15  29  16  97  17  44  18  89  19  89
  0  69  1  80  2  55  3  19  4  54  5  44  6  93  7  29  8  15  9  24  10  93  11  10  12  55  13  93  14  11  15  34  16  75  17  4  18  2  19  34
  0  64  1  29  2  47  3  94  4  97  5  37  6  54  7  53  8  29  9  71  10  29  11  93  12  21  13  57  14  96  15  90  16  35  17  87  18  77  19  27
  0  81  1  38  2  57  3  93  4  12  5  24  6  12  7  54  8  74  9  96  10  69  11  23  12  98  13  32  14  36  15  86  16  66  17  80  18  90  19  80
  0  67  1  63  2  46  3  95  4  75  5  33  6  34  7  63  8  88  9  52  10  40  11  64  12  94  13  38  14  14  15  47  16  77  17  82  18  30  19  59
  0  80  1  52  2  75  3  12  4  72  5  27  6  68  7  46  8  94  9  15  10  59  11  79  12  84  13  76  14  70  15  21  16  2  17  35  18  46  19  5
  0  1  1  46  2  52  3  86  4  26  5  69  6  25  7  81  8  35  9  61  10  70  11  54  12  57  13  72  14  60  15  85  16  50  17  29  18  68  19  74
  0  23  1  32  2  64  3  50  4  22  5  89  6  30  7  4  8  8  9  87  10  84  11  69  12  67  13  45  14  37  15  1  16  36  17  23  18  84  19  37
  0  29  1  73  2  36  3  51  4  6  5  52  6  38  7  14  8  13  9  27  10  11  11  30  12  80  13  71  14  35  15  25  16  79  17  2  18  56  19  86
  0  38  1  7  2  79  3  90  4  2  5  96  6  70  7  67  8  75  9  34  10  8  11  88  12  69  13  55  14  35  15  72  16  67  17  81  18  4  19  48
  0  53  1  78  2  20  3  29  4  87  5  16  6  26  7  69  8  24  9  31  10  82  11  17  12  78  13  9  14  36  15  85  16  29  17  20  18  77  19  8
  0  81  1  84  2  39  3  43  4  29  5  58  6  74  7  44  8  22  9  48  10  25  11  21  12  80  13  11  14  73  15  46  16  53  17  94  18  19  19  83
  0  85  1  18  2  41  3  54  4  54  5  2  6  37  7  56  8  90  9  2  10  38  11  99  12  82  13  2  14  50  15  39  16  45  17  59  18  64  19  4
  0  86  1  34  2  49  3  50  4  17  5  23  6  2  7  12  8  73  9  82  10  24  11  97  12  59  13  21  14  68  15  63  16  27  17  89  18  42  19  85
  0  39  1  2  2  81  3  78  4  95  5  55  6  36  7  52  8  20  9  51  10  17  11  94  12  22  13  15  14  97  15  36  16  98  17  83  18  83  19  18
  0  35  1  97  2  75  3  75  4  4  5  21  6  2  7  16  8  1  9  72  10  86  11  39  12  44  13  48  14  88  15  39  16  28  17  64  18  22  19  85
  0  18  1  49  2  43  3  70  4  23  5  63  6  69  7  60  8  75  9  30  10  51  11  11  12  13  13  7  14  37  15  15  16  41  17  17  18  79  19  94
  0  16  1  45  2  83  3  65  4  87  5  39  6  91  7  31  8  72  9  91  10  58  11  78  12  69  13  89  14  60  15  88  16  26  17  48  18  41  19  88
  0  12  1  73  2  88  3  95  4  72  5  19  6  94  7  45  8  57  9  31  10  42  11  85  12  54  13  97  14  21  15  97  16  65  17  45  18  75  19  65
  0  14  1  43  2  20  3  3  4  67  5  28  6  81  7  19  8  7  9  31  10  63  11  68  12  86  13  92  14  31  15  37  16  67  17  89  18  65  19  29
  0  5  1  3  2  30  3  88  4  34  5  16  6  64  7  50  8  87  9  5  10  76  11  9  12  25  13  73  14  12  15  61  16  69  17  39  18  26  19  35
  0  78  1  70  2  66  3  32  4  91  5  37  6  65  7  54  8  40  9  20  10  89  11  63  12  96  13  94  14  88  15  5  16  15  17  81  18  55  19  19
  0  79  1  30  2  81  3  86  4  69  5  81  6  63  7  92  8  98  9  21  10  13  11  20  12  94  13  21  14  54  15  92  16  34  17  27  18  29  19  28
  0  22  1  56  2  35  3  73  4  12  5  86  6  61  7  47  8  93  9  69  10  14  11  85  12  80  13  98  14  30  15  80  16  97  17  10  18  31  19  64
  0  40  1  89  2  61  3  66  4  48  5  30  6  9  7  47  8  34  9  54  10  13  11  92  12  34  13  89  14  98  15  23  16  94  17  81  18  95  19  37
  0  8  1  51  2  34  3  13  4  42  5  63  6  12  7  31  8  49  9  48  10  97  11  80  12  43  13  81  14  95  15  71  16  70  17  42  18  89  19  74
  0  26  1  77  2  57  3  45  4  85  5  57  6  99  7  5  8  50  9  1  10  39  11  99  12  33  13  93  14  86  15  47  16  30  17  44  18  70  19  38
  0  54  1  30  2  73  3  75  4  22  5  54  6  39  7  42  8  31  9  96  10  31  11  37  12  59  13  29  14  56  15  36  16  76  17  40  18  86  19  46
  0  50  1  86  2  41  3  72  4  84  5  60  6  22  7  15  8  27  9  32  10  98  11  56  12  31  13  37  14  93  15  18  16  55  17  85  18  16  19  92
  0  40  1  30  2  44  3  80  4  96  5  10  6  53  7  75  8  94  9  66  10  33  11  6  12  30  13  4  14  53  15  98  16  16  17  8  18  63  19  30
  0  27  1  89  2  42  3  1  4  87  5  92  6  21  7  9  8  84  9  73  10  54  11  46  12  45  13  70  14  18  15  31  16  15  17  91  18  45  19  33
  0  17  1  10  2  41  3  76  4  88  5  32  6  27  7  28  8  20  9  87  10  13  11  85  12  39  13  47  14  97  15  42  16  20  17  67  18  45  19  80
  0  16  1  36  2  81  3  32  4  35  5  43  6  16  7  2  8  4  9  17  10  79  11  32  12  9  13  85  14  39  15  82  16  88  17  78  18  19  19  20
  0  30  1  50  2  48  3  59  4  85  5  9  6  14  7  11  8  14  9  77  10  81  11  2  12  20  13  11  14  29  15  88  16  35  17  70  18  79  19  83
  0  70  1  97  2  55  3  58  4  26  5  60  6  78  7  83  8  58  9  63  10  83  11  42  12  16  13  37  14  23  15  11  16  4  17  45  18  89  19  94
TPM
  0  1039  1  1039  2  1039  3  1039  4  1039  5  1039  6  1039  7  1039  8  1039  9  1039  10  1039  11  1039  12  1039  13  1039  14  1039  15  1039  16  1039  17  1039  18  1039  19  1039
PMT
  0  22  1  41  2  36  3  35  4  15  5  29  6  14  7  30  8  7  9  34  10  14  11  27  12  16  13  9  14  12  15  26  16  7  17  20  18  21  19  34
  0  43  1  16  2  38  3  33  4  44  5  44  6  34  7  41  8  22  9  1  10  39  11  19  12  36  13  45  14  44  15  10  16  23  17  28  18  6  19  1
  0  35  1  23  2  26  3  37  4  11  5  13  6  42  7  6  8  1  9  40  10  18  11  31  12  17  13  25  14  30  15  40  16  48  17  18  18  47  19  49
  0  37  1  43  2  40  3  22  4  28  5  27  6  12  7  7  8  15  9  3  10  7  11  36  12  27  13  7  14  13  15  41  16  44  17  26  18  48  19  47
  0  9  1  39  2  47  3  11  4  7  5  1  6  47  7  34  8  15  9  6  10  41  11  36  12  35  13  44  14  27  15  37  16  17  17  33  18  49  19  24
