500  20
  0  35  1  66  2  2  3  59  4  85  5  48  6  11  7  84  8  63  9  14  10  56  11  88  12  42  13  20  14  13  15  90  16  85  17  16  18  55  19  78
  0  14  1  75  2  91  3  50  4  19  5  59  6  25  7  26  8  66  9  30  10  30  11  8  12  68  13  16  14  95  15  34  16  25  17  80  18  99  19  66
  0  45  1  56  2  76  3  17  4  11  5  37  6  22  7  79  8  50  9  49  10  43  11  40  12  17  13  37  14  33  15  78  16  7  17  39  18  38  19  82
  0  49  1  39  2  54  3  33  4  56  5  8  6  61  7  40  8  22  9  95  10  72  11  37  12  2  13  12  14  82  15  54  16  10  17  17  18  22  19  36
  0  18  1  11  2  52  3  73  4  52  5  1  6  74  7  70  8  7  9  65  10  18  11  46  12  23  13  59  14  39  15  66  16  17  17  26  18  52  19  44
  0  43  1  12  2  63  3  47  4  18  5  95  6  81  7  19  8  63  9  75  10  39  11  80  12  27  13  83  14  25  15  88  16  93  17  21  18  25  19  53
  0  97  1  25  2  35  3  52  4  94  5  19  6  62  7  82  8  59  9  99  10  52  11  44  12  18  13  69  14  4  15  53  16  18  17  17  18  56  19  11
  0  12  1  2  2  52  3  91  4  6  5  92  6  32  7  22  8  78  9  70  10  93  11  64  12  99  13  99  14  35  15  17  16  86  17  17  18  51  19  13
  0  81  1  3  2  68  3  71  4  41  5  26  6  32  7  20  8  64  9  79  10  64  11  14  12  10  13  54  14  90  15  5  16  70  17  11  18  69  19  49
  0  9  1  45  2  93  3  46  4  70  5  65  6  39  7  39  8  36  9  22  10  87  11  47  12  69  13  56  14  37  15  90  16  71  17  63  18  83  19  22
  0  60  1  82  2  43  3  92  4  26  5  62  6  36  7  14  8  28  9  55  10  63  11  75  12  48  13  60  14  35  15  52  16  6  17  95  18  48  19  3
  0  92  1  72  2  3  3  34  4  97  5  23  6  21  7  98  8  32  9  80  10  97  11  38  12  48  13  22  14  4  15  97  16  42  17  23  18  21  19  69
  0  72  1  88  2  61  3  38  4  29  5  51  6  34  7  41  8  43  9  57  10  36  11  73  12  20  13  77  14  81  15  78  16  32  17  15  18  7  19  25
  0  8  1  99  2  14  3  57  4  8  5  87  6  36  7  61  8  54  9  8  10  29  11  82  12  88  13  18  14  41  15  9  16  42  17  73  18  7  19  81
  0  57  1  14  2  56  3  97  4  97  5  17  6  57  7  42  8  26  9  85  10  10  11  32  12  51  13  59  14  75  15  77  16  57  17  65  18  5  19  95
  0  72  1  55  2  97  3  20  4  48  5  96  6  7  7  92  8  47  9  3  10  70  11  48  12  62  13  22  14  37  15  9  16  17  17  40  18  18  19  48
  0  21  1  38  2  73  3  16  4  76  5  23  6  24  7  2  8  58  9  35  10  52  11  1  12  23  13  75  14  13  15  5  16  15  17  24  18  87  19  24
  0  65  1  35  2  43  3  24  4  11  5  38  6  83  7  18  8  85  9  68  10  1  11  74  12  50  13  17  14  63  15  5  16  62  17  70  18  5  19  42
  0  6  1  73  2  96  3  55  4  43  5  49  6  15  7  22  8  40  9  43  10  40  11  75  12  81  13  88  14  47  15  99  16  95  17  9  18  78  19  24
  0  24  1  90  2  96  3  58  4  34  5  14  6  76  7  59  8  50  9  4  10  65  11  19  12  38  13  52  14  33  15  22  16  85  17  27  18  93  19  11
  0  63  1  42  2  46  3  47  4  47  5  98  6  4  7  74  8  47  9  78  10  78  11  5  12  65  13  69  14  47  15  92  16  81  17  65  18  32  19  73
  0  49  1  45  2  53  3  59  4  31  5  39  6  34  7  48  8  18  9  29  10  91  11  70  12  14  13  58  14  18  15  76  16  75  17  24  18  38  19  55
  0  37  1  86  2  20  3  23  4  60  5  34  6  44  7  32  8  92  9  54  10  80  11  73  12  30  13  38  14  17  15  98  16  98  17  94  18  47  19  61
  0  19  1  47  2  2  3  56  4  10  5  68  6  88  7  29  8  45  9  40  10  73  11  55  12  74  13  69  14  13  15  25  16  70  17  86  18  33  19  84
  0  55  1  8  2  93  3  21  4  26  5  44  6  9  7  81  8  95  9  76  10  96  11  73  12  85  13  43  14  70  15  83  16  60  17  98  18  22  19  8
  0  96  1  47  2  38  3  98  4  8  5  56  6  47  7  36  8  73  9  99  10  9  11  19  12  45  13  98  14  73  15  6  16  38  17  47  18  81  19  58
  0  16  1  39  2  84  3  78  4  26  5  48  6  93  7  22  8  60  9  20  10  9  11  46  12  37  13  62  14  60  15  13  16  25  17  71  18  86  19  69
  0  59  1  14  2  20  3  60  4  30  5  45  6  47  7  54  8  29  9  49  10  89  11  86  12  89  13  29  14  88  15  54  16  62  17  65  18  21  19  4
  0  95  1  47  2  62  3  10  4  37  5  24  6  70  7  38  8  52  9  37  10  72  11  18  12  34  13  42  14  65  15  93  16  63  17  9  18  70  19  24
  0  25  1  75  2  87  3  35  4  89  5  89  6  63  7  59  8  32  9  67  10  51  11  14  12  42  13  41  14  27  15  98  16  31  17  90  18  99  19  19
  0  55  1  68  2  22  3  56  4  15  5  67  6  96  7  58  8  91  9  1  10  22  11  6  12  18  13  69  14  34  15  77  16  25  17  60  18  40  19  37
  0  86  1  95  2  37  3  99  4  63  5  9  6  70  7  45  8  16  9  42  10  81  11  9  12  38  13  77  14  30  15  46  16  37  17  43  18  15  19  55
  0  46  1  72  2  9  3  23  4  63  5  94  6  87  7  95  8  45  9  74  10  26  11  14  12  90  13  63  14  80  15  62  16  11  17  2  18  88  19  14
  0  55  1  77  2  50  3  69  4  46  5  69  6  68  7  27  8  47  9  90  10  75  11  41  12  50  13  26  14  67  15  33  16  81  17  36  18  9  19  80
  0  39  1  62  2  5  3  96  4  24  5  55  6  36  7  64  8  27  9  16  10  4  11  3  12  75  13  18  14  42  15  68  16  61  17  49  18  82  19  25
  0  6  1  6  2  82  3  29  4  15  5  4  6  55  7  24  8  54  9  98  10  59  11  30  12  34  13  47  14  38  15  77  16  79  17  25  18  11  19  24
  0  43  1  94  2  64  3  42  4  66  5  1  6  95  7  84  8  6  9  11  10  97  11  47  12  87  13  51  14  92  15  93  16  41  17  95  18  60  19  18
  0  30  1  9  2  4  3  49  4  96  5  50  6  63  7  30  8  64  9  95  10  62  11  17  12  79  13  25  14  45  15  95  16  82  17  88  18  50  19  3
  0  41  1  49  2  14  3  84  4  83  5  61  6  16  7  64  8  18  9  38  10  95  11  70  12  20  13  10  14  7  15  53  16  32  17  86  18  93  19  11
  0  1  1  62  2  1  3  77  4  44  5  40  6  49  7  59  8  43  9  61  10  46  11  13  12  66  13  51  14  9  15  10  16  95  17  40  18  12  19  30
  0  24  1  11  2  3  3  68  4  1  5  69  6  35  7  62  8  84  9  65  10  20  11  59  12  22  13  88  14  85  15  99  16  37  17  18  18  4  19  62
  0  31  1  20  2  27  3  18  4  21  5  1  6  36  7  79  8  43  9  64  10  92  11  36  12  27  13  40  14  46  15  33  16  11  17  73  18  57  19  6
  0  39  1  94  2  9  3  99  4  80  5  11  6  30  7  31  8  43  9  81  10  63  11  67  12  93  13  85  14  36  15  25  16  83  17  75  18  26  19  31
  0  55  1  76  2  20  3  86  4  83  5  96  6  20  7  17  8  55  9  28  10  43  11  21  12  18  13  74  14  5  15  35  16  37  17  33  18  97  19  81
  0  40  1  1  2  10  3  67  4  39  5  1  6  20  7  50  8  71  9  50  10  84  11  87  12  79  13  93  14  10  15  43  16  40  17  96  18  45  19  6
  0  1  1  59  2  64  3  52  4  81  5  2  6  26  7  53  8  71  9  33  10  6  11  15  12  92  13  88  14  51  15  90  16  45  17  27  18  25  19  17
  0  40  1  92  2  96  3  52  4  74  5  2  6  29  7  25  8  31  9  3  10  65  11  20  12  79  13  16  14  93  15  52  16  33  17  67  18  70  19  27
  0  74  1  54  2  19  3  55  4  55  5  5  6  23  7  98  8  50  9  46  10  99  11  56  12  85  13  69  14  21  15  14  16  15  17  56  18  95  19  10
  0  79  1  21  2  55  3  10  4  88  5  63  6  6  7  82  8  10  9  60  10  12  11  9  12  51  13  14  14  57  15  83  16  72  17  54  18  84  19  82
  0  55  1  60  2  95  3  10  4  43  5  39  6  94  7  41  8  87  9  84  10  77  11  32  12  99  13  5  14  14  15  60  16  86  17  91  18  76  19  11
  0  93  1  61  2  99  3  35  4  23  5  98  6  91  7  39  8  74  9  86  10  25  11  69  12  30  13  94  14  64  15  22  16  84  17  56  18  30  19  86
  0  93  1  81  2  96  3  85  4  93  5  51  6  67  7  88  8  97  9  7  10  83  11  13  12  99  13  48  14  59  15  26  16  22  17  66  18  43  19  19
  0  85  1  97  2  57  3  17  4  4  5  89  6  59  7  50  8  24  9  72  10  18  11  87  12  51  13  16  14  27  15  20  16  51  17  3  18  68  19  45
  0  11  1  39  2  7  3  72  4  87  5  95  6  93  7  82  8  97  9  42  10  85  11  76  12  14  13  29  14  24  15  19  16  73  17  10  18  34  19  56
  0  12  1  33  2  23  3  62  4  88  5  24  6  90  7  45  8  54  9  49  10  94  11  13  12  78  13  35  14  28  15  82  16  52  17  70  18  83  19  89
  0  11  1  25  2  43  3  26  4  60  5  64  6  90  7  96  8  95  9  40  10  48  11  10  12  40  13  78  14  89  15  11  16  50  17  14  18  64  19  27
  0  70  1  23  2  53  3  7  4  16  5  65  6  27  7  41  8  29  9  36  10  84  11  16  12  38  13  81  14  92  15  36  16  14  17  36  18  52  19  10
  0  96  1  83  2  57  3  90  4  37  5  46  6  36  7  17  8  94  9  63  10  75  11  88  12  59  13  3  14  76  15  76  16  5  17  18  18  89  19  56
  0  91  1  53  2  29  3  11  4  70  5  51  6  63  7  36  8  52  9  22  10  29  11  47  12  62  13  64  14  23  15  85  16  72  17  66  18  58  19  50
  0  93  1  21  2  3  3  14  4  67  5  15  6  22  7  3  8  88  9  4  10  1  11  44  12  55  13  75  14  26  15  9  16  11  17  42  18  34  19  11
  0  42  1  42  2  68  3  31  4  44  5  27  6  5  7  86  8  54  9  68  10  30  11  57  12  33  13  5  14  77  15  40  16  31  17  26  18  75  19  99
  0  75  1  52  2  48  3  26  4  70  5  52  6  61  7  26  8  77  9  33  10  35  11  5  12  40  13  64  14  43  15  19  16  57  17  38  18  67  19  97
  0  30  1  71  2  97  3  73  4  13  5  5  6  80  7  67  8  75  9  53  10  50  11  15  12  38  13  13  14  20  15  33  16  30  17  28  18  97  19  59
  0  3  1  72  2  51  3  19  4  89  5  2  6  54  7  97  8  82  9  82  10  74  11  27  12  83  13  95  14  89  15  12  16  49  17  79  18  45  19  49
  0  17  1  56  2  82  3  28  4  15  5  57  6  6  7  5  8  63  9  44  10  73  11  92  12  34  13  79  14  15  15  13  16  26  17  12  18  28  19  88
  0  62  1  65  2  90  3  92  4  42  5  53  6  7  7  71  8  68  9  57  10  58  11  99  12  57  13  39  14  39  15  51  16  4  17  75  18  98  19  87
  0  41  1  35  2  4  3  90  4  31  5  45  6  14  7  4  8  71  9  97  10  17  11  46  12  6  13  13  14  85  15  21  16  69  17  52  18  27  19  34
  0  15  1  40  2  55  3  90  4  89  5  55  6  10  7  30  8  71  9  79  10  91  11  34  12  71  13  33  14  81  15  99  16  68  17  28  18  83  19  66
  0  39  1  8  2  3  3  57  4  83  5  71  6  28  7  43  8  68  9  95  10  7  11  63  12  43  13  97  14  24  15  49  16  96  17  98  18  15  19  44
  0  46  1  99  2  78  3  8  4  2  5  63  6  74  7  50  8  34  9  59  10  15  11  33  12  30  13  36  14  91  15  41  16  31  17  8  18  87  19  2
  0  80  1  83  2  77  3  4  4  25  5  68  6  6  7  62  8  47  9  12  10  97  11  3  12  20  13  88  14  57  15  78  16  20  17  48  18  28  19  55
  0  32  1  40  2  47  3  95  4  34  5  21  6  15  7  51  8  49  9  9  10  38  11  44  12  88  13  10  14  47  15  87  16  45  17  66  18  90  19  75
  0  3  1  80  2  30  3  50  4  51  5  19  6  25  7  24  8  50  9  3  10  63  11  11  12  77  13  40  14  73  15  1  16  32  17  47  18  33  19  71
  0  2  1  80  2  51  3  29  4  12  5  63  6  2  7  26  8  3  9  69  10  22  11  90  12  12  13  38  14  10  15  63  16  59  17  81  18  81  19  29
  0  59  1  41  2  80  3  95  4  2  5  1  6  38  7  56  8  89  9  45  10  33  11  20  12  16  13  53  14  4  15  18  16  10  17  29  18  2  19  13
  0  9  1  31  2  94  3  68  4  12  5  60  6  60  7  51  8  31  9  90  10  28  11  86  12  50  13  70  14  51  15  70  16  50  17  34  18  34  19  25
  0  67  1  89  2  26  3  49  4  84  5  72  6  73  7  85  8  82  9  86  10  86  11  28  12  91  13  72  14  55  15  25  16  31  17  72  18  34  19  57
  0  15  1  78  2  67  3  98  4  66  5  91  6  30  7  80  8  81  9  22  10  10  11  30  12  10  13  1  14  52  15  42  16  63  17  8  18  37  19  11
  0  65  1  13  2  68  3  31  4  91  5  85  6  99  7  37  8  84  9  40  10  8  11  56  12  23  13  98  14  4  15  74  16  89  17  6  18  43  19  53
  0  67  1  16  2  64  3  49  4  53  5  44  6  77  7  15  8  73  9  47  10  75  11  81  12  37  13  77  14  41  15  65  16  64  17  33  18  78  19  39
  0  77  1  76  2  85  3  56  4  33  5  25  6  42  7  30  8  40  9  4  10  94  11  96  12  96  13  40  14  46  15  21  16  23  17  30  18  93  19  17
  0  98  1  98  2  70  3  93  4  12  5  47  6  71  7  57  8  77  9  46  10  92  11  21  12  4  13  42  14  98  15  96  16  87  17  50  18  91  19  89
  0  80  1  75  2  66  3  6  4  68  5  85  6  57  7  41  8  31  9  17  10  21  11  31  12  86  13  92  14  5  15  50  16  44  17  82  18  3  19  17
  0  16  1  30  2  92  3  33  4  48  5  40  6  3  7  53  8  90  9  90  10  60  11  86  12  9  13  4  14  16  15  54  16  99  17  16  18  52  19  62
  0  81  1  4  2  3  3  71  4  50  5  78  6  63  7  62  8  30  9  40  10  57  11  35  12  75  13  56  14  84  15  80  16  82  17  20  18  83  19  30
  0  12  1  79  2  58  3  60  4  62  5  70  6  77  7  1  8  19  9  64  10  33  11  94  12  67  13  39  14  13  15  85  16  65  17  25  18  32  19  50
  0  99  1  73  2  31  3  86  4  68  5  69  6  23  7  30  8  66  9  74  10  50  11  68  12  84  13  72  14  98  15  59  16  20  17  47  18  62  19  87
  0  69  1  36  2  58  3  7  4  67  5  15  6  48  7  55  8  73  9  23  10  99  11  40  12  28  13  28  14  99  15  30  16  19  17  82  18  15  19  4
  0  53  1  46  2  40  3  39  4  8  5  44  6  94  7  39  8  97  9  6  10  56  11  38  12  8  13  3  14  35  15  27  16  52  17  68  18  36  19  93
  0  79  1  83  2  55  3  66  4  23  5  47  6  14  7  4  8  66  9  80  10  19  11  81  12  79  13  18  14  17  15  47  16  41  17  90  18  61  19  63
  0  52  1  11  2  24  3  58  4  6  5  11  6  22  7  38  8  81  9  82  10  27  11  46  12  50  13  35  14  90  15  71  16  37  17  69  18  98  19  33
  0  64  1  18  2  45  3  2  4  76  5  22  6  69  7  30  8  12  9  27  10  15  11  3  12  75  13  24  14  6  15  38  16  50  17  74  18  31  19  82
  0  3  1  85  2  98  3  92  4  20  5  31  6  96  7  7  8  57  9  27  10  59  11  24  12  81  13  19  14  55  15  60  16  60  17  33  18  15  19  58
  0  8  1  89  2  75  3  38  4  4  5  99  6  19  7  51  8  38  9  78  10  24  11  60  12  54  13  51  14  57  15  44  16  85  17  41  18  68  19  29
  0  14  1  49  2  76  3  63  4  98  5  79  6  63  7  12  8  38  9  73  10  97  11  35  12  84  13  36  14  60  15  55  16  9  17  89  18  56  19  51
  0  84  1  77  2  15  3  29  4  61  5  97  6  34  7  47  8  6  9  58  10  1  11  5  12  73  13  59  14  6  15  24  16  10  17  65  18  33  19  67
  0  6  1  8  2  85  3  97  4  59  5  42  6  93  7  49  8  2  9  41  10  88  11  76  12  18  13  97  14  70  15  4  16  39  17  89  18  86  19  76
  0  9  1  93  2  92  3  9  4  41  5  77  6  80  7  60  8  27  9  11  10  80  11  96  12  48  13  50  14  76  15  13  16  14  17  5  18  96  19  23
  0  35  1  94  2  62  3  48  4  78  5  36  6  6  7  59  8  91  9  36  10  98  11  44  12  80  13  78  14  41  15  21  16  64  17  17  18  12  19  10
  0  73  1  23  2  74  3  27  4  39  5  55  6  91  7  84  8  94  9  42  10  94  11  87  12  96  13  88  14  1  15  70  16  22  17  57  18  91  19  26
  0  14  1  91  2  83  3  92  4  75  5  67  6  48  7  32  8  26  9  88  10  85  11  91  12  85  13  77  14  35  15  43  16  41  17  27  18  82  19  45
  0  12  1  91  2  14  3  59  4  17  5  54  6  4  7  29  8  19  9  97  10  47  11  92  12  87  13  57  14  76  15  98  16  11  17  33  18  15  19  38
  0  50  1  96  2  65  3  9  4  16  5  23  6  32  7  87  8  7  9  13  10  23  11  63  12  38  13  11  14  81  15  66  16  64  17  20  18  47  19  93
  0  53  1  66  2  45  3  6  4  84  5  77  6  43  7  70  8  66  9  67  10  44  11  45  12  99  13  42  14  89  15  48  16  31  17  73  18  89  19  61
  0  77  1  6  2  17  3  39  4  14  5  79  6  28  7  42  8  44  9  10  10  85  11  16  12  22  13  38  14  8  15  71  16  64  17  43  18  74  19  49
  0  89  1  83  2  42  3  65  4  75  5  20  6  75  7  77  8  11  9  19  10  79  11  24  12  83  13  43  14  92  15  5  16  39  17  94  18  82  19  28
  0  5  1  40  2  46  3  30  4  38  5  62  6  11  7  50  8  77  9  89  10  86  11  9  12  87  13  18  14  16  15  19  16  19  17  23  18  16  19  48
  0  48  1  16  2  30  3  90  4  42  5  10  6  6  7  27  8  81  9  75  10  78  11  73  12  30  13  26  14  36  15  55  16  27  17  55  18  81  19  64
  0  63  1  98  2  25  3  58  4  35  5  22  6  71  7  36  8  10  9  35  10  79  11  93  12  52  13  92  14  18  15  37  16  64  17  34  18  40  19  4
  0  71  1  62  2  50  3  35  4  44  5  76  6  38  7  91  8  30  9  6  10  95  11  90  12  48  13  97  14  59  15  36  16  68  17  71  18  20  19  51
  0  67  1  40  2  13  3  32  4  44  5  47  6  70  7  92  8  45  9  90  10  2  11  66  12  2  13  14  14  32  15  80  16  11  17  95  18  11  19  22
  0  99  1  72  2  85  3  64  4  50  5  57  6  86  7  16  8  89  9  61  10  73  11  9  12  48  13  14  14  37  15  62  16  61  17  49  18  70  19  49
  0  72  1  98  2  28  3  79  4  33  5  11  6  62  7  80  8  33  9  83  10  90  11  14  12  5  13  83  14  31  15  80  16  75  17  95  18  31  19  2
  0  64  1  6  2  43  3  62  4  49  5  29  6  53  7  67  8  53  9  35  10  48  11  53  12  22  13  24  14  80  15  40  16  86  17  52  18  79  19  17
  0  51  1  34  2  88  3  14  4  28  5  38  6  65  7  90  8  18  9  74  10  42  11  34  12  22  13  40  14  45  15  69  16  8  17  53  18  35  19  12
  0  85  1  17  2  87  3  12  4  57  5  75  6  47  7  77  8  50  9  60  10  23  11  77  12  47  13  38  14  95  15  55  16  65  17  6  18  72  19  3
  0  62  1  3  2  96  3  82  4  56  5  21  6  93  7  98  8  98  9  49  10  36  11  45  12  35  13  71  14  24  15  85  16  32  17  9  18  44  19  54
  0  72  1  74  2  35  3  59  4  39  5  80  6  75  7  53  8  28  9  27  10  88  11  85  12  81  13  33  14  97  15  52  16  25  17  25  18  8  19  25
  0  35  1  75  2  83  3  96  4  94  5  51  6  45  7  97  8  88  9  25  10  12  11  66  12  70  13  56  14  58  15  67  16  86  17  44  18  71  19  4
  0  39  1  11  2  1  3  62  4  37  5  63  6  76  7  79  8  49  9  46  10  7  11  32  12  71  13  85  14  84  15  81  16  70  17  74  18  87  19  26
  0  60  1  70  2  18  3  41  4  21  5  86  6  39  7  12  8  87  9  4  10  99  11  87  12  39  13  37  14  49  15  17  16  82  17  38  18  87  19  34
  0  15  1  3  2  10  3  11  4  99  5  28  6  19  7  96  8  84  9  33  10  42  11  8  12  66  13  37  14  58  15  41  16  68  17  69  18  24  19  14
  0  78  1  31  2  58  3  68  4  78  5  57  6  23  7  89  8  55  9  45  10  16  11  19  12  73  13  32  14  40  15  58  16  50  17  47  18  46  19  20
  0  70  1  86  2  49  3  37  4  17  5  60  6  54  7  59  8  19  9  25  10  59  11  1  12  35  13  92  14  17  15  90  16  26  17  92  18  66  19  79
  0  86  1  21  2  69  3  68  4  37  5  89  6  21  7  83  8  94  9  82  10  2  11  15  12  76  13  66  14  4  15  66  16  12  17  24  18  53  19  23
  0  43  1  95  2  95  3  8  4  72  5  50  6  24  7  84  8  60  9  33  10  70  11  41  12  94  13  44  14  85  15  50  16  84  17  54  18  78  19  99
  0  41  1  68  2  95  3  26  4  66  5  73  6  48  7  6  8  38  9  54  10  29  11  90  12  77  13  44  14  84  15  79  16  44  17  63  18  6  19  60
  0  78  1  41  2  82  3  89  4  86  5  40  6  26  7  67  8  57  9  24  10  39  11  30  12  39  13  36  14  17  15  80  16  17  17  81  18  79  19  23
  0  72  1  23  2  84  3  56  4  20  5  55  6  77  7  65  8  44  9  82  10  61  11  14  12  87  13  49  14  97  15  97  16  58  17  78  18  79  19  52
  0  62  1  17  2  32  3  3  4  76  5  10  6  31  7  90  8  19  9  30  10  45  11  43  12  81  13  50  14  45  15  42  16  33  17  30  18  30  19  25
  0  4  1  57  2  70  3  20  4  11  5  58  6  66  7  92  8  97  9  74  10  63  11  71  12  69  13  71  14  86  15  56  16  79  17  12  18  77  19  49
  0  77  1  34  2  44  3  51  4  22  5  97  6  65  7  10  8  46  9  93  10  97  11  25  12  94  13  30  14  87  15  40  16  86  17  42  18  87  19  63
  0  76  1  91  2  19  3  24  4  14  5  46  6  34  7  37  8  14  9  56  10  74  11  32  12  10  13  73  14  28  15  86  16  35  17  74  18  27  19  47
  0  48  1  89  2  37  3  40  4  26  5  40  6  42  7  16  8  64  9  42  10  13  11  55  12  61  13  33  14  16  15  43  16  91  17  20  18  9  19  97
  0  84  1  55  2  17  3  98  4  52  5  3  6  98  7  51  8  56  9  35  10  36  11  78  12  95  13  82  14  9  15  53  16  49  17  21  18  43  19  74
  0  10  1  71  2  46  3  71  4  3  5  53  6  49  7  92  8  67  9  92  10  45  11  1  12  34  13  17  14  75  15  91  16  49  17  45  18  11  19  99
  0  7  1  78  2  27  3  61  4  9  5  56  6  71  7  53  8  50  9  3  10  74  11  23  12  2  13  15  14  40  15  71  16  44  17  46  18  41  19  70
  0  66  1  84  2  78  3  14  4  47  5  41  6  97  7  35  8  63  9  93  10  67  11  47  12  98  13  49  14  60  15  83  16  69  17  16  18  88  19  39
  0  58  1  10  2  96  3  53  4  34  5  26  6  3  7  75  8  15  9  56  10  40  11  8  12  79  13  35  14  48  15  14  16  45  17  26  18  8  19  36
  0  68  1  13  2  28  3  67  4  33  5  36  6  22  7  67  8  27  9  87  10  23  11  17  12  40  13  61  14  47  15  38  16  14  17  27  18  91  19  59
  0  37  1  70  2  22  3  68  4  61  5  4  6  92  7  86  8  88  9  63  10  5  11  84  12  56  13  36  14  1  15  89  16  97  17  76  18  26  19  68
  0  90  1  16  2  40  3  98  4  98  5  73  6  39  7  36  8  62  9  15  10  16  11  58  12  18  13  22  14  86  15  47  16  30  17  73  18  52  19  24
  0  78  1  43  2  68  3  55  4  28  5  68  6  45  7  2  8  72  9  49  10  13  11  74  12  38  13  66  14  8  15  7  16  81  17  56  18  64  19  84
  0  16  1  52  2  36  3  62  4  56  5  87  6  64  7  74  8  69  9  43  10  71  11  27  12  53  13  47  14  50  15  4  16  3  17  85  18  72  19  51
  0  25  1  79  2  48  3  4  4  9  5  27  6  92  7  71  8  70  9  17  10  88  11  8  12  22  13  74  14  65  15  24  16  39  17  92  18  10  19  12
  0  25  1  36  2  93  3  3  4  90  5  54  6  80  7  68  8  11  9  31  10  47  11  42  12  11  13  41  14  26  15  12  16  6  17  3  18  65  19  28
  0  89  1  54  2  56  3  10  4  46  5  88  6  67  7  48  8  44  9  5  10  4  11  53  12  8  13  91  14  63  15  67  16  9  17  38  18  68  19  71
  0  97  1  22  2  83  3  34  4  77  5  48  6  66  7  84  8  97  9  20  10  97  11  22  12  99  13  67  14  86  15  79  16  65  17  67  18  57  19  4
  0  34  1  38  2  54  3  27  4  93  5  73  6  29  7  45  8  64  9  67  10  94  11  17  12  24  13  42  14  47  15  47  16  59  17  63  18  14  19  40
  0  16  1  27  2  62  3  7  4  2  5  46  6  77  7  87  8  70  9  59  10  3  11  11  12  65  13  52  14  95  15  92  16  21  17  63  18  40  19  67
  0  51  1  8  2  20  3  91  4  63  5  49  6  57  7  60  8  79  9  92  10  43  11  30  12  56  13  90  14  34  15  42  16  36  17  78  18  1  19  87
  0  68  1  79  2  23  3  53  4  80  5  51  6  89  7  43  8  92  9  63  10  45  11  73  12  6  13  19  14  81  15  65  16  3  17  69  18  83  19  7
  0  51  1  90  2  52  3  39  4  78  5  99  6  88  7  96  8  81  9  47  10  7  11  16  12  78  13  14  14  87  15  68  16  13  17  86  18  24  19  6
  0  76  1  97  2  96  3  11  4  99  5  55  6  92  7  92  8  45  9  98  10  46  11  80  12  76  13  53  14  67  15  84  16  8  17  60  18  5  19  46
  0  55  1  29  2  22  3  90  4  35  5  21  6  19  7  53  8  82  9  53  10  12  11  38  12  2  13  8  14  49  15  34  16  47  17  67  18  41  19  8
  0  6  1  6  2  17  3  32  4  47  5  24  6  42  7  17  8  32  9  2  10  60  11  74  12  17  13  98  14  50  15  16  16  84  17  27  18  90  19  63
  0  2  1  90  2  95  3  32  4  65  5  59  6  57  7  6  8  98  9  1  10  95  11  30  12  14  13  26  14  23  15  69  16  42  17  90  18  54  19  19
  0  4  1  73  2  37  3  73  4  59  5  23  6  69  7  75  8  91  9  29  10  26  11  11  12  69  13  85  14  41  15  11  16  27  17  34  18  76  19  97
  0  45  1  97  2  96  3  60  4  15  5  67  6  37  7  59  8  32  9  87  10  11  11  6  12  38  13  43  14  18  15  43  16  21  17  66  18  36  19  38
  0  29  1  95  2  4  3  64  4  74  5  70  6  43  7  34  8  8  9  37  10  66  11  86  12  17  13  92  14  65  15  82  16  66  17  9  18  87  19  26
  0  74  1  93  2  42  3  27  4  16  5  1  6  85  7  89  8  73  9  87  10  82  11  52  12  89  13  64  14  51  15  54  16  93  17  20  18  23  19  89
  0  96  1  92  2  86  3  61  4  82  5  19  6  96  7  63  8  40  9  97  10  54  11  50  12  17  13  33  14  9  15  64  16  82  17  56  18  26  19  30
  0  32  1  41  2  19  3  53  4  76  5  44  6  47  7  65  8  95  9  56  10  26  11  2  12  45  13  45  14  97  15  14  16  49  17  3  18  62  19  53
  0  22  1  53  2  66  3  74  4  95  5  74  6  95  7  30  8  45  9  39  10  27  11  85  12  47  13  76  14  30  15  56  16  8  17  13  18  24  19  42
  0  36  1  48  2  27  3  24  4  68  5  61  6  63  7  46  8  65  9  67  10  13  11  84  12  14  13  64  14  7  15  93  16  36  17  34  18  14  19  72
  0  76  1  99  2  76  3  87  4  13  5  39  6  79  7  61  8  16  9  21  10  64  11  84  12  58  13  7  14  25  15  47  16  46  17  24  18  47  19  68
  0  16  1  29  2  73  3  73  4  29  5  89  6  8  7  65  8  52  9  71  10  2  11  71  12  15  13  8  14  64  15  75  16  58  17  68  18  5  19  48
  0  48  1  86  2  2  3  53  4  97  5  90  6  48  7  91  8  22  9  41  10  16  11  98  12  26  13  1  14  45  15  17  16  95  17  59  18  56  19  1
  0  49  1  92  2  26  3  40  4  58  5  55  6  83  7  94  8  52  9  1  10  21  11  83  12  63  13  1  14  23  15  64  16  77  17  2  18  49  19  11
  0  4  1  37  2  37  3  61  4  60  5  91  6  8  7  95  8  56  9  72  10  88  11  71  12  18  13  48  14  76  15  22  16  73  17  52  18  26  19  1
  0  5  1  67  2  22  3  13  4  37  5  22  6  65  7  93  8  10  9  89  10  8  11  91  12  62  13  59  14  78  15  90  16  21  17  6  18  17  19  74
  0  67  1  99  2  91  3  8  4  42  5  33  6  72  7  97  8  88  9  32  10  88  11  53  12  63  13  92  14  74  15  68  16  57  17  81  18  18  19  73
  0  95  1  49  2  30  3  54  4  35  5  74  6  13  7  26  8  52  9  40  10  3  11  99  12  1  13  82  14  7  15  94  16  90  17  90  18  58  19  76
  0  95  1  44  2  65  3  25  4  15  5  1  6  25  7  61  8  27  9  79  10  21  11  93  12  26  13  17  14  50  15  51  16  20  17  68  18  11  19  17
  0  33  1  89  2  75  3  1  4  39  5  29  6  24  7  77  8  24  9  7  10  6  11  3  12  53  13  62  14  56  15  90  16  84  17  6  18  93  19  88
  0  62  1  86  2  67  3  5  4  78  5  78  6  26  7  67  8  82  9  50  10  47  11  21  12  85  13  45  14  18  15  89  16  83  17  23  18  87  19  58
  0  91  1  13  2  11  3  54  4  81  5  78  6  60  7  38  8  38  9  22  10  79  11  29  12  95  13  45  14  99  15  11  16  23  17  64  18  45  19  21
  0  51  1  45  2  96  3  1  4  68  5  89  6  94  7  62  8  44  9  15  10  91  11  96  12  31  13  87  14  99  15  39  16  65  17  6  18  78  19  60
  0  78  1  55  2  58  3  43  4  70  5  66  6  15  7  77  8  17  9  49  10  20  11  62  12  16  13  3  14  37  15  30  16  80  17  4  18  41  19  94
  0  50  1  26  2  81  3  11  4  69  5  52  6  23  7  99  8  54  9  76  10  13  11  57  12  49  13  10  14  79  15  76  16  45  17  31  18  58  19  25
  0  7  1  52  2  89  3  76  4  34  5  90  6  46  7  88  8  59  9  63  10  72  11  50  12  41  13  48  14  56  15  77  16  23  17  75  18  58  19  12
  0  60  1  44  2  69  3  39  4  33  5  83  6  72  7  54  8  93  9  92  10  29  11  33  12  28  13  40  14  20  15  79  16  27  17  96  18  4  19  63
  0  81  1  39  2  80  3  69  4  71  5  45  6  63  7  29  8  95  9  71  10  10  11  83  12  62  13  82  14  52  15  21  16  50  17  68  18  41  19  87
  0  3  1  73  2  76  3  41  4  6  5  24  6  3  7  21  8  76  9  32  10  92  11  50  12  62  13  96  14  33  15  81  16  12  17  48  18  6  19  56
  0  83  1  97  2  7  3  55  4  1  5  86  6  70  7  29  8  62  9  54  10  66  11  70  12  72  13  65  14  4  15  42  16  52  17  59  18  57  19  81
  0  33  1  23  2  94  3  53  4  58  5  97  6  73  7  92  8  45  9  61  10  33  11  11  12  69  13  58  14  9  15  99  16  80  17  68  18  32  19  95
  0  67  1  25  2  6  3  75  4  20  5  32  6  61  7  90  8  72  9  48  10  29  11  78  12  8  13  21  14  95  15  82  16  60  17  98  18  24  19  97
  0  67  1  56  2  51  3  96  4  25  5  3  6  96  7  25  8  72  9  65  10  47  11  59  12  4  13  60  14  94  15  63  16  73  17  8  18  56  19  96
  0  57  1  38  2  90  3  57  4  77  5  94  6  81  7  58  8  4  9  51  10  81  11  69  12  89  13  78  14  16  15  80  16  12  17  26  18  83  19  69
  0  9  1  30  2  28  3  69  4  49  5  34  6  42  7  73  8  75  9  94  10  44  11  29  12  87  13  20  14  40  15  1  16  82  17  35  18  40  19  8
  0  59  1  4  2  20  3  65  4  39  5  40  6  32  7  83  8  80  9  67  10  6  11  5  12  87  13  38  14  88  15  81  16  21  17  16  18  36  19  32
  0  83  1  68  2  33  3  15  4  33  5  32  6  3  7  21  8  28  9  51  10  60  11  64  12  38  13  98  14  88  15  27  16  53  17  27  18  60  19  88
  0  71  1  12  2  25  3  36  4  70  5  85  6  45  7  59  8  73  9  72  10  41  11  43  12  70  13  72  14  81  15  38  16  53  17  57  18  30  19  63
  0  82  1  74  2  34  3  71  4  91  5  73  6  17  7  77  8  85  9  92  10  10  11  31  12  12  13  90  14  33  15  2  16  82  17  88  18  13  19  74
  0  2  1  64  2  96  3  98  4  20  5  22  6  1  7  40  8  96  9  24  10  1  11  9  12  78  13  57  14  53  15  78  16  7  17  60  18  8  19  21
  0  6  1  62  2  42  3  9  4  20  5  79  6  46  7  70  8  14  9  83  10  10  11  5  12  40  13  45  14  20  15  69  16  32  17  1  18  53  19  22
  0  99  1  6  2  20  3  68  4  12  5  68  6  13  7  45  8  14  9  89  10  40  11  48  12  92  13  31  14  71  15  74  16  2  17  98  18  7  19  47
  0  19  1  26  2  58  3  39  4  60  5  69  6  5  7  12  8  21  9  66  10  53  11  41  12  88  13  20  14  18  15  86  16  45  17  2  18  7  19  36
  0  78  1  84  2  72  3  31  4  42  5  64  6  62  7  41  8  55  9  16  10  85  11  67  12  15  13  92  14  77  15  70  16  74  17  80  18  21  19  63
  0  14  1  42  2  66  3  13  4  79  5  32  6  54  7  41  8  3  9  67  10  35  11  26  12  8  13  63  14  38  15  22  16  66  17  97  18  30  19  76
  0  62  1  41  2  78  3  99  4  83  5  81  6  90  7  4  8  33  9  22  10  16  11  44  12  51  13  25  14  9  15  10  16  75  17  52  18  13  19  42
  0  72  1  98  2  93  3  94  4  47  5  42  6  46  7  60  8  85  9  37  10  43  11  10  12  99  13  33  14  8  15  46  16  70  17  10  18  24  19  47
  0  27  1  31  2  12  3  59  4  91  5  81  6  51  7  65  8  71  9  33  10  4  11  33  12  8  13  48  14  85  15  34  16  80  17  30  18  82  19  64
  0  40  1  59  2  22  3  25  4  28  5  93  6  23  7  40  8  87  9  15  10  2  11  21  12  85  13  39  14  9  15  94  16  2  17  47  18  13  19  66
  0  49  1  75  2  66  3  89  4  27  5  88  6  10  7  39  8  33  9  32  10  12  11  38  12  81  13  12  14  37  15  64  16  2  17  70  18  2  19  51
  0  7  1  54  2  53  3  50  4  74  5  75  6  83  7  19  8  67  9  30  10  65  11  60  12  80  13  25  14  63  15  20  16  10  17  14  18  72  19  17
  0  65  1  48  2  73  3  66  4  74  5  10  6  11  7  30  8  59  9  57  10  44  11  77  12  67  13  8  14  7  15  69  16  4  17  62  18  88  19  84
  0  86  1  7  2  32  3  53  4  26  5  72  6  86  7  66  8  3  9  35  10  77  11  78  12  79  13  75  14  82  15  19  16  99  17  42  18  18  19  80
  0  32  1  90  2  80  3  53  4  72  5  72  6  92  7  20  8  17  9  17  10  53  11  27  12  70  13  25  14  88  15  5  16  35  17  54  18  53  19  3
  0  14  1  88  2  32  3  45  4  17  5  4  6  33  7  46  8  52  9  66  10  84  11  30  12  40  13  55  14  66  15  43  16  86  17  68  18  45  19  50
  0  2  1  55  2  84  3  62  4  45  5  2  6  61  7  38  8  47  9  50  10  8  11  37  12  16  13  28  14  43  15  45  16  57  17  19  18  93  19  81
  0  38  1  10  2  85  3  55  4  90  5  80  6  84  7  47  8  40  9  35  10  96  11  20  12  80  13  84  14  63  15  93  16  51  17  27  18  28  19  29
  0  88  1  88  2  19  3  8  4  48  5  27  6  22  7  15  8  19  9  5  10  10  11  44  12  80  13  70  14  53  15  87  16  81  17  40  18  42  19  94
  0  29  1  32  2  82  3  92  4  17  5  11  6  51  7  2  8  42  9  57  10  19  11  14  12  77  13  40  14  85  15  89  16  12  17  81  18  78  19  99
  0  60  1  36  2  5  3  31  4  16  5  18  6  65  7  16  8  98  9  53  10  76  11  51  12  11  13  38  14  41  15  41  16  15  17  32  18  81  19  55
  0  86  1  22  2  14  3  87  4  20  5  22  6  30  7  86  8  71  9  6  10  27  11  49  12  77  13  86  14  77  15  27  16  93  17  90  18  55  19  87
  0  18  1  85  2  48  3  14  4  9  5  54  6  11  7  47  8  14  9  44  10  68  11  1  12  67  13  21  14  48  15  1  16  11  17  97  18  4  19  38
  0  56  1  34  2  80  3  24  4  7  5  23  6  3  7  96  8  79  9  98  10  7  11  10  12  4  13  47  14  45  15  13  16  8  17  1  18  31  19  99
  0  96  1  36  2  99  3  71  4  80  5  22  6  4  7  62  8  33  9  74  10  82  11  15  12  61  13  25  14  56  15  92  16  25  17  9  18  34  19  87
  0  50  1  20  2  54  3  44  4  10  5  92  6  84  7  9  8  60  9  19  10  44  11  93  12  80  13  95  14  40  15  80  16  36  17  66  18  18  19  40
  0  61  1  5  2  70  3  21  4  43  5  51  6  71  7  29  8  43  9  2  10  98  11  31  12  99  13  5  14  84  15  12  16  78  17  24  18  7  19  99
  0  80  1  69  2  93  3  34  4  26  5  2  6  34  7  28  8  59  9  62  10  77  11  59  12  57  13  88  14  96  15  92  16  24  17  12  18  45  19  18
  0  17  1  56  2  4  3  41  4  34  5  73  6  37  7  92  8  42  9  86  10  79  11  12  12  47  13  34  14  25  15  33  16  29  17  32  18  97  19  91
  0  88  1  92  2  22  3  2  4  71  5  68  6  18  7  1  8  89  9  22  10  96  11  48  12  38  13  21  14  29  15  15  16  73  17  17  18  99  19  23
  0  21  1  72  2  97  3  7  4  3  5  15  6  82  7  11  8  28  9  57  10  27  11  35  12  75  13  6  14  41  15  8  16  45  17  35  18  17  19  47
  0  89  1  20  2  51  3  20  4  37  5  39  6  33  7  31  8  53  9  95  10  15  11  95  12  25  13  18  14  82  15  79  16  54  17  33  18  16  19  94
  0  98  1  44  2  93  3  5  4  87  5  23  6  78  7  77  8  7  9  21  10  4  11  68  12  39  13  61  14  30  15  40  16  85  17  51  18  52  19  51
  0  22  1  41  2  75  3  65  4  52  5  5  6  82  7  55  8  73  9  33  10  74  11  19  12  55  13  55  14  46  15  29  16  6  17  37  18  27  19  65
  0  76  1  7  2  14  3  30  4  15  5  24  6  59  7  22  8  92  9  91  10  97  11  22  12  42  13  54  14  26  15  41  16  92  17  60  18  72  19  94
  0  94  1  74  2  10  3  29  4  52  5  48  6  9  7  19  8  25  9  8  10  32  11  86  12  59  13  17  14  11  15  35  16  59  17  7  18  66  19  87
  0  6  1  89  2  56  3  70  4  89  5  6  6  62  7  90  8  22  9  59  10  51  11  89  12  17  13  43  14  73  15  74  16  82  17  74  18  83  19  69
  0  53  1  67  2  90  3  12  4  54  5  23  6  82  7  16  8  78  9  27  10  79  11  68  12  14  13  72  14  93  15  8  16  57  17  40  18  33  19  40
  0  7  1  17  2  49  3  64  4  4  5  41  6  21  7  16  8  77  9  84  10  47  11  56  12  14  13  19  14  50  15  71  16  46  17  39  18  46  19  40
  0  43  1  24  2  28  3  2  4  42  5  60  6  51  7  27  8  49  9  67  10  36  11  72  12  2  13  97  14  18  15  78  16  82  17  92  18  8  19  18
  0  10  1  19  2  55  3  41  4  44  5  34  6  12  7  53  8  9  9  28  10  44  11  7  12  87  13  56  14  45  15  32  16  58  17  68  18  46  19  4
  0  83  1  71  2  23  3  30  4  51  5  11  6  39  7  21  8  44  9  40  10  90  11  56  12  87  13  19  14  39  15  66  16  94  17  55  18  28  19  1
  0  6  1  93  2  44  3  48  4  9  5  3  6  62  7  14  8  65  9  8  10  73  11  98  12  94  13  5  14  95  15  11  16  88  17  9  18  20  19  17
  0  44  1  50  2  30  3  13  4  62  5  17  6  5  7  56  8  32  9  97  10  99  11  20  12  91  13  90  14  42  15  29  16  70  17  62  18  15  19  9
  0  8  1  86  2  3  3  52  4  30  5  90  6  9  7  72  8  36  9  92  10  93  11  23  12  3  13  7  14  84  15  78  16  22  17  42  18  38  19  21
  0  33  1  42  2  82  3  68  4  8  5  13  6  60  7  47  8  98  9  56  10  40  11  85  12  68  13  6  14  82  15  89  16  49  17  24  18  66  19  29
  0  6  1  6  2  22  3  26  4  2  5  13  6  18  7  50  8  92  9  21  10  98  11  49  12  92  13  44  14  82  15  67  16  83  17  5  18  48  19  32
  0  83  1  23  2  75  3  20  4  69  5  63  6  36  7  19  8  28  9  66  10  27  11  54  12  96  13  38  14  90  15  50  16  89  17  96  18  92  19  35
  0  42  1  71  2  25  3  18  4  17  5  27  6  58  7  92  8  41  9  52  10  79  11  49  12  80  13  25  14  59  15  98  16  71  17  52  18  65  19  31
  0  57  1  53  2  97  3  78  4  99  5  26  6  13  7  50  8  78  9  2  10  74  11  46  12  75  13  10  14  29  15  81  16  29  17  85  18  19  19  77
  0  87  1  89  2  56  3  93  4  8  5  40  6  34  7  13  8  75  9  58  10  46  11  96  12  39  13  89  14  40  15  88  16  93  17  48  18  30  19  13
  0  42  1  93  2  30  3  4  4  38  5  46  6  3  7  80  8  62  9  83  10  24  11  15  12  23  13  94  14  8  15  94  16  47  17  71  18  41  19  62
  0  20  1  67  2  33  3  74  4  90  5  49  6  65  7  32  8  45  9  31  10  8  11  58  12  23  13  60  14  28  15  39  16  12  17  86  18  13  19  37
  0  68  1  57  2  87  3  55  4  33  5  89  6  87  7  15  8  47  9  40  10  26  11  57  12  82  13  56  14  55  15  3  16  44  17  78  18  37  19  12
  0  11  1  47  2  39  3  41  4  23  5  7  6  38  7  87  8  21  9  33  10  2  11  56  12  9  13  11  14  73  15  6  16  94  17  45  18  78  19  47
  0  18  1  87  2  32  3  12  4  81  5  99  6  20  7  2  8  44  9  91  10  69  11  89  12  38  13  11  14  44  15  46  16  11  17  60  18  32  19  94
  0  27  1  81  2  91  3  27  4  62  5  21  6  96  7  31  8  73  9  73  10  87  11  20  12  33  13  75  14  9  15  50  16  72  17  66  18  11  19  76
  0  52  1  75  2  28  3  84  4  59  5  84  6  69  7  92  8  17  9  68  10  81  11  13  12  30  13  23  14  77  15  19  16  21  17  32  18  25  19  56
  0  23  1  36  2  50  3  94  4  34  5  85  6  5  7  5  8  51  9  21  10  88  11  15  12  41  13  84  14  33  15  75  16  1  17  76  18  86  19  33
  0  39  1  97  2  63  3  4  4  71  5  45  6  33  7  86  8  89  9  62  10  76  11  62  12  86  13  35  14  26  15  62  16  21  17  22  18  69  19  14
  0  52  1  23  2  88  3  86  4  97  5  47  6  52  7  96  8  74  9  38  10  96  11  50  12  37  13  37  14  52  15  34  16  29  17  32  18  9  19  66
  0  88  1  96  2  22  3  86  4  97  5  23  6  4  7  50  8  63  9  7  10  55  11  25  12  49  13  28  14  24  15  44  16  25  17  59  18  8  19  40
  0  81  1  66  2  24  3  63  4  34  5  93  6  26  7  80  8  21  9  58  10  30  11  76  12  51  13  93  14  83  15  28  16  77  17  94  18  97  19  16
  0  90  1  82  2  15  3  93  4  54  5  85  6  84  7  24  8  38  9  87  10  71  11  57  12  15  13  6  14  23  15  22  16  20  17  95  18  64  19  28
  0  5  1  99  2  99  3  21  4  26  5  78  6  33  7  39  8  37  9  89  10  48  11  53  12  99  13  13  14  5  15  82  16  20  17  43  18  37  19  44
  0  68  1  70  2  67  3  57  4  53  5  43  6  70  7  9  8  44  9  91  10  48  11  66  12  77  13  24  14  98  15  82  16  74  17  50  18  97  19  34
  0  75  1  93  2  23  3  83  4  48  5  82  6  80  7  61  8  35  9  40  10  23  11  6  12  58  13  14  14  72  15  6  16  66  17  14  18  74  19  39
  0  26  1  52  2  59  3  96  4  72  5  94  6  80  7  30  8  73  9  76  10  53  11  82  12  81  13  40  14  17  15  66  16  60  17  95  18  2  19  10
  0  31  1  14  2  63  3  92  4  66  5  96  6  13  7  27  8  13  9  94  10  65  11  62  12  43  13  64  14  81  15  25  16  64  17  69  18  80  19  15
  0  13  1  93  2  27  3  13  4  33  5  4  6  48  7  90  8  23  9  76  10  26  11  14  12  76  13  95  14  53  15  72  16  65  17  67  18  67  19  3
  0  39  1  12  2  3  3  58  4  42  5  39  6  2  7  67  8  67  9  5  10  6  11  68  12  95  13  13  14  98  15  10  16  96  17  7  18  65  19  79
  0  87  1  68  2  16  3  66  4  79  5  13  6  64  7  95  8  41  9  44  10  68  11  72  12  82  13  34  14  71  15  44  16  31  17  6  18  6  19  47
  0  34  1  49  2  44  3  8  4  42  5  11  6  1  7  18  8  29  9  18  10  42  11  88  12  70  13  38  14  35  15  71  16  85  17  86  18  47  19  92
  0  92  1  16  2  95  3  35  4  68  5  76  6  83  7  64  8  81  9  16  10  83  11  94  12  55  13  48  14  55  15  33  16  82  17  37  18  16  19  39
  0  74  1  47  2  78  3  6  4  51  5  71  6  46  7  37  8  82  9  36  10  26  11  80  12  37  13  42  14  83  15  45  16  11  17  99  18  78  19  98
  0  30  1  38  2  23  3  48  4  62  5  42  6  80  7  24  8  64  9  12  10  76  11  32  12  67  13  54  14  1  15  52  16  72  17  71  18  16  19  81
  0  94  1  72  2  3  3  57  4  1  5  53  6  18  7  16  8  13  9  8  10  20  11  61  12  78  13  64  14  19  15  55  16  24  17  65  18  33  19  46
  0  48  1  24  2  71  3  14  4  32  5  42  6  62  7  82  8  42  9  67  10  13  11  29  12  85  13  6  14  58  15  3  16  26  17  47  18  35  19  18
  0  69  1  52  2  99  3  97  4  91  5  6  6  62  7  68  8  49  9  49  10  7  11  47  12  9  13  33  14  35  15  59  16  78  17  59  18  44  19  83
  0  33  1  3  2  5  3  14  4  59  5  39  6  45  7  81  8  70  9  95  10  22  11  81  12  60  13  30  14  37  15  84  16  96  17  93  18  48  19  51
  0  85  1  21  2  69  3  57  4  33  5  70  6  59  7  3  8  9  9  97  10  51  11  75  12  79  13  46  14  63  15  77  16  58  17  70  18  96  19  41
  0  5  1  38  2  21  3  91  4  56  5  81  6  75  7  34  8  87  9  80  10  74  11  72  12  20  13  2  14  65  15  88  16  25  17  36  18  82  19  32
  0  14  1  99  2  17  3  9  4  82  5  84  6  59  7  67  8  63  9  94  10  22  11  10  12  12  13  85  14  21  15  93  16  18  17  93  18  87  19  89
  0  22  1  37  2  38  3  11  4  78  5  8  6  18  7  38  8  2  9  2  10  98  11  97  12  72  13  46  14  1  15  71  16  6  17  24  18  68  19  40
  0  94  1  1  2  4  3  99  4  92  5  19  6  66  7  89  8  93  9  98  10  69  11  28  12  19  13  56  14  39  15  50  16  26  17  51  18  24  19  83
  0  92  1  8  2  50  3  5  4  53  5  70  6  89  7  79  8  76  9  91  10  65  11  61  12  12  13  74  14  6  15  7  16  58  17  90  18  51  19  40
  0  22  1  74  2  46  3  59  4  65  5  51  6  79  7  85  8  66  9  40  10  58  11  86  12  43  13  66  14  33  15  18  16  14  17  44  18  95  19  84
  0  88  1  37  2  27  3  2  4  14  5  94  6  64  7  8  8  37  9  22  10  22  11  61  12  30  13  43  14  69  15  25  16  9  17  55  18  59  19  18
  0  42  1  76  2  73  3  91  4  12  5  58  6  93  7  59  8  2  9  89  10  58  11  70  12  95  13  28  14  31  15  43  16  38  17  38  18  95  19  64
  0  68  1  4  2  75  3  32  4  33  5  73  6  16  7  1  8  64  9  20  10  85  11  55  12  37  13  59  14  95  15  26  16  73  17  37  18  31  19  7
  0  50  1  72  2  43  3  53  4  21  5  52  6  58  7  71  8  61  9  74  10  89  11  20  12  8  13  99  14  61  15  82  16  37  17  77  18  89  19  93
  0  7  1  22  2  63  3  15  4  70  5  82  6  31  7  99  8  12  9  24  10  94  11  99  12  85  13  3  14  43  15  82  16  46  17  20  18  90  19  83
  0  98  1  70  2  14  3  1  4  25  5  43  6  81  7  7  8  36  9  14  10  22  11  46  12  79  13  52  14  99  15  21  16  4  17  32  18  60  19  5
  0  31  1  13  2  86  3  33  4  22  5  38  6  75  7  41  8  20  9  58  10  11  11  82  12  6  13  86  14  15  15  15  16  2  17  34  18  86  19  52
  0  13  1  87  2  70  3  30  4  87  5  27  6  3  7  6  8  36  9  94  10  40  11  18  12  44  13  66  14  59  15  58  16  60  17  78  18  87  19  44
  0  56  1  18  2  4  3  79  4  75  5  80  6  11  7  55  8  37  9  49  10  81  11  27  12  40  13  48  14  17  15  53  16  98  17  80  18  84  19  11
  0  5  1  49  2  6  3  95  4  81  5  19  6  18  7  88  8  94  9  72  10  50  11  38  12  30  13  69  14  56  15  93  16  42  17  5  18  1  19  96
  0  40  1  30  2  21  3  94  4  79  5  88  6  74  7  54  8  48  9  66  10  57  11  81  12  88  13  69  14  66  15  80  16  85  17  72  18  19  19  90
  0  5  1  11  2  63  3  4  4  82  5  1  6  55  7  52  8  75  9  5  10  58  11  96  12  38  13  90  14  12  15  78  16  81  17  50  18  77  19  5
  0  33  1  62  2  33  3  76  4  4  5  26  6  11  7  96  8  14  9  2  10  68  11  91  12  61  13  32  14  51  15  55  16  18  17  24  18  90  19  89
  0  88  1  24  2  34  3  95  4  68  5  16  6  14  7  59  8  84  9  17  10  90  11  10  12  15  13  61  14  29  15  57  16  6  17  83  18  3  19  49
  0  38  1  52  2  28  3  76  4  22  5  19  6  65  7  39  8  6  9  69  10  53  11  48  12  31  13  1  14  55  15  16  16  85  17  59  18  37  19  74
  0  19  1  21  2  4  3  7  4  19  5  81  6  60  7  96  8  88  9  3  10  82  11  29  12  44  13  37  14  8  15  87  16  37  17  98  18  84  19  33
  0  77  1  87  2  36  3  78  4  90  5  67  6  25  7  64  8  57  9  47  10  42  11  21  12  1  13  36  14  33  15  66  16  36  17  57  18  46  19  73
  0  86  1  40  2  66  3  9  4  30  5  42  6  69  7  23  8  41  9  46  10  14  11  50  12  30  13  51  14  32  15  38  16  97  17  54  18  24  19  30
  0  64  1  74  2  43  3  51  4  38  5  85  6  23  7  92  8  19  9  45  10  6  11  74  12  71  13  47  14  48  15  43  16  11  17  22  18  29  19  42
  0  63  1  78  2  84  3  35  4  25  5  50  6  39  7  94  8  18  9  82  10  10  11  83  12  4  13  5  14  4  15  78  16  26  17  34  18  42  19  21
  0  85  1  24  2  61  3  94  4  56  5  69  6  97  7  70  8  13  9  4  10  49  11  60  12  17  13  61  14  54  15  64  16  87  17  96  18  52  19  20
  0  58  1  74  2  14  3  79  4  83  5  76  6  42  7  71  8  49  9  93  10  86  11  19  12  18  13  88  14  35  15  36  16  92  17  48  18  63  19  11
  0  78  1  81  2  50  3  50  4  7  5  4  6  8  7  48  8  5  9  24  10  71  11  96  12  64  13  42  14  48  15  56  16  27  17  93  18  25  19  57
  0  82  1  22  2  79  3  90  4  62  5  57  6  53  7  10  8  67  9  23  10  66  11  68  12  64  13  23  14  98  15  44  16  26  17  59  18  56  19  31
  0  32  1  84  2  97  3  13  4  21  5  95  6  98  7  33  8  74  9  34  10  72  11  21  12  87  13  22  14  71  15  69  16  29  17  67  18  40  19  35
  0  13  1  24  2  8  3  30  4  38  5  64  6  16  7  30  8  58  9  30  10  37  11  87  12  84  13  50  14  31  15  68  16  50  17  41  18  28  19  12
  0  75  1  43  2  55  3  7  4  18  5  40  6  36  7  22  8  91  9  77  10  25  11  36  12  95  13  79  14  62  15  64  16  85  17  12  18  73  19  55
  0  74  1  59  2  15  3  28  4  44  5  15  6  76  7  65  8  15  9  79  10  75  11  80  12  96  13  39  14  96  15  13  16  13  17  69  18  77  19  49
  0  87  1  66  2  35  3  49  4  22  5  13  6  85  7  24  8  5  9  43  10  93  11  24  12  35  13  39  14  80  15  91  16  56  17  91  18  38  19  19
  0  18  1  4  2  58  3  6  4  18  5  8  6  69  7  1  8  4  9  49  10  25  11  84  12  21  13  31  14  4  15  13  16  39  17  43  18  5  19  43
  0  6  1  5  2  54  3  98  4  89  5  6  6  51  7  54  8  30  9  16  10  24  11  47  12  99  13  8  14  68  15  39  16  34  17  9  18  1  19  84
  0  10  1  62  2  33  3  92  4  57  5  92  6  61  7  79  8  33  9  83  10  26  11  40  12  16  13  17  14  79  15  1  16  77  17  38  18  71  19  23
  0  39  1  40  2  41  3  81  4  39  5  77  6  76  7  15  8  52  9  68  10  67  11  39  12  39  13  38  14  85  15  72  16  26  17  88  18  43  19  6
  0  26  1  42  2  33  3  16  4  75  5  65  6  47  7  7  8  26  9  65  10  10  11  38  12  20  13  39  14  98  15  56  16  55  17  92  18  26  19  51
  0  94  1  86  2  98  3  95  4  89  5  50  6  88  7  56  8  22  9  79  10  83  11  56  12  83  13  24  14  85  15  52  16  38  17  10  18  88  19  53
  0  52  1  58  2  65  3  71  4  74  5  7  6  10  7  16  8  7  9  32  10  41  11  46  12  97  13  30  14  73  15  46  16  46  17  19  18  80  19  7
  0  5  1  45  2  21  3  4  4  7  5  30  6  17  7  17  8  72  9  78  10  84  11  34  12  62  13  35  14  61  15  29  16  68  17  60  18  85  19  13
  0  89  1  67  2  21  3  82  4  12  5  39  6  26  7  36  8  86  9  9  10  21  11  22  12  95  13  85  14  92  15  30  16  37  17  53  18  41  19  57
  0  61  1  70  2  68  3  1  4  50  5  56  6  48  7  50  8  31  9  34  10  42  11  6  12  41  13  66  14  40  15  26  16  2  17  23  18  39  19  71
  0  72  1  30  2  99  3  31  4  81  5  21  6  40  7  23  8  55  9  84  10  47  11  7  12  99  13  55  14  22  15  61  16  2  17  32  18  1  19  5
  0  56  1  82  2  94  3  63  4  35  5  92  6  51  7  25  8  45  9  59  10  47  11  16  12  60  13  38  14  32  15  97  16  14  17  93  18  5  19  79
  0  81  1  10  2  99  3  79  4  98  5  73  6  84  7  84  8  88  9  14  10  25  11  96  12  2  13  83  14  60  15  60  16  86  17  3  18  83  19  11
  0  34  1  1  2  38  3  90  4  90  5  34  6  58  7  16  8  7  9  63  10  30  11  4  12  74  13  9  14  40  15  72  16  82  17  33  18  41  19  95
  0  73  1  1  2  48  3  64  4  89  5  33  6  58  7  79  8  48  9  51  10  42  11  96  12  76  13  65  14  48  15  73  16  95  17  63  18  47  19  15
  0  38  1  12  2  60  3  7  4  31  5  60  6  88  7  65  8  91  9  16  10  32  11  75  12  8  13  36  14  29  15  76  16  5  17  47  18  10  19  13
  0  12  1  87  2  8  3  78  4  91  5  44  6  69  7  2  8  97  9  18  10  92  11  56  12  52  13  40  14  42  15  10  16  88  17  33  18  40  19  22
  0  75  1  71  2  47  3  66  4  32  5  11  6  49  7  35  8  97  9  62  10  37  11  58  12  10  13  55  14  39  15  37  16  15  17  97  18  43  19  69
  0  5  1  35  2  18  3  32  4  55  5  72  6  23  7  40  8  22  9  95  10  64  11  88  12  4  13  22  14  29  15  65  16  74  17  56  18  19  19  76
  0  82  1  37  2  63  3  23  4  12  5  93  6  72  7  34  8  95  9  58  10  60  11  29  12  16  13  96  14  69  15  71  16  19  17  50  18  54  19  32
  0  48  1  9  2  12  3  93  4  54  5  58  6  71  7  29  8  55  9  55  10  74  11  67  12  36  13  48  14  15  15  20  16  28  17  38  18  18  19  15
  0  94  1  26  2  67  3  91  4  20  5  29  6  22  7  31  8  77  9  35  10  85  11  31  12  20  13  32  14  7  15  47  16  25  17  41  18  19  19  72
  0  80  1  31  2  77  3  11  4  3  5  94  6  18  7  73  8  7  9  18  10  64  11  7  12  90  13  73  14  59  15  24  16  93  17  6  18  75  19  6
  0  30  1  12  2  70  3  86  4  30  5  16  6  49  7  45  8  22  9  4  10  70  11  65  12  47  13  53  14  17  15  38  16  85  17  92  18  2  19  12
  0  35  1  59  2  76  3  21  4  73  5  41  6  83  7  52  8  4  9  45  10  59  11  20  12  41  13  82  14  63  15  58  16  11  17  10  18  18  19  64
  0  70  1  46  2  71  3  40  4  41  5  40  6  11  7  18  8  58  9  82  10  94  11  73  12  39  13  82  14  94  15  50  16  49  17  44  18  40  19  59
  0  4  1  9  2  26  3  30  4  36  5  70  6  19  7  12  8  34  9  57  10  68  11  63  12  6  13  44  14  25  15  81  16  37  17  50  18  99  19  48
  0  52  1  22  2  30  3  4  4  86  5  4  6  37  7  71  8  36  9  62  10  80  11  87  12  39  13  8  14  57  15  29  16  7  17  22  18  94  19  24
  0  10  1  95  2  30  3  86  4  79  5  37  6  80  7  36  8  98  9  91  10  53  11  62  12  66  13  90  14  41  15  57  16  80  17  34  18  97  19  43
  0  66  1  50  2  6  3  35  4  43  5  94  6  59  7  39  8  9  9  98  10  51  11  74  12  86  13  60  14  11  15  59  16  57  17  40  18  41  19  7
  0  78  1  14  2  66  3  24  4  64  5  87  6  61  7  94  8  65  9  80  10  49  11  8  12  88  13  30  14  69  15  60  16  37  17  68  18  67  19  17
  0  62  1  86  2  48  3  55  4  53  5  80  6  95  7  88  8  18  9  37  10  62  11  55  12  19  13  16  14  61  15  31  16  71  17  33  18  28  19  83
  0  24  1  46  2  36  3  90  4  63  5  96  6  78  7  76  8  34  9  74  10  40  11  52  12  49  13  90  14  47  15  63  16  37  17  80  18  45  19  66
  0  54  1  79  2  51  3  98  4  50  5  39  6  86  7  15  8  79  9  67  10  78  11  4  12  78  13  26  14  84  15  98  16  66  17  13  18  88  19  56
  0  33  1  2  2  65  3  66  4  19  5  35  6  12  7  6  8  5  9  79  10  96  11  67  12  73  13  93  14  63  15  14  16  92  17  70  18  19  19  39
  0  41  1  50  2  52  3  37  4  89  5  14  6  94  7  22  8  86  9  14  10  9  11  32  12  25  13  86  14  57  15  15  16  80  17  67  18  9  19  94
  0  62  1  94  2  62  3  47  4  98  5  73  6  10  7  36  8  55  9  44  10  57  11  98  12  76  13  62  14  90  15  77  16  57  17  97  18  43  19  34
  0  28  1  3  2  98  3  89  4  86  5  9  6  54  7  84  8  13  9  51  10  3  11  53  12  54  13  34  14  35  15  46  16  63  17  82  18  50  19  57
  0  37  1  37  2  32  3  24  4  67  5  6  6  36  7  26  8  21  9  61  10  84  11  90  12  7  13  56  14  71  15  76  16  87  17  94  18  24  19  95
  0  53  1  73  2  63  3  9  4  63  5  6  6  80  7  86  8  18  9  56  10  98  11  26  12  24  13  73  14  97  15  75  16  61  17  99  18  33  19  88
  0  59  1  82  2  48  3  31  4  55  5  18  6  89  7  95  8  83  9  14  10  58  11  3  12  6  13  41  14  61  15  98  16  13  17  11  18  42  19  73
  0  25  1  1  2  18  3  51  4  93  5  22  6  35  7  49  8  68  9  88  10  27  11  83  12  88  13  35  14  41  15  76  16  20  17  5  18  67  19  9
  0  20  1  84  2  78  3  90  4  39  5  81  6  66  7  69  8  64  9  44  10  41  11  94  12  63  13  90  14  24  15  98  16  10  17  95  18  53  19  72
  0  64  1  32  2  64  3  33  4  66  5  88  6  47  7  32  8  58  9  1  10  72  11  37  12  32  13  68  14  31  15  79  16  85  17  40  18  51  19  71
  0  19  1  98  2  72  3  21  4  25  5  72  6  84  7  91  8  27  9  55  10  85  11  5  12  86  13  14  14  94  15  69  16  86  17  7  18  26  19  83
  0  46  1  63  2  21  3  55  4  44  5  71  6  87  7  19  8  39  9  85  10  92  11  67  12  17  13  61  14  11  15  7  16  14  17  63  18  18  19  11
  0  90  1  6  2  93  3  39  4  40  5  35  6  69  7  32  8  84  9  50  10  14  11  3  12  70  13  18  14  83  15  99  16  69  17  46  18  47  19  95
  0  62  1  5  2  65  3  24  4  37  5  15  6  5  7  87  8  52  9  47  10  93  11  94  12  31  13  95  14  65  15  3  16  91  17  20  18  38  19  67
  0  34  1  73  2  24  3  41  4  33  5  62  6  81  7  64  8  9  9  91  10  37  11  26  12  76  13  7  14  48  15  18  16  96  17  37  18  81  19  83
  0  71  1  83  2  35  3  42  4  70  5  22  6  15  7  53  8  70  9  11  10  56  11  31  12  47  13  28  14  47  15  35  16  50  17  62  18  87  19  97
  0  54  1  49  2  10  3  60  4  72  5  19  6  19  7  33  8  54  9  1  10  44  11  95  12  21  13  98  14  14  15  5  16  20  17  24  18  83  19  82
  0  74  1  72  2  78  3  86  4  75  5  59  6  47  7  4  8  50  9  57  10  25  11  10  12  85  13  8  14  43  15  81  16  2  17  90  18  59  19  61
  0  5  1  74  2  71  3  10  4  62  5  89  6  57  7  97  8  78  9  88  10  37  11  15  12  60  13  87  14  60  15  3  16  10  17  7  18  69  19  46
  0  79  1  52  2  70  3  66  4  72  5  1  6  44  7  5  8  79  9  90  10  51  11  2  12  83  13  22  14  20  15  93  16  71  17  25  18  40  19  90
  0  35  1  46  2  71  3  7  4  53  5  60  6  61  7  60  8  80  9  9  10  31  11  49  12  94  13  27  14  50  15  91  16  72  17  8  18  44  19  79
  0  86  1  8  2  78  3  62  4  65  5  2  6  23  7  97  8  39  9  41  10  90  11  10  12  68  13  74  14  5  15  50  16  40  17  15  18  41  19  43
  0  55  1  95  2  29  3  77  4  68  5  29  6  44  7  68  8  33  9  53  10  3  11  86  12  68  13  52  14  28  15  57  16  63  17  68  18  87  19  54
  0  69  1  49  2  88  3  44  4  44  5  94  6  86  7  65  8  71  9  96  10  59  11  47  12  43  13  95  14  35  15  82  16  87  17  77  18  82  19  35
  0  91  1  6  2  4  3  40  4  32  5  53  6  85  7  11  8  31  9  71  10  2  11  80  12  79  13  26  14  65  15  34  16  19  17  73  18  89  19  10
  0  64  1  71  2  81  3  73  4  90  5  30  6  99  7  95  8  51  9  60  10  48  11  90  12  72  13  80  14  60  15  88  16  51  17  62  18  40  19  53
  0  58  1  57  2  26  3  75  4  3  5  21  6  5  7  83  8  38  9  25  10  13  11  71  12  96  13  23  14  70  15  32  16  83  17  16  18  47  19  33
  0  73  1  38  2  72  3  89  4  90  5  38  6  11  7  10  8  62  9  49  10  82  11  23  12  76  13  63  14  99  15  21  16  84  17  54  18  40  19  51
  0  35  1  6  2  84  3  71  4  14  5  57  6  91  7  40  8  47  9  68  10  80  11  92  12  83  13  39  14  42  15  45  16  49  17  83  18  20  19  17
  0  65  1  5  2  4  3  67  4  54  5  28  6  39  7  80  8  87  9  14  10  57  11  53  12  32  13  19  14  57  15  63  16  22  17  2  18  14  19  24
  0  46  1  93  2  77  3  55  4  25  5  64  6  93  7  29  8  42  9  68  10  80  11  55  12  25  13  40  14  97  15  39  16  2  17  80  18  36  19  2
  0  83  1  62  2  93  3  65  4  43  5  14  6  12  7  34  8  94  9  2  10  6  11  15  12  82  13  95  14  93  15  84  16  52  17  83  18  16  19  68
  0  50  1  87  2  8  3  5  4  71  5  86  6  59  7  1  8  66  9  48  10  57  11  17  12  62  13  27  14  38  15  21  16  69  17  83  18  53  19  5
  0  65  1  24  2  38  3  55  4  98  5  74  6  60  7  28  8  37  9  36  10  47  11  52  12  44  13  83  14  49  15  74  16  95  17  95  18  83  19  22
  0  34  1  51  2  50  3  36  4  27  5  11  6  33  7  10  8  99  9  68  10  15  11  26  12  36  13  55  14  83  15  93  16  77  17  22  18  87  19  14
  0  63  1  34  2  80  3  24  4  83  5  42  6  75  7  9  8  56  9  41  10  70  11  81  12  32  13  8  14  36  15  57  16  93  17  84  18  68  19  79
  0  14  1  50  2  57  3  83  4  69  5  3  6  16  7  86  8  38  9  30  10  58  11  55  12  30  13  58  14  57  15  85  16  19  17  96  18  83  19  85
  0  72  1  14  2  19  3  64  4  23  5  29  6  12  7  58  8  92  9  87  10  88  11  38  12  81  13  61  14  66  15  95  16  93  17  93  18  9  19  97
  0  40  1  82  2  36  3  47  4  51  5  59  6  73  7  96  8  85  9  24  10  98  11  12  12  31  13  27  14  30  15  63  16  14  17  23  18  53  19  1
  0  69  1  33  2  89  3  48  4  58  5  76  6  53  7  14  8  2  9  77  10  41  11  1  12  82  13  59  14  57  15  66  16  52  17  60  18  74  19  76
  0  13  1  46  2  71  3  33  4  80  5  13  6  7  7  80  8  45  9  92  10  11  11  29  12  83  13  3  14  18  15  32  16  92  17  14  18  59  19  22
  0  49  1  21  2  90  3  74  4  2  5  36  6  37  7  75  8  74  9  52  10  57  11  1  12  16  13  32  14  79  15  22  16  34  17  26  18  52  19  24
  0  1  1  35  2  14  3  69  4  6  5  48  6  71  7  69  8  20  9  41  10  48  11  35  12  55  13  13  14  38  15  7  16  76  17  83  18  67  19  16
  0  72  1  97  2  72  3  2  4  1  5  93  6  27  7  87  8  68  9  40  10  74  11  10  12  99  13  44  14  65  15  32  16  25  17  92  18  2  19  97
  0  63  1  69  2  15  3  4  4  6  5  62  6  64  7  93  8  20  9  67  10  15  11  16  12  16  13  30  14  20  15  71  16  60  17  91  18  44  19  70
  0  25  1  48  2  78  3  64  4  5  5  10  6  48  7  11  8  42  9  28  10  8  11  13  12  38  13  53  14  75  15  10  16  48  17  98  18  52  19  39
  0  88  1  50  2  24  3  82  4  87  5  50  6  52  7  59  8  78  9  29  10  88  11  44  12  10  13  65  14  74  15  19  16  14  17  14  18  18  19  80
  0  71  1  19  2  45  3  65  4  46  5  95  6  77  7  67  8  95  9  70  10  87  11  53  12  76  13  86  14  17  15  10  16  85  17  34  18  73  19  71
  0  28  1  54  2  44  3  15  4  91  5  26  6  73  7  13  8  66  9  37  10  10  11  98  12  42  13  96  14  17  15  69  16  79  17  43  18  92  19  26
  0  24  1  48  2  56  3  56  4  15  5  31  6  88  7  71  8  19  9  24  10  39  11  73  12  69  13  62  14  21  15  22  16  4  17  84  18  86  19  95
  0  38  1  53  2  35  3  8  4  98  5  66  6  80  7  91  8  20  9  88  10  18  11  65  12  73  13  22  14  45  15  73  16  77  17  28  18  16  19  24
  0  15  1  33  2  55  3  87  4  53  5  94  6  56  7  37  8  45  9  16  10  28  11  23  12  46  13  34  14  79  15  31  16  97  17  3  18  42  19  58
  0  36  1  68  2  81  3  98  4  49  5  2  6  45  7  41  8  73  9  23  10  48  11  10  12  12  13  47  14  81  15  94  16  20  17  34  18  13  19  65
  0  75  1  17  2  13  3  58  4  47  5  42  6  9  7  75  8  10  9  48  10  63  11  55  12  88  13  66  14  32  15  72  16  20  17  19  18  47  19  2
  0  55  1  52  2  12  3  51  4  64  5  20  6  27  7  33  8  97  9  12  10  80  11  45  12  22  13  4  14  58  15  71  16  34  17  41  18  61  19  31
  0  21  1  20  2  53  3  24  4  24  5  10  6  50  7  66  8  18  9  24  10  43  11  5  12  10  13  48  14  12  15  54  16  38  17  75  18  54  19  97
  0  5  1  5  2  77  3  46  4  73  5  11  6  81  7  44  8  42  9  83  10  56  11  69  12  31  13  99  14  74  15  64  16  81  17  72  18  40  19  90
  0  39  1  87  2  28  3  9  4  67  5  42  6  27  7  7  8  16  9  10  10  77  11  43  12  46  13  33  14  46  15  71  16  84  17  95  18  4  19  61
  0  43  1  24  2  85  3  45  4  53  5  46  6  42  7  33  8  85  9  73  10  32  11  90  12  46  13  3  14  95  15  79  16  92  17  55  18  15  19  81
  0  92  1  89  2  59  3  80  4  20  5  63  6  55  7  57  8  72  9  34  10  46  11  20  12  49  13  6  14  19  15  98  16  16  17  82  18  21  19  47
  0  51  1  76  2  85  3  45  4  63  5  81  6  45  7  90  8  94  9  8  10  10  11  33  12  78  13  48  14  18  15  80  16  9  17  8  18  2  19  72
  0  19  1  25  2  31  3  20  4  11  5  73  6  5  7  48  8  59  9  6  10  29  11  80  12  84  13  91  14  84  15  62  16  79  17  54  18  74  19  24
  0  17  1  15  2  21  3  98  4  97  5  92  6  20  7  69  8  87  9  23  10  9  11  19  12  70  13  84  14  82  15  74  16  18  17  63  18  65  19  98
  0  40  1  82  2  34  3  62  4  78  5  73  6  40  7  87  8  47  9  74  10  84  11  69  12  45  13  85  14  34  15  96  16  86  17  1  18  85  19  32
  0  19  1  11  2  26  3  31  4  36  5  50  6  29  7  1  8  1  9  7  10  1  11  37  12  29  13  48  14  56  15  82  16  15  17  21  18  89  19  94
  0  83  1  16  2  77  3  23  4  2  5  25  6  13  7  32  8  97  9  17  10  86  11  13  12  56  13  20  14  28  15  76  16  91  17  80  18  96  19  25
  0  25  1  32  2  86  3  31  4  8  5  11  6  68  7  88  8  65  9  80  10  98  11  93  12  70  13  71  14  55  15  91  16  50  17  33  18  97  19  89
  0  97  1  60  2  44  3  11  4  39  5  43  6  19  7  54  8  74  9  54  10  15  11  80  12  1  13  63  14  76  15  35  16  75  17  46  18  93  19  83
  0  90  1  42  2  56  3  25  4  52  5  54  6  24  7  85  8  91  9  7  10  4  11  38  12  65  13  16  14  34  15  85  16  97  17  19  18  26  19  98
  0  85  1  69  2  15  3  9  4  71  5  18  6  99  7  81  8  45  9  3  10  7  11  32  12  41  13  43  14  81  15  64  16  38  17  97  18  90  19  27
  0  66  1  36  2  24  3  28  4  94  5  44  6  80  7  52  8  52  9  30  10  7  11  75  12  93  13  46  14  28  15  61  16  24  17  10  18  62  19  89
  0  41  1  98  2  35  3  52  4  55  5  63  6  17  7  18  8  3  9  56  10  63  11  45  12  55  13  9  14  28  15  94  16  94  17  70  18  61  19  86
  0  11  1  7  2  43  3  81  4  27  5  22  6  89  7  93  8  82  9  48  10  47  11  59  12  4  13  22  14  55  15  24  16  60  17  29  18  33  19  26
  0  82  1  5  2  51  3  74  4  76  5  5  6  61  7  53  8  87  9  94  10  7  11  19  12  70  13  22  14  42  15  50  16  81  17  57  18  35  19  72
  0  9  1  37  2  14  3  73  4  87  5  30  6  97  7  81  8  73  9  14  10  28  11  62  12  78  13  38  14  66  15  60  16  88  17  2  18  47  19  6
  0  9  1  85  2  94  3  41  4  17  5  95  6  41  7  45  8  15  9  32  10  1  11  68  12  8  13  76  14  96  15  99  16  62  17  52  18  44  19  20
  0  1  1  34  2  25  3  30  4  57  5  70  6  21  7  53  8  87  9  72  10  83  11  33  12  9  13  80  14  60  15  98  16  27  17  92  18  2  19  62
  0  49  1  47  2  26  3  64  4  19  5  60  6  9  7  85  8  8  9  88  10  26  11  89  12  37  13  52  14  73  15  70  16  48  17  38  18  29  19  15
  0  10  1  84  2  46  3  2  4  52  5  89  6  84  7  98  8  64  9  24  10  11  11  33  12  71  13  22  14  50  15  49  16  24  17  80  18  39  19  64
  0  22  1  7  2  29  3  99  4  67  5  75  6  51  7  52  8  43  9  96  10  8  11  12  12  31  13  99  14  88  15  59  16  18  17  92  18  3  19  3
  0  82  1  44  2  85  3  19  4  33  5  97  6  16  7  17  8  42  9  22  10  52  11  49  12  14  13  47  14  88  15  19  16  63  17  58  18  60  19  81
  0  3  1  21  2  74  3  19  4  64  5  77  6  37  7  36  8  96  9  39  10  4  11  33  12  25  13  55  14  66  15  16  16  48  17  36  18  66  19  74
  0  32  1  65  2  91  3  37  4  10  5  21  6  92  7  71  8  87  9  98  10  32  11  93  12  46  13  9  14  47  15  19  16  63  17  70  18  99  19  47
  0  96  1  49  2  24  3  68  4  22  5  2  6  21  7  52  8  95  9  19  10  45  11  32  12  91  13  86  14  74  15  11  16  47  17  6  18  79  19  39
  0  91  1  40  2  22  3  59  4  61  5  76  6  48  7  5  8  20  9  29  10  55  11  88  12  38  13  14  14  53  15  44  16  96  17  75  18  45  19  88
  0  18  1  46  2  2  3  11  4  57  5  57  6  96  7  30  8  79  9  55  10  40  11  63  12  16  13  72  14  14  15  80  16  96  17  60  18  98  19  73
  0  66  1  95  2  65  3  40  4  55  5  92  6  34  7  57  8  56  9  15  10  59  11  19  12  23  13  42  14  80  15  37  16  6  17  45  18  30  19  44
  0  72  1  88  2  17  3  42  4  89  5  29  6  16  7  92  8  66  9  19  10  23  11  32  12  73  13  11  14  62  15  62  16  97  17  18  18  58  19  57
  0  2  1  99  2  13  3  69  4  80  5  47  6  34  7  47  8  51  9  12  10  22  11  78  12  7  13  96  14  4  15  32  16  32  17  89  18  66  19  63
  0  49  1  28  2  46  3  95  4  48  5  9  6  58  7  3  8  27  9  90  10  70  11  56  12  20  13  58  14  77  15  2  16  27  17  26  18  12  19  84
  0  47  1  15  2  97  3  46  4  78  5  42  6  44  7  47  8  48  9  80  10  25  11  94  12  86  13  86  14  95  15  85  16  42  17  20  18  42  19  87
  0  20  1  82  2  68  3  21  4  87  5  64  6  56  7  6  8  60  9  59  10  67  11  99  12  87  13  6  14  59  15  42  16  94  17  56  18  38  19  59
  0  38  1  71  2  83  3  19  4  84  5  13  6  98  7  32  8  41  9  69  10  77  11  29  12  69  13  36  14  97  15  77  16  72  17  34  18  76  19  8
  0  43  1  53  2  55  3  52  4  5  5  35  6  82  7  42  8  80  9  42  10  31  11  97  12  84  13  76  14  56  15  4  16  13  17  45  18  87  19  72
  0  71  1  78  2  7  3  19  4  78  5  62  6  58  7  10  8  28  9  32  10  91  11  65  12  5  13  29  14  30  15  9  16  68  17  44  18  25  19  7
  0  70  1  71  2  25  3  49  4  63  5  59  6  87  7  48  8  8  9  42  10  91  11  53  12  99  13  63  14  47  15  34  16  66  17  45  18  1  19  59
  0  99  1  66  2  82  3  69  4  35  5  33  6  49  7  43  8  90  9  72  10  15  11  78  12  18  13  86  14  70  15  61  16  38  17  25  18  44  19  83
  0  65  1  83  2  45  3  27  4  31  5  34  6  92  7  34  8  66  9  37  10  28  11  24  12  20  13  90  14  56  15  44  16  89  17  27  18  73  19  38
  0  20  1  54  2  61  3  82  4  86  5  1  6  70  7  34  8  62  9  24  10  22  11  76  12  49  13  67  14  82  15  56  16  8  17  98  18  14  19  60
  0  26  1  61  2  93  3  62  4  11  5  6  6  47  7  45  8  87  9  96  10  62  11  84  12  44  13  18  14  48  15  27  16  55  17  98  18  80  19  31
  0  77  1  55  2  43  3  23  4  86  5  15  6  40  7  10  8  15  9  59  10  59  11  37  12  7  13  12  14  3  15  87  16  84  17  54  18  16  19  61
  0  13  1  48  2  77  3  78  4  90  5  88  6  36  7  5  8  19  9  33  10  7  11  69  12  14  13  59  14  57  15  55  16  65  17  66  18  56  19  63
  0  72  1  12  2  52  3  73  4  83  5  52  6  13  7  73  8  42  9  27  10  47  11  16  12  13  13  5  14  82  15  28  16  27  17  87  18  62  19  88
  0  83  1  28  2  6  3  26  4  91  5  25  6  39  7  36  8  42  9  80  10  70  11  3  12  42  13  50  14  93  15  59  16  45  17  16  18  32  19  49
  0  71  1  59  2  57  3  62  4  99  5  13  6  43  7  46  8  58  9  28  10  40  11  34  12  71  13  78  14  88  15  34  16  21  17  84  18  90  19  61
  0  36  1  39  2  23  3  20  4  24  5  61  6  60  7  67  8  95  9  9  10  21  11  5  12  52  13  31  14  84  15  88  16  48  17  38  18  26  19  53
  0  30  1  22  2  61  3  83  4  17  5  48  6  15  7  88  8  98  9  16  10  38  11  60  12  28  13  44  14  57  15  16  16  57  17  29  18  6  19  53
  0  51  1  6  2  90  3  85  4  52  5  68  6  95  7  17  8  98  9  67  10  99  11  79  12  24  13  74  14  92  15  57  16  70  17  73  18  97  19  37
  0  13  1  43  2  39  3  94  4  65  5  15  6  16  7  97  8  21  9  32  10  60  11  56  12  46  13  50  14  6  15  93  16  28  17  43  18  84  19  97
  0  55  1  7  2  34  3  62  4  63  5  86  6  76  7  60  8  94  9  58  10  1  11  87  12  39  13  34  14  74  15  59  16  60  17  94  18  46  19  81
  0  31  1  44  2  32  3  98  4  23  5  59  6  79  7  93  8  24  9  70  10  70  11  19  12  84  13  82  14  1  15  45  16  11  17  55  18  34  19  82
  0  68  1  78  2  40  3  6  4  43  5  5  6  50  7  82  8  85  9  44  10  94  11  92  12  44  13  34  14  3  15  83  16  43  17  19  18  78  19  3
  0  77  1  13  2  99  3  98  4  19  5  42  6  71  7  81  8  67  9  73  10  61  11  93  12  82  13  80  14  82  15  16  16  79  17  12  18  4  19  23
  0  81  1  46  2  11  3  61  4  56  5  66  6  32  7  98  8  80  9  83  10  22  11  99  12  11  13  77  14  44  15  88  16  55  17  53  18  23  19  33
  0  71  1  26  2  31  3  47  4  42  5  81  6  47  7  98  8  90  9  62  10  93  11  74  12  51  13  4  14  44  15  26  16  2  17  2  18  58  19  15
  0  22  1  81  2  78  3  18  4  37  5  16  6  5  7  74  8  52  9  3  10  30  11  65  12  4  13  97  14  94  15  79  16  68  17  65  18  4  19  92
  0  11  1  5  2  10  3  63  4  60  5  39  6  47  7  36  8  53  9  93  10  93  11  84  12  69  13  8  14  69  15  52  16  58  17  27  18  8  19  71
  0  35  1  99  2  70  3  56  4  81  5  64  6  77  7  10  8  94  9  91  10  74  11  94  12  60  13  36  14  64  15  48  16  42  17  95  18  72  19  45
  0  24  1  94  2  28  3  43  4  39  5  30  6  66  7  52  8  66  9  53  10  4  11  32  12  91  13  72  14  23  15  90  16  62  17  1  18  82  19  41
  0  69  1  85  2  33  3  60  4  49  5  94  6  99  7  20  8  89  9  36  10  76  11  17  12  66  13  48  14  27  15  9  16  61  17  86  18  95  19  27
  0  41  1  83  2  73  3  37  4  74  5  69  6  70  7  58  8  41  9  73  10  89  11  58  12  53  13  46  14  4  15  1  16  78  17  68  18  82  19  4
  0  64  1  46  2  15  3  21  4  69  5  97  6  34  7  83  8  79  9  83  10  31  11  42  12  51  13  50  14  21  15  4  16  98  17  58  18  92  19  59
  0  54  1  47  2  54  3  27  4  23  5  40  6  64  7  87  8  37  9  88  10  7  11  56  12  87  13  29  14  47  15  37  16  64  17  77  18  67  19  51
  0  52  1  99  2  1  3  22  4  54  5  32  6  80  7  80  8  46  9  31  10  76  11  1  12  76  13  81  14  9  15  1  16  69  17  7  18  42  19  47
  0  2  1  31  2  93  3  67  4  47  5  9  6  31  7  50  8  19  9  20  10  24  11  78  12  51  13  83  14  83  15  49  16  99  17  55  18  9  19  48
  0  60  1  94  2  5  3  99  4  20  5  30  6  63  7  11  8  95  9  53  10  16  11  66  12  40  13  18  14  89  15  60  16  95  17  30  18  29  19  54
  0  42  1  52  2  75  3  16  4  62  5  53  6  11  7  62  8  23  9  88  10  93  11  21  12  50  13  80  14  65  15  76  16  37  17  42  18  3  19  73
  0  20  1  58  2  19  3  89  4  7  5  16  6  67  7  90  8  48  9  58  10  4  11  53  12  80  13  96  14  72  15  94  16  87  17  97  18  62  19  60
  0  49  1  46  2  44  3  45  4  87  5  39  6  48  7  64  8  21  9  64  10  90  11  88  12  76  13  72  14  32  15  17  16  49  17  38  18  29  19  46
  0  83  1  79  2  20  3  54  4  20  5  70  6  38  7  32  8  39  9  76  10  74  11  98  12  92  13  88  14  1  15  3  16  10  17  40  18  42  19  99
  0  99  1  35  2  63  3  38  4  9  5  14  6  90  7  9  8  98  9  43  10  99  11  48  12  46  13  98  14  43  15  76  16  85  17  87  18  76  19  25
  0  46  1  19  2  30  3  88  4  58  5  21  6  28  7  5  8  18  9  74  10  40  11  31  12  45  13  89  14  39  15  84  16  79  17  72  18  80  19  81
  0  80  1  32  2  34  3  52  4  43  5  42  6  41  7  45  8  41  9  54  10  65  11  54  12  51  13  24  14  66  15  4  16  37  17  94  18  17  19  96
  0  75  1  53  2  34  3  11  4  65  5  61  6  9  7  77  8  62  9  9  10  39  11  11  12  6  13  55  14  11  15  43  16  46  17  55  18  82  19  92
  0  89  1  76  2  60  3  83  4  12  5  63  6  72  7  71  8  13  9  7  10  85  11  57  12  12  13  9  14  20  15  2  16  8  17  74  18  40  19  47
  0  46  1  52  2  55  3  29  4  76  5  6  6  37  7  42  8  92  9  6  10  40  11  60  12  75  13  52  14  92  15  60  16  97  17  77  18  87  19  77
  0  54  1  96  2  80  3  97  4  20  5  91  6  93  7  74  8  58  9  50  10  79  11  5  12  32  13  4  14  70  15  27  16  82  17  23  18  45  19  1
  0  80  1  80  2  83  3  97  4  77  5  74  6  72  7  14  8  92  9  75  10  3  11  68  12  22  13  52  14  70  15  61  16  56  17  75  18  53  19  5
  0  45  1  8  2  48  3  47  4  39  5  34  6  75  7  52  8  3  9  90  10  95  11  4  12  73  13  86  14  87  15  59  16  17  17  34  18  82  19  56
  0  96  1  39  2  61  3  45  4  65  5  6  6  55  7  26  8  43  9  51  10  99  11  80  12  31  13  56  14  44  15  54  16  96  17  85  18  15  19  11
  0  6  1  40  2  73  3  70  4  2  5  51  6  28  7  12  8  53  9  15  10  85  11  82  12  22  13  21  14  59  15  69  16  22  17  34  18  58  19  98
  0  63  1  32  2  32  3  93  4  21  5  6  6  41  7  85  8  50  9  68  10  83  11  68  12  50  13  44  14  92  15  52  16  56  17  22  18  81  19  26
  0  85  1  97  2  19  3  70  4  95  5  41  6  40  7  56  8  18  9  60  10  31  11  24  12  68  13  51  14  54  15  45  16  57  17  57  18  92  19  85
  0  57  1  65  2  30  3  45  4  81  5  25  6  90  7  31  8  92  9  68  10  26  11  82  12  50  13  58  14  98  15  81  16  58  17  92  18  3  19  83
  0  71  1  52  2  50  3  76  4  69  5  62  6  69  7  44  8  23  9  10  10  26  11  82  12  92  13  28  14  50  15  22  16  36  17  46  18  35  19  25
  0  31  1  78  2  43  3  69  4  25  5  66  6  14  7  57  8  65  9  38  10  96  11  84  12  86  13  23  14  21  15  64  16  45  17  39  18  85  19  8
  0  39  1  56  2  44  3  85  4  42  5  78  6  95  7  36  8  38  9  21  10  18  11  81  12  57  13  60  14  13  15  81  16  26  17  89  18  34  19  26
  0  85  1  9  2  22  3  50  4  56  5  31  6  72  7  28  8  36  9  74  10  9  11  59  12  66  13  85  14  30  15  87  16  7  17  11  18  67  19  81
  0  1  1  5  2  57  3  85  4  18  5  44  6  19  7  23  8  7  9  86  10  3  11  95  12  3  13  10  14  31  15  30  16  66  17  80  18  63  19  40
  0  48  1  83  2  47  3  33  4  3  5  81  6  40  7  64  8  2  9  88  10  18  11  13  12  28  13  99  14  98  15  49  16  26  17  78  18  46  19  4
  0  61  1  17  2  41  3  59  4  12  5  12  6  29  7  31  8  87  9  22  10  77  11  9  12  50  13  1  14  13  15  68  16  86  17  24  18  9  19  73
  0  57  1  43  2  54  3  40  4  12  5  51  6  16  7  23  8  58  9  33  10  81  11  45  12  23  13  31  14  46  15  90  16  27  17  60  18  69  19  17
  0  81  1  48  2  24  3  72  4  76  5  81  6  17  7  12  8  96  9  86  10  47  11  56  12  16  13  79  14  30  15  32  16  32  17  52  18  5  19  85
  0  55  1  98  2  12  3  72  4  63  5  76  6  92  7  47  8  71  9  68  10  60  11  12  12  98  13  99  14  41  15  3  16  23  17  1  18  73  19  22
  0  48  1  41  2  43  3  37  4  34  5  71  6  54  7  15  8  59  9  41  10  92  11  50  12  21  13  85  14  26  15  21  16  93  17  95  18  31  19  70
  0  84  1  21  2  60  3  94  4  78  5  61  6  91  7  5  8  53  9  53  10  97  11  60  12  97  13  50  14  58  15  23  16  84  17  63  18  85  19  73
TPM
  0  2546  1  2546  2  2546  3  2546  4  2546  5  2546  6  2546  7  2546  8  2546  9  2546  10  2546  11  2546  12  2546  13  2546  14  2546  15  2546  16  2546  17  2546  18  2546  19  2546
PMT
  0  26  1  49  2  16  3  32  4  12  5  12  6  9  7  16  8  32  9  14  10  43  11  40  12  11  13  36  14  40  15  3  16  25  17  32  18  32  19  8
  0  45  1  28  2  4  3  49  4  20  5  38  6  18  7  2  8  26  9  35  10  18  11  25  12  30  13  28  14  48  15  4  16  49  17  32  18  38  19  29
  0  32  1  2  2  33  3  44  4  24  5  23  6  40  7  19  8  15  9  42  10  39  11  4  12  14  13  22  14  9  15  8  16  4  17  38  18  45  19  25
  0  18  1  38  2  33  3  22  4  9  5  42  6  48  7  44  8  20  9  40  10  49  11  28  12  11  13  27  14  24  15  39  16  23  17  19  18  37  19  24
  0  14  1  21  2  37  3  41  4  9  5  37  6  26  7  1  8  37  9  49  10  8  11  10  12  25  13  19  14  46  15  7  16  27  17  3  18  30  19  28
  0  5  1  31  2  39  3  45  4  2  5  1  6  45  7  13  8  6  9  8  10  14  11  24  12  18  13  3  14  13  15  38  16  37  17  13  18  15  19  23
  0  25  1  46  2  42  3  23  4  11  5  39  6  40  7  37  8  41  9  39  10  24  11  42  12  15  13  10  14  7  15  19  16  8  17  33  18  12  19  41
  0  26  1  7  2  28  3  2  4  20  5  41  6  12  7  29  8  42  9  45  10  38  11  28  12  44  13  48  14  20  15  28  16  46  17  48  18  23  19  49
  0  5  1  8  2  21  3  42  4  46  5  44  6  2  7  39  8  2  9  31  10  31  11  43  12  47  13  18  14  14  15  23  16  8  17  17  18  47  19  15
  0  46  1  45  2  7  3  21  4  39  5  26  6  5  7  25  8  10  9  29  10  28  11  10  12  14  13  36  14  28  15  1  16  26  17  11  18  24  19  2
  0  27  1  49  2  44  3  28  4  38  5  30  6  31  7  29  8  12  9  31  10  43  11  13  12  5  13  31  14  34  15  9  16  24  17  44  18  43  19  7
  0  36  1  49  2  18  3  13  4  9  5  24  6  12  7  5  8  12  9  43  10  24  11  3  12  44  13  40  14  33  15  48  16  24  17  17  18  15  19  41
  0  9  1  6  2  38  3  7  4  4  5  32  6  34  7  7  8  32  9  17  10  27  11  10  12  17  13  14  14  26  15  30  16  27  17  43  18  7  19  9
  0  43  1  41  2  5  3  46  4  35  5  6  6  19  7  47  8  38  9  37  10  27  11  11  12  19  13  39  14  33  15  46  16  13  17  36  18  22  19  31
  0  19  1  6  2  31  3  8  4  1  5  9  6  16  7  17  8  47  9  40  10  7  11  33  12  44  13  10  14  18  15  40  16  49  17  41  18  9  19  8
  0  20  1  33  2  6  3  17  4  7  5  49  6  42  7  48  8  33  9  44  10  13  11  4  12  7  13  21  14  20  15  20  16  43  17  10  18  24  19  3
  0  45  1  33  2  21  3  16  4  19  5  17  6  17  7  42  8  10  9  44  10  49  11  7  12  17  13  35  14  12  15  18  16  33  17  30  18  43  19  45
  0  48  1  15  2  23  3  47  4  37  5  18  6  46  7  5  8  10  9  24  10  14  11  47  12  40  13  12  14  22  15  11  16  4  17  39  18  6  19  18
  0  4  1  7  2  24  3  10  4  33  5  8  6  34  7  49  8  2  9  43  10  28  11  37  12  22  13  18  14  19  15  42  16  24  17  2  18  3  19  11
  0  18  1  47  2  25  3  40  4  46  5  39  6  43  7  36  8  18  9  13  10  39  11  34  12  41  13  20  14  8  15  26  16  29  17  47  18  38  19  28
