50  10
  0  97  1  47  2  48  3  32  4  69  5  11  6  48  7  10  8  69  9  92
  0  95  1  55  2  91  3  59  4  14  5  84  6  94  7  12  8  3  9  84
  0  6  1  86  2  33  3  27  4  55  5  30  6  85  7  9  8  70  9  60
  0  18  1  30  2  76  3  54  4  68  5  57  6  68  7  26  8  39  9  80
  0  74  1  4  2  10  3  34  4  6  5  94  6  79  7  37  8  61  9  15
  0  36  1  93  2  62  3  16  4  96  5  41  6  94  7  30  8  81  9  42
  0  8  1  31  2  94  3  61  4  98  5  65  6  40  7  70  8  65  9  11
  0  94  1  67  2  29  3  64  4  9  5  18  6  36  7  68  8  16  9  34
  0  4  1  26  2  57  3  69  4  76  5  59  6  69  7  78  8  82  9  20
  0  85  1  81  2  36  3  56  4  43  5  28  6  8  7  82  8  99  9  43
  0  52  1  16  2  6  3  18  4  96  5  86  6  87  7  61  8  91  9  13
  0  17  1  26  2  96  3  6  4  5  5  85  6  59  7  65  8  29  9  27
  0  90  1  47  2  65  3  60  4  59  5  40  6  16  7  92  8  59  9  73
  0  35  1  3  2  11  3  37  4  92  5  10  6  6  7  1  8  39  9  26
  0  20  1  52  2  48  3  40  4  28  5  84  6  67  7  76  8  13  9  27
  0  81  1  5  2  53  3  78  4  91  5  19  6  19  7  81  8  46  9  2
  0  25  1  80  2  86  3  38  4  11  5  16  6  98  7  53  8  50  9  60
  0  60  1  81  2  9  3  9  4  57  5  92  6  2  7  63  8  84  9  32
  0  28  1  85  2  62  3  66  4  71  5  99  6  36  7  7  8  95  9  73
  0  43  1  84  2  88  3  14  4  46  5  91  6  14  7  39  8  95  9  93
  0  86  1  36  2  50  3  7  4  82  5  99  6  65  7  76  8  33  9  12
  0  50  1  1  2  83  3  23  4  28  5  94  6  9  7  18  8  74  9  80
  0  12  1  7  2  89  3  55  4  49  5  54  6  56  7  67  8  67  9  39
  0  81  1  6  2  36  3  20  4  9  5  85  6  8  7  36  8  70  9  71
  0  54  1  72  2  6  3  88  4  48  5  69  6  67  7  10  8  94  9  62
  0  80  1  5  2  25  3  65  4  49  5  7  6  19  7  53  8  12  9  24
  0  10  1  92  2  80  3  1  4  83  5  27  6  35  7  13  8  87  9  27
  0  47  1  39  2  9  3  56  4  49  5  59  6  79  7  2  8  91  9  61
  0  19  1  79  2  31  3  51  4  34  5  30  6  58  7  17  8  26  9  33
  0  57  1  80  2  69  3  23  4  43  5  21  6  77  7  87  8  33  9  88
  0  64  1  74  2  46  3  24  4  56  5  46  6  26  7  36  8  23  9  38
  0  40  1  33  2  39  3  38  4  6  5  98  6  78  7  75  8  33  9  48
  0  10  1  85  2  92  3  12  4  60  5  97  6  47  7  40  8  32  9  56
  0  8  1  23  2  22  3  77  4  96  5  52  6  69  7  92  8  34  9  96
  0  16  1  45  2  78  3  42  4  74  5  26  6  83  7  38  8  32  9  73
  0  63  1  43  2  27  3  72  4  65  5  51  6  88  7  31  8  96  9  67
  0  23  1  7  2  63  3  31  4  79  5  27  6  3  7  35  8  35  9  19
  0  25  1  78  2  81  3  34  4  99  5  38  6  11  7  53  8  47  9  62
  0  12  1  88  2  18  3  27  4  45  5  27  6  76  7  91  8  48  9  80
  0  22  1  42  2  93  3  33  4  8  5  38  6  98  7  14  8  45  9  64
  0  54  1  18  2  98  3  78  4  35  5  60  6  23  7  2  8  95  9  48
  0  79  1  75  2  73  3  83  4  41  5  11  6  47  7  52  8  79  9  80
  0  23  1  50  2  81  3  40  4  48  5  49  6  51  7  76  8  78  9  22
  0  81  1  16  2  42  3  53  4  9  5  49  6  77  7  27  8  92  9  50
  0  40  1  60  2  64  3  89  4  10  5  15  6  52  7  84  8  32  9  21
  0  76  1  25  2  85  3  89  4  58  5  65  6  56  7  90  8  3  9  86
  0  57  1  29  2  46  3  47  4  29  5  57  6  60  7  1  8  2  9  79
  0  81  1  29  2  23  3  59  4  89  5  23  6  53  7  33  8  51  9  25
  0  9  1  77  2  25  3  91  4  95  5  93  6  62  7  59  8  51  9  11
  0  75  1  16  2  13  3  12  4  49  5  1  6  56  7  34  8  10  9  3
TPM
  0  813  1  813  2  813  3  813  4  813  5  813  6  813  7  813  8  813  9  813
PMT
  0  89  1  10  2  88  3  21  4  82  5  35  6  41  7  4  8  76  9  87
  0  10  1  87  2  5  3  35  4  30  5  1  6  6  7  2  8  31  9  92
  0  31  1  86  2  82  3  21  4  60  5  39  6  79  7  99  8  82  9  58
  0  64  1  80  2  10  3  57  4  37  5  37  6  25  7  98  8  10  9  64
  0  91  1  20  2  80  3  15  4  57  5  77  6  51  7  34  8  54  9  99
  0  27  1  70  2  56  3  12  4  39  5  64  6  56  7  76  8  99  9  50
  0  78  1  74  2  83  3  19  4  22  5  4  6  81  7  26  8  19  9  80
