50  15
  0  62  1  15  2  65  3  11  4  63  5  52  6  83  7  10  8  71  9  69  10  64  11  91  12  25  13  87  14  61
  0  5  1  85  2  94  3  1  4  59  5  44  6  72  7  64  8  61  9  73  10  34  11  80  12  7  13  67  14  37
  0  38  1  29  2  52  3  26  4  73  5  45  6  65  7  2  8  75  9  26  10  11  11  24  12  94  13  12  14  65
  0  13  1  84  2  33  3  86  4  88  5  87  6  6  7  31  8  58  9  48  10  22  11  7  12  70  13  22  14  51
  0  2  1  58  2  1  3  14  4  74  5  69  6  90  7  5  8  85  9  42  10  99  11  70  12  20  13  73  14  18
  0  77  1  15  2  4  3  15  4  13  5  6  6  85  7  70  8  4  9  50  10  43  11  19  12  71  13  85  14  22
  0  76  1  27  2  45  3  82  4  78  5  77  6  22  7  1  8  48  9  29  10  67  11  68  12  64  13  68  14  59
  0  8  1  17  2  81  3  75  4  52  5  55  6  38  7  56  8  43  9  68  10  37  11  49  12  55  13  57  14  15
  0  64  1  50  2  86  3  43  4  79  5  12  6  23  7  69  8  78  9  26  10  2  11  90  12  16  13  94  14  77
  0  51  1  30  2  11  3  48  4  98  5  62  6  22  7  58  8  63  9  41  10  63  11  27  12  21  13  41  14  45
  0  51  1  63  2  38  3  13  4  74  5  91  6  4  7  21  8  38  9  95  10  18  11  93  12  35  13  97  14  98
  0  56  1  50  2  59  3  68  4  61  5  45  6  87  7  4  8  46  9  28  10  98  11  52  12  92  13  18  14  2
  0  3  1  82  2  84  3  34  4  39  5  61  6  37  7  47  8  27  9  52  10  78  11  23  12  99  13  97  14  60
  0  89  1  51  2  7  3  94  4  41  5  52  6  34  7  20  8  89  9  43  10  28  11  21  12  12  13  70  14  23
  0  39  1  62  2  73  3  57  4  46  5  56  6  39  7  42  8  49  9  67  10  75  11  19  12  53  13  71  14  75
  0  79  1  13  2  37  3  70  4  23  5  24  6  52  7  99  8  99  9  59  10  29  11  39  12  42  13  44  14  32
  0  66  1  91  2  17  3  14  4  58  5  79  6  25  7  62  8  49  9  98  10  59  11  92  12  88  13  8  14  20
  0  23  1  83  2  22  3  56  4  45  5  17  6  99  7  53  8  55  9  64  10  22  11  27  12  12  13  61  14  33
  0  58  1  41  2  98  3  82  4  3  5  3  6  27  7  79  8  13  9  96  10  20  11  68  12  97  13  45  14  20
  0  70  1  87  2  16  3  54  4  58  5  81  6  51  7  18  8  52  9  1  10  24  11  41  12  63  13  63  14  27
  0  96  1  16  2  74  3  81  4  15  5  23  6  74  7  10  8  11  9  9  10  2  11  10  12  40  13  84  14  65
  0  33  1  37  2  34  3  20  4  45  5  5  6  62  7  5  8  27  9  62  10  18  11  83  12  35  13  64  14  78
  0  85  1  49  2  43  3  74  4  54  5  54  6  53  7  87  8  37  9  46  10  8  11  40  12  86  13  57  14  38
  0  76  1  43  2  43  3  21  4  91  5  28  6  65  7  41  8  56  9  68  10  74  11  5  12  51  13  22  14  77
  0  7  1  19  2  87  3  32  4  16  5  64  6  11  7  16  8  39  9  92  10  23  11  55  12  77  13  62  14  61
  0  8  1  81  2  68  3  88  4  48  5  66  6  11  7  78  8  88  9  58  10  6  11  43  12  31  13  61  14  32
  0  37  1  45  2  80  3  31  4  38  5  14  6  41  7  12  8  12  9  83  10  88  11  5  12  88  13  16  14  45
  0  89  1  26  2  34  3  75  4  77  5  35  6  3  7  85  8  26  9  87  10  83  11  44  12  23  13  25  14  63
  0  16  1  54  2  51  3  41  4  35  5  57  6  85  7  15  8  62  9  12  10  73  11  29  12  6  13  33  14  19
  0  37  1  1  2  53  3  76  4  18  5  66  6  20  7  92  8  43  9  99  10  44  11  22  12  78  13  69  14  65
  0  36  1  75  2  13  3  37  4  91  5  74  6  61  7  34  8  52  9  40  10  33  11  32  12  64  13  84  14  83
  0  31  1  27  2  63  3  95  4  6  5  15  6  48  7  38  8  5  9  47  10  89  11  48  12  40  13  3  14  57
  0  98  1  35  2  27  3  1  4  63  5  19  6  81  7  66  8  87  9  93  10  38  11  74  12  24  13  8  14  5
  0  38  1  6  2  98  3  47  4  70  5  48  6  20  7  42  8  22  9  15  10  37  11  61  12  46  13  81  14  62
  0  99  1  63  2  83  3  78  4  72  5  7  6  41  7  55  8  50  9  40  10  83  11  65  12  19  13  88  14  20
  0  46  1  67  2  37  3  42  4  82  5  47  6  66  7  39  8  90  9  62  10  45  11  59  12  18  13  75  14  96
  0  66  1  27  2  36  3  97  4  65  5  90  6  75  7  93  8  84  9  27  10  27  11  31  12  54  13  70  14  49
  0  34  1  18  2  24  3  74  4  86  5  55  6  73  7  15  8  92  9  14  10  29  11  80  12  30  13  71  14  43
  0  6  1  11  2  83  3  22  4  85  5  18  6  74  7  9  8  66  9  94  10  95  11  32  12  42  13  81  14  47
  0  28  1  56  2  46  3  30  4  90  5  2  6  48  7  92  8  6  9  69  10  25  11  80  12  69  13  4  14  97
  0  94  1  3  2  45  3  40  4  25  5  4  6  75  7  42  8  30  9  17  10  98  11  74  12  41  13  88  14  28
  0  39  1  47  2  51  3  48  4  41  5  82  6  61  7  75  8  43  9  95  10  62  11  54  12  68  13  14  14  67
  0  40  1  76  2  6  3  83  4  63  5  17  6  1  7  2  8  80  9  42  10  39  11  44  12  56  13  33  14  50
  0  37  1  20  2  62  3  78  4  51  5  6  6  21  7  15  8  26  9  73  10  48  11  89  12  68  13  39  14  64
  0  51  1  96  2  98  3  2  4  26  5  67  6  5  7  60  8  32  9  14  10  32  11  52  12  1  13  63  14  47
  0  99  1  18  2  36  3  51  4  17  5  6  6  30  7  89  8  68  9  81  10  43  11  26  12  99  13  92  14  96
  0  23  1  85  2  92  3  51  4  90  5  19  6  13  7  32  8  92  9  69  10  55  11  8  12  10  13  60  14  1
  0  95  1  7  2  41  3  4  4  65  5  60  6  74  7  29  8  87  9  35  10  50  11  52  12  40  13  15  14  92
  0  11  1  64  2  27  3  37  4  6  5  47  6  29  7  78  8  62  9  48  10  26  11  27  12  21  13  24  14  45
  0  15  1  14  2  6  3  96  4  53  5  29  6  27  7  85  8  17  9  91  10  20  11  54  12  15  13  7  14  17
TPM
  0  813  1  813  2  813  3  813  4  813  5  813  6  813  7  813  8  813  9  813  10  813  11  813  12  813  13  813  14  813
PMT
  0  35  1  38  2  20  3  17  4  2  5  28  6  9  7  10  8  15  9  21  10  6  11  42  12  40  13  48  14  46
  0  35  1  11  2  11  3  3  4  2  5  3  6  33  7  40  8  20  9  34  10  16  11  36  12  8  13  18  14  46
  0  22  1  21  2  40  3  31  4  30  5  7  6  14  7  9  8  12  9  12  10  4  11  37  12  17  13  2  14  5
  0  15  1  25  2  13  3  37  4  22  5  15  6  22  7  25  8  21  9  5  10  22  11  24  12  9  13  46  14  31
  0  23  1  1  2  36  3  29  4  39  5  8  6  25  7  28  8  2  9  12  10  41  11  18  12  39  13  27  14  22
  0  31  1  19  2  27  3  42  4  21  5  46  6  1  7  14  8  14  9  34  10  37  11  15  12  2  13  35  14  38
  0  6  1  20  2  13  3  18  4  9  5  35  6  26  7  31  8  34  9  30  10  31  11  5  12  7  13  26  14  32
