200  5
  0  6  1  94  2  22  3  30  4  58
  0  96  1  23  2  74  3  67  4  19
  0  66  1  38  2  4  3  7  4  54
  0  52  1  23  2  19  3  25  4  23
  0  81  1  29  2  89  3  83  4  61
  0  98  1  10  2  14  3  43  4  1
  0  44  1  28  2  97  3  99  4  57
  0  32  1  67  2  14  3  57  4  13
  0  58  1  23  2  35  3  9  4  77
  0  84  1  93  2  67  3  70  4  84
  0  3  1  93  2  57  3  36  4  15
  0  46  1  59  2  91  3  31  4  36
  0  76  1  33  2  95  3  27  4  51
  0  66  1  69  2  52  3  23  4  29
  0  98  1  92  2  80  3  83  4  81
  0  74  1  38  2  56  3  11  4  94
  0  10  1  51  2  28  3  76  4  60
  0  43  1  30  2  99  3  46  4  23
  0  8  1  85  2  78  3  64  4  10
  0  11  1  74  2  28  3  58  4  76
  0  82  1  17  2  63  3  77  4  86
  0  52  1  10  2  36  3  31  4  38
  0  18  1  84  2  25  3  33  4  93
  0  27  1  14  2  42  3  30  4  16
  0  26  1  97  2  13  3  13  4  33
  0  98  1  56  2  14  3  80  4  24
  0  63  1  81  2  81  3  36  4  79
  0  2  1  81  2  40  3  12  4  42
  0  28  1  76  2  90  3  5  4  2
  0  47  1  34  2  96  3  13  4  8
  0  27  1  40  2  54  3  81  4  9
  0  11  1  50  2  77  3  69  4  90
  0  79  1  4  2  60  3  44  4  29
  0  27  1  91  2  68  3  22  4  17
  0  67  1  82  2  28  3  53  4  70
  0  47  1  29  2  21  3  21  4  35
  0  34  1  96  2  46  3  83  4  37
  0  97  1  45  2  20  3  67  4  70
  0  45  1  17  2  84  3  21  4  67
  0  34  1  13  2  15  3  56  4  52
  0  16  1  8  2  47  3  96  4  55
  0  80  1  61  2  22  3  95  4  89
  0  64  1  82  2  25  3  50  4  26
  0  33  1  34  2  26  3  61  4  25
  0  47  1  84  2  46  3  87  4  13
  0  41  1  38  2  15  3  97  4  6
  0  44  1  96  2  21  3  97  4  10
  0  67  1  63  2  6  3  32  4  59
  0  92  1  94  2  15  3  77  4  16
  0  91  1  22  2  41  3  54  4  5
  0  86  1  57  2  80  3  56  4  97
  0  20  1  80  2  35  3  69  4  48
  0  22  1  89  2  42  3  16  4  50
  0  29  1  4  2  21  3  29  4  8
  0  15  1  10  2  13  3  87  4  62
  0  54  1  8  2  26  3  99  4  34
  0  60  1  29  2  37  3  92  4  83
  0  56  1  89  2  48  3  5  4  81
  0  92  1  90  2  5  3  38  4  48
  0  96  1  64  2  2  3  67  4  33
  0  57  1  97  2  8  3  46  4  50
  0  26  1  34  2  40  3  82  4  43
  0  41  1  7  2  64  3  54  4  22
  0  52  1  98  2  88  3  76  4  30
  0  7  1  68  2  82  3  92  4  39
  0  7  1  76  2  92  3  78  4  73
  0  25  1  22  2  80  3  21  4  70
  0  59  1  99  2  75  3  97  4  60
  0  96  1  14  2  42  3  24  4  33
  0  91  1  35  2  2  3  97  4  87
  0  74  1  42  2  8  3  89  4  49
  0  1  1  93  2  34  3  55  4  31
  0  58  1  59  2  92  3  51  4  56
  0  54  1  28  2  60  3  60  4  10
  0  59  1  33  2  82  3  93  4  12
  0  22  1  81  2  10  3  61  4  53
  0  74  1  23  2  67  3  81  4  31
  0  49  1  45  2  57  3  17  4  41
  0  26  1  7  2  20  3  33  4  74
  0  30  1  68  2  8  3  70  4  82
  0  30  1  11  2  65  3  72  4  51
  0  19  1  74  2  8  3  77  4  37
  0  75  1  63  2  53  3  97  4  99
  0  65  1  99  2  56  3  59  4  97
  0  32  1  30  2  44  3  85  4  34
  0  25  1  64  2  13  3  29  4  26
  0  49  1  78  2  8  3  68  4  98
  0  89  1  89  2  10  3  68  4  55
  0  41  1  58  2  41  3  35  4  82
  0  44  1  82  2  32  3  41  4  29
  0  21  1  57  2  37  3  88  4  78
  0  5  1  19  2  26  3  45  4  2
  0  75  1  83  2  82  3  21  4  97
  0  79  1  83  2  87  3  60  4  68
  0  44  1  14  2  43  3  16  4  8
  0  17  1  40  2  31  3  89  4  39
  0  83  1  94  2  97  3  61  4  10
  0  85  1  15  2  72  3  47  4  81
  0  88  1  40  2  72  3  90  4  50
  0  2  1  3  2  48  3  82  4  69
  0  2  1  82  2  68  3  98  4  7
  0  11  1  20  2  1  3  26  4  58
  0  58  1  64  2  55  3  86  4  97
  0  34  1  4  2  73  3  50  4  63
  0  42  1  95  2  53  3  19  4  9
  0  86  1  98  2  37  3  27  4  88
  0  96  1  29  2  32  3  19  4  21
  0  98  1  6  2  2  3  5  4  25
  0  71  1  58  2  92  3  8  4  87
  0  46  1  66  2  93  3  46  4  87
  0  96  1  26  2  79  3  33  4  91
  0  74  1  5  2  47  3  37  4  58
  0  78  1  21  2  68  3  58  4  42
  0  29  1  95  2  70  3  66  4  5
  0  82  1  73  2  31  3  96  4  56
  0  86  1  13  2  23  3  88  4  54
  0  45  1  44  2  80  3  78  4  84
  0  12  1  40  2  88  3  2  4  79
  0  39  1  21  2  64  3  73  4  76
  0  42  1  3  2  48  3  2  4  41
  0  64  1  94  2  62  3  74  4  86
  0  73  1  82  2  42  3  64  4  75
  0  89  1  24  2  82  3  44  4  41
  0  9  1  37  2  11  3  28  4  86
  0  71  1  24  2  40  3  99  4  94
  0  82  1  39  2  64  3  59  4  91
  0  59  1  11  2  31  3  3  4  40
  0  4  1  48  2  19  3  63  4  33
  0  78  1  68  2  32  3  9  4  17
  0  72  1  34  2  75  3  65  4  65
  0  71  1  42  2  11  3  52  4  44
  0  88  1  79  2  92  3  15  4  1
  0  35  1  60  2  6  3  48  4  44
  0  19  1  4  2  79  3  50  4  96
  0  59  1  39  2  92  3  73  4  18
  0  6  1  85  2  92  3  26  4  8
  0  51  1  70  2  76  3  70  4  44
  0  70  1  15  2  2  3  34  4  55
  0  1  1  24  2  27  3  36  4  91
  0  89  1  38  2  90  3  28  4  66
  0  55  1  5  2  91  3  60  4  44
  0  73  1  90  2  12  3  98  4  56
  0  99  1  4  2  27  3  76  4  39
  0  35  1  21  2  17  3  83  4  76
  0  71  1  29  2  32  3  2  4  13
  0  84  1  81  2  47  3  95  4  24
  0  77  1  76  2  50  3  73  4  47
  0  18  1  74  2  55  3  29  4  17
  0  47  1  92  2  52  3  32  4  77
  0  92  1  42  2  44  3  17  4  63
  0  42  1  67  2  9  3  83  4  84
  0  95  1  43  2  55  3  52  4  98
  0  51  1  81  2  5  3  63  4  52
  0  64  1  76  2  52  3  25  4  16
  0  52  1  6  2  95  3  19  4  92
  0  35  1  38  2  87  3  58  4  50
  0  37  1  13  2  49  3  51  4  61
  0  92  1  72  2  65  3  47  4  76
  0  97  1  94  2  92  3  84  4  54
  0  29  1  1  2  72  3  94  4  24
  0  38  1  60  2  21  3  60  4  85
  0  30  1  47  2  20  3  97  4  84
  0  51  1  52  2  11  3  4  4  26
  0  24  1  50  2  40  3  49  4  64
  0  31  1  64  2  24  3  55  4  57
  0  12  1  57  2  19  3  66  4  28
  0  80  1  16  2  60  3  99  4  32
  0  57  1  36  2  9  3  54  4  68
  0  93  1  66  2  72  3  93  4  93
  0  4  1  59  2  1  3  95  4  17
  0  7  1  41  2  75  3  14  4  52
  0  70  1  36  2  99  3  34  4  24
  0  42  1  89  2  76  3  29  4  38
  0  53  1  21  2  66  3  42  4  16
  0  64  1  31  2  17  3  75  4  60
  0  63  1  70  2  17  3  97  4  21
  0  20  1  21  2  75  3  40  4  39
  0  6  1  16  2  2  3  68  4  43
  0  93  1  82  2  49  3  53  4  89
  0  85  1  18  2  50  3  65  4  55
  0  74  1  97  2  47  3  29  4  11
  0  8  1  45  2  96  3  49  4  77
  0  56  1  41  2  46  3  60  4  27
  0  1  1  56  2  1  3  64  4  79
  0  49  1  94  2  37  3  76  4  36
  0  44  1  90  2  29  3  50  4  26
  0  80  1  86  2  83  3  83  4  80
  0  53  1  68  2  21  3  46  4  72
  0  65  1  54  2  13  3  38  4  1
  0  48  1  71  2  57  3  40  4  46
  0  60  1  6  2  23  3  63  4  51
  0  31  1  76  2  23  3  16  4  20
  0  86  1  23  2  18  3  17  4  91
  0  85  1  61  2  65  3  34  4  29
  0  70  1  16  2  83  3  48  4  9
  0  10  1  10  2  8  3  55  4  40
  0  77  1  67  2  81  3  51  4  83
  0  19  1  12  2  22  3  72  4  81
  0  62  1  43  2  79  3  92  4  73
  0  99  1  2  2  95  3  97  4  96
TPM
  0  2033  1  2033  2  2033  3  2033  4  2033
PMT
  0  6  1  3  2  14  3  97  4  92
  0  93  1  51  2  74  3  3  4  67
  0  67  1  75  2  33  3  77  4  17
  0  59  1  81  2  84  3  87  4  64
  0  51  1  44  2  95  3  1  4  82
  0  93  1  77  2  82  3  91  4  92
  0  13  1  49  2  32  3  72  4  62
  0  33  1  8  2  55  3  9  4  71
  0  9  1  67  2  34  3  83  4  48
  0  67  1  73  2  41  3  14  4  46
