200  5
  0  23  1  47  2  44  3  99  4  20
  0  94  1  70  2  97  3  31  4  56
  0  35  1  54  2  49  3  6  4  35
  0  87  1  43  2  92  3  48  4  64
  0  94  1  30  2  14  3  33  4  70
  0  37  1  14  2  70  3  71  4  76
  0  67  1  98  2  35  3  77  4  72
  0  50  1  96  2  13  3  64  4  94
  0  18  1  50  2  71  3  44  4  43
  0  35  1  67  2  98  3  58  4  56
  0  84  1  18  2  40  3  95  4  18
  0  6  1  24  2  71  3  28  4  57
  0  46  1  28  2  39  3  12  4  20
  0  27  1  84  2  90  3  60  4  45
  0  36  1  32  2  64  3  79  4  36
  0  43  1  7  2  22  3  5  4  40
  0  20  1  54  2  98  3  26  4  60
  0  60  1  47  2  51  3  77  4  78
  0  70  1  51  2  41  3  28  4  93
  0  31  1  96  2  86  3  75  4  82
  0  53  1  91  2  32  3  27  4  10
  0  15  1  25  2  16  3  94  4  17
  0  39  1  50  2  68  3  74  4  75
  0  90  1  6  2  60  3  24  4  69
  0  61  1  1  2  2  3  30  4  90
  0  38  1  71  2  48  3  76  4  91
  0  67  1  19  2  81  3  76  4  98
  0  9  1  28  2  25  3  10  4  7
  0  71  1  41  2  12  3  28  4  33
  0  51  1  23  2  46  3  88  4  54
  0  71  1  65  2  46  3  78  4  55
  0  56  1  43  2  88  3  65  4  17
  0  58  1  26  2  8  3  27  4  18
  0  40  1  86  2  13  3  35  4  69
  0  38  1  46  2  19  3  84  4  17
  0  31  1  31  2  64  3  77  4  62
  0  88  1  20  2  16  3  53  4  42
  0  46  1  44  2  75  3  63  4  81
  0  21  1  47  2  29  3  15  4  70
  0  66  1  95  2  46  3  47  4  81
  0  84  1  8  2  37  3  44  4  33
  0  9  1  99  2  72  3  71  4  39
  0  3  1  38  2  47  3  53  4  83
  0  56  1  96  2  34  3  55  4  16
  0  26  1  87  2  33  3  8  4  65
  0  34  1  57  2  29  3  14  4  77
  0  33  1  67  2  70  3  92  4  5
  0  94  1  21  2  48  3  57  4  23
  0  50  1  46  2  86  3  9  4  70
  0  73  1  4  2  5  3  98  4  67
  0  53  1  87  2  23  3  49  4  50
  0  23  1  35  2  98  3  95  4  40
  0  37  1  37  2  98  3  28  4  23
  0  71  1  22  2  75  3  6  4  2
  0  37  1  14  2  52  3  1  4  45
  0  41  1  29  2  20  3  7  4  36
  0  73  1  67  2  79  3  83  4  58
  0  79  1  71  2  76  3  92  4  73
  0  39  1  57  2  92  3  50  4  98
  0  31  1  15  2  86  3  41  4  47
  0  25  1  44  2  40  3  32  4  53
  0  63  1  21  2  33  3  56  4  51
  0  23  1  94  2  88  3  49  4  52
  0  81  1  52  2  60  3  48  4  10
  0  82  1  66  2  68  3  72  4  69
  0  59  1  92  2  51  3  56  4  79
  0  93  1  51  2  30  3  17  4  18
  0  22  1  18  2  41  3  83  4  17
  0  51  1  45  2  85  3  36  4  46
  0  26  1  66  2  40  3  37  4  44
  0  80  1  23  2  37  3  32  4  90
  0  9  1  26  2  29  3  37  4  69
  0  95  1  81  2  88  3  15  4  85
  0  34  1  72  2  87  3  96  4  85
  0  28  1  59  2  75  3  2  4  30
  0  20  1  92  2  2  3  90  4  99
  0  60  1  55  2  25  3  72  4  78
  0  69  1  40  2  22  3  79  4  44
  0  93  1  77  2  22  3  23  4  8
  0  44  1  70  2  78  3  60  4  89
  0  33  1  92  2  76  3  56  4  56
  0  42  1  93  2  17  3  9  4  80
  0  74  1  87  2  83  3  87  4  85
  0  72  1  20  2  23  3  77  4  2
  0  14  1  10  2  25  3  71  4  62
  0  29  1  14  2  32  3  78  4  4
  0  85  1  46  2  57  3  6  4  76
  0  40  1  84  2  5  3  12  4  2
  0  18  1  59  2  40  3  9  4  81
  0  4  1  19  2  96  3  60  4  82
  0  88  1  69  2  77  3  50  4  94
  0  59  1  83  2  20  3  44  4  51
  0  17  1  35  2  8  3  35  4  89
  0  12  1  5  2  71  3  14  4  50
  0  26  1  61  2  80  3  31  4  89
  0  56  1  43  2  38  3  35  4  74
  0  90  1  84  2  87  3  80  4  80
  0  12  1  66  2  53  3  90  4  9
  0  11  1  59  2  6  3  65  4  36
  0  89  1  39  2  44  3  62  4  50
  0  64  1  60  2  76  3  86  4  96
  0  82  1  99  2  1  3  73  4  96
  0  92  1  93  2  87  3  7  4  14
  0  23  1  99  2  60  3  9  4  75
  0  29  1  9  2  6  3  95  4  83
  0  60  1  30  2  2  3  5  4  80
  0  77  1  2  2  16  3  35  4  6
  0  78  1  6  2  96  3  25  4  99
  0  87  1  52  2  5  3  2  4  21
  0  77  1  35  2  17  3  75  4  82
  0  89  1  55  2  81  3  24  4  95
  0  82  1  96  2  54  3  4  4  23
  0  72  1  44  2  6  3  90  4  18
  0  95  1  58  2  45  3  86  4  54
  0  93  1  91  2  19  3  51  4  34
  0  2  1  45  2  67  3  43  4  15
  0  10  1  83  2  78  3  29  4  71
  0  57  1  24  2  25  3  10  4  53
  0  20  1  58  2  19  3  4  4  27
  0  11  1  80  2  84  3  79  4  2
  0  55  1  27  2  14  3  97  4  13
  0  10  1  94  2  56  3  8  4  92
  0  58  1  4  2  71  3  90  4  47
  0  41  1  61  2  3  3  10  4  12
  0  2  1  32  2  94  3  75  4  9
  0  74  1  51  2  88  3  78  4  63
  0  17  1  73  2  68  3  85  4  69
  0  23  1  28  2  12  3  54  4  83
  0  43  1  14  2  28  3  2  4  92
  0  52  1  68  2  46  3  50  4  55
  0  52  1  13  2  62  3  37  4  96
  0  97  1  97  2  15  3  12  4  85
  0  50  1  14  2  19  3  91  4  21
  0  92  1  19  2  55  3  38  4  15
  0  30  1  60  2  74  3  40  4  23
  0  61  1  69  2  33  3  17  4  3
  0  79  1  98  2  22  3  82  4  97
  0  84  1  42  2  5  3  29  4  30
  0  69  1  94  2  99  3  39  4  36
  0  94  1  49  2  10  3  99  4  62
  0  33  1  44  2  91  3  24  4  16
  0  22  1  44  2  66  3  61  4  24
  0  68  1  79  2  27  3  18  4  69
  0  57  1  29  2  61  3  3  4  37
  0  34  1  69  2  13  3  42  4  92
  0  62  1  20  2  31  3  25  4  91
  0  25  1  99  2  12  3  97  4  60
  0  65  1  68  2  58  3  17  4  35
  0  92  1  31  2  2  3  54  4  12
  0  90  1  22  2  56  3  88  4  24
  0  1  1  91  2  35  3  29  4  56
  0  84  1  62  2  26  3  25  4  54
  0  61  1  88  2  83  3  2  4  92
  0  41  1  8  2  36  3  24  4  91
  0  93  1  17  2  51  3  82  4  95
  0  9  1  91  2  88  3  82  4  81
  0  25  1  99  2  8  3  22  4  43
  0  49  1  40  2  17  3  2  4  93
  0  6  1  29  2  11  3  45  4  42
  0  86  1  4  2  14  3  59  4  44
  0  62  1  11  2  53  3  94  4  89
  0  28  1  30  2  35  3  60  4  81
  0  29  1  18  2  1  3  85  4  51
  0  40  1  57  2  16  3  31  4  60
  0  71  1  49  2  19  3  24  4  62
  0  5  1  44  2  56  3  90  4  21
  0  90  1  57  2  53  3  49  4  3
  0  84  1  24  2  36  3  88  4  34
  0  55  1  31  2  19  3  32  4  90
  0  50  1  6  2  18  3  67  4  60
  0  24  1  74  2  93  3  97  4  22
  0  19  1  46  2  2  3  9  4  94
  0  10  1  42  2  29  3  97  4  54
  0  85  1  72  2  35  3  35  4  96
  0  55  1  12  2  50  3  98  4  84
  0  76  1  86  2  31  3  1  4  83
  0  49  1  60  2  39  3  47  4  57
  0  62  1  75  2  99  3  33  4  68
  0  30  1  68  2  35  3  26  4  53
  0  48  1  13  2  44  3  23  4  28
  0  67  1  18  2  15  3  84  4  58
  0  38  1  34  2  83  3  90  4  36
  0  15  1  21  2  71  3  36  4  24
  0  3  1  13  2  88  3  41  4  59
  0  28  1  32  2  82  3  28  4  51
  0  89  1  93  2  49  3  65  4  93
  0  38  1  75  2  29  3  31  4  55
  0  74  1  31  2  97  3  55  4  69
  0  23  1  46  2  79  3  75  4  89
  0  55  1  51  2  96  3  76  4  42
  0  81  1  2  2  80  3  15  4  15
  0  5  1  60  2  22  3  32  4  97
  0  38  1  51  2  31  3  27  4  91
  0  85  1  64  2  12  3  61  4  24
  0  8  1  33  2  14  3  8  4  77
  0  47  1  48  2  30  3  22  4  16
  0  27  1  7  2  60  3  36  4  74
  0  35  1  52  2  16  3  74  4  83
  0  3  1  49  2  44  3  75  4  39
  0  61  1  93  2  52  3  32  4  37
TPM
  0  1591  1  1591  2  1591  3  1591  4  1591
PMT
  0  119  1  83  2  49  3  83  4  18
  0  63  1  66  2  145  3  121  4  30
  0  92  1  125  2  12  3  133  4  65
  0  118  1  55  2  6  3  144  4  87
  0  36  1  6  2  134  3  26  4  132
  0  107  1  41  2  137  3  52  4  33
  0  77  1  142  2  82  3  44  4  67
  0  5  1  114  2  57  3  97  4  61
  0  19  1  40  2  38  3  79  4  42
  0  22  1  149  2  84  3  46  4  46
  0  40  1  19  2  75  3  121  4  46
  0  108  1  94  2  136  3  132  4  93
  0  118  1  10  2  22  3  60  4  144
