50  15
  0  83  1  67  2  5  3  35  4  57  5  18  6  20  7  41  8  1  9  65  10  63  11  27  12  48  13  42  14  70
  0  97  1  92  2  33  3  20  4  10  5  64  6  94  7  61  8  69  9  84  10  4  11  42  12  86  13  26  14  67
  0  30  1  62  2  96  3  10  4  13  5  92  6  21  7  3  8  7  9  97  10  92  11  98  12  22  13  47  14  27
  0  5  1  53  2  16  3  27  4  80  5  6  6  79  7  43  8  74  9  63  10  70  11  2  12  10  13  58  14  28
  0  19  1  88  2  17  3  5  4  29  5  95  6  76  7  38  8  98  9  93  10  89  11  95  12  99  13  48  14  83
  0  25  1  65  2  42  3  23  4  98  5  56  6  47  7  96  8  26  9  97  10  61  11  42  12  59  13  78  14  51
  0  50  1  33  2  23  3  42  4  40  5  9  6  65  7  34  8  83  9  6  10  89  11  69  12  14  13  49  14  30
  0  50  1  73  2  65  3  31  4  83  5  52  6  5  7  5  8  34  9  37  10  68  11  52  12  65  13  86  14  70
  0  38  1  34  2  75  3  68  4  8  5  58  6  94  7  32  8  15  9  68  10  87  11  48  12  92  13  22  14  64
  0  67  1  71  2  24  3  30  4  44  5  43  6  14  7  5  8  35  9  19  10  75  11  38  12  44  13  34  14  6
  0  26  1  38  2  79  3  42  4  4  5  68  6  92  7  28  8  62  9  72  10  17  11  75  12  7  13  37  14  12
  0  47  1  63  2  56  3  85  4  74  5  3  6  9  7  72  8  74  9  33  10  38  11  77  12  39  13  72  14  11
  0  69  1  8  2  28  3  88  4  80  5  46  6  17  7  42  8  50  9  95  10  15  11  76  12  36  13  61  14  20
  0  66  1  49  2  49  3  74  4  16  5  14  6  85  7  60  8  76  9  41  10  67  11  77  12  7  13  82  14  25
  0  80  1  47  2  88  3  5  4  2  5  47  6  92  7  97  8  16  9  66  10  3  11  68  12  12  13  35  14  61
  0  70  1  74  2  50  3  11  4  43  5  98  6  42  7  70  8  27  9  80  10  34  11  25  12  51  13  68  14  78
  0  62  1  66  2  62  3  51  4  22  5  40  6  90  7  30  8  46  9  32  10  10  11  87  12  27  13  8  14  4
  0  82  1  12  2  75  3  79  4  21  5  3  6  48  7  77  8  26  9  50  10  49  11  58  12  40  13  49  14  41
  0  25  1  38  2  72  3  28  4  85  5  43  6  3  7  62  8  81  9  52  10  46  11  66  12  27  13  25  14  48
  0  33  1  30  2  2  3  31  4  84  5  7  6  34  7  33  8  92  9  89  10  54  11  21  12  86  13  2  14  21
  0  89  1  12  2  56  3  15  4  95  5  10  6  80  7  61  8  63  9  29  10  98  11  22  12  76  13  2  14  6
  0  65  1  44  2  23  3  18  4  19  5  88  6  37  7  95  8  63  9  12  10  14  11  55  12  8  13  29  14  56
  0  33  1  76  2  77  3  96  4  58  5  81  6  41  7  42  8  41  9  66  10  41  11  6  12  5  13  44  14  96
  0  21  1  2  2  68  3  46  4  14  5  84  6  6  7  82  8  6  9  46  10  4  11  50  12  54  13  31  14  63
  0  96  1  58  2  88  3  74  4  91  5  82  6  18  7  58  8  43  9  89  10  25  11  37  12  71  13  65  14  3
  0  18  1  40  2  91  3  81  4  61  5  34  6  99  7  35  8  80  9  36  10  96  11  24  12  70  13  61  14  67
  0  15  1  94  2  23  3  74  4  18  5  53  6  65  7  20  8  11  9  11  10  63  11  49  12  57  13  73  14  94
  0  87  1  34  2  39  3  22  4  60  5  30  6  45  7  41  8  30  9  65  10  4  11  99  12  48  13  58  14  97
  0  59  1  13  2  42  3  68  4  84  5  70  6  86  7  24  8  80  9  13  10  2  11  48  12  91  13  50  14  22
  0  96  1  49  2  62  3  79  4  96  5  29  6  60  7  41  8  87  9  52  10  16  11  58  12  84  13  50  14  31
  0  44  1  43  2  59  3  56  4  88  5  48  6  32  7  93  8  71  9  63  10  73  11  24  12  45  13  26  14  43
  0  56  1  70  2  48  3  78  4  85  5  57  6  77  7  27  8  6  9  26  10  29  11  2  12  25  13  88  14  75
  0  90  1  49  2  38  3  81  4  80  5  75  6  67  7  90  8  94  9  76  10  66  11  24  12  30  13  76  14  81
  0  46  1  58  2  62  3  19  4  88  5  25  6  61  7  28  8  61  9  58  10  94  11  10  12  78  13  79  14  79
  0  18  1  76  2  50  3  40  4  63  5  10  6  42  7  51  8  32  9  51  10  78  11  32  12  76  13  25  14  90
  0  46  1  43  2  53  3  5  4  96  5  44  6  98  7  33  8  2  9  88  10  26  11  42  12  7  13  31  14  18
  0  22  1  65  2  96  3  29  4  86  5  73  6  4  7  43  8  63  9  76  10  75  11  77  12  63  13  57  14  24
  0  56  1  42  2  72  3  52  4  40  5  79  6  20  7  90  8  81  9  51  10  27  11  76  12  41  13  72  14  6
  0  41  1  97  2  22  3  21  4  66  5  25  6  81  7  51  8  10  9  21  10  67  11  49  12  28  13  14  14  10
  0  31  1  42  2  79  3  28  4  48  5  18  6  43  7  1  8  26  9  64  10  58  11  25  12  64  13  65  14  74
  0  22  1  36  2  8  3  37  4  20  5  46  6  55  7  95  8  46  9  10  10  96  11  98  12  77  13  76  14  61
  0  1  1  52  2  16  3  80  4  25  5  40  6  27  7  39  8  43  9  20  10  43  11  36  12  71  13  6  14  49
  0  72  1  87  2  37  3  27  4  12  5  29  6  11  7  95  8  82  9  23  10  15  11  15  12  40  13  54  14  19
  0  71  1  84  2  71  3  1  4  57  5  2  6  93  7  24  8  17  9  3  10  69  11  8  12  29  13  41  14  84
  0  44  1  25  2  51  3  39  4  45  5  90  6  47  7  35  8  39  9  84  10  56  11  32  12  51  13  70  14  84
  0  85  1  20  2  57  3  45  4  57  5  45  6  81  7  82  8  59  9  74  10  87  11  87  12  93  13  68  14  76
  0  79  1  80  2  92  3  43  4  94  5  81  6  45  7  21  8  24  9  85  10  3  11  83  12  71  13  91  14  45
  0  8  1  35  2  11  3  8  4  63  5  31  6  82  7  49  8  2  9  14  10  61  11  40  12  64  13  58  14  34
  0  27  1  11  2  13  3  61  4  6  5  63  6  34  7  62  8  16  9  93  10  64  11  83  12  48  13  24  14  15
  0  19  1  11  2  94  3  62  4  69  5  14  6  28  7  70  8  69  9  54  10  10  11  1  12  15  13  20  14  30
TPM
  0  813  1  813  2  813  3  813  4  813  5  813  6  813  7  813  8  813  9  813  10  813  11  813  12  813  13  813  14  813
PMT
  0  35  1  27  2  19  3  45  4  34  5  26  6  20  7  25  8  21  9  13  10  7  11  35  12  3  13  2  14  39
  0  46  1  30  2  37  3  46  4  15  5  49  6  10  7  34  8  48  9  14  10  17  11  39  12  40  13  31  14  1
  0  32  1  14  2  34  3  31  4  42  5  3  6  20  7  47  8  25  9  40  10  14  11  4  12  33  13  47  14  48
  0  42  1  21  2  17  3  36  4  32  5  28  6  23  7  23  8  20  9  3  10  12  11  4  12  42  13  8  14  39
  0  15  1  36  2  38  3  27  4  43  5  6  6  35  7  39  8  40  9  28  10  49  11  17  12  20  13  23  14  41
  0  44  1  4  2  21  3  22  4  25  5  3  6  20  7  1  8  4  9  31  10  15  11  29  12  34  13  26  14  16
  0  18  1  20  2  27  3  26  4  5  5  34  6  23  7  2  8  16  9  34  10  5  11  11  12  22  13  2  14  34
