200  5
  0  59  1  12  2  92  3  33  4  21
  0  1  1  52  2  53  3  19  4  39
  0  18  1  61  2  97  3  62  4  90
  0  46  1  3  2  37  3  90  4  62
  0  41  1  74  2  23  3  99  4  66
  0  40  1  54  2  21  3  76  4  24
  0  69  1  61  2  42  3  12  4  75
  0  34  1  37  2  88  3  90  4  79
  0  14  1  39  2  29  3  51  4  46
  0  50  1  53  2  36  3  54  4  15
  0  91  1  42  2  54  3  93  4  99
  0  5  1  19  2  95  3  44  4  94
  0  35  1  73  2  28  3  35  4  92
  0  42  1  75  2  45  3  41  4  78
  0  71  1  80  2  96  3  46  4  93
  0  39  1  3  2  66  3  98  4  45
  0  45  1  28  2  49  3  28  4  99
  0  85  1  98  2  71  3  63  4  26
  0  54  1  87  2  77  3  71  4  93
  0  50  1  65  2  60  3  17  4  78
  0  26  1  32  2  40  3  70  4  75
  0  83  1  77  2  27  3  9  4  9
  0  52  1  94  2  24  3  6  4  52
  0  48  1  55  2  24  3  15  4  67
  0  78  1  5  2  85  3  93  4  3
  0  3  1  20  2  57  3  51  4  20
  0  1  1  28  2  3  3  80  4  93
  0  21  1  47  2  23  3  67  4  46
  0  71  1  94  2  43  3  15  4  78
  0  73  1  65  2  13  3  11  4  50
  0  95  1  21  2  31  3  49  4  66
  0  35  1  73  2  69  3  60  4  15
  0  84  1  67  2  6  3  71  4  92
  0  27  1  80  2  62  3  96  4  79
  0  79  1  65  2  60  3  63  4  1
  0  43  1  36  2  52  3  30  4  16
  0  72  1  75  2  41  3  13  4  74
  0  23  1  49  2  72  3  17  4  94
  0  72  1  90  2  35  3  46  4  86
  0  68  1  33  2  44  3  99  4  81
  0  98  1  14  2  57  3  83  4  10
  0  73  1  58  2  26  3  61  4  57
  0  63  1  33  2  58  3  84  4  2
  0  85  1  53  2  35  3  17  4  94
  0  25  1  25  2  11  3  59  4  14
  0  96  1  73  2  61  3  75  4  73
  0  5  1  24  2  17  3  33  4  68
  0  32  1  18  2  5  3  47  4  16
  0  59  1  2  2  59  3  24  4  1
  0  29  1  78  2  39  3  2  4  39
  0  74  1  26  2  53  3  22  4  37
  0  3  1  70  2  51  3  74  4  76
  0  84  1  29  2  96  3  92  4  4
  0  87  1  10  2  76  3  48  4  55
  0  3  1  75  2  73  3  90  4  89
  0  30  1  49  2  32  3  27  4  29
  0  42  1  34  2  57  3  23  4  20
  0  71  1  11  2  11  3  91  4  41
  0  74  1  21  2  40  3  94  4  31
  0  48  1  3  2  75  3  3  4  14
  0  25  1  45  2  62  3  72  4  87
  0  26  1  1  2  77  3  63  4  88
  0  52  1  71  2  84  3  65  4  25
  0  74  1  9  2  78  3  93  4  81
  0  7  1  88  2  32  3  87  4  34
  0  23  1  14  2  10  3  43  4  38
  0  94  1  75  2  41  3  16  4  62
  0  84  1  23  2  6  3  18  4  71
  0  19  1  60  2  11  3  37  4  31
  0  22  1  64  2  3  3  67  4  67
  0  49  1  21  2  81  3  15  4  86
  0  48  1  75  2  38  3  3  4  53
  0  46  1  63  2  62  3  25  4  50
  0  26  1  43  2  95  3  41  4  23
  0  41  1  5  2  5  3  83  4  11
  0  58  1  70  2  40  3  89  4  63
  0  9  1  84  2  43  3  43  4  21
  0  35  1  51  2  61  3  85  4  35
  0  8  1  14  2  20  3  83  4  8
  0  58  1  70  2  57  3  46  4  98
  0  42  1  65  2  47  3  48  4  25
  0  61  1  14  2  22  3  81  4  98
  0  39  1  42  2  7  3  96  4  42
  0  68  1  70  2  60  3  16  4  66
  0  98  1  78  2  90  3  83  4  62
  0  78  1  58  2  4  3  84  4  11
  0  12  1  94  2  64  3  15  4  90
  0  60  1  95  2  70  3  31  4  74
  0  31  1  25  2  81  3  61  4  3
  0  87  1  15  2  27  3  14  4  94
  0  48  1  85  2  64  3  4  4  61
  0  12  1  62  2  69  3  68  4  25
  0  40  1  8  2  86  3  91  4  86
  0  51  1  1  2  77  3  50  4  53
  0  26  1  20  2  77  3  89  4  9
  0  72  1  98  2  65  3  31  4  56
  0  73  1  42  2  91  3  23  4  46
  0  16  1  85  2  6  3  93  4  27
  0  21  1  15  2  47  3  88  4  16
  0  4  1  27  2  48  3  85  4  24
  0  33  1  28  2  12  3  20  4  65
  0  9  1  41  2  63  3  63  4  56
  0  62  1  99  2  10  3  96  4  65
  0  68  1  23  2  89  3  79  4  32
  0  24  1  64  2  22  3  2  4  80
  0  17  1  45  2  57  3  40  4  75
  0  27  1  2  2  5  3  78  4  57
  0  94  1  29  2  44  3  24  4  52
  0  29  1  9  2  80  3  11  4  26
  0  52  1  68  2  90  3  85  4  71
  0  9  1  14  2  7  3  41  4  9
  0  45  1  80  2  74  3  25  4  81
  0  22  1  95  2  86  3  98  4  37
  0  61  1  78  2  20  3  93  4  4
  0  32  1  89  2  91  3  87  4  62
  0  49  1  61  2  94  3  71  4  46
  0  39  1  78  2  92  3  32  4  84
  0  62  1  40  2  39  3  48  4  64
  0  5  1  18  2  8  3  70  4  98
  0  85  1  20  2  4  3  46  4  31
  0  72  1  39  2  62  3  62  4  11
  0  82  1  82  2  85  3  94  4  6
  0  25  1  68  2  5  3  95  4  2
  0  26  1  91  2  76  3  4  4  10
  0  52  1  8  2  37  3  13  4  70
  0  54  1  78  2  15  3  55  4  2
  0  80  1  22  2  65  3  48  4  42
  0  85  1  10  2  2  3  18  4  92
  0  43  1  65  2  56  3  78  4  15
  0  80  1  58  2  92  3  48  4  81
  0  16  1  15  2  23  3  49  4  75
  0  21  1  22  2  97  3  15  4  22
  0  56  1  22  2  55  3  43  4  66
  0  74  1  24  2  11  3  78  4  72
  0  50  1  57  2  64  3  45  4  67
  0  78  1  19  2  61  3  35  4  85
  0  65  1  16  2  16  3  46  4  56
  0  52  1  73  2  5  3  16  4  46
  0  74  1  26  2  56  3  3  4  93
  0  3  1  53  2  5  3  86  4  20
  0  68  1  44  2  58  3  69  4  55
  0  13  1  38  2  52  3  78  4  34
  0  56  1  19  2  42  3  67  4  70
  0  28  1  11  2  99  3  90  4  36
  0  41  1  41  2  98  3  28  4  96
  0  51  1  71  2  67  3  95  4  74
  0  36  1  30  2  96  3  84  4  26
  0  30  1  50  2  34  3  25  4  68
  0  68  1  68  2  1  3  61  4  69
  0  65  1  75  2  18  3  9  4  96
  0  82  1  92  2  28  3  19  4  8
  0  11  1  37  2  45  3  17  4  60
  0  53  1  61  2  4  3  88  4  42
  0  84  1  36  2  45  3  24  4  66
  0  59  1  77  2  80  3  99  4  94
  0  41  1  22  2  87  3  49  4  6
  0  40  1  67  2  10  3  60  4  45
  0  11  1  97  2  44  3  49  4  32
  0  8  1  64  2  72  3  90  4  49
  0  76  1  49  2  53  3  74  4  30
  0  89  1  65  2  51  3  12  4  18
  0  39  1  18  2  45  3  69  4  56
  0  41  1  15  2  54  3  57  4  34
  0  34  1  1  2  44  3  41  4  75
  0  20  1  33  2  74  3  20  4  89
  0  30  1  58  2  10  3  28  4  21
  0  28  1  9  2  1  3  79  4  85
  0  88  1  98  2  63  3  3  4  16
  0  65  1  37  2  23  3  99  4  68
  0  30  1  18  2  16  3  42  4  41
  0  86  1  38  2  48  3  34  4  1
  0  23  1  30  2  96  3  41  4  34
  0  49  1  36  2  85  3  11  4  47
  0  53  1  26  2  7  3  56  4  23
  0  31  1  56  2  56  3  44  4  95
  0  49  1  60  2  72  3  26  4  14
  0  54  1  19  2  60  3  47  4  49
  0  96  1  18  2  30  3  8  4  50
  0  38  1  30  2  51  3  71  4  38
  0  76  1  60  2  29  3  11  4  47
  0  36  1  36  2  37  3  24  4  76
  0  35  1  85  2  84  3  74  4  88
  0  24  1  48  2  63  3  90  4  62
  0  2  1  51  2  49  3  13  4  54
  0  28  1  94  2  13  3  10  4  33
  0  16  1  77  2  50  3  9  4  41
  0  55  1  75  2  98  3  93  4  8
  0  38  1  48  2  13  3  46  4  60
  0  19  1  6  2  79  3  41  4  33
  0  65  1  74  2  81  3  96  4  91
  0  22  1  66  2  82  3  82  4  57
  0  18  1  60  2  82  3  95  4  87
  0  3  1  20  2  51  3  39  4  19
  0  54  1  79  2  71  3  84  4  25
  0  57  1  62  2  65  3  69  4  62
  0  29  1  66  2  46  3  50  4  50
  0  42  1  94  2  32  3  95  4  53
  0  9  1  90  2  34  3  62  4  2
  0  87  1  50  2  89  3  91  4  66
  0  66  1  85  2  49  3  42  4  58
TPM
  0  1786  1  1786  2  1786  3  1786  4  1786
PMT
  0  21  1  17  2  7  3  3  4  12
  0  12  1  11  2  12  3  2  4  8
  0  5  1  14  2  14  3  24  4  21
  0  7  1  3  2  4  3  14  4  17
  0  8  1  7  2  13  3  2  4  14
  0  19  1  12  2  18  3  1  4  20
  0  9  1  22  2  11  3  19  4  21
  0  14  1  17  2  7  3  22  4  13
  0  8  1  4  2  23  3  7  4  7
  0  4  1  17  2  2  3  4  4  22
  0  7  1  16  2  6  3  7  4  20
  0  10  1  7  2  24  3  4  4  13
