200  15
  0  85  1  38  2  41  3  45  4  80  5  62  6  43  7  46  8  92  9  41  10  62  11  73  12  72  13  77  14  18
  0  58  1  4  2  17  3  43  4  52  5  99  6  17  7  90  8  30  9  96  10  28  11  9  12  80  13  80  14  4
  0  58  1  50  2  83  3  81  4  87  5  67  6  30  7  4  8  5  9  33  10  25  11  66  12  1  13  91  14  19
  0  24  1  15  2  4  3  86  4  72  5  54  6  77  7  94  8  3  9  98  10  31  11  66  12  91  13  49  14  13
  0  52  1  72  2  25  3  76  4  66  5  2  6  85  7  95  8  61  9  10  10  57  11  82  12  28  13  24  14  79
  0  11  1  59  2  62  3  98  4  91  5  19  6  73  7  84  8  36  9  84  10  57  11  38  12  96  13  77  14  82
  0  21  1  85  2  80  3  97  4  13  5  14  6  18  7  4  8  7  9  77  10  48  11  28  12  64  13  4  14  84
  0  7  1  4  2  37  3  56  4  94  5  8  6  8  7  66  8  38  9  56  10  32  11  11  12  76  13  13  14  25
  0  67  1  76  2  51  3  34  4  73  5  2  6  76  7  16  8  35  9  67  10  74  11  17  12  49  13  48  14  16
  0  39  1  38  2  29  3  76  4  83  5  11  6  17  7  60  8  20  9  9  10  52  11  42  12  22  13  2  14  96
  0  50  1  50  2  40  3  75  4  71  5  98  6  78  7  4  8  44  9  16  10  30  11  38  12  64  13  76  14  15
  0  5  1  31  2  61  3  98  4  24  5  6  6  69  7  64  8  18  9  48  10  79  11  42  12  74  13  69  14  22
  0  79  1  2  2  7  3  38  4  60  5  95  6  15  7  29  8  78  9  18  10  23  11  34  12  30  13  35  14  2
  0  76  1  83  2  81  3  53  4  79  5  39  6  45  7  99  8  24  9  96  10  86  11  41  12  21  13  71  14  33
  0  15  1  8  2  50  3  21  4  65  5  86  6  58  7  78  8  15  9  82  10  99  11  52  12  94  13  68  14  74
  0  45  1  65  2  95  3  83  4  3  5  52  6  32  7  97  8  68  9  67  10  83  11  26  12  4  13  84  14  60
  0  22  1  25  2  7  3  10  4  12  5  29  6  33  7  27  8  30  9  81  10  7  11  25  12  5  13  12  14  19
  0  4  1  18  2  27  3  84  4  69  5  31  6  42  7  26  8  92  9  74  10  88  11  20  12  92  13  10  14  46
  0  1  1  97  2  28  3  21  4  27  5  18  6  50  7  44  8  46  9  25  10  33  11  86  12  27  13  29  14  96
  0  95  1  30  2  6  3  27  4  11  5  41  6  90  7  33  8  16  9  97  10  66  11  37  12  19  13  71  14  3
  0  46  1  85  2  89  3  17  4  40  5  57  6  6  7  81  8  42  9  33  10  67  11  75  12  89  13  92  14  16
  0  75  1  15  2  98  3  42  4  23  5  86  6  93  7  67  8  12  9  83  10  86  11  18  12  91  13  13  14  96
  0  36  1  73  2  71  3  90  4  26  5  81  6  23  7  45  8  29  9  4  10  51  11  4  12  83  13  9  14  86
  0  21  1  13  2  53  3  42  4  12  5  44  6  87  7  90  8  47  9  48  10  43  11  67  12  62  13  62  14  41
  0  96  1  76  2  29  3  72  4  59  5  24  6  61  7  41  8  55  9  63  10  30  11  49  12  31  13  14  14  10
  0  89  1  75  2  12  3  59  4  57  5  97  6  20  7  99  8  15  9  51  10  9  11  19  12  49  13  57  14  96
  0  35  1  17  2  46  3  35  4  68  5  74  6  25  7  43  8  26  9  26  10  29  11  62  12  95  13  39  14  25
  0  62  1  89  2  11  3  69  4  27  5  99  6  93  7  40  8  5  9  52  10  2  11  92  12  89  13  67  14  56
  0  16  1  87  2  65  3  56  4  82  5  67  6  72  7  63  8  21  9  3  10  24  11  50  12  50  13  60  14  65
  0  51  1  63  2  96  3  88  4  2  5  48  6  47  7  77  8  73  9  66  10  41  11  20  12  28  13  52  14  69
  0  33  1  48  2  93  3  79  4  11  5  29  6  92  7  91  8  63  9  30  10  40  11  51  12  38  13  10  14  40
  0  50  1  27  2  22  3  68  4  8  5  4  6  24  7  54  8  75  9  40  10  17  11  14  12  3  13  97  14  56
  0  84  1  99  2  6  3  63  4  32  5  60  6  54  7  39  8  25  9  44  10  62  11  72  12  13  13  32  14  26
  0  84  1  33  2  91  3  24  4  47  5  50  6  33  7  55  8  69  9  95  10  33  11  35  12  51  13  58  14  54
  0  57  1  34  2  54  3  1  4  28  5  3  6  58  7  64  8  4  9  20  10  94  11  82  12  94  13  98  14  11
  0  85  1  23  2  37  3  78  4  16  5  48  6  78  7  6  8  53  9  90  10  67  11  41  12  61  13  12  14  13
  0  15  1  59  2  46  3  88  4  44  5  63  6  93  7  20  8  93  9  73  10  96  11  40  12  79  13  83  14  83
  0  22  1  43  2  46  3  39  4  13  5  39  6  24  7  45  8  27  9  25  10  96  11  85  12  76  13  28  14  25
  0  23  1  44  2  37  3  74  4  91  5  32  6  47  7  50  8  48  9  30  10  44  11  11  12  95  13  1  14  22
  0  46  1  56  2  64  3  57  4  45  5  65  6  38  7  90  8  87  9  9  10  58  11  83  12  36  13  39  14  87
  0  54  1  7  2  19  3  96  4  19  5  53  6  91  7  58  8  73  9  92  10  87  11  6  12  6  13  47  14  90
  0  35  1  26  2  87  3  43  4  56  5  42  6  6  7  64  8  25  9  25  10  50  11  89  12  99  13  48  14  88
  0  80  1  28  2  83  3  9  4  56  5  29  6  91  7  42  8  27  9  44  10  45  11  92  12  61  13  75  14  65
  0  97  1  95  2  10  3  64  4  46  5  72  6  36  7  24  8  50  9  77  10  65  11  47  12  22  13  84  14  35
  0  74  1  19  2  63  3  53  4  43  5  55  6  89  7  8  8  27  9  86  10  51  11  50  12  99  13  23  14  68
  0  26  1  96  2  25  3  53  4  25  5  70  6  82  7  77  8  49  9  67  10  94  11  22  12  38  13  75  14  87
  0  45  1  5  2  6  3  35  4  67  5  56  6  23  7  90  8  76  9  9  10  34  11  25  12  94  13  19  14  88
  0  27  1  61  2  5  3  64  4  34  5  34  6  13  7  42  8  74  9  89  10  48  11  79  12  50  13  93  14  99
  0  43  1  97  2  73  3  9  4  75  5  90  6  2  7  60  8  80  9  78  10  75  11  12  12  63  13  89  14  64
  0  75  1  75  2  17  3  42  4  14  5  21  6  76  7  32  8  37  9  42  10  21  11  44  12  94  13  2  14  23
  0  62  1  93  2  97  3  78  4  24  5  3  6  7  7  84  8  97  9  21  10  33  11  5  12  48  13  10  14  4
  0  12  1  47  2  28  3  41  4  75  5  66  6  13  7  8  8  49  9  70  10  96  11  97  12  42  13  77  14  59
  0  18  1  16  2  76  3  44  4  1  5  21  6  2  7  3  8  10  9  62  10  18  11  28  12  65  13  72  14  55
  0  99  1  80  2  15  3  2  4  69  5  77  6  58  7  40  8  23  9  56  10  94  11  96  12  22  13  97  14  78
  0  29  1  17  2  51  3  25  4  58  5  59  6  26  7  90  8  64  9  81  10  86  11  14  12  48  13  3  14  26
  0  8  1  62  2  86  3  62  4  19  5  65  6  71  7  93  8  88  9  21  10  18  11  85  12  1  13  86  14  75
  0  97  1  90  2  35  3  52  4  61  5  44  6  11  7  29  8  65  9  20  10  19  11  68  12  25  13  73  14  2
  0  1  1  24  2  57  3  33  4  85  5  53  6  40  7  52  8  92  9  9  10  60  11  19  12  34  13  7  14  99
  0  42  1  55  2  17  3  58  4  40  5  59  6  48  7  60  8  9  9  27  10  20  11  16  12  28  13  52  14  6
  0  22  1  19  2  9  3  37  4  85  5  35  6  17  7  98  8  88  9  53  10  71  11  60  12  39  13  93  14  63
  0  16  1  70  2  91  3  88  4  37  5  83  6  83  7  38  8  51  9  57  10  7  11  8  12  8  13  51  14  1
  0  79  1  94  2  85  3  66  4  48  5  4  6  78  7  35  8  10  9  82  10  70  11  35  12  30  13  96  14  59
  0  59  1  54  2  2  3  35  4  88  5  38  6  5  7  87  8  12  9  95  10  48  11  14  12  36  13  12  14  61
  0  72  1  2  2  53  3  48  4  35  5  37  6  71  7  29  8  43  9  6  10  2  11  27  12  85  13  40  14  74
  0  80  1  26  2  78  3  16  4  39  5  64  6  16  7  97  8  32  9  11  10  69  11  48  12  58  13  4  14  2
  0  59  1  25  2  94  3  46  4  35  5  14  6  86  7  51  8  65  9  79  10  7  11  16  12  37  13  93  14  32
  0  90  1  92  2  91  3  15  4  67  5  14  6  93  7  70  8  81  9  95  10  92  11  17  12  5  13  21  14  35
  0  95  1  88  2  56  3  58  4  4  5  99  6  44  7  25  8  3  9  55  10  49  11  87  12  16  13  40  14  69
  0  83  1  2  2  82  3  55  4  21  5  72  6  92  7  70  8  21  9  14  10  20  11  92  12  25  13  86  14  65
  0  43  1  76  2  54  3  56  4  88  5  37  6  54  7  80  8  59  9  7  10  90  11  21  12  73  13  50  14  38
  0  52  1  58  2  37  3  80  4  87  5  16  6  72  7  15  8  73  9  68  10  63  11  98  12  91  13  81  14  34
  0  23  1  2  2  56  3  16  4  40  5  40  6  27  7  46  8  75  9  57  10  15  11  71  12  2  13  48  14  23
  0  26  1  60  2  30  3  72  4  33  5  51  6  57  7  11  8  68  9  28  10  80  11  45  12  54  13  75  14  83
  0  87  1  85  2  49  3  66  4  7  5  26  6  7  7  55  8  24  9  89  10  61  11  53  12  3  13  21  14  34
  0  62  1  16  2  39  3  91  4  48  5  88  6  89  7  92  8  18  9  59  10  42  11  69  12  36  13  98  14  14
  0  40  1  12  2  69  3  12  4  9  5  13  6  49  7  21  8  6  9  89  10  16  11  82  12  80  13  39  14  75
  0  47  1  30  2  18  3  1  4  78  5  60  6  88  7  89  8  63  9  76  10  71  11  64  12  40  13  66  14  12
  0  82  1  53  2  32  3  17  4  20  5  7  6  65  7  95  8  47  9  50  10  83  11  10  12  21  13  55  14  69
  0  39  1  40  2  29  3  79  4  91  5  62  6  96  7  15  8  32  9  67  10  50  11  72  12  97  13  10  14  26
  0  16  1  34  2  10  3  73  4  38  5  65  6  61  7  30  8  1  9  71  10  71  11  8  12  79  13  59  14  40
  0  51  1  36  2  30  3  63  4  36  5  16  6  91  7  15  8  9  9  25  10  59  11  22  12  86  13  43  14  52
  0  64  1  74  2  85  3  78  4  51  5  61  6  88  7  51  8  53  9  5  10  22  11  99  12  98  13  20  14  31
  0  56  1  57  2  28  3  59  4  39  5  69  6  28  7  16  8  47  9  9  10  95  11  78  12  55  13  60  14  46
  0  49  1  69  2  77  3  76  4  14  5  74  6  34  7  95  8  61  9  95  10  83  11  18  12  51  13  38  14  17
  0  58  1  69  2  97  3  40  4  59  5  86  6  45  7  41  8  50  9  7  10  20  11  23  12  3  13  85  14  5
  0  98  1  43  2  42  3  56  4  82  5  37  6  10  7  1  8  44  9  43  10  77  11  45  12  76  13  23  14  34
  0  49  1  21  2  29  3  21  4  56  5  38  6  31  7  36  8  77  9  17  10  40  11  56  12  92  13  73  14  37
  0  76  1  96  2  58  3  28  4  74  5  99  6  96  7  72  8  51  9  88  10  25  11  60  12  4  13  73  14  87
  0  33  1  36  2  96  3  10  4  79  5  10  6  79  7  83  8  42  9  97  10  20  11  94  12  23  13  79  14  79
  0  7  1  71  2  1  3  18  4  70  5  93  6  89  7  62  8  18  9  17  10  87  11  21  12  79  13  91  14  54
  0  80  1  4  2  29  3  41  4  43  5  95  6  96  7  52  8  93  9  91  10  9  11  29  12  4  13  31  14  14
  0  37  1  17  2  3  3  43  4  30  5  59  6  74  7  70  8  28  9  82  10  29  11  15  12  38  13  32  14  66
  0  70  1  85  2  93  3  48  4  55  5  57  6  55  7  95  8  4  9  61  10  1  11  61  12  58  13  61  14  17
  0  37  1  16  2  34  3  71  4  73  5  53  6  54  7  13  8  17  9  28  10  26  11  74  12  93  13  29  14  92
  0  9  1  2  2  21  3  2  4  65  5  73  6  17  7  9  8  2  9  34  10  66  11  46  12  79  13  73  14  32
  0  94  1  93  2  86  3  21  4  21  5  34  6  65  7  64  8  84  9  71  10  50  11  75  12  14  13  33  14  59
  0  32  1  12  2  86  3  61  4  55  5  50  6  76  7  66  8  88  9  42  10  50  11  45  12  87  13  9  14  86
  0  91  1  89  2  96  3  24  4  6  5  13  6  95  7  24  8  56  9  7  10  53  11  31  12  39  13  59  14  17
  0  24  1  56  2  13  3  25  4  56  5  77  6  74  7  26  8  33  9  48  10  5  11  24  12  71  13  68  14  10
  0  49  1  51  2  61  3  98  4  11  5  47  6  82  7  60  8  97  9  83  10  57  11  74  12  12  13  86  14  51
  0  67  1  58  2  93  3  98  4  74  5  32  6  58  7  41  8  69  9  67  10  67  11  69  12  64  13  42  14  38
  0  54  1  13  2  61  3  84  4  14  5  45  6  46  7  53  8  61  9  24  10  15  11  85  12  12  13  22  14  32
  0  36  1  65  2  25  3  54  4  63  5  80  6  34  7  6  8  84  9  1  10  18  11  58  12  40  13  17  14  33
  0  4  1  25  2  59  3  19  4  34  5  69  6  61  7  27  8  83  9  87  10  44  11  53  12  78  13  29  14  96
  0  71  1  6  2  81  3  66  4  97  5  17  6  32  7  81  8  21  9  86  10  78  11  63  12  89  13  30  14  37
  0  8  1  38  2  35  3  6  4  46  5  87  6  53  7  67  8  97  9  58  10  75  11  43  12  91  13  85  14  66
  0  36  1  22  2  8  3  47  4  21  5  48  6  88  7  53  8  73  9  63  10  80  11  85  12  35  13  90  14  42
  0  55  1  70  2  93  3  72  4  84  5  59  6  88  7  16  8  98  9  18  10  1  11  65  12  43  13  66  14  21
  0  47  1  1  2  58  3  30  4  80  5  88  6  59  7  12  8  41  9  66  10  39  11  69  12  72  13  85  14  2
  0  6  1  21  2  57  3  79  4  58  5  90  6  22  7  62  8  66  9  42  10  45  11  35  12  32  13  88  14  78
  0  55  1  8  2  56  3  50  4  74  5  95  6  3  7  83  8  99  9  66  10  38  11  54  12  58  13  27  14  69
  0  38  1  77  2  89  3  63  4  98  5  31  6  17  7  14  8  33  9  94  10  66  11  42  12  64  13  10  14  35
  0  83  1  44  2  58  3  86  4  16  5  29  6  86  7  26  8  51  9  6  10  49  11  27  12  99  13  12  14  34
  0  46  1  58  2  65  3  12  4  76  5  92  6  93  7  17  8  21  9  26  10  29  11  40  12  85  13  34  14  21
  0  10  1  35  2  19  3  73  4  76  5  48  6  22  7  93  8  28  9  63  10  67  11  48  12  14  13  21  14  87
  0  25  1  48  2  21  3  39  4  61  5  6  6  65  7  23  8  95  9  55  10  50  11  75  12  38  13  79  14  26
  0  69  1  78  2  80  3  42  4  78  5  67  6  62  7  41  8  56  9  49  10  53  11  80  12  57  13  26  14  4
  0  77  1  98  2  79  3  57  4  25  5  28  6  87  7  13  8  6  9  58  10  8  11  91  12  22  13  74  14  10
  0  99  1  1  2  45  3  91  4  41  5  48  6  58  7  1  8  20  9  73  10  91  11  45  12  48  13  83  14  88
  0  74  1  28  2  39  3  73  4  55  5  96  6  17  7  54  8  79  9  37  10  12  11  88  12  76  13  99  14  82
  0  1  1  14  2  85  3  27  4  91  5  13  6  89  7  27  8  69  9  17  10  4  11  10  12  90  13  75  14  21
  0  12  1  96  2  47  3  99  4  53  5  88  6  25  7  76  8  38  9  61  10  39  11  36  12  49  13  95  14  93
  0  76  1  13  2  93  3  40  4  25  5  33  6  82  7  89  8  1  9  38  10  39  11  29  12  23  13  71  14  2
  0  80  1  11  2  38  3  78  4  20  5  33  6  75  7  60  8  60  9  84  10  13  11  6  12  41  13  17  14  47
  0  49  1  97  2  48  3  26  4  57  5  98  6  8  7  53  8  28  9  65  10  24  11  20  12  4  13  22  14  34
  0  41  1  66  2  45  3  80  4  66  5  95  6  88  7  42  8  69  9  45  10  26  11  83  12  48  13  59  14  30
  0  39  1  87  2  10  3  71  4  65  5  69  6  61  7  21  8  26  9  30  10  77  11  76  12  87  13  95  14  20
  0  50  1  47  2  55  3  12  4  99  5  19  6  35  7  72  8  68  9  44  10  7  11  37  12  81  13  15  14  33
  0  7  1  20  2  13  3  14  4  23  5  42  6  8  7  21  8  38  9  58  10  70  11  13  12  22  13  57  14  94
  0  73  1  53  2  39  3  25  4  10  5  56  6  21  7  43  8  13  9  1  10  95  11  58  12  66  13  68  14  84
  0  95  1  40  2  48  3  96  4  2  5  26  6  28  7  83  8  78  9  92  10  84  11  81  12  36  13  61  14  88
  0  36  1  25  2  39  3  84  4  83  5  81  6  59  7  7  8  29  9  97  10  6  11  34  12  28  13  3  14  36
  0  15  1  85  2  19  3  25  4  97  5  15  6  19  7  81  8  51  9  16  10  11  11  30  12  61  13  81  14  18
  0  41  1  44  2  36  3  37  4  67  5  12  6  48  7  79  8  15  9  58  10  90  11  50  12  47  13  88  14  40
  0  99  1  9  2  85  3  31  4  55  5  24  6  82  7  1  8  31  9  96  10  6  11  1  12  62  13  9  14  92
  0  71  1  15  2  25  3  96  4  77  5  62  6  10  7  42  8  69  9  37  10  47  11  96  12  17  13  98  14  8
  0  47  1  31  2  73  3  89  4  33  5  63  6  50  7  60  8  44  9  49  10  53  11  43  12  98  13  49  14  16
  0  41  1  68  2  82  3  24  4  94  5  89  6  74  7  11  8  6  9  2  10  53  11  21  12  82  13  94  14  66
  0  65  1  87  2  57  3  17  4  47  5  87  6  46  7  19  8  28  9  36  10  38  11  28  12  57  13  54  14  22
  0  16  1  85  2  69  3  42  4  68  5  47  6  40  7  8  8  37  9  71  10  73  11  26  12  75  13  51  14  6
  0  16  1  41  2  98  3  23  4  26  5  36  6  47  7  21  8  54  9  30  10  88  11  38  12  34  13  72  14  60
  0  17  1  58  2  1  3  6  4  69  5  29  6  2  7  84  8  59  9  76  10  69  11  5  12  18  13  68  14  84
  0  99  1  60  2  13  3  87  4  76  5  80  6  30  7  47  8  2  9  17  10  26  11  25  12  8  13  36  14  17
  0  89  1  36  2  78  3  78  4  48  5  43  6  50  7  12  8  75  9  41  10  56  11  56  12  73  13  51  14  23
  0  93  1  95  2  87  3  47  4  26  5  99  6  99  7  60  8  6  9  27  10  39  11  8  12  67  13  26  14  39
  0  81  1  83  2  57  3  9  4  45  5  45  6  50  7  87  8  52  9  35  10  2  11  21  12  43  13  49  14  43
  0  27  1  57  2  83  3  97  4  89  5  24  6  85  7  16  8  97  9  95  10  57  11  75  12  91  13  37  14  25
  0  53  1  11  2  10  3  47  4  23  5  51  6  77  7  6  8  42  9  57  10  52  11  9  12  17  13  32  14  42
  0  96  1  71  2  25  3  73  4  30  5  46  6  32  7  8  8  11  9  19  10  27  11  51  12  49  13  11  14  90
  0  53  1  84  2  19  3  31  4  38  5  32  6  4  7  90  8  96  9  1  10  5  11  94  12  54  13  5  14  73
  0  80  1  80  2  77  3  43  4  14  5  5  6  42  7  71  8  92  9  73  10  11  11  39  12  69  13  26  14  13
  0  73  1  70  2  14  3  70  4  32  5  79  6  66  7  80  8  87  9  6  10  81  11  57  12  65  13  71  14  1
  0  62  1  47  2  78  3  94  4  12  5  40  6  41  7  68  8  42  9  70  10  98  11  51  12  81  13  49  14  33
  0  52  1  42  2  21  3  66  4  84  5  46  6  98  7  18  8  80  9  44  10  34  11  27  12  65  13  92  14  96
  0  84  1  63  2  81  3  31  4  35  5  30  6  56  7  40  8  28  9  63  10  66  11  12  12  32  13  31  14  11
  0  70  1  53  2  93  3  94  4  35  5  16  6  37  7  13  8  16  9  80  10  43  11  93  12  71  13  33  14  45
  0  12  1  14  2  56  3  48  4  28  5  41  6  64  7  36  8  9  9  15  10  73  11  73  12  64  13  35  14  23
  0  62  1  72  2  66  3  93  4  46  5  95  6  16  7  57  8  53  9  13  10  80  11  80  12  7  13  11  14  98
  0  59  1  69  2  11  3  81  4  39  5  92  6  31  7  13  8  81  9  75  10  5  11  32  12  53  13  63  14  2
  0  49  1  57  2  49  3  32  4  47  5  40  6  42  7  29  8  83  9  31  10  22  11  26  12  82  13  7  14  1
  0  90  1  84  2  88  3  49  4  73  5  6  6  8  7  69  8  85  9  2  10  1  11  13  12  20  13  55  14  19
  0  80  1  55  2  33  3  69  4  54  5  43  6  69  7  10  8  41  9  47  10  78  11  78  12  38  13  73  14  7
  0  24  1  40  2  44  3  69  4  57  5  51  6  71  7  41  8  66  9  81  10  49  11  83  12  41  13  25  14  67
  0  42  1  1  2  57  3  19  4  37  5  45  6  99  7  48  8  33  9  44  10  41  11  63  12  62  13  44  14  8
  0  13  1  35  2  74  3  23  4  96  5  63  6  53  7  1  8  69  9  85  10  45  11  66  12  42  13  55  14  21
  0  95  1  1  2  46  3  3  4  7  5  97  6  81  7  24  8  63  9  79  10  84  11  10  12  69  13  58  14  17
  0  71  1  42  2  42  3  42  4  76  5  28  6  86  7  47  8  15  9  79  10  18  11  82  12  1  13  93  14  51
  0  33  1  60  2  15  3  13  4  16  5  7  6  25  7  14  8  56  9  94  10  83  11  57  12  15  13  3  14  86
  0  72  1  43  2  8  3  61  4  97  5  2  6  26  7  20  8  65  9  69  10  33  11  29  12  55  13  21  14  15
  0  65  1  27  2  54  3  83  4  80  5  35  6  96  7  72  8  92  9  1  10  23  11  98  12  53  13  91  14  61
  0  43  1  86  2  15  3  63  4  1  5  91  6  56  7  78  8  93  9  44  10  1  11  53  12  50  13  47  14  14
  0  36  1  97  2  17  3  81  4  75  5  12  6  1  7  37  8  26  9  33  10  71  11  8  12  13  13  30  14  25
  0  81  1  6  2  80  3  96  4  55  5  21  6  1  7  70  8  32  9  36  10  28  11  30  12  73  13  88  14  59
  0  90  1  10  2  8  3  84  4  16  5  94  6  74  7  73  8  89  9  28  10  41  11  1  12  6  13  97  14  26
  0  32  1  9  2  14  3  75  4  87  5  76  6  30  7  77  8  57  9  41  10  79  11  31  12  54  13  86  14  78
  0  38  1  7  2  73  3  51  4  59  5  40  6  64  7  8  8  50  9  92  10  69  11  57  12  70  13  63  14  25
  0  47  1  34  2  2  3  73  4  67  5  43  6  66  7  18  8  36  9  17  10  25  11  53  12  91  13  17  14  73
  0  11  1  23  2  33  3  88  4  66  5  36  6  63  7  52  8  95  9  27  10  20  11  99  12  69  13  13  14  40
  0  86  1  38  2  47  3  80  4  86  5  44  6  7  7  28  8  44  9  46  10  39  11  41  12  56  13  66  14  99
  0  41  1  63  2  77  3  32  4  75  5  54  6  1  7  48  8  34  9  37  10  76  11  22  12  21  13  24  14  28
  0  20  1  71  2  11  3  40  4  3  5  77  6  85  7  4  8  88  9  90  10  74  11  20  12  64  13  75  14  9
  0  47  1  76  2  48  3  78  4  48  5  42  6  37  7  2  8  62  9  63  10  33  11  37  12  6  13  29  14  15
  0  96  1  90  2  46  3  78  4  53  5  6  6  33  7  7  8  48  9  94  10  55  11  42  12  39  13  28  14  4
  0  63  1  39  2  70  3  30  4  75  5  50  6  65  7  4  8  62  9  84  10  97  11  44  12  66  13  21  14  15
  0  43  1  78  2  52  3  11  4  94  5  74  6  9  7  95  8  70  9  22  10  79  11  15  12  42  13  36  14  44
  0  95  1  13  2  68  3  6  4  19  5  12  6  57  7  85  8  54  9  82  10  64  11  5  12  9  13  44  14  85
  0  84  1  70  2  30  3  13  4  24  5  50  6  9  7  65  8  49  9  51  10  62  11  46  12  31  13  23  14  70
  0  70  1  24  2  79  3  11  4  76  5  70  6  81  7  9  8  23  9  70  10  23  11  56  12  25  13  18  14  57
  0  6  1  87  2  49  3  69  4  14  5  36  6  49  7  77  8  73  9  53  10  20  11  96  12  71  13  72  14  10
  0  32  1  51  2  91  3  39  4  67  5  81  6  91  7  94  8  58  9  49  10  97  11  63  12  62  13  21  14  98
  0  29  1  61  2  59  3  15  4  64  5  43  6  86  7  89  8  65  9  69  10  10  11  35  12  47  13  40  14  70
  0  66  1  71  2  16  3  84  4  87  5  75  6  82  7  72  8  39  9  41  10  52  11  99  12  1  13  2  14  48
  0  80  1  10  2  97  3  97  4  25  5  54  6  4  7  53  8  2  9  33  10  12  11  11  12  78  13  4  14  30
  0  71  1  50  2  59  3  26  4  5  5  62  6  94  7  48  8  78  9  95  10  64  11  76  12  79  13  64  14  48
  0  1  1  35  2  59  3  53  4  31  5  1  6  12  7  39  8  71  9  97  10  78  11  47  12  31  13  94  14  79
  0  48  1  46  2  64  3  15  4  58  5  33  6  85  7  61  8  92  9  95  10  44  11  25  12  34  13  66  14  60
  0  89  1  50  2  51  3  63  4  91  5  92  6  91  7  62  8  17  9  48  10  93  11  6  12  99  13  34  14  63
  0  21  1  52  2  50  3  49  4  75  5  80  6  38  7  4  8  6  9  49  10  9  11  84  12  98  13  2  14  34
  0  80  1  24  2  58  3  12  4  18  5  56  6  27  7  63  8  91  9  33  10  30  11  5  12  27  13  37  14  12
  0  14  1  53  2  96  3  74  4  88  5  69  6  42  7  78  8  42  9  1  10  69  11  82  12  13  13  10  14  96
TPM
  0  1591  1  1591  2  1591  3  1591  4  1591  5  1591  6  1591  7  1591  8  1591  9  1591  10  1591  11  1591  12  1591  13  1591  14  1591
PMT
  0  45  1  104  2  130  3  12  4  138  5  54  6  69  7  26  8  42  9  105  10  141  11  30  12  37  13  114  14  76
  0  132  1  38  2  43  3  72  4  59  5  97  6  56  7  20  8  128  9  83  10  129  11  62  12  55  13  12  14  32
  0  133  1  36  2  114  3  103  4  88  5  84  6  82  7  27  8  82  9  54  10  110  11  134  12  24  13  133  14  101
  0  116  1  112  2  129  3  24  4  60  5  140  6  109  7  117  8  99  9  97  10  19  11  106  12  87  13  134  14  43
  0  90  1  144  2  104  3  148  4  110  5  118  6  103  7  34  8  70  9  75  10  63  11  124  12  82  13  101  14  36
  0  94  1  19  2  103  3  50  4  137  5  33  6  46  7  59  8  42  9  17  10  58  11  125  12  13  13  146  14  18
  0  97  1  32  2  94  3  68  4  36  5  110  6  27  7  100  8  136  9  100  10  11  11  29  12  119  13  18  14  117
  0  30  1  55  2  36  3  6  4  81  5  130  6  145  7  70  8  5  9  53  10  66  11  145  12  23  13  10  14  66
  0  38  1  112  2  54  3  76  4  43  5  31  6  77  7  48  8  102  9  30  10  3  11  86  12  23  13  12  14  28
  0  87  1  94  2  50  3  37  4  16  5  110  6  125  7  35  8  43  9  86  10  120  11  51  12  102  13  15  14  77
  0  69  1  108  2  80  3  65  4  36  5  14  6  90  7  29  8  118  9  137  10  74  11  70  12  118  13  105  14  133
  0  140  1  126  2  63  3  64  4  96  5  14  6  29  7  64  8  79  9  86  10  67  11  127  12  7  13  131  14  85
  0  93  1  144  2  137  3  43  4  149  5  126  6  3  7  72  8  73  9  126  10  86  11  5  12  75  13  113  14  3
