100  10
  0  86  1  4  2  46  3  55  4  34  5  3  6  62  7  88  8  13  9  66
  0  4  1  55  2  38  3  33  4  82  5  98  6  37  7  81  8  45  9  89
  0  3  1  62  2  48  3  99  4  61  5  94  6  11  7  17  8  30  9  36
  0  74  1  22  2  97  3  56  4  70  5  74  6  64  7  94  8  71  9  92
  0  6  1  57  2  6  3  8  4  56  5  95  6  19  7  28  8  28  9  76
  0  37  1  61  2  8  3  29  4  74  5  66  6  98  7  26  8  64  9  25
  0  96  1  45  2  18  3  74  4  31  5  9  6  50  7  33  8  84  9  95
  0  15  1  98  2  95  3  83  4  33  5  23  6  3  7  65  8  25  9  74
  0  69  1  30  2  66  3  48  4  24  5  25  6  33  7  93  8  74  9  25
  0  98  1  51  2  12  3  80  4  13  5  32  6  90  7  22  8  69  9  85
  0  53  1  35  2  26  3  23  4  54  5  42  6  56  7  3  8  71  9  53
  0  44  1  96  2  38  3  65  4  34  5  86  6  19  7  31  8  12  9  69
  0  11  1  27  2  78  3  54  4  54  5  77  6  34  7  96  8  76  9  31
  0  95  1  1  2  99  3  94  4  99  5  71  6  98  7  57  8  82  9  12
  0  78  1  72  2  28  3  90  4  6  5  79  6  21  7  27  8  32  9  79
  0  58  1  68  2  70  3  94  4  1  5  56  6  25  7  74  8  61  9  9
  0  82  1  48  2  75  3  60  4  23  5  7  6  86  7  39  8  92  9  77
  0  49  1  81  2  58  3  36  4  36  5  93  6  40  7  49  8  92  9  33
  0  72  1  54  2  78  3  54  4  65  5  15  6  95  7  44  8  44  9  13
  0  84  1  49  2  1  3  62  4  42  5  60  6  91  7  56  8  96  9  11
  0  43  1  80  2  28  3  4  4  67  5  62  6  37  7  80  8  4  9  27
  0  98  1  83  2  20  3  90  4  36  5  81  6  50  7  5  8  25  9  68
  0  52  1  34  2  97  3  39  4  16  5  39  6  10  7  12  8  46  9  78
  0  97  1  58  2  3  3  69  4  23  5  37  6  80  7  67  8  6  9  65
  0  55  1  41  2  68  3  70  4  25  5  74  6  51  7  93  8  25  9  4
  0  85  1  44  2  11  3  81  4  8  5  35  6  9  7  20  8  76  9  39
  0  96  1  61  2  13  3  45  4  70  5  74  6  70  7  3  8  95  9  70
  0  25  1  1  2  49  3  96  4  17  5  1  6  6  7  44  8  4  9  20
  0  38  1  81  2  4  3  49  4  3  5  98  6  25  7  36  8  55  9  24
  0  21  1  81  2  22  3  43  4  26  5  21  6  90  7  52  8  41  9  86
  0  29  1  92  2  86  3  79  4  33  5  75  6  40  7  95  8  55  9  89
  0  30  1  83  2  78  3  33  4  42  5  27  6  27  7  34  8  69  9  77
  0  28  1  45  2  8  3  90  4  74  5  16  6  78  7  27  8  52  9  84
  0  37  1  39  2  17  3  56  4  87  5  32  6  51  7  37  8  17  9  88
  0  32  1  52  2  23  3  93  4  84  5  77  6  94  7  85  8  8  9  35
  0  69  1  37  2  92  3  57  4  82  5  33  6  74  7  21  8  67  9  93
  0  89  1  82  2  93  3  73  4  17  5  84  6  36  7  30  8  43  9  14
  0  11  1  29  2  68  3  26  4  37  5  49  6  38  7  65  8  87  9  93
  0  87  1  50  2  60  3  30  4  12  5  7  6  73  7  89  8  14  9  52
  0  49  1  37  2  81  3  80  4  78  5  68  6  7  7  3  8  45  9  82
  0  44  1  20  2  67  3  79  4  65  5  54  6  80  7  37  8  66  9  68
  0  80  1  88  2  28  3  32  4  85  5  8  6  43  7  19  8  91  9  56
  0  52  1  54  2  38  3  67  4  54  5  43  6  92  7  65  8  83  9  39
  0  39  1  38  2  84  3  42  4  12  5  17  6  94  7  33  8  23  9  35
  0  41  1  89  2  65  3  68  4  12  5  33  6  95  7  65  8  39  9  94
  0  31  1  40  2  24  3  25  4  6  5  79  6  76  7  58  8  69  9  71
  0  67  1  21  2  46  3  83  4  88  5  45  6  57  7  32  8  98  9  11
  0  89  1  10  2  81  3  56  4  67  5  95  6  44  7  7  8  50  9  34
  0  48  1  13  2  70  3  65  4  29  5  12  6  81  7  58  8  66  9  42
  0  76  1  55  2  94  3  79  4  5  5  47  6  78  7  69  8  96  9  30
  0  89  1  85  2  62  3  17  4  50  5  21  6  44  7  98  8  47  9  10
  0  15  1  85  2  13  3  28  4  69  5  69  6  41  7  16  8  53  9  80
  0  82  1  37  2  13  3  53  4  25  5  44  6  60  7  92  8  69  9  35
  0  5  1  30  2  49  3  9  4  85  5  98  6  57  7  66  8  87  9  68
  0  65  1  98  2  65  3  30  4  72  5  69  6  69  7  2  8  3  9  87
  0  66  1  9  2  33  3  12  4  10  5  61  6  38  7  50  8  66  9  26
  0  72  1  34  2  43  3  64  4  32  5  83  6  55  7  89  8  54  9  98
  0  21  1  59  2  63  3  34  4  82  5  17  6  61  7  47  8  95  9  29
  0  28  1  31  2  24  3  96  4  68  5  62  6  33  7  43  8  32  9  32
  0  84  1  91  2  94  3  38  4  52  5  81  6  60  7  62  8  31  9  12
  0  43  1  51  2  99  3  92  4  25  5  74  6  58  7  34  8  9  9  43
  0  58  1  29  2  98  3  1  4  86  5  84  6  85  7  11  8  80  9  26
  0  28  1  25  2  82  3  70  4  39  5  95  6  56  7  41  8  28  9  52
  0  26  1  76  2  65  3  84  4  14  5  50  6  55  7  82  8  90  9  10
  0  39  1  20  2  48  3  95  4  69  5  3  6  72  7  5  8  28  9  6
  0  82  1  98  2  65  3  68  4  40  5  86  6  1  7  29  8  64  9  20
  0  98  1  9  2  13  3  85  4  14  5  86  6  85  7  80  8  80  9  23
  0  83  1  9  2  72  3  14  4  38  5  37  6  64  7  93  8  59  9  76
  0  81  1  21  2  3  3  17  4  5  5  1  6  39  7  99  8  74  9  40
  0  66  1  7  2  7  3  41  4  23  5  26  6  22  7  70  8  68  9  94
  0  45  1  60  2  52  3  39  4  23  5  39  6  85  7  73  8  77  9  85
  0  80  1  10  2  79  3  60  4  37  5  99  6  27  7  62  8  73  9  10
  0  46  1  5  2  35  3  5  4  57  5  9  6  44  7  78  8  70  9  74
  0  52  1  68  2  16  3  61  4  18  5  43  6  3  7  85  8  30  9  40
  0  73  1  36  2  28  3  2  4  1  5  50  6  15  7  28  8  33  9  97
  0  42  1  57  2  2  3  77  4  26  5  32  6  24  7  25  8  22  9  10
  0  85  1  67  2  55  3  41  4  77  5  94  6  9  7  6  8  18  9  20
  0  93  1  87  2  87  3  60  4  52  5  40  6  68  7  47  8  97  9  50
  0  44  1  49  2  55  3  19  4  17  5  88  6  79  7  19  8  52  9  52
  0  60  1  77  2  38  3  42  4  31  5  18  6  38  7  29  8  63  9  49
  0  68  1  87  2  81  3  79  4  26  5  22  6  61  7  1  8  50  9  31
  0  79  1  75  2  2  3  63  4  28  5  14  6  66  7  45  8  16  9  12
  0  58  1  4  2  21  3  26  4  45  5  17  6  67  7  65  8  24  9  38
  0  26  1  36  2  51  3  7  4  82  5  91  6  62  7  35  8  21  9  50
  0  62  1  12  2  89  3  81  4  67  5  87  6  83  7  95  8  21  9  30
  0  40  1  70  2  28  3  49  4  25  5  91  6  67  7  39  8  81  9  16
  0  81  1  92  2  48  3  66  4  58  5  75  6  67  7  18  8  44  9  68
  0  52  1  41  2  63  3  22  4  86  5  4  6  24  7  70  8  54  9  62
  0  43  1  3  2  39  3  68  4  17  5  4  6  47  7  97  8  13  9  80
  0  26  1  65  2  78  3  68  4  91  5  80  6  76  7  65  8  88  9  63
  0  86  1  40  2  39  3  17  4  56  5  24  6  65  7  48  8  74  9  61
  0  78  1  46  2  93  3  1  4  82  5  93  6  50  7  38  8  23  9  56
  0  33  1  42  2  84  3  74  4  3  5  41  6  25  7  57  8  88  9  28
  0  84  1  46  2  77  3  21  4  20  5  12  6  93  7  5  8  49  9  80
  0  41  1  14  2  5  3  23  4  28  5  37  6  25  7  47  8  27  9  72
  0  47  1  70  2  26  3  49  4  75  5  65  6  63  7  89  8  23  9  14
  0  72  1  88  2  72  3  3  4  72  5  31  6  90  7  47  8  69  9  79
  0  99  1  32  2  66  3  80  4  87  5  4  6  95  7  1  8  99  9  46
  0  13  1  80  2  69  3  31  4  35  5  54  6  48  7  29  8  86  9  91
  0  71  1  10  2  1  3  50  4  55  5  79  6  99  7  46  8  6  9  32
TPM
  0  1446  1  1446  2  1446  3  1446  4  1446  5  1446  6  1446  7  1446  8  1446  9  1446
PMT
  0  37  1  131  2  9  3  146  4  23  5  25  6  133  7  60  8  63  9  87
  0  41  1  30  2  69  3  129  4  145  5  28  6  73  7  55  8  128  9  23
  0  34  1  44  2  90  3  58  4  63  5  137  6  27  7  59  8  83  9  134
  0  118  1  100  2  68  3  146  4  140  5  56  6  107  7  118  8  120  9  36
  0  15  1  78  2  13  3  18  4  50  5  98  6  146  7  3  8  149  9  2
  0  6  1  63  2  60  3  125  4  134  5  55  6  90  7  106  8  43  9  86
  0  13  1  59  2  119  3  61  4  93  5  5  6  31  7  110  8  57  9  38
