20  20
  0  50  1  54  2  73  3  7  4  52  5  49  6  88  7  10  8  26  9  92  10  82  11  34  12  16  13  30  14  16  15  57  16  37  17  31  18  79  19  1
  0  92  1  62  2  3  3  6  4  62  5  11  6  71  7  94  8  58  9  78  10  41  11  44  12  83  13  40  14  1  15  79  16  22  17  16  18  22  19  49
  0  55  1  35  2  18  3  73  4  88  5  64  6  79  7  49  8  21  9  35  10  65  11  56  12  91  13  98  14  63  15  21  16  98  17  94  18  62  19  1
  0  70  1  93  2  90  3  17  4  16  5  70  6  99  7  43  8  14  9  15  10  27  11  23  12  98  13  74  14  41  15  82  16  53  17  98  18  63  19  49
  0  23  1  20  2  25  3  10  4  11  5  4  6  93  7  49  8  16  9  39  10  80  11  70  12  14  13  55  14  14  15  74  16  20  17  92  18  45  19  56
  0  53  1  60  2  13  3  54  4  9  5  50  6  89  7  31  8  5  9  7  10  77  11  13  12  58  13  56  14  46  15  83  16  8  17  50  18  3  19  18
  0  80  1  82  2  52  3  16  4  93  5  74  6  2  7  51  8  6  9  50  10  86  11  59  12  78  13  34  14  37  15  22  16  23  17  46  18  25  19  26
  0  8  1  84  2  40  3  4  4  84  5  10  6  92  7  86  8  53  9  82  10  48  11  10  12  54  13  6  14  28  15  83  16  78  17  80  18  46  19  89
  0  23  1  80  2  52  3  74  4  44  5  93  6  11  7  64  8  71  9  95  10  39  11  3  12  85  13  48  14  66  15  93  16  94  17  41  18  6  19  7
  0  34  1  16  2  42  3  68  4  84  5  39  6  87  7  53  8  1  9  26  10  38  11  41  12  62  13  18  14  44  15  8  16  17  17  62  18  94  19  79
  0  70  1  71  2  48  3  33  4  29  5  33  6  75  7  61  8  23  9  6  10  1  11  17  12  48  13  34  14  47  15  93  16  9  17  55  18  35  19  36
  0  57  1  81  2  71  3  62  4  51  5  88  6  43  7  49  8  78  9  35  10  3  11  19  12  28  13  96  14  94  15  20  16  91  17  96  18  86  19  93
  0  42  1  55  2  71  3  72  4  9  5  93  6  77  7  42  8  52  9  72  10  2  11  76  12  9  13  39  14  44  15  20  16  56  17  19  18  7  19  69
  0  25  1  78  2  98  3  95  4  39  5  38  6  49  7  99  8  91  9  16  10  22  11  86  12  63  13  36  14  88  15  11  16  45  17  20  18  96  19  30
  0  30  1  54  2  46  3  52  4  80  5  10  6  50  7  88  8  85  9  26  10  68  11  23  12  65  13  27  14  99  15  78  16  89  17  6  18  8  19  40
  0  11  1  87  2  4  3  41  4  39  5  89  6  99  7  54  8  98  9  8  10  25  11  31  12  48  13  12  14  52  15  74  16  61  17  26  18  91  19  48
  0  82  1  26  2  37  3  47  4  23  5  87  6  73  7  95  8  52  9  57  10  92  11  45  12  94  13  28  14  57  15  68  16  57  17  53  18  26  19  5
  0  24  1  26  2  28  3  75  4  99  5  99  6  31  7  85  8  4  9  41  10  67  11  88  12  33  13  27  14  99  15  61  16  37  17  36  18  40  19  31
  0  89  1  95  2  53  3  47  4  53  5  76  6  8  7  87  8  49  9  59  10  69  11  50  12  91  13  8  14  29  15  53  16  65  17  17  18  21  19  61
  0  26  1  27  2  78  3  8  4  60  5  36  6  20  7  70  8  57  9  20  10  70  11  29  12  55  13  68  14  66  15  14  16  61  17  89  18  84  19  24
TPM
  0  678  1  678  2  678  3  678  4  678  5  678  6  678  7  678  8  678  9  678  10  678  11  678  12  678  13  678  14  678  15  678  16  678  17  678  18  678  19  678
PMT
  0  60  1  27  2  4  3  44  4  64  5  47  6  73  7  8  8  15  9  7  10  64  11  8  12  6  13  58  14  23  15  8  16  20  17  39  18  27  19  43
  0  39  1  42  2  65  3  66  4  67  5  51  6  25  7  34  8  43  9  35  10  12  11  9  12  44  13  5  14  63  15  62  16  3  17  50  18  44  19  39
  0  15  1  49  2  12  3  55  4  71  5  6  6  20  7  7  8  25  9  53  10  49  11  69  12  74  13  23  14  48  15  51  16  18  17  25  18  63  19  57
