100  10
  0  34  1  53  2  13  3  10  4  55  5  86  6  2  7  97  8  47  9  83
  0  78  1  68  2  78  3  56  4  33  5  93  6  10  7  68  8  42  9  45
  0  86  1  57  2  36  3  36  4  40  5  17  6  31  7  88  8  41  9  31
  0  72  1  17  2  76  3  22  4  98  5  1  6  35  7  51  8  86  9  90
  0  22  1  68  2  53  3  88  4  48  5  16  6  31  7  73  8  59  9  38
  0  20  1  74  2  87  3  31  4  15  5  12  6  62  7  40  8  32  9  59
  0  4  1  10  2  93  3  94  4  76  5  22  6  56  7  41  8  93  9  77
  0  76  1  25  2  87  3  14  4  50  5  90  6  83  7  76  8  78  9  54
  0  65  1  56  2  43  3  88  4  88  5  84  6  91  7  66  8  96  9  47
  0  60  1  9  2  58  3  37  4  99  5  16  6  93  7  91  8  67  9  67
  0  4  1  53  2  11  3  32  4  84  5  60  6  51  7  22  8  5  9  70
  0  36  1  70  2  85  3  47  4  35  5  31  6  94  7  84  8  84  9  23
  0  57  1  40  2  16  3  65  4  34  5  98  6  4  7  85  8  35  9  96
  0  43  1  80  2  55  3  72  4  35  5  82  6  50  7  23  8  21  9  43
  0  1  1  84  2  20  3  44  4  25  5  65  6  47  7  10  8  34  9  98
  0  20  1  46  2  51  3  97  4  77  5  71  6  31  7  29  8  76  9  94
  0  49  1  27  2  29  3  46  4  58  5  27  6  4  7  82  8  14  9  93
  0  7  1  27  2  32  3  57  4  5  5  88  6  30  7  90  8  67  9  96
  0  51  1  95  2  28  3  39  4  81  5  76  6  11  7  84  8  19  9  18
  0  48  1  27  2  35  3  2  4  4  5  91  6  46  7  12  8  78  9  82
  0  3  1  40  2  39  3  63  4  29  5  76  6  25  7  5  8  95  9  29
  0  15  1  27  2  13  3  46  4  53  5  45  6  49  7  6  8  60  9  73
  0  39  1  6  2  4  3  52  4  31  5  65  6  78  7  10  8  69  9  24
  0  30  1  68  2  37  3  9  4  30  5  55  6  90  7  83  8  69  9  82
  0  60  1  14  2  43  3  1  4  7  5  22  6  42  7  45  8  46  9  96
  0  58  1  24  2  3  3  82  4  89  5  31  6  26  7  88  8  97  9  58
  0  1  1  61  2  36  3  65  4  35  5  21  6  76  7  18  8  90  9  69
  0  86  1  2  2  10  3  5  4  37  5  82  6  39  7  98  8  51  9  58
  0  63  1  32  2  14  3  35  4  88  5  92  6  6  7  11  8  51  9  71
  0  36  1  58  2  32  3  23  4  81  5  38  6  9  7  73  8  57  9  83
  0  68  1  78  2  83  3  30  4  71  5  87  6  15  7  99  8  38  9  50
  0  46  1  45  2  84  3  74  4  25  5  20  6  51  7  29  8  15  9  31
  0  84  1  36  2  6  3  94  4  77  5  12  6  59  7  92  8  64  9  43
  0  33  1  95  2  35  3  7  4  24  5  26  6  22  7  74  8  26  9  45
  0  52  1  53  2  98  3  5  4  91  5  61  6  67  7  4  8  10  9  38
  0  33  1  18  2  48  3  34  4  47  5  16  6  68  7  28  8  71  9  69
  0  6  1  79  2  48  3  15  4  74  5  1  6  29  7  36  8  81  9  6
  0  56  1  74  2  49  3  87  4  88  5  73  6  57  7  8  8  3  9  28
  0  57  1  19  2  36  3  87  4  11  5  43  6  35  7  36  8  58  9  77
  0  27  1  52  2  30  3  12  4  30  5  12  6  37  7  58  8  79  9  94
  0  15  1  47  2  21  3  7  4  17  5  32  6  4  7  29  8  54  9  5
  0  73  1  48  2  56  3  19  4  58  5  45  6  84  7  67  8  79  9  31
  0  22  1  66  2  41  3  61  4  32  5  44  6  88  7  75  8  45  9  30
  0  12  1  28  2  35  3  90  4  70  5  29  6  64  7  69  8  39  9  86
  0  48  1  21  2  8  3  33  4  39  5  40  6  89  7  85  8  29  9  37
  0  20  1  44  2  52  3  1  4  40  5  58  6  98  7  57  8  16  9  6
  0  93  1  17  2  21  3  49  4  95  5  54  6  85  7  86  8  22  9  81
  0  99  1  99  2  1  3  99  4  14  5  66  6  9  7  35  8  81  9  91
  0  48  1  10  2  29  3  78  4  64  5  90  6  55  7  41  8  16  9  10
  0  88  1  18  2  44  3  72  4  61  5  61  6  1  7  85  8  82  9  93
  0  38  1  54  2  95  3  64  4  68  5  61  6  82  7  44  8  38  9  6
  0  39  1  35  2  90  3  69  4  15  5  5  6  91  7  46  8  27  9  49
  0  62  1  34  2  63  3  42  4  30  5  2  6  43  7  55  8  95  9  55
  0  8  1  27  2  82  3  74  4  46  5  13  6  2  7  5  8  90  9  77
  0  72  1  10  2  28  3  78  4  51  5  27  6  17  7  57  8  90  9  79
  0  4  1  58  2  12  3  42  4  83  5  21  6  55  7  60  8  35  9  14
  0  72  1  61  2  43  3  25  4  45  5  28  6  78  7  17  8  50  9  3
  0  93  1  92  2  23  3  53  4  70  5  71  6  70  7  18  8  5  9  32
  0  36  1  4  2  41  3  86  4  35  5  21  6  71  7  11  8  93  9  56
  0  64  1  5  2  70  3  30  4  2  5  94  6  37  7  6  8  27  9  86
  0  55  1  7  2  34  3  29  4  76  5  94  6  46  7  54  8  32  9  6
  0  85  1  90  2  23  3  35  4  3  5  89  6  96  7  35  8  34  9  84
  0  90  1  48  2  14  3  88  4  70  5  14  6  29  7  3  8  87  9  97
  0  35  1  73  2  55  3  43  4  33  5  40  6  85  7  44  8  95  9  54
  0  68  1  81  2  95  3  60  4  66  5  90  6  59  7  60  8  58  9  24
  0  62  1  27  2  59  3  48  4  26  5  14  6  2  7  89  8  6  9  83
  0  50  1  97  2  51  3  65  4  82  5  17  6  97  7  91  8  76  9  63
  0  12  1  90  2  54  3  61  4  6  5  29  6  5  7  86  8  91  9  34
  0  75  1  5  2  26  3  38  4  85  5  18  6  2  7  16  8  37  9  62
  0  41  1  33  2  93  3  99  4  35  5  91  6  67  7  7  8  16  9  67
  0  43  1  65  2  51  3  69  4  11  5  88  6  20  7  52  8  92  9  45
  0  84  1  83  2  98  3  71  4  83  5  30  6  26  7  72  8  97  9  23
  0  96  1  64  2  82  3  12  4  11  5  98  6  53  7  20  8  32  9  70
  0  61  1  61  2  52  3  16  4  24  5  86  6  4  7  33  8  73  9  46
  0  8  1  86  2  35  3  19  4  75  5  93  6  70  7  32  8  4  9  76
  0  30  1  49  2  43  3  52  4  6  5  45  6  14  7  91  8  77  9  54
  0  96  1  41  2  85  3  84  4  39  5  31  6  99  7  26  8  46  9  89
  0  35  1  93  2  47  3  35  4  44  5  93  6  46  7  18  8  8  9  84
  0  16  1  47  2  72  3  99  4  86  5  13  6  22  7  21  8  35  9  78
  0  89  1  43  2  74  3  28  4  28  5  59  6  9  7  77  8  7  9  63
  0  94  1  83  2  7  3  40  4  28  5  14  6  24  7  94  8  50  9  68
  0  1  1  44  2  28  3  53  4  55  5  67  6  81  7  55  8  74  9  94
  0  26  1  58  2  80  3  68  4  77  5  19  6  9  7  24  8  39  9  76
  0  29  1  60  2  52  3  62  4  24  5  96  6  88  7  49  8  91  9  53
  0  18  1  43  2  34  3  80  4  78  5  16  6  68  7  34  8  28  9  17
  0  38  1  80  2  60  3  34  4  47  5  54  6  8  7  76  8  29  9  31
  0  76  1  98  2  10  3  69  4  65  5  3  6  52  7  37  8  85  9  69
  0  73  1  36  2  78  3  21  4  78  5  77  6  72  7  7  8  58  9  73
  0  71  1  64  2  22  3  61  4  31  5  10  6  93  7  64  8  69  9  40
  0  75  1  45  2  37  3  66  4  50  5  31  6  27  7  7  8  92  9  98
  0  98  1  4  2  3  3  51  4  53  5  53  6  85  7  32  8  87  9  48
  0  29  1  44  2  3  3  85  4  67  5  82  6  52  7  88  8  33  9  99
  0  54  1  26  2  17  3  47  4  10  5  53  6  8  7  76  8  76  9  4
  0  77  1  83  2  27  3  82  4  23  5  45  6  63  7  69  8  89  9  58
  0  72  1  16  2  43  3  96  4  57  5  1  6  49  7  52  8  56  9  79
  0  86  1  1  2  56  3  27  4  4  5  31  6  50  7  86  8  99  9  24
  0  97  1  50  2  74  3  59  4  87  5  39  6  81  7  2  8  20  9  75
  0  9  1  80  2  43  3  36  4  22  5  69  6  17  7  51  8  75  9  45
  0  98  1  88  2  81  3  47  4  61  5  13  6  71  7  5  8  88  9  42
  0  1  1  82  2  18  3  27  4  79  5  56  6  21  7  7  8  38  9  46
TPM
  0  1131  1  1131  2  1131  3  1131  4  1131  5  1131  6  1131  7  1131  8  1131  9  1131
PMT
  0  41  1  68  2  55  3  48  4  109  5  109  6  53  7  113  8  10  9  12
  0  105  1  120  2  67  3  33  4  69  5  73  6  62  7  35  8  45  9  113
  0  27  1  62  2  51  3  60  4  16  5  54  6  32  7  84  8  107  9  27
  0  70  1  52  2  9  3  81  4  97  5  110  6  83  7  124  8  52  9  96
  0  3  1  89  2  62  3  13  4  20  5  6  6  64  7  114  8  124  9  120
  0  120  1  30  2  23  3  112  4  15  5  12  6  2  7  43  8  96  9  65
  0  80  1  24  2  12  3  112  4  52  5  55  6  96  7  121  8  9  9  66
  0  15  1  43  2  21  3  76  4  95  5  63  6  124  7  44  8  28  9  56
  0  104  1  21  2  46  3  70  4  22  5  117  6  75  7  51  8  61  9  79
