100  15
  0  9  1  71  2  27  3  83  4  80  5  10  6  27  7  68  8  30  9  64  10  64  11  66  12  97  13  42  14  28
  0  64  1  15  2  95  3  52  4  63  5  2  6  21  7  72  8  99  9  26  10  47  11  48  12  13  13  47  14  40
  0  43  1  76  2  85  3  56  4  66  5  49  6  1  7  15  8  10  9  24  10  69  11  88  12  57  13  91  14  90
  0  19  1  30  2  25  3  62  4  2  5  93  6  67  7  11  8  14  9  62  10  78  11  60  12  75  13  55  14  62
  0  80  1  47  2  89  3  94  4  39  5  36  6  32  7  7  8  63  9  40  10  36  11  15  12  71  13  56  14  24
  0  83  1  39  2  51  3  6  4  69  5  5  6  36  7  47  8  83  9  33  10  27  11  13  12  66  13  92  14  65
  0  56  1  73  2  4  3  29  4  32  5  3  6  84  7  70  8  59  9  12  10  82  11  45  12  45  13  20  14  72
  0  37  1  53  2  82  3  71  4  77  5  93  6  81  7  88  8  18  9  47  10  71  11  3  12  17  13  49  14  83
  0  65  1  24  2  15  3  63  4  42  5  99  6  74  7  99  8  50  9  88  10  33  11  77  12  61  13  36  14  1
  0  53  1  72  2  21  3  37  4  35  5  59  6  33  7  11  8  24  9  73  10  38  11  80  12  49  13  43  14  87
  0  25  1  84  2  86  3  77  4  1  5  56  6  60  7  65  8  92  9  65  10  77  11  90  12  88  13  75  14  93
  0  63  1  94  2  59  3  37  4  20  5  69  6  93  7  12  8  50  9  49  10  45  11  35  12  55  13  84  14  89
  0  66  1  86  2  21  3  55  4  29  5  71  6  81  7  86  8  60  9  31  10  44  11  65  12  23  13  46  14  15
  0  34  1  61  2  24  3  46  4  16  5  93  6  65  7  45  8  21  9  74  10  55  11  75  12  75  13  61  14  1
  0  47  1  28  2  73  3  9  4  42  5  17  6  27  7  72  8  29  9  95  10  85  11  95  12  60  13  44  14  58
  0  96  1  52  2  39  3  34  4  58  5  98  6  36  7  36  8  10  9  60  10  88  11  35  12  68  13  36  14  27
  0  55  1  74  2  10  3  53  4  55  5  92  6  22  7  21  8  81  9  67  10  15  11  30  12  17  13  52  14  49
  0  33  1  68  2  52  3  91  4  37  5  72  6  53  7  24  8  62  9  22  10  24  11  13  12  71  13  21  14  7
  0  52  1  96  2  33  3  47  4  64  5  14  6  90  7  23  8  20  9  53  10  56  11  64  12  13  13  49  14  75
  0  91  1  95  2  44  3  50  4  93  5  76  6  28  7  25  8  42  9  20  10  70  11  70  12  2  13  4  14  57
  0  94  1  83  2  22  3  62  4  26  5  61  6  55  7  16  8  48  9  29  10  23  11  32  12  79  13  90  14  98
  0  15  1  19  2  97  3  61  4  70  5  18  6  73  7  1  8  73  9  30  10  1  11  11  12  72  13  68  14  54
  0  32  1  38  2  61  3  5  4  21  5  85  6  77  7  27  8  77  9  25  10  85  11  86  12  43  13  8  14  42
  0  94  1  49  2  2  3  48  4  51  5  83  6  92  7  97  8  12  9  10  10  91  11  14  12  51  13  48  14  8
  0  64  1  16  2  2  3  15  4  64  5  74  6  99  7  12  8  48  9  27  10  76  11  61  12  49  13  15  14  20
  0  63  1  2  2  43  3  42  4  87  5  98  6  27  7  78  8  69  9  30  10  2  11  3  12  56  13  93  14  64
  0  9  1  54  2  70  3  39  4  17  5  97  6  85  7  90  8  86  9  66  10  11  11  14  12  53  13  4  14  74
  0  80  1  19  2  17  3  77  4  25  5  58  6  61  7  48  8  96  9  37  10  45  11  71  12  6  13  28  14  3
  0  74  1  51  2  96  3  18  4  65  5  97  6  83  7  2  8  46  9  45  10  85  11  60  12  51  13  9  14  56
  0  92  1  86  2  93  3  32  4  17  5  54  6  50  7  80  8  19  9  13  10  25  11  26  12  46  13  89  14  56
  0  86  1  22  2  50  3  70  4  43  5  40  6  89  7  86  8  9  9  53  10  6  11  29  12  78  13  85  14  71
  0  6  1  86  2  21  3  98  4  11  5  78  6  46  7  80  8  46  9  89  10  63  11  46  12  74  13  89  14  80
  0  69  1  56  2  31  3  63  4  3  5  28  6  6  7  94  8  48  9  19  10  1  11  84  12  64  13  24  14  23
  0  19  1  86  2  67  3  98  4  41  5  14  6  35  7  5  8  19  9  67  10  64  11  71  12  6  13  42  14  2
  0  50  1  42  2  5  3  78  4  64  5  33  6  7  7  70  8  66  9  88  10  12  11  30  12  72  13  34  14  60
  0  11  1  52  2  17  3  25  4  27  5  95  6  66  7  25  8  11  9  82  10  82  11  93  12  72  13  13  14  65
  0  35  1  57  2  5  3  4  4  10  5  66  6  43  7  95  8  23  9  93  10  38  11  59  12  13  13  74  14  33
  0  50  1  70  2  64  3  77  4  22  5  31  6  88  7  36  8  64  9  12  10  33  11  9  12  19  13  97  14  62
  0  1  1  68  2  95  3  90  4  26  5  24  6  9  7  35  8  74  9  75  10  1  11  38  12  55  13  79  14  49
  0  28  1  98  2  90  3  12  4  53  5  85  6  58  7  61  8  26  9  25  10  61  11  44  12  37  13  11  14  41
  0  84  1  43  2  25  3  51  4  35  5  43  6  65  7  43  8  41  9  68  10  15  11  51  12  81  13  88  14  82
  0  55  1  82  2  84  3  83  4  17  5  40  6  43  7  42  8  32  9  86  10  83  11  24  12  41  13  82  14  6
  0  39  1  94  2  24  3  47  4  76  5  55  6  4  7  52  8  51  9  83  10  60  11  20  12  76  13  62  14  91
  0  74  1  10  2  23  3  38  4  62  5  4  6  2  7  49  8  95  9  85  10  32  11  93  12  76  13  42  14  47
  0  73  1  68  2  72  3  59  4  47  5  23  6  48  7  31  8  90  9  52  10  84  11  52  12  34  13  16  14  21
  0  4  1  51  2  72  3  53  4  53  5  6  6  95  7  78  8  23  9  73  10  66  11  33  12  32  13  81  14  88
  0  43  1  78  2  54  3  98  4  16  5  47  6  51  7  44  8  34  9  36  10  24  11  71  12  48  13  38  14  42
  0  50  1  61  2  29  3  64  4  5  5  57  6  49  7  40  8  42  9  27  10  69  11  85  12  6  13  79  14  86
  0  64  1  77  2  41  3  92  4  53  5  14  6  1  7  2  8  97  9  1  10  30  11  37  12  70  13  33  14  97
  0  12  1  82  2  89  3  61  4  52  5  29  6  36  7  89  8  47  9  58  10  78  11  71  12  35  13  97  14  60
  0  93  1  34  2  67  3  66  4  2  5  6  6  82  7  79  8  84  9  2  10  12  11  5  12  32  13  8  14  38
  0  57  1  66  2  29  3  64  4  68  5  38  6  40  7  29  8  78  9  49  10  17  11  43  12  1  13  35  14  22
  0  59  1  72  2  23  3  94  4  35  5  52  6  41  7  91  8  49  9  5  10  51  11  56  12  80  13  90  14  41
  0  30  1  70  2  57  3  65  4  25  5  10  6  93  7  60  8  21  9  38  10  89  11  56  12  58  13  39  14  27
  0  42  1  41  2  61  3  79  4  89  5  73  6  22  7  2  8  28  9  80  10  46  11  44  12  14  13  9  14  59
  0  8  1  55  2  92  3  53  4  44  5  79  6  22  7  58  8  41  9  47  10  80  11  20  12  72  13  61  14  7
  0  57  1  95  2  18  3  12  4  33  5  14  6  94  7  55  8  98  9  50  10  84  11  61  12  54  13  96  14  9
  0  36  1  63  2  32  3  78  4  92  5  9  6  23  7  72  8  22  9  61  10  58  11  68  12  60  13  27  14  73
  0  40  1  30  2  70  3  63  4  91  5  58  6  42  7  2  8  14  9  10  10  47  11  6  12  80  13  81  14  47
  0  10  1  2  2  46  3  74  4  54  5  13  6  35  7  1  8  93  9  84  10  10  11  83  12  61  13  49  14  63
  0  98  1  85  2  95  3  28  4  19  5  10  6  91  7  16  8  95  9  68  10  1  11  89  12  67  13  44  14  41
  0  46  1  83  2  72  3  80  4  80  5  39  6  89  7  63  8  33  9  30  10  51  11  31  12  55  13  7  14  39
  0  61  1  45  2  66  3  48  4  57  5  33  6  4  7  33  8  48  9  26  10  40  11  32  12  84  13  29  14  70
  0  15  1  40  2  17  3  15  4  21  5  65  6  14  7  64  8  71  9  38  10  8  11  38  12  87  13  6  14  10
  0  24  1  47  2  31  3  24  4  49  5  44  6  79  7  12  8  91  9  51  10  95  11  38  12  59  13  5  14  70
  0  46  1  81  2  34  3  4  4  13  5  79  6  37  7  99  8  53  9  24  10  53  11  44  12  86  13  4  14  89
  0  76  1  6  2  44  3  15  4  37  5  74  6  55  7  3  8  45  9  62  10  12  11  6  12  66  13  9  14  79
  0  95  1  41  2  42  3  43  4  90  5  12  6  15  7  5  8  47  9  52  10  38  11  56  12  10  13  91  14  7
  0  47  1  38  2  90  3  62  4  87  5  41  6  7  7  27  8  81  9  97  10  63  11  16  12  59  13  54  14  95
  0  5  1  63  2  11  3  57  4  98  5  8  6  43  7  92  8  56  9  8  10  23  11  22  12  42  13  63  14  36
  0  91  1  12  2  25  3  11  4  70  5  77  6  92  7  92  8  22  9  72  10  15  11  49  12  69  13  37  14  93
  0  77  1  22  2  97  3  13  4  49  5  53  6  83  7  43  8  20  9  27  10  33  11  93  12  81  13  32  14  69
  0  9  1  47  2  57  3  54  4  35  5  78  6  14  7  34  8  9  9  9  10  13  11  57  12  31  13  22  14  24
  0  23  1  36  2  75  3  83  4  69  5  70  6  5  7  41  8  45  9  33  10  20  11  49  12  94  13  58  14  85
  0  32  1  60  2  23  3  78  4  2  5  92  6  13  7  11  8  97  9  98  10  99  11  1  12  65  13  88  14  94
  0  26  1  17  2  2  3  74  4  69  5  20  6  8  7  15  8  69  9  11  10  15  11  73  12  12  13  43  14  51
  0  86  1  44  2  99  3  85  4  99  5  85  6  43  7  95  8  33  9  69  10  72  11  18  12  44  13  45  14  12
  0  28  1  58  2  17  3  62  4  39  5  57  6  99  7  73  8  9  9  67  10  27  11  27  12  7  13  74  14  37
  0  44  1  69  2  50  3  9  4  37  5  48  6  96  7  44  8  97  9  38  10  11  11  13  12  68  13  24  14  35
  0  93  1  42  2  97  3  65  4  95  5  3  6  28  7  2  8  27  9  87  10  78  11  86  12  60  13  33  14  20
  0  60  1  5  2  39  3  75  4  12  5  78  6  75  7  85  8  36  9  51  10  85  11  3  12  98  13  93  14  90
  0  29  1  79  2  66  3  91  4  75  5  47  6  8  7  6  8  96  9  85  10  33  11  7  12  27  13  70  14  43
  0  45  1  34  2  69  3  95  4  69  5  51  6  23  7  96  8  70  9  68  10  3  11  23  12  26  13  80  14  89
  0  63  1  21  2  32  3  96  4  53  5  52  6  99  7  25  8  45  9  66  10  8  11  51  12  20  13  77  14  75
  0  54  1  49  2  60  3  11  4  55  5  59  6  23  7  37  8  23  9  54  10  5  11  97  12  47  13  95  14  42
  0  71  1  14  2  63  3  17  4  11  5  21  6  15  7  64  8  62  9  9  10  45  11  5  12  55  13  6  14  10
  0  48  1  50  2  15  3  45  4  49  5  97  6  84  7  18  8  44  9  31  10  42  11  82  12  88  13  9  14  83
  0  29  1  58  2  81  3  43  4  35  5  14  6  28  7  3  8  82  9  21  10  18  11  96  12  89  13  70  14  64
  0  21  1  45  2  68  3  88  4  67  5  91  6  60  7  22  8  38  9  61  10  26  11  90  12  99  13  64  14  57
  0  70  1  88  2  97  3  98  4  24  5  85  6  12  7  24  8  29  9  4  10  58  11  66  12  75  13  77  14  5
  0  37  1  94  2  31  3  88  4  88  5  32  6  65  7  47  8  19  9  96  10  10  11  52  12  13  13  29  14  2
  0  23  1  74  2  83  3  6  4  1  5  90  6  22  7  90  8  24  9  34  10  41  11  2  12  14  13  97  14  3
  0  28  1  64  2  5  3  39  4  35  5  22  6  62  7  33  8  2  9  64  10  26  11  15  12  9  13  22  14  3
  0  18  1  45  2  28  3  29  4  82  5  41  6  57  7  62  8  6  9  45  10  98  11  10  12  75  13  85  14  89
  0  61  1  27  2  14  3  85  4  3  5  23  6  96  7  51  8  44  9  50  10  10  11  90  12  58  13  54  14  58
  0  73  1  44  2  86  3  16  4  97  5  36  6  32  7  64  8  5  9  45  10  13  11  76  12  54  13  91  14  25
  0  63  1  99  2  57  3  29  4  90  5  33  6  83  7  5  8  43  9  97  10  88  11  49  12  59  13  70  14  72
  0  74  1  94  2  78  3  36  4  24  5  87  6  90  7  39  8  33  9  11  10  2  11  69  12  89  13  50  14  9
  0  98  1  66  2  51  3  26  4  36  5  52  6  3  7  15  8  29  9  73  10  66  11  6  12  54  13  7  14  61
  0  42  1  98  2  18  3  70  4  79  5  30  6  74  7  26  8  15  9  6  10  17  11  76  12  28  13  69  14  87
TPM
  0  1131  1  1131  2  1131  3  1131  4  1131  5  1131  6  1131  7  1131  8  1131  9  1131  10  1131  11  1131  12  1131  13  1131  14  1131
PMT
  0  70  1  71  2  24  3  59  4  83  5  21  6  99  7  95  8  83  9  83  10  45  11  54  12  20  13  41  14  99
  0  3  1  64  2  40  3  44  4  10  5  50  6  90  7  30  8  40  9  82  10  20  11  33  12  48  13  26  14  83
  0  78  1  70  2  81  3  51  4  38  5  44  6  7  7  9  8  3  9  16  10  54  11  41  12  66  13  2  14  25
  0  86  1  85  2  29  3  58  4  92  5  92  6  60  7  12  8  94  9  90  10  83  11  98  12  5  13  43  14  26
  0  85  1  86  2  34  3  5  4  67  5  49  6  89  7  47  8  83  9  83  10  51  11  27  12  28  13  30  14  54
  0  8  1  63  2  48  3  73  4  82  5  68  6  25  7  6  8  58  9  49  10  46  11  18  12  22  13  7  14  11
  0  82  1  80  2  44  3  78  4  74  5  69  6  48  7  62  8  3  9  75  10  87  11  8  12  99  13  3  14  4
  0  40  1  93  2  91  3  83  4  51  5  27  6  70  7  63  8  57  9  21  10  79  11  71  12  67  13  69  14  33
  0  26  1  25  2  28  3  74  4  57  5  20  6  37  7  49  8  85  9  82  10  76  11  19  12  10  13  16  14  59
