100  10
  0  58  1  10  2  41  3  23  4  11  5  22  6  36  7  13  8  45  9  70
  0  26  1  18  2  33  3  59  4  45  5  52  6  52  7  30  8  38  9  20
  0  74  1  63  2  24  3  33  4  41  5  38  6  12  7  21  8  97  9  68
  0  56  1  27  2  82  3  99  4  57  5  22  6  72  7  29  8  30  9  75
  0  47  1  80  2  6  3  65  4  24  5  55  6  30  7  21  8  64  9  26
  0  87  1  19  2  61  3  61  4  51  5  93  6  65  7  83  8  41  9  17
  0  88  1  11  2  48  3  60  4  14  5  26  6  50  7  59  8  94  9  74
  0  20  1  22  2  8  3  88  4  18  5  67  6  23  7  90  8  14  9  75
  0  69  1  12  2  66  3  92  4  33  5  39  6  75  7  23  8  16  9  83
  0  72  1  85  2  28  3  10  4  19  5  44  6  7  7  93  8  29  9  17
  0  73  1  85  2  32  3  25  4  78  5  95  6  43  7  58  8  95  9  33
  0  14  1  36  2  58  3  67  4  64  5  18  6  59  7  89  8  42  9  74
  0  54  1  87  2  41  3  32  4  28  5  70  6  75  7  56  8  34  9  10
  0  10  1  16  2  4  3  69  4  75  5  71  6  83  7  49  8  19  9  62
  0  53  1  72  2  77  3  88  4  39  5  73  6  76  7  9  8  7  9  79
  0  77  1  19  2  13  3  94  4  38  5  51  6  48  7  23  8  57  9  38
  0  90  1  79  2  18  3  17  4  74  5  5  6  44  7  62  8  13  9  52
  0  39  1  94  2  52  3  30  4  87  5  78  6  40  7  13  8  5  9  23
  0  37  1  52  2  88  3  37  4  95  5  59  6  12  7  26  8  90  9  24
  0  40  1  93  2  89  3  14  4  86  5  19  6  69  7  49  8  12  9  12
  0  32  1  57  2  58  3  57  4  92  5  49  6  60  7  21  8  12  9  72
  0  62  1  51  2  6  3  31  4  69  5  29  6  74  7  84  8  69  9  28
  0  7  1  58  2  30  3  94  4  67  5  22  6  54  7  60  8  66  9  38
  0  39  1  51  2  73  3  69  4  87  5  43  6  24  7  4  8  42  9  90
  0  24  1  36  2  68  3  28  4  66  5  11  6  93  7  4  8  94  9  26
  0  76  1  20  2  90  3  35  4  65  5  72  6  77  7  17  8  69  9  19
  0  42  1  81  2  66  3  22  4  41  5  45  6  94  7  32  8  36  9  91
  0  14  1  29  2  66  3  92  4  48  5  26  6  65  7  67  8  20  9  87
  0  68  1  89  2  55  3  51  4  81  5  92  6  18  7  25  8  94  9  12
  0  87  1  12  2  65  3  66  4  17  5  81  6  8  7  90  8  6  9  93
  0  67  1  38  2  89  3  40  4  49  5  33  6  37  7  54  8  45  9  50
  0  87  1  20  2  81  3  36  4  86  5  61  6  65  7  93  8  93  9  15
  0  16  1  22  2  73  3  92  4  2  5  57  6  97  7  2  8  20  9  67
  0  6  1  87  2  1  3  94  4  15  5  93  6  4  7  45  8  77  9  64
  0  43  1  87  2  20  3  53  4  86  5  73  6  7  7  80  8  71  9  29
  0  29  1  67  2  56  3  64  4  97  5  57  6  11  7  94  8  98  9  68
  0  91  1  84  2  37  3  63  4  65  5  39  6  69  7  21  8  79  9  25
  0  21  1  45  2  94  3  82  4  24  5  56  6  11  7  64  8  15  9  24
  0  77  1  14  2  94  3  71  4  52  5  56  6  40  7  39  8  51  9  95
  0  92  1  80  2  7  3  6  4  99  5  56  6  33  7  77  8  63  9  19
  0  50  1  63  2  24  3  25  4  26  5  15  6  86  7  9  8  47  9  23
  0  61  1  1  2  3  3  91  4  95  5  81  6  60  7  19  8  86  9  11
  0  71  1  52  2  34  3  52  4  22  5  45  6  50  7  92  8  23  9  41
  0  44  1  49  2  6  3  58  4  54  5  70  6  62  7  42  8  81  9  9
  0  63  1  12  2  61  3  5  4  14  5  33  6  65  7  16  8  57  9  73
  0  33  1  85  2  19  3  36  4  61  5  10  6  62  7  66  8  6  9  88
  0  99  1  87  2  86  3  36  4  58  5  7  6  83  7  88  8  22  9  97
  0  61  1  63  2  92  3  49  4  81  5  22  6  24  7  33  8  74  9  56
  0  39  1  43  2  82  3  12  4  35  5  93  6  94  7  95  8  24  9  89
  0  38  1  48  2  72  3  1  4  3  5  68  6  40  7  7  8  94  9  25
  0  21  1  90  2  64  3  97  4  43  5  3  6  50  7  26  8  89  9  16
  0  24  1  48  2  25  3  52  4  44  5  80  6  58  7  48  8  38  9  66
  0  72  1  81  2  80  3  65  4  96  5  92  6  35  7  99  8  5  9  59
  0  77  1  62  2  67  3  9  4  11  5  50  6  89  7  91  8  52  9  79
  0  12  1  30  2  48  3  1  4  51  5  27  6  37  7  22  8  20  9  98
  0  78  1  91  2  45  3  63  4  20  5  22  6  70  7  2  8  59  9  46
  0  24  1  65  2  28  3  26  4  66  5  15  6  3  7  71  8  80  9  86
  0  31  1  35  2  40  3  52  4  16  5  90  6  77  7  94  8  86  9  3
  0  48  1  22  2  84  3  53  4  48  5  6  6  4  7  90  8  41  9  90
  0  84  1  90  2  90  3  30  4  51  5  78  6  20  7  47  8  27  9  27
  0  32  1  11  2  87  3  34  4  66  5  83  6  25  7  53  8  80  9  84
  0  28  1  30  2  66  3  71  4  9  5  51  6  60  7  34  8  37  9  30
  0  98  1  50  2  52  3  77  4  20  5  57  6  60  7  21  8  22  9  23
  0  50  1  98  2  31  3  39  4  79  5  5  6  30  7  54  8  10  9  93
  0  59  1  28  2  2  3  50  4  91  5  75  6  85  7  97  8  27  9  21
  0  82  1  91  2  79  3  98  4  37  5  15  6  44  7  53  8  77  9  93
  0  65  1  36  2  26  3  78  4  35  5  96  6  24  7  69  8  13  9  20
  0  36  1  75  2  34  3  58  4  58  5  49  6  39  7  41  8  33  9  18
  0  67  1  95  2  59  3  13  4  63  5  80  6  45  7  77  8  19  9  28
  0  29  1  77  2  35  3  53  4  86  5  76  6  73  7  59  8  93  9  34
  0  45  1  62  2  3  3  31  4  42  5  7  6  54  7  50  8  18  9  51
  0  52  1  51  2  68  3  34  4  47  5  23  6  78  7  64  8  18  9  2
  0  17  1  89  2  51  3  89  4  14  5  23  6  50  7  13  8  43  9  58
  0  23  1  95  2  2  3  91  4  40  5  53  6  45  7  12  8  55  9  17
  0  31  1  63  2  25  3  53  4  89  5  66  6  79  7  38  8  95  9  49
  0  27  1  89  2  34  3  50  4  89  5  89  6  77  7  66  8  15  9  25
  0  14  1  73  2  99  3  43  4  1  5  41  6  13  7  2  8  21  9  9
  0  34  1  52  2  78  3  15  4  19  5  91  6  59  7  74  8  52  9  63
  0  33  1  57  2  77  3  7  4  85  5  22  6  95  7  74  8  98  9  82
  0  65  1  63  2  24  3  36  4  71  5  49  6  8  7  73  8  18  9  98
  0  71  1  37  2  72  3  97  4  56  5  18  6  82  7  48  8  77  9  90
  0  16  1  95  2  53  3  40  4  10  5  83  6  6  7  20  8  28  9  78
  0  45  1  46  2  65  3  91  4  82  5  30  6  45  7  80  8  33  9  77
  0  84  1  30  2  17  3  37  4  57  5  33  6  54  7  60  8  47  9  21
  0  12  1  99  2  80  3  17  4  62  5  72  6  93  7  12  8  51  9  59
  0  55  1  78  2  80  3  12  4  64  5  88  6  68  7  90  8  82  9  89
  0  31  1  68  2  76  3  47  4  96  5  50  6  86  7  78  8  57  9  8
  0  28  1  19  2  3  3  37  4  12  5  2  6  16  7  59  8  33  9  50
  0  97  1  59  2  52  3  87  4  62  5  6  6  92  7  46  8  33  9  5
  0  5  1  20  2  5  3  86  4  89  5  65  6  74  7  19  8  63  9  92
  0  46  1  4  2  22  3  66  4  61  5  89  6  36  7  13  8  11  9  30
  0  66  1  20  2  41  3  37  4  3  5  59  6  44  7  35  8  63  9  71
  0  94  1  10  2  91  3  2  4  97  5  2  6  50  7  62  8  29  9  89
  0  99  1  73  2  98  3  64  4  10  5  3  6  65  7  97  8  36  9  99
  0  91  1  41  2  61  3  8  4  99  5  15  6  96  7  85  8  75  9  79
  0  74  1  85  2  46  3  96  4  79  5  57  6  4  7  8  8  21  9  81
  0  64  1  8  2  17  3  57  4  84  5  86  6  54  7  80  8  68  9  52
  0  51  1  4  2  47  3  75  4  21  5  63  6  9  7  14  8  34  9  98
  0  98  1  99  2  4  3  22  4  46  5  7  6  62  7  94  8  58  9  26
  0  94  1  29  2  2  3  22  4  41  5  20  6  71  7  41  8  1  9  65
TPM
  0  1446  1  1446  2  1446  3  1446  4  1446  5  1446  6  1446  7  1446  8  1446  9  1446
PMT
  0  111  1  116  2  100  3  67  4  15  5  53  6  101  7  124  8  32  9  73
  0  26  1  85  2  69  3  37  4  19  5  37  6  33  7  40  8  116  9  19
  0  54  1  5  2  123  3  96  4  104  5  102  6  12  7  95  8  27  9  96
  0  98  1  50  2  25  3  21  4  100  5  86  6  81  7  98  8  13  9  119
  0  35  1  93  2  88  3  5  4  99  5  100  6  66  7  90  8  110  9  22
  0  101  1  7  2  108  3  21  4  116  5  75  6  91  7  48  8  79  9  101
  0  115  1  23  2  123  3  121  4  28  5  83  6  80  7  70  8  40  9  58
