500  10
  0  4  1  53  2  66  3  23  4  13  5  20  6  26  7  40  8  3  9  41
  0  54  1  92  2  62  3  76  4  47  5  25  6  65  7  21  8  56  9  76
  0  14  1  98  2  39  3  1  4  61  5  70  6  71  7  54  8  64  9  1
  0  18  1  1  2  42  3  30  4  4  5  23  6  35  7  74  8  51  9  34
  0  90  1  45  2  61  3  27  4  24  5  43  6  48  7  13  8  24  9  91
  0  76  1  25  2  10  3  98  4  45  5  3  6  52  7  73  8  19  9  74
  0  18  1  23  2  6  3  2  4  1  5  15  6  25  7  61  8  43  9  86
  0  23  1  64  2  76  3  21  4  24  5  55  6  19  7  31  8  26  9  36
  0  5  1  26  2  77  3  92  4  57  5  34  6  98  7  40  8  9  9  25
  0  26  1  98  2  34  3  50  4  1  5  79  6  56  7  81  8  32  9  32
  0  34  1  39  2  93  3  81  4  53  5  19  6  43  7  69  8  55  9  72
  0  77  1  64  2  4  3  93  4  50  5  14  6  62  7  20  8  29  9  43
  0  17  1  48  2  56  3  38  4  2  5  22  6  49  7  58  8  74  9  46
  0  52  1  60  2  73  3  35  4  18  5  46  6  53  7  88  8  98  9  48
  0  58  1  68  2  51  3  30  4  9  5  12  6  10  7  54  8  94  9  96
  0  65  1  50  2  5  3  65  4  52  5  86  6  26  7  51  8  51  9  22
  0  11  1  73  2  39  3  4  4  87  5  97  6  52  7  23  8  47  9  73
  0  42  1  50  2  62  3  93  4  47  5  18  6  91  7  41  8  97  9  14
  0  90  1  23  2  39  3  7  4  36  5  92  6  31  7  19  8  27  9  22
  0  57  1  11  2  10  3  71  4  74  5  53  6  66  7  72  8  53  9  87
  0  46  1  12  2  7  3  19  4  21  5  88  6  17  7  74  8  18  9  87
  0  84  1  24  2  46  3  77  4  84  5  66  6  18  7  41  8  86  9  95
  0  36  1  85  2  69  3  26  4  5  5  94  6  64  7  32  8  67  9  22
  0  80  1  23  2  99  3  37  4  99  5  79  6  96  7  67  8  62  9  2
  0  40  1  3  2  64  3  50  4  24  5  59  6  36  7  89  8  92  9  18
  0  90  1  58  2  3  3  66  4  41  5  23  6  18  7  41  8  43  9  95
  0  9  1  32  2  93  3  18  4  94  5  80  6  5  7  41  8  71  9  14
  0  40  1  62  2  99  3  83  4  60  5  90  6  52  7  89  8  30  9  46
  0  43  1  24  2  89  3  31  4  85  5  57  6  79  7  17  8  60  9  57
  0  70  1  35  2  73  3  8  4  55  5  71  6  59  7  64  8  82  9  93
  0  36  1  80  2  56  3  74  4  28  5  71  6  20  7  75  8  20  9  7
  0  4  1  14  2  91  3  56  4  9  5  23  6  62  7  23  8  40  9  81
  0  32  1  31  2  34  3  71  4  11  5  72  6  29  7  88  8  60  9  10
  0  70  1  12  2  99  3  93  4  67  5  14  6  45  7  55  8  19  9  68
  0  82  1  72  2  96  3  75  4  99  5  9  6  47  7  23  8  21  9  96
  0  32  1  45  2  24  3  98  4  47  5  60  6  31  7  74  8  80  9  83
  0  3  1  32  2  83  3  52  4  82  5  45  6  82  7  15  8  59  9  68
  0  58  1  65  2  57  3  66  4  51  5  25  6  66  7  69  8  83  9  4
  0  65  1  83  2  15  3  96  4  14  5  41  6  49  7  88  8  10  9  77
  0  75  1  77  2  32  3  42  4  10  5  54  6  20  7  2  8  64  9  69
  0  69  1  86  2  68  3  94  4  28  5  90  6  8  7  61  8  31  9  21
  0  71  1  23  2  12  3  57  4  2  5  83  6  69  7  82  8  8  9  76
  0  87  1  68  2  83  3  99  4  31  5  45  6  19  7  41  8  62  9  96
  0  24  1  29  2  63  3  35  4  2  5  20  6  42  7  65  8  13  9  93
  0  73  1  41  2  39  3  19  4  93  5  65  6  54  7  8  8  48  9  95
  0  16  1  77  2  68  3  53  4  74  5  87  6  23  7  42  8  52  9  17
  0  73  1  36  2  27  3  99  4  16  5  82  6  42  7  34  8  9  9  33
  0  10  1  39  2  9  3  6  4  95  5  13  6  55  7  22  8  87  9  32
  0  94  1  96  2  92  3  77  4  19  5  59  6  18  7  85  8  69  9  31
  0  30  1  70  2  29  3  95  4  86  5  48  6  92  7  43  8  94  9  65
  0  4  1  56  2  47  3  19  4  94  5  81  6  24  7  9  8  57  9  12
  0  69  1  76  2  44  3  47  4  84  5  95  6  71  7  34  8  89  9  46
  0  71  1  2  2  51  3  72  4  23  5  22  6  72  7  97  8  48  9  75
  0  96  1  74  2  66  3  15  4  74  5  65  6  26  7  35  8  83  9  95
  0  72  1  92  2  17  3  16  4  20  5  53  6  64  7  83  8  22  9  44
  0  62  1  31  2  68  3  43  4  86  5  75  6  59  7  30  8  2  9  28
  0  27  1  84  2  8  3  53  4  98  5  14  6  40  7  20  8  37  9  25
  0  11  1  41  2  88  3  90  4  98  5  88  6  37  7  68  8  31  9  27
  0  31  1  78  2  13  3  6  4  40  5  37  6  86  7  18  8  59  9  7
  0  45  1  79  2  60  3  21  4  16  5  30  6  69  7  75  8  97  9  27
  0  2  1  8  2  19  3  99  4  9  5  2  6  37  7  84  8  95  9  90
  0  12  1  41  2  23  3  43  4  19  5  50  6  4  7  60  8  78  9  18
  0  56  1  9  2  24  3  49  4  70  5  79  6  35  7  60  8  8  9  42
  0  99  1  43  2  32  3  32  4  97  5  7  6  47  7  92  8  4  9  56
  0  87  1  61  2  58  3  77  4  84  5  68  6  59  7  45  8  18  9  87
  0  64  1  77  2  97  3  64  4  13  5  91  6  67  7  1  8  7  9  38
  0  10  1  78  2  2  3  31  4  80  5  44  6  13  7  81  8  35  9  3
  0  24  1  12  2  92  3  70  4  49  5  18  6  69  7  2  8  15  9  83
  0  76  1  86  2  23  3  81  4  45  5  70  6  36  7  18  8  51  9  71
  0  97  1  86  2  34  3  67  4  60  5  61  6  38  7  85  8  9  9  23
  0  16  1  37  2  72  3  18  4  80  5  51  6  91  7  79  8  93  9  13
  0  69  1  65  2  17  3  20  4  12  5  98  6  76  7  94  8  70  9  99
  0  11  1  22  2  2  3  64  4  6  5  13  6  34  7  12  8  33  9  92
  0  3  1  18  2  47  3  75  4  77  5  97  6  9  7  81  8  17  9  10
  0  37  1  90  2  5  3  96  4  13  5  48  6  63  7  78  8  80  9  74
  0  43  1  64  2  23  3  30  4  40  5  59  6  10  7  40  8  81  9  69
  0  35  1  96  2  90  3  32  4  3  5  65  6  17  7  34  8  26  9  87
  0  83  1  91  2  44  3  44  4  9  5  94  6  76  7  26  8  85  9  54
  0  61  1  20  2  36  3  97  4  56  5  16  6  59  7  95  8  99  9  93
  0  65  1  28  2  52  3  25  4  47  5  15  6  67  7  26  8  22  9  66
  0  67  1  37  2  76  3  37  4  24  5  5  6  66  7  80  8  62  9  1
  0  65  1  43  2  38  3  9  4  77  5  44  6  65  7  48  8  33  9  28
  0  90  1  39  2  48  3  89  4  32  5  99  6  19  7  98  8  42  9  45
  0  75  1  92  2  58  3  46  4  9  5  94  6  48  7  22  8  67  9  85
  0  60  1  20  2  65  3  42  4  42  5  89  6  52  7  4  8  95  9  39
  0  62  1  46  2  61  3  61  4  93  5  63  6  59  7  38  8  33  9  99
  0  40  1  83  2  9  3  67  4  15  5  73  6  19  7  43  8  54  9  65
  0  2  1  49  2  1  3  22  4  23  5  35  6  20  7  82  8  94  9  38
  0  81  1  46  2  72  3  69  4  55  5  65  6  68  7  67  8  59  9  53
  0  91  1  17  2  91  3  69  4  9  5  5  6  39  7  27  8  71  9  96
  0  42  1  28  2  61  3  16  4  54  5  44  6  53  7  86  8  33  9  77
  0  89  1  62  2  46  3  73  4  18  5  54  6  81  7  78  8  39  9  28
  0  96  1  54  2  71  3  29  4  38  5  4  6  12  7  75  8  24  9  55
  0  57  1  99  2  77  3  19  4  40  5  42  6  29  7  16  8  50  9  42
  0  55  1  33  2  75  3  52  4  1  5  68  6  77  7  85  8  11  9  45
  0  76  1  75  2  74  3  44  4  30  5  2  6  35  7  55  8  6  9  9
  0  52  1  55  2  95  3  30  4  87  5  69  6  32  7  88  8  73  9  63
  0  81  1  33  2  74  3  81  4  41  5  40  6  47  7  25  8  58  9  83
  0  79  1  34  2  50  3  54  4  34  5  21  6  98  7  80  8  55  9  66
  0  31  1  90  2  92  3  68  4  31  5  99  6  67  7  34  8  34  9  26
  0  73  1  9  2  92  3  72  4  93  5  23  6  27  7  18  8  75  9  82
  0  93  1  1  2  86  3  32  4  33  5  10  6  59  7  80  8  84  9  94
  0  81  1  45  2  78  3  65  4  8  5  81  6  34  7  51  8  71  9  81
  0  43  1  31  2  55  3  69  4  4  5  56  6  30  7  27  8  25  9  32
  0  66  1  25  2  42  3  23  4  96  5  45  6  97  7  1  8  67  9  11
  0  74  1  58  2  14  3  75  4  90  5  36  6  44  7  27  8  3  9  63
  0  23  1  7  2  61  3  89  4  83  5  56  6  15  7  63  8  15  9  36
  0  79  1  89  2  86  3  82  4  90  5  67  6  38  7  1  8  21  9  91
  0  20  1  96  2  28  3  64  4  64  5  7  6  63  7  62  8  40  9  81
  0  62  1  44  2  6  3  22  4  86  5  95  6  63  7  77  8  99  9  54
  0  90  1  61  2  84  3  54  4  94  5  31  6  52  7  85  8  3  9  48
  0  79  1  53  2  15  3  20  4  84  5  91  6  60  7  62  8  42  9  62
  0  24  1  68  2  63  3  36  4  68  5  59  6  25  7  49  8  37  9  36
  0  10  1  73  2  19  3  84  4  88  5  49  6  36  7  88  8  65  9  61
  0  46  1  55  2  50  3  67  4  90  5  54  6  58  7  1  8  42  9  32
  0  24  1  12  2  12  3  55  4  82  5  15  6  26  7  72  8  77  9  60
  0  85  1  30  2  73  3  49  4  71  5  58  6  89  7  52  8  48  9  23
  0  95  1  11  2  88  3  10  4  15  5  20  6  22  7  70  8  41  9  35
  0  64  1  80  2  59  3  44  4  7  5  55  6  26  7  87  8  53  9  36
  0  52  1  44  2  32  3  51  4  94  5  89  6  35  7  5  8  37  9  2
  0  54  1  44  2  36  3  82  4  16  5  20  6  55  7  8  8  26  9  36
  0  99  1  21  2  96  3  39  4  48  5  50  6  6  7  28  8  22  9  95
  0  93  1  43  2  56  3  27  4  35  5  90  6  54  7  88  8  11  9  17
  0  33  1  92  2  68  3  9  4  5  5  60  6  74  7  17  8  53  9  34
  0  57  1  11  2  78  3  68  4  23  5  12  6  42  7  79  8  89  9  76
  0  29  1  13  2  52  3  8  4  98  5  40  6  95  7  31  8  11  9  22
  0  14  1  58  2  30  3  78  4  93  5  19  6  49  7  59  8  76  9  49
  0  94  1  10  2  9  3  52  4  99  5  67  6  39  7  70  8  46  9  40
  0  32  1  49  2  30  3  45  4  96  5  65  6  88  7  24  8  50  9  52
  0  97  1  47  2  73  3  61  4  33  5  69  6  22  7  20  8  39  9  25
  0  1  1  86  2  65  3  54  4  15  5  12  6  59  7  94  8  56  9  59
  0  16  1  94  2  94  3  42  4  36  5  31  6  62  7  70  8  40  9  27
  0  78  1  28  2  27  3  6  4  33  5  31  6  98  7  34  8  34  9  6
  0  73  1  40  2  85  3  19  4  53  5  94  6  46  7  37  8  31  9  6
  0  1  1  93  2  57  3  67  4  27  5  95  6  84  7  44  8  46  9  97
  0  65  1  5  2  94  3  30  4  83  5  21  6  50  7  40  8  34  9  1
  0  99  1  13  2  79  3  18  4  37  5  56  6  48  7  65  8  15  9  71
  0  67  1  43  2  12  3  55  4  30  5  38  6  69  7  93  8  38  9  87
  0  10  1  43  2  79  3  20  4  55  5  21  6  33  7  1  8  95  9  33
  0  99  1  51  2  78  3  25  4  7  5  3  6  22  7  30  8  40  9  10
  0  69  1  51  2  93  3  29  4  41  5  99  6  44  7  45  8  49  9  66
  0  86  1  1  2  78  3  24  4  1  5  45  6  55  7  64  8  16  9  35
  0  55  1  26  2  5  3  29  4  19  5  68  6  34  7  76  8  74  9  90
  0  23  1  76  2  1  3  12  4  15  5  69  6  58  7  52  8  60  9  84
  0  85  1  90  2  47  3  52  4  42  5  73  6  46  7  59  8  28  9  14
  0  48  1  93  2  29  3  3  4  14  5  34  6  56  7  19  8  66  9  48
  0  91  1  10  2  89  3  25  4  36  5  79  6  10  7  52  8  44  9  8
  0  92  1  11  2  85  3  87  4  63  5  47  6  55  7  51  8  37  9  49
  0  46  1  22  2  24  3  35  4  29  5  19  6  39  7  24  8  19  9  93
  0  36  1  64  2  33  3  79  4  36  5  21  6  44  7  79  8  37  9  50
  0  93  1  32  2  6  3  34  4  43  5  23  6  4  7  20  8  35  9  31
  0  92  1  10  2  22  3  34  4  13  5  94  6  83  7  1  8  47  9  15
  0  22  1  58  2  99  3  3  4  25  5  11  6  60  7  37  8  29  9  30
  0  28  1  18  2  18  3  59  4  16  5  25  6  44  7  9  8  65  9  40
  0  63  1  13  2  38  3  44  4  6  5  92  6  62  7  94  8  35  9  42
  0  55  1  78  2  68  3  21  4  43  5  71  6  55  7  37  8  61  9  57
  0  37  1  47  2  94  3  92  4  38  5  97  6  91  7  10  8  62  9  2
  0  70  1  10  2  86  3  12  4  96  5  61  6  87  7  35  8  95  9  39
  0  38  1  12  2  31  3  47  4  52  5  36  6  76  7  16  8  76  9  10
  0  38  1  68  2  53  3  39  4  22  5  93  6  94  7  23  8  51  9  75
  0  61  1  6  2  69  3  63  4  15  5  67  6  95  7  81  8  96  9  93
  0  12  1  13  2  63  3  45  4  95  5  10  6  56  7  5  8  37  9  11
  0  8  1  3  2  93  3  69  4  99  5  12  6  74  7  24  8  38  9  81
  0  67  1  63  2  91  3  66  4  37  5  67  6  21  7  37  8  61  9  30
  0  1  1  96  2  87  3  86  4  94  5  48  6  21  7  14  8  52  9  72
  0  90  1  65  2  28  3  9  4  31  5  64  6  41  7  65  8  89  9  69
  0  35  1  90  2  61  3  74  4  96  5  78  6  77  7  23  8  45  9  97
  0  25  1  41  2  8  3  65  4  75  5  12  6  30  7  99  8  31  9  62
  0  1  1  29  2  27  3  20  4  83  5  41  6  55  7  66  8  77  9  95
  0  85  1  98  2  64  3  37  4  8  5  67  6  5  7  78  8  18  9  62
  0  88  1  50  2  15  3  55  4  62  5  20  6  6  7  24  8  80  9  47
  0  99  1  19  2  51  3  11  4  64  5  51  6  83  7  34  8  73  9  96
  0  50  1  93  2  55  3  63  4  21  5  78  6  33  7  58  8  35  9  52
  0  15  1  52  2  17  3  13  4  66  5  24  6  51  7  74  8  83  9  40
  0  72  1  7  2  54  3  4  4  42  5  98  6  45  7  64  8  2  9  41
  0  93  1  82  2  39  3  46  4  66  5  96  6  13  7  44  8  15  9  22
  0  96  1  27  2  50  3  89  4  61  5  24  6  11  7  3  8  97  9  36
  0  92  1  60  2  47  3  67  4  71  5  94  6  2  7  20  8  41  9  99
  0  74  1  37  2  25  3  61  4  62  5  34  6  65  7  16  8  61  9  31
  0  79  1  89  2  86  3  77  4  34  5  7  6  16  7  44  8  84  9  57
  0  65  1  10  2  90  3  69  4  58  5  88  6  83  7  28  8  47  9  45
  0  48  1  31  2  4  3  17  4  79  5  76  6  78  7  35  8  75  9  21
  0  4  1  9  2  11  3  52  4  91  5  24  6  99  7  68  8  39  9  52
  0  26  1  61  2  57  3  96  4  15  5  32  6  72  7  97  8  69  9  96
  0  84  1  93  2  91  3  62  4  55  5  94  6  69  7  80  8  84  9  21
  0  94  1  94  2  89  3  15  4  38  5  55  6  87  7  30  8  11  9  70
  0  54  1  50  2  72  3  95  4  14  5  89  6  77  7  98  8  74  9  94
  0  62  1  52  2  8  3  26  4  20  5  34  6  58  7  8  8  10  9  32
  0  16  1  59  2  99  3  2  4  84  5  60  6  46  7  7  8  37  9  7
  0  54  1  44  2  47  3  57  4  64  5  48  6  17  7  79  8  65  9  99
  0  59  1  48  2  47  3  5  4  1  5  51  6  12  7  16  8  7  9  10
  0  17  1  99  2  48  3  14  4  41  5  90  6  65  7  23  8  70  9  67
  0  95  1  10  2  47  3  51  4  69  5  15  6  43  7  15  8  85  9  53
  0  46  1  50  2  37  3  97  4  60  5  21  6  38  7  23  8  68  9  12
  0  58  1  78  2  7  3  58  4  95  5  42  6  49  7  92  8  25  9  53
  0  96  1  60  2  6  3  39  4  29  5  86  6  34  7  84  8  53  9  2
  0  77  1  90  2  60  3  47  4  34  5  54  6  88  7  25  8  81  9  38
  0  21  1  59  2  34  3  10  4  1  5  91  6  11  7  97  8  28  9  22
  0  70  1  72  2  64  3  63  4  98  5  42  6  69  7  79  8  21  9  46
  0  38  1  19  2  92  3  67  4  28  5  72  6  86  7  98  8  70  9  1
  0  81  1  41  2  25  3  28  4  21  5  19  6  18  7  89  8  86  9  29
  0  60  1  73  2  22  3  68  4  62  5  13  6  94  7  9  8  61  9  89
  0  73  1  3  2  46  3  87  4  65  5  55  6  43  7  87  8  48  9  79
  0  97  1  88  2  79  3  21  4  64  5  20  6  68  7  44  8  80  9  51
  0  53  1  81  2  4  3  29  4  14  5  5  6  32  7  4  8  5  9  76
  0  29  1  13  2  97  3  76  4  23  5  35  6  72  7  23  8  77  9  38
  0  86  1  19  2  12  3  86  4  4  5  13  6  49  7  71  8  90  9  42
  0  13  1  82  2  83  3  93  4  94  5  48  6  95  7  11  8  67  9  88
  0  26  1  27  2  17  3  74  4  64  5  10  6  21  7  95  8  30  9  30
  0  79  1  54  2  81  3  8  4  7  5  51  6  73  7  95  8  14  9  49
  0  64  1  91  2  41  3  99  4  84  5  1  6  42  7  78  8  30  9  88
  0  12  1  76  2  49  3  88  4  2  5  35  6  10  7  65  8  88  9  15
  0  90  1  35  2  73  3  45  4  27  5  8  6  28  7  95  8  96  9  94
  0  22  1  55  2  33  3  89  4  90  5  24  6  6  7  33  8  36  9  46
  0  93  1  10  2  61  3  37  4  48  5  34  6  83  7  85  8  32  9  25
  0  80  1  42  2  47  3  90  4  61  5  8  6  33  7  51  8  72  9  92
  0  68  1  80  2  62  3  23  4  3  5  53  6  90  7  85  8  35  9  15
  0  41  1  62  2  76  3  17  4  65  5  93  6  91  7  79  8  90  9  52
  0  93  1  93  2  50  3  37  4  33  5  45  6  21  7  17  8  23  9  39
  0  87  1  72  2  75  3  68  4  51  5  19  6  43  7  23  8  71  9  21
  0  97  1  68  2  97  3  21  4  84  5  21  6  21  7  32  8  34  9  90
  0  75  1  92  2  24  3  94  4  53  5  66  6  19  7  42  8  7  9  34
  0  33  1  46  2  74  3  21  4  91  5  19  6  31  7  42  8  88  9  56
  0  64  1  77  2  61  3  9  4  24  5  97  6  37  7  6  8  79  9  92
  0  19  1  74  2  21  3  97  4  13  5  71  6  47  7  5  8  14  9  20
  0  50  1  2  2  14  3  13  4  83  5  83  6  81  7  40  8  71  9  25
  0  37  1  33  2  4  3  9  4  29  5  48  6  14  7  52  8  66  9  23
  0  43  1  74  2  80  3  85  4  32  5  89  6  15  7  88  8  91  9  33
  0  69  1  12  2  58  3  44  4  31  5  53  6  19  7  64  8  97  9  81
  0  66  1  32  2  52  3  52  4  22  5  74  6  46  7  92  8  38  9  26
  0  20  1  97  2  67  3  35  4  40  5  23  6  44  7  27  8  51  9  31
  0  47  1  44  2  71  3  49  4  15  5  70  6  64  7  51  8  35  9  23
  0  81  1  41  2  38  3  61  4  59  5  34  6  57  7  44  8  94  9  43
  0  46  1  44  2  59  3  23  4  56  5  88  6  10  7  31  8  17  9  97
  0  5  1  3  2  74  3  34  4  49  5  54  6  81  7  72  8  7  9  59
  0  39  1  79  2  65  3  61  4  36  5  45  6  49  7  19  8  46  9  95
  0  96  1  98  2  59  3  14  4  59  5  62  6  66  7  7  8  89  9  99
  0  37  1  25  2  23  3  30  4  39  5  9  6  68  7  49  8  94  9  24
  0  64  1  4  2  86  3  10  4  67  5  29  6  35  7  44  8  76  9  66
  0  30  1  13  2  13  3  52  4  79  5  26  6  9  7  49  8  7  9  23
  0  69  1  65  2  18  3  61  4  18  5  58  6  5  7  82  8  35  9  47
  0  69  1  80  2  60  3  76  4  88  5  48  6  97  7  77  8  37  9  56
  0  59  1  56  2  48  3  88  4  44  5  89  6  83  7  53  8  13  9  89
  0  38  1  22  2  28  3  7  4  1  5  96  6  63  7  52  8  38  9  75
  0  93  1  61  2  94  3  82  4  29  5  43  6  6  7  85  8  54  9  84
  0  70  1  10  2  81  3  91  4  43  5  24  6  29  7  95  8  25  9  51
  0  87  1  57  2  72  3  52  4  33  5  51  6  51  7  50  8  2  9  99
  0  10  1  19  2  28  3  94  4  39  5  52  6  21  7  39  8  50  9  74
  0  25  1  74  2  89  3  67  4  89  5  93  6  60  7  25  8  46  9  48
  0  35  1  59  2  64  3  97  4  71  5  17  6  41  7  68  8  62  9  75
  0  34  1  6  2  86  3  48  4  60  5  50  6  44  7  95  8  97  9  69
  0  86  1  21  2  84  3  15  4  75  5  23  6  92  7  3  8  44  9  10
  0  12  1  21  2  20  3  99  4  89  5  27  6  51  7  76  8  97  9  76
  0  54  1  58  2  31  3  98  4  42  5  9  6  52  7  24  8  32  9  99
  0  39  1  9  2  29  3  90  4  99  5  20  6  38  7  4  8  68  9  80
  0  42  1  1  2  83  3  84  4  62  5  76  6  22  7  30  8  78  9  52
  0  38  1  35  2  73  3  19  4  23  5  24  6  49  7  54  8  6  9  9
  0  97  1  36  2  35  3  5  4  47  5  7  6  24  7  50  8  10  9  71
  0  53  1  11  2  5  3  30  4  56  5  2  6  23  7  76  8  37  9  64
  0  69  1  20  2  85  3  53  4  91  5  7  6  6  7  50  8  81  9  43
  0  59  1  89  2  16  3  57  4  92  5  73  6  57  7  51  8  2  9  10
  0  53  1  18  2  52  3  95  4  79  5  36  6  65  7  33  8  38  9  69
  0  21  1  54  2  94  3  16  4  53  5  82  6  10  7  9  8  39  9  64
  0  16  1  45  2  93  3  51  4  35  5  1  6  31  7  99  8  31  9  62
  0  64  1  49  2  55  3  69  4  31  5  57  6  21  7  68  8  82  9  34
  0  22  1  9  2  75  3  97  4  75  5  33  6  44  7  21  8  52  9  40
  0  49  1  74  2  30  3  36  4  25  5  69  6  82  7  85  8  84  9  42
  0  90  1  37  2  34  3  62  4  30  5  84  6  21  7  39  8  80  9  79
  0  21  1  54  2  62  3  30  4  17  5  61  6  84  7  21  8  48  9  10
  0  72  1  52  2  22  3  10  4  3  5  99  6  12  7  19  8  60  9  14
  0  1  1  27  2  9  3  31  4  21  5  90  6  19  7  54  8  18  9  5
  0  15  1  34  2  33  3  40  4  26  5  52  6  75  7  82  8  46  9  88
  0  46  1  40  2  50  3  28  4  11  5  19  6  16  7  28  8  50  9  66
  0  49  1  71  2  41  3  52  4  10  5  55  6  26  7  21  8  88  9  5
  0  80  1  39  2  79  3  2  4  9  5  33  6  56  7  76  8  95  9  69
  0  35  1  3  2  8  3  44  4  89  5  82  6  31  7  69  8  50  9  20
  0  74  1  77  2  4  3  24  4  82  5  85  6  72  7  80  8  36  9  83
  0  34  1  91  2  32  3  45  4  34  5  60  6  78  7  67  8  72  9  85
  0  35  1  98  2  79  3  87  4  90  5  1  6  23  7  64  8  64  9  52
  0  91  1  83  2  59  3  11  4  57  5  23  6  15  7  65  8  22  9  36
  0  30  1  55  2  74  3  5  4  60  5  47  6  36  7  97  8  11  9  77
  0  69  1  48  2  65  3  21  4  58  5  24  6  41  7  34  8  11  9  56
  0  54  1  75  2  24  3  34  4  19  5  19  6  20  7  2  8  43  9  98
  0  40  1  6  2  75  3  58  4  58  5  68  6  17  7  90  8  49  9  8
  0  13  1  87  2  21  3  14  4  72  5  52  6  2  7  53  8  97  9  14
  0  37  1  70  2  9  3  70  4  36  5  93  6  5  7  53  8  75  9  76
  0  83  1  66  2  57  3  34  4  27  5  60  6  57  7  37  8  18  9  40
  0  34  1  90  2  33  3  23  4  74  5  14  6  58  7  83  8  91  9  72
  0  84  1  55  2  14  3  55  4  2  5  86  6  15  7  93  8  9  9  58
  0  87  1  47  2  70  3  16  4  56  5  23  6  31  7  72  8  74  9  98
  0  40  1  80  2  57  3  58  4  56  5  98  6  57  7  64  8  36  9  72
  0  62  1  36  2  16  3  18  4  79  5  90  6  69  7  94  8  51  9  72
  0  61  1  74  2  94  3  93  4  49  5  68  6  72  7  31  8  20  9  53
  0  34  1  75  2  31  3  19  4  83  5  26  6  8  7  29  8  70  9  64
  0  34  1  49  2  97  3  59  4  96  5  8  6  98  7  88  8  12  9  85
  0  37  1  77  2  31  3  37  4  12  5  81  6  80  7  11  8  90  9  75
  0  18  1  6  2  89  3  21  4  94  5  80  6  80  7  21  8  53  9  22
  0  93  1  93  2  94  3  14  4  36  5  11  6  18  7  76  8  64  9  94
  0  94  1  70  2  65  3  61  4  29  5  77  6  32  7  58  8  39  9  6
  0  48  1  32  2  37  3  78  4  22  5  23  6  6  7  12  8  18  9  75
  0  92  1  81  2  80  3  16  4  75  5  36  6  64  7  21  8  63  9  19
  0  93  1  86  2  46  3  80  4  32  5  87  6  1  7  21  8  23  9  54
  0  13  1  81  2  35  3  33  4  78  5  66  6  38  7  99  8  98  9  79
  0  66  1  31  2  71  3  6  4  64  5  78  6  46  7  57  8  23  9  75
  0  2  1  76  2  32  3  76  4  58  5  67  6  33  7  25  8  34  9  89
  0  30  1  82  2  5  3  40  4  91  5  69  6  33  7  7  8  69  9  4
  0  73  1  70  2  96  3  36  4  69  5  88  6  53  7  11  8  91  9  86
  0  3  1  20  2  94  3  36  4  50  5  8  6  89  7  4  8  65  9  51
  0  55  1  1  2  74  3  38  4  31  5  52  6  9  7  88  8  78  9  84
  0  75  1  22  2  94  3  91  4  84  5  46  6  8  7  21  8  31  9  25
  0  11  1  7  2  47  3  56  4  89  5  30  6  45  7  57  8  60  9  82
  0  30  1  53  2  28  3  65  4  55  5  99  6  24  7  58  8  32  9  97
  0  85  1  30  2  44  3  70  4  88  5  71  6  5  7  28  8  44  9  85
  0  61  1  16  2  16  3  68  4  51  5  44  6  25  7  36  8  42  9  34
  0  55  1  15  2  28  3  22  4  57  5  91  6  46  7  30  8  26  9  71
  0  56  1  59  2  10  3  18  4  86  5  2  6  49  7  56  8  34  9  51
  0  79  1  65  2  80  3  62  4  34  5  93  6  59  7  2  8  29  9  76
  0  92  1  81  2  24  3  36  4  61  5  61  6  85  7  82  8  99  9  71
  0  98  1  72  2  27  3  96  4  99  5  68  6  43  7  98  8  32  9  16
  0  50  1  97  2  50  3  33  4  3  5  23  6  6  7  73  8  71  9  5
  0  16  1  20  2  74  3  73  4  78  5  96  6  34  7  77  8  95  9  36
  0  43  1  53  2  13  3  13  4  45  5  89  6  88  7  47  8  77  9  78
  0  57  1  38  2  35  3  54  4  33  5  60  6  21  7  43  8  87  9  71
  0  35  1  86  2  91  3  78  4  89  5  18  6  97  7  72  8  53  9  88
  0  8  1  44  2  81  3  83  4  56  5  16  6  58  7  74  8  3  9  65
  0  84  1  89  2  9  3  31  4  68  5  17  6  43  7  14  8  3  9  48
  0  47  1  20  2  51  3  39  4  51  5  11  6  70  7  57  8  23  9  57
  0  26  1  20  2  82  3  98  4  94  5  56  6  30  7  75  8  69  9  46
  0  56  1  79  2  82  3  15  4  36  5  25  6  34  7  89  8  36  9  54
  0  90  1  47  2  67  3  21  4  73  5  11  6  76  7  22  8  74  9  63
  0  58  1  64  2  60  3  2  4  20  5  80  6  41  7  46  8  49  9  53
  0  30  1  59  2  50  3  91  4  16  5  69  6  50  7  69  8  18  9  82
  0  5  1  38  2  8  3  33  4  46  5  49  6  4  7  9  8  41  9  61
  0  84  1  43  2  73  3  28  4  67  5  76  6  57  7  70  8  55  9  12
  0  43  1  82  2  47  3  25  4  78  5  47  6  57  7  1  8  28  9  34
  0  5  1  16  2  83  3  19  4  49  5  79  6  93  7  47  8  98  9  97
  0  6  1  22  2  11  3  36  4  2  5  6  6  59  7  90  8  73  9  43
  0  47  1  94  2  55  3  68  4  75  5  10  6  20  7  39  8  6  9  88
  0  10  1  8  2  83  3  16  4  43  5  42  6  91  7  45  8  37  9  29
  0  65  1  1  2  21  3  45  4  90  5  14  6  42  7  69  8  50  9  1
  0  83  1  68  2  5  3  18  4  42  5  83  6  23  7  41  8  46  9  5
  0  86  1  47  2  2  3  2  4  43  5  17  6  95  7  51  8  83  9  69
  0  14  1  79  2  62  3  97  4  26  5  15  6  87  7  80  8  54  9  17
  0  54  1  69  2  43  3  11  4  91  5  89  6  75  7  73  8  49  9  4
  0  16  1  27  2  51  3  24  4  69  5  47  6  74  7  62  8  89  9  83
  0  53  1  75  2  78  3  52  4  98  5  28  6  50  7  63  8  91  9  75
  0  65  1  63  2  88  3  69  4  47  5  32  6  47  7  97  8  41  9  52
  0  65  1  40  2  77  3  35  4  76  5  95  6  48  7  94  8  70  9  2
  0  16  1  72  2  4  3  69  4  97  5  73  6  38  7  85  8  11  9  64
  0  19  1  68  2  64  3  45  4  72  5  79  6  30  7  87  8  90  9  16
  0  38  1  4  2  33  3  49  4  67  5  1  6  69  7  75  8  34  9  16
  0  25  1  94  2  2  3  48  4  15  5  41  6  54  7  37  8  91  9  26
  0  15  1  41  2  14  3  62  4  5  5  19  6  25  7  85  8  64  9  29
  0  13  1  98  2  80  3  85  4  67  5  89  6  13  7  44  8  61  9  8
  0  87  1  1  2  33  3  5  4  15  5  32  6  45  7  60  8  42  9  9
  0  26  1  60  2  57  3  58  4  44  5  93  6  6  7  60  8  67  9  84
  0  60  1  2  2  86  3  84  4  94  5  22  6  33  7  75  8  28  9  29
  0  9  1  70  2  34  3  63  4  93  5  8  6  60  7  45  8  26  9  83
  0  71  1  24  2  56  3  58  4  24  5  28  6  8  7  30  8  48  9  67
  0  23  1  77  2  70  3  48  4  56  5  93  6  24  7  10  8  48  9  82
  0  17  1  64  2  96  3  72  4  62  5  35  6  4  7  84  8  85  9  1
  0  69  1  46  2  67  3  90  4  50  5  46  6  88  7  8  8  27  9  74
  0  78  1  57  2  17  3  75  4  84  5  6  6  47  7  31  8  23  9  14
  0  80  1  40  2  75  3  5  4  37  5  59  6  25  7  69  8  65  9  24
  0  73  1  9  2  59  3  69  4  65  5  82  6  29  7  11  8  14  9  99
  0  51  1  62  2  6  3  68  4  74  5  96  6  30  7  8  8  57  9  81
  0  62  1  72  2  51  3  37  4  83  5  51  6  67  7  5  8  39  9  37
  0  79  1  24  2  48  3  75  4  61  5  55  6  19  7  48  8  63  9  93
  0  52  1  52  2  56  3  58  4  6  5  58  6  24  7  67  8  77  9  79
  0  63  1  15  2  25  3  90  4  32  5  21  6  15  7  48  8  51  9  18
  0  86  1  33  2  49  3  89  4  72  5  99  6  14  7  90  8  93  9  5
  0  74  1  95  2  43  3  57  4  45  5  64  6  15  7  5  8  93  9  21
  0  32  1  46  2  19  3  84  4  10  5  46  6  46  7  96  8  28  9  87
  0  80  1  41  2  12  3  70  4  80  5  33  6  47  7  78  8  33  9  43
  0  69  1  38  2  37  3  76  4  19  5  54  6  46  7  14  8  37  9  7
  0  16  1  1  2  40  3  26  4  53  5  23  6  28  7  87  8  67  9  27
  0  74  1  4  2  70  3  48  4  25  5  83  6  80  7  75  8  14  9  3
  0  13  1  63  2  40  3  7  4  77  5  51  6  98  7  26  8  16  9  71
  0  37  1  83  2  23  3  54  4  88  5  31  6  72  7  50  8  6  9  32
  0  25  1  30  2  91  3  78  4  67  5  46  6  98  7  25  8  55  9  45
  0  51  1  58  2  20  3  87  4  14  5  39  6  73  7  93  8  88  9  2
  0  35  1  35  2  46  3  74  4  47  5  40  6  99  7  72  8  59  9  65
  0  84  1  67  2  94  3  86  4  8  5  38  6  41  7  74  8  70  9  70
  0  17  1  78  2  79  3  26  4  3  5  30  6  13  7  33  8  53  9  37
  0  88  1  55  2  15  3  38  4  58  5  40  6  26  7  23  8  37  9  53
  0  71  1  52  2  16  3  52  4  7  5  30  6  40  7  56  8  87  9  8
  0  41  1  15  2  75  3  20  4  56  5  84  6  83  7  92  8  73  9  56
  0  96  1  71  2  83  3  6  4  87  5  43  6  33  7  58  8  95  9  75
  0  5  1  73  2  47  3  76  4  70  5  15  6  43  7  56  8  94  9  48
  0  32  1  50  2  77  3  73  4  43  5  21  6  77  7  6  8  59  9  57
  0  45  1  49  2  36  3  43  4  49  5  20  6  18  7  48  8  91  9  30
  0  94  1  79  2  43  3  28  4  96  5  87  6  30  7  55  8  35  9  16
  0  65  1  77  2  23  3  41  4  8  5  80  6  36  7  40  8  80  9  57
  0  8  1  89  2  93  3  20  4  56  5  57  6  50  7  7  8  92  9  82
  0  21  1  76  2  63  3  23  4  32  5  7  6  10  7  18  8  90  9  42
  0  69  1  17  2  38  3  51  4  39  5  50  6  27  7  91  8  69  9  47
  0  40  1  2  2  80  3  36  4  96  5  49  6  91  7  78  8  40  9  22
  0  28  1  9  2  72  3  38  4  44  5  3  6  92  7  95  8  51  9  81
  0  61  1  16  2  79  3  29  4  83  5  23  6  81  7  82  8  92  9  83
  0  61  1  16  2  69  3  96  4  5  5  30  6  46  7  84  8  28  9  27
  0  61  1  66  2  64  3  23  4  59  5  75  6  78  7  22  8  82  9  76
  0  64  1  74  2  69  3  85  4  55  5  74  6  66  7  91  8  81  9  75
  0  25  1  53  2  29  3  30  4  22  5  96  6  87  7  84  8  50  9  49
  0  5  1  82  2  46  3  85  4  70  5  52  6  62  7  71  8  14  9  93
  0  99  1  24  2  66  3  78  4  51  5  32  6  34  7  38  8  37  9  99
  0  95  1  97  2  11  3  17  4  95  5  80  6  90  7  50  8  11  9  95
  0  27  1  31  2  11  3  80  4  15  5  71  6  41  7  59  8  23  9  27
  0  94  1  38  2  80  3  11  4  52  5  57  6  61  7  6  8  7  9  60
  0  35  1  38  2  7  3  52  4  1  5  11  6  82  7  65  8  7  9  2
  0  32  1  43  2  13  3  92  4  88  5  16  6  77  7  61  8  97  9  36
  0  48  1  64  2  70  3  81  4  2  5  3  6  94  7  55  8  64  9  28
  0  15  1  38  2  90  3  40  4  23  5  74  6  8  7  91  8  13  9  91
  0  40  1  90  2  85  3  88  4  57  5  63  6  30  7  40  8  33  9  36
  0  87  1  11  2  10  3  25  4  90  5  60  6  78  7  62  8  41  9  1
  0  42  1  89  2  54  3  28  4  21  5  85  6  82  7  32  8  11  9  39
  0  12  1  74  2  1  3  52  4  84  5  78  6  21  7  46  8  80  9  65
  0  69  1  24  2  85  3  42  4  42  5  73  6  5  7  18  8  63  9  48
  0  18  1  7  2  88  3  52  4  68  5  45  6  35  7  99  8  47  9  26
  0  51  1  49  2  8  3  35  4  37  5  15  6  16  7  39  8  81  9  13
  0  36  1  58  2  64  3  97  4  91  5  22  6  44  7  91  8  67  9  5
  0  51  1  11  2  24  3  66  4  15  5  47  6  54  7  60  8  30  9  53
  0  6  1  89  2  35  3  42  4  29  5  5  6  37  7  6  8  45  9  82
  0  30  1  4  2  43  3  44  4  82  5  74  6  35  7  77  8  80  9  82
  0  32  1  80  2  72  3  1  4  38  5  57  6  41  7  77  8  61  9  4
  0  89  1  60  2  74  3  90  4  32  5  54  6  4  7  20  8  26  9  45
  0  12  1  2  2  72  3  33  4  3  5  8  6  79  7  19  8  68  9  64
  0  76  1  71  2  54  3  12  4  98  5  59  6  16  7  39  8  6  9  16
  0  88  1  62  2  88  3  83  4  96  5  28  6  77  7  45  8  65  9  26
  0  70  1  49  2  36  3  72  4  26  5  81  6  64  7  88  8  1  9  38
  0  73  1  74  2  24  3  99  4  91  5  73  6  41  7  27  8  87  9  54
  0  60  1  5  2  88  3  82  4  92  5  29  6  39  7  33  8  70  9  93
  0  47  1  77  2  75  3  29  4  10  5  54  6  25  7  4  8  31  9  87
  0  78  1  87  2  56  3  32  4  79  5  35  6  4  7  46  8  48  9  36
  0  60  1  29  2  69  3  57  4  63  5  65  6  52  7  47  8  98  9  71
  0  70  1  1  2  82  3  36  4  84  5  90  6  6  7  89  8  16  9  23
  0  56  1  61  2  35  3  65  4  51  5  91  6  61  7  59  8  50  9  22
  0  9  1  17  2  19  3  71  4  11  5  56  6  68  7  73  8  11  9  36
  0  97  1  41  2  7  3  84  4  10  5  69  6  81  7  37  8  71  9  3
  0  61  1  31  2  45  3  24  4  81  5  16  6  19  7  44  8  52  9  78
  0  94  1  97  2  49  3  93  4  24  5  72  6  80  7  56  8  9  9  24
  0  99  1  38  2  84  3  72  4  69  5  85  6  64  7  55  8  86  9  65
  0  29  1  1  2  34  3  93  4  55  5  48  6  19  7  30  8  46  9  11
  0  2  1  17  2  98  3  80  4  37  5  86  6  13  7  6  8  83  9  80
  0  44  1  95  2  37  3  39  4  33  5  28  6  12  7  64  8  87  9  77
  0  61  1  68  2  80  3  74  4  26  5  45  6  95  7  64  8  38  9  43
  0  46  1  46  2  20  3  22  4  29  5  82  6  77  7  12  8  99  9  29
  0  42  1  25  2  82  3  20  4  34  5  73  6  47  7  6  8  53  9  2
  0  20  1  30  2  7  3  33  4  2  5  97  6  39  7  88  8  25  9  61
  0  15  1  34  2  58  3  38  4  83  5  57  6  51  7  26  8  16  9  78
  0  73  1  81  2  91  3  52  4  84  5  91  6  87  7  19  8  54  9  33
  0  75  1  98  2  4  3  13  4  61  5  44  6  48  7  25  8  90  9  99
  0  56  1  85  2  19  3  31  4  51  5  8  6  31  7  11  8  35  9  40
  0  35  1  93  2  3  3  84  4  81  5  98  6  63  7  59  8  84  9  99
  0  8  1  73  2  27  3  76  4  82  5  33  6  4  7  78  8  50  9  96
  0  13  1  24  2  52  3  39  4  7  5  3  6  16  7  7  8  67  9  88
  0  50  1  61  2  57  3  57  4  31  5  45  6  76  7  69  8  83  9  31
  0  2  1  83  2  91  3  20  4  18  5  76  6  4  7  7  8  50  9  11
  0  13  1  33  2  51  3  75  4  28  5  85  6  23  7  67  8  73  9  23
  0  59  1  17  2  67  3  35  4  45  5  66  6  77  7  49  8  52  9  40
  0  59  1  71  2  5  3  84  4  13  5  1  6  23  7  60  8  13  9  59
  0  58  1  11  2  20  3  39  4  65  5  41  6  49  7  42  8  4  9  85
  0  69  1  74  2  40  3  43  4  59  5  14  6  99  7  14  8  39  9  70
  0  1  1  56  2  59  3  6  4  47  5  62  6  5  7  76  8  81  9  12
  0  60  1  20  2  23  3  42  4  32  5  3  6  30  7  77  8  35  9  88
  0  72  1  65  2  76  3  14  4  5  5  35  6  2  7  58  8  61  9  84
  0  88  1  59  2  29  3  34  4  2  5  13  6  73  7  22  8  30  9  40
  0  95  1  31  2  94  3  30  4  77  5  65  6  85  7  92  8  30  9  10
  0  54  1  58  2  42  3  58  4  94  5  24  6  14  7  80  8  69  9  36
  0  7  1  63  2  77  3  54  4  56  5  61  6  56  7  34  8  15  9  13
  0  75  1  17  2  33  3  43  4  69  5  36  6  97  7  35  8  93  9  63
  0  70  1  36  2  28  3  45  4  15  5  62  6  49  7  23  8  90  9  85
  0  42  1  24  2  56  3  27  4  31  5  74  6  17  7  92  8  45  9  65
  0  94  1  32  2  56  3  66  4  26  5  90  6  37  7  93  8  94  9  2
  0  46  1  49  2  65  3  21  4  29  5  99  6  81  7  21  8  93  9  60
  0  25  1  81  2  97  3  6  4  66  5  48  6  51  7  22  8  57  9  57
  0  42  1  60  2  22  3  18  4  12  5  79  6  67  7  37  8  53  9  63
  0  20  1  11  2  8  3  69  4  45  5  5  6  81  7  30  8  23  9  21
  0  7  1  21  2  67  3  15  4  17  5  73  6  33  7  96  8  19  9  80
  0  41  1  52  2  72  3  33  4  96  5  57  6  11  7  80  8  18  9  66
  0  74  1  19  2  64  3  4  4  23  5  25  6  54  7  93  8  61  9  3
  0  7  1  97  2  93  3  18  4  34  5  56  6  82  7  26  8  91  9  34
  0  89  1  19  2  43  3  45  4  12  5  52  6  9  7  81  8  47  9  27
  0  99  1  81  2  59  3  37  4  58  5  17  6  11  7  99  8  50  9  65
  0  95  1  41  2  93  3  30  4  86  5  2  6  7  7  92  8  78  9  71
  0  17  1  21  2  96  3  87  4  54  5  73  6  88  7  47  8  35  9  68
  0  40  1  9  2  3  3  9  4  66  5  4  6  70  7  81  8  66  9  61
  0  6  1  68  2  63  3  29  4  29  5  41  6  45  7  54  8  30  9  36
  0  90  1  25  2  21  3  12  4  47  5  20  6  78  7  46  8  82  9  3
  0  42  1  37  2  38  3  49  4  75  5  91  6  58  7  14  8  8  9  25
  0  63  1  58  2  7  3  21  4  94  5  5  6  50  7  2  8  53  9  87
  0  11  1  16  2  6  3  8  4  57  5  55  6  29  7  32  8  34  9  42
  0  25  1  63  2  85  3  57  4  14  5  4  6  35  7  95  8  96  9  69
  0  19  1  70  2  49  3  25  4  53  5  13  6  71  7  66  8  81  9  26
  0  24  1  49  2  22  3  81  4  12  5  53  6  17  7  96  8  5  9  22
  0  52  1  11  2  98  3  31  4  13  5  41  6  67  7  60  8  61  9  6
  0  47  1  79  2  88  3  34  4  50  5  75  6  59  7  4  8  29  9  69
  0  39  1  73  2  95  3  21  4  2  5  3  6  1  7  98  8  31  9  76
  0  11  1  72  2  81  3  70  4  38  5  63  6  55  7  45  8  27  9  39
  0  96  1  28  2  74  3  62  4  42  5  29  6  69  7  8  8  54  9  21
  0  50  1  27  2  26  3  51  4  34  5  13  6  48  7  73  8  62  9  90
TPM
  0  2546  1  2546  2  2546  3  2546  4  2546  5  2546  6  2546  7  2546  8  2546  9  2546
PMT
  0  34  1  15  2  32  3  24  4  40  5  6  6  15  7  39  8  19  9  37
  0  22  1  48  2  25  3  44  4  24  5  21  6  22  7  32  8  42  9  2
  0  40  1  33  2  36  3  5  4  17  5  5  6  14  7  36  8  14  9  1
  0  45  1  41  2  19  3  43  4  29  5  47  6  13  7  47  8  5  9  26
  0  35  1  37  2  49  3  9  4  45  5  17  6  17  7  26  8  48  9  21
  0  25  1  13  2  46  3  5  4  42  5  24  6  23  7  21  8  49  9  38
  0  35  1  10  2  41  3  19  4  43  5  38  6  29  7  23  8  2  9  24
  0  33  1  8  2  28  3  22  4  49  5  12  6  29  7  15  8  4  9  18
  0  22  1  32  2  49  3  12  4  32  5  45  6  14  7  13  8  17  9  47
  0  44  1  18  2  33  3  40  4  16  5  13  6  3  7  10  8  6  9  6
  0  9  1  37  2  22  3  30  4  43  5  9  6  38  7  32  8  26  9  32
  0  18  1  19  2  32  3  11  4  20  5  12  6  39  7  11  8  44  9  44
  0  27  1  26  2  36  3  48  4  36  5  28  6  19  7  12  8  7  9  15
  0  19  1  44  2  42  3  23  4  16  5  17  6  19  7  40  8  45  9  15
  0  16  1  22  2  48  3  10  4  41  5  3  6  29  7  19  8  18  9  40
  0  8  1  20  2  28  3  22  4  22  5  17  6  7  7  19  8  1  9  9
  0  40  1  11  2  20  3  28  4  18  5  49  6  36  7  22  8  40  9  31
  0  15  1  16  2  15  3  47  4  31  5  20  6  27  7  49  8  7  9  32
  0  23  1  12  2  1  3  20  4  41  5  26  6  15  7  29  8  35  9  19
  0  10  1  1  2  5  3  2  4  43  5  38  6  8  7  25  8  32  9  27
