20  15
  0  26  1  22  2  67  3  35  4  43  5  26  6  2  7  67  8  47  9  65  10  30  11  82  12  65  13  52  14  63
  0  55  1  4  2  98  3  74  4  68  5  49  6  60  7  72  8  37  9  99  10  27  11  50  12  92  13  10  14  21
  0  19  1  84  2  4  3  47  4  52  5  67  6  55  7  11  8  19  9  98  10  67  11  99  12  79  13  56  14  95
  0  85  1  57  2  44  3  83  4  9  5  21  6  57  7  16  8  31  9  45  10  15  11  13  12  92  13  28  14  96
  0  3  1  91  2  76  3  24  4  65  5  67  6  5  7  74  8  26  9  84  10  92  11  37  12  35  13  19  14  3
  0  28  1  77  2  97  3  57  4  30  5  87  6  66  7  20  8  32  9  65  10  60  11  32  12  74  13  17  14  6
  0  5  1  28  2  70  3  2  4  61  5  63  6  42  7  27  8  73  9  88  10  45  11  90  12  61  13  60  14  70
  0  21  1  22  2  5  3  85  4  52  5  20  6  84  7  19  8  64  9  56  10  16  11  46  12  72  13  95  14  23
  0  78  1  85  2  20  3  62  4  19  5  74  6  31  7  80  8  52  9  12  10  35  11  71  12  67  13  86  14  64
  0  53  1  37  2  97  3  39  4  76  5  9  6  83  7  53  8  38  9  65  10  36  11  45  12  63  13  67  14  13
  0  2  1  73  2  3  3  48  4  86  5  55  6  71  7  5  8  96  9  9  10  7  11  56  12  88  13  21  14  11
  0  54  1  43  2  7  3  34  4  38  5  31  6  16  7  51  8  94  9  18  10  78  11  6  12  62  13  25  14  62
  0  7  1  49  2  17  3  46  4  35  5  3  6  95  7  47  8  62  9  57  10  17  11  39  12  4  13  36  14  65
  0  64  1  59  2  94  3  40  4  23  5  99  6  25  7  51  8  80  9  31  10  62  11  26  12  53  13  8  14  69
  0  64  1  32  2  4  3  65  4  10  5  72  6  57  7  56  8  13  9  59  10  41  11  67  12  6  13  24  14  29
  0  77  1  18  2  65  3  58  4  30  5  98  6  9  7  14  8  36  9  30  10  8  11  78  12  31  13  40  14  65
  0  29  1  27  2  54  3  28  4  61  5  69  6  49  7  87  8  94  9  10  10  82  11  98  12  72  13  39  14  27
  0  69  1  60  2  48  3  29  4  17  5  19  6  99  7  65  8  80  9  91  10  46  11  73  12  21  13  40  14  17
  0  74  1  76  2  14  3  54  4  16  5  34  6  48  7  87  8  8  9  37  10  7  11  59  12  25  13  51  14  32
  0  49  1  95  2  41  3  61  4  61  5  6  6  48  7  17  8  67  9  86  10  62  11  91  12  24  13  66  14  23
TPM
  0  530  1  530  2  530  3  530  4  530  5  530  6  530  7  530  8  530  9  530  10  530  11  530  12  530  13  530  14  530
PMT
  0  37  1  2  2  48  3  3  4  49  5  5  6  47  7  35  8  47  9  33  10  29  11  37  12  47  13  48  14  18
  0  44  1  7  2  22  3  39  4  31  5  44  6  39  7  41  8  9  9  45  10  8  11  6  12  42  13  4  14  17
  0  34  1  1  2  28  3  25  4  12  5  15  6  3  7  2  8  32  9  43  10  49  11  37  12  37  13  29  14  1
  0  6  1  45  2  33  3  11  4  19  5  48  6  8  7  41  8  1  9  11  10  10  11  22  12  23  13  46  14  44
