100  10
  0  63  1  38  2  69  3  62  4  43  5  21  6  82  7  6  8  93  9  12
  0  52  1  39  2  34  3  82  4  93  5  70  6  5  7  59  8  42  9  98
  0  42  1  29  2  57  3  59  4  25  5  40  6  70  7  23  8  76  9  19
  0  80  1  86  2  81  3  28  4  59  5  96  6  50  7  19  8  39  9  58
  0  54  1  58  2  66  3  37  4  2  5  41  6  73  7  65  8  29  9  5
  0  82  1  93  2  33  3  16  4  46  5  56  6  62  7  95  8  95  9  43
  0  49  1  94  2  48  3  93  4  47  5  52  6  97  7  55  8  4  9  80
  0  71  1  81  2  88  3  68  4  60  5  43  6  52  7  96  8  28  9  90
  0  87  1  9  2  59  3  96  4  14  5  77  6  28  7  50  8  23  9  52
  0  56  1  95  2  33  3  99  4  23  5  28  6  51  7  54  8  38  9  1
  0  53  1  41  2  87  3  89  4  2  5  49  6  13  7  33  8  93  9  65
  0  78  1  42  2  83  3  80  4  59  5  32  6  35  7  49  8  29  9  53
  0  99  1  59  2  38  3  87  4  10  5  30  6  18  7  57  8  63  9  60
  0  51  1  64  2  98  3  89  4  80  5  41  6  24  7  44  8  64  9  1
  0  31  1  72  2  85  3  6  4  98  5  13  6  83  7  91  8  96  9  28
  0  62  1  20  2  10  3  99  4  88  5  49  6  63  7  87  8  89  9  43
  0  25  1  78  2  18  3  50  4  93  5  76  6  34  7  39  8  12  9  24
  0  20  1  59  2  74  3  50  4  48  5  67  6  91  7  81  8  47  9  38
  0  53  1  65  2  31  3  52  4  99  5  86  6  20  7  30  8  78  9  85
  0  32  1  40  2  59  3  3  4  37  5  32  6  41  7  9  8  19  9  34
  0  50  1  96  2  49  3  45  4  34  5  38  6  6  7  5  8  94  9  45
  0  78  1  6  2  9  3  74  4  27  5  97  6  42  7  70  8  9  9  98
  0  40  1  42  2  76  3  3  4  63  5  6  6  20  7  51  8  96  9  51
  0  98  1  19  2  49  3  1  4  85  5  11  6  23  7  85  8  35  9  94
  0  21  1  44  2  21  3  97  4  20  5  22  6  31  7  48  8  35  9  29
  0  95  1  46  2  37  3  83  4  96  5  77  6  10  7  47  8  91  9  25
  0  67  1  26  2  22  3  35  4  45  5  9  6  27  7  33  8  53  9  46
  0  52  1  5  2  55  3  3  4  33  5  88  6  93  7  34  8  13  9  42
  0  4  1  77  2  84  3  82  4  58  5  46  6  3  7  6  8  51  9  65
  0  89  1  35  2  12  3  14  4  30  5  67  6  2  7  26  8  35  9  8
  0  42  1  85  2  13  3  2  4  62  5  27  6  85  7  22  8  89  9  96
  0  32  1  61  2  98  3  62  4  46  5  39  6  95  7  70  8  45  9  27
  0  13  1  84  2  70  3  36  4  41  5  52  6  50  7  46  8  10  9  88
  0  35  1  49  2  5  3  74  4  12  5  46  6  82  7  9  8  63  9  13
  0  20  1  51  2  36  3  34  4  1  5  61  6  11  7  66  8  41  9  9
  0  13  1  73  2  99  3  11  4  98  5  54  6  15  7  38  8  1  9  47
  0  84  1  67  2  17  3  95  4  59  5  91  6  82  7  93  8  34  9  18
  0  67  1  47  2  45  3  97  4  63  5  34  6  13  7  87  8  76  9  36
  0  88  1  18  2  33  3  74  4  91  5  33  6  58  7  83  8  48  9  26
  0  88  1  90  2  70  3  66  4  34  5  2  6  27  7  25  8  98  9  94
  0  9  1  11  2  9  3  78  4  80  5  94  6  38  7  79  8  67  9  84
  0  4  1  39  2  34  3  64  4  75  5  53  6  45  7  22  8  43  9  89
  0  6  1  25  2  9  3  45  4  36  5  22  6  6  7  45  8  28  9  68
  0  70  1  96  2  77  3  25  4  18  5  34  6  91  7  55  8  77  9  36
  0  21  1  30  2  17  3  87  4  75  5  22  6  44  7  30  8  94  9  33
  0  63  1  9  2  3  3  8  4  46  5  21  6  77  7  2  8  12  9  23
  0  86  1  26  2  50  3  41  4  87  5  82  6  34  7  10  8  94  9  55
  0  85  1  11  2  60  3  35  4  6  5  15  6  11  7  71  8  85  9  18
  0  48  1  3  2  43  3  47  4  8  5  98  6  76  7  75  8  19  9  8
  0  99  1  52  2  27  3  6  4  27  5  65  6  61  7  85  8  15  9  70
  0  60  1  25  2  55  3  61  4  94  5  42  6  23  7  71  8  41  9  3
  0  83  1  27  2  94  3  51  4  20  5  80  6  41  7  84  8  60  9  11
  0  10  1  75  2  79  3  71  4  75  5  29  6  31  7  2  8  97  9  21
  0  29  1  53  2  7  3  54  4  69  5  84  6  62  7  27  8  86  9  32
  0  66  1  14  2  62  3  63  4  94  5  81  6  46  7  56  8  72  9  8
  0  50  1  75  2  25  3  70  4  24  5  38  6  58  7  20  8  28  9  78
  0  75  1  58  2  60  3  65  4  8  5  87  6  99  7  28  8  28  9  98
  0  75  1  89  2  92  3  9  4  83  5  27  6  90  7  79  8  86  9  90
  0  26  1  69  2  87  3  61  4  66  5  94  6  72  7  30  8  7  9  13
  0  28  1  18  2  45  3  50  4  8  5  84  6  84  7  32  8  6  9  81
  0  82  1  99  2  37  3  57  4  24  5  1  6  50  7  13  8  95  9  14
  0  21  1  71  2  74  3  28  4  4  5  7  6  65  7  80  8  27  9  46
  0  50  1  49  2  74  3  39  4  38  5  30  6  82  7  57  8  14  9  49
  0  39  1  81  2  42  3  2  4  79  5  68  6  66  7  11  8  2  9  13
  0  5  1  35  2  45  3  55  4  44  5  99  6  17  7  96  8  75  9  92
  0  54  1  7  2  22  3  79  4  54  5  55  6  59  7  17  8  10  9  2
  0  22  1  59  2  36  3  10  4  52  5  15  6  76  7  77  8  29  9  66
  0  19  1  13  2  86  3  78  4  65  5  72  6  13  7  58  8  34  9  59
  0  80  1  31  2  83  3  49  4  56  5  60  6  91  7  75  8  91  9  11
  0  32  1  6  2  86  3  40  4  27  5  90  6  82  7  77  8  65  9  59
  0  21  1  4  2  20  3  94  4  87  5  59  6  6  7  20  8  10  9  35
  0  55  1  68  2  87  3  27  4  10  5  35  6  87  7  57  8  49  9  4
  0  93  1  94  2  2  3  28  4  38  5  28  6  27  7  98  8  29  9  62
  0  47  1  9  2  54  3  68  4  62  5  36  6  29  7  79  8  1  9  65
  0  14  1  22  2  64  3  44  4  34  5  44  6  92  7  42  8  53  9  43
  0  30  1  41  2  2  3  36  4  87  5  97  6  56  7  16  8  43  9  49
  0  18  1  76  2  88  3  40  4  41  5  11  6  44  7  8  8  10  9  19
  0  1  1  49  2  58  3  65  4  39  5  51  6  79  7  79  8  52  9  72
  0  92  1  97  2  74  3  80  4  29  5  82  6  71  7  14  8  75  9  56
  0  70  1  6  2  96  3  56  4  18  5  89  6  95  7  91  8  2  9  78
  0  8  1  45  2  70  3  79  4  26  5  70  6  42  7  1  8  15  9  62
  0  77  1  45  2  45  3  12  4  64  5  14  6  62  7  66  8  50  9  44
  0  79  1  57  2  91  3  76  4  44  5  74  6  29  7  13  8  35  9  78
  0  8  1  11  2  72  3  6  4  89  5  36  6  52  7  1  8  28  9  46
  0  53  1  56  2  18  3  3  4  53  5  79  6  20  7  26  8  68  9  2
  0  35  1  31  2  4  3  87  4  80  5  13  6  62  7  34  8  79  9  84
  0  76  1  45  2  78  3  64  4  34  5  32  6  48  7  69  8  25  9  77
  0  40  1  89  2  37  3  57  4  87  5  5  6  60  7  7  8  97  9  98
  0  89  1  86  2  49  3  81  4  36  5  71  6  1  7  16  8  81  9  72
  0  92  1  3  2  38  3  76  4  67  5  89  6  96  7  36  8  55  9  99
  0  80  1  79  2  8  3  77  4  34  5  91  6  67  7  34  8  11  9  6
  0  96  1  7  2  43  3  1  4  31  5  78  6  16  7  90  8  1  9  27
  0  58  1  59  2  52  3  83  4  41  5  62  6  64  7  39  8  43  9  17
  0  29  1  17  2  10  3  43  4  54  5  1  6  40  7  22  8  97  9  90
  0  51  1  94  2  54  3  22  4  26  5  8  6  34  7  71  8  34  9  87
  0  23  1  36  2  76  3  97  4  9  5  63  6  9  7  2  8  4  9  53
  0  32  1  52  2  6  3  81  4  54  5  62  6  88  7  95  8  74  9  42
  0  87  1  98  2  29  3  2  4  45  5  12  6  8  7  53  8  25  9  81
  0  31  1  59  2  96  3  78  4  43  5  22  6  77  7  99  8  64  9  2
  0  53  1  74  2  97  3  5  4  34  5  25  6  7  7  90  8  9  9  45
TPM
  0  1131  1  1131  2  1131  3  1131  4  1131  5  1131  6  1131  7  1131  8  1131  9  1131
PMT
  0  65  1  58  2  6  3  74  4  71  5  48  6  63  7  29  8  28  9  49
  0  62  1  74  2  2  3  46  4  30  5  25  6  72  7  74  8  26  9  53
  0  24  1  57  2  18  3  28  4  38  5  15  6  57  7  36  8  9  9  28
  0  3  1  57  2  38  3  67  4  68  5  41  6  1  7  17  8  21  9  44
  0  30  1  42  2  5  3  65  4  69  5  8  6  44  7  19  8  74  9  25
  0  18  1  55  2  30  3  36  4  48  5  52  6  61  7  19  8  7  9  18
  0  49  1  52  2  38  3  46  4  50  5  52  6  29  7  37  8  72  9  23
  0  49  1  20  2  13  3  15  4  1  5  57  6  74  7  56  8  39  9  18
  0  30  1  42  2  37  3  20  4  12  5  35  6  46  7  74  8  40  9  24
