500  20
  0  62  1  95  2  89  3  71  4  42  5  28  6  8  7  2  8  96  9  54  10  41  11  76  12  11  13  30  14  67  15  1  16  96  17  69  18  20  19  4
  0  45  1  57  2  64  3  42  4  78  5  13  6  48  7  5  8  54  9  21  10  41  11  48  12  5  13  10  14  98  15  73  16  1  17  71  18  16  19  22
  0  69  1  29  2  47  3  33  4  6  5  7  6  16  7  20  8  62  9  58  10  35  11  39  12  7  13  56  14  17  15  52  16  75  17  53  18  39  19  29
  0  70  1  54  2  92  3  18  4  70  5  76  6  43  7  94  8  62  9  85  10  63  11  66  12  2  13  14  14  25  15  84  16  73  17  24  18  61  19  97
  0  96  1  67  2  38  3  45  4  5  5  39  6  90  7  84  8  91  9  40  10  9  11  83  12  4  13  95  14  99  15  36  16  22  17  91  18  33  19  72
  0  59  1  25  2  62  3  82  4  72  5  80  6  84  7  72  8  56  9  84  10  60  11  2  12  81  13  88  14  27  15  3  16  79  17  94  18  71  19  65
  0  99  1  21  2  32  3  27  4  78  5  59  6  69  7  25  8  10  9  94  10  5  11  79  12  90  13  65  14  26  15  27  16  97  17  2  18  13  19  21
  0  13  1  63  2  19  3  60  4  84  5  59  6  27  7  26  8  36  9  34  10  49  11  29  12  10  13  38  14  60  15  98  16  36  17  30  18  60  19  64
  0  72  1  69  2  23  3  21  4  18  5  2  6  69  7  62  8  33  9  40  10  74  11  37  12  13  13  5  14  98  15  57  16  67  17  63  18  88  19  61
  0  42  1  87  2  16  3  19  4  72  5  30  6  19  7  21  8  29  9  61  10  83  11  93  12  39  13  49  14  76  15  34  16  65  17  50  18  10  19  60
  0  73  1  59  2  10  3  10  4  42  5  23  6  9  7  34  8  75  9  27  10  91  11  86  12  32  13  7  14  63  15  85  16  76  17  29  18  13  19  2
  0  24  1  79  2  99  3  9  4  27  5  8  6  83  7  89  8  24  9  48  10  66  11  1  12  52  13  12  14  36  15  11  16  1  17  5  18  13  19  90
  0  48  1  26  2  41  3  14  4  1  5  62  6  85  7  86  8  50  9  65  10  22  11  29  12  3  13  77  14  23  15  62  16  44  17  66  18  85  19  91
  0  46  1  50  2  57  3  70  4  42  5  52  6  46  7  96  8  3  9  3  10  24  11  85  12  12  13  77  14  66  15  88  16  10  17  46  18  78  19  88
  0  61  1  61  2  4  3  74  4  62  5  23  6  18  7  68  8  84  9  91  10  53  11  74  12  52  13  34  14  5  15  63  16  54  17  24  18  10  19  6
  0  74  1  44  2  9  3  34  4  79  5  46  6  28  7  88  8  85  9  70  10  40  11  64  12  17  13  36  14  89  15  91  16  11  17  50  18  99  19  93
  0  35  1  96  2  82  3  9  4  22  5  96  6  32  7  82  8  41  9  71  10  74  11  57  12  58  13  25  14  83  15  9  16  57  17  41  18  9  19  22
  0  14  1  66  2  67  3  95  4  60  5  5  6  91  7  19  8  72  9  66  10  38  11  66  12  67  13  37  14  95  15  94  16  2  17  56  18  63  19  39
  0  90  1  30  2  63  3  56  4  11  5  11  6  18  7  42  8  39  9  18  10  21  11  34  12  51  13  87  14  62  15  72  16  77  17  77  18  95  19  76
  0  84  1  47  2  51  3  73  4  46  5  15  6  43  7  67  8  2  9  49  10  26  11  51  12  34  13  33  14  76  15  87  16  99  17  38  18  31  19  23
  0  6  1  75  2  1  3  1  4  12  5  8  6  27  7  91  8  90  9  58  10  64  11  66  12  99  13  39  14  11  15  55  16  23  17  78  18  1  19  93
  0  96  1  34  2  46  3  44  4  37  5  8  6  88  7  22  8  11  9  15  10  95  11  96  12  30  13  59  14  14  15  29  16  78  17  18  18  63  19  58
  0  64  1  48  2  38  3  74  4  83  5  60  6  39  7  13  8  38  9  22  10  70  11  75  12  24  13  88  14  53  15  53  16  9  17  77  18  55  19  12
  0  40  1  17  2  35  3  69  4  72  5  61  6  51  7  61  8  95  9  33  10  77  11  85  12  98  13  43  14  32  15  69  16  16  17  96  18  11  19  7
  0  23  1  81  2  81  3  43  4  86  5  13  6  79  7  19  8  94  9  61  10  4  11  90  12  2  13  92  14  24  15  4  16  82  17  16  18  29  19  72
  0  72  1  86  2  76  3  92  4  35  5  34  6  40  7  2  8  91  9  7  10  52  11  51  12  95  13  42  14  90  15  64  16  50  17  26  18  56  19  90
  0  79  1  71  2  41  3  76  4  21  5  60  6  89  7  19  8  98  9  5  10  91  11  69  12  83  13  33  14  67  15  10  16  53  17  7  18  30  19  7
  0  17  1  18  2  39  3  21  4  65  5  32  6  78  7  38  8  45  9  65  10  17  11  27  12  88  13  18  14  49  15  71  16  37  17  7  18  9  19  92
  0  50  1  55  2  10  3  91  4  64  5  47  6  60  7  72  8  71  9  44  10  49  11  2  12  16  13  30  14  2  15  49  16  30  17  27  18  54  19  93
  0  66  1  91  2  98  3  92  4  83  5  6  6  87  7  56  8  6  9  90  10  13  11  61  12  51  13  39  14  80  15  13  16  18  17  22  18  67  19  25
  0  47  1  22  2  20  3  84  4  24  5  10  6  20  7  24  8  73  9  44  10  53  11  95  12  72  13  85  14  37  15  60  16  68  17  33  18  92  19  98
  0  93  1  42  2  81  3  20  4  11  5  72  6  27  7  37  8  10  9  74  10  1  11  19  12  79  13  13  14  41  15  40  16  91  17  96  18  26  19  93
  0  74  1  50  2  38  3  43  4  84  5  45  6  71  7  12  8  84  9  95  10  76  11  48  12  84  13  58  14  48  15  18  16  21  17  19  18  99  19  5
  0  68  1  38  2  75  3  14  4  3  5  85  6  87  7  31  8  82  9  1  10  3  11  63  12  94  13  55  14  96  15  64  16  90  17  93  18  42  19  34
  0  12  1  83  2  27  3  35  4  73  5  10  6  97  7  66  8  68  9  86  10  76  11  85  12  87  13  71  14  6  15  78  16  92  17  1  18  12  19  8
  0  75  1  99  2  86  3  96  4  89  5  14  6  44  7  21  8  41  9  70  10  91  11  24  12  70  13  81  14  11  15  74  16  72  17  36  18  65  19  31
  0  25  1  28  2  58  3  83  4  26  5  47  6  12  7  86  8  62  9  19  10  42  11  1  12  63  13  46  14  63  15  15  16  2  17  28  18  22  19  11
  0  50  1  36  2  61  3  86  4  19  5  72  6  68  7  64  8  5  9  46  10  38  11  37  12  52  13  41  14  77  15  37  16  4  17  64  18  11  19  22
  0  66  1  91  2  85  3  23  4  52  5  57  6  71  7  95  8  61  9  42  10  98  11  60  12  97  13  73  14  97  15  33  16  54  17  31  18  20  19  84
  0  9  1  22  2  57  3  68  4  4  5  70  6  88  7  14  8  9  9  38  10  24  11  75  12  95  13  69  14  22  15  72  16  63  17  25  18  1  19  77
  0  90  1  49  2  68  3  32  4  25  5  83  6  46  7  84  8  14  9  30  10  59  11  97  12  38  13  13  14  11  15  64  16  17  17  5  18  75  19  18
  0  89  1  6  2  73  3  46  4  83  5  96  6  11  7  27  8  30  9  11  10  92  11  53  12  98  13  85  14  52  15  18  16  41  17  88  18  56  19  67
  0  74  1  35  2  59  3  50  4  58  5  41  6  42  7  23  8  23  9  79  10  47  11  83  12  60  13  24  14  83  15  40  16  98  17  11  18  86  19  50
  0  3  1  44  2  40  3  75  4  85  5  33  6  99  7  46  8  15  9  31  10  76  11  17  12  49  13  8  14  67  15  70  16  51  17  96  18  45  19  3
  0  40  1  73  2  40  3  79  4  99  5  72  6  79  7  72  8  50  9  48  10  60  11  85  12  43  13  28  14  87  15  55  16  38  17  20  18  83  19  75
  0  82  1  73  2  57  3  77  4  93  5  8  6  8  7  69  8  11  9  41  10  64  11  15  12  75  13  11  14  18  15  7  16  48  17  46  18  87  19  65
  0  88  1  38  2  22  3  63  4  28  5  33  6  31  7  59  8  33  9  18  10  5  11  98  12  42  13  99  14  53  15  99  16  1  17  85  18  83  19  43
  0  47  1  8  2  97  3  32  4  25  5  63  6  68  7  98  8  14  9  65  10  37  11  47  12  99  13  8  14  34  15  91  16  48  17  2  18  19  19  14
  0  38  1  45  2  91  3  41  4  58  5  13  6  17  7  43  8  2  9  90  10  70  11  66  12  81  13  96  14  92  15  85  16  76  17  46  18  8  19  22
  0  65  1  68  2  58  3  58  4  11  5  75  6  38  7  66  8  10  9  45  10  49  11  3  12  7  13  64  14  97  15  60  16  58  17  35  18  6  19  73
  0  67  1  66  2  25  3  1  4  52  5  82  6  50  7  60  8  3  9  21  10  78  11  75  12  38  13  13  14  81  15  42  16  87  17  58  18  53  19  61
  0  30  1  48  2  74  3  66  4  84  5  85  6  4  7  47  8  32  9  12  10  75  11  65  12  10  13  51  14  77  15  87  16  10  17  7  18  20  19  4
  0  67  1  92  2  50  3  91  4  30  5  78  6  41  7  54  8  35  9  68  10  72  11  38  12  44  13  62  14  94  15  5  16  4  17  62  18  17  19  25
  0  35  1  8  2  86  3  2  4  76  5  78  6  35  7  54  8  19  9  82  10  8  11  18  12  25  13  14  14  18  15  36  16  3  17  65  18  71  19  53
  0  96  1  12  2  67  3  36  4  97  5  12  6  65  7  74  8  86  9  92  10  71  11  51  12  87  13  6  14  98  15  72  16  56  17  78  18  81  19  8
  0  60  1  93  2  66  3  63  4  15  5  81  6  3  7  6  8  84  9  92  10  9  11  11  12  55  13  89  14  85  15  82  16  52  17  89  18  91  19  90
  0  46  1  23  2  28  3  13  4  73  5  13  6  74  7  76  8  77  9  75  10  79  11  39  12  26  13  93  14  2  15  58  16  70  17  37  18  54  19  31
  0  64  1  1  2  91  3  3  4  34  5  1  6  50  7  83  8  83  9  58  10  30  11  26  12  80  13  42  14  72  15  34  16  39  17  53  18  76  19  18
  0  6  1  88  2  64  3  23  4  23  5  7  6  73  7  81  8  11  9  68  10  47  11  76  12  96  13  49  14  58  15  13  16  91  17  37  18  62  19  30
  0  80  1  55  2  89  3  11  4  81  5  84  6  18  7  68  8  96  9  71  10  71  11  11  12  47  13  35  14  51  15  15  16  73  17  28  18  89  19  65
  0  45  1  9  2  84  3  38  4  1  5  20  6  51  7  35  8  30  9  85  10  98  11  94  12  46  13  81  14  31  15  32  16  26  17  33  18  6  19  5
  0  21  1  35  2  25  3  78  4  46  5  24  6  29  7  56  8  12  9  21  10  12  11  3  12  70  13  36  14  92  15  44  16  59  17  14  18  11  19  69
  0  87  1  31  2  14  3  33  4  98  5  15  6  64  7  38  8  82  9  11  10  2  11  61  12  53  13  29  14  7  15  47  16  85  17  61  18  66  19  68
  0  89  1  21  2  51  3  42  4  75  5  74  6  28  7  57  8  19  9  51  10  83  11  24  12  43  13  52  14  37  15  85  16  69  17  98  18  54  19  30
  0  8  1  90  2  99  3  93  4  96  5  61  6  84  7  56  8  88  9  48  10  6  11  57  12  68  13  33  14  73  15  93  16  36  17  90  18  71  19  71
  0  90  1  74  2  14  3  14  4  14  5  21  6  76  7  72  8  4  9  49  10  16  11  72  12  48  13  88  14  19  15  87  16  19  17  56  18  32  19  49
  0  18  1  82  2  68  3  10  4  26  5  33  6  93  7  22  8  17  9  1  10  31  11  14  12  49  13  45  14  49  15  64  16  55  17  8  18  14  19  98
  0  61  1  51  2  14  3  82  4  37  5  66  6  5  7  60  8  51  9  63  10  21  11  79  12  74  13  54  14  49  15  96  16  55  17  67  18  78  19  49
  0  72  1  64  2  40  3  46  4  34  5  45  6  38  7  6  8  63  9  77  10  11  11  52  12  16  13  62  14  68  15  38  16  98  17  31  18  32  19  65
  0  91  1  49  2  26  3  8  4  96  5  52  6  23  7  73  8  61  9  52  10  46  11  58  12  47  13  83  14  62  15  60  16  47  17  78  18  32  19  77
  0  72  1  89  2  2  3  2  4  56  5  8  6  47  7  75  8  47  9  35  10  98  11  86  12  97  13  1  14  24  15  1  16  64  17  57  18  39  19  74
  0  63  1  74  2  69  3  86  4  72  5  12  6  83  7  82  8  56  9  66  10  81  11  27  12  56  13  98  14  2  15  1  16  82  17  85  18  71  19  86
  0  83  1  75  2  31  3  41  4  95  5  27  6  91  7  37  8  95  9  48  10  24  11  21  12  96  13  88  14  67  15  33  16  70  17  42  18  18  19  72
  0  92  1  54  2  41  3  11  4  28  5  55  6  99  7  84  8  12  9  61  10  15  11  22  12  98  13  96  14  81  15  78  16  72  17  56  18  9  19  98
  0  47  1  98  2  79  3  13  4  8  5  25  6  15  7  50  8  51  9  16  10  7  11  20  12  51  13  3  14  64  15  89  16  38  17  6  18  62  19  72
  0  73  1  72  2  2  3  89  4  73  5  85  6  29  7  82  8  80  9  37  10  57  11  77  12  16  13  75  14  86  15  37  16  59  17  79  18  37  19  51
  0  16  1  19  2  18  3  50  4  90  5  97  6  11  7  34  8  77  9  90  10  31  11  64  12  12  13  27  14  7  15  57  16  77  17  76  18  79  19  69
  0  36  1  38  2  18  3  74  4  37  5  43  6  1  7  60  8  27  9  20  10  10  11  7  12  51  13  83  14  45  15  21  16  35  17  43  18  35  19  25
  0  75  1  47  2  26  3  46  4  85  5  4  6  57  7  48  8  67  9  48  10  66  11  86  12  20  13  49  14  75  15  94  16  83  17  60  18  54  19  32
  0  2  1  84  2  61  3  45  4  36  5  84  6  9  7  21  8  72  9  62  10  99  11  46  12  3  13  6  14  43  15  83  16  65  17  49  18  33  19  45
  0  92  1  25  2  46  3  17  4  75  5  78  6  15  7  56  8  70  9  82  10  56  11  87  12  86  13  82  14  71  15  51  16  38  17  45  18  55  19  74
  0  53  1  1  2  64  3  92  4  65  5  93  6  55  7  27  8  39  9  83  10  63  11  87  12  87  13  77  14  6  15  72  16  13  17  58  18  24  19  79
  0  50  1  58  2  93  3  43  4  1  5  90  6  72  7  69  8  12  9  32  10  58  11  35  12  92  13  24  14  93  15  66  16  12  17  33  18  11  19  9
  0  5  1  95  2  32  3  72  4  79  5  18  6  56  7  2  8  4  9  37  10  91  11  95  12  13  13  32  14  27  15  95  16  76  17  60  18  45  19  1
  0  3  1  58  2  19  3  93  4  71  5  17  6  50  7  76  8  27  9  43  10  35  11  43  12  79  13  43  14  71  15  55  16  81  17  9  18  36  19  84
  0  83  1  85  2  7  3  45  4  89  5  46  6  95  7  28  8  60  9  10  10  25  11  4  12  46  13  80  14  63  15  69  16  32  17  85  18  1  19  41
  0  36  1  35  2  31  3  30  4  89  5  57  6  66  7  50  8  98  9  55  10  12  11  33  12  55  13  95  14  62  15  72  16  50  17  34  18  16  19  6
  0  12  1  29  2  97  3  97  4  63  5  4  6  45  7  18  8  83  9  55  10  13  11  85  12  4  13  18  14  76  15  50  16  79  17  37  18  54  19  27
  0  22  1  8  2  72  3  92  4  82  5  77  6  51  7  33  8  3  9  28  10  79  11  74  12  6  13  77  14  1  15  56  16  66  17  75  18  43  19  24
  0  96  1  72  2  55  3  43  4  32  5  94  6  28  7  66  8  4  9  52  10  23  11  16  12  35  13  62  14  38  15  42  16  93  17  62  18  68  19  88
  0  96  1  53  2  54  3  65  4  31  5  85  6  23  7  13  8  58  9  88  10  65  11  10  12  7  13  4  14  99  15  54  16  65  17  64  18  16  19  26
  0  33  1  44  2  13  3  3  4  7  5  60  6  53  7  92  8  81  9  4  10  11  11  8  12  17  13  32  14  85  15  91  16  89  17  54  18  6  19  56
  0  28  1  83  2  44  3  26  4  16  5  37  6  17  7  68  8  82  9  22  10  49  11  58  12  53  13  24  14  15  15  31  16  97  17  88  18  88  19  86
  0  4  1  71  2  75  3  70  4  90  5  80  6  95  7  49  8  98  9  55  10  41  11  37  12  56  13  44  14  39  15  58  16  85  17  78  18  82  19  41
  0  6  1  55  2  14  3  75  4  63  5  71  6  72  7  6  8  57  9  79  10  42  11  3  12  81  13  59  14  63  15  60  16  81  17  12  18  82  19  16
  0  89  1  28  2  72  3  60  4  10  5  1  6  36  7  26  8  44  9  57  10  70  11  37  12  94  13  51  14  69  15  73  16  74  17  38  18  78  19  84
  0  23  1  10  2  39  3  49  4  98  5  79  6  74  7  71  8  94  9  32  10  20  11  53  12  7  13  85  14  94  15  89  16  47  17  27  18  47  19  77
  0  85  1  19  2  58  3  29  4  46  5  88  6  55  7  28  8  15  9  47  10  81  11  86  12  22  13  4  14  29  15  68  16  6  17  66  18  12  19  5
  0  72  1  45  2  61  3  6  4  8  5  9  6  55  7  48  8  15  9  45  10  14  11  99  12  64  13  33  14  24  15  96  16  98  17  43  18  85  19  2
  0  24  1  88  2  77  3  86  4  70  5  27  6  90  7  36  8  15  9  71  10  79  11  69  12  96  13  49  14  32  15  2  16  67  17  51  18  52  19  15
  0  48  1  19  2  99  3  6  4  1  5  88  6  48  7  28  8  29  9  84  10  52  11  37  12  58  13  27  14  17  15  19  16  73  17  94  18  27  19  60
  0  4  1  69  2  83  3  82  4  90  5  37  6  39  7  49  8  72  9  33  10  36  11  26  12  72  13  60  14  97  15  48  16  80  17  92  18  13  19  19
  0  53  1  80  2  22  3  61  4  86  5  92  6  98  7  74  8  25  9  65  10  69  11  81  12  13  13  53  14  32  15  67  16  12  17  97  18  61  19  42
  0  23  1  50  2  8  3  78  4  1  5  26  6  26  7  7  8  50  9  76  10  99  11  71  12  25  13  92  14  40  15  82  16  90  17  90  18  76  19  3
  0  8  1  42  2  74  3  72  4  49  5  39  6  33  7  57  8  61  9  15  10  57  11  56  12  34  13  62  14  21  15  25  16  36  17  17  18  32  19  97
  0  22  1  87  2  94  3  98  4  39  5  75  6  26  7  92  8  69  9  92  10  54  11  10  12  96  13  74  14  27  15  40  16  80  17  59  18  96  19  91
  0  76  1  67  2  62  3  48  4  35  5  6  6  80  7  76  8  70  9  79  10  86  11  68  12  74  13  97  14  84  15  19  16  28  17  82  18  79  19  67
  0  33  1  43  2  86  3  62  4  50  5  57  6  37  7  25  8  41  9  71  10  37  11  20  12  35  13  31  14  84  15  60  16  70  17  82  18  41  19  1
  0  84  1  8  2  89  3  99  4  46  5  94  6  56  7  59  8  64  9  61  10  72  11  64  12  7  13  56  14  81  15  81  16  20  17  30  18  40  19  96
  0  28  1  48  2  65  3  96  4  54  5  75  6  14  7  17  8  96  9  68  10  12  11  25  12  48  13  37  14  63  15  5  16  42  17  91  18  99  19  54
  0  58  1  53  2  56  3  23  4  31  5  15  6  96  7  47  8  46  9  77  10  2  11  62  12  4  13  86  14  98  15  85  16  88  17  66  18  13  19  24
  0  84  1  6  2  53  3  33  4  22  5  52  6  62  7  30  8  32  9  16  10  5  11  46  12  59  13  97  14  58  15  66  16  57  17  75  18  43  19  99
  0  56  1  32  2  11  3  57  4  93  5  2  6  53  7  58  8  33  9  63  10  22  11  71  12  20  13  10  14  73  15  68  16  52  17  79  18  64  19  54
  0  47  1  22  2  65  3  84  4  58  5  27  6  81  7  2  8  55  9  61  10  82  11  33  12  69  13  67  14  84  15  54  16  87  17  30  18  47  19  93
  0  21  1  22  2  58  3  31  4  3  5  66  6  37  7  29  8  76  9  93  10  73  11  89  12  85  13  78  14  75  15  30  16  82  17  69  18  7  19  16
  0  5  1  67  2  27  3  2  4  90  5  6  6  65  7  55  8  38  9  29  10  99  11  80  12  26  13  94  14  15  15  59  16  46  17  30  18  57  19  74
  0  22  1  14  2  21  3  80  4  7  5  78  6  30  7  46  8  99  9  49  10  91  11  82  12  2  13  61  14  42  15  18  16  17  17  13  18  23  19  95
  0  64  1  73  2  34  3  11  4  59  5  28  6  63  7  93  8  78  9  27  10  99  11  19  12  3  13  3  14  66  15  5  16  37  17  33  18  27  19  8
  0  16  1  86  2  67  3  55  4  57  5  76  6  44  7  50  8  32  9  2  10  54  11  46  12  48  13  62  14  71  15  89  16  72  17  62  18  48  19  54
  0  40  1  53  2  81  3  37  4  24  5  70  6  92  7  71  8  64  9  75  10  65  11  96  12  75  13  94  14  46  15  71  16  92  17  20  18  2  19  26
  0  11  1  28  2  81  3  8  4  35  5  12  6  38  7  26  8  54  9  37  10  94  11  46  12  87  13  73  14  72  15  58  16  79  17  72  18  12  19  26
  0  41  1  57  2  45  3  2  4  64  5  82  6  13  7  50  8  47  9  67  10  34  11  32  12  16  13  95  14  55  15  14  16  35  17  60  18  59  19  39
  0  34  1  82  2  1  3  54  4  90  5  26  6  91  7  73  8  50  9  8  10  61  11  42  12  86  13  52  14  67  15  20  16  6  17  57  18  32  19  95
  0  72  1  67  2  11  3  9  4  99  5  50  6  49  7  33  8  23  9  66  10  62  11  55  12  80  13  27  14  45  15  49  16  33  17  18  18  11  19  28
  0  10  1  22  2  5  3  30  4  79  5  53  6  37  7  56  8  62  9  19  10  42  11  93  12  35  13  35  14  57  15  58  16  3  17  86  18  68  19  65
  0  36  1  7  2  77  3  7  4  1  5  93  6  78  7  82  8  13  9  25  10  54  11  28  12  17  13  5  14  34  15  30  16  66  17  73  18  58  19  25
  0  35  1  62  2  59  3  12  4  14  5  58  6  45  7  39  8  55  9  43  10  40  11  43  12  77  13  80  14  35  15  37  16  40  17  2  18  31  19  88
  0  42  1  94  2  96  3  34  4  23  5  94  6  65  7  18  8  56  9  47  10  38  11  45  12  65  13  78  14  76  15  1  16  3  17  95  18  2  19  67
  0  76  1  2  2  21  3  32  4  13  5  8  6  67  7  94  8  83  9  64  10  9  11  85  12  46  13  46  14  64  15  68  16  65  17  70  18  44  19  99
  0  23  1  29  2  84  3  46  4  33  5  55  6  64  7  96  8  11  9  74  10  3  11  17  12  75  13  92  14  92  15  32  16  72  17  27  18  9  19  38
  0  57  1  90  2  95  3  74  4  66  5  67  6  36  7  8  8  72  9  60  10  40  11  15  12  3  13  91  14  8  15  63  16  56  17  72  18  67  19  15
  0  59  1  91  2  79  3  20  4  48  5  89  6  64  7  73  8  51  9  98  10  94  11  32  12  23  13  84  14  48  15  37  16  56  17  15  18  40  19  87
  0  61  1  35  2  49  3  38  4  97  5  32  6  19  7  41  8  92  9  8  10  8  11  55  12  85  13  18  14  11  15  66  16  82  17  13  18  71  19  20
  0  8  1  2  2  61  3  48  4  83  5  45  6  5  7  42  8  84  9  20  10  59  11  3  12  38  13  13  14  96  15  73  16  74  17  63  18  30  19  32
  0  40  1  34  2  85  3  1  4  39  5  91  6  29  7  4  8  53  9  26  10  75  11  69  12  63  13  36  14  49  15  68  16  80  17  69  18  75  19  36
  0  32  1  79  2  26  3  5  4  96  5  56  6  33  7  60  8  60  9  22  10  56  11  95  12  35  13  19  14  75  15  17  16  83  17  21  18  18  19  38
  0  25  1  41  2  65  3  51  4  7  5  23  6  96  7  82  8  93  9  46  10  51  11  52  12  96  13  64  14  24  15  3  16  22  17  72  18  33  19  68
  0  50  1  63  2  14  3  98  4  51  5  25  6  30  7  52  8  98  9  86  10  12  11  31  12  50  13  12  14  55  15  28  16  86  17  4  18  46  19  84
  0  44  1  60  2  95  3  4  4  88  5  14  6  89  7  62  8  87  9  14  10  2  11  4  12  2  13  63  14  20  15  17  16  4  17  10  18  78  19  36
  0  76  1  38  2  98  3  6  4  73  5  40  6  87  7  95  8  18  9  39  10  42  11  80  12  89  13  94  14  51  15  89  16  32  17  38  18  10  19  11
  0  55  1  80  2  67  3  2  4  37  5  19  6  93  7  34  8  45  9  28  10  25  11  84  12  24  13  95  14  16  15  39  16  26  17  72  18  30  19  82
  0  80  1  10  2  28  3  81  4  29  5  24  6  38  7  89  8  65  9  17  10  24  11  29  12  75  13  16  14  88  15  33  16  41  17  46  18  56  19  40
  0  67  1  27  2  52  3  91  4  60  5  49  6  53  7  68  8  28  9  98  10  77  11  49  12  17  13  18  14  50  15  8  16  96  17  21  18  48  19  65
  0  42  1  1  2  24  3  59  4  89  5  9  6  46  7  98  8  64  9  82  10  30  11  34  12  4  13  52  14  18  15  39  16  22  17  59  18  53  19  88
  0  89  1  56  2  51  3  89  4  34  5  86  6  58  7  86  8  71  9  51  10  56  11  65  12  28  13  11  14  50  15  97  16  26  17  92  18  51  19  35
  0  20  1  84  2  37  3  23  4  23  5  44  6  58  7  88  8  55  9  58  10  8  11  51  12  10  13  28  14  99  15  30  16  3  17  57  18  1  19  54
  0  65  1  77  2  9  3  16  4  4  5  39  6  96  7  3  8  5  9  49  10  39  11  11  12  87  13  30  14  5  15  21  16  34  17  35  18  82  19  84
  0  25  1  47  2  61  3  67  4  75  5  41  6  96  7  31  8  57  9  93  10  28  11  54  12  35  13  56  14  31  15  29  16  65  17  46  18  10  19  87
  0  31  1  3  2  73  3  26  4  8  5  18  6  59  7  50  8  87  9  56  10  81  11  54  12  8  13  96  14  10  15  4  16  65  17  67  18  42  19  84
  0  97  1  77  2  94  3  36  4  71  5  42  6  25  7  99  8  20  9  65  10  84  11  24  12  4  13  22  14  41  15  14  16  87  17  64  18  30  19  40
  0  69  1  34  2  18  3  10  4  94  5  49  6  3  7  87  8  45  9  25  10  65  11  15  12  87  13  13  14  54  15  59  16  8  17  82  18  67  19  5
  0  92  1  96  2  71  3  41  4  8  5  25  6  61  7  42  8  96  9  10  10  45  11  30  12  6  13  87  14  33  15  45  16  89  17  19  18  37  19  1
  0  69  1  78  2  20  3  81  4  53  5  23  6  61  7  91  8  15  9  20  10  14  11  4  12  18  13  14  14  69  15  26  16  17  17  71  18  73  19  10
  0  69  1  12  2  37  3  64  4  64  5  34  6  45  7  34  8  12  9  85  10  64  11  85  12  82  13  35  14  85  15  73  16  85  17  52  18  74  19  8
  0  4  1  93  2  93  3  39  4  48  5  59  6  30  7  26  8  95  9  67  10  48  11  49  12  5  13  50  14  40  15  96  16  48  17  84  18  49  19  38
  0  94  1  4  2  86  3  41  4  19  5  50  6  71  7  16  8  41  9  64  10  53  11  87  12  23  13  38  14  17  15  37  16  49  17  47  18  56  19  42
  0  96  1  65  2  80  3  24  4  64  5  24  6  87  7  88  8  3  9  46  10  15  11  98  12  85  13  96  14  58  15  24  16  98  17  21  18  9  19  63
  0  39  1  45  2  57  3  24  4  60  5  81  6  65  7  7  8  98  9  60  10  4  11  36  12  62  13  62  14  91  15  33  16  74  17  53  18  16  19  9
  0  10  1  20  2  90  3  39  4  46  5  58  6  85  7  50  8  35  9  93  10  60  11  8  12  62  13  98  14  49  15  14  16  45  17  50  18  2  19  37
  0  91  1  51  2  77  3  27  4  22  5  99  6  32  7  7  8  26  9  78  10  64  11  35  12  90  13  3  14  99  15  68  16  50  17  51  18  24  19  90
  0  28  1  58  2  11  3  68  4  59  5  51  6  91  7  63  8  41  9  62  10  62  11  4  12  34  13  46  14  36  15  90  16  97  17  64  18  75  19  10
  0  73  1  59  2  71  3  51  4  8  5  88  6  43  7  77  8  88  9  12  10  82  11  76  12  66  13  48  14  75  15  2  16  41  17  46  18  51  19  85
  0  56  1  35  2  60  3  62  4  47  5  37  6  87  7  61  8  97  9  91  10  24  11  36  12  36  13  76  14  77  15  50  16  60  17  65  18  97  19  37
  0  64  1  42  2  22  3  95  4  30  5  46  6  93  7  94  8  82  9  51  10  93  11  2  12  35  13  77  14  87  15  53  16  66  17  90  18  94  19  31
  0  20  1  57  2  6  3  16  4  95  5  31  6  26  7  32  8  87  9  16  10  17  11  6  12  94  13  18  14  53  15  94  16  85  17  76  18  31  19  67
  0  25  1  52  2  87  3  41  4  59  5  95  6  11  7  99  8  43  9  41  10  69  11  51  12  52  13  85  14  76  15  12  16  99  17  44  18  61  19  5
  0  68  1  18  2  32  3  21  4  10  5  84  6  40  7  76  8  90  9  11  10  82  11  74  12  71  13  54  14  3  15  42  16  53  17  91  18  72  19  5
  0  38  1  94  2  75  3  27  4  69  5  45  6  17  7  17  8  58  9  59  10  28  11  85  12  19  13  47  14  48  15  4  16  58  17  58  18  96  19  5
  0  90  1  65  2  67  3  1  4  89  5  86  6  11  7  48  8  78  9  60  10  93  11  58  12  31  13  25  14  28  15  26  16  38  17  51  18  35  19  59
  0  47  1  35  2  74  3  95  4  96  5  70  6  51  7  60  8  96  9  24  10  90  11  96  12  20  13  3  14  30  15  65  16  11  17  93  18  85  19  13
  0  36  1  95  2  70  3  30  4  13  5  79  6  95  7  71  8  13  9  61  10  65  11  99  12  4  13  57  14  49  15  69  16  96  17  54  18  98  19  77
  0  2  1  37  2  39  3  30  4  3  5  29  6  46  7  20  8  33  9  45  10  1  11  95  12  64  13  83  14  76  15  74  16  89  17  74  18  95  19  44
  0  36  1  81  2  69  3  31  4  33  5  26  6  2  7  45  8  53  9  57  10  29  11  24  12  58  13  25  14  11  15  41  16  53  17  96  18  13  19  50
  0  14  1  28  2  32  3  65  4  45  5  7  6  61  7  27  8  80  9  95  10  98  11  82  12  40  13  62  14  34  15  78  16  2  17  64  18  84  19  69
  0  39  1  35  2  53  3  53  4  70  5  84  6  29  7  22  8  71  9  4  10  57  11  71  12  79  13  49  14  58  15  98  16  93  17  42  18  52  19  8
  0  21  1  1  2  27  3  83  4  48  5  97  6  74  7  3  8  39  9  17  10  52  11  97  12  68  13  38  14  63  15  2  16  52  17  82  18  64  19  24
  0  49  1  92  2  32  3  35  4  17  5  39  6  58  7  78  8  68  9  64  10  50  11  19  12  56  13  16  14  53  15  3  16  69  17  28  18  31  19  92
  0  42  1  46  2  58  3  92  4  91  5  12  6  24  7  87  8  35  9  56  10  41  11  54  12  67  13  52  14  16  15  24  16  78  17  44  18  13  19  96
  0  66  1  41  2  36  3  45  4  50  5  40  6  4  7  52  8  5  9  41  10  70  11  74  12  70  13  36  14  59  15  25  16  99  17  97  18  77  19  12
  0  63  1  13  2  37  3  80  4  93  5  17  6  14  7  54  8  81  9  35  10  5  11  54  12  21  13  35  14  66  15  54  16  79  17  40  18  54  19  2
  0  41  1  67  2  88  3  5  4  45  5  90  6  15  7  74  8  23  9  32  10  44  11  58  12  93  13  30  14  77  15  26  16  88  17  64  18  59  19  72
  0  5  1  1  2  17  3  57  4  8  5  8  6  72  7  95  8  32  9  53  10  32  11  79  12  58  13  82  14  4  15  73  16  56  17  35  18  84  19  25
  0  30  1  45  2  20  3  94  4  98  5  58  6  42  7  73  8  97  9  19  10  10  11  62  12  93  13  51  14  36  15  20  16  40  17  11  18  64  19  5
  0  14  1  89  2  19  3  71  4  22  5  10  6  64  7  4  8  53  9  14  10  28  11  72  12  28  13  66  14  77  15  70  16  64  17  14  18  61  19  62
  0  57  1  51  2  52  3  38  4  56  5  15  6  49  7  67  8  69  9  95  10  27  11  95  12  43  13  28  14  44  15  22  16  87  17  16  18  44  19  51
  0  53  1  90  2  10  3  18  4  65  5  17  6  64  7  18  8  92  9  86  10  17  11  89  12  94  13  74  14  96  15  44  16  65  17  42  18  44  19  29
  0  87  1  6  2  23  3  69  4  51  5  16  6  91  7  32  8  3  9  13  10  42  11  3  12  34  13  53  14  93  15  71  16  26  17  14  18  8  19  52
  0  95  1  35  2  42  3  12  4  23  5  50  6  82  7  63  8  57  9  6  10  11  11  44  12  26  13  83  14  91  15  6  16  84  17  73  18  94  19  60
  0  98  1  59  2  85  3  82  4  40  5  5  6  46  7  50  8  37  9  70  10  9  11  72  12  3  13  89  14  23  15  41  16  45  17  83  18  75  19  7
  0  34  1  94  2  43  3  59  4  54  5  62  6  48  7  70  8  5  9  90  10  40  11  24  12  99  13  58  14  28  15  41  16  80  17  73  18  34  19  79
  0  61  1  95  2  47  3  59  4  57  5  50  6  95  7  50  8  56  9  26  10  66  11  20  12  58  13  20  14  32  15  28  16  79  17  74  18  84  19  10
  0  84  1  28  2  66  3  99  4  18  5  58  6  50  7  68  8  25  9  5  10  27  11  93  12  4  13  91  14  76  15  75  16  14  17  86  18  49  19  65
  0  35  1  72  2  73  3  80  4  59  5  14  6  74  7  13  8  51  9  45  10  69  11  56  12  15  13  14  14  60  15  18  16  54  17  52  18  56  19  82
  0  10  1  65  2  94  3  32  4  4  5  58  6  31  7  69  8  45  9  39  10  22  11  75  12  55  13  64  14  41  15  2  16  31  17  28  18  65  19  82
  0  54  1  96  2  47  3  20  4  95  5  51  6  63  7  71  8  99  9  80  10  81  11  36  12  35  13  42  14  11  15  44  16  45  17  89  18  17  19  69
  0  34  1  19  2  7  3  24  4  74  5  89  6  41  7  25  8  30  9  34  10  3  11  17  12  17  13  46  14  40  15  98  16  45  17  9  18  68  19  7
  0  33  1  26  2  84  3  15  4  65  5  42  6  49  7  86  8  48  9  75  10  20  11  87  12  80  13  6  14  46  15  14  16  42  17  79  18  70  19  28
  0  77  1  26  2  87  3  98  4  2  5  5  6  46  7  71  8  94  9  30  10  18  11  31  12  23  13  20  14  50  15  36  16  28  17  92  18  83  19  24
  0  70  1  99  2  1  3  19  4  96  5  53  6  34  7  4  8  96  9  12  10  55  11  21  12  57  13  14  14  20  15  24  16  15  17  80  18  41  19  97
  0  87  1  24  2  9  3  8  4  27  5  37  6  93  7  51  8  16  9  43  10  92  11  27  12  12  13  43  14  99  15  42  16  9  17  81  18  17  19  13
  0  65  1  9  2  45  3  45  4  19  5  33  6  3  7  92  8  97  9  76  10  75  11  24  12  83  13  75  14  86  15  59  16  92  17  96  18  52  19  44
  0  83  1  60  2  54  3  77  4  11  5  81  6  29  7  18  8  59  9  83  10  92  11  17  12  63  13  39  14  18  15  76  16  76  17  36  18  41  19  13
  0  34  1  89  2  76  3  75  4  55  5  34  6  50  7  64  8  53  9  65  10  92  11  31  12  53  13  33  14  48  15  63  16  42  17  84  18  81  19  88
  0  3  1  21  2  10  3  49  4  96  5  15  6  77  7  23  8  6  9  96  10  39  11  3  12  43  13  15  14  49  15  63  16  89  17  24  18  50  19  61
  0  35  1  54  2  8  3  61  4  7  5  69  6  55  7  78  8  22  9  19  10  24  11  81  12  7  13  26  14  70  15  1  16  59  17  95  18  54  19  24
  0  50  1  9  2  6  3  85  4  85  5  40  6  75  7  79  8  87  9  36  10  86  11  45  12  52  13  19  14  15  15  18  16  94  17  1  18  61  19  28
  0  6  1  46  2  1  3  6  4  56  5  3  6  25  7  21  8  34  9  85  10  7  11  54  12  13  13  85  14  49  15  94  16  62  17  48  18  12  19  99
  0  65  1  36  2  14  3  69  4  7  5  61  6  61  7  15  8  29  9  74  10  48  11  23  12  87  13  22  14  33  15  53  16  47  17  25  18  79  19  17
  0  94  1  33  2  18  3  20  4  64  5  64  6  80  7  69  8  10  9  21  10  92  11  82  12  51  13  55  14  36  15  44  16  90  17  29  18  17  19  99
  0  84  1  61  2  5  3  80  4  99  5  99  6  19  7  97  8  91  9  34  10  87  11  53  12  1  13  34  14  97  15  60  16  38  17  97  18  11  19  58
  0  7  1  31  2  30  3  68  4  88  5  98  6  11  7  38  8  84  9  13  10  82  11  54  12  4  13  50  14  17  15  30  16  14  17  26  18  31  19  97
  0  14  1  45  2  57  3  52  4  4  5  27  6  82  7  48  8  32  9  61  10  55  11  18  12  69  13  49  14  9  15  82  16  34  17  40  18  43  19  78
  0  59  1  51  2  82  3  91  4  90  5  53  6  74  7  6  8  41  9  43  10  21  11  92  12  54  13  43  14  46  15  95  16  42  17  96  18  38  19  86
  0  7  1  51  2  28  3  10  4  52  5  41  6  94  7  31  8  60  9  24  10  94  11  49  12  73  13  27  14  68  15  57  16  13  17  99  18  69  19  49
  0  32  1  89  2  16  3  7  4  65  5  81  6  65  7  20  8  47  9  75  10  52  11  14  12  88  13  83  14  46  15  8  16  52  17  66  18  27  19  4
  0  52  1  64  2  76  3  91  4  75  5  68  6  19  7  30  8  5  9  42  10  93  11  11  12  75  13  97  14  19  15  46  16  15  17  85  18  77  19  22
  0  33  1  38  2  42  3  2  4  67  5  92  6  28  7  89  8  99  9  81  10  24  11  72  12  9  13  46  14  49  15  7  16  2  17  48  18  38  19  23
  0  61  1  49  2  41  3  49  4  99  5  97  6  11  7  98  8  85  9  50  10  93  11  55  12  10  13  7  14  51  15  52  16  95  17  38  18  92  19  42
  0  70  1  37  2  78  3  92  4  44  5  26  6  28  7  52  8  79  9  86  10  57  11  79  12  45  13  16  14  7  15  31  16  72  17  12  18  48  19  37
  0  70  1  41  2  79  3  32  4  70  5  46  6  50  7  1  8  93  9  93  10  63  11  61  12  74  13  80  14  60  15  3  16  85  17  28  18  78  19  43
  0  23  1  46  2  36  3  78  4  79  5  51  6  90  7  28  8  99  9  60  10  64  11  15  12  81  13  94  14  52  15  21  16  2  17  68  18  33  19  18
  0  41  1  58  2  61  3  48  4  64  5  53  6  16  7  23  8  74  9  49  10  18  11  53  12  38  13  36  14  58  15  30  16  54  17  89  18  88  19  24
  0  26  1  57  2  69  3  69  4  42  5  16  6  78  7  50  8  76  9  32  10  24  11  4  12  84  13  48  14  13  15  15  16  28  17  92  18  69  19  57
  0  68  1  54  2  15  3  14  4  17  5  13  6  34  7  75  8  23  9  82  10  2  11  7  12  37  13  13  14  49  15  21  16  88  17  81  18  79  19  5
  0  58  1  37  2  72  3  93  4  35  5  3  6  43  7  79  8  94  9  30  10  20  11  92  12  35  13  82  14  89  15  14  16  42  17  75  18  3  19  92
  0  2  1  3  2  33  3  74  4  56  5  31  6  68  7  72  8  74  9  38  10  25  11  27  12  98  13  34  14  55  15  55  16  65  17  78  18  79  19  67
  0  34  1  94  2  45  3  96  4  59  5  38  6  14  7  98  8  85  9  69  10  27  11  89  12  71  13  44  14  85  15  32  16  45  17  14  18  64  19  9
  0  64  1  3  2  37  3  18  4  39  5  14  6  72  7  88  8  15  9  54  10  52  11  13  12  52  13  10  14  95  15  24  16  38  17  99  18  12  19  75
  0  9  1  85  2  97  3  8  4  78  5  20  6  64  7  91  8  7  9  55  10  55  11  99  12  39  13  63  14  91  15  36  16  10  17  16  18  55  19  26
  0  84  1  28  2  90  3  57  4  94  5  91  6  3  7  7  8  85  9  15  10  57  11  5  12  60  13  59  14  34  15  21  16  31  17  63  18  75  19  74
  0  80  1  47  2  33  3  95  4  92  5  77  6  13  7  97  8  29  9  23  10  58  11  33  12  41  13  21  14  29  15  51  16  48  17  56  18  71  19  65
  0  25  1  99  2  77  3  8  4  78  5  72  6  78  7  37  8  4  9  29  10  27  11  9  12  47  13  76  14  67  15  31  16  33  17  72  18  79  19  76
  0  7  1  64  2  64  3  10  4  16  5  69  6  1  7  51  8  36  9  12  10  85  11  97  12  98  13  45  14  51  15  61  16  92  17  52  18  1  19  96
  0  32  1  91  2  30  3  31  4  25  5  25  6  4  7  23  8  81  9  47  10  20  11  6  12  39  13  14  14  81  15  85  16  3  17  35  18  40  19  22
  0  22  1  62  2  3  3  89  4  60  5  7  6  7  7  4  8  19  9  68  10  99  11  71  12  19  13  46  14  94  15  84  16  72  17  68  18  64  19  71
  0  75  1  69  2  15  3  73  4  14  5  92  6  46  7  26  8  59  9  97  10  86  11  37  12  8  13  8  14  60  15  6  16  77  17  15  18  26  19  26
  0  62  1  40  2  98  3  67  4  29  5  7  6  34  7  23  8  85  9  79  10  49  11  58  12  65  13  79  14  94  15  29  16  4  17  63  18  19  19  28
  0  9  1  56  2  76  3  78  4  36  5  42  6  69  7  94  8  33  9  69  10  41  11  80  12  20  13  29  14  47  15  24  16  93  17  10  18  63  19  4
  0  2  1  27  2  33  3  49  4  14  5  84  6  45  7  76  8  76  9  38  10  89  11  21  12  38  13  33  14  51  15  32  16  85  17  57  18  19  19  89
  0  23  1  37  2  38  3  77  4  73  5  44  6  22  7  10  8  4  9  11  10  96  11  95  12  94  13  72  14  68  15  91  16  2  17  66  18  99  19  80
  0  83  1  71  2  72  3  68  4  97  5  67  6  52  7  96  8  78  9  38  10  74  11  4  12  58  13  60  14  51  15  83  16  97  17  37  18  26  19  32
  0  19  1  84  2  54  3  74  4  78  5  74  6  83  7  18  8  19  9  73  10  46  11  60  12  68  13  64  14  10  15  64  16  2  17  21  18  23  19  75
  0  71  1  66  2  78  3  36  4  63  5  47  6  69  7  23  8  54  9  7  10  89  11  25  12  60  13  29  14  53  15  23  16  8  17  86  18  83  19  41
  0  73  1  26  2  23  3  95  4  63  5  63  6  68  7  37  8  30  9  75  10  9  11  81  12  62  13  16  14  49  15  65  16  76  17  78  18  30  19  79
  0  94  1  97  2  70  3  59  4  14  5  60  6  15  7  31  8  74  9  58  10  51  11  57  12  86  13  15  14  19  15  24  16  87  17  58  18  43  19  49
  0  25  1  33  2  55  3  33  4  89  5  60  6  81  7  55  8  50  9  6  10  25  11  93  12  59  13  97  14  49  15  38  16  30  17  15  18  61  19  98
  0  9  1  33  2  44  3  47  4  90  5  1  6  76  7  38  8  52  9  88  10  57  11  93  12  92  13  15  14  11  15  59  16  27  17  66  18  48  19  51
  0  51  1  49  2  95  3  62  4  76  5  43  6  37  7  95  8  21  9  50  10  17  11  32  12  81  13  50  14  98  15  72  16  37  17  15  18  87  19  91
  0  55  1  34  2  56  3  97  4  6  5  63  6  25  7  93  8  91  9  94  10  95  11  81  12  60  13  99  14  36  15  43  16  66  17  12  18  69  19  99
  0  67  1  44  2  7  3  46  4  3  5  46  6  24  7  78  8  86  9  58  10  97  11  93  12  85  13  23  14  16  15  19  16  97  17  42  18  49  19  82
  0  35  1  5  2  49  3  59  4  73  5  19  6  92  7  50  8  35  9  30  10  10  11  53  12  9  13  94  14  57  15  61  16  21  17  48  18  10  19  91
  0  17  1  3  2  2  3  14  4  20  5  28  6  37  7  52  8  69  9  34  10  37  11  74  12  52  13  47  14  11  15  77  16  97  17  40  18  60  19  54
  0  79  1  67  2  46  3  88  4  53  5  19  6  97  7  10  8  23  9  84  10  20  11  25  12  19  13  90  14  48  15  75  16  25  17  67  18  46  19  22
  0  81  1  42  2  41  3  29  4  74  5  72  6  58  7  14  8  56  9  63  10  88  11  85  12  85  13  40  14  95  15  71  16  69  17  56  18  57  19  28
  0  36  1  74  2  96  3  69  4  97  5  34  6  36  7  64  8  54  9  4  10  98  11  84  12  63  13  90  14  18  15  13  16  72  17  22  18  46  19  27
  0  87  1  62  2  77  3  32  4  28  5  8  6  99  7  3  8  92  9  66  10  68  11  62  12  26  13  34  14  56  15  3  16  71  17  15  18  17  19  20
  0  54  1  46  2  74  3  33  4  6  5  22  6  24  7  2  8  58  9  35  10  5  11  61  12  41  13  80  14  77  15  38  16  70  17  79  18  28  19  14
  0  21  1  27  2  63  3  66  4  96  5  75  6  94  7  84  8  74  9  87  10  91  11  42  12  56  13  49  14  81  15  88  16  63  17  2  18  21  19  76
  0  79  1  46  2  43  3  41  4  82  5  29  6  93  7  7  8  66  9  4  10  74  11  70  12  16  13  38  14  78  15  1  16  93  17  4  18  81  19  56
  0  53  1  75  2  15  3  88  4  82  5  11  6  52  7  10  8  56  9  15  10  66  11  28  12  25  13  84  14  44  15  76  16  91  17  93  18  78  19  99
  0  56  1  79  2  63  3  69  4  6  5  20  6  49  7  34  8  97  9  23  10  64  11  42  12  68  13  70  14  92  15  73  16  46  17  76  18  48  19  84
  0  68  1  65  2  24  3  54  4  22  5  74  6  68  7  55  8  61  9  26  10  40  11  35  12  71  13  48  14  41  15  41  16  79  17  11  18  13  19  45
  0  32  1  29  2  68  3  50  4  96  5  37  6  80  7  68  8  47  9  35  10  56  11  36  12  46  13  79  14  56  15  60  16  37  17  35  18  54  19  55
  0  97  1  52  2  36  3  88  4  33  5  96  6  84  7  50  8  92  9  73  10  9  11  17  12  58  13  15  14  92  15  70  16  26  17  11  18  88  19  6
  0  74  1  24  2  89  3  18  4  2  5  1  6  30  7  61  8  76  9  83  10  15  11  30  12  24  13  64  14  74  15  96  16  48  17  59  18  95  19  91
  0  62  1  87  2  79  3  42  4  74  5  69  6  15  7  75  8  61  9  94  10  75  11  72  12  7  13  21  14  87  15  18  16  11  17  97  18  12  19  76
  0  83  1  30  2  41  3  21  4  75  5  29  6  17  7  50  8  17  9  14  10  1  11  95  12  73  13  53  14  66  15  22  16  22  17  73  18  88  19  23
  0  19  1  63  2  54  3  15  4  12  5  53  6  18  7  56  8  13  9  54  10  68  11  38  12  43  13  78  14  98  15  50  16  99  17  80  18  75  19  98
  0  26  1  82  2  57  3  24  4  71  5  93  6  14  7  63  8  77  9  9  10  45  11  51  12  30  13  63  14  87  15  37  16  46  17  92  18  72  19  87
  0  12  1  78  2  70  3  80  4  77  5  33  6  33  7  23  8  62  9  24  10  15  11  50  12  51  13  36  14  44  15  70  16  66  17  49  18  67  19  83
  0  59  1  46  2  90  3  81  4  41  5  10  6  90  7  1  8  56  9  54  10  72  11  96  12  76  13  95  14  90  15  49  16  48  17  87  18  62  19  27
  0  40  1  35  2  51  3  70  4  57  5  87  6  70  7  62  8  35  9  81  10  74  11  5  12  23  13  56  14  8  15  18  16  12  17  88  18  30  19  25
  0  75  1  99  2  62  3  3  4  37  5  54  6  1  7  97  8  57  9  35  10  85  11  33  12  25  13  59  14  50  15  82  16  99  17  95  18  71  19  61
  0  16  1  73  2  84  3  60  4  64  5  5  6  56  7  48  8  15  9  54  10  22  11  86  12  30  13  37  14  17  15  58  16  90  17  22  18  75  19  85
  0  43  1  63  2  73  3  95  4  22  5  14  6  32  7  68  8  22  9  66  10  8  11  59  12  11  13  28  14  46  15  88  16  18  17  49  18  74  19  41
  0  39  1  35  2  38  3  22  4  31  5  19  6  34  7  46  8  96  9  84  10  90  11  81  12  85  13  54  14  77  15  50  16  52  17  85  18  65  19  67
  0  56  1  49  2  66  3  83  4  87  5  67  6  14  7  37  8  56  9  45  10  74  11  52  12  86  13  27  14  98  15  23  16  81  17  42  18  41  19  85
  0  79  1  52  2  25  3  62  4  2  5  84  6  24  7  16  8  48  9  30  10  73  11  74  12  23  13  39  14  62  15  90  16  77  17  35  18  38  19  61
  0  93  1  44  2  46  3  15  4  71  5  96  6  75  7  40  8  71  9  50  10  89  11  25  12  28  13  51  14  58  15  11  16  50  17  29  18  15  19  95
  0  59  1  75  2  30  3  45  4  35  5  77  6  36  7  73  8  74  9  94  10  76  11  23  12  80  13  91  14  54  15  48  16  26  17  81  18  94  19  83
  0  82  1  31  2  58  3  48  4  93  5  32  6  69  7  19  8  26  9  55  10  30  11  74  12  46  13  18  14  58  15  92  16  90  17  49  18  55  19  57
  0  40  1  29  2  84  3  92  4  8  5  28  6  43  7  54  8  92  9  90  10  30  11  18  12  82  13  18  14  54  15  71  16  92  17  63  18  41  19  86
  0  65  1  27  2  26  3  19  4  84  5  27  6  36  7  85  8  78  9  87  10  13  11  97  12  96  13  44  14  21  15  50  16  5  17  90  18  32  19  16
  0  30  1  99  2  11  3  68  4  31  5  91  6  9  7  42  8  6  9  33  10  59  11  21  12  41  13  3  14  35  15  80  16  66  17  40  18  91  19  54
  0  76  1  67  2  31  3  84  4  31  5  62  6  44  7  81  8  42  9  10  10  17  11  1  12  10  13  59  14  14  15  16  16  74  17  74  18  80  19  42
  0  77  1  52  2  8  3  37  4  68  5  38  6  65  7  91  8  94  9  65  10  4  11  82  12  52  13  11  14  56  15  42  16  94  17  31  18  17  19  79
  0  25  1  14  2  68  3  59  4  19  5  85  6  71  7  2  8  49  9  36  10  54  11  85  12  16  13  51  14  73  15  58  16  98  17  81  18  5  19  70
  0  88  1  82  2  5  3  15  4  61  5  85  6  61  7  24  8  4  9  13  10  2  11  47  12  3  13  24  14  38  15  23  16  58  17  70  18  64  19  22
  0  81  1  92  2  44  3  20  4  93  5  78  6  46  7  15  8  23  9  78  10  14  11  13  12  78  13  39  14  75  15  52  16  48  17  5  18  47  19  21
  0  37  1  93  2  63  3  93  4  60  5  58  6  50  7  7  8  40  9  70  10  26  11  33  12  85  13  4  14  85  15  25  16  47  17  6  18  16  19  46
  0  73  1  69  2  32  3  4  4  13  5  55  6  53  7  55  8  48  9  24  10  40  11  52  12  40  13  80  14  67  15  36  16  23  17  30  18  7  19  10
  0  94  1  16  2  43  3  47  4  64  5  74  6  46  7  13  8  77  9  23  10  73  11  97  12  18  13  89  14  74  15  6  16  51  17  21  18  22  19  40
  0  83  1  49  2  93  3  73  4  18  5  97  6  80  7  1  8  55  9  47  10  86  11  13  12  63  13  7  14  50  15  37  16  12  17  55  18  17  19  29
  0  50  1  42  2  14  3  25  4  65  5  69  6  34  7  66  8  68  9  95  10  19  11  82  12  65  13  27  14  87  15  70  16  44  17  92  18  73  19  21
  0  59  1  13  2  45  3  80  4  4  5  14  6  38  7  30  8  9  9  44  10  15  11  52  12  91  13  95  14  30  15  88  16  64  17  36  18  78  19  17
  0  52  1  10  2  34  3  14  4  96  5  52  6  29  7  63  8  53  9  31  10  16  11  37  12  77  13  26  14  15  15  57  16  84  17  76  18  44  19  13
  0  26  1  80  2  85  3  93  4  97  5  33  6  20  7  59  8  2  9  11  10  52  11  69  12  6  13  64  14  8  15  25  16  68  17  62  18  50  19  4
  0  46  1  2  2  80  3  97  4  92  5  82  6  3  7  75  8  92  9  6  10  61  11  31  12  23  13  52  14  99  15  95  16  22  17  28  18  80  19  14
  0  3  1  11  2  78  3  20  4  45  5  31  6  33  7  65  8  57  9  44  10  11  11  78  12  87  13  10  14  41  15  59  16  24  17  69  18  94  19  44
  0  26  1  83  2  33  3  85  4  49  5  91  6  56  7  37  8  88  9  72  10  13  11  40  12  33  13  47  14  55  15  48  16  3  17  49  18  51  19  41
  0  34  1  26  2  96  3  4  4  4  5  83  6  72  7  86  8  32  9  72  10  51  11  61  12  96  13  61  14  51  15  38  16  43  17  74  18  78  19  26
  0  80  1  78  2  17  3  28  4  95  5  28  6  56  7  14  8  22  9  31  10  60  11  15  12  54  13  82  14  21  15  32  16  86  17  71  18  52  19  52
  0  13  1  72  2  13  3  3  4  32  5  59  6  64  7  5  8  31  9  26  10  18  11  5  12  48  13  80  14  95  15  81  16  34  17  56  18  33  19  61
  0  62  1  58  2  6  3  9  4  66  5  35  6  23  7  47  8  94  9  42  10  59  11  36  12  7  13  44  14  91  15  30  16  73  17  70  18  70  19  62
  0  29  1  12  2  52  3  50  4  4  5  31  6  53  7  8  8  30  9  29  10  15  11  20  12  95  13  84  14  85  15  4  16  6  17  48  18  68  19  64
  0  46  1  82  2  72  3  25  4  89  5  57  6  79  7  86  8  74  9  57  10  16  11  44  12  43  13  46  14  84  15  67  16  25  17  4  18  95  19  24
  0  6  1  41  2  4  3  96  4  11  5  31  6  51  7  36  8  95  9  34  10  49  11  33  12  25  13  2  14  74  15  16  16  75  17  80  18  44  19  98
  0  6  1  52  2  4  3  42  4  66  5  87  6  47  7  99  8  53  9  93  10  30  11  55  12  20  13  80  14  83  15  86  16  7  17  90  18  3  19  2
  0  51  1  48  2  85  3  37  4  81  5  30  6  48  7  11  8  22  9  72  10  31  11  75  12  49  13  58  14  86  15  5  16  82  17  40  18  95  19  19
  0  93  1  13  2  66  3  34  4  73  5  31  6  10  7  64  8  1  9  27  10  94  11  53  12  74  13  92  14  21  15  89  16  26  17  16  18  77  19  23
  0  21  1  91  2  59  3  8  4  4  5  49  6  66  7  38  8  64  9  53  10  15  11  33  12  15  13  98  14  15  15  98  16  4  17  72  18  18  19  87
  0  20  1  73  2  31  3  2  4  58  5  14  6  29  7  40  8  36  9  29  10  49  11  69  12  5  13  89  14  27  15  72  16  78  17  67  18  1  19  9
  0  73  1  22  2  14  3  79  4  52  5  4  6  86  7  99  8  88  9  79  10  19  11  97  12  10  13  33  14  67  15  16  16  82  17  5  18  8  19  67
  0  52  1  61  2  52  3  78  4  47  5  14  6  10  7  26  8  98  9  27  10  94  11  38  12  58  13  84  14  32  15  32  16  2  17  5  18  95  19  90
  0  45  1  22  2  97  3  20  4  25  5  80  6  13  7  22  8  18  9  2  10  82  11  86  12  79  13  20  14  75  15  84  16  58  17  6  18  55  19  9
  0  6  1  14  2  9  3  8  4  61  5  28  6  30  7  94  8  26  9  95  10  57  11  37  12  27  13  64  14  21  15  59  16  39  17  59  18  25  19  4
  0  23  1  88  2  6  3  42  4  84  5  39  6  9  7  29  8  88  9  5  10  93  11  43  12  51  13  80  14  51  15  54  16  9  17  81  18  99  19  4
  0  49  1  94  2  89  3  9  4  30  5  67  6  27  7  7  8  37  9  85  10  17  11  5  12  46  13  93  14  54  15  14  16  3  17  66  18  46  19  63
  0  27  1  43  2  26  3  37  4  4  5  52  6  84  7  75  8  20  9  21  10  56  11  32  12  62  13  36  14  9  15  86  16  88  17  88  18  34  19  34
  0  18  1  43  2  49  3  24  4  24  5  89  6  34  7  15  8  28  9  76  10  81  11  46  12  2  13  50  14  34  15  77  16  44  17  25  18  23  19  23
  0  1  1  68  2  45  3  81  4  20  5  76  6  36  7  56  8  74  9  77  10  36  11  96  12  94  13  88  14  37  15  20  16  84  17  94  18  75  19  87
  0  24  1  58  2  10  3  42  4  79  5  49  6  74  7  37  8  68  9  64  10  30  11  11  12  46  13  89  14  33  15  88  16  38  17  93  18  92  19  13
  0  99  1  81  2  2  3  32  4  95  5  46  6  45  7  8  8  41  9  75  10  38  11  12  12  14  13  25  14  29  15  26  16  68  17  59  18  80  19  69
  0  85  1  5  2  23  3  7  4  43  5  96  6  19  7  22  8  99  9  83  10  2  11  59  12  15  13  42  14  78  15  61  16  63  17  12  18  92  19  60
  0  98  1  39  2  5  3  95  4  86  5  9  6  37  7  78  8  12  9  94  10  61  11  13  12  20  13  54  14  68  15  39  16  64  17  46  18  24  19  83
  0  50  1  64  2  87  3  7  4  11  5  96  6  88  7  88  8  52  9  53  10  45  11  9  12  51  13  41  14  88  15  83  16  95  17  62  18  35  19  89
  0  94  1  66  2  5  3  86  4  9  5  86  6  87  7  92  8  72  9  41  10  97  11  8  12  99  13  74  14  76  15  71  16  15  17  77  18  34  19  1
  0  33  1  6  2  26  3  43  4  81  5  80  6  25  7  51  8  58  9  58  10  25  11  57  12  41  13  78  14  73  15  93  16  5  17  51  18  50  19  10
  0  20  1  28  2  17  3  61  4  24  5  70  6  96  7  81  8  96  9  12  10  88  11  65  12  88  13  76  14  6  15  9  16  59  17  5  18  80  19  7
  0  55  1  89  2  10  3  84  4  13  5  32  6  7  7  20  8  73  9  63  10  80  11  91  12  47  13  2  14  83  15  45  16  58  17  31  18  76  19  70
  0  63  1  24  2  8  3  35  4  18  5  42  6  7  7  12  8  48  9  3  10  44  11  92  12  32  13  70  14  95  15  85  16  13  17  22  18  21  19  34
  0  93  1  11  2  51  3  96  4  86  5  99  6  27  7  91  8  7  9  56  10  47  11  80  12  60  13  31  14  19  15  46  16  32  17  51  18  6  19  15
  0  94  1  11  2  34  3  82  4  96  5  34  6  87  7  80  8  80  9  40  10  9  11  86  12  61  13  51  14  88  15  42  16  54  17  5  18  2  19  67
  0  36  1  63  2  41  3  59  4  72  5  47  6  29  7  15  8  58  9  21  10  29  11  36  12  39  13  11  14  93  15  83  16  25  17  35  18  95  19  98
  0  96  1  72  2  39  3  12  4  83  5  13  6  69  7  1  8  61  9  46  10  92  11  70  12  75  13  91  14  92  15  65  16  25  17  81  18  20  19  43
  0  35  1  40  2  54  3  55  4  10  5  29  6  94  7  37  8  52  9  47  10  28  11  75  12  79  13  1  14  59  15  28  16  82  17  94  18  24  19  6
  0  3  1  99  2  6  3  32  4  19  5  3  6  37  7  64  8  80  9  38  10  52  11  12  12  18  13  66  14  11  15  9  16  23  17  38  18  32  19  14
  0  80  1  66  2  96  3  55  4  86  5  2  6  90  7  33  8  94  9  63  10  31  11  45  12  66  13  83  14  77  15  17  16  27  17  74  18  12  19  29
  0  42  1  18  2  60  3  89  4  74  5  28  6  79  7  88  8  84  9  53  10  32  11  21  12  75  13  7  14  14  15  89  16  16  17  49  18  32  19  11
  0  70  1  59  2  24  3  68  4  28  5  62  6  70  7  21  8  20  9  8  10  54  11  39  12  51  13  14  14  57  15  24  16  87  17  26  18  94  19  46
  0  89  1  39  2  43  3  95  4  67  5  4  6  94  7  39  8  3  9  8  10  59  11  26  12  73  13  90  14  85  15  80  16  50  17  46  18  71  19  74
  0  85  1  23  2  6  3  84  4  87  5  18  6  31  7  48  8  53  9  28  10  40  11  92  12  22  13  2  14  42  15  10  16  48  17  13  18  56  19  70
  0  23  1  43  2  25  3  27  4  82  5  38  6  51  7  43  8  88  9  92  10  96  11  41  12  74  13  61  14  8  15  61  16  72  17  15  18  48  19  74
  0  82  1  73  2  51  3  94  4  55  5  95  6  32  7  67  8  77  9  12  10  14  11  59  12  89  13  13  14  57  15  45  16  89  17  51  18  8  19  79
  0  85  1  99  2  87  3  16  4  2  5  83  6  5  7  73  8  62  9  85  10  50  11  3  12  98  13  73  14  16  15  75  16  51  17  19  18  44  19  6
  0  75  1  94  2  87  3  88  4  56  5  69  6  61  7  93  8  3  9  49  10  93  11  67  12  72  13  15  14  13  15  26  16  45  17  72  18  39  19  33
  0  57  1  7  2  55  3  12  4  41  5  9  6  73  7  20  8  61  9  16  10  34  11  94  12  28  13  78  14  98  15  49  16  16  17  63  18  20  19  69
  0  40  1  24  2  97  3  43  4  69  5  30  6  66  7  33  8  48  9  28  10  60  11  60  12  91  13  49  14  59  15  64  16  61  17  28  18  14  19  67
  0  26  1  74  2  83  3  35  4  86  5  2  6  68  7  40  8  98  9  37  10  90  11  51  12  39  13  35  14  62  15  3  16  86  17  81  18  69  19  31
  0  18  1  73  2  14  3  82  4  43  5  80  6  33  7  8  8  28  9  54  10  79  11  16  12  74  13  29  14  5  15  63  16  63  17  21  18  22  19  68
  0  75  1  31  2  8  3  3  4  47  5  14  6  80  7  96  8  24  9  51  10  69  11  47  12  25  13  50  14  50  15  36  16  27  17  61  18  26  19  68
  0  21  1  77  2  63  3  23  4  25  5  61  6  32  7  47  8  37  9  13  10  83  11  47  12  56  13  80  14  84  15  67  16  26  17  62  18  96  19  35
  0  68  1  67  2  42  3  41  4  5  5  22  6  21  7  62  8  95  9  51  10  61  11  60  12  34  13  59  14  13  15  2  16  85  17  93  18  28  19  88
  0  50  1  75  2  79  3  1  4  89  5  14  6  8  7  74  8  54  9  51  10  6  11  87  12  97  13  1  14  87  15  4  16  56  17  71  18  79  19  14
  0  42  1  2  2  41  3  76  4  77  5  32  6  23  7  24  8  53  9  98  10  83  11  20  12  9  13  28  14  40  15  56  16  62  17  59  18  42  19  34
  0  22  1  24  2  57  3  78  4  76  5  71  6  34  7  61  8  42  9  3  10  78  11  49  12  1  13  61  14  44  15  93  16  73  17  97  18  43  19  20
  0  12  1  90  2  12  3  9  4  82  5  9  6  94  7  54  8  1  9  35  10  29  11  40  12  34  13  91  14  49  15  91  16  62  17  41  18  34  19  71
  0  90  1  38  2  73  3  36  4  40  5  73  6  23  7  71  8  60  9  29  10  72  11  76  12  37  13  31  14  57  15  54  16  6  17  75  18  74  19  38
  0  72  1  57  2  86  3  67  4  10  5  38  6  32  7  68  8  96  9  19  10  70  11  25  12  91  13  22  14  24  15  47  16  72  17  75  18  11  19  54
  0  86  1  68  2  63  3  39  4  93  5  27  6  88  7  87  8  77  9  9  10  13  11  63  12  80  13  39  14  9  15  76  16  82  17  15  18  10  19  8
  0  15  1  59  2  48  3  45  4  2  5  20  6  87  7  66  8  45  9  4  10  14  11  66  12  20  13  29  14  18  15  10  16  33  17  28  18  1  19  74
  0  59  1  7  2  45  3  89  4  68  5  86  6  66  7  10  8  98  9  45  10  34  11  67  12  39  13  62  14  3  15  89  16  40  17  15  18  25  19  83
  0  48  1  85  2  16  3  16  4  37  5  94  6  92  7  51  8  96  9  32  10  16  11  13  12  77  13  90  14  7  15  86  16  21  17  1  18  8  19  89
  0  20  1  25  2  12  3  60  4  80  5  70  6  93  7  46  8  89  9  12  10  98  11  95  12  9  13  47  14  79  15  95  16  34  17  19  18  91  19  81
  0  18  1  82  2  82  3  33  4  24  5  99  6  36  7  31  8  59  9  79  10  55  11  26  12  21  13  15  14  99  15  61  16  38  17  74  18  9  19  36
  0  98  1  37  2  72  3  10  4  92  5  7  6  40  7  77  8  16  9  25  10  73  11  76  12  14  13  65  14  76  15  98  16  51  17  93  18  72  19  9
  0  43  1  15  2  11  3  9  4  92  5  52  6  7  7  1  8  4  9  10  10  60  11  17  12  78  13  36  14  10  15  39  16  6  17  81  18  13  19  19
  0  5  1  9  2  48  3  71  4  95  5  14  6  98  7  7  8  79  9  53  10  57  11  11  12  74  13  96  14  51  15  10  16  36  17  39  18  92  19  64
  0  54  1  57  2  88  3  74  4  5  5  73  6  79  7  5  8  92  9  80  10  87  11  60  12  37  13  34  14  75  15  57  16  61  17  7  18  77  19  84
  0  91  1  81  2  32  3  38  4  91  5  6  6  30  7  86  8  71  9  52  10  68  11  1  12  59  13  41  14  60  15  29  16  17  17  37  18  50  19  36
  0  37  1  11  2  31  3  23  4  60  5  36  6  69  7  85  8  96  9  66  10  68  11  94  12  33  13  97  14  42  15  98  16  72  17  22  18  77  19  77
  0  28  1  35  2  98  3  13  4  73  5  35  6  68  7  34  8  19  9  32  10  89  11  70  12  61  13  72  14  87  15  13  16  40  17  20  18  92  19  62
  0  79  1  63  2  53  3  32  4  16  5  44  6  33  7  8  8  34  9  20  10  1  11  4  12  52  13  5  14  97  15  61  16  43  17  53  18  34  19  76
  0  78  1  85  2  70  3  52  4  28  5  63  6  76  7  17  8  52  9  61  10  62  11  54  12  73  13  10  14  38  15  25  16  15  17  82  18  51  19  90
  0  34  1  66  2  82  3  70  4  4  5  45  6  32  7  67  8  4  9  58  10  2  11  74  12  29  13  45  14  66  15  34  16  38  17  74  18  94  19  8
  0  89  1  7  2  43  3  84  4  34  5  66  6  59  7  32  8  67  9  95  10  45  11  78  12  67  13  29  14  83  15  64  16  57  17  14  18  19  19  8
  0  78  1  57  2  44  3  79  4  64  5  78  6  50  7  77  8  31  9  92  10  15  11  37  12  58  13  71  14  56  15  33  16  6  17  37  18  77  19  46
  0  78  1  85  2  67  3  10  4  67  5  64  6  40  7  55  8  98  9  37  10  28  11  17  12  81  13  3  14  62  15  76  16  45  17  71  18  1  19  50
  0  85  1  1  2  88  3  43  4  76  5  42  6  70  7  41  8  19  9  71  10  80  11  95  12  14  13  75  14  67  15  33  16  9  17  30  18  64  19  96
  0  31  1  11  2  81  3  87  4  14  5  92  6  81  7  82  8  96  9  34  10  92  11  27  12  20  13  76  14  40  15  44  16  79  17  76  18  9  19  4
  0  95  1  67  2  81  3  37  4  6  5  8  6  1  7  2  8  4  9  74  10  47  11  24  12  69  13  3  14  50  15  71  16  66  17  68  18  53  19  48
  0  5  1  93  2  8  3  94  4  91  5  92  6  73  7  43  8  15  9  2  10  44  11  76  12  47  13  62  14  23  15  63  16  48  17  47  18  21  19  80
  0  4  1  45  2  54  3  55  4  44  5  50  6  60  7  77  8  20  9  21  10  58  11  56  12  25  13  99  14  26  15  42  16  95  17  18  18  68  19  24
  0  44  1  14  2  1  3  71  4  73  5  44  6  70  7  97  8  2  9  77  10  84  11  38  12  99  13  82  14  29  15  92  16  1  17  60  18  86  19  70
  0  44  1  81  2  2  3  22  4  70  5  21  6  29  7  70  8  69  9  17  10  79  11  54  12  44  13  82  14  56  15  59  16  62  17  44  18  20  19  97
  0  88  1  2  2  51  3  54  4  22  5  23  6  88  7  20  8  94  9  12  10  56  11  74  12  96  13  30  14  15  15  94  16  23  17  46  18  2  19  86
  0  85  1  47  2  41  3  85  4  5  5  44  6  38  7  67  8  92  9  38  10  90  11  53  12  96  13  45  14  79  15  14  16  38  17  97  18  32  19  4
  0  99  1  52  2  49  3  73  4  24  5  90  6  57  7  55  8  28  9  84  10  29  11  5  12  57  13  64  14  61  15  50  16  29  17  9  18  26  19  81
  0  30  1  48  2  29  3  87  4  77  5  53  6  32  7  13  8  57  9  34  10  29  11  93  12  3  13  1  14  93  15  6  16  64  17  33  18  14  19  18
  0  91  1  67  2  98  3  50  4  38  5  17  6  27  7  64  8  37  9  54  10  52  11  46  12  32  13  42  14  10  15  56  16  46  17  89  18  69  19  52
  0  26  1  55  2  31  3  23  4  2  5  46  6  74  7  68  8  41  9  71  10  97  11  29  12  87  13  44  14  99  15  52  16  19  17  50  18  98  19  28
  0  60  1  29  2  98  3  63  4  42  5  32  6  34  7  47  8  82  9  40  10  58  11  42  12  29  13  76  14  61  15  7  16  13  17  47  18  23  19  19
  0  71  1  67  2  46  3  70  4  53  5  85  6  21  7  49  8  30  9  4  10  16  11  22  12  45  13  54  14  98  15  90  16  94  17  75  18  26  19  81
  0  30  1  10  2  63  3  99  4  93  5  13  6  23  7  43  8  64  9  34  10  25  11  68  12  56  13  26  14  24  15  53  16  88  17  81  18  55  19  87
  0  41  1  15  2  95  3  12  4  51  5  18  6  40  7  45  8  14  9  76  10  41  11  14  12  96  13  26  14  53  15  49  16  82  17  72  18  94  19  13
  0  97  1  6  2  18  3  88  4  89  5  96  6  23  7  22  8  57  9  45  10  95  11  23  12  61  13  14  14  27  15  44  16  54  17  81  18  60  19  4
  0  11  1  82  2  57  3  31  4  54  5  35  6  95  7  25  8  99  9  57  10  33  11  80  12  71  13  33  14  89  15  9  16  53  17  77  18  62  19  57
  0  90  1  7  2  36  3  16  4  39  5  27  6  81  7  49  8  43  9  73  10  46  11  97  12  87  13  87  14  83  15  52  16  38  17  3  18  62  19  68
  0  86  1  68  2  67  3  91  4  53  5  56  6  79  7  15  8  19  9  8  10  85  11  68  12  78  13  18  14  74  15  37  16  59  17  74  18  2  19  40
  0  19  1  95  2  41  3  19  4  33  5  32  6  50  7  30  8  48  9  16  10  25  11  28  12  25  13  97  14  8  15  76  16  30  17  86  18  79  19  52
  0  44  1  76  2  65  3  1  4  80  5  51  6  9  7  64  8  49  9  74  10  12  11  12  12  98  13  20  14  35  15  14  16  29  17  98  18  19  19  50
  0  49  1  82  2  58  3  59  4  35  5  37  6  39  7  47  8  99  9  5  10  32  11  23  12  78  13  15  14  97  15  29  16  16  17  98  18  38  19  82
  0  73  1  38  2  8  3  45  4  15  5  85  6  73  7  89  8  41  9  18  10  74  11  31  12  69  13  30  14  37  15  28  16  77  17  69  18  22  19  98
  0  75  1  61  2  32  3  86  4  61  5  99  6  8  7  64  8  70  9  73  10  63  11  84  12  35  13  74  14  65  15  99  16  10  17  5  18  50  19  11
  0  29  1  64  2  31  3  22  4  99  5  6  6  38  7  5  8  49  9  74  10  94  11  9  12  83  13  79  14  26  15  61  16  19  17  53  18  47  19  48
  0  93  1  8  2  87  3  72  4  78  5  84  6  35  7  21  8  44  9  60  10  13  11  98  12  38  13  59  14  26  15  8  16  95  17  78  18  40  19  71
  0  88  1  30  2  72  3  38  4  65  5  50  6  11  7  23  8  67  9  45  10  92  11  56  12  97  13  56  14  16  15  54  16  85  17  67  18  46  19  35
  0  90  1  3  2  59  3  33  4  5  5  67  6  26  7  6  8  79  9  37  10  23  11  14  12  71  13  5  14  46  15  30  16  75  17  37  18  35  19  4
  0  12  1  88  2  48  3  95  4  59  5  91  6  52  7  48  8  77  9  17  10  3  11  52  12  35  13  56  14  41  15  51  16  53  17  1  18  23  19  63
  0  34  1  88  2  68  3  30  4  15  5  65  6  83  7  11  8  83  9  71  10  2  11  97  12  46  13  41  14  45  15  9  16  22  17  9  18  6  19  77
  0  14  1  21  2  85  3  64  4  79  5  13  6  57  7  48  8  97  9  14  10  37  11  64  12  9  13  64  14  59  15  22  16  72  17  74  18  30  19  89
  0  71  1  56  2  60  3  52  4  53  5  7  6  41  7  67  8  89  9  21  10  84  11  74  12  94  13  63  14  53  15  49  16  39  17  36  18  63  19  76
  0  40  1  10  2  13  3  24  4  15  5  13  6  81  7  1  8  38  9  86  10  4  11  59  12  38  13  65  14  17  15  74  16  7  17  35  18  18  19  78
  0  32  1  63  2  98  3  80  4  57  5  23  6  38  7  63  8  43  9  58  10  63  11  49  12  73  13  35  14  23  15  87  16  29  17  3  18  20  19  85
  0  45  1  54  2  5  3  93  4  93  5  43  6  27  7  29  8  67  9  21  10  87  11  82  12  81  13  90  14  61  15  42  16  80  17  76  18  51  19  48
  0  34  1  84  2  13  3  33  4  77  5  82  6  65  7  39  8  92  9  26  10  63  11  4  12  66  13  26  14  7  15  50  16  62  17  2  18  95  19  39
  0  86  1  5  2  87  3  49  4  37  5  77  6  86  7  16  8  79  9  92  10  81  11  27  12  70  13  87  14  19  15  54  16  23  17  88  18  65  19  89
  0  9  1  92  2  2  3  89  4  12  5  43  6  59  7  70  8  85  9  26  10  83  11  84  12  2  13  69  14  79  15  85  16  60  17  21  18  87  19  65
  0  11  1  36  2  90  3  9  4  22  5  13  6  43  7  98  8  69  9  36  10  74  11  85  12  48  13  32  14  24  15  86  16  31  17  44  18  89  19  75
  0  16  1  71  2  99  3  4  4  43  5  48  6  53  7  27  8  76  9  36  10  83  11  62  12  69  13  68  14  21  15  80  16  75  17  74  18  94  19  8
  0  63  1  54  2  71  3  7  4  41  5  96  6  25  7  43  8  14  9  62  10  2  11  73  12  21  13  62  14  6  15  92  16  29  17  15  18  28  19  46
  0  74  1  58  2  90  3  85  4  87  5  45  6  88  7  17  8  30  9  58  10  37  11  81  12  44  13  16  14  61  15  64  16  86  17  57  18  97  19  20
  0  88  1  26  2  76  3  52  4  81  5  92  6  16  7  6  8  64  9  91  10  44  11  45  12  10  13  45  14  30  15  22  16  38  17  18  18  87  19  71
  0  98  1  19  2  83  3  77  4  36  5  40  6  75  7  4  8  44  9  6  10  37  11  80  12  22  13  59  14  69  15  82  16  93  17  30  18  93  19  54
  0  45  1  45  2  73  3  60  4  98  5  73  6  23  7  66  8  34  9  32  10  86  11  82  12  10  13  81  14  1  15  11  16  55  17  90  18  71  19  2
  0  38  1  53  2  42  3  1  4  21  5  80  6  15  7  20  8  67  9  9  10  56  11  7  12  57  13  85  14  11  15  59  16  24  17  39  18  92  19  22
  0  26  1  30  2  34  3  71  4  5  5  43  6  4  7  55  8  7  9  77  10  34  11  69  12  59  13  33  14  11  15  60  16  31  17  6  18  23  19  2
  0  26  1  35  2  71  3  91  4  74  5  72  6  79  7  46  8  32  9  61  10  63  11  99  12  4  13  50  14  52  15  41  16  40  17  69  18  64  19  43
  0  83  1  54  2  74  3  49  4  59  5  96  6  43  7  49  8  36  9  43  10  79  11  48  12  8  13  85  14  59  15  94  16  59  17  6  18  29  19  54
  0  32  1  76  2  61  3  16  4  95  5  23  6  41  7  79  8  84  9  96  10  99  11  61  12  67  13  22  14  30  15  18  16  55  17  18  18  42  19  65
  0  60  1  99  2  48  3  61  4  63  5  7  6  89  7  57  8  63  9  34  10  35  11  50  12  97  13  43  14  14  15  98  16  70  17  77  18  77  19  54
  0  22  1  32  2  84  3  58  4  31  5  26  6  65  7  82  8  29  9  90  10  10  11  14  12  65  13  74  14  67  15  26  16  60  17  16  18  86  19  80
  0  29  1  51  2  1  3  35  4  68  5  39  6  51  7  80  8  34  9  36  10  13  11  18  12  50  13  52  14  40  15  39  16  34  17  56  18  71  19  85
  0  26  1  26  2  52  3  7  4  53  5  62  6  55  7  13  8  77  9  1  10  23  11  23  12  85  13  94  14  54  15  41  16  46  17  63  18  4  19  5
  0  34  1  18  2  78  3  6  4  82  5  6  6  42  7  63  8  27  9  49  10  65  11  2  12  54  13  60  14  75  15  64  16  65  17  56  18  3  19  72
  0  9  1  18  2  26  3  2  4  52  5  48  6  52  7  35  8  96  9  36  10  4  11  19  12  56  13  36  14  79  15  36  16  44  17  10  18  18  19  54
  0  47  1  85  2  91  3  38  4  87  5  45  6  88  7  16  8  80  9  42  10  80  11  38  12  63  13  96  14  71  15  89  16  37  17  41  18  76  19  15
  0  50  1  94  2  85  3  82  4  23  5  1  6  98  7  8  8  74  9  53  10  44  11  88  12  25  13  93  14  19  15  35  16  63  17  57  18  1  19  97
  0  19  1  1  2  34  3  28  4  62  5  34  6  89  7  20  8  38  9  46  10  36  11  11  12  2  13  99  14  84  15  59  16  98  17  14  18  94  19  6
  0  29  1  92  2  52  3  3  4  74  5  43  6  46  7  64  8  83  9  90  10  23  11  53  12  36  13  10  14  85  15  40  16  42  17  99  18  60  19  81
  0  42  1  85  2  65  3  89  4  10  5  31  6  37  7  22  8  85  9  77  10  4  11  94  12  75  13  59  14  22  15  89  16  4  17  53  18  96  19  31
  0  14  1  60  2  69  3  34  4  31  5  42  6  34  7  59  8  53  9  32  10  16  11  22  12  23  13  22  14  27  15  46  16  97  17  88  18  82  19  52
  0  26  1  84  2  39  3  25  4  95  5  50  6  86  7  2  8  7  9  84  10  20  11  75  12  82  13  2  14  52  15  2  16  39  17  63  18  55  19  49
  0  60  1  39  2  39  3  48  4  47  5  66  6  10  7  12  8  49  9  92  10  61  11  39  12  99  13  28  14  87  15  27  16  86  17  35  18  30  19  47
  0  67  1  46  2  93  3  67  4  83  5  70  6  89  7  22  8  36  9  39  10  1  11  58  12  41  13  3  14  65  15  21  16  66  17  74  18  28  19  47
  0  18  1  85  2  15  3  77  4  25  5  90  6  16  7  17  8  59  9  54  10  89  11  94  12  59  13  90  14  20  15  12  16  76  17  43  18  98  19  71
  0  35  1  25  2  1  3  18  4  88  5  71  6  81  7  63  8  25  9  46  10  23  11  50  12  18  13  27  14  86  15  73  16  63  17  54  18  65  19  90
  0  37  1  18  2  51  3  67  4  45  5  18  6  29  7  45  8  80  9  15  10  97  11  31  12  88  13  76  14  58  15  41  16  10  17  65  18  27  19  53
  0  53  1  29  2  64  3  47  4  27  5  98  6  21  7  37  8  11  9  95  10  55  11  29  12  58  13  6  14  54  15  49  16  75  17  69  18  78  19  37
  0  83  1  3  2  8  3  94  4  91  5  42  6  57  7  26  8  23  9  74  10  89  11  28  12  73  13  14  14  45  15  99  16  88  17  3  18  65  19  89
  0  4  1  86  2  80  3  94  4  76  5  68  6  90  7  80  8  90  9  36  10  50  11  90  12  34  13  44  14  51  15  59  16  73  17  65  18  55  19  51
  0  65  1  61  2  12  3  81  4  93  5  36  6  87  7  3  8  10  9  61  10  67  11  58  12  20  13  92  14  13  15  35  16  58  17  27  18  1  19  59
  0  20  1  52  2  54  3  39  4  46  5  95  6  52  7  32  8  4  9  85  10  86  11  78  12  85  13  55  14  86  15  65  16  15  17  80  18  40  19  81
  0  61  1  17  2  76  3  79  4  71  5  77  6  99  7  76  8  84  9  72  10  79  11  42  12  81  13  96  14  26  15  53  16  98  17  36  18  35  19  27
  0  94  1  38  2  63  3  53  4  44  5  59  6  58  7  90  8  23  9  71  10  75  11  95  12  77  13  32  14  43  15  94  16  15  17  96  18  67  19  32
  0  49  1  67  2  71  3  43  4  83  5  94  6  28  7  32  8  33  9  62  10  28  11  66  12  92  13  54  14  74  15  4  16  20  17  43  18  24  19  26
  0  96  1  84  2  95  3  38  4  59  5  89  6  22  7  56  8  43  9  5  10  16  11  95  12  61  13  42  14  74  15  33  16  23  17  16  18  51  19  11
  0  56  1  92  2  58  3  79  4  85  5  57  6  82  7  40  8  4  9  50  10  29  11  95  12  1  13  36  14  28  15  34  16  68  17  92  18  65  19  23
  0  86  1  49  2  23  3  44  4  45  5  99  6  36  7  43  8  84  9  78  10  10  11  54  12  37  13  65  14  57  15  7  16  1  17  68  18  31  19  56
  0  99  1  92  2  74  3  83  4  91  5  88  6  27  7  41  8  33  9  65  10  31  11  60  12  17  13  72  14  44  15  37  16  36  17  13  18  56  19  60
  0  43  1  41  2  47  3  63  4  11  5  40  6  56  7  90  8  3  9  5  10  36  11  28  12  27  13  52  14  11  15  31  16  13  17  53  18  72  19  50
  0  44  1  52  2  74  3  45  4  46  5  15  6  10  7  18  8  86  9  24  10  86  11  29  12  63  13  11  14  31  15  69  16  75  17  95  18  87  19  86
  0  97  1  77  2  92  3  15  4  19  5  83  6  40  7  37  8  96  9  81  10  72  11  85  12  56  13  17  14  55  15  58  16  21  17  10  18  28  19  12
  0  60  1  46  2  31  3  53  4  96  5  38  6  58  7  37  8  92  9  31  10  86  11  55  12  29  13  91  14  71  15  58  16  22  17  9  18  16  19  60
  0  68  1  74  2  60  3  2  4  89  5  44  6  35  7  90  8  32  9  85  10  82  11  27  12  37  13  63  14  43  15  93  16  85  17  22  18  50  19  65
  0  90  1  66  2  90  3  65  4  78  5  51  6  20  7  83  8  98  9  22  10  45  11  13  12  36  13  75  14  96  15  89  16  27  17  38  18  74  19  39
  0  5  1  68  2  34  3  55  4  11  5  29  6  30  7  68  8  61  9  4  10  55  11  83  12  59  13  42  14  35  15  94  16  70  17  53  18  62  19  98
  0  24  1  85  2  82  3  69  4  2  5  74  6  67  7  70  8  18  9  26  10  38  11  11  12  7  13  77  14  21  15  70  16  87  17  66  18  49  19  54
  0  43  1  70  2  49  3  56  4  52  5  18  6  61  7  28  8  63  9  88  10  98  11  93  12  86  13  36  14  38  15  59  16  55  17  8  18  87  19  99
  0  71  1  51  2  90  3  19  4  44  5  28  6  55  7  28  8  89  9  71  10  10  11  85  12  41  13  55  14  33  15  78  16  88  17  75  18  10  19  56
  0  58  1  47  2  8  3  40  4  90  5  77  6  72  7  71  8  75  9  54  10  95  11  63  12  64  13  80  14  98  15  83  16  60  17  31  18  29  19  69
  0  52  1  8  2  73  3  55  4  52  5  36  6  36  7  80  8  51  9  14  10  24  11  81  12  94  13  12  14  41  15  96  16  52  17  82  18  95  19  51
  0  29  1  41  2  59  3  84  4  36  5  99  6  32  7  36  8  40  9  91  10  8  11  15  12  25  13  10  14  51  15  12  16  65  17  37  18  12  19  24
  0  86  1  56  2  46  3  11  4  51  5  60  6  30  7  99  8  5  9  98  10  72  11  3  12  72  13  39  14  71  15  14  16  91  17  16  18  58  19  12
  0  5  1  12  2  36  3  72  4  71  5  84  6  9  7  64  8  55  9  27  10  43  11  3  12  7  13  44  14  23  15  60  16  44  17  66  18  80  19  72
  0  92  1  41  2  18  3  87  4  52  5  64  6  52  7  39  8  97  9  56  10  51  11  57  12  18  13  87  14  34  15  28  16  68  17  6  18  60  19  77
  0  87  1  19  2  37  3  44  4  84  5  38  6  3  7  54  8  30  9  1  10  77  11  19  12  75  13  94  14  96  15  25  16  4  17  78  18  46  19  78
  0  86  1  66  2  81  3  23  4  79  5  12  6  97  7  52  8  9  9  21  10  74  11  74  12  17  13  72  14  29  15  10  16  61  17  22  18  32  19  24
  0  5  1  26  2  79  3  26  4  27  5  16  6  28  7  92  8  50  9  89  10  29  11  83  12  53  13  15  14  26  15  71  16  28  17  70  18  1  19  1
  0  97  1  46  2  68  3  37  4  85  5  93  6  79  7  91  8  38  9  97  10  63  11  9  12  2  13  4  14  24  15  64  16  36  17  32  18  80  19  26
  0  5  1  48  2  96  3  39  4  59  5  88  6  60  7  70  8  45  9  45  10  92  11  8  12  55  13  67  14  14  15  5  16  28  17  31  18  75  19  16
  0  82  1  87  2  47  3  55  4  95  5  87  6  24  7  86  8  4  9  38  10  76  11  17  12  68  13  54  14  78  15  63  16  28  17  96  18  60  19  94
  0  47  1  16  2  1  3  93  4  15  5  41  6  32  7  73  8  65  9  81  10  33  11  42  12  26  13  36  14  38  15  20  16  98  17  29  18  68  19  28
  0  45  1  3  2  88  3  18  4  34  5  49  6  25  7  5  8  48  9  66  10  8  11  30  12  92  13  55  14  26  15  61  16  24  17  95  18  95  19  97
  0  7  1  83  2  90  3  60  4  63  5  6  6  89  7  64  8  62  9  73  10  24  11  8  12  91  13  61  14  39  15  35  16  80  17  22  18  15  19  47
  0  71  1  47  2  82  3  67  4  75  5  30  6  50  7  93  8  46  9  27  10  31  11  90  12  54  13  25  14  18  15  96  16  54  17  80  18  60  19  59
  0  77  1  61  2  33  3  27  4  86  5  24  6  6  7  36  8  77  9  6  10  55  11  6  12  14  13  9  14  66  15  6  16  33  17  6  18  28  19  60
  0  57  1  5  2  14  3  22  4  94  5  37  6  8  7  7  8  22  9  65  10  8  11  84  12  73  13  29  14  15  15  68  16  88  17  66  18  16  19  45
  0  83  1  79  2  77  3  30  4  56  5  38  6  44  7  53  8  38  9  40  10  91  11  11  12  46  13  66  14  72  15  20  16  6  17  95  18  80  19  80
  0  53  1  83  2  90  3  24  4  20  5  10  6  66  7  2  8  68  9  39  10  46  11  45  12  46  13  68  14  41  15  1  16  43  17  47  18  2  19  26
  0  6  1  88  2  51  3  78  4  17  5  19  6  87  7  71  8  55  9  22  10  83  11  42  12  1  13  80  14  71  15  74  16  24  17  29  18  59  19  74
  0  14  1  58  2  30  3  73  4  1  5  41  6  31  7  32  8  83  9  63  10  25  11  44  12  86  13  1  14  92  15  79  16  89  17  43  18  88  19  18
  0  99  1  84  2  90  3  46  4  78  5  21  6  13  7  35  8  33  9  10  10  42  11  19  12  25  13  15  14  47  15  30  16  73  17  12  18  58  19  71
  0  48  1  40  2  3  3  41  4  73  5  20  6  77  7  14  8  94  9  87  10  58  11  62  12  82  13  95  14  2  15  81  16  67  17  90  18  78  19  18
  0  33  1  69  2  41  3  52  4  15  5  67  6  33  7  68  8  78  9  43  10  62  11  98  12  75  13  45  14  26  15  54  16  95  17  87  18  44  19  61
  0  80  1  70  2  33  3  64  4  39  5  13  6  43  7  68  8  11  9  95  10  35  11  39  12  49  13  20  14  58  15  72  16  13  17  44  18  70  19  3
  0  20  1  38  2  8  3  26  4  64  5  70  6  86  7  30  8  25  9  40  10  10  11  88  12  5  13  83  14  97  15  40  16  92  17  40  18  69  19  62
  0  16  1  60  2  50  3  24  4  45  5  71  6  72  7  59  8  61  9  47  10  98  11  5  12  90  13  49  14  86  15  98  16  81  17  28  18  77  19  24
  0  67  1  7  2  65  3  42  4  44  5  84  6  88  7  65  8  53  9  24  10  59  11  49  12  55  13  33  14  92  15  7  16  25  17  27  18  39  19  76
  0  17  1  45  2  4  3  2  4  71  5  71  6  17  7  95  8  54  9  48  10  92  11  96  12  72  13  15  14  78  15  51  16  87  17  5  18  96  19  72
TPM
  0  2546  1  2546  2  2546  3  2546  4  2546  5  2546  6  2546  7  2546  8  2546  9  2546  10  2546  11  2546  12  2546  13  2546  14  2546  15  2546  16  2546  17  2546  18  2546  19  2546
PMT
  0  25  1  60  2  19  3  49  4  63  5  79  6  34  7  27  8  30  9  83  10  89  11  71  12  50  13  78  14  28  15  81  16  34  17  46  18  43  19  27
  0  76  1  82  2  30  3  18  4  26  5  85  6  95  7  30  8  35  9  45  10  61  11  51  12  96  13  87  14  82  15  15  16  42  17  85  18  45  19  35
  0  42  1  38  2  32  3  74  4  46  5  59  6  60  7  88  8  37  9  61  10  37  11  38  12  5  13  4  14  87  15  66  16  55  17  36  18  38  19  74
  0  6  1  76  2  75  3  52  4  47  5  89  6  9  7  31  8  53  9  60  10  2  11  85  12  81  13  78  14  52  15  95  16  3  17  67  18  44  19  24
  0  31  1  49  2  95  3  4  4  59  5  5  6  64  7  27  8  23  9  78  10  4  11  63  12  30  13  39  14  82  15  78  16  46  17  96  18  84  19  15
  0  26  1  31  2  76  3  45  4  8  5  89  6  11  7  32  8  33  9  54  10  75  11  49  12  52  13  84  14  44  15  35  16  27  17  97  18  61  19  92
  0  35  1  19  2  68  3  56  4  51  5  46  6  77  7  96  8  51  9  83  10  22  11  20  12  52  13  45  14  49  15  83  16  20  17  51  18  46  19  60
  0  63  1  42  2  99  3  81  4  29  5  92  6  33  7  74  8  54  9  16  10  80  11  65  12  34  13  62  14  81  15  99  16  30  17  78  18  8  19  28
  0  8  1  70  2  59  3  27  4  88  5  70  6  96  7  83  8  54  9  40  10  73  11  41  12  36  13  23  14  14  15  96  16  77  17  41  18  40  19  95
  0  57  1  12  2  28  3  53  4  2  5  5  6  73  7  21  8  38  9  88  10  71  11  51  12  51  13  23  14  64  15  55  16  54  17  96  18  98  19  30
  0  88  1  26  2  82  3  19  4  5  5  58  6  67  7  28  8  2  9  42  10  69  11  8  12  11  13  59  14  10  15  73  16  59  17  41  18  46  19  27
  0  63  1  98  2  18  3  5  4  8  5  53  6  29  7  52  8  34  9  31  10  38  11  21  12  38  13  75  14  43  15  19  16  39  17  82  18  61  19  67
  0  97  1  55  2  51  3  51  4  57  5  53  6  31  7  51  8  67  9  59  10  82  11  14  12  6  13  3  14  50  15  83  16  90  17  16  18  70  19  1
  0  76  1  4  2  97  3  58  4  57  5  49  6  97  7  50  8  23  9  96  10  48  11  64  12  46  13  84  14  43  15  98  16  2  17  8  18  2  19  18
  0  25  1  43  2  39  3  55  4  81  5  61  6  20  7  40  8  3  9  14  10  37  11  15  12  94  13  64  14  61  15  54  16  41  17  4  18  68  19  7
  0  51  1  74  2  31  3  24  4  22  5  78  6  29  7  58  8  14  9  57  10  34  11  14  12  70  13  72  14  51  15  10  16  19  17  11  18  33  19  85
  0  35  1  92  2  97  3  44  4  62  5  81  6  17  7  28  8  21  9  92  10  52  11  60  12  37  13  61  14  65  15  13  16  84  17  32  18  19  19  67
  0  27  1  56  2  37  3  86  4  81  5  23  6  28  7  18  8  62  9  53  10  45  11  88  12  69  13  46  14  53  15  68  16  23  17  47  18  50  19  6
  0  70  1  61  2  23  3  70  4  5  5  68  6  60  7  53  8  86  9  85  10  49  11  99  12  39  13  80  14  27  15  93  16  74  17  62  18  58  19  6
  0  68  1  62  2  64  3  76  4  75  5  12  6  29  7  1  8  79  9  69  10  53  11  22  12  98  13  53  14  32  15  77  16  94  17  81  18  71  19  25
