500  10
  0  39  1  20  2  12  3  10  4  11  5  56  6  28  7  99  8  89  9  94
  0  91  1  9  2  77  3  41  4  32  5  4  6  69  7  51  8  25  9  10
  0  6  1  8  2  37  3  82  4  66  5  58  6  74  7  99  8  31  9  50
  0  49  1  22  2  11  3  44  4  88  5  5  6  19  7  83  8  62  9  61
  0  23  1  43  2  6  3  21  4  21  5  4  6  45  7  12  8  15  9  12
  0  73  1  77  2  79  3  22  4  28  5  8  6  54  7  36  8  60  9  27
  0  95  1  84  2  5  3  92  4  80  5  15  6  85  7  74  8  42  9  75
  0  28  1  35  2  76  3  27  4  46  5  26  6  49  7  96  8  28  9  67
  0  1  1  77  2  56  3  77  4  27  5  30  6  18  7  71  8  70  9  29
  0  91  1  38  2  63  3  85  4  25  5  81  6  6  7  10  8  37  9  69
  0  63  1  22  2  10  3  26  4  25  5  3  6  45  7  74  8  52  9  57
  0  8  1  98  2  5  3  24  4  94  5  3  6  35  7  56  8  66  9  59
  0  83  1  68  2  63  3  98  4  7  5  98  6  88  7  68  8  33  9  53
  0  2  1  70  2  25  3  30  4  92  5  51  6  82  7  28  8  11  9  98
  0  36  1  93  2  66  3  92  4  93  5  73  6  34  7  73  8  56  9  45
  0  33  1  67  2  2  3  81  4  48  5  58  6  13  7  44  8  26  9  94
  0  1  1  16  2  64  3  90  4  37  5  32  6  63  7  32  8  1  9  50
  0  30  1  17  2  17  3  86  4  33  5  91  6  25  7  92  8  50  9  47
  0  5  1  62  2  82  3  95  4  71  5  89  6  95  7  49  8  80  9  11
  0  20  1  58  2  34  3  11  4  36  5  79  6  70  7  76  8  11  9  1
  0  71  1  15  2  65  3  27  4  28  5  82  6  90  7  97  8  41  9  94
  0  42  1  11  2  61  3  93  4  79  5  54  6  78  7  12  8  31  9  88
  0  24  1  58  2  4  3  13  4  45  5  1  6  57  7  14  8  63  9  35
  0  25  1  94  2  25  3  62  4  54  5  11  6  15  7  3  8  74  9  70
  0  77  1  37  2  36  3  85  4  68  5  43  6  87  7  61  8  49  9  59
  0  57  1  73  2  73  3  14  4  62  5  73  6  41  7  88  8  91  9  9
  0  15  1  98  2  98  3  61  4  32  5  28  6  14  7  32  8  39  9  36
  0  69  1  27  2  57  3  24  4  86  5  27  6  34  7  38  8  77  9  42
  0  46  1  42  2  51  3  84  4  69  5  80  6  32  7  10  8  12  9  26
  0  31  1  9  2  91  3  77  4  24  5  55  6  98  7  43  8  35  9  40
  0  75  1  43  2  14  3  42  4  92  5  3  6  72  7  20  8  31  9  25
  0  16  1  29  2  73  3  62  4  69  5  86  6  69  7  26  8  2  9  52
  0  40  1  10  2  92  3  91  4  21  5  4  6  96  7  37  8  75  9  34
  0  86  1  62  2  11  3  53  4  96  5  48  6  84  7  67  8  1  9  86
  0  94  1  69  2  74  3  63  4  73  5  19  6  43  7  25  8  44  9  91
  0  11  1  85  2  95  3  80  4  24  5  69  6  95  7  29  8  13  9  76
  0  48  1  22  2  13  3  15  4  49  5  68  6  58  7  36  8  24  9  57
  0  4  1  76  2  24  3  59  4  26  5  94  6  28  7  7  8  81  9  30
  0  78  1  88  2  50  3  55  4  41  5  26  6  93  7  84  8  74  9  26
  0  71  1  53  2  41  3  23  4  37  5  91  6  7  7  58  8  90  9  53
  0  88  1  57  2  42  3  77  4  83  5  2  6  43  7  78  8  56  9  16
  0  68  1  14  2  70  3  97  4  64  5  63  6  22  7  77  8  99  9  16
  0  76  1  86  2  69  3  51  4  22  5  51  6  56  7  71  8  14  9  64
  0  38  1  8  2  49  3  95  4  2  5  6  6  2  7  24  8  3  9  79
  0  18  1  30  2  66  3  71  4  32  5  70  6  47  7  70  8  78  9  13
  0  68  1  70  2  86  3  23  4  11  5  64  6  92  7  12  8  45  9  17
  0  16  1  98  2  95  3  63  4  62  5  48  6  94  7  14  8  70  9  73
  0  79  1  69  2  12  3  29  4  13  5  79  6  92  7  28  8  44  9  94
  0  37  1  54  2  48  3  92  4  55  5  69  6  97  7  92  8  97  9  9
  0  56  1  70  2  71  3  43  4  10  5  40  6  73  7  36  8  60  9  84
  0  46  1  20  2  54  3  30  4  76  5  89  6  23  7  1  8  90  9  62
  0  53  1  10  2  14  3  70  4  19  5  56  6  95  7  77  8  33  9  46
  0  18  1  40  2  16  3  60  4  54  5  49  6  79  7  19  8  20  9  24
  0  64  1  34  2  48  3  50  4  6  5  47  6  86  7  81  8  87  9  78
  0  81  1  36  2  24  3  52  4  14  5  73  6  83  7  70  8  83  9  23
  0  24  1  42  2  75  3  99  4  30  5  96  6  50  7  40  8  54  9  37
  0  25  1  23  2  99  3  13  4  60  5  74  6  16  7  18  8  59  9  70
  0  74  1  37  2  36  3  82  4  57  5  11  6  31  7  23  8  72  9  74
  0  61  1  98  2  77  3  4  4  30  5  75  6  79  7  71  8  61  9  9
  0  36  1  89  2  4  3  89  4  85  5  2  6  33  7  21  8  67  9  44
  0  48  1  20  2  28  3  87  4  35  5  5  6  5  7  36  8  50  9  23
  0  43  1  43  2  34  3  19  4  3  5  64  6  81  7  51  8  21  9  60
  0  2  1  17  2  77  3  29  4  58  5  25  6  66  7  17  8  76  9  39
  0  46  1  38  2  48  3  83  4  69  5  21  6  77  7  74  8  70  9  34
  0  41  1  22  2  80  3  82  4  71  5  18  6  10  7  62  8  67  9  8
  0  89  1  23  2  1  3  99  4  84  5  68  6  80  7  77  8  15  9  6
  0  68  1  98  2  38  3  20  4  92  5  16  6  95  7  12  8  73  9  36
  0  10  1  70  2  67  3  15  4  92  5  32  6  6  7  51  8  11  9  48
  0  65  1  18  2  94  3  97  4  3  5  60  6  12  7  73  8  51  9  37
  0  29  1  49  2  49  3  90  4  31  5  15  6  52  7  62  8  80  9  19
  0  48  1  4  2  30  3  68  4  78  5  42  6  19  7  62  8  37  9  94
  0  20  1  76  2  91  3  52  4  25  5  12  6  64  7  72  8  68  9  73
  0  40  1  43  2  34  3  59  4  24  5  25  6  14  7  57  8  38  9  67
  0  75  1  81  2  42  3  62  4  89  5  6  6  14  7  88  8  20  9  79
  0  25  1  43  2  52  3  11  4  4  5  77  6  44  7  69  8  56  9  80
  0  12  1  50  2  7  3  78  4  83  5  83  6  59  7  32  8  77  9  91
  0  2  1  67  2  7  3  23  4  8  5  64  6  99  7  24  8  3  9  84
  0  88  1  22  2  94  3  12  4  24  5  23  6  93  7  51  8  91  9  61
  0  64  1  99  2  55  3  48  4  1  5  69  6  53  7  2  8  89  9  62
  0  16  1  66  2  30  3  95  4  78  5  49  6  12  7  37  8  20  9  17
  0  62  1  6  2  40  3  58  4  38  5  38  6  54  7  91  8  95  9  32
  0  85  1  60  2  89  3  14  4  60  5  65  6  56  7  91  8  50  9  23
  0  12  1  88  2  21  3  41  4  53  5  81  6  70  7  49  8  38  9  73
  0  65  1  39  2  99  3  73  4  18  5  92  6  7  7  77  8  63  9  5
  0  84  1  70  2  19  3  20  4  43  5  80  6  40  7  60  8  2  9  62
  0  4  1  94  2  85  3  1  4  90  5  81  6  37  7  49  8  41  9  94
  0  79  1  41  2  99  3  2  4  10  5  54  6  90  7  61  8  20  9  7
  0  71  1  55  2  69  3  12  4  62  5  80  6  54  7  23  8  61  9  49
  0  52  1  46  2  73  3  93  4  37  5  13  6  21  7  60  8  89  9  17
  0  22  1  40  2  48  3  73  4  40  5  74  6  78  7  59  8  56  9  32
  0  59  1  24  2  2  3  48  4  3  5  99  6  61  7  60  8  63  9  38
  0  41  1  4  2  11  3  53  4  44  5  29  6  54  7  55  8  12  9  60
  0  54  1  98  2  24  3  22  4  66  5  78  6  54  7  85  8  79  9  46
  0  37  1  9  2  71  3  46  4  79  5  92  6  74  7  70  8  40  9  65
  0  28  1  92  2  48  3  57  4  72  5  37  6  25  7  44  8  90  9  81
  0  62  1  69  2  17  3  6  4  32  5  61  6  71  7  32  8  62  9  19
  0  75  1  18  2  81  3  24  4  64  5  11  6  31  7  8  8  12  9  56
  0  98  1  81  2  16  3  22  4  3  5  97  6  19  7  98  8  55  9  17
  0  62  1  64  2  74  3  86  4  1  5  43  6  12  7  61  8  17  9  79
  0  34  1  18  2  19  3  21  4  66  5  45  6  14  7  75  8  83  9  18
  0  85  1  84  2  13  3  76  4  13  5  34  6  75  7  71  8  22  9  82
  0  98  1  53  2  52  3  97  4  52  5  16  6  68  7  10  8  2  9  7
  0  67  1  40  2  92  3  82  4  50  5  49  6  94  7  73  8  58  9  20
  0  66  1  59  2  1  3  79  4  35  5  4  6  16  7  6  8  91  9  82
  0  42  1  79  2  47  3  96  4  5  5  92  6  1  7  69  8  21  9  4
  0  17  1  65  2  4  3  1  4  13  5  73  6  99  7  40  8  94  9  41
  0  98  1  42  2  11  3  72  4  5  5  59  6  95  7  98  8  36  9  83
  0  25  1  95  2  30  3  27  4  16  5  21  6  28  7  85  8  27  9  69
  0  1  1  13  2  52  3  90  4  19  5  18  6  20  7  5  8  87  9  78
  0  22  1  14  2  3  3  60  4  48  5  7  6  81  7  37  8  99  9  77
  0  1  1  87  2  3  3  30  4  22  5  4  6  50  7  33  8  97  9  30
  0  38  1  44  2  84  3  27  4  75  5  15  6  22  7  20  8  90  9  51
  0  21  1  92  2  59  3  91  4  99  5  14  6  14  7  21  8  56  9  22
  0  31  1  42  2  50  3  4  4  3  5  62  6  48  7  39  8  21  9  73
  0  48  1  99  2  44  3  29  4  94  5  25  6  32  7  56  8  34  9  6
  0  55  1  45  2  97  3  56  4  16  5  4  6  83  7  63  8  42  9  78
  0  92  1  19  2  48  3  75  4  38  5  91  6  55  7  31  8  25  9  3
  0  24  1  14  2  83  3  89  4  57  5  67  6  85  7  85  8  46  9  13
  0  92  1  43  2  93  3  75  4  4  5  90  6  25  7  15  8  14  9  88
  0  70  1  52  2  92  3  27  4  86  5  43  6  33  7  79  8  40  9  27
  0  58  1  13  2  84  3  61  4  68  5  16  6  89  7  13  8  57  9  80
  0  16  1  68  2  46  3  71  4  37  5  91  6  15  7  58  8  51  9  23
  0  14  1  89  2  38  3  25  4  97  5  40  6  59  7  93  8  16  9  66
  0  91  1  4  2  42  3  32  4  51  5  53  6  32  7  13  8  55  9  25
  0  44  1  76  2  17  3  88  4  61  5  99  6  70  7  97  8  95  9  71
  0  81  1  57  2  68  3  86  4  85  5  83  6  87  7  51  8  55  9  60
  0  84  1  22  2  93  3  70  4  62  5  67  6  2  7  61  8  68  9  35
  0  71  1  70  2  22  3  38  4  2  5  22  6  15  7  9  8  28  9  56
  0  1  1  83  2  30  3  80  4  29  5  21  6  53  7  25  8  83  9  44
  0  38  1  57  2  50  3  85  4  81  5  92  6  89  7  73  8  38  9  89
  0  35  1  61  2  55  3  25  4  4  5  23  6  97  7  97  8  99  9  46
  0  96  1  89  2  70  3  97  4  41  5  87  6  10  7  53  8  85  9  53
  0  44  1  99  2  52  3  81  4  35  5  67  6  43  7  97  8  88  9  47
  0  91  1  74  2  54  3  85  4  25  5  71  6  44  7  84  8  12  9  30
  0  23  1  33  2  14  3  76  4  39  5  59  6  79  7  8  8  90  9  65
  0  26  1  81  2  65  3  94  4  15  5  13  6  78  7  48  8  18  9  66
  0  10  1  34  2  19  3  85  4  11  5  26  6  3  7  1  8  34  9  71
  0  24  1  17  2  5  3  60  4  71  5  53  6  25  7  58  8  43  9  2
  0  14  1  58  2  23  3  28  4  85  5  99  6  21  7  16  8  34  9  78
  0  95  1  40  2  92  3  22  4  2  5  26  6  55  7  19  8  9  9  12
  0  7  1  28  2  94  3  37  4  78  5  88  6  9  7  14  8  40  9  33
  0  51  1  63  2  86  3  55  4  24  5  21  6  80  7  82  8  42  9  34
  0  68  1  78  2  20  3  16  4  67  5  45  6  50  7  31  8  2  9  22
  0  68  1  12  2  30  3  93  4  58  5  52  6  95  7  49  8  20  9  11
  0  82  1  65  2  52  3  19  4  79  5  98  6  77  7  96  8  64  9  6
  0  28  1  98  2  61  3  40  4  82  5  52  6  51  7  83  8  1  9  67
  0  28  1  12  2  8  3  15  4  16  5  3  6  25  7  9  8  16  9  43
  0  49  1  55  2  39  3  82  4  21  5  29  6  28  7  50  8  36  9  97
  0  91  1  25  2  2  3  19  4  8  5  24  6  30  7  62  8  54  9  62
  0  15  1  38  2  76  3  86  4  51  5  42  6  11  7  86  8  84  9  33
  0  19  1  41  2  92  3  14  4  89  5  57  6  57  7  84  8  30  9  93
  0  51  1  75  2  55  3  94  4  65  5  90  6  17  7  63  8  59  9  17
  0  70  1  52  2  83  3  76  4  52  5  65  6  30  7  25  8  4  9  70
  0  99  1  36  2  93  3  86  4  98  5  13  6  96  7  7  8  89  9  12
  0  50  1  33  2  77  3  88  4  86  5  62  6  96  7  89  8  12  9  59
  0  19  1  46  2  86  3  69  4  22  5  47  6  26  7  85  8  72  9  1
  0  21  1  73  2  14  3  13  4  45  5  92  6  64  7  36  8  19  9  95
  0  71  1  67  2  16  3  90  4  72  5  4  6  58  7  71  8  50  9  77
  0  29  1  84  2  8  3  39  4  77  5  73  6  71  7  51  8  33  9  8
  0  11  1  15  2  28  3  14  4  43  5  37  6  94  7  39  8  42  9  24
  0  97  1  32  2  84  3  43  4  17  5  11  6  90  7  95  8  80  9  61
  0  57  1  94  2  20  3  82  4  78  5  38  6  7  7  70  8  3  9  21
  0  70  1  9  2  78  3  21  4  30  5  1  6  82  7  70  8  72  9  81
  0  35  1  76  2  67  3  69  4  35  5  63  6  9  7  58  8  93  9  46
  0  1  1  64  2  25  3  69  4  49  5  65  6  34  7  48  8  27  9  14
  0  9  1  20  2  2  3  89  4  9  5  79  6  70  7  43  8  3  9  53
  0  27  1  42  2  94  3  50  4  51  5  8  6  57  7  82  8  13  9  18
  0  40  1  46  2  10  3  11  4  38  5  8  6  97  7  18  8  28  9  30
  0  79  1  98  2  15  3  47  4  51  5  69  6  40  7  61  8  32  9  41
  0  52  1  10  2  19  3  15  4  28  5  60  6  60  7  91  8  11  9  90
  0  11  1  93  2  93  3  94  4  33  5  26  6  57  7  2  8  56  9  92
  0  68  1  2  2  96  3  68  4  67  5  33  6  12  7  87  8  10  9  42
  0  36  1  92  2  53  3  50  4  25  5  63  6  92  7  78  8  93  9  10
  0  83  1  11  2  51  3  12  4  17  5  94  6  38  7  29  8  19  9  25
  0  34  1  14  2  12  3  40  4  97  5  10  6  41  7  41  8  37  9  7
  0  56  1  7  2  46  3  91  4  7  5  62  6  33  7  22  8  95  9  36
  0  42  1  98  2  88  3  95  4  44  5  17  6  74  7  62  8  30  9  35
  0  37  1  35  2  51  3  76  4  67  5  79  6  91  7  56  8  40  9  66
  0  46  1  6  2  21  3  48  4  59  5  24  6  90  7  20  8  46  9  95
  0  97  1  21  2  83  3  38  4  66  5  35  6  67  7  75  8  35  9  18
  0  53  1  55  2  4  3  70  4  44  5  45  6  97  7  13  8  76  9  85
  0  90  1  40  2  21  3  85  4  46  5  65  6  17  7  73  8  59  9  79
  0  83  1  58  2  11  3  79  4  86  5  53  6  82  7  48  8  58  9  73
  0  65  1  90  2  92  3  94  4  83  5  54  6  62  7  53  8  13  9  88
  0  39  1  22  2  48  3  22  4  9  5  68  6  77  7  68  8  96  9  20
  0  41  1  80  2  75  3  55  4  98  5  15  6  8  7  17  8  30  9  88
  0  23  1  17  2  36  3  18  4  69  5  55  6  22  7  91  8  68  9  9
  0  78  1  15  2  57  3  33  4  94  5  8  6  20  7  95  8  59  9  71
  0  15  1  35  2  43  3  42  4  68  5  2  6  74  7  89  8  91  9  45
  0  30  1  42  2  28  3  33  4  19  5  44  6  46  7  34  8  38  9  71
  0  40  1  84  2  11  3  57  4  94  5  33  6  38  7  25  8  30  9  29
  0  39  1  99  2  29  3  89  4  50  5  71  6  21  7  85  8  7  9  23
  0  74  1  98  2  28  3  28  4  6  5  69  6  85  7  23  8  24  9  22
  0  29  1  62  2  69  3  29  4  75  5  40  6  7  7  82  8  12  9  33
  0  77  1  51  2  65  3  84  4  33  5  48  6  22  7  54  8  8  9  60
  0  12  1  90  2  79  3  85  4  96  5  97  6  51  7  93  8  13  9  14
  0  42  1  6  2  68  3  20  4  63  5  57  6  91  7  44  8  37  9  85
  0  77  1  26  2  65  3  63  4  88  5  64  6  63  7  69  8  93  9  61
  0  16  1  53  2  60  3  30  4  21  5  57  6  35  7  36  8  26  9  91
  0  74  1  85  2  80  3  69  4  5  5  80  6  39  7  55  8  29  9  8
  0  17  1  91  2  24  3  30  4  60  5  90  6  62  7  87  8  91  9  10
  0  79  1  45  2  47  3  61  4  71  5  33  6  98  7  13  8  70  9  60
  0  53  1  73  2  50  3  14  4  56  5  89  6  64  7  62  8  33  9  80
  0  12  1  28  2  68  3  97  4  64  5  3  6  94  7  74  8  37  9  8
  0  32  1  19  2  68  3  41  4  18  5  52  6  20  7  50  8  5  9  93
  0  53  1  20  2  22  3  66  4  18  5  82  6  27  7  39  8  52  9  67
  0  91  1  61  2  11  3  59  4  3  5  42  6  39  7  36  8  63  9  79
  0  70  1  88  2  35  3  42  4  27  5  68  6  58  7  61  8  30  9  89
  0  20  1  89  2  65  3  98  4  83  5  20  6  58  7  84  8  88  9  87
  0  46  1  81  2  77  3  92  4  52  5  15  6  19  7  13  8  17  9  54
  0  25  1  88  2  19  3  2  4  92  5  21  6  97  7  28  8  12  9  98
  0  75  1  19  2  13  3  33  4  10  5  12  6  53  7  2  8  55  9  18
  0  76  1  96  2  2  3  72  4  66  5  45  6  13  7  64  8  6  9  39
  0  90  1  15  2  3  3  6  4  39  5  24  6  33  7  92  8  1  9  3
  0  37  1  40  2  85  3  62  4  41  5  4  6  21  7  9  8  14  9  2
  0  92  1  90  2  65  3  28  4  53  5  90  6  49  7  54  8  20  9  36
  0  42  1  99  2  80  3  8  4  84  5  57  6  91  7  42  8  26  9  87
  0  31  1  62  2  6  3  35  4  38  5  99  6  54  7  25  8  56  9  69
  0  9  1  30  2  54  3  19  4  67  5  34  6  9  7  68  8  29  9  30
  0  53  1  16  2  93  3  16  4  35  5  56  6  22  7  85  8  37  9  50
  0  79  1  33  2  61  3  54  4  4  5  3  6  64  7  72  8  86  9  67
  0  1  1  10  2  46  3  16  4  28  5  24  6  36  7  65  8  54  9  24
  0  24  1  51  2  45  3  48  4  16  5  54  6  27  7  15  8  30  9  57
  0  40  1  50  2  40  3  51  4  41  5  12  6  33  7  30  8  45  9  78
  0  64  1  46  2  67  3  74  4  98  5  11  6  4  7  37  8  63  9  66
  0  52  1  53  2  67  3  66  4  77  5  32  6  55  7  28  8  56  9  73
  0  88  1  57  2  63  3  52  4  93  5  60  6  94  7  50  8  6  9  78
  0  16  1  72  2  2  3  20  4  94  5  46  6  3  7  83  8  70  9  97
  0  78  1  77  2  41  3  41  4  6  5  94  6  84  7  30  8  45  9  94
  0  49  1  51  2  42  3  91  4  74  5  73  6  65  7  73  8  26  9  68
  0  51  1  75  2  59  3  68  4  3  5  94  6  46  7  35  8  59  9  25
  0  20  1  51  2  51  3  34  4  37  5  50  6  98  7  27  8  53  9  56
  0  10  1  56  2  60  3  4  4  96  5  85  6  39  7  39  8  20  9  97
  0  12  1  46  2  13  3  22  4  14  5  36  6  60  7  23  8  15  9  88
  0  33  1  48  2  46  3  53  4  90  5  68  6  31  7  29  8  20  9  22
  0  20  1  87  2  59  3  63  4  69  5  17  6  25  7  85  8  28  9  82
  0  60  1  37  2  9  3  48  4  46  5  88  6  68  7  5  8  56  9  98
  0  19  1  83  2  53  3  83  4  43  5  64  6  45  7  5  8  91  9  7
  0  60  1  10  2  73  3  56  4  95  5  9  6  82  7  12  8  62  9  59
  0  11  1  44  2  29  3  91  4  48  5  21  6  22  7  15  8  60  9  61
  0  60  1  63  2  2  3  31  4  12  5  82  6  8  7  54  8  1  9  65
  0  64  1  96  2  21  3  92  4  55  5  53  6  11  7  32  8  32  9  40
  0  10  1  92  2  60  3  74  4  6  5  54  6  39  7  93  8  24  9  12
  0  83  1  51  2  33  3  6  4  36  5  75  6  66  7  17  8  39  9  3
  0  83  1  67  2  71  3  94  4  19  5  40  6  58  7  26  8  81  9  17
  0  78  1  86  2  30  3  92  4  50  5  27  6  14  7  14  8  64  9  78
  0  53  1  61  2  79  3  74  4  23  5  56  6  19  7  93  8  37  9  80
  0  35  1  92  2  58  3  22  4  11  5  80  6  83  7  93  8  24  9  81
  0  78  1  92  2  7  3  69  4  51  5  87  6  56  7  69  8  10  9  57
  0  88  1  70  2  20  3  14  4  43  5  93  6  68  7  92  8  74  9  95
  0  10  1  85  2  97  3  20  4  29  5  38  6  56  7  14  8  62  9  66
  0  50  1  83  2  57  3  36  4  31  5  40  6  66  7  26  8  55  9  71
  0  93  1  62  2  47  3  47  4  52  5  90  6  20  7  25  8  96  9  38
  0  55  1  22  2  34  3  64  4  30  5  83  6  39  7  18  8  60  9  41
  0  13  1  37  2  81  3  54  4  66  5  66  6  89  7  82  8  31  9  74
  0  25  1  14  2  4  3  7  4  56  5  70  6  91  7  84  8  9  9  44
  0  23  1  59  2  37  3  49  4  22  5  70  6  35  7  92  8  70  9  59
  0  51  1  87  2  7  3  60  4  18  5  72  6  40  7  48  8  49  9  12
  0  65  1  23  2  46  3  85  4  15  5  59  6  7  7  83  8  91  9  58
  0  58  1  85  2  53  3  71  4  25  5  85  6  51  7  78  8  21  9  65
  0  44  1  55  2  32  3  63  4  33  5  58  6  9  7  75  8  4  9  94
  0  1  1  79  2  53  3  79  4  99  5  80  6  43  7  86  8  66  9  11
  0  22  1  44  2  69  3  40  4  81  5  32  6  48  7  70  8  63  9  81
  0  92  1  25  2  20  3  95  4  84  5  61  6  91  7  24  8  55  9  59
  0  71  1  60  2  64  3  66  4  43  5  73  6  69  7  4  8  45  9  51
  0  79  1  64  2  66  3  45  4  93  5  57  6  91  7  44  8  66  9  78
  0  63  1  93  2  60  3  4  4  98  5  63  6  65  7  57  8  98  9  19
  0  12  1  77  2  44  3  48  4  85  5  87  6  49  7  53  8  40  9  65
  0  13  1  8  2  66  3  34  4  21  5  34  6  35  7  44  8  55  9  59
  0  61  1  15  2  21  3  50  4  34  5  43  6  17  7  39  8  11  9  10
  0  82  1  77  2  81  3  39  4  16  5  4  6  35  7  90  8  45  9  90
  0  98  1  84  2  79  3  10  4  26  5  94  6  96  7  55  8  50  9  65
  0  33  1  70  2  44  3  21  4  69  5  6  6  26  7  90  8  53  9  95
  0  30  1  59  2  85  3  5  4  22  5  15  6  66  7  21  8  13  9  57
  0  72  1  74  2  32  3  88  4  17  5  5  6  30  7  5  8  21  9  21
  0  46  1  42  2  76  3  17  4  51  5  66  6  6  7  36  8  50  9  1
  0  23  1  4  2  11  3  31  4  67  5  72  6  40  7  30  8  66  9  35
  0  44  1  99  2  37  3  15  4  29  5  13  6  37  7  34  8  31  9  5
  0  31  1  18  2  79  3  57  4  26  5  85  6  47  7  57  8  92  9  36
  0  22  1  39  2  83  3  30  4  17  5  30  6  97  7  27  8  94  9  69
  0  74  1  31  2  79  3  64  4  6  5  43  6  82  7  97  8  89  9  37
  0  55  1  17  2  80  3  98  4  62  5  47  6  8  7  7  8  20  9  31
  0  55  1  21  2  58  3  75  4  28  5  33  6  88  7  47  8  62  9  81
  0  98  1  74  2  39  3  36  4  98  5  30  6  13  7  11  8  83  9  95
  0  62  1  45  2  7  3  47  4  38  5  89  6  55  7  9  8  42  9  54
  0  88  1  58  2  83  3  28  4  76  5  89  6  90  7  69  8  43  9  54
  0  60  1  22  2  13  3  46  4  96  5  24  6  5  7  10  8  53  9  87
  0  27  1  64  2  85  3  88  4  65  5  84  6  83  7  84  8  72  9  95
  0  34  1  52  2  94  3  42  4  30  5  14  6  96  7  69  8  44  9  90
  0  73  1  7  2  6  3  4  4  52  5  42  6  74  7  13  8  31  9  47
  0  89  1  66  2  9  3  69  4  26  5  89  6  88  7  2  8  14  9  49
  0  78  1  19  2  79  3  64  4  8  5  19  6  15  7  55  8  41  9  9
  0  1  1  43  2  50  3  42  4  27  5  51  6  81  7  76  8  87  9  67
  0  34  1  21  2  45  3  59  4  25  5  83  6  88  7  69  8  9  9  52
  0  39  1  20  2  88  3  49  4  64  5  4  6  26  7  57  8  18  9  48
  0  32  1  10  2  10  3  68  4  20  5  81  6  64  7  62  8  18  9  24
  0  40  1  96  2  99  3  39  4  11  5  97  6  75  7  90  8  21  9  40
  0  37  1  73  2  81  3  3  4  72  5  13  6  61  7  28  8  70  9  58
  0  86  1  11  2  95  3  84  4  63  5  4  6  7  7  30  8  74  9  1
  0  31  1  16  2  26  3  56  4  38  5  47  6  37  7  35  8  60  9  78
  0  6  1  14  2  59  3  84  4  78  5  73  6  48  7  94  8  33  9  38
  0  90  1  57  2  30  3  80  4  55  5  51  6  88  7  82  8  9  9  71
  0  26  1  6  2  41  3  40  4  26  5  45  6  87  7  20  8  44  9  43
  0  80  1  44  2  66  3  94  4  39  5  90  6  84  7  78  8  87  9  39
  0  33  1  82  2  62  3  21  4  22  5  16  6  41  7  34  8  54  9  31
  0  3  1  77  2  5  3  82  4  20  5  45  6  14  7  9  8  12  9  65
  0  10  1  16  2  42  3  93  4  67  5  82  6  15  7  74  8  63  9  36
  0  14  1  45  2  3  3  54  4  89  5  50  6  2  7  95  8  81  9  68
  0  67  1  73  2  43  3  98  4  7  5  9  6  89  7  34  8  49  9  38
  0  2  1  27  2  82  3  66  4  47  5  40  6  9  7  74  8  4  9  7
  0  95  1  33  2  99  3  73  4  70  5  91  6  99  7  77  8  71  9  17
  0  7  1  96  2  75  3  27  4  57  5  70  6  45  7  31  8  26  9  69
  0  82  1  69  2  75  3  77  4  68  5  30  6  5  7  3  8  31  9  60
  0  98  1  38  2  74  3  27  4  72  5  38  6  56  7  77  8  50  9  68
  0  96  1  1  2  50  3  66  4  61  5  7  6  53  7  11  8  46  9  69
  0  57  1  72  2  51  3  84  4  75  5  24  6  43  7  58  8  21  9  10
  0  15  1  27  2  68  3  3  4  10  5  46  6  9  7  14  8  68  9  42
  0  21  1  22  2  8  3  84  4  46  5  36  6  51  7  21  8  12  9  19
  0  48  1  10  2  58  3  20  4  84  5  8  6  73  7  8  8  43  9  28
  0  7  1  99  2  79  3  55  4  59  5  18  6  22  7  88  8  37  9  33
  0  4  1  59  2  23  3  69  4  99  5  29  6  29  7  71  8  7  9  74
  0  93  1  80  2  8  3  11  4  61  5  49  6  97  7  14  8  65  9  1
  0  70  1  33  2  74  3  14  4  81  5  24  6  93  7  82  8  48  9  22
  0  38  1  86  2  50  3  48  4  90  5  74  6  31  7  14  8  36  9  45
  0  32  1  66  2  33  3  59  4  91  5  3  6  47  7  53  8  98  9  18
  0  76  1  9  2  89  3  87  4  34  5  7  6  19  7  4  8  70  9  79
  0  38  1  86  2  44  3  20  4  81  5  73  6  85  7  35  8  24  9  38
  0  7  1  37  2  68  3  91  4  44  5  6  6  82  7  83  8  48  9  83
  0  80  1  82  2  56  3  70  4  31  5  29  6  3  7  36  8  27  9  62
  0  65  1  73  2  57  3  91  4  38  5  39  6  63  7  46  8  96  9  80
  0  65  1  25  2  80  3  37  4  95  5  41  6  14  7  51  8  77  9  23
  0  48  1  49  2  29  3  18  4  80  5  56  6  87  7  11  8  95  9  71
  0  80  1  64  2  30  3  14  4  82  5  16  6  56  7  9  8  49  9  22
  0  38  1  73  2  6  3  13  4  99  5  40  6  33  7  99  8  9  9  11
  0  85  1  59  2  84  3  17  4  16  5  74  6  53  7  70  8  18  9  11
  0  30  1  85  2  94  3  65  4  93  5  32  6  8  7  9  8  85  9  48
  0  81  1  99  2  53  3  10  4  59  5  63  6  7  7  52  8  41  9  48
  0  70  1  80  2  32  3  5  4  43  5  13  6  4  7  51  8  5  9  50
  0  43  1  24  2  25  3  63  4  23  5  22  6  61  7  40  8  39  9  91
  0  62  1  37  2  91  3  28  4  9  5  17  6  6  7  59  8  47  9  84
  0  15  1  64  2  17  3  42  4  55  5  39  6  63  7  20  8  44  9  93
  0  91  1  65  2  49  3  68  4  1  5  95  6  56  7  80  8  14  9  36
  0  95  1  55  2  77  3  12  4  1  5  96  6  99  7  56  8  87  9  2
  0  68  1  56  2  93  3  18  4  45  5  57  6  8  7  12  8  37  9  77
  0  77  1  89  2  95  3  18  4  86  5  79  6  81  7  80  8  27  9  85
  0  12  1  98  2  14  3  58  4  73  5  66  6  18  7  43  8  47  9  21
  0  12  1  12  2  17  3  96  4  52  5  75  6  25  7  73  8  57  9  44
  0  6  1  83  2  33  3  72  4  27  5  43  6  68  7  15  8  88  9  24
  0  5  1  78  2  88  3  89  4  42  5  34  6  41  7  54  8  44  9  50
  0  99  1  40  2  49  3  33  4  43  5  39  6  6  7  2  8  5  9  18
  0  82  1  28  2  63  3  95  4  29  5  24  6  22  7  10  8  73  9  53
  0  49  1  43  2  99  3  91  4  56  5  55  6  43  7  82  8  27  9  85
  0  65  1  43  2  31  3  70  4  34  5  28  6  97  7  29  8  8  9  51
  0  10  1  3  2  80  3  25  4  53  5  28  6  73  7  68  8  43  9  19
  0  42  1  91  2  89  3  57  4  60  5  56  6  4  7  23  8  93  9  75
  0  25  1  26  2  59  3  96  4  42  5  6  6  67  7  79  8  34  9  17
  0  51  1  78  2  42  3  21  4  59  5  66  6  75  7  50  8  61  9  75
  0  79  1  3  2  82  3  48  4  38  5  97  6  73  7  98  8  93  9  4
  0  83  1  56  2  84  3  4  4  92  5  27  6  61  7  71  8  11  9  90
  0  6  1  60  2  68  3  31  4  78  5  52  6  41  7  54  8  76  9  94
  0  80  1  62  2  47  3  29  4  64  5  61  6  25  7  2  8  66  9  38
  0  67  1  90  2  20  3  36  4  5  5  2  6  19  7  99  8  41  9  24
  0  91  1  86  2  68  3  27  4  32  5  52  6  73  7  54  8  63  9  61
  0  56  1  47  2  5  3  87  4  88  5  97  6  21  7  89  8  82  9  16
  0  5  1  91  2  45  3  59  4  20  5  97  6  36  7  61  8  84  9  22
  0  64  1  55  2  3  3  9  4  81  5  92  6  50  7  80  8  59  9  70
  0  77  1  31  2  66  3  53  4  97  5  60  6  72  7  39  8  52  9  14
  0  43  1  93  2  93  3  69  4  19  5  69  6  17  7  93  8  80  9  80
  0  21  1  47  2  36  3  89  4  96  5  24  6  1  7  38  8  72  9  50
  0  42  1  26  2  48  3  76  4  11  5  16  6  12  7  30  8  94  9  20
  0  19  1  31  2  41  3  94  4  76  5  79  6  60  7  63  8  59  9  48
  0  91  1  17  2  51  3  75  4  91  5  81  6  95  7  16  8  89  9  53
  0  88  1  91  2  7  3  30  4  55  5  79  6  44  7  95  8  89  9  93
  0  76  1  36  2  48  3  63  4  14  5  89  6  36  7  23  8  17  9  66
  0  7  1  55  2  75  3  86  4  86  5  51  6  90  7  22  8  81  9  88
  0  9  1  37  2  25  3  28  4  14  5  73  6  91  7  95  8  72  9  13
  0  61  1  94  2  67  3  20  4  31  5  49  6  97  7  54  8  93  9  97
  0  12  1  83  2  36  3  77  4  89  5  60  6  28  7  65  8  20  9  31
  0  3  1  67  2  22  3  95  4  49  5  79  6  2  7  29  8  64  9  48
  0  52  1  42  2  47  3  20  4  42  5  35  6  22  7  49  8  34  9  74
  0  12  1  95  2  47  3  8  4  36  5  49  6  42  7  69  8  65  9  51
  0  93  1  65  2  70  3  99  4  94  5  41  6  64  7  61  8  82  9  55
  0  94  1  32  2  94  3  19  4  57  5  3  6  2  7  76  8  38  9  45
  0  63  1  42  2  89  3  6  4  99  5  12  6  9  7  75  8  92  9  2
  0  75  1  90  2  51  3  12  4  60  5  49  6  93  7  96  8  18  9  85
  0  47  1  91  2  18  3  11  4  59  5  34  6  88  7  21  8  76  9  73
  0  64  1  36  2  27  3  58  4  67  5  10  6  22  7  51  8  73  9  32
  0  53  1  4  2  28  3  9  4  59  5  90  6  12  7  4  8  87  9  89
  0  91  1  56  2  62  3  59  4  84  5  20  6  59  7  39  8  29  9  97
  0  19  1  87  2  45  3  45  4  70  5  30  6  22  7  87  8  45  9  64
  0  61  1  62  2  87  3  79  4  78  5  76  6  11  7  55  8  29  9  68
  0  45  1  59  2  9  3  75  4  73  5  63  6  57  7  65  8  59  9  41
  0  54  1  2  2  13  3  15  4  93  5  14  6  39  7  73  8  70  9  13
  0  75  1  72  2  17  3  81  4  10  5  89  6  72  7  12  8  26  9  91
  0  80  1  71  2  39  3  48  4  32  5  39  6  98  7  93  8  15  9  23
  0  74  1  5  2  30  3  48  4  64  5  81  6  83  7  3  8  79  9  12
  0  70  1  54  2  97  3  81  4  1  5  77  6  86  7  54  8  46  9  74
  0  50  1  19  2  96  3  58  4  42  5  11  6  60  7  40  8  35  9  19
  0  47  1  37  2  70  3  55  4  10  5  94  6  9  7  48  8  54  9  95
  0  41  1  78  2  17  3  76  4  70  5  78  6  86  7  6  8  36  9  50
  0  22  1  72  2  57  3  88  4  74  5  97  6  28  7  7  8  36  9  64
  0  56  1  94  2  61  3  25  4  68  5  72  6  39  7  48  8  7  9  8
  0  8  1  94  2  74  3  12  4  44  5  39  6  30  7  32  8  62  9  90
  0  27  1  14  2  14  3  58  4  47  5  85  6  74  7  77  8  74  9  5
  0  36  1  94  2  11  3  56  4  76  5  73  6  37  7  95  8  48  9  57
  0  47  1  86  2  12  3  22  4  31  5  58  6  25  7  98  8  90  9  96
  0  29  1  32  2  82  3  36  4  24  5  30  6  44  7  27  8  20  9  4
  0  57  1  80  2  79  3  10  4  28  5  23  6  27  7  38  8  99  9  22
  0  59  1  17  2  42  3  44  4  98  5  21  6  64  7  74  8  73  9  3
  0  41  1  8  2  3  3  93  4  72  5  69  6  43  7  30  8  2  9  63
  0  98  1  7  2  58  3  18  4  24  5  81  6  8  7  97  8  60  9  48
  0  28  1  5  2  83  3  69  4  35  5  70  6  61  7  55  8  30  9  22
  0  40  1  99  2  48  3  82  4  14  5  16  6  23  7  22  8  51  9  46
  0  98  1  76  2  63  3  35  4  55  5  9  6  64  7  79  8  30  9  64
  0  38  1  99  2  47  3  58  4  21  5  98  6  91  7  89  8  60  9  10
  0  83  1  72  2  16  3  30  4  54  5  23  6  7  7  5  8  10  9  60
  0  17  1  13  2  41  3  82  4  31  5  57  6  33  7  53  8  36  9  66
  0  52  1  90  2  38  3  60  4  35  5  52  6  58  7  38  8  6  9  60
  0  19  1  87  2  84  3  3  4  31  5  29  6  79  7  14  8  39  9  38
  0  59  1  7  2  99  3  9  4  61  5  31  6  80  7  62  8  75  9  57
  0  14  1  2  2  7  3  28  4  49  5  69  6  20  7  14  8  76  9  62
  0  98  1  72  2  25  3  13  4  91  5  1  6  53  7  30  8  18  9  22
  0  82  1  64  2  51  3  45  4  47  5  58  6  17  7  3  8  58  9  60
  0  66  1  38  2  12  3  39  4  2  5  10  6  75  7  34  8  79  9  30
  0  40  1  94  2  17  3  47  4  29  5  31  6  67  7  60  8  91  9  58
  0  43  1  96  2  24  3  3  4  15  5  16  6  93  7  31  8  94  9  11
  0  71  1  80  2  93  3  17  4  81  5  30  6  23  7  50  8  35  9  34
  0  46  1  43  2  5  3  3  4  34  5  42  6  47  7  8  8  72  9  82
  0  93  1  37  2  5  3  70  4  64  5  42  6  33  7  14  8  67  9  42
  0  6  1  4  2  91  3  74  4  47  5  25  6  14  7  17  8  34  9  51
  0  61  1  18  2  3  3  56  4  18  5  97  6  51  7  44  8  58  9  27
  0  73  1  77  2  43  3  83  4  28  5  58  6  16  7  41  8  40  9  96
  0  80  1  51  2  87  3  61  4  57  5  11  6  16  7  2  8  40  9  42
  0  72  1  92  2  99  3  5  4  83  5  28  6  11  7  37  8  94  9  75
  0  7  1  94  2  36  3  62  4  67  5  11  6  14  7  59  8  9  9  29
  0  20  1  77  2  38  3  63  4  8  5  94  6  69  7  82  8  91  9  92
  0  31  1  40  2  53  3  39  4  11  5  84  6  74  7  75  8  9  9  26
  0  17  1  88  2  99  3  37  4  27  5  63  6  29  7  27  8  42  9  54
  0  84  1  7  2  10  3  26  4  32  5  30  6  55  7  51  8  90  9  98
  0  67  1  52  2  92  3  41  4  70  5  38  6  69  7  18  8  13  9  73
  0  23  1  11  2  98  3  72  4  10  5  2  6  16  7  13  8  32  9  37
  0  67  1  6  2  1  3  44  4  97  5  72  6  45  7  48  8  50  9  8
  0  50  1  92  2  39  3  43  4  75  5  73  6  91  7  21  8  63  9  34
  0  88  1  55  2  54  3  87  4  45  5  46  6  72  7  53  8  72  9  52
  0  18  1  37  2  23  3  62  4  27  5  80  6  23  7  3  8  46  9  58
  0  36  1  76  2  43  3  15  4  4  5  34  6  64  7  57  8  60  9  98
  0  95  1  35  2  41  3  11  4  94  5  92  6  91  7  60  8  86  9  80
  0  70  1  30  2  69  3  24  4  15  5  52  6  49  7  28  8  78  9  61
  0  96  1  46  2  85  3  99  4  24  5  39  6  57  7  4  8  85  9  10
  0  1  1  69  2  83  3  89  4  63  5  88  6  21  7  13  8  95  9  3
  0  17  1  88  2  83  3  4  4  6  5  85  6  30  7  88  8  64  9  67
  0  7  1  50  2  46  3  46  4  94  5  56  6  15  7  55  8  1  9  37
  0  5  1  43  2  10  3  10  4  58  5  41  6  98  7  94  8  5  9  77
  0  44  1  90  2  91  3  7  4  85  5  36  6  86  7  8  8  30  9  65
  0  85  1  49  2  1  3  30  4  30  5  34  6  88  7  53  8  99  9  77
  0  35  1  27  2  25  3  63  4  62  5  82  6  62  7  1  8  42  9  93
  0  1  1  60  2  49  3  74  4  4  5  83  6  55  7  99  8  11  9  69
  0  51  1  60  2  41  3  96  4  9  5  19  6  77  7  33  8  19  9  35
  0  29  1  40  2  62  3  75  4  90  5  75  6  10  7  32  8  56  9  49
  0  41  1  7  2  56  3  82  4  51  5  38  6  7  7  84  8  70  9  75
  0  16  1  47  2  10  3  36  4  70  5  1  6  27  7  92  8  5  9  11
  0  62  1  75  2  16  3  93  4  88  5  90  6  82  7  76  8  79  9  84
  0  14  1  39  2  93  3  15  4  8  5  10  6  15  7  98  8  24  9  1
  0  11  1  50  2  77  3  11  4  95  5  34  6  30  7  24  8  5  9  84
  0  15  1  80  2  23  3  83  4  36  5  14  6  17  7  90  8  22  9  60
  0  77  1  50  2  20  3  94  4  50  5  53  6  79  7  53  8  34  9  5
  0  37  1  39  2  59  3  21  4  13  5  27  6  77  7  80  8  86  9  98
  0  44  1  84  2  5  3  2  4  31  5  99  6  32  7  94  8  57  9  97
  0  69  1  15  2  82  3  22  4  76  5  6  6  13  7  19  8  85  9  68
  0  26  1  39  2  95  3  30  4  96  5  89  6  76  7  56  8  99  9  86
  0  25  1  28  2  95  3  44  4  55  5  77  6  46  7  96  8  10  9  49
  0  18  1  46  2  25  3  25  4  55  5  75  6  99  7  38  8  33  9  64
  0  28  1  57  2  36  3  16  4  12  5  23  6  10  7  68  8  61  9  56
  0  83  1  42  2  42  3  86  4  63  5  68  6  41  7  57  8  49  9  81
  0  37  1  13  2  9  3  75  4  26  5  68  6  27  7  68  8  17  9  24
  0  17  1  99  2  99  3  67  4  38  5  83  6  62  7  87  8  84  9  76
  0  1  1  78  2  25  3  23  4  49  5  16  6  5  7  24  8  21  9  36
  0  51  1  92  2  48  3  40  4  42  5  34  6  50  7  22  8  10  9  42
  0  72  1  66  2  19  3  95  4  79  5  90  6  29  7  23  8  87  9  13
  0  9  1  40  2  66  3  71  4  98  5  86  6  71  7  31  8  25  9  31
  0  48  1  53  2  90  3  4  4  41  5  7  6  31  7  77  8  14  9  54
  0  90  1  21  2  24  3  41  4  49  5  76  6  40  7  64  8  35  9  47
  0  91  1  10  2  70  3  93  4  70  5  75  6  56  7  73  8  48  9  17
  0  82  1  72  2  60  3  94  4  30  5  19  6  77  7  9  8  92  9  69
  0  73  1  31  2  33  3  12  4  42  5  90  6  65  7  28  8  39  9  70
  0  8  1  3  2  43  3  10  4  63  5  81  6  62  7  30  8  23  9  6
  0  32  1  26  2  88  3  84  4  86  5  89  6  58  7  74  8  81  9  60
  0  42  1  80  2  22  3  13  4  78  5  4  6  13  7  31  8  79  9  90
  0  25  1  39  2  25  3  67  4  75  5  63  6  77  7  52  8  30  9  68
  0  4  1  90  2  91  3  84  4  4  5  65  6  44  7  16  8  93  9  42
  0  45  1  99  2  98  3  90  4  94  5  55  6  44  7  68  8  35  9  47
  0  53  1  66  2  35  3  43  4  91  5  55  6  85  7  42  8  9  9  64
  0  4  1  18  2  79  3  17  4  8  5  87  6  43  7  66  8  41  9  91
  0  78  1  26  2  20  3  81  4  80  5  86  6  63  7  10  8  22  9  63
  0  22  1  94  2  2  3  13  4  95  5  99  6  40  7  9  8  34  9  37
  0  51  1  83  2  49  3  5  4  5  5  55  6  76  7  1  8  69  9  1
  0  71  1  86  2  82  3  60  4  25  5  82  6  12  7  63  8  41  9  22
  0  82  1  25  2  3  3  97  4  88  5  43  6  21  7  74  8  27  9  7
  0  45  1  60  2  4  3  84  4  73  5  45  6  16  7  60  8  8  9  58
  0  99  1  38  2  21  3  10  4  2  5  15  6  42  7  2  8  14  9  24
TPM
  0  3253  1  3253  2  3253  3  3253  4  3253  5  3253  6  3253  7  3253  8  3253  9  3253
PMT
  0  76  1  36  2  72  3  74  4  18  5  53  6  33  7  34  8  17  9  77
  0  38  1  58  2  8  3  45  4  64  5  48  6  22  7  56  8  20  9  70
  0  24  1  68  2  3  3  4  4  64  5  20  6  59  7  90  8  18  9  55
  0  11  1  79  2  61  3  86  4  16  5  15  6  24  7  28  8  3  9  14
  0  76  1  61  2  83  3  8  4  75  5  42  6  33  7  64  8  78  9  46
  0  6  1  4  2  64  3  7  4  97  5  85  6  63  7  20  8  6  9  23
  0  60  1  80  2  30  3  46  4  24  5  8  6  13  7  33  8  89  9  57
  0  18  1  72  2  81  3  28  4  2  5  31  6  66  7  26  8  13  9  30
  0  67  1  20  2  35  3  65  4  80  5  20  6  55  7  25  8  70  9  55
  0  15  1  79  2  46  3  37  4  98  5  51  6  33  7  26  8  38  9  98
  0  99  1  48  2  51  3  58  4  4  5  22  6  56  7  36  8  59  9  89
  0  7  1  49  2  50  3  79  4  47  5  39  6  37  7  25  8  97  9  23
  0  27  1  20  2  90  3  59  4  12  5  2  6  47  7  30  8  94  9  65
  0  45  1  63  2  51  3  79  4  25  5  73  6  5  7  34  8  38  9  65
  0  1  1  46  2  19  3  37  4  30  5  19  6  60  7  94  8  16  9  9
  0  99  1  37  2  62  3  53  4  62  5  96  6  59  7  73  8  4  9  22
