200  10
  0  3  1  84  2  58  3  76  4  59  5  32  6  90  7  35  8  7  9  54
  0  92  1  33  2  62  3  12  4  62  5  58  6  98  7  53  8  76  9  60
  0  62  1  20  2  27  3  78  4  59  5  48  6  52  7  98  8  46  9  44
  0  43  1  83  2  14  3  77  4  1  5  68  6  50  7  96  8  73  9  2
  0  14  1  80  2  79  3  95  4  57  5  61  6  13  7  9  8  84  9  5
  0  78  1  58  2  35  3  14  4  12  5  66  6  18  7  99  8  69  9  62
  0  42  1  35  2  8  3  97  4  29  5  86  6  72  7  60  8  84  9  91
  0  73  1  84  2  70  3  15  4  24  5  88  6  25  7  14  8  56  9  2
  0  91  1  95  2  50  3  44  4  62  5  40  6  36  7  84  8  68  9  18
  0  51  1  89  2  47  3  48  4  79  5  24  6  80  7  46  8  84  9  87
  0  75  1  74  2  13  3  88  4  46  5  98  6  59  7  72  8  16  9  2
  0  84  1  89  2  18  3  10  4  39  5  46  6  15  7  39  8  50  9  69
  0  26  1  66  2  46  3  8  4  42  5  75  6  53  7  17  8  83  9  36
  0  71  1  19  2  2  3  21  4  18  5  29  6  52  7  66  8  97  9  93
  0  91  1  25  2  42  3  83  4  53  5  72  6  20  7  22  8  28  9  73
  0  6  1  62  2  45  3  2  4  78  5  28  6  21  7  77  8  72  9  92
  0  48  1  81  2  98  3  54  4  5  5  31  6  15  7  28  8  36  9  48
  0  28  1  78  2  29  3  55  4  26  5  50  6  74  7  58  8  92  9  65
  0  2  1  28  2  54  3  15  4  18  5  76  6  50  7  46  8  93  9  87
  0  36  1  23  2  69  3  52  4  53  5  28  6  92  7  21  8  33  9  15
  0  85  1  69  2  14  3  39  4  19  5  35  6  83  7  16  8  46  9  84
  0  85  1  2  2  97  3  5  4  52  5  87  6  77  7  40  8  39  9  38
  0  81  1  6  2  90  3  36  4  34  5  64  6  51  7  6  8  33  9  31
  0  2  1  29  2  27  3  50  4  96  5  67  6  67  7  76  8  14  9  63
  0  24  1  14  2  53  3  87  4  45  5  27  6  53  7  45  8  95  9  34
  0  99  1  63  2  23  3  7  4  37  5  20  6  15  7  79  8  35  9  88
  0  61  1  18  2  53  3  16  4  26  5  8  6  94  7  42  8  92  9  62
  0  67  1  35  2  53  3  55  4  74  5  15  6  33  7  40  8  17  9  64
  0  80  1  97  2  62  3  66  4  67  5  32  6  26  7  20  8  78  9  2
  0  74  1  7  2  76  3  63  4  21  5  28  6  87  7  53  8  3  9  20
  0  27  1  46  2  46  3  30  4  66  5  63  6  58  7  7  8  19  9  8
  0  99  1  25  2  83  3  65  4  35  5  70  6  82  7  95  8  62  9  39
  0  75  1  85  2  64  3  27  4  40  5  65  6  38  7  26  8  56  9  91
  0  89  1  44  2  20  3  50  4  6  5  5  6  85  7  37  8  38  9  20
  0  21  1  15  2  64  3  19  4  91  5  67  6  2  7  85  8  45  9  79
  0  98  1  38  2  48  3  26  4  27  5  45  6  79  7  43  8  43  9  80
  0  14  1  27  2  5  3  38  4  30  5  69  6  49  7  73  8  23  9  20
  0  73  1  42  2  22  3  65  4  71  5  44  6  32  7  26  8  24  9  3
  0  50  1  39  2  43  3  36  4  28  5  65  6  11  7  93  8  83  9  38
  0  71  1  68  2  82  3  56  4  71  5  12  6  34  7  65  8  36  9  11
  0  78  1  4  2  52  3  97  4  71  5  84  6  85  7  6  8  72  9  63
  0  38  1  95  2  4  3  97  4  52  5  10  6  34  7  91  8  90  9  35
  0  9  1  10  2  65  3  72  4  24  5  70  6  89  7  53  8  21  9  74
  0  73  1  45  2  41  3  22  4  87  5  40  6  79  7  19  8  71  9  18
  0  18  1  93  2  58  3  20  4  28  5  49  6  35  7  92  8  76  9  38
  0  68  1  65  2  71  3  39  4  63  5  87  6  38  7  60  8  38  9  37
  0  93  1  1  2  21  3  65  4  90  5  55  6  19  7  56  8  22  9  34
  0  95  1  1  2  14  3  28  4  75  5  17  6  57  7  59  8  54  9  77
  0  53  1  81  2  73  3  15  4  57  5  27  6  10  7  13  8  63  9  6
  0  68  1  18  2  70  3  19  4  91  5  18  6  94  7  31  8  13  9  68
  0  39  1  16  2  27  3  85  4  42  5  71  6  56  7  9  8  43  9  61
  0  21  1  14  2  51  3  47  4  59  5  43  6  11  7  94  8  47  9  56
  0  78  1  88  2  13  3  36  4  83  5  73  6  48  7  6  8  9  9  19
  0  64  1  29  2  35  3  71  4  36  5  8  6  27  7  26  8  44  9  99
  0  47  1  62  2  99  3  10  4  47  5  3  6  8  7  47  8  43  9  84
  0  23  1  35  2  2  3  79  4  77  5  13  6  76  7  80  8  6  9  91
  0  79  1  36  2  90  3  24  4  76  5  26  6  92  7  13  8  29  9  87
  0  58  1  77  2  47  3  38  4  5  5  31  6  5  7  62  8  27  9  53
  0  30  1  58  2  82  3  71  4  87  5  50  6  45  7  52  8  11  9  26
  0  30  1  93  2  42  3  44  4  39  5  71  6  95  7  29  8  71  9  54
  0  50  1  49  2  97  3  15  4  36  5  33  6  6  7  99  8  80  9  85
  0  52  1  22  2  9  3  96  4  76  5  96  6  32  7  64  8  76  9  41
  0  58  1  65  2  40  3  90  4  20  5  49  6  83  7  25  8  89  9  46
  0  46  1  90  2  30  3  96  4  33  5  64  6  19  7  64  8  20  9  98
  0  17  1  76  2  43  3  46  4  84  5  4  6  54  7  52  8  69  9  81
  0  7  1  50  2  9  3  26  4  4  5  16  6  26  7  5  8  22  9  67
  0  17  1  65  2  92  3  91  4  47  5  13  6  16  7  62  8  15  9  18
  0  18  1  65  2  46  3  86  4  88  5  52  6  23  7  3  8  67  9  83
  0  74  1  57  2  51  3  32  4  63  5  3  6  44  7  64  8  62  9  9
  0  80  1  17  2  3  3  94  4  89  5  34  6  20  7  75  8  72  9  27
  0  59  1  52  2  21  3  97  4  90  5  11  6  2  7  98  8  56  9  36
  0  70  1  47  2  58  3  41  4  97  5  22  6  37  7  65  8  32  9  85
  0  20  1  4  2  13  3  23  4  34  5  63  6  15  7  99  8  6  9  58
  0  4  1  63  2  98  3  92  4  3  5  50  6  60  7  88  8  25  9  76
  0  78  1  67  2  18  3  5  4  73  5  79  6  14  7  40  8  60  9  49
  0  92  1  88  2  79  3  77  4  96  5  69  6  65  7  19  8  51  9  81
  0  1  1  29  2  91  3  53  4  95  5  37  6  88  7  36  8  54  9  7
  0  24  1  11  2  49  3  80  4  66  5  27  6  10  7  14  8  41  9  85
  0  78  1  62  2  2  3  39  4  10  5  63  6  38  7  71  8  11  9  31
  0  79  1  79  2  40  3  51  4  91  5  66  6  27  7  53  8  56  9  23
  0  63  1  97  2  93  3  58  4  92  5  79  6  73  7  92  8  98  9  79
  0  98  1  44  2  48  3  82  4  86  5  61  6  69  7  42  8  69  9  77
  0  51  1  88  2  84  3  99  4  97  5  84  6  35  7  52  8  81  9  80
  0  31  1  41  2  63  3  36  4  54  5  9  6  94  7  88  8  99  9  87
  0  7  1  10  2  83  3  81  4  41  5  58  6  25  7  38  8  5  9  36
  0  49  1  69  2  31  3  2  4  51  5  58  6  87  7  82  8  32  9  45
  0  63  1  26  2  94  3  76  4  22  5  44  6  53  7  86  8  9  9  53
  0  7  1  6  2  44  3  29  4  67  5  48  6  45  7  9  8  49  9  8
  0  53  1  17  2  63  3  61  4  59  5  99  6  67  7  78  8  61  9  95
  0  68  1  60  2  92  3  69  4  77  5  71  6  94  7  89  8  63  9  45
  0  48  1  38  2  57  3  50  4  56  5  62  6  99  7  77  8  60  9  23
  0  40  1  69  2  40  3  96  4  23  5  99  6  9  7  33  8  21  9  90
  0  12  1  68  2  7  3  96  4  99  5  58  6  63  7  29  8  28  9  85
  0  85  1  74  2  93  3  29  4  15  5  30  6  29  7  26  8  6  9  82
  0  99  1  58  2  32  3  77  4  80  5  38  6  67  7  65  8  15  9  72
  0  3  1  33  2  67  3  41  4  84  5  36  6  31  7  14  8  85  9  7
  0  54  1  89  2  47  3  94  4  88  5  31  6  47  7  62  8  88  9  32
  0  88  1  63  2  91  3  46  4  10  5  45  6  76  7  46  8  61  9  70
  0  79  1  9  2  5  3  52  4  99  5  49  6  18  7  44  8  48  9  25
  0  30  1  24  2  96  3  4  4  99  5  60  6  41  7  70  8  20  9  73
  0  98  1  90  2  25  3  1  4  80  5  85  6  9  7  44  8  23  9  70
  0  95  1  59  2  66  3  53  4  19  5  3  6  17  7  24  8  99  9  67
  0  26  1  51  2  35  3  53  4  68  5  77  6  24  7  58  8  23  9  93
  0  3  1  94  2  62  3  4  4  71  5  58  6  22  7  47  8  20  9  4
  0  98  1  8  2  89  3  12  4  5  5  37  6  41  7  46  8  66  9  91
  0  97  1  36  2  51  3  24  4  89  5  29  6  70  7  5  8  27  9  8
  0  69  1  66  2  67  3  68  4  22  5  71  6  60  7  82  8  85  9  71
  0  80  1  9  2  77  3  99  4  87  5  38  6  87  7  13  8  68  9  53
  0  35  1  73  2  57  3  63  4  27  5  42  6  33  7  41  8  92  9  25
  0  40  1  62  2  80  3  77  4  84  5  44  6  59  7  87  8  98  9  2
  0  56  1  68  2  83  3  6  4  17  5  33  6  60  7  82  8  71  9  51
  0  97  1  2  2  48  3  86  4  99  5  45  6  71  7  78  8  59  9  38
  0  15  1  21  2  25  3  7  4  21  5  32  6  29  7  76  8  93  9  41
  0  72  1  30  2  34  3  19  4  71  5  94  6  67  7  40  8  6  9  22
  0  77  1  45  2  30  3  75  4  72  5  42  6  23  7  59  8  14  9  73
  0  11  1  26  2  6  3  23  4  66  5  58  6  18  7  59  8  76  9  31
  0  85  1  17  2  43  3  62  4  31  5  76  6  39  7  38  8  65  9  97
  0  49  1  64  2  90  3  8  4  64  5  69  6  10  7  48  8  3  9  68
  0  99  1  38  2  83  3  68  4  22  5  7  6  77  7  69  8  63  9  7
  0  3  1  79  2  33  3  95  4  48  5  75  6  73  7  60  8  31  9  52
  0  39  1  29  2  41  3  54  4  60  5  72  6  6  7  83  8  5  9  9
  0  89  1  16  2  87  3  55  4  24  5  88  6  11  7  92  8  96  9  23
  0  14  1  42  2  87  3  3  4  73  5  52  6  2  7  30  8  3  9  63
  0  47  1  13  2  5  3  2  4  58  5  65  6  99  7  91  8  56  9  27
  0  38  1  20  2  12  3  30  4  50  5  76  6  30  7  65  8  8  9  46
  0  91  1  35  2  89  3  54  4  10  5  87  6  84  7  57  8  96  9  70
  0  74  1  49  2  35  3  55  4  67  5  29  6  6  7  7  8  86  9  40
  0  24  1  18  2  33  3  76  4  74  5  19  6  75  7  24  8  53  9  35
  0  37  1  78  2  52  3  55  4  74  5  52  6  52  7  30  8  80  9  77
  0  99  1  23  2  56  3  48  4  96  5  68  6  21  7  69  8  14  9  18
  0  60  1  10  2  15  3  78  4  47  5  66  6  57  7  77  8  63  9  91
  0  93  1  94  2  13  3  45  4  99  5  66  6  17  7  64  8  96  9  33
  0  17  1  74  2  55  3  95  4  32  5  65  6  83  7  3  8  48  9  28
  0  39  1  73  2  28  3  18  4  38  5  43  6  82  7  74  8  19  9  79
  0  30  1  42  2  6  3  96  4  38  5  47  6  78  7  82  8  30  9  41
  0  29  1  10  2  87  3  4  4  84  5  81  6  99  7  72  8  99  9  65
  0  22  1  53  2  67  3  78  4  58  5  96  6  5  7  51  8  75  9  78
  0  93  1  83  2  4  3  8  4  92  5  51  6  5  7  34  8  60  9  52
  0  89  1  51  2  36  3  76  4  26  5  18  6  84  7  55  8  69  9  15
  0  99  1  21  2  4  3  39  4  7  5  73  6  85  7  2  8  26  9  50
  0  4  1  55  2  90  3  31  4  28  5  94  6  12  7  29  8  93  9  95
  0  44  1  56  2  37  3  86  4  4  5  62  6  3  7  64  8  30  9  73
  0  66  1  4  2  92  3  91  4  45  5  26  6  94  7  30  8  7  9  9
  0  17  1  96  2  85  3  72  4  98  5  46  6  60  7  74  8  70  9  53
  0  73  1  69  2  55  3  7  4  75  5  55  6  23  7  2  8  30  9  85
  0  70  1  77  2  30  3  26  4  35  5  57  6  83  7  99  8  94  9  52
  0  82  1  13  2  90  3  54  4  73  5  97  6  81  7  35  8  72  9  92
  0  29  1  12  2  6  3  40  4  46  5  51  6  73  7  88  8  84  9  36
  0  57  1  19  2  33  3  90  4  14  5  35  6  39  7  58  8  48  9  89
  0  97  1  79  2  40  3  30  4  66  5  93  6  65  7  89  8  79  9  88
  0  49  1  64  2  96  3  44  4  37  5  35  6  93  7  68  8  65  9  39
  0  81  1  16  2  73  3  98  4  23  5  18  6  85  7  56  8  64  9  88
  0  58  1  72  2  20  3  80  4  68  5  95  6  60  7  95  8  92  9  5
  0  9  1  77  2  89  3  73  4  36  5  51  6  5  7  27  8  3  9  70
  0  47  1  76  2  7  3  1  4  8  5  53  6  19  7  48  8  27  9  83
  0  26  1  3  2  18  3  68  4  4  5  59  6  22  7  67  8  93  9  45
  0  28  1  94  2  64  3  58  4  9  5  76  6  63  7  90  8  35  9  35
  0  7  1  1  2  79  3  92  4  56  5  54  6  27  7  6  8  78  9  54
  0  33  1  83  2  87  3  12  4  26  5  45  6  19  7  51  8  18  9  22
  0  87  1  38  2  84  3  6  4  15  5  68  6  33  7  97  8  42  9  78
  0  43  1  24  2  61  3  38  4  87  5  99  6  28  7  53  8  37  9  75
  0  35  1  89  2  14  3  91  4  65  5  86  6  64  7  14  8  62  9  27
  0  38  1  56  2  65  3  77  4  13  5  79  6  8  7  29  8  4  9  34
  0  89  1  87  2  34  3  2  4  53  5  91  6  59  7  30  8  21  9  76
  0  83  1  78  2  97  3  91  4  93  5  13  6  29  7  53  8  9  9  32
  0  57  1  85  2  29  3  87  4  51  5  72  6  2  7  53  8  65  9  43
  0  78  1  51  2  75  3  49  4  1  5  25  6  91  7  6  8  49  9  37
  0  34  1  14  2  51  3  22  4  54  5  80  6  8  7  26  8  95  9  97
  0  22  1  1  2  52  3  64  4  99  5  53  6  70  7  43  8  81  9  59
  0  89  1  98  2  25  3  86  4  20  5  52  6  26  7  92  8  15  9  56
  0  73  1  92  2  71  3  64  4  63  5  14  6  67  7  59  8  11  9  75
  0  38  1  62  2  55  3  68  4  24  5  28  6  26  7  12  8  53  9  15
  0  20  1  26  2  54  3  62  4  29  5  46  6  94  7  44  8  81  9  50
  0  87  1  50  2  14  3  89  4  34  5  31  6  82  7  52  8  76  9  13
  0  68  1  80  2  78  3  48  4  51  5  29  6  73  7  79  8  44  9  41
  0  26  1  21  2  24  3  75  4  14  5  88  6  87  7  8  8  23  9  29
  0  27  1  87  2  99  3  31  4  15  5  42  6  29  7  28  8  10  9  33
  0  96  1  11  2  58  3  26  4  91  5  13  6  38  7  19  8  31  9  49
  0  58  1  41  2  22  3  4  4  39  5  28  6  97  7  12  8  12  9  19
  0  79  1  68  2  14  3  42  4  70  5  72  6  85  7  83  8  61  9  75
  0  87  1  49  2  23  3  4  4  77  5  71  6  2  7  74  8  36  9  23
  0  52  1  4  2  33  3  29  4  71  5  13  6  52  7  94  8  11  9  49
  0  29  1  95  2  90  3  84  4  78  5  94  6  41  7  80  8  1  9  68
  0  40  1  2  2  94  3  85  4  23  5  26  6  31  7  44  8  87  9  5
  0  53  1  70  2  20  3  42  4  99  5  45  6  11  7  6  8  85  9  86
  0  37  1  1  2  79  3  29  4  36  5  54  6  51  7  71  8  84  9  97
  0  96  1  71  2  75  3  43  4  49  5  24  6  43  7  94  8  44  9  42
  0  77  1  38  2  87  3  35  4  41  5  95  6  52  7  49  8  73  9  47
  0  4  1  7  2  35  3  51  4  16  5  75  6  43  7  14  8  47  9  44
  0  96  1  94  2  74  3  87  4  78  5  43  6  10  7  41  8  7  9  9
  0  50  1  35  2  51  3  62  4  25  5  37  6  53  7  28  8  50  9  21
  0  97  1  11  2  10  3  55  4  41  5  65  6  9  7  64  8  95  9  56
  0  72  1  31  2  2  3  77  4  99  5  31  6  61  7  54  8  73  9  11
  0  11  1  51  2  2  3  60  4  42  5  27  6  41  7  40  8  17  9  36
  0  15  1  60  2  21  3  75  4  44  5  27  6  66  7  93  8  38  9  93
  0  25  1  34  2  23  3  93  4  49  5  84  6  3  7  37  8  39  9  37
  0  76  1  98  2  33  3  88  4  62  5  28  6  34  7  35  8  99  9  55
  0  20  1  51  2  33  3  88  4  84  5  33  6  86  7  13  8  1  9  66
  0  2  1  35  2  15  3  55  4  82  5  40  6  16  7  87  8  77  9  62
  0  28  1  57  2  93  3  69  4  24  5  66  6  10  7  17  8  60  9  52
TPM
  0  1786  1  1786  2  1786  3  1786  4  1786  5  1786  6  1786  7  1786  8  1786  9  1786
PMT
  0  55  1  37  2  78  3  34  4  55  5  46  6  31  7  76  8  59  9  98
  0  9  1  99  2  9  3  26  4  3  5  88  6  24  7  24  8  5  9  90
  0  80  1  82  2  45  3  92  4  38  5  80  6  13  7  19  8  37  9  78
  0  9  1  98  2  51  3  87  4  34  5  81  6  97  7  93  8  2  9  13
  0  18  1  63  2  33  3  89  4  85  5  77  6  74  7  57  8  9  9  43
  0  47  1  30  2  34  3  93  4  9  5  23  6  64  7  84  8  5  9  57
  0  50  1  31  2  18  3  52  4  17  5  52  6  55  7  21  8  37  9  13
  0  43  1  52  2  62  3  85  4  92  5  17  6  69  7  70  8  70  9  46
  0  89  1  42  2  97  3  75  4  24  5  13  6  42  7  42  8  64  9  32
  0  82  1  79  2  70  3  66  4  76  5  50  6  75  7  23  8  35  9  14
  0  18  1  6  2  1  3  16  4  29  5  35  6  81  7  44  8  13  9  54
  0  80  1  93  2  6  3  9  4  41  5  29  6  99  7  76  8  64  9  48
