50  15
  0  96  1  72  2  91  3  49  4  76  5  12  6  47  7  85  8  30  9  69  10  96  11  90  12  6  13  65  14  97
  0  56  1  82  2  86  3  17  4  10  5  18  6  77  7  45  8  64  9  52  10  96  11  57  12  25  13  15  14  16
  0  55  1  76  2  41  3  9  4  24  5  94  6  82  7  82  8  99  9  44  10  70  11  24  12  24  13  56  14  82
  0  68  1  18  2  9  3  96  4  31  5  34  6  44  7  51  8  34  9  33  10  91  11  38  12  31  13  20  14  94
  0  98  1  24  2  25  3  53  4  3  5  92  6  12  7  23  8  21  9  15  10  60  11  43  12  31  13  35  14  38
  0  86  1  15  2  92  3  78  4  33  5  35  6  50  7  13  8  34  9  98  10  58  11  33  12  18  13  49  14  50
  0  80  1  27  2  41  3  69  4  89  5  16  6  88  7  48  8  21  9  46  10  94  11  12  12  81  13  36  14  6
  0  67  1  3  2  81  3  37  4  98  5  22  6  33  7  67  8  85  9  99  10  3  11  16  12  8  13  64  14  42
  0  21  1  12  2  59  3  6  4  4  5  44  6  35  7  95  8  82  9  85  10  30  11  48  12  58  13  34  14  6
  0  19  1  18  2  19  3  44  4  61  5  84  6  56  7  31  8  13  9  41  10  62  11  57  12  43  13  7  14  97
  0  41  1  10  2  13  3  3  4  39  5  36  6  49  7  44  8  90  9  15  10  45  11  93  12  33  13  82  14  19
  0  99  1  63  2  34  3  14  4  21  5  53  6  64  7  95  8  41  9  28  10  68  11  80  12  87  13  59  14  19
  0  28  1  99  2  62  3  9  4  12  5  46  6  68  7  43  8  39  9  76  10  23  11  95  12  14  13  49  14  35
  0  74  1  33  2  86  3  73  4  68  5  71  6  36  7  83  8  53  9  10  10  39  11  73  12  93  13  86  14  52
  0  96  1  65  2  90  3  45  4  18  5  76  6  31  7  97  8  58  9  73  10  41  11  54  12  36  13  52  14  4
  0  7  1  60  2  18  3  11  4  28  5  47  6  55  7  90  8  60  9  55  10  7  11  68  12  43  13  68  14  75
  0  35  1  28  2  71  3  86  4  52  5  22  6  86  7  93  8  11  9  43  10  84  11  92  12  21  13  98  14  75
  0  95  1  4  2  7  3  42  4  76  5  13  6  17  7  80  8  72  9  1  10  23  11  49  12  27  13  14  14  52
  0  51  1  96  2  81  3  72  4  1  5  58  6  26  7  75  8  35  9  83  10  18  11  5  12  86  13  85  14  46
  0  40  1  25  2  31  3  81  4  71  5  31  6  86  7  52  8  3  9  62  10  44  11  56  12  86  13  13  14  35
  0  89  1  75  2  1  3  37  4  55  5  24  6  18  7  23  8  74  9  11  10  22  11  19  12  45  13  35  14  68
  0  59  1  87  2  15  3  7  4  60  5  80  6  6  7  90  8  52  9  91  10  92  11  68  12  39  13  38  14  45
  0  57  1  72  2  43  3  28  4  34  5  70  6  62  7  5  8  67  9  98  10  13  11  88  12  91  13  17  14  12
  0  20  1  97  2  42  3  17  4  67  5  83  6  79  7  21  8  97  9  98  10  50  11  48  12  53  13  63  14  70
  0  55  1  27  2  57  3  2  4  19  5  34  6  7  7  64  8  87  9  18  10  10  11  71  12  7  13  29  14  78
  0  38  1  65  2  77  3  7  4  78  5  6  6  51  7  55  8  81  9  98  10  19  11  46  12  26  13  88  14  8
  0  3  1  98  2  42  3  90  4  52  5  5  6  68  7  26  8  16  9  85  10  89  11  51  12  17  13  94  14  75
  0  8  1  9  2  89  3  78  4  61  5  90  6  38  7  31  8  26  9  61  10  52  11  87  12  23  13  39  14  94
  0  31  1  37  2  28  3  28  4  58  5  31  6  45  7  83  8  41  9  42  10  93  11  92  12  7  13  74  14  78
  0  96  1  87  2  62  3  92  4  25  5  49  6  55  7  11  8  8  9  66  10  60  11  82  12  74  13  38  14  45
  0  96  1  45  2  46  3  80  4  74  5  8  6  93  7  73  8  2  9  61  10  87  11  29  12  16  13  40  14  50
  0  41  1  94  2  74  3  64  4  83  5  34  6  40  7  5  8  76  9  90  10  95  11  91  12  30  13  36  14  26
  0  75  1  6  2  54  3  32  4  56  5  34  6  61  7  35  8  61  9  75  10  54  11  81  12  63  13  43  14  92
  0  79  1  10  2  87  3  82  4  94  5  79  6  24  7  23  8  79  9  97  10  74  11  19  12  30  13  84  14  20
  0  79  1  80  2  4  3  7  4  58  5  84  6  34  7  52  8  1  9  49  10  2  11  31  12  98  13  8  14  23
  0  47  1  78  2  56  3  53  4  30  5  72  6  93  7  55  8  90  9  40  10  31  11  6  12  32  13  46  14  59
  0  27  1  21  2  8  3  5  4  1  5  33  6  72  7  98  8  5  9  49  10  91  11  37  12  82  13  62  14  92
  0  23  1  22  2  12  3  61  4  11  5  22  6  72  7  7  8  80  9  68  10  50  11  55  12  27  13  37  14  66
  0  90  1  53  2  1  3  33  4  56  5  64  6  24  7  52  8  70  9  43  10  46  11  93  12  23  13  28  14  98
  0  27  1  60  2  33  3  19  4  14  5  73  6  80  7  36  8  96  9  45  10  32  11  46  12  28  13  26  14  49
  0  21  1  26  2  31  3  99  4  89  5  63  6  1  7  18  8  6  9  15  10  45  11  55  12  83  13  15  14  72
  0  2  1  69  2  16  3  88  4  60  5  75  6  41  7  81  8  96  9  90  10  71  11  59  12  96  13  68  14  4
  0  98  1  19  2  18  3  90  4  14  5  10  6  80  7  27  8  53  9  19  10  54  11  54  12  98  13  43  14  99
  0  97  1  8  2  77  3  42  4  51  5  30  6  51  7  50  8  88  9  94  10  85  11  58  12  45  13  35  14  94
  0  63  1  20  2  12  3  8  4  13  5  75  6  45  7  14  8  59  9  48  10  67  11  18  12  56  13  86  14  49
  0  87  1  24  2  85  3  83  4  23  5  90  6  87  7  98  8  70  9  8  10  55  11  59  12  71  13  88  14  51
  0  72  1  13  2  16  3  71  4  89  5  30  6  19  7  28  8  99  9  60  10  14  11  55  12  33  13  59  14  74
  0  10  1  31  2  35  3  39  4  81  5  45  6  52  7  16  8  16  9  75  10  3  11  12  12  53  13  62  14  69
  0  7  1  4  2  87  3  11  4  57  5  16  6  47  7  46  8  72  9  27  10  13  11  20  12  37  13  88  14  82
  0  82  1  46  2  8  3  88  4  7  5  80  6  43  7  27  8  21  9  42  10  55  11  3  12  54  13  28  14  99
TPM
  0  1039  1  1039  2  1039  3  1039  4  1039  5  1039  6  1039  7  1039  8  1039  9  1039  10  1039  11  1039  12  1039  13  1039  14  1039
PMT
  0  42  1  140  2  23  3  4  4  10  5  29  6  109  7  97  8  131  9  90  10  58  11  127  12  127  13  127  14  27
  0  141  1  125  2  38  3  132  4  65  5  124  6  137  7  51  8  132  9  77  10  51  11  38  12  90  13  133  14  76
  0  38  1  29  2  31  3  78  4  137  5  42  6  109  7  55  8  1  9  136  10  6  11  37  12  17  13  73  14  122
  0  98  1  77  2  40  3  69  4  26  5  138  6  97  7  133  8  75  9  54  10  138  11  49  12  59  13  66  14  27
  0  10  1  58  2  107  3  68  4  65  5  74  6  139  7  65  8  65  9  51  10  42  11  33  12  115  13  52  14  10
