50  5
  0  74  1  37  2  24  3  70  4  33
  0  20  1  55  2  59  3  19  4  99
  0  28  1  57  2  74  3  35  4  2
  0  95  1  28  2  37  3  95  4  37
  0  7  1  10  2  88  3  82  4  41
  0  79  1  16  2  50  3  23  4  66
  0  9  1  74  2  50  3  26  4  52
  0  74  1  80  2  62  3  58  4  14
  0  55  1  8  2  70  3  39  4  87
  0  95  1  66  2  60  3  19  4  87
  0  12  1  27  2  83  3  38  4  76
  0  2  1  35  2  84  3  34  4  46
  0  34  1  10  2  86  3  51  4  96
  0  30  1  1  2  97  3  36  4  72
  0  42  1  21  2  78  3  64  4  32
  0  12  1  17  2  61  3  88  4  80
  0  21  1  51  2  5  3  69  4  51
  0  46  1  80  2  90  3  16  4  32
  0  18  1  12  2  76  3  29  4  43
  0  32  1  6  2  10  3  7  4  19
  0  23  1  58  2  92  3  94  4  89
  0  63  1  17  2  80  3  36  4  92
  0  14  1  66  2  28  3  91  4  34
  0  41  1  23  2  85  3  92  4  96
  0  60  1  96  2  68  3  27  4  88
  0  1  1  5  2  36  3  25  4  82
  0  98  1  61  2  91  3  62  4  58
  0  65  1  90  2  4  3  68  4  51
  0  96  1  35  2  1  3  3  4  87
  0  31  1  44  2  60  3  37  4  39
  0  69  1  87  2  47  3  56  4  20
  0  66  1  84  2  86  3  13  4  57
  0  52  1  24  2  90  3  90  4  22
  0  59  1  53  2  88  3  86  4  95
  0  69  1  19  2  28  3  16  4  21
  0  39  1  97  2  49  3  72  4  94
  0  61  1  23  2  31  3  52  4  56
  0  1  1  52  2  2  3  54  4  29
  0  22  1  56  2  35  3  67  4  88
  0  23  1  16  2  58  3  55  4  38
  0  83  1  56  2  39  3  78  4  33
  0  43  1  64  2  99  3  8  4  82
  0  42  1  54  2  85  3  87  4  60
  0  99  1  69  2  24  3  78  4  99
  0  67  1  56  2  1  3  66  4  76
  0  5  1  86  2  15  3  5  4  99
  0  4  1  6  2  87  3  10  4  39
  0  19  1  92  2  12  3  29  4  76
  0  21  1  27  2  68  3  95  4  31
  0  15  1  8  2  58  3  70  4  31
TPM
  0  813  1  813  2  813  3  813  4  813
PMT
  0  14  1  5  2  17  3  19  4  8
  0  22  1  7  2  21  3  17  4  18
  0  11  1  14  2  2  3  2  4  2
  0  22  1  17  2  6  3  16  4  23
  0  8  1  8  2  22  3  9  4  13
  0  5  1  11  2  5  3  21  4  19
  0  11  1  8  2  18  3  5  4  18
