200  15
  0  18  1  41  2  7  3  66  4  43  5  57  6  51  7  38  8  69  9  37  10  32  11  46  12  70  13  15  14  64
  0  70  1  93  2  42  3  29  4  11  5  5  6  73  7  14  8  51  9  11  10  48  11  97  12  63  13  69  14  11
  0  55  1  99  2  39  3  18  4  97  5  41  6  22  7  44  8  52  9  9  10  9  11  51  12  77  13  53  14  28
  0  25  1  44  2  79  3  54  4  55  5  34  6  70  7  27  8  38  9  45  10  19  11  92  12  23  13  97  14  76
  0  67  1  11  2  74  3  89  4  77  5  17  6  56  7  69  8  33  9  18  10  18  11  20  12  38  13  61  14  7
  0  24  1  44  2  9  3  19  4  62  5  98  6  37  7  38  8  8  9  46  10  26  11  7  12  21  13  80  14  86
  0  48  1  55  2  70  3  38  4  49  5  23  6  82  7  19  8  84  9  96  10  89  11  80  12  36  13  50  14  43
  0  30  1  28  2  45  3  36  4  92  5  4  6  34  7  85  8  22  9  96  10  37  11  20  12  73  13  78  14  94
  0  45  1  30  2  86  3  29  4  20  5  33  6  59  7  44  8  74  9  59  10  42  11  57  12  49  13  58  14  29
  0  45  1  30  2  24  3  60  4  42  5  16  6  80  7  96  8  24  9  45  10  92  11  23  12  61  13  56  14  47
  0  71  1  41  2  76  3  44  4  59  5  68  6  49  7  10  8  70  9  16  10  41  11  24  12  45  13  72  14  15
  0  5  1  50  2  12  3  25  4  11  5  29  6  78  7  92  8  48  9  78  10  73  11  75  12  88  13  87  14  74
  0  5  1  39  2  33  3  23  4  86  5  24  6  22  7  80  8  90  9  61  10  30  11  11  12  45  13  50  14  70
  0  56  1  35  2  98  3  86  4  21  5  73  6  59  7  66  8  58  9  70  10  53  11  13  12  39  13  49  14  96
  0  21  1  57  2  61  3  66  4  40  5  71  6  7  7  62  8  35  9  15  10  69  11  55  12  67  13  18  14  14
  0  28  1  48  2  9  3  4  4  48  5  57  6  9  7  42  8  41  9  14  10  22  11  47  12  26  13  47  14  91
  0  6  1  56  2  8  3  80  4  67  5  74  6  4  7  77  8  87  9  57  10  69  11  57  12  8  13  38  14  95
  0  40  1  50  2  95  3  70  4  22  5  60  6  85  7  15  8  75  9  19  10  27  11  20  12  52  13  18  14  75
  0  11  1  16  2  55  3  59  4  93  5  5  6  11  7  33  8  67  9  99  10  3  11  7  12  2  13  34  14  23
  0  30  1  12  2  94  3  24  4  48  5  85  6  72  7  88  8  69  9  45  10  85  11  11  12  91  13  41  14  69
  0  71  1  87  2  15  3  11  4  78  5  49  6  80  7  78  8  23  9  42  10  10  11  57  12  43  13  10  14  19
  0  10  1  27  2  29  3  93  4  11  5  76  6  27  7  99  8  31  9  20  10  87  11  66  12  66  13  45  14  11
  0  43  1  33  2  92  3  22  4  55  5  88  6  29  7  20  8  28  9  40  10  81  11  25  12  38  13  37  14  23
  0  67  1  14  2  88  3  27  4  11  5  3  6  35  7  20  8  29  9  77  10  55  11  27  12  51  13  30  14  10
  0  69  1  61  2  95  3  41  4  62  5  18  6  10  7  76  8  26  9  18  10  55  11  16  12  8  13  33  14  96
  0  86  1  75  2  82  3  86  4  14  5  25  6  27  7  83  8  25  9  35  10  1  11  39  12  89  13  31  14  1
  0  18  1  72  2  52  3  21  4  81  5  31  6  54  7  89  8  39  9  16  10  63  11  40  12  37  13  22  14  71
  0  43  1  59  2  20  3  52  4  59  5  47  6  66  7  20  8  6  9  63  10  54  11  75  12  39  13  64  14  72
  0  97  1  1  2  47  3  74  4  82  5  69  6  86  7  80  8  41  9  28  10  86  11  60  12  3  13  36  14  7
  0  63  1  85  2  59  3  34  4  14  5  28  6  4  7  11  8  69  9  6  10  50  11  51  12  10  13  63  14  96
  0  92  1  26  2  39  3  45  4  68  5  99  6  68  7  89  8  7  9  5  10  87  11  2  12  78  13  79  14  77
  0  8  1  57  2  36  3  8  4  14  5  62  6  11  7  96  8  24  9  5  10  81  11  69  12  42  13  40  14  91
  0  89  1  72  2  17  3  65  4  10  5  51  6  62  7  96  8  39  9  64  10  46  11  58  12  56  13  54  14  25
  0  57  1  88  2  6  3  36  4  21  5  43  6  62  7  18  8  15  9  72  10  27  11  58  12  3  13  96  14  39
  0  7  1  17  2  20  3  22  4  91  5  92  6  12  7  65  8  45  9  77  10  44  11  78  12  16  13  35  14  3
  0  7  1  16  2  89  3  11  4  34  5  50  6  92  7  40  8  88  9  6  10  95  11  90  12  26  13  14  14  71
  0  66  1  74  2  8  3  13  4  86  5  47  6  28  7  1  8  92  9  59  10  64  11  20  12  54  13  18  14  35
  0  67  1  79  2  57  3  28  4  88  5  88  6  49  7  65  8  10  9  93  10  4  11  65  12  86  13  5  14  31
  0  19  1  64  2  53  3  61  4  85  5  24  6  93  7  7  8  92  9  69  10  45  11  32  12  99  13  62  14  57
  0  70  1  30  2  29  3  34  4  78  5  18  6  79  7  34  8  58  9  3  10  26  11  44  12  43  13  70  14  85
  0  91  1  56  2  29  3  98  4  26  5  84  6  63  7  8  8  15  9  8  10  15  11  69  12  5  13  9  14  65
  0  12  1  66  2  25  3  36  4  29  5  8  6  23  7  26  8  1  9  32  10  19  11  45  12  78  13  75  14  72
  0  24  1  55  2  45  3  18  4  7  5  30  6  51  7  9  8  48  9  34  10  93  11  9  12  76  13  60  14  56
  0  41  1  7  2  35  3  10  4  74  5  95  6  18  7  40  8  16  9  75  10  7  11  37  12  41  13  28  14  96
  0  19  1  80  2  64  3  19  4  82  5  31  6  25  7  53  8  89  9  74  10  29  11  89  12  47  13  21  14  21
  0  89  1  27  2  8  3  5  4  65  5  40  6  10  7  58  8  86  9  64  10  61  11  72  12  64  13  74  14  87
  0  49  1  98  2  51  3  84  4  62  5  68  6  39  7  15  8  63  9  2  10  96  11  98  12  79  13  72  14  58
  0  8  1  48  2  93  3  90  4  13  5  69  6  99  7  28  8  26  9  83  10  60  11  8  12  41  13  6  14  55
  0  39  1  71  2  62  3  90  4  91  5  27  6  20  7  56  8  71  9  89  10  8  11  47  12  23  13  74  14  54
  0  98  1  82  2  82  3  16  4  99  5  65  6  87  7  45  8  98  9  65  10  18  11  36  12  9  13  94  14  10
  0  47  1  75  2  95  3  56  4  78  5  68  6  8  7  77  8  75  9  1  10  57  11  76  12  52  13  3  14  16
  0  73  1  90  2  93  3  47  4  11  5  39  6  23  7  16  8  90  9  11  10  87  11  64  12  83  13  90  14  37
  0  44  1  3  2  50  3  34  4  81  5  60  6  67  7  17  8  11  9  32  10  95  11  83  12  92  13  98  14  2
  0  19  1  17  2  40  3  11  4  99  5  46  6  10  7  90  8  68  9  52  10  7  11  76  12  54  13  56  14  21
  0  28  1  91  2  71  3  28  4  53  5  55  6  2  7  50  8  56  9  10  10  58  11  15  12  82  13  51  14  95
  0  80  1  65  2  85  3  63  4  99  5  18  6  73  7  46  8  48  9  4  10  28  11  28  12  47  13  84  14  53
  0  94  1  32  2  38  3  55  4  86  5  73  6  75  7  76  8  33  9  45  10  31  11  10  12  53  13  74  14  71
  0  13  1  4  2  48  3  61  4  31  5  88  6  50  7  97  8  83  9  84  10  47  11  66  12  85  13  43  14  48
  0  12  1  99  2  52  3  17  4  17  5  53  6  92  7  3  8  21  9  50  10  21  11  18  12  33  13  70  14  42
  0  86  1  29  2  44  3  74  4  29  5  17  6  24  7  18  8  69  9  20  10  15  11  68  12  77  13  24  14  12
  0  44  1  75  2  66  3  77  4  22  5  79  6  71  7  47  8  92  9  53  10  74  11  41  12  84  13  90  14  64
  0  31  1  18  2  55  3  56  4  81  5  86  6  53  7  64  8  72  9  76  10  10  11  37  12  64  13  73  14  62
  0  83  1  68  2  21  3  19  4  89  5  29  6  17  7  26  8  14  9  39  10  80  11  43  12  4  13  30  14  10
  0  36  1  83  2  23  3  20  4  7  5  84  6  28  7  39  8  51  9  46  10  21  11  82  12  1  13  83  14  44
  0  48  1  78  2  6  3  4  4  10  5  96  6  56  7  65  8  72  9  61  10  64  11  69  12  47  13  65  14  62
  0  11  1  54  2  81  3  6  4  65  5  31  6  99  7  81  8  50  9  50  10  55  11  13  12  56  13  48  14  48
  0  76  1  80  2  11  3  50  4  12  5  57  6  90  7  52  8  73  9  59  10  41  11  95  12  51  13  18  14  80
  0  87  1  81  2  91  3  46  4  3  5  6  6  65  7  80  8  14  9  45  10  78  11  60  12  99  13  20  14  2
  0  84  1  35  2  18  3  14  4  48  5  57  6  79  7  56  8  92  9  56  10  80  11  48  12  97  13  37  14  11
  0  4  1  61  2  56  3  80  4  94  5  84  6  31  7  15  8  22  9  42  10  59  11  6  12  7  13  29  14  19
  0  34  1  20  2  94  3  20  4  90  5  98  6  20  7  29  8  45  9  19  10  85  11  6  12  52  13  33  14  37
  0  97  1  87  2  84  3  66  4  94  5  58  6  56  7  37  8  44  9  25  10  20  11  36  12  71  13  29  14  93
  0  34  1  52  2  28  3  15  4  78  5  39  6  59  7  3  8  54  9  46  10  1  11  50  12  87  13  24  14  91
  0  80  1  75  2  89  3  34  4  57  5  68  6  1  7  97  8  26  9  43  10  76  11  81  12  36  13  27  14  12
  0  11  1  61  2  78  3  36  4  81  5  28  6  31  7  5  8  75  9  8  10  50  11  42  12  99  13  45  14  60
  0  61  1  38  2  19  3  46  4  28  5  8  6  58  7  35  8  50  9  63  10  68  11  12  12  10  13  90  14  34
  0  26  1  69  2  80  3  96  4  81  5  12  6  84  7  39  8  43  9  5  10  68  11  11  12  77  13  1  14  51
  0  88  1  13  2  95  3  64  4  43  5  7  6  30  7  78  8  62  9  29  10  96  11  4  12  63  13  23  14  80
  0  16  1  68  2  86  3  58  4  3  5  51  6  83  7  21  8  32  9  67  10  98  11  7  12  55  13  23  14  75
  0  58  1  21  2  52  3  97  4  28  5  71  6  9  7  32  8  11  9  21  10  83  11  9  12  67  13  50  14  1
  0  26  1  75  2  77  3  80  4  11  5  21  6  71  7  39  8  46  9  7  10  30  11  72  12  80  13  51  14  31
  0  66  1  53  2  2  3  35  4  99  5  14  6  90  7  99  8  40  9  18  10  90  11  18  12  74  13  27  14  67
  0  17  1  89  2  41  3  31  4  55  5  4  6  44  7  25  8  16  9  38  10  51  11  14  12  88  13  52  14  64
  0  56  1  76  2  82  3  93  4  70  5  75  6  80  7  5  8  38  9  16  10  22  11  83  12  90  13  60  14  29
  0  34  1  79  2  98  3  49  4  58  5  39  6  84  7  57  8  79  9  65  10  95  11  92  12  1  13  89  14  30
  0  42  1  21  2  18  3  56  4  23  5  44  6  56  7  83  8  37  9  59  10  54  11  24  12  4  13  63  14  32
  0  47  1  77  2  72  3  61  4  77  5  14  6  39  7  40  8  61  9  51  10  52  11  63  12  6  13  9  14  16
  0  81  1  79  2  20  3  17  4  7  5  15  6  53  7  28  8  98  9  58  10  97  11  12  12  49  13  58  14  1
  0  15  1  39  2  84  3  90  4  83  5  48  6  13  7  33  8  15  9  27  10  37  11  85  12  45  13  66  14  73
  0  57  1  40  2  39  3  74  4  98  5  16  6  72  7  80  8  55  9  36  10  93  11  54  12  80  13  42  14  58
  0  87  1  88  2  17  3  38  4  87  5  77  6  99  7  52  8  52  9  69  10  85  11  44  12  22  13  47  14  85
  0  49  1  56  2  74  3  35  4  14  5  56  6  33  7  74  8  39  9  65  10  23  11  29  12  86  13  85  14  93
  0  75  1  44  2  14  3  12  4  66  5  55  6  77  7  86  8  53  9  60  10  22  11  99  12  25  13  88  14  84
  0  14  1  45  2  14  3  48  4  58  5  84  6  58  7  78  8  17  9  45  10  9  11  63  12  66  13  40  14  72
  0  25  1  34  2  81  3  95  4  68  5  75  6  82  7  18  8  85  9  6  10  69  11  38  12  34  13  16  14  72
  0  7  1  49  2  51  3  43  4  85  5  73  6  72  7  91  8  26  9  97  10  81  11  76  12  58  13  52  14  9
  0  69  1  1  2  2  3  85  4  77  5  30  6  20  7  49  8  3  9  58  10  49  11  62  12  67  13  26  14  80
  0  21  1  43  2  98  3  1  4  15  5  42  6  20  7  90  8  43  9  80  10  73  11  81  12  98  13  12  14  42
  0  91  1  84  2  91  3  72  4  4  5  25  6  23  7  88  8  66  9  68  10  85  11  7  12  14  13  21  14  65
  0  42  1  38  2  35  3  18  4  15  5  79  6  49  7  51  8  97  9  90  10  63  11  93  12  59  13  6  14  78
  0  89  1  91  2  24  3  48  4  48  5  37  6  75  7  15  8  25  9  40  10  41  11  31  12  12  13  96  14  32
  0  86  1  72  2  80  3  66  4  90  5  50  6  57  7  85  8  86  9  25  10  26  11  96  12  86  13  97  14  40
  0  50  1  69  2  44  3  15  4  74  5  62  6  53  7  98  8  20  9  8  10  34  11  80  12  8  13  98  14  79
  0  62  1  66  2  3  3  96  4  13  5  8  6  36  7  64  8  80  9  75  10  49  11  60  12  37  13  64  14  34
  0  74  1  78  2  8  3  60  4  4  5  95  6  52  7  7  8  89  9  13  10  98  11  47  12  49  13  32  14  65
  0  99  1  9  2  41  3  86  4  53  5  40  6  85  7  85  8  31  9  52  10  90  11  63  12  50  13  5  14  93
  0  84  1  88  2  31  3  35  4  73  5  78  6  94  7  94  8  48  9  74  10  10  11  85  12  30  13  62  14  10
  0  42  1  43  2  22  3  39  4  70  5  67  6  60  7  98  8  23  9  9  10  52  11  77  12  42  13  23  14  88
  0  46  1  81  2  77  3  96  4  92  5  74  6  56  7  91  8  36  9  49  10  36  11  74  12  40  13  72  14  91
  0  74  1  6  2  88  3  6  4  23  5  33  6  89  7  94  8  83  9  67  10  26  11  66  12  88  13  76  14  46
  0  83  1  53  2  20  3  13  4  99  5  71  6  4  7  62  8  67  9  4  10  44  11  73  12  72  13  26  14  74
  0  85  1  16  2  91  3  69  4  70  5  49  6  19  7  68  8  39  9  61  10  24  11  32  12  72  13  32  14  43
  0  52  1  61  2  35  3  25  4  7  5  30  6  37  7  87  8  30  9  63  10  30  11  60  12  27  13  57  14  97
  0  65  1  76  2  84  3  95  4  12  5  77  6  17  7  3  8  93  9  48  10  62  11  66  12  20  13  76  14  14
  0  62  1  33  2  79  3  1  4  22  5  70  6  34  7  98  8  12  9  85  10  59  11  48  12  71  13  44  14  93
  0  68  1  33  2  42  3  81  4  82  5  80  6  24  7  55  8  83  9  27  10  93  11  92  12  4  13  20  14  51
  0  79  1  82  2  95  3  90  4  5  5  26  6  48  7  45  8  70  9  11  10  75  11  68  12  95  13  84  14  30
  0  78  1  43  2  49  3  85  4  20  5  95  6  43  7  79  8  3  9  70  10  50  11  18  12  30  13  45  14  8
  0  36  1  33  2  15  3  84  4  54  5  61  6  42  7  53  8  76  9  96  10  33  11  88  12  16  13  5  14  68
  0  46  1  51  2  26  3  72  4  21  5  41  6  76  7  93  8  81  9  57  10  14  11  38  12  27  13  2  14  76
  0  65  1  23  2  39  3  23  4  52  5  3  6  41  7  5  8  77  9  48  10  25  11  59  12  85  13  75  14  50
  0  26  1  23  2  5  3  85  4  86  5  73  6  79  7  72  8  3  9  21  10  65  11  37  12  11  13  17  14  47
  0  40  1  74  2  36  3  96  4  61  5  17  6  55  7  98  8  45  9  93  10  67  11  29  12  71  13  56  14  32
  0  46  1  31  2  28  3  27  4  35  5  95  6  99  7  34  8  98  9  32  10  6  11  95  12  14  13  99  14  39
  0  11  1  71  2  26  3  24  4  61  5  80  6  42  7  48  8  84  9  7  10  35  11  18  12  38  13  65  14  52
  0  2  1  27  2  99  3  43  4  71  5  69  6  14  7  48  8  46  9  36  10  28  11  56  12  4  13  3  14  96
  0  85  1  30  2  71  3  88  4  84  5  94  6  62  7  26  8  27  9  91  10  93  11  42  12  64  13  77  14  86
  0  77  1  58  2  96  3  68  4  62  5  4  6  80  7  56  8  18  9  21  10  42  11  57  12  93  13  64  14  32
  0  99  1  35  2  90  3  5  4  93  5  12  6  74  7  17  8  83  9  86  10  73  11  58  12  35  13  92  14  68
  0  88  1  79  2  40  3  41  4  33  5  96  6  85  7  62  8  42  9  18  10  27  11  96  12  45  13  70  14  98
  0  59  1  37  2  14  3  4  4  69  5  75  6  18  7  83  8  87  9  84  10  87  11  18  12  42  13  99  14  53
  0  25  1  66  2  81  3  55  4  74  5  10  6  89  7  3  8  49  9  2  10  9  11  2  12  22  13  67  14  52
  0  44  1  23  2  26  3  82  4  42  5  27  6  35  7  40  8  30  9  69  10  49  11  58  12  59  13  75  14  5
  0  9  1  89  2  82  3  58  4  1  5  19  6  59  7  30  8  37  9  20  10  59  11  39  12  98  13  76  14  84
  0  33  1  97  2  43  3  23  4  31  5  43  6  53  7  82  8  56  9  87  10  61  11  63  12  15  13  61  14  2
  0  18  1  40  2  13  3  80  4  84  5  30  6  4  7  51  8  20  9  26  10  33  11  26  12  47  13  22  14  90
  0  33  1  99  2  99  3  56  4  25  5  29  6  26  7  10  8  83  9  96  10  63  11  96  12  88  13  87  14  75
  0  80  1  39  2  6  3  34  4  82  5  58  6  27  7  47  8  63  9  98  10  35  11  79  12  25  13  45  14  72
  0  32  1  28  2  79  3  53  4  83  5  42  6  44  7  52  8  43  9  86  10  43  11  49  12  40  13  34  14  33
  0  87  1  53  2  68  3  18  4  99  5  79  6  25  7  48  8  81  9  59  10  64  11  81  12  37  13  31  14  50
  0  48  1  19  2  82  3  22  4  46  5  31  6  8  7  6  8  52  9  78  10  99  11  90  12  11  13  73  14  31
  0  55  1  63  2  38  3  5  4  39  5  1  6  62  7  80  8  86  9  74  10  96  11  99  12  9  13  86  14  6
  0  77  1  32  2  49  3  1  4  22  5  43  6  83  7  23  8  3  9  40  10  91  11  69  12  94  13  56  14  35
  0  50  1  38  2  6  3  90  4  38  5  18  6  72  7  75  8  58  9  45  10  54  11  53  12  1  13  84  14  10
  0  74  1  76  2  75  3  86  4  9  5  54  6  29  7  28  8  62  9  19  10  8  11  75  12  4  13  63  14  9
  0  28  1  35  2  14  3  20  4  19  5  74  6  16  7  13  8  13  9  46  10  54  11  91  12  53  13  98  14  92
  0  11  1  96  2  74  3  34  4  36  5  18  6  32  7  46  8  17  9  78  10  72  11  9  12  67  13  81  14  24
  0  76  1  7  2  68  3  1  4  51  5  93  6  19  7  16  8  23  9  46  10  67  11  40  12  17  13  45  14  46
  0  18  1  53  2  59  3  11  4  86  5  15  6  33  7  18  8  69  9  67  10  31  11  58  12  26  13  88  14  38
  0  66  1  83  2  1  3  37  4  49  5  91  6  99  7  35  8  17  9  64  10  40  11  2  12  8  13  3  14  15
  0  39  1  38  2  15  3  36  4  93  5  9  6  80  7  7  8  92  9  67  10  19  11  35  12  50  13  96  14  54
  0  52  1  80  2  78  3  9  4  5  5  29  6  61  7  39  8  48  9  75  10  14  11  14  12  73  13  2  14  70
  0  1  1  21  2  14  3  70  4  88  5  75  6  62  7  63  8  96  9  50  10  3  11  38  12  19  13  95  14  84
  0  86  1  9  2  96  3  65  4  5  5  21  6  33  7  96  8  6  9  43  10  37  11  7  12  2  13  4  14  57
  0  96  1  55  2  21  3  6  4  18  5  24  6  33  7  77  8  92  9  56  10  47  11  36  12  8  13  90  14  59
  0  20  1  77  2  84  3  62  4  19  5  70  6  69  7  36  8  8  9  34  10  99  11  74  12  59  13  77  14  59
  0  18  1  49  2  73  3  25  4  70  5  43  6  9  7  21  8  38  9  27  10  97  11  87  12  11  13  8  14  10
  0  73  1  70  2  5  3  7  4  12  5  7  6  19  7  79  8  40  9  67  10  28  11  22  12  75  13  75  14  57
  0  92  1  54  2  85  3  36  4  49  5  10  6  77  7  9  8  51  9  19  10  88  11  87  12  73  13  70  14  41
  0  59  1  69  2  23  3  30  4  75  5  82  6  54  7  54  8  97  9  87  10  19  11  22  12  66  13  20  14  75
  0  55  1  27  2  17  3  44  4  82  5  32  6  74  7  99  8  90  9  80  10  16  11  17  12  63  13  95  14  95
  0  31  1  58  2  37  3  5  4  68  5  60  6  83  7  45  8  59  9  39  10  58  11  95  12  48  13  3  14  75
  0  73  1  59  2  98  3  16  4  71  5  76  6  29  7  74  8  34  9  51  10  76  11  35  12  84  13  52  14  40
  0  66  1  27  2  10  3  55  4  39  5  89  6  25  7  30  8  5  9  71  10  41  11  14  12  6  13  12  14  13
  0  8  1  83  2  9  3  1  4  55  5  22  6  37  7  86  8  91  9  29  10  44  11  85  12  24  13  53  14  43
  0  3  1  87  2  91  3  11  4  63  5  93  6  14  7  60  8  96  9  52  10  45  11  68  12  76  13  52  14  44
  0  53  1  31  2  30  3  94  4  37  5  86  6  50  7  94  8  50  9  97  10  79  11  89  12  54  13  85  14  42
  0  18  1  88  2  83  3  72  4  37  5  71  6  59  7  8  8  63  9  6  10  79  11  85  12  34  13  77  14  7
  0  48  1  82  2  44  3  65  4  58  5  90  6  49  7  17  8  73  9  36  10  6  11  26  12  49  13  74  14  46
  0  1  1  60  2  10  3  25  4  48  5  56  6  49  7  20  8  81  9  98  10  38  11  76  12  56  13  34  14  28
  0  71  1  38  2  17  3  29  4  18  5  14  6  77  7  27  8  22  9  8  10  90  11  98  12  58  13  72  14  4
  0  28  1  34  2  43  3  28  4  16  5  61  6  92  7  95  8  48  9  48  10  27  11  40  12  43  13  78  14  99
  0  46  1  13  2  57  3  39  4  91  5  93  6  14  7  15  8  66  9  40  10  14  11  88  12  33  13  88  14  18
  0  30  1  88  2  24  3  67  4  89  5  14  6  22  7  19  8  48  9  43  10  31  11  30  12  6  13  75  14  34
  0  77  1  70  2  18  3  97  4  73  5  43  6  28  7  89  8  79  9  46  10  99  11  40  12  65  13  2  14  7
  0  60  1  53  2  79  3  96  4  60  5  26  6  79  7  10  8  15  9  23  10  87  11  45  12  72  13  23  14  45
  0  20  1  18  2  96  3  18  4  87  5  20  6  92  7  49  8  1  9  31  10  71  11  24  12  46  13  14  14  1
  0  5  1  83  2  23  3  90  4  89  5  66  6  62  7  24  8  19  9  25  10  84  11  10  12  21  13  44  14  22
  0  68  1  83  2  56  3  52  4  14  5  84  6  42  7  43  8  20  9  17  10  7  11  31  12  53  13  5  14  72
  0  25  1  27  2  68  3  9  4  35  5  14  6  22  7  78  8  81  9  6  10  75  11  90  12  23  13  21  14  99
  0  78  1  8  2  88  3  73  4  40  5  48  6  70  7  96  8  10  9  56  10  92  11  73  12  60  13  9  14  96
  0  81  1  39  2  14  3  34  4  80  5  97  6  8  7  66  8  22  9  62  10  96  11  52  12  81  13  57  14  22
  0  7  1  13  2  82  3  34  4  89  5  83  6  95  7  67  8  60  9  72  10  69  11  76  12  81  13  7  14  98
  0  80  1  80  2  89  3  2  4  98  5  92  6  38  7  35  8  5  9  48  10  28  11  91  12  12  13  74  14  35
  0  96  1  75  2  25  3  87  4  82  5  79  6  60  7  95  8  19  9  22  10  38  11  19  12  39  13  47  14  88
  0  72  1  77  2  67  3  91  4  1  5  12  6  72  7  59  8  55  9  74  10  38  11  16  12  66  13  84  14  58
  0  17  1  95  2  99  3  79  4  42  5  90  6  4  7  2  8  72  9  4  10  73  11  78  12  15  13  31  14  87
  0  38  1  51  2  88  3  74  4  90  5  24  6  27  7  16  8  5  9  71  10  60  11  44  12  74  13  84  14  53
  0  6  1  95  2  57  3  89  4  79  5  31  6  33  7  31  8  65  9  33  10  81  11  19  12  96  13  52  14  60
  0  95  1  25  2  45  3  38  4  35  5  85  6  73  7  82  8  20  9  54  10  42  11  51  12  94  13  39  14  30
  0  30  1  91  2  65  3  7  4  7  5  5  6  67  7  29  8  77  9  51  10  82  11  85  12  23  13  64  14  94
  0  12  1  3  2  84  3  9  4  91  5  50  6  59  7  29  8  39  9  76  10  67  11  66  12  9  13  1  14  14
  0  24  1  75  2  81  3  74  4  16  5  4  6  7  7  93  8  17  9  73  10  65  11  37  12  63  13  44  14  18
  0  77  1  43  2  75  3  26  4  61  5  42  6  27  7  23  8  71  9  42  10  16  11  24  12  1  13  83  14  4
  0  7  1  87  2  38  3  30  4  28  5  86  6  59  7  24  8  34  9  74  10  99  11  67  12  94  13  13  14  13
  0  73  1  68  2  11  3  88  4  16  5  73  6  78  7  72  8  27  9  23  10  45  11  83  12  31  13  51  14  86
  0  33  1  4  2  39  3  99  4  85  5  65  6  17  7  97  8  39  9  32  10  97  11  29  12  9  13  13  14  69
  0  40  1  34  2  11  3  61  4  30  5  49  6  55  7  46  8  77  9  91  10  93  11  51  12  19  13  31  14  12
  0  92  1  33  2  39  3  62  4  50  5  49  6  46  7  5  8  53  9  69  10  48  11  18  12  38  13  1  14  59
  0  16  1  3  2  20  3  20  4  74  5  64  6  16  7  11  8  66  9  2  10  86  11  39  12  56  13  40  14  94
TPM
  0  2033  1  2033  2  2033  3  2033  4  2033  5  2033  6  2033  7  2033  8  2033  9  2033  10  2033  11  2033  12  2033  13  2033  14  2033
PMT
  0  125  1  137  2  132  3  128  4  28  5  10  6  110  7  70  8  97  9  35  10  147  11  75  12  32  13  148  14  47
  0  149  1  126  2  124  3  23  4  140  5  94  6  83  7  43  8  90  9  49  10  116  11  86  12  41  13  147  14  106
  0  82  1  57  2  90  3  3  4  135  5  44  6  130  7  68  8  42  9  29  10  92  11  72  12  109  13  119  14  60
  0  31  1  125  2  148  3  57  4  33  5  54  6  63  7  74  8  37  9  132  10  110  11  62  12  96  13  130  14  10
  0  147  1  29  2  141  3  121  4  149  5  113  6  82  7  133  8  78  9  89  10  21  11  9  12  35  13  85  14  84
  0  129  1  46  2  78  3  52  4  55  5  141  6  65  7  1  8  123  9  91  10  40  11  92  12  114  13  54  14  83
  0  34  1  33  2  20  3  17  4  135  5  25  6  93  7  75  8  69  9  43  10  29  11  13  12  21  13  93  14  13
  0  119  1  123  2  128  3  97  4  135  5  86  6  20  7  73  8  86  9  80  10  110  11  110  12  127  13  70  14  9
  0  128  1  49  2  80  3  90  4  94  5  120  6  11  7  6  8  41  9  91  10  58  11  73  12  130  13  43  14  142
  0  83  1  70  2  144  3  68  4  126  5  91  6  90  7  86  8  142  9  24  10  117  11  69  12  18  13  91  14  147
