100  5
  0  98  1  22  2  46  3  65  4  91
  0  2  1  83  2  18  3  4  4  6
  0  15  1  46  2  76  3  75  4  76
  0  53  1  36  2  33  3  28  4  40
  0  52  1  30  2  3  3  34  4  60
  0  95  1  79  2  52  3  32  4  24
  0  28  1  28  2  95  3  50  4  9
  0  82  1  63  2  91  3  12  4  29
  0  99  1  68  2  66  3  20  4  43
  0  28  1  73  2  86  3  69  4  22
  0  24  1  36  2  47  3  23  4  12
  0  1  1  43  2  92  3  54  4  47
  0  58  1  8  2  80  3  5  4  12
  0  25  1  54  2  60  3  5  4  46
  0  23  1  30  2  29  3  97  4  35
  0  8  1  2  2  50  3  56  4  49
  0  39  1  35  2  64  3  49  4  5
  0  32  1  24  2  1  3  99  4  45
  0  61  1  68  2  63  3  80  4  88
  0  98  1  19  2  92  3  52  4  46
  0  81  1  74  2  97  3  16  4  96
  0  97  1  84  2  10  3  92  4  27
  0  91  1  58  2  67  3  73  4  89
  0  71  1  27  2  57  3  76  4  15
  0  57  1  87  2  7  3  41  4  97
  0  94  1  50  2  85  3  41  4  58
  0  65  1  30  2  84  3  20  4  82
  0  98  1  6  2  83  3  17  4  23
  0  32  1  28  2  59  3  2  4  29
  0  96  1  30  2  40  3  43  4  31
  0  73  1  41  2  48  3  61  4  38
  0  82  1  92  2  85  3  75  4  15
  0  52  1  83  2  41  3  47  4  31
  0  54  1  85  2  13  3  65  4  73
  0  71  1  37  2  12  3  4  4  53
  0  37  1  49  2  21  3  5  4  41
  0  9  1  20  2  79  3  98  4  5
  0  16  1  39  2  7  3  53  4  69
  0  92  1  4  2  79  3  89  4  20
  0  79  1  65  2  87  3  80  4  13
  0  81  1  96  2  29  3  38  4  2
  0  87  1  81  2  91  3  7  4  19
  0  23  1  3  2  7  3  21  4  26
  0  26  1  61  2  8  3  35  4  22
  0  62  1  49  2  41  3  39  4  1
  0  54  1  29  2  53  3  56  4  57
  0  6  1  73  2  64  3  90  4  8
  0  10  1  48  2  98  3  66  4  63
  0  28  1  25  2  80  3  97  4  44
  0  67  1  7  2  82  3  52  4  4
  0  89  1  34  2  79  3  6  4  74
  0  80  1  46  2  13  3  85  4  41
  0  3  1  37  2  60  3  88  4  26
  0  97  1  65  2  27  3  72  4  34
  0  43  1  22  2  95  3  26  4  64
  0  47  1  58  2  23  3  80  4  50
  0  16  1  76  2  4  3  41  4  39
  0  7  1  61  2  56  3  95  4  60
  0  94  1  59  2  27  3  32  4  12
  0  73  1  78  2  71  3  1  4  63
  0  75  1  78  2  64  3  6  4  40
  0  71  1  51  2  15  3  9  4  84
  0  70  1  27  2  90  3  6  4  21
  0  39  1  56  2  2  3  84  4  65
  0  84  1  46  2  52  3  70  4  80
  0  81  1  89  2  63  3  37  4  69
  0  47  1  85  2  31  3  96  4  91
  0  24  1  46  2  67  3  5  4  13
  0  86  1  80  2  62  3  35  4  15
  0  81  1  20  2  18  3  17  4  20
  0  39  1  77  2  94  3  81  4  42
  0  82  1  39  2  57  3  86  4  15
  0  18  1  61  2  81  3  58  4  91
  0  36  1  5  2  55  3  48  4  74
  0  77  1  94  2  6  3  75  4  7
  0  14  1  33  2  99  3  22  4  62
  0  87  1  78  2  37  3  33  4  63
  0  33  1  38  2  49  3  6  4  61
  0  60  1  3  2  37  3  22  4  18
  0  37  1  86  2  28  3  96  4  51
  0  33  1  17  2  14  3  61  4  7
  0  64  1  19  2  26  3  87  4  63
  0  83  1  55  2  11  3  73  4  3
  0  40  1  77  2  25  3  1  4  69
  0  12  1  32  2  34  3  24  4  16
  0  33  1  9  2  77  3  20  4  86
  0  73  1  32  2  40  3  70  4  44
  0  60  1  59  2  75  3  77  4  51
  0  23  1  85  2  5  3  71  4  4
  0  85  1  73  2  81  3  76  4  41
  0  82  1  85  2  13  3  39  4  91
  0  94  1  72  2  87  3  47  4  28
  0  74  1  9  2  55  3  86  4  57
  0  73  1  89  2  81  3  57  4  69
  0  26  1  92  2  85  3  86  4  21
  0  82  1  63  2  77  3  3  4  5
  0  51  1  21  2  23  3  87  4  91
  0  83  1  84  2  53  3  31  4  82
  0  63  1  32  2  10  3  72  4  77
  0  75  1  27  2  21  3  61  4  62
TPM
  0  1131  1  1131  2  1131  3  1131  4  1131
PMT
  0  28  1  50  2  87  3  90  4  29
  0  116  1  11  2  69  3  74  4  119
  0  71  1  42  2  54  3  80  4  65
  0  12  1  72  2  4  3  32  4  69
  0  18  1  32  2  36  3  37  4  72
  0  53  1  109  2  40  3  53  4  80
  0  70  1  107  2  3  3  18  4  100
  0  41  1  108  2  53  3  102  4  65
  0  52  1  85  2  22  3  72  4  58
