200  15
  0  10  1  78  2  53  3  17  4  89  5  54  6  97  7  83  8  55  9  75  10  49  11  70  12  18  13  18  14  60
  0  33  1  77  2  63  3  88  4  37  5  75  6  55  7  44  8  99  9  50  10  23  11  16  12  54  13  95  14  77
  0  43  1  87  2  15  3  1  4  60  5  54  6  3  7  83  8  68  9  56  10  12  11  74  12  69  13  43  14  85
  0  40  1  96  2  80  3  49  4  78  5  23  6  79  7  8  8  98  9  5  10  3  11  92  12  81  13  34  14  63
  0  39  1  81  2  76  3  5  4  98  5  24  6  26  7  27  8  24  9  23  10  5  11  74  12  67  13  9  14  92
  0  36  1  83  2  59  3  61  4  86  5  36  6  50  7  40  8  97  9  42  10  86  11  55  12  85  13  99  14  77
  0  7  1  70  2  92  3  61  4  73  5  76  6  62  7  95  8  71  9  83  10  86  11  70  12  96  13  21  14  18
  0  6  1  34  2  60  3  57  4  47  5  3  6  42  7  69  8  71  9  83  10  53  11  77  12  51  13  44  14  32
  0  74  1  56  2  46  3  75  4  47  5  95  6  18  7  66  8  16  9  3  10  14  11  49  12  6  13  41  14  4
  0  29  1  20  2  78  3  52  4  55  5  87  6  41  7  92  8  37  9  88  10  73  11  94  12  84  13  96  14  39
  0  91  1  76  2  73  3  52  4  12  5  5  6  22  7  27  8  16  9  41  10  77  11  69  12  67  13  28  14  80
  0  64  1  54  2  83  3  86  4  31  5  54  6  85  7  86  8  41  9  21  10  62  11  39  12  24  13  8  14  7
  0  62  1  10  2  86  3  4  4  16  5  88  6  5  7  12  8  72  9  64  10  93  11  68  12  71  13  59  14  40
  0  96  1  90  2  81  3  49  4  22  5  89  6  57  7  90  8  42  9  1  10  13  11  99  12  12  13  75  14  33
  0  55  1  14  2  24  3  40  4  89  5  52  6  76  7  76  8  73  9  76  10  84  11  80  12  97  13  17  14  31
  0  77  1  34  2  12  3  1  4  49  5  58  6  31  7  56  8  37  9  58  10  44  11  7  12  83  13  60  14  79
  0  60  1  47  2  62  3  72  4  10  5  17  6  30  7  11  8  87  9  19  10  14  11  5  12  78  13  9  14  93
  0  57  1  98  2  64  3  50  4  4  5  57  6  38  7  21  8  52  9  75  10  42  11  96  12  36  13  17  14  48
  0  54  1  63  2  62  3  55  4  51  5  29  6  35  7  43  8  9  9  21  10  40  11  5  12  63  13  31  14  7
  0  50  1  68  2  61  3  21  4  2  5  81  6  82  7  89  8  34  9  50  10  76  11  88  12  32  13  93  14  89
  0  74  1  61  2  53  3  60  4  60  5  80  6  38  7  5  8  93  9  35  10  97  11  72  12  81  13  14  14  7
  0  14  1  54  2  69  3  31  4  4  5  56  6  10  7  18  8  32  9  10  10  34  11  25  12  46  13  1  14  55
  0  80  1  2  2  56  3  46  4  51  5  70  6  39  7  90  8  35  9  96  10  64  11  24  12  38  13  12  14  19
  0  15  1  73  2  39  3  39  4  93  5  8  6  60  7  67  8  49  9  43  10  15  11  13  12  51  13  97  14  56
  0  70  1  51  2  36  3  96  4  72  5  85  6  59  7  94  8  91  9  87  10  50  11  81  12  10  13  54  14  40
  0  33  1  17  2  65  3  39  4  20  5  13  6  15  7  46  8  7  9  28  10  18  11  39  12  67  13  77  14  13
  0  89  1  53  2  17  3  45  4  82  5  26  6  65  7  31  8  11  9  36  10  21  11  15  12  85  13  9  14  74
  0  85  1  85  2  82  3  95  4  11  5  23  6  95  7  58  8  89  9  16  10  22  11  17  12  53  13  79  14  5
  0  63  1  60  2  93  3  33  4  14  5  55  6  87  7  67  8  9  9  93  10  60  11  98  12  33  13  54  14  40
  0  8  1  83  2  90  3  29  4  59  5  35  6  88  7  92  8  32  9  91  10  38  11  4  12  85  13  23  14  31
  0  37  1  20  2  15  3  47  4  71  5  47  6  96  7  84  8  64  9  25  10  11  11  51  12  80  13  87  14  47
  0  28  1  7  2  83  3  49  4  56  5  90  6  13  7  74  8  22  9  57  10  21  11  64  12  44  13  19  14  80
  0  41  1  68  2  75  3  78  4  57  5  44  6  56  7  94  8  55  9  29  10  72  11  29  12  14  13  46  14  64
  0  12  1  86  2  95  3  74  4  15  5  62  6  82  7  64  8  46  9  7  10  26  11  74  12  82  13  56  14  56
  0  91  1  89  2  75  3  20  4  58  5  25  6  1  7  33  8  50  9  29  10  40  11  70  12  14  13  36  14  90
  0  82  1  28  2  79  3  83  4  57  5  26  6  60  7  98  8  86  9  12  10  11  11  86  12  2  13  44  14  60
  0  84  1  87  2  71  3  96  4  36  5  78  6  40  7  82  8  36  9  11  10  27  11  54  12  58  13  82  14  40
  0  31  1  47  2  31  3  6  4  1  5  78  6  50  7  42  8  55  9  18  10  95  11  68  12  12  13  24  14  43
  0  15  1  28  2  94  3  14  4  26  5  88  6  43  7  78  8  74  9  45  10  39  11  90  12  30  13  24  14  73
  0  26  1  44  2  25  3  22  4  23  5  51  6  87  7  20  8  52  9  97  10  10  11  59  12  54  13  37  14  6
  0  87  1  29  2  78  3  83  4  69  5  75  6  47  7  53  8  24  9  89  10  8  11  89  12  66  13  95  14  73
  0  47  1  8  2  50  3  66  4  52  5  89  6  58  7  41  8  55  9  63  10  80  11  61  12  10  13  48  14  19
  0  92  1  1  2  5  3  31  4  72  5  52  6  20  7  76  8  45  9  79  10  12  11  26  12  83  13  65  14  59
  0  66  1  41  2  81  3  43  4  97  5  92  6  78  7  52  8  96  9  70  10  18  11  72  12  88  13  98  14  21
  0  91  1  61  2  77  3  55  4  58  5  8  6  78  7  86  8  94  9  87  10  50  11  59  12  50  13  35  14  39
  0  99  1  41  2  55  3  87  4  37  5  18  6  93  7  52  8  92  9  48  10  65  11  55  12  91  13  18  14  73
  0  71  1  82  2  78  3  67  4  8  5  80  6  92  7  7  8  27  9  63  10  71  11  39  12  13  13  85  14  88
  0  7  1  8  2  96  3  16  4  31  5  39  6  76  7  26  8  58  9  22  10  12  11  48  12  53  13  30  14  95
  0  80  1  67  2  34  3  12  4  80  5  36  6  68  7  40  8  5  9  66  10  89  11  88  12  62  13  30  14  6
  0  50  1  86  2  69  3  19  4  36  5  74  6  73  7  88  8  12  9  24  10  96  11  23  12  78  13  56  14  14
  0  54  1  49  2  45  3  44  4  38  5  4  6  54  7  80  8  15  9  46  10  55  11  12  12  85  13  93  14  12
  0  19  1  20  2  51  3  9  4  90  5  94  6  74  7  88  8  80  9  3  10  8  11  21  12  6  13  21  14  63
  0  8  1  66  2  3  3  74  4  9  5  15  6  31  7  26  8  36  9  30  10  71  11  65  12  58  13  58  14  78
  0  35  1  96  2  32  3  67  4  85  5  29  6  76  7  55  8  46  9  11  10  60  11  18  12  82  13  88  14  70
  0  28  1  62  2  71  3  91  4  72  5  94  6  72  7  30  8  54  9  27  10  49  11  24  12  36  13  15  14  87
  0  11  1  79  2  99  3  29  4  58  5  80  6  51  7  30  8  71  9  15  10  59  11  79  12  36  13  39  14  2
  0  52  1  63  2  2  3  98  4  49  5  35  6  81  7  34  8  48  9  80  10  44  11  29  12  94  13  20  14  73
  0  63  1  73  2  63  3  41  4  97  5  51  6  50  7  11  8  48  9  99  10  61  11  84  12  3  13  16  14  47
  0  42  1  87  2  98  3  48  4  43  5  20  6  74  7  8  8  67  9  18  10  53  11  93  12  34  13  32  14  61
  0  86  1  21  2  31  3  6  4  97  5  65  6  66  7  39  8  26  9  33  10  79  11  37  12  69  13  67  14  38
  0  20  1  44  2  75  3  9  4  69  5  77  6  2  7  5  8  17  9  83  10  88  11  75  12  14  13  40  14  51
  0  13  1  17  2  9  3  84  4  89  5  32  6  84  7  96  8  69  9  1  10  65  11  38  12  48  13  45  14  58
  0  65  1  6  2  80  3  93  4  55  5  88  6  66  7  91  8  68  9  53  10  74  11  1  12  23  13  35  14  63
  0  25  1  19  2  24  3  14  4  83  5  43  6  62  7  55  8  86  9  25  10  98  11  78  12  14  13  42  14  59
  0  38  1  29  2  73  3  22  4  63  5  75  6  69  7  2  8  48  9  21  10  83  11  95  12  81  13  61  14  69
  0  28  1  45  2  94  3  55  4  95  5  87  6  24  7  42  8  25  9  38  10  52  11  87  12  72  13  46  14  80
  0  76  1  20  2  36  3  23  4  82  5  78  6  22  7  83  8  74  9  73  10  29  11  84  12  30  13  88  14  3
  0  32  1  47  2  86  3  7  4  35  5  74  6  32  7  54  8  54  9  1  10  4  11  2  12  20  13  65  14  32
  0  12  1  40  2  96  3  38  4  67  5  19  6  79  7  45  8  89  9  26  10  98  11  82  12  85  13  91  14  36
  0  12  1  37  2  42  3  94  4  44  5  8  6  70  7  85  8  18  9  17  10  17  11  7  12  77  13  25  14  18
  0  84  1  50  2  14  3  29  4  77  5  23  6  69  7  37  8  46  9  67  10  82  11  24  12  41  13  55  14  48
  0  39  1  76  2  76  3  17  4  87  5  72  6  37  7  12  8  63  9  92  10  12  11  56  12  64  13  18  14  73
  0  41  1  63  2  17  3  23  4  27  5  48  6  13  7  85  8  84  9  34  10  59  11  68  12  2  13  16  14  70
  0  74  1  8  2  12  3  71  4  17  5  5  6  25  7  59  8  2  9  91  10  18  11  95  12  49  13  40  14  65
  0  64  1  75  2  46  3  61  4  80  5  74  6  55  7  63  8  18  9  40  10  65  11  8  12  90  13  48  14  28
  0  50  1  24  2  70  3  12  4  87  5  84  6  94  7  98  8  78  9  57  10  77  11  29  12  73  13  88  14  41
  0  18  1  3  2  44  3  16  4  90  5  9  6  37  7  54  8  37  9  5  10  28  11  1  12  71  13  94  14  9
  0  79  1  29  2  91  3  13  4  28  5  64  6  30  7  27  8  98  9  28  10  35  11  84  12  4  13  13  14  12
  0  62  1  78  2  19  3  71  4  27  5  77  6  83  7  87  8  95  9  39  10  45  11  66  12  99  13  82  14  71
  0  67  1  75  2  17  3  51  4  20  5  15  6  81  7  30  8  91  9  54  10  44  11  55  12  43  13  84  14  24
  0  38  1  52  2  3  3  26  4  60  5  83  6  52  7  97  8  92  9  71  10  8  11  33  12  82  13  4  14  8
  0  4  1  39  2  43  3  50  4  88  5  26  6  25  7  81  8  19  9  30  10  17  11  66  12  72  13  77  14  20
  0  16  1  79  2  10  3  53  4  90  5  26  6  38  7  63  8  30  9  63  10  42  11  24  12  72  13  65  14  86
  0  41  1  50  2  82  3  58  4  73  5  85  6  98  7  67  8  16  9  32  10  76  11  41  12  37  13  11  14  51
  0  21  1  42  2  62  3  16  4  40  5  13  6  2  7  95  8  33  9  48  10  41  11  15  12  16  13  94  14  34
  0  92  1  26  2  63  3  41  4  41  5  21  6  50  7  31  8  30  9  72  10  12  11  56  12  45  13  3  14  71
  0  77  1  75  2  47  3  54  4  24  5  80  6  49  7  68  8  9  9  32  10  8  11  91  12  35  13  40  14  54
  0  24  1  80  2  97  3  4  4  20  5  20  6  2  7  24  8  6  9  31  10  41  11  20  12  47  13  16  14  67
  0  8  1  32  2  5  3  67  4  51  5  62  6  24  7  20  8  63  9  95  10  76  11  5  12  9  13  60  14  34
  0  83  1  54  2  42  3  48  4  90  5  55  6  25  7  42  8  86  9  74  10  10  11  24  12  66  13  71  14  72
  0  43  1  34  2  9  3  16  4  72  5  73  6  58  7  38  8  5  9  84  10  20  11  8  12  69  13  63  14  64
  0  34  1  29  2  38  3  73  4  68  5  15  6  8  7  48  8  57  9  86  10  23  11  87  12  73  13  45  14  18
  0  73  1  48  2  37  3  90  4  15  5  13  6  10  7  69  8  29  9  15  10  28  11  26  12  61  13  61  14  43
  0  32  1  85  2  10  3  81  4  49  5  26  6  8  7  7  8  11  9  84  10  58  11  50  12  36  13  85  14  43
  0  25  1  82  2  53  3  52  4  70  5  34  6  96  7  97  8  89  9  54  10  54  11  93  12  77  13  96  14  38
  0  47  1  51  2  13  3  67  4  93  5  22  6  14  7  82  8  58  9  93  10  88  11  97  12  34  13  52  14  55
  0  96  1  7  2  89  3  27  4  22  5  76  6  85  7  10  8  76  9  39  10  29  11  58  12  61  13  37  14  57
  0  50  1  10  2  98  3  41  4  83  5  85  6  11  7  55  8  80  9  73  10  6  11  91  12  58  13  53  14  54
  0  31  1  10  2  61  3  91  4  57  5  90  6  71  7  24  8  93  9  20  10  40  11  89  12  90  13  33  14  6
  0  72  1  89  2  43  3  43  4  86  5  57  6  97  7  2  8  97  9  51  10  49  11  86  12  25  13  61  14  62
  0  50  1  54  2  44  3  33  4  23  5  63  6  47  7  91  8  80  9  15  10  79  11  13  12  29  13  95  14  84
  0  60  1  80  2  90  3  19  4  32  5  13  6  22  7  38  8  87  9  58  10  5  11  54  12  70  13  65  14  79
  0  9  1  68  2  23  3  33  4  71  5  56  6  37  7  27  8  68  9  25  10  6  11  82  12  93  13  91  14  41
  0  89  1  65  2  48  3  8  4  46  5  10  6  77  7  1  8  53  9  18  10  59  11  79  12  97  13  77  14  49
  0  15  1  21  2  86  3  73  4  35  5  50  6  13  7  16  8  62  9  26  10  28  11  60  12  90  13  73  14  61
  0  11  1  34  2  93  3  30  4  28  5  44  6  60  7  47  8  38  9  97  10  68  11  24  12  98  13  75  14  55
  0  4  1  38  2  95  3  92  4  90  5  97  6  83  7  35  8  87  9  47  10  70  11  43  12  29  13  46  14  60
  0  49  1  75  2  75  3  22  4  19  5  24  6  62  7  79  8  16  9  35  10  77  11  1  12  95  13  83  14  66
  0  35  1  70  2  86  3  44  4  26  5  26  6  63  7  91  8  1  9  76  10  36  11  88  12  36  13  1  14  67
  0  7  1  21  2  84  3  99  4  42  5  78  6  66  7  38  8  37  9  35  10  60  11  99  12  58  13  17  14  2
  0  16  1  97  2  34  3  52  4  50  5  27  6  81  7  39  8  92  9  29  10  49  11  29  12  18  13  79  14  46
  0  59  1  37  2  42  3  63  4  70  5  67  6  19  7  33  8  26  9  7  10  66  11  65  12  5  13  85  14  47
  0  59  1  90  2  35  3  9  4  29  5  20  6  89  7  92  8  97  9  42  10  11  11  13  12  25  13  13  14  16
  0  59  1  91  2  19  3  25  4  29  5  61  6  8  7  85  8  67  9  75  10  75  11  10  12  89  13  59  14  26
  0  59  1  9  2  48  3  9  4  53  5  88  6  59  7  10  8  69  9  5  10  67  11  34  12  96  13  70  14  57
  0  9  1  28  2  73  3  72  4  19  5  15  6  22  7  69  8  16  9  26  10  98  11  49  12  83  13  74  14  73
  0  36  1  62  2  7  3  13  4  14  5  39  6  75  7  5  8  47  9  71  10  24  11  74  12  38  13  99  14  73
  0  56  1  8  2  65  3  77  4  63  5  98  6  38  7  85  8  50  9  29  10  25  11  36  12  76  13  60  14  6
  0  71  1  11  2  50  3  19  4  35  5  29  6  94  7  5  8  3  9  1  10  98  11  68  12  59  13  66  14  20
  0  18  1  10  2  53  3  71  4  91  5  7  6  76  7  84  8  93  9  10  10  22  11  59  12  82  13  31  14  15
  0  69  1  88  2  16  3  22  4  86  5  62  6  70  7  29  8  33  9  67  10  32  11  96  12  99  13  78  14  50
  0  95  1  77  2  52  3  20  4  69  5  76  6  63  7  75  8  60  9  54  10  41  11  57  12  19  13  65  14  46
  0  95  1  80  2  96  3  67  4  71  5  53  6  64  7  25  8  59  9  85  10  82  11  27  12  55  13  88  14  23
  0  93  1  43  2  30  3  34  4  58  5  63  6  37  7  81  8  20  9  67  10  61  11  40  12  76  13  93  14  3
  0  35  1  90  2  86  3  91  4  18  5  64  6  44  7  77  8  36  9  4  10  70  11  73  12  4  13  24  14  59
  0  50  1  22  2  18  3  54  4  88  5  70  6  78  7  44  8  20  9  80  10  63  11  84  12  32  13  80  14  33
  0  76  1  9  2  38  3  4  4  30  5  17  6  70  7  93  8  86  9  93  10  84  11  58  12  90  13  68  14  66
  0  38  1  26  2  32  3  33  4  73  5  70  6  40  7  27  8  46  9  13  10  4  11  99  12  62  13  50  14  24
  0  23  1  86  2  63  3  50  4  27  5  87  6  24  7  78  8  45  9  57  10  96  11  27  12  29  13  12  14  28
  0  49  1  44  2  86  3  35  4  59  5  74  6  92  7  48  8  7  9  98  10  82  11  65  12  4  13  97  14  46
  0  8  1  90  2  23  3  48  4  3  5  17  6  38  7  57  8  33  9  48  10  93  11  47  12  17  13  32  14  19
  0  52  1  11  2  93  3  22  4  27  5  57  6  36  7  50  8  23  9  15  10  63  11  42  12  97  13  42  14  61
  0  65  1  11  2  20  3  86  4  42  5  69  6  41  7  75  8  88  9  43  10  96  11  51  12  25  13  41  14  36
  0  86  1  36  2  34  3  88  4  83  5  91  6  55  7  62  8  40  9  43  10  28  11  67  12  34  13  67  14  91
  0  28  1  42  2  27  3  16  4  70  5  69  6  53  7  41  8  19  9  68  10  81  11  89  12  22  13  62  14  5
  0  11  1  87  2  95  3  97  4  71  5  30  6  1  7  53  8  6  9  14  10  29  11  22  12  83  13  74  14  95
  0  47  1  54  2  55  3  41  4  41  5  83  6  64  7  95  8  32  9  93  10  74  11  15  12  1  13  54  14  85
  0  9  1  56  2  14  3  51  4  92  5  52  6  45  7  24  8  30  9  13  10  55  11  70  12  35  13  38  14  78
  0  73  1  75  2  9  3  62  4  99  5  79  6  96  7  3  8  26  9  27  10  67  11  94  12  37  13  11  14  12
  0  9  1  37  2  70  3  63  4  96  5  49  6  37  7  80  8  1  9  79  10  56  11  86  12  14  13  87  14  67
  0  23  1  18  2  73  3  54  4  37  5  81  6  84  7  3  8  17  9  24  10  99  11  23  12  52  13  53  14  35
  0  28  1  65  2  41  3  95  4  76  5  65  6  95  7  52  8  12  9  96  10  45  11  28  12  66  13  97  14  37
  0  13  1  11  2  93  3  20  4  53  5  62  6  76  7  70  8  76  9  85  10  56  11  63  12  51  13  48  14  87
  0  17  1  90  2  17  3  93  4  49  5  49  6  11  7  59  8  38  9  76  10  31  11  48  12  52  13  19  14  49
  0  76  1  15  2  92  3  29  4  50  5  17  6  60  7  83  8  29  9  72  10  87  11  28  12  5  13  99  14  65
  0  65  1  84  2  69  3  21  4  2  5  13  6  50  7  57  8  5  9  99  10  36  11  79  12  31  13  15  14  57
  0  23  1  95  2  61  3  77  4  67  5  59  6  72  7  55  8  17  9  51  10  53  11  22  12  75  13  57  14  83
  0  77  1  47  2  42  3  59  4  37  5  39  6  85  7  21  8  69  9  48  10  45  11  2  12  95  13  69  14  79
  0  9  1  62  2  30  3  97  4  99  5  94  6  72  7  19  8  26  9  95  10  10  11  51  12  66  13  42  14  45
  0  25  1  45  2  4  3  24  4  44  5  39  6  85  7  53  8  47  9  97  10  51  11  24  12  68  13  36  14  8
  0  95  1  65  2  75  3  31  4  53  5  47  6  44  7  76  8  38  9  98  10  58  11  12  12  1  13  22  14  43
  0  45  1  42  2  13  3  77  4  50  5  41  6  43  7  55  8  15  9  67  10  40  11  8  12  52  13  53  14  62
  0  30  1  54  2  54  3  9  4  93  5  92  6  22  7  40  8  58  9  69  10  90  11  67  12  98  13  92  14  19
  0  52  1  17  2  32  3  63  4  26  5  99  6  53  7  65  8  8  9  49  10  70  11  80  12  98  13  98  14  42
  0  77  1  66  2  71  3  7  4  86  5  54  6  74  7  40  8  89  9  72  10  11  11  60  12  52  13  70  14  61
  0  41  1  66  2  82  3  77  4  92  5  45  6  97  7  65  8  13  9  84  10  11  11  70  12  31  13  85  14  29
  0  98  1  6  2  6  3  73  4  5  5  25  6  80  7  71  8  61  9  30  10  28  11  42  12  79  13  74  14  40
  0  28  1  42  2  73  3  13  4  4  5  74  6  8  7  74  8  88  9  58  10  91  11  5  12  26  13  75  14  19
  0  73  1  18  2  20  3  43  4  21  5  25  6  32  7  57  8  67  9  59  10  31  11  83  12  28  13  49  14  51
  0  78  1  64  2  41  3  19  4  21  5  99  6  62  7  13  8  45  9  78  10  83  11  97  12  19  13  54  14  28
  0  27  1  92  2  28  3  26  4  58  5  65  6  73  7  16  8  14  9  42  10  24  11  43  12  92  13  85  14  5
  0  95  1  18  2  74  3  35  4  81  5  53  6  28  7  39  8  51  9  57  10  62  11  34  12  95  13  34  14  86
  0  81  1  95  2  99  3  51  4  30  5  90  6  90  7  99  8  85  9  92  10  67  11  6  12  74  13  72  14  89
  0  86  1  89  2  82  3  80  4  8  5  53  6  3  7  90  8  53  9  13  10  18  11  30  12  6  13  61  14  64
  0  51  1  51  2  53  3  7  4  71  5  32  6  54  7  28  8  78  9  87  10  49  11  52  12  68  13  65  14  84
  0  25  1  96  2  97  3  36  4  15  5  49  6  58  7  17  8  32  9  56  10  70  11  72  12  61  13  9  14  11
  0  25  1  55  2  65  3  32  4  59  5  40  6  31  7  11  8  72  9  28  10  65  11  83  12  27  13  45  14  51
  0  26  1  70  2  6  3  22  4  96  5  19  6  98  7  40  8  48  9  21  10  73  11  60  12  65  13  41  14  32
  0  33  1  3  2  37  3  61  4  27  5  13  6  7  7  78  8  74  9  5  10  49  11  59  12  76  13  56  14  50
  0  71  1  6  2  80  3  88  4  44  5  5  6  26  7  31  8  41  9  77  10  38  11  52  12  9  13  96  14  40
  0  12  1  30  2  96  3  94  4  53  5  1  6  16  7  44  8  27  9  6  10  5  11  68  12  47  13  66  14  23
  0  89  1  24  2  82  3  82  4  14  5  43  6  98  7  21  8  89  9  86  10  50  11  93  12  26  13  95  14  94
  0  41  1  10  2  46  3  9  4  54  5  89  6  75  7  19  8  50  9  36  10  68  11  5  12  33  13  94  14  22
  0  68  1  94  2  80  3  19  4  83  5  88  6  97  7  84  8  51  9  74  10  57  11  21  12  39  13  30  14  51
  0  31  1  66  2  50  3  4  4  79  5  73  6  15  7  80  8  50  9  87  10  75  11  66  12  1  13  63  14  78
  0  17  1  27  2  64  3  67  4  40  5  81  6  29  7  87  8  92  9  7  10  15  11  7  12  63  13  88  14  17
  0  32  1  91  2  33  3  34  4  66  5  63  6  15  7  80  8  49  9  46  10  69  11  7  12  72  13  75  14  14
  0  68  1  68  2  7  3  9  4  28  5  98  6  94  7  23  8  27  9  3  10  51  11  49  12  24  13  88  14  4
  0  65  1  99  2  58  3  62  4  70  5  84  6  13  7  48  8  25  9  37  10  81  11  59  12  72  13  1  14  55
  0  67  1  18  2  10  3  37  4  75  5  9  6  11  7  28  8  81  9  30  10  35  11  15  12  11  13  97  14  43
  0  25  1  42  2  46  3  2  4  70  5  21  6  9  7  82  8  97  9  29  10  56  11  3  12  97  13  76  14  40
  0  22  1  70  2  11  3  44  4  78  5  27  6  74  7  67  8  38  9  80  10  55  11  55  12  64  13  61  14  1
  0  82  1  63  2  53  3  3  4  47  5  39  6  41  7  59  8  10  9  68  10  9  11  90  12  23  13  88  14  39
  0  47  1  1  2  47  3  95  4  38  5  44  6  67  7  88  8  90  9  16  10  14  11  59  12  82  13  24  14  75
  0  38  1  39  2  79  3  98  4  44  5  75  6  4  7  31  8  49  9  14  10  29  11  58  12  20  13  33  14  9
  0  56  1  7  2  9  3  30  4  82  5  44  6  48  7  88  8  70  9  79  10  53  11  82  12  20  13  56  14  46
  0  32  1  82  2  1  3  33  4  10  5  94  6  2  7  14  8  73  9  96  10  80  11  55  12  17  13  46  14  85
  0  70  1  70  2  22  3  57  4  86  5  44  6  59  7  59  8  98  9  68  10  83  11  66  12  30  13  93  14  11
  0  41  1  41  2  44  3  50  4  59  5  77  6  39  7  20  8  61  9  37  10  33  11  59  12  32  13  96  14  20
  0  3  1  44  2  29  3  33  4  49  5  6  6  95  7  8  8  35  9  20  10  17  11  96  12  3  13  23  14  27
  0  65  1  22  2  68  3  77  4  96  5  94  6  82  7  57  8  80  9  71  10  90  11  26  12  78  13  39  14  6
  0  88  1  80  2  74  3  16  4  51  5  92  6  55  7  28  8  42  9  31  10  94  11  36  12  91  13  6  14  29
  0  31  1  89  2  15  3  62  4  76  5  77  6  95  7  83  8  99  9  46  10  90  11  70  12  93  13  27  14  29
  0  63  1  11  2  21  3  36  4  83  5  5  6  92  7  15  8  11  9  52  10  18  11  68  12  50  13  49  14  74
  0  47  1  60  2  79  3  2  4  50  5  19  6  83  7  80  8  17  9  37  10  95  11  8  12  71  13  68  14  4
  0  49  1  21  2  56  3  66  4  22  5  18  6  31  7  97  8  23  9  37  10  34  11  69  12  7  13  20  14  37
  0  37  1  83  2  93  3  1  4  65  5  86  6  76  7  54  8  94  9  38  10  7  11  27  12  12  13  93  14  70
  0  39  1  87  2  68  3  12  4  47  5  99  6  60  7  55  8  92  9  63  10  27  11  66  12  97  13  26  14  78
  0  31  1  21  2  9  3  99  4  40  5  52  6  93  7  9  8  95  9  9  10  93  11  16  12  84  13  73  14  50
  0  45  1  81  2  87  3  46  4  21  5  81  6  64  7  43  8  43  9  70  10  21  11  53  12  2  13  78  14  25
TPM
  0  1591  1  1591  2  1591  3  1591  4  1591  5  1591  6  1591  7  1591  8  1591  9  1591  10  1591  11  1591  12  1591  13  1591  14  1591
PMT
  0  32  1  119  2  114  3  116  4  5  5  84  6  122  7  25  8  97  9  84  10  3  11  121  12  63  13  116  14  43
  0  66  1  85  2  115  3  53  4  51  5  16  6  13  7  35  8  48  9  48  10  22  11  101  12  58  13  6  14  74
  0  28  1  113  2  40  3  8  4  49  5  87  6  122  7  122  8  4  9  15  10  48  11  7  12  108  13  18  14  19
  0  82  1  21  2  113  3  103  4  69  5  45  6  69  7  65  8  3  9  88  10  4  11  46  12  83  13  4  14  93
  0  41  1  32  2  19  3  27  4  81  5  63  6  67  7  119  8  122  9  78  10  11  11  44  12  5  13  2  14  46
  0  34  1  28  2  50  3  72  4  79  5  86  6  51  7  116  8  17  9  79  10  35  11  60  12  112  13  117  14  21
  0  54  1  110  2  49  3  52  4  57  5  120  6  3  7  69  8  77  9  52  10  55  11  124  12  110  13  124  14  13
  0  92  1  43  2  104  3  111  4  48  5  71  6  1  7  72  8  58  9  108  10  29  11  97  12  100  13  25  14  47
  0  94  1  37  2  8  3  57  4  9  5  75  6  88  7  55  8  100  9  47  10  45  11  4  12  11  13  14  14  48
  0  21  1  2  2  101  3  68  4  7  5  20  6  122  7  102  8  103  9  48  10  75  11  46  12  26  13  74  14  24
  0  83  1  101  2  68  3  12  4  116  5  105  6  3  7  64  8  26  9  58  10  115  11  5  12  116  13  7  14  122
  0  76  1  91  2  123  3  36  4  26  5  89  6  113  7  104  8  85  9  90  10  51  11  75  12  70  13  10  14  85
  0  8  1  82  2  110  3  74  4  15  5  119  6  121  7  18  8  93  9  119  10  117  11  45  12  112  13  60  14  120
