500  5
  0  88  1  22  2  78  3  54  4  48
  0  45  1  64  2  26  3  77  4  47
  0  22  1  99  2  66  3  70  4  19
  0  81  1  81  2  93  3  77  4  23
  0  61  1  58  2  87  3  29  4  63
  0  34  1  81  2  71  3  83  4  2
  0  35  1  36  2  64  3  84  4  72
  0  98  1  38  2  55  3  96  4  18
  0  81  1  4  2  73  3  99  4  77
  0  42  1  37  2  57  3  8  4  69
  0  90  1  79  2  33  3  48  4  28
  0  71  1  18  2  39  3  7  4  52
  0  14  1  4  2  25  3  97  4  20
  0  90  1  96  2  73  3  58  4  34
  0  47  1  11  2  60  3  47  4  30
  0  95  1  38  2  97  3  73  4  83
  0  82  1  77  2  95  3  69  4  27
  0  12  1  38  2  64  3  48  4  83
  0  25  1  60  2  17  3  47  4  29
  0  90  1  3  2  65  3  21  4  7
  0  96  1  9  2  4  3  39  4  14
  0  69  1  97  2  9  3  83  4  6
  0  98  1  2  2  49  3  16  4  27
  0  41  1  14  2  89  3  56  4  91
  0  25  1  10  2  78  3  6  4  83
  0  82  1  46  2  85  3  1  4  32
  0  87  1  13  2  56  3  82  4  9
  0  93  1  33  2  11  3  10  4  89
  0  15  1  53  2  85  3  59  4  88
  0  79  1  89  2  22  3  78  4  92
  0  73  1  99  2  10  3  4  4  41
  0  34  1  72  2  83  3  74  4  61
  0  39  1  5  2  22  3  87  4  54
  0  25  1  53  2  21  3  97  4  56
  0  25  1  24  2  94  3  46  4  7
  0  14  1  20  2  56  3  71  4  26
  0  20  1  1  2  34  3  89  4  49
  0  97  1  9  2  21  3  4  4  41
  0  12  1  2  2  82  3  98  4  19
  0  10  1  21  2  77  3  81  4  29
  0  75  1  34  2  30  3  30  4  52
  0  13  1  39  2  30  3  5  4  33
  0  32  1  47  2  51  3  65  4  32
  0  22  1  83  2  68  3  7  4  75
  0  63  1  69  2  60  3  1  4  36
  0  19  1  55  2  40  3  1  4  51
  0  88  1  81  2  25  3  20  4  37
  0  59  1  78  2  1  3  58  4  78
  0  40  1  88  2  10  3  63  4  98
  0  10  1  13  2  15  3  38  4  39
  0  85  1  41  2  98  3  1  4  23
  0  59  1  41  2  69  3  82  4  24
  0  53  1  29  2  21  3  99  4  91
  0  34  1  85  2  95  3  30  4  78
  0  43  1  40  2  64  3  98  4  20
  0  36  1  3  2  25  3  74  4  44
  0  29  1  78  2  24  3  91  4  25
  0  87  1  3  2  87  3  80  4  48
  0  27  1  86  2  51  3  63  4  77
  0  63  1  12  2  42  3  41  4  54
  0  27  1  35  2  73  3  4  4  53
  0  35  1  54  2  8  3  19  4  73
  0  66  1  42  2  62  3  99  4  25
  0  36  1  17  2  6  3  7  4  1
  0  76  1  48  2  94  3  40  4  81
  0  74  1  8  2  10  3  10  4  55
  0  97  1  85  2  53  3  78  4  32
  0  63  1  23  2  61  3  78  4  6
  0  17  1  87  2  89  3  2  4  32
  0  59  1  19  2  16  3  18  4  47
  0  43  1  23  2  87  3  58  4  65
  0  75  1  45  2  58  3  14  4  34
  0  1  1  30  2  72  3  71  4  58
  0  38  1  1  2  23  3  29  4  41
  0  39  1  38  2  78  3  71  4  95
  0  71  1  22  2  64  3  63  4  3
  0  33  1  28  2  19  3  88  4  14
  0  62  1  97  2  68  3  58  4  75
  0  49  1  90  2  84  3  67  4  11
  0  27  1  54  2  63  3  64  4  94
  0  64  1  31  2  55  3  97  4  2
  0  96  1  88  2  57  3  3  4  62
  0  42  1  4  2  31  3  81  4  46
  0  36  1  94  2  40  3  26  4  78
  0  48  1  60  2  18  3  88  4  56
  0  14  1  85  2  99  3  16  4  25
  0  10  1  96  2  61  3  81  4  25
  0  59  1  97  2  8  3  25  4  26
  0  37  1  47  2  66  3  59  4  46
  0  63  1  36  2  15  3  6  4  66
  0  60  1  46  2  59  3  17  4  75
  0  98  1  94  2  63  3  95  4  70
  0  85  1  11  2  26  3  56  4  93
  0  41  1  23  2  79  3  90  4  19
  0  10  1  97  2  75  3  60  4  71
  0  39  1  74  2  47  3  2  4  79
  0  64  1  10  2  87  3  95  4  48
  0  19  1  31  2  45  3  70  4  52
  0  66  1  53  2  67  3  33  4  99
  0  8  1  71  2  52  3  98  4  98
  0  22  1  14  2  4  3  55  4  57
  0  86  1  22  2  50  3  79  4  31
  0  60  1  93  2  26  3  38  4  72
  0  32  1  86  2  11  3  44  4  13
  0  43  1  63  2  48  3  92  4  30
  0  22  1  25  2  93  3  44  4  52
  0  80  1  42  2  43  3  47  4  16
  0  36  1  11  2  55  3  8  4  29
  0  85  1  29  2  27  3  30  4  85
  0  9  1  54  2  47  3  61  4  7
  0  24  1  45  2  60  3  25  4  20
  0  69  1  6  2  29  3  91  4  64
  0  2  1  74  2  71  3  13  4  23
  0  43  1  8  2  36  3  53  4  44
  0  46  1  47  2  82  3  77  4  21
  0  66  1  76  2  80  3  52  4  13
  0  69  1  92  2  34  3  41  4  59
  0  11  1  86  2  93  3  91  4  24
  0  95  1  78  2  72  3  48  4  52
  0  2  1  42  2  97  3  93  4  8
  0  92  1  72  2  78  3  6  4  26
  0  33  1  62  2  89  3  71  4  3
  0  57  1  83  2  27  3  24  4  89
  0  59  1  65  2  40  3  80  4  12
  0  48  1  1  2  32  3  2  4  23
  0  96  1  78  2  79  3  96  4  76
  0  37  1  65  2  24  3  8  4  75
  0  43  1  31  2  73  3  71  4  96
  0  82  1  23  2  41  3  97  4  59
  0  25  1  54  2  14  3  96  4  75
  0  58  1  1  2  1  3  69  4  97
  0  8  1  60  2  39  3  84  4  2
  0  95  1  15  2  55  3  76  4  33
  0  62  1  33  2  26  3  80  4  94
  0  71  1  87  2  60  3  82  4  50
  0  76  1  10  2  92  3  45  4  78
  0  54  1  28  2  5  3  70  4  38
  0  62  1  91  2  77  3  29  4  90
  0  80  1  4  2  64  3  19  4  16
  0  68  1  92  2  91  3  74  4  58
  0  22  1  14  2  87  3  75  4  94
  0  19  1  8  2  24  3  33  4  92
  0  33  1  85  2  34  3  51  4  32
  0  63  1  13  2  34  3  15  4  2
  0  14  1  60  2  52  3  7  4  38
  0  65  1  38  2  27  3  65  4  98
  0  49  1  73  2  63  3  70  4  46
  0  76  1  15  2  64  3  13  4  25
  0  98  1  62  2  36  3  23  4  17
  0  45  1  76  2  57  3  43  4  55
  0  69  1  77  2  39  3  53  4  63
  0  14  1  71  2  1  3  93  4  95
  0  5  1  32  2  33  3  38  4  80
  0  21  1  75  2  17  3  88  4  46
  0  42  1  49  2  92  3  8  4  28
  0  37  1  75  2  55  3  3  4  59
  0  9  1  20  2  57  3  9  4  66
  0  70  1  52  2  11  3  28  4  42
  0  5  1  73  2  50  3  83  4  29
  0  53  1  10  2  43  3  3  4  32
  0  23  1  87  2  49  3  50  4  11
  0  7  1  31  2  34  3  69  4  73
  0  3  1  12  2  56  3  41  4  85
  0  9  1  98  2  8  3  37  4  64
  0  88  1  76  2  46  3  21  4  34
  0  92  1  64  2  52  3  55  4  38
  0  60  1  63  2  65  3  8  4  63
  0  61  1  65  2  7  3  20  4  75
  0  49  1  34  2  92  3  88  4  94
  0  53  1  58  2  97  3  74  4  55
  0  10  1  28  2  47  3  61  4  43
  0  52  1  73  2  41  3  96  4  99
  0  82  1  23  2  80  3  59  4  98
  0  20  1  89  2  2  3  83  4  25
  0  23  1  81  2  54  3  20  4  16
  0  97  1  95  2  11  3  86  4  5
  0  75  1  99  2  39  3  35  4  13
  0  25  1  73  2  43  3  77  4  60
  0  8  1  94  2  21  3  37  4  96
  0  77  1  49  2  33  3  12  4  70
  0  5  1  50  2  16  3  31  4  11
  0  56  1  45  2  77  3  98  4  87
  0  78  1  67  2  20  3  23  4  72
  0  2  1  6  2  66  3  65  4  25
  0  44  1  23  2  7  3  69  4  66
  0  41  1  45  2  83  3  80  4  52
  0  88  1  51  2  82  3  40  4  30
  0  58  1  36  2  15  3  75  4  3
  0  4  1  79  2  45  3  27  4  65
  0  3  1  30  2  29  3  64  4  53
  0  99  1  87  2  58  3  48  4  28
  0  86  1  76  2  14  3  62  4  51
  0  93  1  75  2  56  3  11  4  86
  0  24  1  46  2  58  3  37  4  15
  0  31  1  77  2  77  3  99  4  1
  0  37  1  9  2  10  3  13  4  98
  0  37  1  25  2  9  3  78  4  97
  0  3  1  33  2  44  3  74  4  55
  0  87  1  59  2  30  3  98  4  26
  0  97  1  97  2  1  3  96  4  82
  0  8  1  17  2  61  3  41  4  49
  0  84  1  58  2  57  3  87  4  13
  0  94  1  76  2  89  3  89  4  75
  0  4  1  24  2  94  3  12  4  72
  0  46  1  87  2  60  3  98  4  71
  0  13  1  86  2  43  3  14  4  40
  0  66  1  40  2  33  3  29  4  45
  0  64  1  12  2  89  3  35  4  54
  0  74  1  74  2  29  3  10  4  98
  0  29  1  36  2  26  3  93  4  81
  0  78  1  33  2  42  3  51  4  23
  0  63  1  37  2  2  3  5  4  63
  0  44  1  81  2  91  3  97  4  84
  0  5  1  83  2  51  3  24  4  91
  0  48  1  5  2  85  3  52  4  45
  0  31  1  59  2  90  3  75  4  65
  0  47  1  62  2  75  3  21  4  78
  0  6  1  18  2  60  3  84  4  48
  0  22  1  54  2  13  3  35  4  59
  0  80  1  26  2  43  3  8  4  39
  0  7  1  85  2  16  3  90  4  73
  0  2  1  46  2  53  3  75  4  95
  0  34  1  3  2  18  3  84  4  69
  0  66  1  32  2  34  3  91  4  98
  0  13  1  28  2  56  3  96  4  60
  0  80  1  8  2  71  3  9  4  87
  0  73  1  96  2  46  3  88  4  59
  0  3  1  30  2  69  3  16  4  72
  0  69  1  35  2  99  3  73  4  25
  0  39  1  56  2  28  3  47  4  38
  0  89  1  1  2  59  3  12  4  4
  0  53  1  37  2  68  3  29  4  11
  0  71  1  27  2  64  3  28  4  91
  0  39  1  2  2  41  3  87  4  1
  0  12  1  68  2  74  3  69  4  15
  0  72  1  79  2  62  3  56  4  2
  0  31  1  39  2  59  3  92  4  97
  0  66  1  35  2  70  3  12  4  21
  0  65  1  97  2  45  3  95  4  90
  0  66  1  58  2  92  3  65  4  12
  0  15  1  35  2  68  3  4  4  41
  0  28  1  72  2  51  3  79  4  37
  0  19  1  14  2  53  3  79  4  52
  0  11  1  45  2  54  3  98  4  75
  0  63  1  29  2  9  3  87  4  48
  0  73  1  85  2  81  3  23  4  27
  0  77  1  29  2  23  3  8  4  98
  0  23  1  30  2  15  3  17  4  21
  0  15  1  89  2  17  3  23  4  49
  0  23  1  18  2  98  3  54  4  34
  0  20  1  82  2  87  3  53  4  6
  0  94  1  86  2  85  3  15  4  73
  0  29  1  40  2  63  3  15  4  59
  0  47  1  88  2  55  3  20  4  1
  0  44  1  49  2  60  3  93  4  52
  0  22  1  19  2  52  3  9  4  6
  0  18  1  56  2  99  3  82  4  93
  0  26  1  53  2  90  3  58  4  2
  0  66  1  76  2  81  3  51  4  51
  0  99  1  12  2  81  3  5  4  10
  0  1  1  27  2  2  3  60  4  82
  0  67  1  52  2  36  3  25  4  69
  0  80  1  92  2  69  3  71  4  15
  0  55  1  4  2  49  3  99  4  5
  0  49  1  39  2  56  3  56  4  51
  0  97  1  73  2  21  3  8  4  28
  0  87  1  80  2  78  3  6  4  89
  0  40  1  37  2  73  3  70  4  23
  0  94  1  99  2  88  3  26  4  79
  0  21  1  22  2  59  3  56  4  95
  0  44  1  25  2  33  3  56  4  27
  0  14  1  71  2  38  3  59  4  25
  0  13  1  6  2  55  3  44  4  70
  0  21  1  57  2  29  3  68  4  21
  0  88  1  73  2  19  3  86  4  89
  0  79  1  58  2  45  3  51  4  38
  0  99  1  9  2  39  3  97  4  73
  0  62  1  47  2  79  3  42  4  53
  0  43  1  63  2  31  3  25  4  1
  0  59  1  11  2  25  3  9  4  25
  0  10  1  62  2  13  3  11  4  54
  0  94  1  43  2  35  3  54  4  76
  0  10  1  16  2  2  3  1  4  87
  0  24  1  24  2  7  3  12  4  19
  0  24  1  41  2  60  3  99  4  6
  0  91  1  96  2  68  3  46  4  42
  0  96  1  86  2  83  3  99  4  77
  0  92  1  18  2  8  3  10  4  84
  0  57  1  45  2  82  3  3  4  40
  0  55  1  44  2  65  3  26  4  87
  0  44  1  30  2  44  3  21  4  45
  0  3  1  21  2  9  3  89  4  95
  0  39  1  63  2  26  3  29  4  99
  0  75  1  42  2  7  3  95  4  32
  0  51  1  25  2  93  3  75  4  30
  0  88  1  8  2  26  3  15  4  40
  0  11  1  46  2  91  3  44  4  93
  0  35  1  37  2  47  3  98  4  73
  0  3  1  49  2  62  3  55  4  55
  0  23  1  61  2  79  3  94  4  76
  0  34  1  90  2  31  3  61  4  30
  0  87  1  88  2  47  3  14  4  37
  0  58  1  26  2  97  3  70  4  31
  0  23  1  27  2  42  3  75  4  21
  0  98  1  77  2  39  3  19  4  8
  0  50  1  92  2  99  3  55  4  48
  0  49  1  55  2  44  3  31  4  16
  0  9  1  73  2  96  3  73  4  37
  0  77  1  83  2  82  3  57  4  97
  0  93  1  62  2  64  3  62  4  23
  0  1  1  14  2  23  3  10  4  73
  0  78  1  78  2  54  3  97  4  47
  0  62  1  60  2  43  3  32  4  3
  0  19  1  70  2  88  3  66  4  14
  0  73  1  95  2  36  3  29  4  49
  0  24  1  7  2  93  3  15  4  96
  0  81  1  78  2  55  3  27  4  9
  0  54  1  60  2  83  3  90  4  41
  0  81  1  13  2  48  3  44  4  45
  0  26  1  49  2  39  3  64  4  29
  0  93  1  44  2  57  3  46  4  38
  0  9  1  70  2  78  3  13  4  93
  0  43  1  81  2  33  3  31  4  84
  0  69  1  36  2  87  3  30  4  72
  0  75  1  56  2  10  3  98  4  71
  0  68  1  48  2  90  3  86  4  99
  0  67  1  67  2  77  3  89  4  68
  0  94  1  47  2  29  3  11  4  27
  0  91  1  62  2  29  3  14  4  27
  0  22  1  32  2  56  3  21  4  84
  0  88  1  67  2  80  3  15  4  94
  0  67  1  76  2  51  3  72  4  13
  0  83  1  26  2  51  3  49  4  79
  0  46  1  25  2  28  3  40  4  63
  0  85  1  36  2  10  3  15  4  79
  0  21  1  39  2  12  3  47  4  12
  0  20  1  14  2  21  3  72  4  64
  0  4  1  4  2  38  3  99  4  53
  0  62  1  11  2  72  3  66  4  88
  0  27  1  2  2  6  3  26  4  18
  0  11  1  60  2  62  3  29  4  21
  0  9  1  31  2  63  3  6  4  84
  0  78  1  66  2  28  3  41  4  86
  0  75  1  1  2  77  3  55  4  88
  0  63  1  82  2  91  3  36  4  48
  0  87  1  53  2  60  3  83  4  56
  0  43  1  17  2  63  3  34  4  59
  0  86  1  68  2  51  3  42  4  34
  0  33  1  42  2  74  3  61  4  80
  0  25  1  21  2  46  3  77  4  63
  0  19  1  53  2  80  3  90  4  60
  0  74  1  70  2  77  3  23  4  18
  0  3  1  78  2  26  3  62  4  18
  0  72  1  46  2  47  3  84  4  90
  0  3  1  59  2  86  3  8  4  89
  0  42  1  50  2  22  3  38  4  37
  0  96  1  59  2  14  3  25  4  54
  0  75  1  94  2  42  3  65  4  45
  0  74  1  76  2  79  3  52  4  3
  0  73  1  8  2  32  3  47  4  9
  0  91  1  22  2  26  3  96  4  96
  0  24  1  75  2  64  3  50  4  80
  0  27  1  84  2  73  3  30  4  16
  0  55  1  75  2  79  3  45  4  88
  0  19  1  17  2  86  3  19  4  69
  0  48  1  74  2  52  3  82  4  39
  0  33  1  25  2  99  3  87  4  53
  0  40  1  60  2  54  3  87  4  91
  0  33  1  48  2  55  3  6  4  38
  0  14  1  46  2  51  3  24  4  92
  0  92  1  98  2  84  3  42  4  41
  0  38  1  69  2  37  3  22  4  83
  0  3  1  92  2  30  3  9  4  9
  0  71  1  51  2  11  3  36  4  82
  0  83  1  93  2  87  3  64  4  63
  0  4  1  36  2  19  3  82  4  81
  0  68  1  47  2  43  3  86  4  78
  0  90  1  21  2  34  3  14  4  81
  0  99  1  35  2  44  3  59  4  15
  0  31  1  8  2  7  3  14  4  68
  0  46  1  14  2  21  3  49  4  44
  0  67  1  73  2  62  3  23  4  22
  0  51  1  68  2  68  3  23  4  27
  0  2  1  81  2  51  3  8  4  12
  0  78  1  41  2  42  3  57  4  98
  0  77  1  16  2  19  3  74  4  69
  0  62  1  2  2  79  3  71  4  58
  0  44  1  72  2  86  3  78  4  47
  0  72  1  72  2  31  3  93  4  71
  0  43  1  5  2  25  3  37  4  33
  0  89  1  88  2  75  3  69  4  57
  0  83  1  68  2  55  3  11  4  58
  0  74  1  80  2  43  3  34  4  87
  0  2  1  58  2  73  3  79  4  51
  0  53  1  10  2  71  3  88  4  53
  0  98  1  12  2  77  3  61  4  70
  0  53  1  67  2  52  3  85  4  57
  0  16  1  31  2  30  3  73  4  72
  0  34  1  93  2  65  3  8  4  30
  0  21  1  84  2  67  3  84  4  38
  0  12  1  82  2  45  3  81  4  19
  0  60  1  99  2  79  3  17  4  41
  0  8  1  85  2  4  3  3  4  85
  0  36  1  16  2  26  3  26  4  95
  0  45  1  77  2  65  3  25  4  91
  0  64  1  24  2  50  3  51  4  56
  0  99  1  48  2  57  3  97  4  80
  0  77  1  29  2  44  3  4  4  93
  0  1  1  94  2  82  3  50  4  25
  0  11  1  77  2  76  3  81  4  40
  0  81  1  62  2  29  3  89  4  41
  0  14  1  86  2  7  3  51  4  43
  0  30  1  72  2  70  3  22  4  39
  0  11  1  61  2  96  3  31  4  72
  0  50  1  51  2  66  3  44  4  52
  0  76  1  18  2  82  3  22  4  54
  0  24  1  94  2  11  3  94  4  87
  0  98  1  46  2  75  3  74  4  40
  0  63  1  55  2  30  3  42  4  64
  0  82  1  22  2  29  3  66  4  19
  0  67  1  43  2  76  3  26  4  8
  0  38  1  7  2  11  3  46  4  28
  0  12  1  23  2  52  3  19  4  9
  0  40  1  93  2  65  3  18  4  85
  0  67  1  11  2  43  3  71  4  22
  0  12  1  51  2  65  3  10  4  56
  0  51  1  10  2  93  3  28  4  70
  0  45  1  5  2  75  3  65  4  30
  0  39  1  79  2  41  3  46  4  14
  0  39  1  41  2  29  3  37  4  19
  0  46  1  76  2  65  3  15  4  95
  0  12  1  43  2  48  3  1  4  11
  0  44  1  91  2  47  3  15  4  81
  0  66  1  71  2  96  3  30  4  95
  0  72  1  46  2  89  3  88  4  7
  0  91  1  94  2  78  3  55  4  73
  0  19  1  59  2  72  3  39  4  60
  0  88  1  53  2  30  3  91  4  39
  0  85  1  67  2  7  3  29  4  63
  0  63  1  15  2  68  3  71  4  24
  0  42  1  85  2  99  3  3  4  55
  0  27  1  8  2  38  3  22  4  52
  0  72  1  69  2  57  3  59  4  86
  0  22  1  31  2  19  3  76  4  11
  0  32  1  89  2  80  3  91  4  18
  0  57  1  83  2  68  3  93  4  17
  0  14  1  29  2  90  3  78  4  43
  0  77  1  56  2  88  3  42  4  71
  0  59  1  73  2  89  3  96  4  81
  0  59  1  33  2  31  3  45  4  34
  0  50  1  71  2  92  3  30  4  59
  0  47  1  37  2  63  3  69  4  24
  0  29  1  62  2  92  3  73  4  14
  0  51  1  29  2  78  3  77  4  84
  0  13  1  84  2  13  3  48  4  82
  0  17  1  38  2  71  3  8  4  30
  0  61  1  10  2  88  3  64  4  64
  0  6  1  98  2  8  3  62  4  25
  0  60  1  9  2  49  3  26  4  54
  0  73  1  38  2  26  3  9  4  48
  0  68  1  49  2  21  3  78  4  23
  0  81  1  3  2  72  3  84  4  76
  0  58  1  41  2  25  3  66  4  31
  0  71  1  6  2  86  3  79  4  53
  0  32  1  19  2  69  3  83  4  94
  0  1  1  95  2  6  3  78  4  71
  0  57  1  63  2  42  3  34  4  70
  0  61  1  73  2  69  3  77  4  91
  0  94  1  27  2  81  3  44  4  73
  0  69  1  42  2  11  3  35  4  61
  0  79  1  70  2  22  3  16  4  88
  0  90  1  19  2  49  3  66  4  5
  0  43  1  1  2  81  3  30  4  76
  0  15  1  69  2  51  3  85  4  7
  0  12  1  84  2  55  3  46  4  28
  0  76  1  29  2  30  3  14  4  31
  0  37  1  37  2  81  3  55  4  48
  0  80  1  86  2  57  3  93  4  3
  0  67  1  59  2  23  3  71  4  11
  0  89  1  12  2  83  3  24  4  72
  0  18  1  81  2  85  3  43  4  67
  0  26  1  98  2  33  3  8  4  4
  0  67  1  14  2  60  3  44  4  67
  0  11  1  66  2  76  3  6  4  92
  0  99  1  65  2  50  3  21  4  4
  0  89  1  2  2  16  3  53  4  56
  0  42  1  57  2  72  3  77  4  58
  0  44  1  46  2  30  3  48  4  66
  0  12  1  92  2  46  3  75  4  17
  0  31  1  24  2  49  3  68  4  58
  0  68  1  88  2  36  3  10  4  20
  0  95  1  57  2  2  3  39  4  15
  0  71  1  67  2  36  3  45  4  84
  0  74  1  63  2  44  3  20  4  91
  0  80  1  88  2  33  3  44  4  23
  0  63  1  82  2  69  3  36  4  89
  0  89  1  79  2  70  3  20  4  12
  0  79  1  31  2  48  3  44  4  6
  0  33  1  26  2  99  3  70  4  17
  0  84  1  34  2  47  3  11  4  85
TPM
  0  2857  1  2857  2  2857  3  2857  4  2857
PMT
  0  25  1  11  2  38  3  50  4  38
  0  37  1  71  2  42  3  74  4  36
  0  69  1  44  2  74  3  64  4  66
  0  33  1  40  2  66  3  68  4  1
  0  11  1  29  2  15  3  16  4  26
  0  31  1  73  2  24  3  27  4  48
  0  66  1  69  2  31  3  54  4  51
  0  23  1  28  2  36  3  68  4  53
  0  53  1  57  2  61  3  67  4  8
  0  17  1  53  2  1  3  1  4  17
  0  44  1  26  2  7  3  65  4  48
  0  5  1  29  2  57  3  71  4  37
  0  35  1  69  2  45  3  53  4  14
  0  8  1  69  2  45  3  38  4  15
  0  45  1  38  2  50  3  65  4  71
  0  21  1  54  2  19  3  34  4  11
  0  6  1  26  2  33  3  65  4  42
  0  60  1  41  2  13  3  27  4  68
