500  15
  0  5  1  48  2  46  3  10  4  59  5  14  6  11  7  46  8  90  9  89  10  24  11  32  12  16  13  97  14  54
  0  85  1  43  2  16  3  38  4  81  5  17  6  91  7  8  8  62  9  94  10  14  11  34  12  63  13  98  14  89
  0  69  1  15  2  31  3  91  4  57  5  87  6  37  7  66  8  36  9  96  10  41  11  23  12  56  13  93  14  10
  0  41  1  89  2  92  3  18  4  70  5  97  6  19  7  97  8  11  9  90  10  78  11  22  12  86  13  86  14  87
  0  47  1  69  2  70  3  99  4  98  5  99  6  87  7  34  8  97  9  12  10  38  11  84  12  50  13  79  14  56
  0  59  1  49  2  13  3  84  4  94  5  64  6  87  7  78  8  21  9  4  10  90  11  5  12  99  13  3  14  1
  0  15  1  43  2  46  3  51  4  14  5  84  6  40  7  28  8  46  9  72  10  94  11  16  12  75  13  93  14  66
  0  93  1  32  2  56  3  98  4  25  5  41  6  93  7  35  8  17  9  76  10  52  11  1  12  29  13  84  14  84
  0  80  1  62  2  88  3  73  4  44  5  56  6  51  7  29  8  79  9  73  10  65  11  61  12  49  13  61  14  10
  0  13  1  79  2  93  3  68  4  91  5  37  6  61  7  15  8  51  9  73  10  57  11  12  12  11  13  12  14  48
  0  67  1  5  2  38  3  72  4  55  5  2  6  99  7  78  8  89  9  45  10  27  11  83  12  7  13  87  14  44
  0  54  1  4  2  42  3  16  4  5  5  25  6  56  7  58  8  76  9  11  10  85  11  9  12  49  13  34  14  27
  0  30  1  86  2  89  3  35  4  97  5  30  6  39  7  37  8  90  9  81  10  86  11  7  12  83  13  46  14  56
  0  74  1  28  2  19  3  19  4  85  5  42  6  47  7  39  8  26  9  68  10  93  11  88  12  73  13  61  14  81
  0  18  1  63  2  10  3  5  4  92  5  61  6  21  7  27  8  41  9  69  10  4  11  2  12  49  13  44  14  38
  0  96  1  29  2  76  3  10  4  2  5  22  6  58  7  64  8  35  9  26  10  55  11  89  12  7  13  55  14  48
  0  40  1  86  2  65  3  18  4  68  5  84  6  16  7  75  8  7  9  50  10  38  11  71  12  45  13  40  14  38
  0  46  1  69  2  17  3  63  4  81  5  68  6  68  7  78  8  80  9  27  10  80  11  74  12  84  13  58  14  81
  0  73  1  4  2  44  3  43  4  6  5  19  6  88  7  26  8  3  9  78  10  94  11  84  12  82  13  99  14  30
  0  74  1  66  2  58  3  46  4  31  5  26  6  10  7  41  8  5  9  59  10  81  11  13  12  88  13  52  14  36
  0  22  1  52  2  54  3  88  4  60  5  73  6  92  7  29  8  18  9  50  10  96  11  77  12  63  13  8  14  7
  0  92  1  91  2  49  3  95  4  83  5  24  6  10  7  10  8  15  9  33  10  18  11  31  12  98  13  46  14  61
  0  3  1  16  2  45  3  24  4  63  5  11  6  64  7  47  8  8  9  41  10  67  11  98  12  43  13  89  14  29
  0  93  1  17  2  71  3  74  4  78  5  41  6  85  7  48  8  72  9  36  10  81  11  12  12  34  13  68  14  76
  0  87  1  93  2  46  3  12  4  5  5  73  6  15  7  37  8  22  9  78  10  60  11  83  12  12  13  34  14  90
  0  37  1  49  2  11  3  95  4  42  5  38  6  50  7  69  8  81  9  55  10  77  11  50  12  30  13  10  14  1
  0  41  1  68  2  38  3  78  4  78  5  93  6  94  7  46  8  77  9  88  10  87  11  26  12  82  13  17  14  89
  0  39  1  87  2  53  3  19  4  26  5  4  6  90  7  57  8  18  9  97  10  50  11  68  12  35  13  25  14  12
  0  22  1  84  2  27  3  34  4  39  5  3  6  74  7  16  8  18  9  57  10  68  11  48  12  5  13  94  14  37
  0  34  1  4  2  15  3  83  4  77  5  72  6  96  7  77  8  86  9  19  10  11  11  97  12  27  13  1  14  94
  0  60  1  12  2  8  3  73  4  99  5  42  6  67  7  49  8  82  9  15  10  96  11  95  12  59  13  55  14  5
  0  36  1  12  2  60  3  22  4  85  5  31  6  55  7  83  8  78  9  30  10  83  11  25  12  23  13  87  14  3
  0  53  1  55  2  80  3  46  4  93  5  76  6  39  7  69  8  42  9  94  10  29  11  10  12  62  13  16  14  70
  0  5  1  11  2  43  3  20  4  55  5  74  6  93  7  84  8  42  9  64  10  22  11  50  12  18  13  91  14  23
  0  42  1  31  2  18  3  60  4  40  5  65  6  65  7  22  8  23  9  98  10  20  11  14  12  18  13  4  14  65
  0  45  1  76  2  53  3  33  4  58  5  4  6  11  7  57  8  3  9  96  10  3  11  67  12  73  13  5  14  7
  0  49  1  48  2  84  3  18  4  75  5  97  6  17  7  53  8  77  9  57  10  32  11  23  12  97  13  73  14  28
  0  79  1  66  2  83  3  3  4  12  5  70  6  67  7  29  8  50  9  30  10  97  11  26  12  5  13  82  14  73
  0  37  1  52  2  40  3  6  4  91  5  31  6  93  7  2  8  18  9  24  10  44  11  52  12  49  13  40  14  11
  0  39  1  15  2  7  3  41  4  95  5  25  6  51  7  13  8  1  9  89  10  31  11  15  12  80  13  31  14  29
  0  39  1  59  2  65  3  39  4  24  5  74  6  88  7  93  8  32  9  50  10  73  11  28  12  47  13  95  14  58
  0  58  1  32  2  67  3  12  4  34  5  80  6  22  7  71  8  98  9  37  10  36  11  8  12  43  13  99  14  77
  0  69  1  61  2  7  3  60  4  86  5  33  6  73  7  1  8  56  9  89  10  37  11  67  12  43  13  45  14  30
  0  97  1  45  2  92  3  76  4  15  5  28  6  96  7  88  8  70  9  21  10  42  11  11  12  93  13  30  14  10
  0  36  1  33  2  5  3  95  4  94  5  6  6  72  7  83  8  72  9  6  10  25  11  56  12  46  13  23  14  13
  0  90  1  2  2  87  3  97  4  67  5  95  6  30  7  49  8  10  9  82  10  19  11  7  12  24  13  89  14  42
  0  29  1  86  2  40  3  12  4  98  5  33  6  47  7  18  8  72  9  25  10  24  11  76  12  76  13  93  14  84
  0  33  1  94  2  12  3  35  4  17  5  3  6  11  7  81  8  57  9  37  10  73  11  96  12  17  13  10  14  45
  0  18  1  93  2  5  3  61  4  89  5  98  6  16  7  83  8  51  9  13  10  12  11  70  12  40  13  72  14  43
  0  54  1  65  2  57  3  26  4  86  5  66  6  55  7  51  8  63  9  64  10  38  11  31  12  67  13  75  14  83
  0  65  1  65  2  31  3  7  4  85  5  56  6  30  7  1  8  22  9  65  10  33  11  4  12  92  13  20  14  50
  0  23  1  12  2  54  3  93  4  99  5  72  6  29  7  95  8  92  9  35  10  71  11  14  12  8  13  46  14  58
  0  81  1  10  2  59  3  3  4  51  5  83  6  24  7  24  8  68  9  43  10  85  11  4  12  56  13  99  14  93
  0  54  1  97  2  29  3  19  4  63  5  62  6  13  7  25  8  84  9  88  10  42  11  48  12  88  13  39  14  97
  0  75  1  91  2  86  3  54  4  29  5  30  6  91  7  72  8  99  9  52  10  75  11  72  12  74  13  31  14  23
  0  5  1  70  2  36  3  37  4  60  5  52  6  10  7  52  8  92  9  3  10  31  11  73  12  33  13  84  14  77
  0  86  1  32  2  85  3  99  4  81  5  47  6  63  7  82  8  52  9  67  10  19  11  60  12  89  13  55  14  60
  0  88  1  76  2  16  3  54  4  13  5  40  6  56  7  51  8  80  9  34  10  79  11  50  12  80  13  43  14  20
  0  41  1  7  2  44  3  35  4  24  5  93  6  67  7  89  8  4  9  49  10  24  11  9  12  15  13  2  14  8
  0  78  1  16  2  26  3  97  4  29  5  54  6  14  7  91  8  29  9  8  10  21  11  68  12  60  13  38  14  75
  0  54  1  72  2  16  3  56  4  38  5  21  6  10  7  70  8  62  9  53  10  41  11  79  12  85  13  79  14  47
  0  60  1  95  2  49  3  13  4  97  5  8  6  33  7  54  8  51  9  90  10  59  11  65  12  33  13  4  14  68
  0  64  1  92  2  29  3  83  4  9  5  9  6  32  7  4  8  43  9  8  10  95  11  78  12  20  13  78  14  7
  0  10  1  2  2  55  3  81  4  94  5  29  6  70  7  65  8  13  9  17  10  20  11  48  12  97  13  17  14  75
  0  78  1  80  2  54  3  43  4  52  5  66  6  20  7  60  8  31  9  90  10  97  11  68  12  14  13  76  14  35
  0  11  1  44  2  74  3  92  4  36  5  56  6  64  7  40  8  16  9  68  10  47  11  80  12  98  13  93  14  67
  0  11  1  68  2  19  3  19  4  57  5  67  6  71  7  54  8  53  9  10  10  77  11  83  12  26  13  95  14  73
  0  31  1  34  2  98  3  45  4  94  5  56  6  88  7  76  8  25  9  24  10  13  11  56  12  14  13  58  14  47
  0  65  1  59  2  43  3  85  4  41  5  52  6  53  7  42  8  1  9  1  10  12  11  67  12  53  13  81  14  55
  0  17  1  49  2  91  3  15  4  20  5  44  6  35  7  61  8  28  9  63  10  65  11  62  12  50  13  5  14  82
  0  42  1  10  2  20  3  35  4  62  5  62  6  51  7  93  8  43  9  74  10  18  11  77  12  3  13  49  14  80
  0  77  1  89  2  42  3  28  4  82  5  27  6  14  7  66  8  7  9  98  10  4  11  99  12  93  13  35  14  24
  0  29  1  18  2  1  3  12  4  26  5  29  6  71  7  88  8  43  9  1  10  60  11  5  12  64  13  81  14  32
  0  79  1  19  2  60  3  11  4  63  5  11  6  95  7  73  8  75  9  26  10  66  11  87  12  97  13  34  14  41
  0  27  1  36  2  84  3  83  4  76  5  62  6  66  7  44  8  21  9  14  10  99  11  79  12  60  13  7  14  44
  0  24  1  10  2  91  3  67  4  14  5  75  6  57  7  12  8  95  9  6  10  57  11  26  12  16  13  73  14  26
  0  79  1  54  2  22  3  98  4  64  5  35  6  92  7  54  8  39  9  52  10  16  11  45  12  93  13  76  14  28
  0  88  1  27  2  42  3  47  4  26  5  65  6  17  7  19  8  81  9  61  10  14  11  30  12  70  13  57  14  2
  0  28  1  35  2  13  3  6  4  7  5  31  6  3  7  25  8  44  9  62  10  54  11  97  12  12  13  47  14  85
  0  88  1  73  2  86  3  48  4  89  5  54  6  29  7  89  8  45  9  50  10  77  11  2  12  55  13  2  14  82
  0  2  1  16  2  51  3  7  4  73  5  83  6  68  7  60  8  70  9  99  10  7  11  43  12  37  13  94  14  14
  0  43  1  27  2  55  3  33  4  74  5  3  6  42  7  46  8  58  9  57  10  68  11  59  12  69  13  90  14  94
  0  28  1  22  2  28  3  96  4  66  5  53  6  66  7  99  8  96  9  20  10  78  11  3  12  30  13  37  14  28
  0  27  1  82  2  13  3  57  4  61  5  70  6  57  7  53  8  94  9  37  10  75  11  22  12  51  13  8  14  63
  0  99  1  74  2  69  3  72  4  96  5  26  6  27  7  22  8  60  9  83  10  83  11  54  12  77  13  71  14  42
  0  68  1  79  2  49  3  27  4  94  5  5  6  37  7  75  8  72  9  27  10  63  11  45  12  54  13  80  14  54
  0  37  1  48  2  14  3  11  4  36  5  75  6  55  7  32  8  10  9  91  10  87  11  86  12  20  13  12  14  56
  0  39  1  46  2  42  3  60  4  86  5  10  6  84  7  86  8  58  9  65  10  89  11  11  12  83  13  87  14  71
  0  65  1  34  2  63  3  98  4  33  5  87  6  90  7  31  8  41  9  89  10  21  11  73  12  45  13  80  14  2
  0  51  1  44  2  34  3  22  4  48  5  50  6  33  7  44  8  36  9  10  10  46  11  83  12  13  13  60  14  14
  0  85  1  16  2  50  3  41  4  81  5  68  6  71  7  61  8  48  9  97  10  79  11  16  12  90  13  12  14  94
  0  56  1  24  2  40  3  7  4  80  5  27  6  56  7  46  8  55  9  93  10  61  11  71  12  68  13  98  14  77
  0  93  1  29  2  58  3  81  4  46  5  23  6  60  7  95  8  55  9  57  10  72  11  89  12  87  13  76  14  77
  0  85  1  59  2  26  3  82  4  50  5  51  6  98  7  94  8  23  9  57  10  89  11  75  12  30  13  55  14  35
  0  8  1  53  2  91  3  27  4  31  5  71  6  4  7  21  8  47  9  1  10  27  11  71  12  82  13  82  14  68
  0  79  1  67  2  5  3  30  4  22  5  78  6  63  7  23  8  1  9  35  10  84  11  7  12  40  13  58  14  69
  0  35  1  4  2  33  3  41  4  1  5  25  6  28  7  96  8  14  9  71  10  65  11  88  12  43  13  69  14  45
  0  5  1  16  2  79  3  69  4  11  5  58  6  96  7  10  8  69  9  7  10  98  11  33  12  60  13  33  14  84
  0  60  1  63  2  73  3  76  4  24  5  76  6  31  7  61  8  74  9  74  10  4  11  8  12  14  13  44  14  71
  0  87  1  82  2  47  3  12  4  78  5  22  6  81  7  62  8  24  9  81  10  65  11  25  12  96  13  54  14  54
  0  88  1  70  2  53  3  56  4  24  5  2  6  57  7  26  8  56  9  93  10  98  11  31  12  44  13  57  14  69
  0  38  1  97  2  34  3  65  4  56  5  29  6  19  7  89  8  25  9  22  10  96  11  93  12  57  13  41  14  94
  0  37  1  51  2  38  3  13  4  60  5  48  6  26  7  72  8  35  9  89  10  16  11  99  12  29  13  1  14  40
  0  43  1  85  2  22  3  19  4  85  5  18  6  36  7  28  8  94  9  62  10  83  11  83  12  27  13  54  14  56
  0  56  1  88  2  96  3  21  4  61  5  99  6  54  7  97  8  11  9  27  10  85  11  1  12  10  13  78  14  98
  0  25  1  38  2  84  3  91  4  31  5  47  6  89  7  14  8  50  9  57  10  39  11  58  12  30  13  56  14  50
  0  67  1  84  2  12  3  70  4  28  5  14  6  54  7  89  8  62  9  22  10  97  11  48  12  66  13  24  14  7
  0  49  1  37  2  54  3  25  4  93  5  92  6  81  7  9  8  63  9  80  10  18  11  56  12  35  13  21  14  71
  0  13  1  20  2  44  3  69  4  87  5  26  6  98  7  63  8  23  9  10  10  61  11  93  12  93  13  65  14  57
  0  60  1  36  2  52  3  80  4  45  5  23  6  81  7  72  8  75  9  43  10  94  11  96  12  18  13  52  14  8
  0  22  1  49  2  90  3  10  4  91  5  47  6  2  7  37  8  55  9  88  10  90  11  59  12  79  13  45  14  97
  0  53  1  69  2  39  3  91  4  45  5  63  6  62  7  95  8  50  9  89  10  95  11  6  12  43  13  91  14  84
  0  63  1  31  2  57  3  36  4  91  5  16  6  22  7  62  8  13  9  79  10  20  11  86  12  92  13  6  14  98
  0  66  1  94  2  30  3  37  4  25  5  32  6  9  7  23  8  79  9  46  10  1  11  80  12  9  13  63  14  38
  0  45  1  14  2  94  3  20  4  50  5  37  6  81  7  53  8  49  9  67  10  17  11  28  12  91  13  42  14  80
  0  87  1  49  2  6  3  62  4  62  5  21  6  16  7  80  8  44  9  98  10  77  11  17  12  28  13  56  14  63
  0  99  1  76  2  92  3  55  4  41  5  38  6  51  7  89  8  88  9  56  10  85  11  21  12  51  13  47  14  47
  0  19  1  18  2  16  3  16  4  68  5  62  6  60  7  12  8  40  9  24  10  70  11  30  12  44  13  86  14  22
  0  6  1  90  2  11  3  29  4  16  5  19  6  86  7  93  8  38  9  67  10  8  11  81  12  49  13  91  14  89
  0  3  1  36  2  66  3  82  4  68  5  34  6  17  7  50  8  77  9  23  10  61  11  12  12  29  13  58  14  76
  0  75  1  68  2  95  3  6  4  7  5  35  6  52  7  72  8  6  9  40  10  13  11  71  12  96  13  5  14  56
  0  53  1  47  2  51  3  89  4  15  5  68  6  95  7  89  8  72  9  68  10  17  11  97  12  74  13  59  14  80
  0  27  1  79  2  43  3  48  4  67  5  7  6  12  7  5  8  89  9  40  10  59  11  74  12  6  13  41  14  76
  0  22  1  27  2  89  3  76  4  46  5  12  6  78  7  80  8  19  9  21  10  14  11  48  12  24  13  2  14  9
  0  46  1  8  2  82  3  63  4  85  5  38  6  39  7  72  8  64  9  18  10  66  11  6  12  98  13  41  14  73
  0  45  1  33  2  50  3  81  4  92  5  70  6  38  7  85  8  53  9  41  10  26  11  18  12  77  13  10  14  88
  0  32  1  24  2  14  3  12  4  69  5  50  6  41  7  8  8  6  9  67  10  19  11  26  12  72  13  8  14  64
  0  30  1  99  2  86  3  17  4  26  5  42  6  60  7  60  8  69  9  67  10  19  11  82  12  80  13  22  14  59
  0  64  1  50  2  8  3  15  4  70  5  15  6  37  7  65  8  85  9  26  10  40  11  36  12  39  13  49  14  51
  0  46  1  85  2  74  3  91  4  98  5  42  6  8  7  32  8  98  9  16  10  80  11  93  12  38  13  56  14  12
  0  27  1  10  2  11  3  88  4  79  5  8  6  85  7  59  8  34  9  46  10  33  11  54  12  89  13  8  14  9
  0  79  1  95  2  77  3  80  4  55  5  87  6  52  7  85  8  71  9  77  10  23  11  47  12  5  13  75  14  56
  0  23  1  22  2  75  3  40  4  36  5  33  6  19  7  61  8  95  9  8  10  13  11  35  12  38  13  49  14  79
  0  93  1  20  2  78  3  51  4  15  5  58  6  96  7  50  8  46  9  89  10  16  11  5  12  55  13  2  14  74
  0  1  1  99  2  60  3  82  4  65  5  17  6  17  7  54  8  29  9  70  10  98  11  43  12  25  13  83  14  92
  0  64  1  10  2  88  3  83  4  76  5  15  6  30  7  14  8  68  9  67  10  16  11  61  12  58  13  43  14  25
  0  68  1  14  2  35  3  80  4  59  5  35  6  43  7  68  8  21  9  71  10  36  11  57  12  59  13  69  14  25
  0  50  1  31  2  49  3  60  4  69  5  22  6  77  7  35  8  52  9  33  10  87  11  55  12  26  13  69  14  39
  0  22  1  70  2  73  3  44  4  18  5  91  6  24  7  92  8  9  9  75  10  3  11  48  12  93  13  81  14  3
  0  10  1  69  2  2  3  22  4  44  5  84  6  95  7  72  8  53  9  12  10  70  11  90  12  14  13  57  14  77
  0  50  1  16  2  73  3  37  4  82  5  80  6  68  7  10  8  74  9  37  10  13  11  80  12  6  13  92  14  84
  0  34  1  22  2  8  3  14  4  13  5  77  6  90  7  13  8  11  9  84  10  46  11  96  12  29  13  50  14  55
  0  41  1  2  2  99  3  67  4  31  5  78  6  99  7  35  8  80  9  92  10  43  11  23  12  57  13  83  14  64
  0  58  1  15  2  37  3  72  4  28  5  20  6  66  7  46  8  21  9  54  10  39  11  25  12  70  13  92  14  30
  0  66  1  61  2  4  3  64  4  82  5  93  6  28  7  56  8  69  9  15  10  26  11  84  12  78  13  71  14  96
  0  40  1  99  2  45  3  18  4  48  5  71  6  56  7  46  8  51  9  17  10  65  11  92  12  89  13  72  14  9
  0  55  1  36  2  78  3  31  4  65  5  62  6  23  7  15  8  2  9  39  10  75  11  21  12  50  13  8  14  40
  0  78  1  36  2  65  3  25  4  97  5  54  6  56  7  5  8  95  9  55  10  66  11  17  12  48  13  87  14  54
  0  20  1  15  2  88  3  65  4  19  5  5  6  76  7  27  8  14  9  70  10  90  11  5  12  38  13  50  14  78
  0  71  1  4  2  6  3  32  4  33  5  39  6  5  7  11  8  83  9  19  10  72  11  11  12  18  13  12  14  88
  0  77  1  6  2  75  3  13  4  52  5  93  6  7  7  70  8  11  9  21  10  8  11  20  12  33  13  36  14  20
  0  96  1  12  2  66  3  59  4  88  5  94  6  71  7  32  8  4  9  1  10  84  11  26  12  32  13  78  14  19
  0  8  1  4  2  75  3  2  4  60  5  96  6  55  7  56  8  52  9  61  10  70  11  40  12  25  13  46  14  69
  0  27  1  20  2  48  3  26  4  63  5  10  6  31  7  81  8  71  9  81  10  72  11  65  12  46  13  2  14  40
  0  24  1  90  2  49  3  2  4  73  5  80  6  9  7  32  8  59  9  44  10  52  11  56  12  83  13  16  14  46
  0  48  1  45  2  77  3  77  4  86  5  75  6  21  7  72  8  9  9  7  10  76  11  57  12  39  13  70  14  89
  0  84  1  82  2  17  3  62  4  21  5  91  6  36  7  66  8  71  9  53  10  74  11  9  12  95  13  77  14  6
  0  7  1  20  2  49  3  1  4  95  5  71  6  91  7  91  8  76  9  78  10  65  11  33  12  91  13  15  14  73
  0  8  1  69  2  79  3  67  4  27  5  71  6  44  7  71  8  9  9  63  10  12  11  66  12  67  13  56  14  57
  0  94  1  19  2  11  3  56  4  88  5  84  6  96  7  18  8  37  9  79  10  52  11  74  12  18  13  74  14  78
  0  99  1  91  2  99  3  69  4  54  5  19  6  25  7  62  8  81  9  39  10  11  11  59  12  7  13  46  14  52
  0  53  1  3  2  21  3  29  4  53  5  30  6  31  7  43  8  6  9  74  10  91  11  23  12  52  13  20  14  52
  0  97  1  57  2  47  3  57  4  90  5  9  6  40  7  86  8  83  9  87  10  34  11  87  12  39  13  26  14  48
  0  38  1  96  2  23  3  86  4  17  5  72  6  94  7  80  8  56  9  25  10  54  11  36  12  20  13  82  14  64
  0  88  1  23  2  21  3  4  4  81  5  75  6  54  7  41  8  34  9  36  10  78  11  9  12  40  13  2  14  67
  0  16  1  43  2  60  3  20  4  46  5  52  6  85  7  9  8  28  9  11  10  67  11  80  12  81  13  36  14  82
  0  93  1  58  2  67  3  58  4  14  5  54  6  15  7  98  8  89  9  49  10  95  11  56  12  85  13  93  14  81
  0  65  1  44  2  66  3  10  4  97  5  90  6  62  7  32  8  79  9  27  10  80  11  87  12  88  13  62  14  33
  0  49  1  33  2  71  3  85  4  58  5  53  6  96  7  1  8  49  9  26  10  23  11  51  12  49  13  54  14  82
  0  18  1  73  2  56  3  96  4  96  5  82  6  8  7  32  8  67  9  47  10  91  11  41  12  10  13  42  14  62
  0  23  1  66  2  88  3  23  4  3  5  84  6  78  7  75  8  43  9  94  10  76  11  99  12  6  13  96  14  81
  0  59  1  49  2  65  3  75  4  48  5  28  6  9  7  10  8  17  9  18  10  18  11  10  12  64  13  91  14  8
  0  70  1  52  2  18  3  42  4  5  5  97  6  56  7  71  8  56  9  62  10  77  11  44  12  76  13  8  14  19
  0  68  1  47  2  20  3  64  4  29  5  81  6  8  7  17  8  86  9  53  10  24  11  71  12  24  13  18  14  82
  0  46  1  98  2  30  3  41  4  3  5  33  6  88  7  98  8  73  9  49  10  37  11  22  12  74  13  16  14  19
  0  84  1  66  2  82  3  60  4  5  5  13  6  7  7  29  8  98  9  20  10  99  11  89  12  96  13  71  14  57
  0  61  1  77  2  97  3  39  4  46  5  34  6  38  7  16  8  70  9  61  10  73  11  99  12  78  13  32  14  61
  0  33  1  61  2  9  3  81  4  88  5  4  6  4  7  77  8  7  9  89  10  82  11  69  12  97  13  7  14  71
  0  44  1  45  2  17  3  27  4  68  5  20  6  5  7  56  8  81  9  77  10  18  11  19  12  53  13  92  14  52
  0  40  1  18  2  79  3  51  4  4  5  22  6  66  7  19  8  25  9  44  10  44  11  79  12  11  13  75  14  13
  0  12  1  58  2  70  3  74  4  52  5  51  6  5  7  64  8  57  9  50  10  95  11  12  12  40  13  96  14  84
  0  76  1  45  2  65  3  74  4  93  5  25  6  40  7  74  8  30  9  17  10  99  11  99  12  42  13  49  14  35
  0  23  1  62  2  21  3  36  4  81  5  88  6  24  7  19  8  79  9  26  10  21  11  83  12  43  13  21  14  83
  0  19  1  16  2  82  3  57  4  97  5  13  6  72  7  8  8  33  9  50  10  28  11  68  12  77  13  32  14  31
  0  91  1  98  2  73  3  46  4  67  5  52  6  59  7  87  8  75  9  42  10  93  11  95  12  73  13  40  14  87
  0  15  1  35  2  1  3  74  4  29  5  3  6  94  7  67  8  73  9  15  10  41  11  87  12  39  13  11  14  30
  0  33  1  50  2  35  3  43  4  67  5  44  6  96  7  28  8  38  9  33  10  42  11  78  12  73  13  92  14  59
  0  26  1  95  2  11  3  18  4  57  5  60  6  11  7  10  8  86  9  21  10  8  11  49  12  71  13  51  14  76
  0  45  1  47  2  93  3  45  4  52  5  5  6  19  7  22  8  70  9  52  10  5  11  40  12  46  13  31  14  72
  0  72  1  85  2  67  3  34  4  34  5  97  6  95  7  53  8  12  9  22  10  73  11  13  12  47  13  5  14  74
  0  34  1  85  2  35  3  40  4  7  5  70  6  49  7  12  8  20  9  27  10  62  11  84  12  96  13  85  14  1
  0  48  1  70  2  20  3  25  4  11  5  73  6  18  7  77  8  20  9  9  10  93  11  93  12  25  13  30  14  21
  0  61  1  45  2  52  3  44  4  11  5  40  6  67  7  87  8  74  9  92  10  41  11  88  12  61  13  56  14  3
  0  1  1  7  2  24  3  74  4  57  5  13  6  22  7  83  8  3  9  98  10  28  11  58  12  5  13  98  14  81
  0  13  1  16  2  91  3  27  4  52  5  63  6  63  7  99  8  73  9  68  10  16  11  68  12  25  13  21  14  70
  0  66  1  63  2  76  3  53  4  97  5  17  6  35  7  49  8  88  9  37  10  39  11  44  12  16  13  11  14  73
  0  19  1  54  2  52  3  75  4  53  5  5  6  5  7  87  8  52  9  90  10  21  11  88  12  97  13  55  14  94
  0  20  1  5  2  87  3  70  4  60  5  21  6  54  7  57  8  40  9  97  10  17  11  7  12  80  13  33  14  70
  0  50  1  12  2  54  3  25  4  91  5  3  6  97  7  12  8  8  9  92  10  95  11  6  12  11  13  34  14  86
  0  65  1  47  2  63  3  96  4  60  5  67  6  61  7  78  8  22  9  81  10  89  11  86  12  36  13  69  14  93
  0  25  1  79  2  39  3  16  4  17  5  43  6  25  7  57  8  61  9  25  10  85  11  88  12  80  13  56  14  43
  0  98  1  84  2  7  3  58  4  13  5  90  6  96  7  51  8  40  9  83  10  77  11  3  12  34  13  8  14  93
  0  2  1  51  2  19  3  21  4  14  5  62  6  34  7  33  8  97  9  57  10  71  11  67  12  88  13  18  14  55
  0  77  1  22  2  83  3  36  4  82  5  79  6  12  7  45  8  77  9  67  10  21  11  80  12  39  13  60  14  57
  0  18  1  57  2  81  3  31  4  51  5  70  6  91  7  13  8  47  9  83  10  10  11  78  12  43  13  7  14  95
  0  56  1  34  2  21  3  51  4  96  5  23  6  90  7  39  8  89  9  33  10  55  11  15  12  81  13  8  14  74
  0  20  1  77  2  36  3  15  4  88  5  22  6  1  7  99  8  61  9  11  10  10  11  60  12  9  13  54  14  84
  0  56  1  9  2  10  3  91  4  61  5  36  6  55  7  66  8  23  9  40  10  54  11  42  12  53  13  43  14  61
  0  88  1  93  2  74  3  41  4  48  5  76  6  6  7  20  8  81  9  74  10  91  11  81  12  92  13  93  14  95
  0  76  1  86  2  74  3  60  4  21  5  72  6  91  7  83  8  84  9  27  10  70  11  64  12  99  13  72  14  63
  0  54  1  54  2  37  3  52  4  41  5  33  6  1  7  70  8  16  9  29  10  49  11  55  12  27  13  35  14  77
  0  87  1  22  2  93  3  34  4  65  5  8  6  63  7  79  8  27  9  5  10  16  11  3  12  16  13  69  14  1
  0  39  1  49  2  2  3  13  4  55  5  53  6  66  7  67  8  8  9  46  10  3  11  59  12  96  13  99  14  88
  0  63  1  62  2  15  3  93  4  14  5  99  6  78  7  33  8  42  9  82  10  2  11  8  12  89  13  33  14  38
  0  89  1  15  2  72  3  44  4  88  5  50  6  36  7  43  8  24  9  91  10  44  11  74  12  53  13  30  14  57
  0  59  1  73  2  41  3  58  4  19  5  64  6  99  7  44  8  9  9  48  10  96  11  17  12  71  13  6  14  55
  0  95  1  13  2  35  3  85  4  15  5  52  6  73  7  32  8  60  9  14  10  10  11  85  12  52  13  45  14  56
  0  68  1  3  2  82  3  55  4  25  5  89  6  14  7  41  8  76  9  19  10  95  11  89  12  99  13  77  14  11
  0  13  1  66  2  6  3  9  4  93  5  35  6  24  7  47  8  61  9  87  10  97  11  4  12  50  13  64  14  35
  0  67  1  99  2  9  3  45  4  10  5  85  6  56  7  97  8  85  9  84  10  22  11  62  12  24  13  21  14  56
  0  28  1  15  2  44  3  87  4  20  5  93  6  30  7  69  8  71  9  73  10  14  11  99  12  7  13  93  14  96
  0  73  1  61  2  72  3  75  4  93  5  33  6  80  7  89  8  58  9  34  10  85  11  2  12  76  13  3  14  24
  0  31  1  3  2  92  3  99  4  16  5  89  6  33  7  25  8  82  9  80  10  42  11  45  12  41  13  11  14  37
  0  14  1  29  2  91  3  65  4  12  5  75  6  74  7  57  8  28  9  73  10  36  11  66  12  41  13  57  14  35
  0  59  1  72  2  38  3  11  4  61  5  2  6  46  7  53  8  78  9  60  10  69  11  39  12  35  13  48  14  6
  0  21  1  25  2  37  3  49  4  31  5  42  6  57  7  94  8  8  9  45  10  80  11  16  12  79  13  76  14  46
  0  62  1  51  2  38  3  90  4  84  5  83  6  89  7  77  8  55  9  64  10  28  11  51  12  84  13  1  14  64
  0  37  1  21  2  87  3  95  4  81  5  91  6  36  7  53  8  98  9  28  10  61  11  63  12  61  13  73  14  60
  0  61  1  66  2  83  3  37  4  34  5  43  6  40  7  56  8  93  9  4  10  65  11  18  12  94  13  43  14  97
  0  4  1  58  2  39  3  54  4  26  5  66  6  12  7  13  8  84  9  24  10  49  11  72  12  7  13  19  14  90
  0  81  1  31  2  28  3  38  4  35  5  63  6  33  7  44  8  1  9  98  10  55  11  78  12  98  13  17  14  29
  0  78  1  55  2  68  3  58  4  47  5  21  6  11  7  41  8  38  9  97  10  86  11  42  12  41  13  29  14  27
  0  57  1  82  2  47  3  31  4  2  5  66  6  87  7  55  8  9  9  49  10  89  11  12  12  21  13  17  14  79
  0  72  1  20  2  94  3  80  4  98  5  20  6  31  7  90  8  72  9  12  10  14  11  56  12  84  13  61  14  27
  0  94  1  12  2  62  3  46  4  59  5  79  6  21  7  29  8  58  9  98  10  24  11  61  12  57  13  31  14  2
  0  58  1  35  2  1  3  98  4  24  5  73  6  81  7  12  8  24  9  83  10  98  11  62  12  39  13  28  14  56
  0  98  1  79  2  74  3  57  4  58  5  87  6  80  7  79  8  36  9  71  10  19  11  36  12  31  13  28  14  77
  0  22  1  69  2  61  3  92  4  30  5  31  6  93  7  10  8  85  9  20  10  35  11  71  12  39  13  64  14  60
  0  76  1  9  2  36  3  92  4  70  5  69  6  8  7  7  8  49  9  16  10  14  11  11  12  92  13  69  14  71
  0  42  1  53  2  86  3  64  4  3  5  81  6  93  7  25  8  27  9  43  10  62  11  40  12  41  13  77  14  95
  0  77  1  68  2  91  3  84  4  17  5  78  6  87  7  60  8  12  9  99  10  83  11  58  12  34  13  35  14  53
  0  56  1  73  2  42  3  16  4  57  5  87  6  81  7  32  8  32  9  27  10  42  11  4  12  48  13  86  14  88
  0  76  1  32  2  53  3  97  4  91  5  57  6  52  7  71  8  32  9  50  10  11  11  57  12  74  13  57  14  90
  0  2  1  27  2  14  3  58  4  12  5  18  6  99  7  7  8  18  9  76  10  96  11  22  12  54  13  95  14  60
  0  83  1  96  2  96  3  69  4  28  5  30  6  20  7  34  8  15  9  25  10  14  11  68  12  85  13  66  14  91
  0  48  1  91  2  39  3  89  4  15  5  34  6  79  7  44  8  12  9  50  10  49  11  50  12  44  13  35  14  70
  0  3  1  98  2  71  3  53  4  14  5  83  6  31  7  92  8  48  9  55  10  41  11  16  12  41  13  51  14  55
  0  7  1  81  2  46  3  59  4  44  5  72  6  92  7  96  8  20  9  2  10  26  11  13  12  37  13  87  14  39
  0  28  1  96  2  84  3  47  4  6  5  16  6  59  7  12  8  78  9  56  10  72  11  93  12  34  13  36  14  26
  0  43  1  76  2  58  3  66  4  52  5  29  6  86  7  54  8  36  9  34  10  53  11  26  12  6  13  55  14  60
  0  25  1  55  2  5  3  31  4  75  5  71  6  53  7  14  8  14  9  48  10  77  11  40  12  17  13  55  14  58
  0  3  1  80  2  94  3  46  4  90  5  45  6  48  7  53  8  6  9  67  10  92  11  22  12  43  13  80  14  49
  0  96  1  20  2  4  3  73  4  6  5  69  6  89  7  21  8  97  9  46  10  10  11  43  12  22  13  5  14  31
  0  77  1  43  2  50  3  20  4  66  5  2  6  73  7  93  8  99  9  93  10  10  11  95  12  68  13  23  14  1
  0  51  1  84  2  27  3  35  4  61  5  81  6  12  7  2  8  14  9  28  10  33  11  81  12  33  13  7  14  96
  0  58  1  91  2  33  3  82  4  35  5  60  6  25  7  17  8  68  9  64  10  55  11  31  12  78  13  74  14  27
  0  91  1  80  2  56  3  75  4  94  5  48  6  41  7  75  8  43  9  15  10  15  11  6  12  72  13  61  14  17
  0  6  1  74  2  55  3  3  4  24  5  35  6  32  7  18  8  47  9  7  10  34  11  84  12  45  13  56  14  61
  0  89  1  88  2  71  3  84  4  34  5  17  6  15  7  19  8  85  9  61  10  57  11  87  12  34  13  52  14  39
  0  94  1  51  2  65  3  17  4  93  5  93  6  88  7  21  8  38  9  14  10  16  11  24  12  24  13  61  14  83
  0  76  1  79  2  80  3  32  4  93  5  57  6  54  7  38  8  66  9  30  10  40  11  50  12  53  13  97  14  90
  0  48  1  71  2  60  3  73  4  67  5  76  6  16  7  21  8  96  9  28  10  69  11  67  12  21  13  60  14  86
  0  74  1  68  2  13  3  23  4  36  5  94  6  78  7  92  8  13  9  98  10  92  11  82  12  51  13  62  14  67
  0  16  1  79  2  55  3  23  4  12  5  75  6  54  7  92  8  13  9  67  10  49  11  4  12  64  13  1  14  61
  0  49  1  67  2  83  3  76  4  98  5  52  6  97  7  70  8  36  9  25  10  29  11  93  12  1  13  98  14  67
  0  24  1  75  2  9  3  71  4  21  5  58  6  67  7  98  8  23  9  94  10  18  11  43  12  83  13  63  14  78
  0  39  1  44  2  58  3  5  4  24  5  72  6  83  7  98  8  59  9  12  10  65  11  38  12  51  13  49  14  60
  0  21  1  37  2  72  3  92  4  39  5  16  6  73  7  61  8  21  9  37  10  29  11  1  12  11  13  83  14  65
  0  85  1  90  2  6  3  84  4  98  5  34  6  7  7  99  8  30  9  63  10  64  11  28  12  54  13  58  14  53
  0  24  1  8  2  13  3  12  4  50  5  71  6  65  7  37  8  23  9  24  10  31  11  36  12  88  13  20  14  17
  0  51  1  97  2  11  3  97  4  30  5  4  6  19  7  84  8  20  9  86  10  15  11  19  12  9  13  88  14  80
  0  58  1  38  2  13  3  41  4  56  5  44  6  9  7  7  8  38  9  36  10  65  11  57  12  32  13  92  14  71
  0  48  1  7  2  37  3  14  4  47  5  19  6  38  7  31  8  6  9  82  10  28  11  44  12  29  13  6  14  42
  0  18  1  9  2  57  3  31  4  38  5  25  6  54  7  89  8  6  9  31  10  7  11  90  12  77  13  82  14  25
  0  54  1  9  2  69  3  95  4  55  5  79  6  63  7  91  8  62  9  6  10  86  11  48  12  71  13  65  14  78
  0  38  1  61  2  99  3  95  4  17  5  87  6  59  7  84  8  32  9  3  10  10  11  14  12  15  13  56  14  19
  0  37  1  82  2  22  3  87  4  60  5  44  6  48  7  94  8  93  9  75  10  32  11  72  12  27  13  98  14  69
  0  27  1  80  2  97  3  18  4  76  5  85  6  46  7  88  8  67  9  14  10  33  11  41  12  93  13  65  14  99
  0  64  1  32  2  73  3  47  4  47  5  52  6  84  7  59  8  85  9  91  10  37  11  49  12  81  13  85  14  32
  0  43  1  16  2  88  3  69  4  37  5  15  6  46  7  10  8  1  9  40  10  84  11  65  12  21  13  64  14  41
  0  36  1  97  2  21  3  42  4  54  5  33  6  32  7  6  8  93  9  92  10  63  11  35  12  55  13  13  14  46
  0  6  1  44  2  90  3  81  4  91  5  91  6  80  7  6  8  65  9  92  10  77  11  76  12  68  13  60  14  80
  0  32  1  42  2  15  3  36  4  10  5  58  6  61  7  23  8  33  9  11  10  31  11  40  12  2  13  22  14  75
  0  85  1  61  2  2  3  47  4  42  5  14  6  60  7  9  8  20  9  95  10  50  11  45  12  23  13  57  14  8
  0  81  1  17  2  7  3  93  4  27  5  40  6  93  7  72  8  85  9  69  10  54  11  84  12  26  13  45  14  50
  0  84  1  87  2  8  3  65  4  51  5  63  6  94  7  37  8  2  9  95  10  21  11  41  12  73  13  66  14  26
  0  70  1  25  2  77  3  56  4  53  5  2  6  40  7  29  8  9  9  56  10  36  11  98  12  55  13  4  14  99
  0  95  1  84  2  85  3  47  4  40  5  97  6  38  7  54  8  41  9  51  10  8  11  43  12  18  13  52  14  63
  0  47  1  21  2  30  3  74  4  58  5  42  6  35  7  81  8  60  9  20  10  69  11  68  12  33  13  4  14  44
  0  4  1  61  2  23  3  7  4  21  5  72  6  62  7  99  8  55  9  18  10  69  11  33  12  51  13  52  14  14
  0  88  1  10  2  66  3  90  4  74  5  43  6  99  7  42  8  20  9  52  10  32  11  23  12  65  13  47  14  13
  0  50  1  82  2  74  3  8  4  6  5  44  6  20  7  45  8  76  9  13  10  4  11  95  12  63  13  38  14  88
  0  42  1  84  2  60  3  59  4  91  5  59  6  70  7  53  8  43  9  41  10  75  11  45  12  38  13  42  14  64
  0  17  1  25  2  72  3  83  4  67  5  28  6  68  7  51  8  44  9  13  10  4  11  81  12  90  13  64  14  99
  0  94  1  56  2  44  3  74  4  33  5  14  6  78  7  97  8  13  9  56  10  91  11  46  12  72  13  95  14  2
  0  80  1  9  2  80  3  32  4  75  5  10  6  90  7  96  8  77  9  11  10  88  11  85  12  84  13  52  14  32
  0  42  1  54  2  11  3  78  4  4  5  1  6  21  7  37  8  73  9  23  10  20  11  40  12  12  13  84  14  81
  0  50  1  85  2  34  3  20  4  28  5  12  6  36  7  77  8  9  9  80  10  50  11  30  12  80  13  40  14  81
  0  71  1  52  2  84  3  95  4  69  5  59  6  80  7  47  8  89  9  47  10  12  11  97  12  38  13  21  14  37
  0  3  1  76  2  59  3  88  4  94  5  93  6  28  7  56  8  98  9  54  10  46  11  32  12  43  13  43  14  80
  0  13  1  78  2  88  3  82  4  86  5  88  6  30  7  84  8  48  9  70  10  56  11  22  12  17  13  27  14  40
  0  53  1  62  2  68  3  31  4  85  5  52  6  50  7  4  8  37  9  71  10  80  11  58  12  82  13  96  14  63
  0  12  1  81  2  9  3  75  4  53  5  62  6  84  7  91  8  30  9  25  10  93  11  97  12  92  13  96  14  2
  0  64  1  26  2  20  3  49  4  68  5  22  6  96  7  55  8  81  9  1  10  88  11  77  12  67  13  60  14  58
  0  6  1  59  2  24  3  9  4  94  5  96  6  18  7  38  8  50  9  61  10  81  11  34  12  21  13  25  14  19
  0  63  1  68  2  8  3  21  4  39  5  20  6  13  7  27  8  68  9  16  10  67  11  9  12  4  13  7  14  17
  0  81  1  69  2  80  3  26  4  93  5  23  6  2  7  85  8  36  9  66  10  97  11  47  12  75  13  47  14  44
  0  20  1  8  2  73  3  8  4  99  5  78  6  60  7  64  8  28  9  26  10  84  11  89  12  80  13  32  14  84
  0  9  1  56  2  96  3  71  4  33  5  6  6  61  7  13  8  24  9  6  10  63  11  10  12  76  13  95  14  77
  0  81  1  92  2  19  3  82  4  35  5  1  6  29  7  76  8  67  9  33  10  63  11  98  12  37  13  75  14  89
  0  50  1  15  2  45  3  83  4  29  5  75  6  62  7  83  8  94  9  5  10  22  11  40  12  55  13  37  14  79
  0  47  1  29  2  41  3  13  4  30  5  20  6  15  7  17  8  29  9  22  10  74  11  43  12  87  13  27  14  25
  0  6  1  58  2  20  3  63  4  90  5  64  6  56  7  53  8  56  9  90  10  87  11  56  12  18  13  92  14  70
  0  29  1  36  2  38  3  51  4  7  5  61  6  32  7  47  8  37  9  13  10  78  11  45  12  32  13  75  14  90
  0  96  1  57  2  57  3  46  4  72  5  80  6  37  7  39  8  6  9  31  10  94  11  5  12  61  13  55  14  1
  0  89  1  69  2  70  3  13  4  1  5  39  6  48  7  10  8  71  9  42  10  83  11  37  12  2  13  8  14  20
  0  74  1  82  2  92  3  47  4  42  5  6  6  17  7  99  8  88  9  15  10  58  11  96  12  42  13  45  14  61
  0  26  1  20  2  73  3  12  4  55  5  21  6  62  7  65  8  14  9  46  10  68  11  37  12  94  13  25  14  68
  0  92  1  53  2  47  3  91  4  2  5  19  6  12  7  88  8  40  9  36  10  62  11  70  12  44  13  92  14  56
  0  81  1  61  2  24  3  92  4  11  5  62  6  86  7  5  8  44  9  79  10  37  11  68  12  12  13  13  14  66
  0  4  1  93  2  12  3  78  4  67  5  69  6  12  7  3  8  60  9  39  10  4  11  89  12  90  13  56  14  46
  0  21  1  80  2  26  3  63  4  37  5  97  6  86  7  83  8  73  9  52  10  63  11  6  12  32  13  92  14  60
  0  3  1  56  2  86  3  37  4  5  5  75  6  71  7  85  8  15  9  38  10  16  11  97  12  47  13  41  14  21
  0  89  1  98  2  40  3  50  4  36  5  92  6  87  7  79  8  7  9  43  10  34  11  87  12  35  13  47  14  97
  0  47  1  43  2  93  3  75  4  77  5  5  6  37  7  57  8  60  9  31  10  2  11  70  12  49  13  99  14  84
  0  56  1  13  2  62  3  88  4  68  5  88  6  15  7  3  8  28  9  44  10  96  11  9  12  92  13  74  14  65
  0  82  1  15  2  73  3  60  4  20  5  96  6  69  7  47  8  98  9  69  10  97  11  18  12  65  13  53  14  68
  0  75  1  10  2  82  3  41  4  33  5  52  6  79  7  8  8  10  9  73  10  47  11  65  12  4  13  47  14  82
  0  17  1  59  2  67  3  48  4  29  5  82  6  71  7  47  8  43  9  60  10  9  11  89  12  14  13  76  14  1
  0  51  1  23  2  51  3  89  4  49  5  94  6  32  7  79  8  7  9  8  10  17  11  12  12  62  13  77  14  93
  0  32  1  45  2  56  3  14  4  32  5  42  6  84  7  49  8  87  9  15  10  70  11  85  12  12  13  30  14  1
  0  60  1  5  2  31  3  96  4  50  5  70  6  69  7  75  8  61  9  10  10  42  11  80  12  73  13  50  14  28
  0  81  1  53  2  34  3  29  4  75  5  26  6  86  7  29  8  24  9  72  10  59  11  44  12  11  13  11  14  78
  0  33  1  15  2  39  3  75  4  73  5  18  6  87  7  72  8  40  9  1  10  89  11  37  12  31  13  4  14  65
  0  48  1  28  2  40  3  90  4  27  5  90  6  92  7  82  8  15  9  18  10  45  11  33  12  30  13  36  14  14
  0  66  1  8  2  75  3  78  4  7  5  13  6  61  7  50  8  75  9  95  10  39  11  1  12  60  13  4  14  82
  0  48  1  21  2  92  3  81  4  82  5  33  6  86  7  94  8  69  9  69  10  79  11  7  12  63  13  81  14  94
  0  53  1  16  2  31  3  23  4  68  5  75  6  76  7  17  8  89  9  98  10  23  11  14  12  27  13  21  14  83
  0  6  1  59  2  69  3  16  4  95  5  39  6  99  7  28  8  89  9  13  10  3  11  67  12  17  13  71  14  3
  0  40  1  98  2  11  3  45  4  27  5  76  6  52  7  56  8  79  9  91  10  59  11  6  12  31  13  77  14  49
  0  20  1  41  2  88  3  82  4  14  5  70  6  96  7  84  8  49  9  44  10  14  11  26  12  32  13  51  14  43
  0  74  1  7  2  2  3  39  4  85  5  18  6  22  7  44  8  4  9  32  10  71  11  40  12  78  13  53  14  97
  0  17  1  33  2  70  3  86  4  53  5  33  6  19  7  50  8  60  9  34  10  50  11  69  12  41  13  21  14  32
  0  90  1  49  2  57  3  29  4  27  5  67  6  12  7  39  8  30  9  31  10  30  11  81  12  24  13  69  14  64
  0  62  1  18  2  35  3  87  4  58  5  41  6  47  7  48  8  8  9  66  10  80  11  38  12  86  13  14  14  52
  0  93  1  19  2  53  3  3  4  47  5  38  6  50  7  81  8  79  9  2  10  9  11  67  12  71  13  46  14  32
  0  85  1  41  2  94  3  79  4  12  5  7  6  87  7  98  8  73  9  22  10  94  11  74  12  76  13  76  14  8
  0  5  1  30  2  49  3  48  4  1  5  47  6  53  7  18  8  72  9  36  10  39  11  91  12  63  13  11  14  3
  0  31  1  10  2  98  3  42  4  47  5  66  6  8  7  64  8  70  9  21  10  84  11  9  12  81  13  77  14  91
  0  66  1  26  2  93  3  59  4  95  5  13  6  87  7  5  8  68  9  64  10  69  11  33  12  96  13  78  14  42
  0  45  1  29  2  5  3  91  4  19  5  6  6  60  7  58  8  54  9  20  10  38  11  42  12  85  13  19  14  62
  0  22  1  99  2  55  3  17  4  48  5  26  6  55  7  46  8  68  9  72  10  65  11  90  12  82  13  30  14  17
  0  26  1  40  2  80  3  90  4  1  5  33  6  58  7  82  8  11  9  29  10  64  11  14  12  32  13  66  14  32
  0  22  1  17  2  98  3  99  4  23  5  22  6  60  7  19  8  53  9  21  10  88  11  23  12  3  13  21  14  27
  0  32  1  24  2  82  3  96  4  53  5  58  6  18  7  9  8  31  9  26  10  15  11  49  12  23  13  70  14  12
  0  67  1  33  2  43  3  14  4  47  5  15  6  83  7  45  8  40  9  28  10  24  11  46  12  90  13  9  14  22
  0  94  1  85  2  98  3  95  4  88  5  96  6  28  7  38  8  17  9  15  10  51  11  1  12  28  13  84  14  95
  0  96  1  46  2  89  3  46  4  66  5  15  6  48  7  98  8  82  9  55  10  17  11  42  12  11  13  74  14  14
  0  57  1  44  2  65  3  15  4  40  5  72  6  73  7  72  8  93  9  67  10  24  11  66  12  36  13  78  14  45
  0  94  1  22  2  82  3  23  4  47  5  83  6  36  7  66  8  32  9  29  10  99  11  84  12  42  13  56  14  64
  0  92  1  91  2  69  3  76  4  1  5  38  6  18  7  50  8  54  9  97  10  67  11  16  12  29  13  99  14  5
  0  37  1  1  2  36  3  20  4  99  5  40  6  26  7  8  8  50  9  6  10  70  11  11  12  47  13  30  14  88
  0  62  1  41  2  30  3  50  4  29  5  8  6  81  7  52  8  44  9  80  10  37  11  95  12  92  13  87  14  84
  0  72  1  76  2  65  3  65  4  60  5  81  6  4  7  12  8  80  9  32  10  66  11  59  12  83  13  74  14  68
  0  53  1  46  2  57  3  10  4  54  5  16  6  89  7  9  8  4  9  20  10  86  11  77  12  19  13  30  14  38
  0  19  1  9  2  59  3  72  4  57  5  53  6  13  7  78  8  32  9  65  10  37  11  23  12  2  13  43  14  34
  0  79  1  41  2  78  3  28  4  38  5  41  6  71  7  7  8  86  9  35  10  77  11  79  12  58  13  10  14  83
  0  15  1  2  2  77  3  85  4  59  5  16  6  15  7  14  8  36  9  56  10  7  11  43  12  91  13  97  14  29
  0  60  1  33  2  9  3  76  4  94  5  66  6  5  7  19  8  26  9  37  10  30  11  24  12  26  13  35  14  29
  0  5  1  5  2  7  3  4  4  65  5  58  6  88  7  32  8  50  9  37  10  67  11  39  12  30  13  99  14  10
  0  23  1  78  2  6  3  34  4  75  5  17  6  55  7  13  8  55  9  31  10  3  11  18  12  5  13  94  14  86
  0  65  1  19  2  48  3  47  4  8  5  96  6  18  7  38  8  85  9  47  10  80  11  52  12  39  13  26  14  88
  0  6  1  28  2  22  3  40  4  60  5  37  6  16  7  39  8  76  9  40  10  92  11  76  12  27  13  53  14  75
  0  50  1  13  2  15  3  97  4  80  5  61  6  65  7  54  8  2  9  99  10  9  11  87  12  31  13  28  14  78
  0  93  1  53  2  45  3  54  4  64  5  60  6  96  7  88  8  94  9  50  10  40  11  43  12  22  13  58  14  58
  0  43  1  81  2  76  3  68  4  2  5  88  6  6  7  88  8  73  9  79  10  18  11  79  12  35  13  83  14  38
  0  70  1  9  2  94  3  73  4  16  5  64  6  74  7  44  8  75  9  77  10  2  11  93  12  91  13  34  14  46
  0  90  1  1  2  84  3  38  4  42  5  34  6  13  7  65  8  79  9  59  10  69  11  2  12  97  13  81  14  64
  0  65  1  41  2  26  3  49  4  59  5  86  6  29  7  7  8  28  9  54  10  46  11  42  12  56  13  43  14  39
  0  47  1  72  2  93  3  94  4  68  5  39  6  97  7  5  8  7  9  54  10  20  11  92  12  37  13  76  14  8
  0  72  1  16  2  66  3  91  4  79  5  13  6  92  7  10  8  12  9  98  10  50  11  10  12  47  13  61  14  1
  0  5  1  57  2  36  3  9  4  95  5  19  6  79  7  53  8  77  9  88  10  10  11  32  12  1  13  96  14  6
  0  86  1  47  2  80  3  28  4  20  5  45  6  57  7  9  8  77  9  43  10  4  11  29  12  19  13  88  14  7
  0  63  1  6  2  20  3  82  4  76  5  66  6  33  7  92  8  1  9  27  10  99  11  6  12  22  13  28  14  54
  0  69  1  49  2  40  3  46  4  2  5  59  6  61  7  68  8  21  9  41  10  73  11  69  12  59  13  55  14  65
  0  29  1  42  2  19  3  69  4  60  5  17  6  61  7  54  8  50  9  74  10  10  11  82  12  63  13  94  14  11
  0  23  1  69  2  96  3  86  4  72  5  70  6  93  7  92  8  28  9  33  10  72  11  10  12  16  13  55  14  46
  0  7  1  70  2  22  3  58  4  46  5  15  6  32  7  25  8  8  9  87  10  98  11  60  12  77  13  18  14  50
  0  4  1  16  2  49  3  93  4  53  5  84  6  45  7  16  8  79  9  26  10  58  11  21  12  54  13  9  14  17
  0  50  1  48  2  83  3  66  4  20  5  51  6  7  7  91  8  74  9  38  10  49  11  79  12  38  13  86  14  72
  0  11  1  26  2  98  3  46  4  88  5  34  6  6  7  51  8  48  9  13  10  45  11  80  12  93  13  20  14  47
  0  31  1  65  2  85  3  59  4  52  5  37  6  33  7  4  8  10  9  76  10  56  11  48  12  42  13  46  14  36
  0  29  1  57  2  11  3  40  4  58  5  80  6  77  7  52  8  6  9  44  10  94  11  23  12  42  13  96  14  74
  0  27  1  70  2  59  3  28  4  75  5  91  6  55  7  19  8  28  9  90  10  8  11  73  12  84  13  14  14  63
  0  5  1  68  2  1  3  90  4  48  5  22  6  73  7  69  8  4  9  69  10  96  11  62  12  28  13  43  14  85
  0  37  1  44  2  46  3  82  4  75  5  45  6  18  7  70  8  2  9  1  10  29  11  72  12  98  13  12  14  94
  0  57  1  9  2  75  3  18  4  55  5  25  6  29  7  85  8  51  9  33  10  3  11  65  12  11  13  53  14  14
  0  1  1  53  2  81  3  49  4  89  5  81  6  56  7  37  8  93  9  32  10  71  11  19  12  19  13  2  14  27
  0  48  1  55  2  63  3  93  4  78  5  75  6  85  7  10  8  33  9  29  10  13  11  62  12  67  13  76  14  68
  0  7  1  50  2  56  3  87  4  33  5  34  6  76  7  4  8  72  9  96  10  64  11  30  12  15  13  66  14  39
  0  18  1  81  2  66  3  70  4  81  5  56  6  35  7  40  8  22  9  89  10  19  11  30  12  92  13  17  14  36
  0  96  1  79  2  61  3  55  4  6  5  96  6  13  7  47  8  35  9  25  10  90  11  96  12  76  13  32  14  53
  0  84  1  87  2  51  3  96  4  75  5  75  6  27  7  54  8  71  9  18  10  36  11  4  12  24  13  51  14  39
  0  28  1  5  2  77  3  42  4  97  5  78  6  73  7  51  8  63  9  39  10  1  11  61  12  74  13  85  14  59
  0  17  1  78  2  67  3  21  4  19  5  52  6  10  7  37  8  77  9  64  10  10  11  23  12  36  13  86  14  57
  0  38  1  16  2  97  3  16  4  31  5  45  6  45  7  94  8  20  9  85  10  47  11  60  12  17  13  65  14  79
  0  88  1  24  2  81  3  52  4  59  5  52  6  30  7  73  8  35  9  57  10  74  11  84  12  79  13  78  14  71
  0  68  1  7  2  19  3  98  4  97  5  66  6  24  7  66  8  73  9  4  10  38  11  99  12  49  13  64  14  35
  0  31  1  60  2  6  3  63  4  33  5  5  6  58  7  53  8  79  9  31  10  38  11  70  12  24  13  33  14  9
  0  15  1  29  2  75  3  39  4  3  5  78  6  70  7  3  8  82  9  69  10  3  11  34  12  52  13  56  14  70
  0  4  1  14  2  90  3  63  4  16  5  56  6  95  7  40  8  12  9  55  10  54  11  39  12  36  13  41  14  97
  0  49  1  27  2  67  3  35  4  27  5  94  6  85  7  61  8  27  9  26  10  89  11  12  12  96  13  38  14  21
  0  82  1  35  2  36  3  19  4  14  5  33  6  73  7  62  8  6  9  29  10  20  11  43  12  28  13  60  14  71
  0  70  1  28  2  90  3  65  4  84  5  57  6  40  7  89  8  41  9  64  10  50  11  86  12  86  13  37  14  62
  0  98  1  34  2  70  3  88  4  18  5  27  6  13  7  9  8  9  9  24  10  15  11  16  12  35  13  64  14  65
  0  99  1  12  2  89  3  15  4  37  5  58  6  19  7  98  8  26  9  21  10  30  11  23  12  93  13  84  14  73
  0  78  1  54  2  22  3  16  4  74  5  93  6  9  7  18  8  36  9  22  10  31  11  66  12  87  13  13  14  59
  0  22  1  19  2  10  3  54  4  63  5  20  6  87  7  40  8  31  9  3  10  90  11  57  12  93  13  82  14  81
  0  77  1  6  2  57  3  71  4  41  5  22  6  15  7  36  8  68  9  83  10  71  11  5  12  22  13  97  14  3
  0  4  1  48  2  74  3  31  4  86  5  19  6  90  7  68  8  62  9  47  10  90  11  54  12  37  13  47  14  57
  0  6  1  5  2  67  3  99  4  86  5  59  6  18  7  43  8  74  9  19  10  60  11  22  12  47  13  80  14  45
  0  11  1  55  2  43  3  8  4  43  5  31  6  73  7  56  8  1  9  53  10  2  11  17  12  74  13  73  14  62
  0  15  1  28  2  66  3  30  4  13  5  28  6  66  7  8  8  38  9  99  10  1  11  69  12  46  13  38  14  29
  0  69  1  35  2  77  3  50  4  53  5  95  6  4  7  40  8  57  9  41  10  58  11  28  12  65  13  88  14  66
  0  23  1  59  2  59  3  96  4  54  5  89  6  23  7  20  8  85  9  50  10  15  11  48  12  6  13  32  14  92
  0  46  1  23  2  85  3  8  4  56  5  11  6  29  7  21  8  89  9  67  10  70  11  74  12  59  13  11  14  34
  0  4  1  60  2  2  3  15  4  60  5  35  6  73  7  89  8  57  9  63  10  24  11  69  12  89  13  74  14  65
  0  73  1  65  2  66  3  74  4  42  5  52  6  85  7  71  8  36  9  44  10  94  11  11  12  91  13  85  14  32
  0  84  1  10  2  6  3  56  4  48  5  13  6  69  7  1  8  41  9  4  10  27  11  7  12  47  13  89  14  28
  0  99  1  18  2  79  3  34  4  30  5  65  6  42  7  36  8  87  9  81  10  9  11  79  12  66  13  57  14  45
  0  28  1  39  2  95  3  13  4  37  5  62  6  42  7  32  8  17  9  32  10  88  11  76  12  96  13  51  14  14
  0  83  1  24  2  77  3  69  4  55  5  68  6  72  7  19  8  88  9  4  10  69  11  5  12  53  13  89  14  15
  0  83  1  97  2  84  3  74  4  56  5  84  6  44  7  93  8  1  9  46  10  11  11  51  12  61  13  25  14  79
  0  60  1  69  2  65  3  95  4  93  5  85  6  30  7  39  8  39  9  98  10  78  11  73  12  17  13  20  14  43
  0  90  1  5  2  55  3  65  4  62  5  66  6  40  7  88  8  74  9  74  10  78  11  24  12  34  13  61  14  19
  0  35  1  43  2  52  3  48  4  98  5  91  6  66  7  99  8  48  9  19  10  83  11  4  12  2  13  43  14  2
  0  18  1  26  2  49  3  58  4  25  5  7  6  95  7  74  8  86  9  6  10  76  11  37  12  73  13  30  14  47
  0  50  1  36  2  61  3  6  4  5  5  74  6  89  7  82  8  49  9  8  10  79  11  83  12  64  13  73  14  47
  0  85  1  77  2  4  3  18  4  85  5  59  6  38  7  27  8  47  9  92  10  98  11  38  12  1  13  20  14  18
  0  25  1  84  2  87  3  99  4  31  5  35  6  53  7  60  8  91  9  68  10  24  11  68  12  11  13  9  14  51
  0  88  1  95  2  50  3  81  4  97  5  5  6  67  7  44  8  27  9  75  10  3  11  46  12  43  13  11  14  99
  0  70  1  86  2  63  3  61  4  28  5  12  6  40  7  54  8  89  9  10  10  2  11  76  12  11  13  8  14  50
  0  72  1  20  2  67  3  27  4  64  5  32  6  34  7  44  8  19  9  11  10  12  11  47  12  78  13  93  14  51
  0  64  1  26  2  44  3  90  4  95  5  67  6  5  7  87  8  57  9  34  10  66  11  12  12  62  13  57  14  58
  0  12  1  26  2  53  3  55  4  64  5  12  6  31  7  31  8  61  9  63  10  13  11  15  12  5  13  84  14  13
  0  27  1  19  2  64  3  35  4  4  5  83  6  67  7  67  8  38  9  58  10  18  11  1  12  90  13  47  14  62
  0  91  1  49  2  35  3  86  4  32  5  47  6  78  7  21  8  28  9  64  10  39  11  59  12  73  13  67  14  4
  0  71  1  75  2  69  3  4  4  93  5  82  6  19  7  55  8  20  9  4  10  28  11  67  12  31  13  29  14  29
  0  86  1  35  2  83  3  99  4  91  5  1  6  92  7  95  8  44  9  17  10  13  11  98  12  46  13  99  14  78
  0  38  1  99  2  40  3  59  4  80  5  31  6  56  7  29  8  68  9  36  10  88  11  97  12  60  13  72  14  74
  0  45  1  6  2  86  3  60  4  66  5  58  6  64  7  59  8  17  9  10  10  34  11  58  12  18  13  84  14  71
  0  24  1  55  2  56  3  68  4  68  5  84  6  48  7  87  8  77  9  32  10  40  11  93  12  7  13  44  14  99
  0  46  1  95  2  30  3  3  4  94  5  61  6  99  7  7  8  94  9  69  10  91  11  3  12  64  13  99  14  52
  0  56  1  19  2  38  3  82  4  8  5  78  6  75  7  98  8  96  9  24  10  2  11  53  12  26  13  36  14  1
  0  16  1  97  2  74  3  14  4  13  5  60  6  48  7  8  8  66  9  58  10  93  11  63  12  5  13  97  14  84
  0  91  1  2  2  30  3  7  4  23  5  93  6  36  7  84  8  31  9  75  10  79  11  56  12  92  13  57  14  29
  0  12  1  92  2  61  3  86  4  59  5  19  6  75  7  74  8  71  9  16  10  80  11  61  12  33  13  90  14  43
  0  27  1  88  2  78  3  28  4  4  5  68  6  27  7  70  8  42  9  33  10  47  11  15  12  87  13  63  14  38
  0  6  1  59  2  5  3  99  4  7  5  81  6  12  7  67  8  52  9  3  10  80  11  44  12  79  13  94  14  48
  0  21  1  97  2  28  3  6  4  1  5  71  6  59  7  49  8  69  9  47  10  86  11  56  12  80  13  43  14  40
  0  90  1  42  2  67  3  33  4  41  5  36  6  54  7  80  8  63  9  91  10  28  11  57  12  77  13  98  14  29
  0  71  1  41  2  45  3  60  4  47  5  7  6  93  7  45  8  62  9  10  10  40  11  10  12  84  13  78  14  35
  0  15  1  92  2  44  3  31  4  8  5  77  6  85  7  9  8  81  9  64  10  55  11  89  12  40  13  10  14  55
  0  31  1  21  2  37  3  76  4  76  5  24  6  39  7  98  8  87  9  43  10  59  11  24  12  98  13  95  14  13
  0  12  1  58  2  8  3  31  4  96  5  52  6  96  7  23  8  41  9  22  10  44  11  97  12  43  13  32  14  75
  0  87  1  96  2  36  3  71  4  69  5  83  6  44  7  84  8  65  9  30  10  10  11  32  12  80  13  81  14  76
  0  93  1  4  2  56  3  46  4  31  5  75  6  83  7  70  8  6  9  13  10  48  11  74  12  75  13  26  14  98
  0  60  1  74  2  78  3  72  4  56  5  27  6  79  7  53  8  1  9  37  10  96  11  87  12  81  13  59  14  39
  0  85  1  72  2  45  3  47  4  5  5  36  6  16  7  78  8  5  9  73  10  6  11  95  12  90  13  59  14  81
  0  79  1  7  2  83  3  29  4  27  5  40  6  77  7  59  8  11  9  44  10  18  11  81  12  10  13  97  14  19
  0  45  1  31  2  50  3  59  4  42  5  91  6  34  7  13  8  22  9  25  10  24  11  69  12  71  13  27  14  87
  0  68  1  49  2  70  3  65  4  83  5  82  6  35  7  51  8  33  9  64  10  42  11  77  12  88  13  16  14  90
  0  25  1  35  2  87  3  35  4  9  5  77  6  28  7  44  8  14  9  6  10  36  11  32  12  69  13  84  14  77
  0  71  1  98  2  84  3  39  4  93  5  88  6  13  7  28  8  63  9  43  10  98  11  67  12  80  13  37  14  26
  0  41  1  33  2  72  3  37  4  62  5  13  6  5  7  38  8  97  9  67  10  2  11  90  12  69  13  53  14  33
  0  67  1  2  2  2  3  23  4  87  5  89  6  27  7  1  8  91  9  12  10  28  11  42  12  97  13  21  14  69
  0  72  1  62  2  61  3  37  4  84  5  27  6  20  7  8  8  97  9  23  10  98  11  84  12  44  13  87  14  63
  0  70  1  71  2  86  3  22  4  97  5  96  6  55  7  15  8  31  9  45  10  12  11  32  12  7  13  64  14  99
  0  99  1  84  2  96  3  52  4  80  5  12  6  43  7  4  8  88  9  47  10  60  11  85  12  29  13  73  14  76
  0  62  1  82  2  99  3  5  4  30  5  19  6  46  7  97  8  56  9  7  10  49  11  75  12  37  13  38  14  33
  0  16  1  16  2  10  3  32  4  87  5  67  6  4  7  74  8  68  9  61  10  73  11  42  12  79  13  47  14  39
  0  74  1  24  2  26  3  20  4  91  5  17  6  6  7  73  8  45  9  41  10  57  11  32  12  9  13  61  14  98
  0  31  1  96  2  89  3  6  4  81  5  54  6  86  7  3  8  38  9  50  10  22  11  87  12  54  13  83  14  56
  0  1  1  30  2  79  3  98  4  34  5  92  6  29  7  56  8  45  9  69  10  95  11  82  12  20  13  36  14  18
  0  85  1  1  2  62  3  48  4  70  5  72  6  71  7  25  8  97  9  72  10  93  11  69  12  2  13  65  14  89
  0  48  1  6  2  10  3  56  4  44  5  6  6  88  7  48  8  25  9  36  10  95  11  90  12  10  13  14  14  99
  0  39  1  68  2  45  3  16  4  36  5  93  6  30  7  66  8  64  9  49  10  91  11  12  12  80  13  74  14  47
  0  76  1  14  2  94  3  56  4  8  5  20  6  78  7  36  8  36  9  58  10  28  11  31  12  28  13  24  14  8
  0  70  1  50  2  39  3  36  4  52  5  88  6  9  7  98  8  29  9  82  10  69  11  66  12  2  13  75  14  11
  0  12  1  36  2  93  3  37  4  62  5  53  6  98  7  79  8  50  9  70  10  69  11  21  12  19  13  82  14  32
  0  58  1  15  2  23  3  18  4  11  5  76  6  31  7  31  8  85  9  85  10  19  11  59  12  24  13  50  14  25
  0  38  1  98  2  38  3  83  4  88  5  46  6  77  7  52  8  55  9  42  10  86  11  78  12  26  13  62  14  11
  0  95  1  18  2  81  3  66  4  82  5  46  6  3  7  32  8  21  9  29  10  26  11  34  12  38  13  82  14  91
  0  4  1  23  2  95  3  58  4  16  5  46  6  25  7  6  8  45  9  25  10  23  11  66  12  73  13  20  14  88
  0  33  1  50  2  39  3  16  4  84  5  5  6  99  7  71  8  43  9  25  10  76  11  37  12  40  13  83  14  17
  0  82  1  62  2  64  3  22  4  63  5  8  6  18  7  18  8  63  9  56  10  55  11  57  12  17  13  64  14  50
  0  42  1  85  2  12  3  17  4  44  5  78  6  61  7  80  8  62  9  28  10  36  11  62  12  64  13  78  14  90
  0  29  1  71  2  35  3  53  4  4  5  12  6  78  7  63  8  23  9  32  10  60  11  14  12  81  13  48  14  21
  0  98  1  18  2  83  3  90  4  3  5  21  6  9  7  75  8  6  9  52  10  1  11  44  12  60  13  31  14  65
  0  50  1  89  2  25  3  9  4  61  5  7  6  25  7  45  8  96  9  47  10  18  11  63  12  67  13  73  14  77
TPM
  0  2546  1  2546  2  2546  3  2546  4  2546  5  2546  6  2546  7  2546  8  2546  9  2546  10  2546  11  2546  12  2546  13  2546  14  2546
PMT
  0  6  1  45  2  40  3  18  4  35  5  11  6  20  7  4  8  47  9  49  10  7  11  42  12  40  13  22  14  37
  0  2  1  38  2  8  3  1  4  41  5  13  6  14  7  46  8  32  9  21  10  47  11  40  12  48  13  11  14  16
  0  2  1  40  2  37  3  27  4  40  5  9  6  8  7  22  8  38  9  28  10  12  11  31  12  39  13  26  14  4
  0  23  1  6  2  18  3  3  4  7  5  22  6  36  7  3  8  24  9  4  10  44  11  40  12  35  13  42  14  32
  0  29  1  46  2  26  3  8  4  40  5  2  6  6  7  18  8  14  9  32  10  2  11  37  12  44  13  47  14  3
  0  19  1  15  2  33  3  40  4  31  5  39  6  23  7  42  8  10  9  12  10  38  11  37  12  2  13  6  14  20
  0  42  1  15  2  31  3  44  4  21  5  40  6  41  7  3  8  22  9  12  10  47  11  20  12  13  13  4  14  20
  0  26  1  45  2  14  3  14  4  7  5  34  6  3  7  16  8  46  9  21  10  6  11  21  12  8  13  21  14  19
  0  20  1  22  2  5  3  6  4  33  5  26  6  36  7  33  8  27  9  49  10  49  11  35  12  3  13  36  14  42
  0  15  1  47  2  4  3  19  4  11  5  15  6  46  7  20  8  33  9  9  10  1  11  44  12  44  13  7  14  8
  0  43  1  32  2  22  3  18  4  41  5  17  6  17  7  6  8  11  9  20  10  37  11  44  12  23  13  11  14  13
  0  2  1  22  2  25  3  18  4  25  5  24  6  12  7  47  8  2  9  16  10  16  11  1  12  42  13  23  14  28
  0  39  1  33  2  6  3  40  4  30  5  49  6  18  7  17  8  37  9  44  10  20  11  28  12  22  13  27  14  5
  0  41  1  10  2  12  3  47  4  6  5  3  6  47  7  15  8  24  9  13  10  22  11  31  12  35  13  32  14  17
  0  44  1  33  2  33  3  4  4  22  5  11  6  45  7  14  8  49  9  26  10  17  11  3  12  29  13  23  14  37
  0  21  1  33  2  8  3  18  4  36  5  26  6  43  7  9  8  39  9  43  10  7  11  31  12  2  13  12  14  17
  0  49  1  2  2  22  3  20  4  49  5  12  6  21  7  25  8  2  9  22  10  3  11  19  12  48  13  35  14  41
  0  15  1  46  2  34  3  21  4  20  5  7  6  15  7  31  8  41  9  20  10  26  11  15  12  24  13  43  14  33
  0  42  1  27  2  7  3  12  4  43  5  26  6  40  7  21  8  43  9  32  10  13  11  42  12  44  13  24  14  44
  0  47  1  47  2  4  3  20  4  11  5  6  6  17  7  40  8  10  9  47  10  21  11  8  12  46  13  33  14  45
