100  10
  0  89  1  25  2  70  3  60  4  56  5  49  6  16  7  80  8  82  9  78
  0  66  1  33  2  14  3  11  4  42  5  27  6  47  7  22  8  25  9  63
  0  62  1  99  2  11  3  60  4  34  5  19  6  33  7  24  8  8  9  7
  0  99  1  46  2  38  3  19  4  86  5  52  6  99  7  6  8  95  9  99
  0  40  1  50  2  65  3  8  4  27  5  15  6  93  7  85  8  2  9  1
  0  11  1  59  2  61  3  42  4  6  5  47  6  13  7  67  8  9  9  9
  0  70  1  2  2  67  3  72  4  6  5  98  6  79  7  40  8  68  9  22
  0  62  1  82  2  15  3  16  4  78  5  7  6  40  7  30  8  44  9  54
  0  94  1  7  2  93  3  43  4  11  5  16  6  67  7  82  8  2  9  16
  0  58  1  13  2  79  3  81  4  25  5  58  6  24  7  2  8  64  9  82
  0  97  1  67  2  94  3  92  4  69  5  81  6  88  7  34  8  18  9  67
  0  81  1  64  2  13  3  61  4  13  5  3  6  91  7  14  8  84  9  96
  0  95  1  35  2  65  3  45  4  19  5  54  6  49  7  73  8  84  9  82
  0  57  1  48  2  62  3  5  4  42  5  79  6  83  7  29  8  30  9  54
  0  16  1  80  2  22  3  76  4  8  5  4  6  11  7  34  8  23  9  20
  0  23  1  5  2  6  3  64  4  66  5  73  6  62  7  74  8  43  9  23
  0  45  1  18  2  74  3  12  4  77  5  90  6  35  7  74  8  49  9  8
  0  91  1  87  2  73  3  71  4  5  5  87  6  93  7  95  8  31  9  41
  0  63  1  16  2  25  3  5  4  57  5  14  6  50  7  23  8  71  9  39
  0  37  1  43  2  29  3  4  4  37  5  56  6  95  7  80  8  77  9  90
  0  73  1  38  2  10  3  14  4  25  5  86  6  1  7  25  8  49  9  20
  0  18  1  36  2  11  3  76  4  8  5  75  6  86  7  62  8  54  9  75
  0  97  1  91  2  85  3  4  4  20  5  56  6  64  7  72  8  10  9  22
  0  52  1  24  2  75  3  10  4  75  5  68  6  89  7  16  8  3  9  51
  0  18  1  76  2  19  3  39  4  2  5  75  6  66  7  82  8  49  9  62
  0  69  1  71  2  82  3  23  4  73  5  8  6  70  7  13  8  78  9  60
  0  50  1  60  2  18  3  54  4  91  5  83  6  29  7  46  8  78  9  97
  0  32  1  58  2  6  3  88  4  81  5  78  6  13  7  78  8  74  9  68
  0  10  1  34  2  37  3  10  4  53  5  66  6  11  7  90  8  92  9  31
  0  4  1  26  2  88  3  33  4  8  5  45  6  70  7  90  8  63  9  1
  0  89  1  14  2  38  3  73  4  84  5  97  6  54  7  88  8  58  9  47
  0  78  1  64  2  49  3  68  4  53  5  47  6  30  7  2  8  32  9  19
  0  64  1  88  2  66  3  82  4  33  5  77  6  35  7  40  8  73  9  33
  0  25  1  40  2  12  3  90  4  93  5  56  6  88  7  67  8  89  9  14
  0  92  1  40  2  5  3  81  4  63  5  27  6  61  7  96  8  19  9  54
  0  99  1  95  2  29  3  82  4  91  5  53  6  33  7  23  8  87  9  67
  0  78  1  82  2  8  3  33  4  21  5  2  6  99  7  99  8  17  9  80
  0  40  1  5  2  9  3  9  4  52  5  13  6  60  7  42  8  59  9  30
  0  18  1  93  2  5  3  53  4  91  5  31  6  9  7  68  8  76  9  93
  0  29  1  38  2  76  3  79  4  60  5  6  6  84  7  64  8  85  9  29
  0  34  1  40  2  60  3  19  4  39  5  3  6  2  7  36  8  63  9  16
  0  94  1  78  2  12  3  37  4  62  5  58  6  22  7  73  8  48  9  66
  0  88  1  12  2  2  3  45  4  71  5  39  6  81  7  41  8  56  9  43
  0  3  1  1  2  66  3  70  4  5  5  26  6  53  7  64  8  5  9  12
  0  9  1  21  2  67  3  27  4  76  5  44  6  14  7  10  8  56  9  68
  0  41  1  90  2  36  3  91  4  23  5  65  6  83  7  41  8  22  9  80
  0  81  1  45  2  34  3  7  4  5  5  16  6  33  7  97  8  63  9  32
  0  94  1  81  2  48  3  99  4  30  5  23  6  73  7  21  8  30  9  41
  0  91  1  94  2  21  3  96  4  24  5  47  6  86  7  57  8  45  9  40
  0  84  1  24  2  92  3  26  4  86  5  70  6  5  7  39  8  2  9  18
  0  18  1  41  2  78  3  72  4  47  5  65  6  84  7  68  8  57  9  20
  0  5  1  17  2  89  3  52  4  22  5  44  6  95  7  82  8  64  9  63
  0  4  1  59  2  23  3  27  4  12  5  83  6  92  7  47  8  86  9  26
  0  72  1  76  2  5  3  20  4  40  5  90  6  84  7  2  8  86  9  24
  0  69  1  37  2  60  3  34  4  78  5  59  6  81  7  4  8  34  9  2
  0  3  1  8  2  21  3  91  4  43  5  6  6  52  7  62  8  14  9  28
  0  33  1  80  2  8  3  71  4  52  5  93  6  40  7  29  8  53  9  61
  0  41  1  10  2  41  3  16  4  46  5  25  6  47  7  58  8  36  9  51
  0  60  1  1  2  27  3  98  4  71  5  1  6  2  7  32  8  13  9  53
  0  36  1  34  2  91  3  29  4  70  5  9  6  27  7  82  8  16  9  61
  0  60  1  70  2  8  3  1  4  91  5  43  6  37  7  50  8  51  9  8
  0  26  1  71  2  37  3  72  4  36  5  27  6  44  7  22  8  7  9  37
  0  83  1  90  2  73  3  20  4  73  5  16  6  26  7  2  8  34  9  99
  0  81  1  43  2  28  3  21  4  94  5  32  6  30  7  52  8  34  9  9
  0  9  1  89  2  92  3  58  4  63  5  5  6  9  7  64  8  43  9  60
  0  18  1  8  2  43  3  56  4  66  5  73  6  55  7  8  8  42  9  71
  0  18  1  58  2  28  3  16  4  91  5  79  6  63  7  94  8  55  9  21
  0  66  1  28  2  3  3  5  4  77  5  10  6  78  7  81  8  97  9  67
  0  86  1  88  2  49  3  91  4  59  5  74  6  80  7  15  8  76  9  90
  0  85  1  48  2  62  3  63  4  21  5  1  6  99  7  80  8  25  9  40
  0  54  1  72  2  88  3  70  4  80  5  73  6  26  7  36  8  61  9  80
  0  34  1  75  2  5  3  53  4  61  5  91  6  88  7  17  8  9  9  97
  0  41  1  71  2  27  3  67  4  90  5  16  6  5  7  3  8  17  9  29
  0  45  1  75  2  3  3  75  4  82  5  31  6  52  7  38  8  82  9  51
  0  28  1  76  2  24  3  10  4  43  5  69  6  71  7  69  8  76  9  99
  0  72  1  8  2  16  3  76  4  39  5  76  6  63  7  13  8  98  9  11
  0  21  1  99  2  39  3  66  4  66  5  44  6  56  7  36  8  91  9  60
  0  94  1  80  2  36  3  38  4  50  5  74  6  62  7  23  8  44  9  44
  0  57  1  85  2  17  3  64  4  34  5  52  6  92  7  25  8  82  9  45
  0  1  1  95  2  3  3  40  4  73  5  35  6  1  7  39  8  43  9  47
  0  40  1  23  2  12  3  55  4  79  5  29  6  73  7  57  8  36  9  70
  0  97  1  93  2  57  3  80  4  15  5  19  6  91  7  67  8  63  9  75
  0  87  1  1  2  83  3  10  4  67  5  66  6  67  7  65  8  47  9  63
  0  5  1  57  2  98  3  28  4  83  5  15  6  93  7  10  8  31  9  28
  0  51  1  37  2  3  3  53  4  87  5  37  6  66  7  55  8  47  9  9
  0  28  1  96  2  57  3  61  4  96  5  90  6  37  7  64  8  90  9  93
  0  39  1  67  2  29  3  91  4  36  5  98  6  63  7  6  8  52  9  36
  0  35  1  40  2  11  3  21  4  78  5  16  6  50  7  54  8  95  9  92
  0  26  1  84  2  63  3  62  4  11  5  6  6  66  7  57  8  43  9  91
  0  66  1  18  2  97  3  48  4  31  5  9  6  81  7  77  8  3  9  84
  0  67  1  57  2  74  3  28  4  29  5  88  6  99  7  31  8  36  9  73
  0  57  1  79  2  16  3  24  4  49  5  59  6  4  7  7  8  96  9  12
  0  35  1  74  2  66  3  92  4  35  5  44  6  50  7  1  8  32  9  29
  0  58  1  12  2  91  3  20  4  17  5  12  6  38  7  76  8  88  9  9
  0  27  1  83  2  30  3  98  4  68  5  74  6  66  7  76  8  34  9  33
  0  65  1  40  2  74  3  10  4  17  5  30  6  49  7  42  8  55  9  92
  0  45  1  37  2  85  3  60  4  14  5  65  6  5  7  90  8  80  9  93
  0  23  1  15  2  90  3  18  4  18  5  67  6  2  7  6  8  96  9  15
  0  35  1  46  2  29  3  8  4  37  5  67  6  94  7  1  8  30  9  73
  0  39  1  40  2  46  3  5  4  43  5  7  6  65  7  29  8  57  9  51
TPM
  0  1446  1  1446  2  1446  3  1446  4  1446  5  1446  6  1446  7  1446  8  1446  9  1446
PMT
  0  4  1  5  2  7  3  18  4  21  5  14  6  14  7  8  8  23  9  2
  0  6  1  20  2  20  3  2  4  6  5  17  6  4  7  21  8  7  9  8
  0  13  1  4  2  6  3  9  4  5  5  14  6  22  7  10  8  4  9  11
  0  17  1  14  2  3  3  23  4  21  5  16  6  15  7  6  8  24  9  19
  0  23  1  21  2  9  3  23  4  22  5  18  6  13  7  13  8  2  9  17
  0  23  1  3  2  22  3  22  4  13  5  24  6  6  7  10  8  22  9  13
  0  17  1  9  2  4  3  16  4  15  5  12  6  6  7  8  8  12  9  21
