50  15
  0  75  1  66  2  59  3  58  4  81  5  53  6  7  7  14  8  69  9  56  10  17  11  35  12  17  13  26  14  3
  0  2  1  68  2  71  3  59  4  53  5  38  6  61  7  88  8  88  9  9  10  39  11  77  12  9  13  11  14  54
  0  15  1  83  2  90  3  13  4  72  5  19  6  96  7  21  8  85  9  39  10  30  11  71  12  11  13  18  14  54
  0  91  1  34  2  26  3  50  4  61  5  69  6  64  7  68  8  61  9  74  10  20  11  5  12  8  13  54  14  52
  0  14  1  98  2  47  3  93  4  28  5  67  6  9  7  33  8  45  9  10  10  34  11  9  12  17  13  52  14  92
  0  34  1  24  2  58  3  57  4  23  5  49  6  1  7  53  8  97  9  70  10  41  11  66  12  96  13  27  14  4
  0  72  1  11  2  51  3  21  4  96  5  11  6  53  7  96  8  92  9  55  10  1  11  17  12  16  13  86  14  43
  0  95  1  28  2  53  3  63  4  46  5  50  6  14  7  59  8  99  9  58  10  22  11  81  12  29  13  88  14  84
  0  89  1  43  2  95  3  42  4  1  5  46  6  72  7  34  8  40  9  7  10  43  11  22  12  15  13  49  14  67
  0  90  1  76  2  84  3  31  4  70  5  41  6  35  7  9  8  22  9  83  10  10  11  25  12  84  13  24  14  66
  0  37  1  99  2  66  3  29  4  32  5  31  6  72  7  63  8  9  9  62  10  70  11  42  12  75  13  40  14  27
  0  34  1  95  2  87  3  45  4  94  5  56  6  11  7  58  8  71  9  51  10  72  11  33  12  21  13  90  14  10
  0  1  1  10  2  78  3  12  4  88  5  56  6  37  7  87  8  10  9  26  10  58  11  94  12  33  13  89  14  98
  0  98  1  55  2  6  3  75  4  97  5  34  6  87  7  7  8  22  9  50  10  66  11  16  12  89  13  25  14  63
  0  87  1  95  2  98  3  28  4  49  5  40  6  46  7  7  8  12  9  50  10  88  11  49  12  92  13  33  14  26
  0  71  1  18  2  59  3  5  4  19  5  54  6  91  7  86  8  16  9  31  10  80  11  83  12  92  13  59  14  4
  0  85  1  3  2  45  3  19  4  86  5  5  6  56  7  57  8  84  9  51  10  99  11  83  12  17  13  17  14  6
  0  81  1  53  2  50  3  34  4  62  5  60  6  37  7  49  8  91  9  3  10  21  11  22  12  89  13  58  14  89
  0  60  1  42  2  48  3  48  4  84  5  33  6  17  7  38  8  76  9  87  10  9  11  52  12  92  13  78  14  37
  0  71  1  11  2  46  3  28  4  27  5  43  6  23  7  89  8  42  9  48  10  72  11  41  12  33  13  17  14  76
  0  8  1  58  2  19  3  36  4  56  5  46  6  25  7  67  8  24  9  41  10  58  11  4  12  81  13  58  14  26
  0  51  1  23  2  25  3  42  4  32  5  72  6  43  7  34  8  35  9  44  10  27  11  7  12  60  13  19  14  70
  0  1  1  98  2  97  3  66  4  52  5  19  6  58  7  79  8  80  9  27  10  26  11  38  12  18  13  35  14  23
  0  8  1  82  2  46  3  82  4  48  5  53  6  47  7  13  8  78  9  95  10  67  11  59  12  1  13  55  14  32
  0  10  1  43  2  1  3  38  4  27  5  43  6  1  7  24  8  13  9  74  10  59  11  96  12  23  13  71  14  45
  0  57  1  11  2  29  3  86  4  34  5  55  6  79  7  19  8  3  9  86  10  52  11  9  12  66  13  50  14  83
  0  91  1  16  2  45  3  46  4  92  5  3  6  27  7  83  8  23  9  85  10  82  11  93  12  65  13  33  14  98
  0  92  1  97  2  1  3  81  4  39  5  12  6  13  7  13  8  22  9  34  10  10  11  37  12  22  13  50  14  53
  0  18  1  14  2  83  3  92  4  15  5  67  6  95  7  29  8  61  9  46  10  99  11  43  12  43  13  40  14  1
  0  74  1  20  2  72  3  4  4  48  5  29  6  44  7  74  8  5  9  63  10  38  11  14  12  80  13  17  14  83
  0  92  1  29  2  45  3  41  4  69  5  95  6  67  7  82  8  74  9  77  10  27  11  52  12  32  13  34  14  73
  0  55  1  57  2  31  3  34  4  91  5  63  6  30  7  4  8  38  9  38  10  60  11  43  12  59  13  93  14  29
  0  86  1  74  2  3  3  67  4  95  5  30  6  60  7  7  8  8  9  55  10  39  11  37  12  54  13  90  14  38
  0  97  1  63  2  19  3  27  4  91  5  74  6  47  7  45  8  32  9  16  10  6  11  9  12  56  13  24  14  79
  0  28  1  72  2  11  3  69  4  44  5  21  6  20  7  58  8  34  9  61  10  99  11  39  12  46  13  23  14  6
  0  10  1  61  2  77  3  8  4  51  5  95  6  24  7  55  8  49  9  89  10  89  11  33  12  21  13  41  14  95
  0  10  1  55  2  94  3  27  4  67  5  81  6  75  7  19  8  47  9  18  10  41  11  47  12  63  13  78  14  94
  0  77  1  76  2  26  3  61  4  16  5  13  6  11  7  44  8  67  9  72  10  22  11  6  12  91  13  78  14  44
  0  34  1  10  2  38  3  10  4  88  5  14  6  39  7  66  8  49  9  66  10  91  11  17  12  3  13  2  14  77
  0  3  1  32  2  67  3  94  4  18  5  19  6  58  7  89  8  95  9  47  10  42  11  9  12  5  13  74  14  74
  0  36  1  28  2  30  3  53  4  77  5  27  6  27  7  51  8  17  9  14  10  16  11  44  12  49  13  75  14  7
  0  16  1  78  2  34  3  50  4  88  5  22  6  27  7  38  8  50  9  57  10  42  11  77  12  42  13  25  14  50
  0  46  1  32  2  46  3  13  4  19  5  10  6  32  7  58  8  47  9  63  10  98  11  56  12  18  13  13  14  2
  0  27  1  17  2  29  3  62  4  81  5  83  6  61  7  52  8  61  9  39  10  41  11  45  12  26  13  3  14  40
  0  68  1  24  2  42  3  4  4  7  5  27  6  34  7  89  8  35  9  18  10  7  11  73  12  90  13  63  14  95
  0  6  1  9  2  22  3  62  4  35  5  80  6  45  7  17  8  35  9  12  10  92  11  65  12  79  13  87  14  62
  0  82  1  83  2  66  3  9  4  53  5  83  6  74  7  89  8  57  9  28  10  56  11  81  12  81  13  6  14  10
  0  46  1  84  2  34  3  17  4  22  5  45  6  79  7  42  8  13  9  76  10  82  11  60  12  54  13  79  14  17
  0  28  1  6  2  76  3  97  4  32  5  96  6  41  7  19  8  64  9  9  10  12  11  87  12  96  13  93  14  70
  0  89  1  75  2  51  3  13  4  86  5  53  6  5  7  37  8  57  9  17  10  60  11  34  12  5  13  89  14  46
TPM
  0  1039  1  1039  2  1039  3  1039  4  1039  5  1039  6  1039  7  1039  8  1039  9  1039  10  1039  11  1039  12  1039  13  1039  14  1039
PMT
  0  64  1  6  2  17  3  49  4  37  5  83  6  58  7  98  8  38  9  5  10  46  11  79  12  68  13  58  14  87
  0  60  1  91  2  51  3  19  4  68  5  8  6  28  7  29  8  60  9  79  10  17  11  30  12  54  13  9  14  30
  0  26  1  32  2  23  3  1  4  15  5  24  6  12  7  19  8  23  9  37  10  45  11  90  12  50  13  88  14  42
  0  55  1  98  2  50  3  84  4  22  5  78  6  22  7  88  8  99  9  38  10  93  11  85  12  56  13  63  14  50
  0  64  1  13  2  27  3  38  4  79  5  58  6  87  7  2  8  45  9  59  10  85  11  49  12  36  13  75  14  65
