100  15
  0  12  1  66  2  29  3  53  4  87  5  45  6  32  7  93  8  34  9  51  10  70  11  1  12  59  13  90  14  88
  0  12  1  39  2  60  3  88  4  74  5  25  6  98  7  91  8  97  9  95  10  15  11  90  12  60  13  54  14  13
  0  4  1  12  2  79  3  81  4  29  5  17  6  60  7  16  8  85  9  66  10  78  11  84  12  69  13  41  14  32
  0  73  1  71  2  97  3  97  4  49  5  27  6  17  7  74  8  32  9  3  10  34  11  77  12  81  13  44  14  43
  0  48  1  25  2  18  3  38  4  15  5  75  6  42  7  43  8  21  9  32  10  93  11  34  12  92  13  55  14  11
  0  58  1  25  2  54  3  51  4  12  5  9  6  42  7  68  8  18  9  17  10  26  11  12  12  20  13  24  14  58
  0  69  1  93  2  47  3  56  4  8  5  29  6  2  7  62  8  72  9  36  10  35  11  8  12  57  13  85  14  67
  0  10  1  63  2  86  3  52  4  97  5  89  6  45  7  59  8  54  9  37  10  80  11  4  12  35  13  25  14  81
  0  3  1  70  2  29  3  23  4  29  5  88  6  16  7  84  8  78  9  11  10  11  11  46  12  94  13  88  14  41
  0  34  1  96  2  3  3  36  4  57  5  6  6  51  7  60  8  57  9  86  10  62  11  45  12  54  13  17  14  46
  0  15  1  65  2  84  3  50  4  29  5  32  6  49  7  85  8  98  9  76  10  31  11  52  12  41  13  70  14  17
  0  51  1  74  2  11  3  74  4  96  5  75  6  96  7  55  8  44  9  51  10  78  11  78  12  98  13  93  14  31
  0  62  1  78  2  17  3  38  4  38  5  39  6  9  7  22  8  41  9  93  10  27  11  43  12  2  13  71  14  33
  0  50  1  46  2  7  3  49  4  66  5  99  6  59  7  69  8  25  9  44  10  90  11  66  12  9  13  77  14  53
  0  72  1  51  2  73  3  84  4  32  5  85  6  36  7  86  8  52  9  85  10  12  11  43  12  85  13  96  14  79
  0  14  1  47  2  72  3  55  4  1  5  24  6  74  7  67  8  70  9  44  10  61  11  95  12  85  13  22  14  21
  0  74  1  74  2  61  3  98  4  8  5  50  6  24  7  17  8  53  9  49  10  77  11  12  12  46  13  44  14  73
  0  17  1  10  2  81  3  31  4  68  5  41  6  9  7  18  8  26  9  79  10  16  11  64  12  16  13  7  14  8
  0  48  1  54  2  13  3  69  4  28  5  3  6  54  7  93  8  19  9  58  10  63  11  89  12  45  13  87  14  7
  0  93  1  4  2  56  3  84  4  34  5  24  6  17  7  28  8  40  9  16  10  34  11  36  12  86  13  33  14  96
  0  53  1  20  2  90  3  21  4  89  5  1  6  31  7  40  8  23  9  64  10  12  11  57  12  45  13  82  14  54
  0  90  1  30  2  69  3  2  4  37  5  52  6  90  7  52  8  38  9  67  10  37  11  69  12  32  13  40  14  85
  0  93  1  8  2  86  3  64  4  8  5  4  6  50  7  91  8  17  9  29  10  55  11  48  12  56  13  83  14  75
  0  6  1  41  2  97  3  32  4  31  5  9  6  50  7  9  8  26  9  32  10  3  11  37  12  76  13  89  14  73
  0  96  1  21  2  29  3  45  4  33  5  69  6  73  7  53  8  93  9  21  10  21  11  37  12  16  13  60  14  74
  0  25  1  36  2  48  3  83  4  79  5  4  6  23  7  81  8  58  9  5  10  74  11  69  12  22  13  40  14  64
  0  53  1  32  2  10  3  10  4  60  5  4  6  98  7  45  8  72  9  92  10  70  11  26  12  68  13  74  14  96
  0  49  1  49  2  89  3  8  4  5  5  95  6  3  7  12  8  71  9  86  10  93  11  40  12  26  13  57  14  56
  0  8  1  42  2  4  3  2  4  87  5  76  6  47  7  71  8  64  9  83  10  8  11  16  12  80  13  2  14  71
  0  96  1  18  2  99  3  29  4  7  5  72  6  80  7  34  8  27  9  2  10  84  11  9  12  59  13  67  14  31
  0  79  1  9  2  96  3  82  4  45  5  95  6  40  7  53  8  88  9  32  10  87  11  61  12  94  13  84  14  78
  0  3  1  34  2  7  3  25  4  24  5  27  6  27  7  17  8  84  9  92  10  11  11  94  12  55  13  45  14  30
  0  89  1  95  2  9  3  28  4  91  5  93  6  47  7  50  8  76  9  81  10  24  11  66  12  2  13  35  14  60
  0  32  1  67  2  38  3  48  4  50  5  88  6  71  7  20  8  20  9  27  10  38  11  3  12  4  13  86  14  58
  0  6  1  47  2  63  3  84  4  7  5  10  6  2  7  14  8  43  9  19  10  10  11  7  12  30  13  47  14  19
  0  47  1  50  2  63  3  6  4  78  5  94  6  20  7  9  8  23  9  46  10  74  11  90  12  66  13  37  14  56
  0  52  1  51  2  17  3  26  4  95  5  22  6  23  7  92  8  65  9  15  10  31  11  77  12  53  13  87  14  23
  0  46  1  25  2  21  3  21  4  52  5  99  6  48  7  43  8  54  9  9  10  90  11  13  12  2  13  95  14  5
  0  6  1  9  2  43  3  73  4  17  5  51  6  44  7  86  8  96  9  63  10  45  11  2  12  71  13  22  14  22
  0  85  1  59  2  27  3  84  4  63  5  43  6  42  7  9  8  33  9  53  10  34  11  43  12  21  13  87  14  32
  0  35  1  96  2  61  3  99  4  85  5  49  6  60  7  75  8  20  9  17  10  58  11  51  12  31  13  12  14  90
  0  67  1  33  2  73  3  34  4  52  5  38  6  64  7  3  8  48  9  45  10  74  11  72  12  89  13  88  14  94
  0  3  1  17  2  1  3  90  4  90  5  62  6  82  7  84  8  15  9  25  10  84  11  10  12  23  13  33  14  39
  0  16  1  78  2  50  3  5  4  29  5  78  6  75  7  2  8  96  9  99  10  56  11  69  12  72  13  39  14  92
  0  49  1  21  2  55  3  28  4  86  5  45  6  23  7  25  8  15  9  67  10  60  11  94  12  51  13  19  14  99
  0  29  1  14  2  18  3  89  4  27  5  56  6  40  7  67  8  49  9  70  10  14  11  47  12  20  13  96  14  84
  0  78  1  63  2  58  3  47  4  6  5  56  6  87  7  28  8  25  9  12  10  40  11  70  12  94  13  50  14  84
  0  55  1  83  2  6  3  25  4  52  5  40  6  74  7  10  8  3  9  13  10  20  11  14  12  55  13  72  14  66
  0  92  1  28  2  6  3  65  4  72  5  48  6  79  7  13  8  3  9  11  10  3  11  42  12  91  13  46  14  25
  0  27  1  1  2  87  3  58  4  75  5  66  6  88  7  13  8  90  9  89  10  18  11  64  12  29  13  78  14  42
  0  17  1  90  2  74  3  73  4  26  5  8  6  76  7  36  8  66  9  32  10  30  11  75  12  3  13  30  14  77
  0  34  1  76  2  31  3  67  4  45  5  99  6  94  7  64  8  30  9  53  10  91  11  18  12  95  13  12  14  14
  0  86  1  77  2  38  3  59  4  11  5  54  6  31  7  45  8  81  9  54  10  18  11  65  12  69  13  13  14  9
  0  86  1  86  2  53  3  87  4  39  5  6  6  13  7  69  8  66  9  65  10  9  11  72  12  15  13  22  14  56
  0  85  1  8  2  39  3  47  4  5  5  9  6  22  7  59  8  6  9  78  10  26  11  76  12  51  13  84  14  24
  0  19  1  45  2  15  3  80  4  7  5  8  6  97  7  85  8  32  9  20  10  37  11  47  12  93  13  44  14  20
  0  30  1  25  2  52  3  37  4  13  5  21  6  99  7  46  8  78  9  34  10  21  11  51  12  73  13  14  14  48
  0  85  1  95  2  98  3  73  4  17  5  99  6  80  7  6  8  24  9  29  10  4  11  92  12  2  13  11  14  83
  0  6  1  84  2  70  3  35  4  20  5  26  6  59  7  51  8  22  9  49  10  6  11  83  12  36  13  56  14  15
  0  7  1  53  2  78  3  90  4  66  5  95  6  87  7  59  8  42  9  59  10  6  11  12  12  87  13  17  14  96
  0  86  1  13  2  60  3  7  4  74  5  30  6  35  7  91  8  9  9  72  10  84  11  64  12  78  13  71  14  3
  0  29  1  67  2  30  3  76  4  1  5  15  6  40  7  52  8  18  9  53  10  43  11  64  12  99  13  58  14  98
  0  12  1  7  2  30  3  47  4  73  5  7  6  74  7  56  8  81  9  49  10  67  11  3  12  11  13  10  14  22
  0  16  1  57  2  49  3  75  4  89  5  90  6  4  7  76  8  50  9  23  10  94  11  50  12  19  13  27  14  34
  0  47  1  13  2  87  3  60  4  24  5  83  6  76  7  22  8  4  9  74  10  84  11  7  12  18  13  43  14  44
  0  73  1  16  2  96  3  30  4  46  5  9  6  27  7  34  8  62  9  86  10  33  11  27  12  99  13  96  14  84
  0  70  1  7  2  6  3  60  4  39  5  32  6  75  7  55  8  63  9  14  10  99  11  48  12  8  13  68  14  19
  0  75  1  36  2  14  3  88  4  49  5  36  6  88  7  65  8  14  9  7  10  72  11  55  12  31  13  23  14  10
  0  14  1  41  2  31  3  87  4  16  5  32  6  54  7  42  8  20  9  25  10  92  11  61  12  97  13  50  14  53
  0  35  1  6  2  66  3  55  4  60  5  22  6  67  7  82  8  96  9  68  10  56  11  75  12  49  13  95  14  98
  0  7  1  96  2  2  3  70  4  59  5  15  6  9  7  75  8  8  9  54  10  21  11  90  12  85  13  65  14  37
  0  62  1  62  2  1  3  91  4  66  5  85  6  11  7  48  8  3  9  63  10  31  11  67  12  93  13  69  14  26
  0  22  1  92  2  14  3  29  4  36  5  38  6  19  7  97  8  68  9  94  10  65  11  78  12  66  13  81  14  31
  0  46  1  57  2  72  3  15  4  55  5  65  6  5  7  22  8  36  9  52  10  63  11  63  12  99  13  40  14  95
  0  81  1  60  2  51  3  82  4  21  5  68  6  68  7  92  8  87  9  15  10  30  11  54  12  79  13  70  14  70
  0  61  1  78  2  44  3  2  4  76  5  32  6  85  7  91  8  98  9  75  10  74  11  70  12  18  13  55  14  57
  0  89  1  66  2  70  3  28  4  99  5  43  6  41  7  74  8  28  9  64  10  59  11  18  12  79  13  75  14  93
  0  32  1  75  2  24  3  42  4  21  5  13  6  80  7  72  8  71  9  14  10  43  11  70  12  37  13  89  14  90
  0  2  1  1  2  46  3  44  4  57  5  25  6  86  7  58  8  28  9  99  10  20  11  67  12  40  13  26  14  56
  0  36  1  38  2  9  3  50  4  98  5  2  6  58  7  35  8  94  9  32  10  89  11  48  12  20  13  45  14  3
  0  49  1  64  2  53  3  73  4  64  5  96  6  28  7  68  8  33  9  18  10  73  11  93  12  25  13  98  14  50
  0  29  1  49  2  73  3  35  4  92  5  87  6  46  7  99  8  56  9  15  10  39  11  49  12  11  13  92  14  91
  0  53  1  24  2  39  3  79  4  51  5  66  6  29  7  28  8  33  9  93  10  62  11  20  12  10  13  1  14  4
  0  38  1  25  2  88  3  99  4  81  5  93  6  19  7  10  8  61  9  43  10  40  11  2  12  42  13  99  14  4
  0  17  1  4  2  60  3  21  4  3  5  34  6  24  7  13  8  49  9  72  10  86  11  60  12  96  13  73  14  6
  0  59  1  88  2  46  3  13  4  36  5  2  6  14  7  14  8  70  9  65  10  68  11  3  12  49  13  43  14  39
  0  97  1  28  2  69  3  84  4  47  5  84  6  32  7  85  8  90  9  92  10  61  11  99  12  65  13  44  14  61
  0  90  1  72  2  6  3  92  4  69  5  75  6  71  7  99  8  78  9  82  10  75  11  27  12  30  13  15  14  48
  0  91  1  73  2  97  3  43  4  75  5  47  6  9  7  76  8  74  9  47  10  58  11  31  12  28  13  9  14  12
  0  44  1  84  2  95  3  57  4  68  5  4  6  35  7  91  8  68  9  87  10  45  11  76  12  6  13  97  14  36
  0  76  1  19  2  99  3  95  4  92  5  2  6  36  7  84  8  54  9  28  10  25  11  90  12  24  13  97  14  37
  0  34  1  32  2  77  3  94  4  16  5  48  6  73  7  86  8  54  9  51  10  67  11  16  12  38  13  63  14  78
  0  4  1  13  2  51  3  65  4  22  5  65  6  15  7  50  8  29  9  74  10  7  11  43  12  33  13  46  14  73
  0  10  1  7  2  42  3  97  4  83  5  21  6  91  7  72  8  42  9  82  10  20  11  58  12  80  13  82  14  42
  0  96  1  59  2  99  3  18  4  68  5  11  6  14  7  49  8  35  9  33  10  9  11  76  12  3  13  92  14  98
  0  99  1  80  2  26  3  77  4  32  5  41  6  21  7  95  8  67  9  94  10  90  11  8  12  9  13  34  14  92
  0  37  1  98  2  22  3  55  4  66  5  42  6  17  7  1  8  32  9  22  10  63  11  89  12  8  13  33  14  92
  0  20  1  72  2  97  3  10  4  54  5  19  6  37  7  61  8  68  9  51  10  97  11  20  12  29  13  59  14  80
  0  9  1  54  2  84  3  6  4  70  5  20  6  10  7  9  8  53  9  96  10  37  11  64  12  50  13  52  14  32
  0  69  1  43  2  38  3  58  4  44  5  13  6  46  7  27  8  21  9  22  10  26  11  23  12  42  13  92  14  65
TPM
  0  1131  1  1131  2  1131  3  1131  4  1131  5  1131  6  1131  7  1131  8  1131  9  1131  10  1131  11  1131  12  1131  13  1131  14  1131
PMT
  0  5  1  56  2  24  3  67  4  57  5  16  6  50  7  40  8  49  9  56  10  72  11  64  12  66  13  51  14  62
  0  39  1  49  2  71  3  25  4  23  5  9  6  72  7  25  8  73  9  17  10  61  11  35  12  10  13  35  14  52
  0  71  1  1  2  71  3  15  4  48  5  70  6  15  7  44  8  17  9  74  10  68  11  22  12  23  13  54  14  36
  0  24  1  66  2  10  3  53  4  1  5  41  6  38  7  27  8  58  9  1  10  40  11  41  12  38  13  22  14  52
  0  46  1  45  2  37  3  24  4  39  5  15  6  61  7  21  8  52  9  68  10  27  11  37  12  58  13  70  14  2
  0  60  1  60  2  44  3  27  4  41  5  62  6  44  7  13  8  18  9  69  10  47  11  27  12  72  13  74  14  67
  0  16  1  43  2  5  3  71  4  14  5  40  6  58  7  50  8  53  9  21  10  28  11  38  12  73  13  28  14  26
  0  18  1  17  2  42  3  37  4  49  5  21  6  69  7  13  8  22  9  29  10  32  11  66  12  63  13  36  14  48
  0  44  1  73  2  33  3  41  4  16  5  51  6  73  7  39  8  35  9  26  10  29  11  73  12  60  13  18  14  65
