100  10
  0  12  1  36  2  4  3  63  4  5  5  70  6  21  7  29  8  25  9  67
  0  70  1  91  2  76  3  78  4  6  5  29  6  2  7  58  8  88  9  20
  0  37  1  45  2  4  3  62  4  10  5  53  6  34  7  84  8  25  9  75
  0  3  1  14  2  7  3  9  4  26  5  66  6  6  7  63  8  31  9  87
  0  78  1  75  2  25  3  48  4  10  5  91  6  34  7  65  8  28  9  53
  0  33  1  23  2  29  3  7  4  48  5  96  6  27  7  35  8  96  9  17
  0  70  1  70  2  87  3  17  4  20  5  31  6  20  7  55  8  58  9  5
  0  31  1  6  2  81  3  68  4  85  5  55  6  1  7  7  8  22  9  62
  0  38  1  80  2  77  3  46  4  12  5  51  6  70  7  26  8  38  9  68
  0  12  1  28  2  85  3  69  4  62  5  21  6  81  7  53  8  74  9  58
  0  30  1  19  2  73  3  32  4  8  5  2  6  65  7  66  8  52  9  21
  0  92  1  13  2  35  3  36  4  49  5  8  6  9  7  86  8  49  9  28
  0  60  1  29  2  7  3  39  4  6  5  30  6  49  7  21  8  14  9  70
  0  4  1  32  2  52  3  49  4  11  5  20  6  69  7  24  8  54  9  18
  0  79  1  99  2  17  3  67  4  9  5  64  6  99  7  57  8  9  9  43
  0  63  1  84  2  52  3  90  4  83  5  50  6  76  7  78  8  21  9  72
  0  28  1  22  2  48  3  69  4  20  5  59  6  99  7  34  8  18  9  82
  0  19  1  27  2  13  3  82  4  21  5  34  6  41  7  53  8  8  9  78
  0  62  1  67  2  93  3  88  4  9  5  22  6  23  7  48  8  61  9  13
  0  3  1  87  2  24  3  96  4  75  5  93  6  92  7  32  8  95  9  44
  0  45  1  17  2  99  3  96  4  96  5  75  6  78  7  80  8  1  9  36
  0  80  1  86  2  88  3  30  4  23  5  40  6  66  7  85  8  80  9  1
  0  36  1  99  2  72  3  37  4  89  5  23  6  79  7  63  8  93  9  71
  0  57  1  29  2  79  3  65  4  19  5  9  6  88  7  56  8  19  9  30
  0  46  1  92  2  49  3  30  4  65  5  19  6  35  7  46  8  98  9  41
  0  88  1  56  2  91  3  78  4  56  5  48  6  4  7  79  8  81  9  67
  0  11  1  3  2  44  3  74  4  90  5  58  6  71  7  32  8  60  9  75
  0  20  1  64  2  23  3  45  4  73  5  90  6  38  7  44  8  15  9  21
  0  19  1  43  2  55  3  50  4  30  5  57  6  34  7  7  8  32  9  87
  0  27  1  28  2  94  3  70  4  17  5  75  6  86  7  23  8  29  9  16
  0  98  1  49  2  12  3  25  4  70  5  65  6  37  7  82  8  15  9  36
  0  50  1  88  2  80  3  42  4  68  5  97  6  71  7  14  8  39  9  57
  0  32  1  14  2  90  3  3  4  61  5  40  6  40  7  33  8  14  9  81
  0  40  1  93  2  5  3  67  4  76  5  7  6  11  7  67  8  53  9  52
  0  69  1  45  2  30  3  78  4  73  5  81  6  89  7  98  8  48  9  98
  0  51  1  1  2  46  3  72  4  71  5  77  6  90  7  96  8  76  9  57
  0  58  1  52  2  33  3  78  4  90  5  89  6  48  7  67  8  61  9  11
  0  60  1  79  2  37  3  41  4  44  5  31  6  29  7  2  8  56  9  33
  0  5  1  31  2  7  3  96  4  12  5  19  6  97  7  76  8  25  9  45
  0  93  1  64  2  46  3  47  4  7  5  69  6  87  7  45  8  13  9  19
  0  25  1  2  2  23  3  77  4  19  5  15  6  83  7  91  8  17  9  39
  0  85  1  67  2  4  3  99  4  91  5  62  6  49  7  57  8  23  9  51
  0  73  1  13  2  57  3  82  4  40  5  75  6  42  7  49  8  35  9  33
  0  6  1  32  2  93  3  91  4  32  5  91  6  79  7  78  8  42  9  15
  0  46  1  24  2  68  3  48  4  19  5  65  6  43  7  72  8  72  9  37
  0  25  1  89  2  7  3  45  4  38  5  42  6  44  7  40  8  93  9  79
  0  92  1  24  2  15  3  37  4  49  5  75  6  8  7  99  8  47  9  62
  0  16  1  62  2  63  3  83  4  74  5  6  6  38  7  58  8  49  9  59
  0  81  1  51  2  12  3  11  4  61  5  10  6  7  7  85  8  99  9  40
  0  92  1  8  2  28  3  59  4  81  5  20  6  63  7  94  8  92  9  14
  0  17  1  19  2  99  3  4  4  57  5  38  6  47  7  53  8  65  9  78
  0  51  1  14  2  67  3  39  4  17  5  68  6  37  7  92  8  34  9  60
  0  89  1  69  2  48  3  63  4  28  5  48  6  95  7  24  8  94  9  37
  0  59  1  76  2  43  3  20  4  92  5  18  6  51  7  5  8  10  9  85
  0  16  1  97  2  42  3  84  4  10  5  84  6  97  7  47  8  97  9  1
  0  94  1  25  2  33  3  17  4  45  5  59  6  90  7  73  8  2  9  53
  0  92  1  34  2  5  3  65  4  48  5  58  6  93  7  89  8  12  9  95
  0  60  1  82  2  21  3  56  4  64  5  78  6  76  7  18  8  42  9  64
  0  71  1  62  2  64  3  43  4  90  5  68  6  45  7  88  8  28  9  84
  0  93  1  67  2  95  3  62  4  54  5  89  6  16  7  46  8  4  9  12
  0  43  1  19  2  72  3  6  4  26  5  66  6  15  7  57  8  25  9  13
  0  62  1  71  2  50  3  26  4  20  5  85  6  59  7  5  8  86  9  31
  0  68  1  5  2  16  3  83  4  30  5  46  6  58  7  91  8  97  9  17
  0  27  1  85  2  87  3  76  4  98  5  98  6  89  7  11  8  38  9  45
  0  3  1  92  2  97  3  52  4  89  5  58  6  40  7  34  8  77  9  99
  0  82  1  47  2  51  3  26  4  68  5  78  6  12  7  52  8  94  9  46
  0  5  1  24  2  66  3  21  4  27  5  67  6  66  7  88  8  83  9  40
  0  35  1  21  2  44  3  20  4  14  5  24  6  11  7  48  8  4  9  75
  0  22  1  25  2  26  3  79  4  32  5  10  6  99  7  84  8  47  9  94
  0  66  1  62  2  14  3  41  4  28  5  34  6  83  7  84  8  80  9  85
  0  96  1  76  2  54  3  21  4  74  5  8  6  3  7  34  8  97  9  6
  0  93  1  7  2  9  3  46  4  83  5  54  6  80  7  88  8  10  9  93
  0  30  1  32  2  6  3  79  4  68  5  61  6  20  7  48  8  17  9  16
  0  21  1  82  2  29  3  15  4  96  5  42  6  8  7  11  8  84  9  67
  0  98  1  59  2  91  3  29  4  91  5  25  6  1  7  82  8  78  9  66
  0  52  1  55  2  43  3  68  4  69  5  71  6  72  7  99  8  50  9  97
  0  26  1  46  2  46  3  54  4  95  5  17  6  17  7  37  8  47  9  32
  0  4  1  36  2  27  3  57  4  84  5  55  6  65  7  17  8  96  9  54
  0  24  1  17  2  30  3  76  4  58  5  51  6  40  7  45  8  95  9  91
  0  30  1  22  2  50  3  55  4  90  5  60  6  26  7  16  8  20  9  16
  0  83  1  17  2  33  3  90  4  57  5  71  6  57  7  5  8  61  9  76
  0  70  1  44  2  28  3  81  4  98  5  21  6  39  7  77  8  30  9  40
  0  71  1  90  2  70  3  68  4  65  5  17  6  65  7  40  8  63  9  17
  0  59  1  48  2  97  3  59  4  69  5  10  6  31  7  90  8  98  9  4
  0  54  1  48  2  94  3  11  4  16  5  76  6  65  7  13  8  33  9  85
  0  74  1  28  2  97  3  72  4  86  5  93  6  89  7  1  8  56  9  19
  0  64  1  91  2  46  3  59  4  61  5  95  6  40  7  7  8  52  9  25
  0  96  1  86  2  52  3  76  4  21  5  94  6  27  7  84  8  88  9  31
  0  82  1  61  2  37  3  13  4  35  5  33  6  93  7  61  8  78  9  73
  0  28  1  4  2  2  3  86  4  37  5  35  6  31  7  10  8  96  9  29
  0  90  1  6  2  43  3  96  4  8  5  98  6  76  7  18  8  15  9  61
  0  79  1  15  2  15  3  36  4  9  5  33  6  10  7  87  8  7  9  42
  0  25  1  94  2  21  3  82  4  60  5  17  6  44  7  16  8  57  9  28
  0  16  1  55  2  77  3  83  4  31  5  83  6  8  7  48  8  64  9  86
  0  46  1  30  2  97  3  59  4  47  5  83  6  5  7  58  8  13  9  73
  0  45  1  16  2  64  3  20  4  52  5  30  6  39  7  65  8  31  9  4
  0  76  1  26  2  4  3  97  4  12  5  31  6  54  7  6  8  82  9  53
  0  65  1  90  2  4  3  87  4  58  5  19  6  86  7  26  8  70  9  93
  0  95  1  45  2  30  3  68  4  68  5  2  6  15  7  99  8  51  9  88
  0  10  1  55  2  14  3  21  4  91  5  99  6  52  7  38  8  8  9  30
TPM
  0  1270  1  1270  2  1270  3  1270  4  1270  5  1270  6  1270  7  1270  8  1270  9  1270
PMT
  0  72  1  29  2  27  3  1  4  61  5  73  6  19  7  5  8  22  9  23
  0  55  1  54  2  58  3  60  4  60  5  72  6  37  7  63  8  59  9  22
  0  20  1  9  2  35  3  63  4  64  5  58  6  28  7  30  8  18  9  13
  0  67  1  21  2  45  3  17  4  7  5  54  6  68  7  73  8  11  9  66
  0  45  1  6  2  8  3  50  4  30  5  58  6  16  7  2  8  44  9  10
  0  69  1  31  2  3  3  23  4  44  5  51  6  72  7  4  8  19  9  21
  0  13  1  1  2  73  3  62  4  12  5  15  6  71  7  31  8  41  9  70
  0  71  1  71  2  39  3  12  4  4  5  56  6  22  7  39  8  57  9  71
