50  5
  0  12  1  96  2  31  3  93  4  35
  0  41  1  3  2  8  3  97  4  28
  0  70  1  66  2  45  3  37  4  85
  0  13  1  12  2  54  3  66  4  43
  0  75  1  65  2  26  3  88  4  20
  0  69  1  99  2  12  3  6  4  5
  0  42  1  97  2  57  3  96  4  53
  0  80  1  34  2  88  3  85  4  70
  0  40  1  3  2  24  3  33  4  86
  0  37  1  33  2  59  3  22  4  6
  0  41  1  27  2  78  3  76  4  78
  0  24  1  12  2  57  3  94  4  15
  0  34  1  42  2  38  3  40  4  50
  0  14  1  59  2  99  3  67  4  62
  0  62  1  52  2  33  3  78  4  40
  0  25  1  9  2  14  3  48  4  43
  0  2  1  32  2  10  3  86  4  99
  0  75  1  60  2  51  3  85  4  43
  0  61  1  85  2  32  3  45  4  60
  0  4  1  95  2  62  3  63  4  9
  0  55  1  54  2  43  3  87  4  83
  0  85  1  21  2  38  3  30  4  50
  0  72  1  56  2  52  3  20  4  49
  0  95  1  42  2  67  3  32  4  59
  0  17  1  9  2  41  3  14  4  75
  0  79  1  75  2  8  3  38  4  52
  0  54  1  47  2  35  3  30  4  87
  0  70  1  91  2  5  3  94  4  2
  0  33  1  45  2  48  3  99  4  11
  0  54  1  13  2  9  3  24  4  27
  0  6  1  94  2  76  3  78  4  1
  0  19  1  3  2  32  3  51  4  82
  0  61  1  90  2  1  3  37  4  55
  0  26  1  9  2  48  3  44  4  58
  0  17  1  77  2  64  3  21  4  20
  0  81  1  58  2  12  3  31  4  66
  0  75  1  99  2  44  3  59  4  18
  0  24  1  33  2  55  3  19  4  8
  0  58  1  65  2  88  3  77  4  46
  0  82  1  78  2  44  3  71  4  31
  0  16  1  16  2  67  3  60  4  34
  0  20  1  33  2  16  3  10  4  68
  0  11  1  88  2  44  3  99  4  61
  0  16  1  89  2  61  3  57  4  7
  0  90  1  35  2  67  3  99  4  81
  0  11  1  10  2  73  3  84  4  63
  0  89  1  82  2  73  3  90  4  55
  0  77  1  19  2  3  3  35  4  29
  0  22  1  91  2  36  3  81  4  87
  0  14  1  25  2  84  3  25  4  53
TPM
  0  913  1  913  2  913  3  913  4  913
PMT
  0  10  1  47  2  25  3  30  4  26
  0  20  1  21  2  40  3  44  4  40
  0  31  1  14  2  16  3  14  4  35
  0  21  1  8  2  44  3  28  4  26
  0  37  1  26  2  45  3  23  4  32
  0  15  1  40  2  49  3  27  4  21
