500  20
  0  41  1  65  2  41  3  18  4  56  5  36  6  68  7  92  8  53  9  75  10  41  11  37  12  31  13  67  14  28  15  11  16  73  17  95  18  78  19  82
  0  96  1  1  2  83  3  24  4  83  5  51  6  98  7  53  8  54  9  68  10  35  11  5  12  32  13  69  14  36  15  3  16  17  17  19  18  29  19  38
  0  85  1  20  2  18  3  74  4  61  5  66  6  35  7  52  8  34  9  39  10  83  11  57  12  31  13  33  14  41  15  63  16  47  17  31  18  97  19  80
  0  6  1  67  2  49  3  61  4  97  5  54  6  76  7  39  8  20  9  47  10  75  11  23  12  27  13  88  14  19  15  47  16  38  17  55  18  65  19  62
  0  83  1  80  2  45  3  26  4  86  5  49  6  99  7  4  8  99  9  73  10  37  11  19  12  45  13  2  14  29  15  88  16  39  17  18  18  90  19  44
  0  89  1  28  2  87  3  23  4  95  5  59  6  71  7  74  8  96  9  91  10  40  11  37  12  44  13  17  14  77  15  46  16  95  17  93  18  13  19  98
  0  52  1  31  2  6  3  2  4  87  5  39  6  46  7  39  8  49  9  3  10  29  11  68  12  15  13  91  14  44  15  21  16  48  17  6  18  76  19  58
  0  83  1  4  2  34  3  31  4  26  5  87  6  21  7  10  8  52  9  28  10  36  11  13  12  56  13  48  14  70  15  48  16  63  17  15  18  26  19  20
  0  6  1  96  2  72  3  93  4  46  5  84  6  25  7  9  8  80  9  94  10  16  11  84  12  62  13  87  14  72  15  56  16  29  17  79  18  43  19  41
  0  16  1  38  2  24  3  16  4  4  5  66  6  74  7  60  8  17  9  39  10  44  11  98  12  80  13  34  14  26  15  36  16  2  17  77  18  13  19  86
  0  29  1  91  2  43  3  19  4  9  5  11  6  31  7  83  8  42  9  24  10  39  11  97  12  11  13  27  14  36  15  86  16  24  17  22  18  37  19  21
  0  7  1  87  2  28  3  97  4  30  5  94  6  22  7  45  8  61  9  59  10  92  11  62  12  66  13  54  14  92  15  14  16  12  17  13  18  38  19  41
  0  42  1  96  2  28  3  69  4  24  5  19  6  33  7  11  8  84  9  47  10  53  11  97  12  3  13  11  14  56  15  99  16  2  17  1  18  18  19  1
  0  68  1  39  2  49  3  50  4  7  5  38  6  72  7  1  8  76  9  2  10  72  11  14  12  97  13  20  14  56  15  79  16  6  17  59  18  74  19  83
  0  95  1  67  2  96  3  41  4  93  5  26  6  59  7  45  8  33  9  24  10  1  11  19  12  32  13  46  14  69  15  72  16  3  17  91  18  68  19  97
  0  21  1  56  2  67  3  46  4  63  5  61  6  99  7  82  8  73  9  13  10  24  11  6  12  3  13  7  14  15  15  82  16  78  17  22  18  19  19  31
  0  48  1  77  2  82  3  45  4  26  5  33  6  42  7  62  8  45  9  61  10  44  11  4  12  77  13  24  14  4  15  40  16  85  17  32  18  56  19  67
  0  5  1  64  2  45  3  86  4  92  5  81  6  35  7  38  8  71  9  58  10  69  11  13  12  62  13  22  14  1  15  59  16  84  17  68  18  58  19  56
  0  65  1  85  2  37  3  98  4  92  5  27  6  17  7  54  8  96  9  92  10  55  11  55  12  44  13  21  14  6  15  45  16  88  17  5  18  58  19  5
  0  2  1  64  2  94  3  4  4  79  5  63  6  20  7  75  8  11  9  43  10  9  11  2  12  33  13  1  14  63  15  48  16  27  17  52  18  92  19  6
  0  21  1  43  2  47  3  1  4  1  5  8  6  72  7  7  8  57  9  85  10  63  11  65  12  12  13  40  14  33  15  75  16  91  17  52  18  33  19  37
  0  67  1  68  2  86  3  52  4  56  5  38  6  14  7  1  8  54  9  61  10  67  11  69  12  69  13  34  14  14  15  89  16  44  17  71  18  15  19  3
  0  1  1  27  2  6  3  81  4  57  5  56  6  71  7  55  8  80  9  84  10  57  11  24  12  84  13  77  14  87  15  70  16  82  17  24  18  59  19  84
  0  63  1  84  2  32  3  78  4  45  5  59  6  60  7  42  8  11  9  78  10  3  11  75  12  60  13  28  14  17  15  3  16  9  17  52  18  50  19  31
  0  18  1  2  2  38  3  47  4  54  5  20  6  9  7  25  8  99  9  79  10  42  11  14  12  57  13  22  14  26  15  23  16  37  17  57  18  21  19  11
  0  1  1  15  2  8  3  73  4  19  5  82  6  7  7  55  8  52  9  39  10  60  11  47  12  62  13  90  14  46  15  49  16  34  17  68  18  46  19  95
  0  33  1  21  2  86  3  84  4  53  5  45  6  42  7  51  8  24  9  12  10  54  11  81  12  78  13  89  14  6  15  53  16  95  17  80  18  57  19  53
  0  85  1  98  2  46  3  6  4  63  5  84  6  79  7  8  8  45  9  16  10  1  11  66  12  47  13  61  14  88  15  74  16  80  17  94  18  24  19  70
  0  76  1  53  2  47  3  71  4  71  5  29  6  71  7  79  8  51  9  6  10  33  11  91  12  21  13  81  14  1  15  67  16  59  17  58  18  63  19  32
  0  71  1  75  2  74  3  32  4  46  5  8  6  25  7  46  8  84  9  82  10  66  11  44  12  50  13  56  14  12  15  32  16  72  17  82  18  80  19  24
  0  83  1  39  2  70  3  48  4  85  5  10  6  70  7  48  8  76  9  37  10  47  11  65  12  62  13  79  14  67  15  91  16  74  17  63  18  45  19  43
  0  24  1  89  2  16  3  93  4  92  5  42  6  87  7  46  8  36  9  16  10  13  11  67  12  30  13  57  14  84  15  83  16  22  17  75  18  53  19  26
  0  31  1  87  2  9  3  81  4  32  5  80  6  86  7  54  8  12  9  26  10  78  11  92  12  72  13  69  14  72  15  98  16  40  17  76  18  40  19  32
  0  83  1  19  2  48  3  95  4  68  5  28  6  66  7  40  8  82  9  41  10  98  11  34  12  29  13  23  14  53  15  88  16  57  17  54  18  36  19  39
  0  81  1  88  2  29  3  5  4  17  5  44  6  84  7  96  8  15  9  68  10  62  11  37  12  99  13  2  14  67  15  7  16  12  17  20  18  83  19  46
  0  38  1  38  2  7  3  62  4  63  5  3  6  11  7  28  8  78  9  92  10  25  11  68  12  42  13  41  14  77  15  72  16  57  17  6  18  54  19  83
  0  33  1  76  2  72  3  45  4  31  5  90  6  54  7  3  8  18  9  93  10  81  11  9  12  71  13  71  14  30  15  61  16  19  17  30  18  39  19  73
  0  3  1  11  2  60  3  74  4  94  5  66  6  82  7  69  8  10  9  19  10  35  11  12  12  96  13  2  14  17  15  69  16  92  17  38  18  94  19  95
  0  79  1  6  2  79  3  22  4  78  5  13  6  72  7  37  8  66  9  54  10  20  11  30  12  97  13  44  14  53  15  98  16  75  17  43  18  76  19  57
  0  4  1  16  2  31  3  92  4  96  5  89  6  66  7  59  8  58  9  11  10  72  11  4  12  28  13  8  14  76  15  59  16  72  17  7  18  89  19  55
  0  68  1  70  2  66  3  38  4  97  5  46  6  17  7  88  8  64  9  48  10  72  11  73  12  81  13  1  14  99  15  93  16  16  17  34  18  20  19  94
  0  70  1  2  2  77  3  55  4  38  5  48  6  45  7  77  8  77  9  66  10  87  11  37  12  74  13  18  14  13  15  70  16  1  17  93  18  64  19  1
  0  75  1  49  2  55  3  45  4  1  5  47  6  47  7  43  8  23  9  72  10  4  11  89  12  32  13  20  14  98  15  83  16  18  17  68  18  37  19  19
  0  32  1  76  2  27  3  65  4  25  5  82  6  25  7  30  8  67  9  80  10  10  11  96  12  65  13  13  14  90  15  77  16  33  17  99  18  33  19  24
  0  77  1  86  2  69  3  88  4  13  5  95  6  27  7  32  8  20  9  6  10  78  11  5  12  91  13  91  14  16  15  75  16  48  17  93  18  90  19  55
  0  24  1  24  2  71  3  49  4  30  5  99  6  18  7  60  8  64  9  73  10  68  11  79  12  27  13  5  14  93  15  72  16  45  17  80  18  54  19  50
  0  32  1  95  2  73  3  43  4  22  5  36  6  18  7  65  8  62  9  28  10  28  11  16  12  59  13  59  14  67  15  38  16  1  17  65  18  54  19  65
  0  92  1  53  2  17  3  8  4  9  5  2  6  83  7  53  8  27  9  46  10  76  11  96  12  83  13  65  14  3  15  21  16  5  17  6  18  44  19  88
  0  72  1  7  2  80  3  17  4  29  5  43  6  17  7  49  8  51  9  61  10  93  11  49  12  33  13  94  14  91  15  68  16  50  17  94  18  68  19  74
  0  17  1  83  2  86  3  37  4  40  5  39  6  23  7  11  8  37  9  65  10  61  11  56  12  76  13  96  14  17  15  92  16  49  17  52  18  41  19  78
  0  93  1  33  2  6  3  49  4  12  5  22  6  58  7  76  8  65  9  49  10  8  11  13  12  41  13  5  14  84  15  45  16  10  17  36  18  67  19  66
  0  27  1  50  2  84  3  38  4  57  5  9  6  33  7  14  8  3  9  84  10  64  11  28  12  79  13  23  14  38  15  86  16  72  17  33  18  34  19  5
  0  59  1  73  2  85  3  81  4  88  5  42  6  67  7  4  8  36  9  69  10  45  11  26  12  98  13  68  14  82  15  61  16  90  17  99  18  53  19  80
  0  36  1  56  2  11  3  8  4  96  5  69  6  12  7  63  8  68  9  92  10  87  11  84  12  25  13  23  14  13  15  21  16  12  17  48  18  37  19  1
  0  5  1  51  2  44  3  9  4  90  5  94  6  74  7  12  8  38  9  73  10  25  11  27  12  57  13  6  14  7  15  37  16  75  17  3  18  29  19  68
  0  71  1  38  2  39  3  6  4  46  5  97  6  27  7  8  8  29  9  96  10  93  11  34  12  39  13  84  14  27  15  18  16  54  17  76  18  32  19  31
  0  52  1  75  2  26  3  22  4  42  5  90  6  78  7  41  8  84  9  52  10  65  11  69  12  64  13  75  14  60  15  15  16  92  17  42  18  93  19  51
  0  20  1  79  2  42  3  9  4  2  5  71  6  33  7  39  8  54  9  31  10  76  11  21  12  74  13  1  14  58  15  65  16  29  17  90  18  57  19  54
  0  30  1  41  2  73  3  19  4  45  5  83  6  75  7  16  8  26  9  48  10  2  11  92  12  30  13  11  14  86  15  37  16  94  17  7  18  78  19  41
  0  72  1  44  2  83  3  39  4  34  5  87  6  51  7  88  8  19  9  3  10  72  11  19  12  57  13  86  14  82  15  52  16  27  17  8  18  58  19  71
  0  94  1  51  2  70  3  6  4  69  5  24  6  34  7  40  8  57  9  81  10  56  11  75  12  2  13  75  14  78  15  3  16  51  17  18  18  59  19  59
  0  78  1  47  2  58  3  83  4  53  5  3  6  99  7  85  8  34  9  68  10  37  11  2  12  40  13  32  14  42  15  98  16  11  17  74  18  93  19  46
  0  70  1  82  2  36  3  75  4  50  5  51  6  38  7  85  8  34  9  22  10  65  11  75  12  39  13  61  14  46  15  6  16  42  17  98  18  7  19  21
  0  8  1  51  2  88  3  85  4  87  5  18  6  88  7  11  8  91  9  35  10  73  11  91  12  53  13  91  14  63  15  58  16  41  17  71  18  91  19  19
  0  79  1  73  2  78  3  67  4  93  5  8  6  73  7  51  8  86  9  79  10  62  11  42  12  3  13  15  14  43  15  57  16  55  17  80  18  6  19  15
  0  13  1  1  2  85  3  21  4  63  5  84  6  60  7  23  8  9  9  3  10  20  11  93  12  74  13  92  14  34  15  1  16  2  17  63  18  76  19  92
  0  88  1  44  2  3  3  14  4  85  5  89  6  80  7  13  8  49  9  38  10  18  11  18  12  41  13  88  14  42  15  84  16  96  17  35  18  26  19  54
  0  6  1  85  2  54  3  57  4  93  5  43  6  93  7  72  8  85  9  31  10  94  11  11  12  90  13  87  14  41  15  85  16  39  17  73  18  36  19  2
  0  63  1  51  2  75  3  55  4  6  5  31  6  59  7  44  8  90  9  10  10  36  11  15  12  94  13  29  14  79  15  15  16  2  17  37  18  46  19  11
  0  32  1  29  2  68  3  93  4  73  5  99  6  65  7  88  8  61  9  37  10  91  11  34  12  82  13  29  14  54  15  2  16  99  17  85  18  52  19  66
  0  19  1  71  2  43  3  55  4  54  5  12  6  29  7  30  8  53  9  28  10  6  11  80  12  91  13  99  14  38  15  39  16  55  17  67  18  40  19  38
  0  60  1  18  2  85  3  76  4  79  5  25  6  58  7  58  8  80  9  28  10  38  11  26  12  97  13  79  14  75  15  5  16  77  17  84  18  90  19  23
  0  89  1  18  2  15  3  75  4  78  5  4  6  47  7  49  8  95  9  70  10  10  11  32  12  62  13  27  14  3  15  55  16  17  17  36  18  17  19  64
  0  71  1  55  2  36  3  7  4  78  5  87  6  39  7  78  8  71  9  66  10  3  11  72  12  44  13  52  14  41  15  24  16  71  17  23  18  42  19  38
  0  92  1  84  2  90  3  50  4  5  5  46  6  84  7  52  8  46  9  8  10  87  11  87  12  56  13  82  14  67  15  99  16  53  17  43  18  14  19  71
  0  54  1  49  2  54  3  17  4  36  5  24  6  79  7  88  8  15  9  58  10  68  11  26  12  82  13  83  14  78  15  54  16  41  17  23  18  20  19  7
  0  7  1  28  2  52  3  31  4  86  5  47  6  53  7  3  8  55  9  90  10  60  11  64  12  63  13  92  14  87  15  48  16  75  17  67  18  51  19  61
  0  14  1  33  2  73  3  38  4  41  5  31  6  45  7  92  8  38  9  81  10  52  11  20  12  29  13  31  14  21  15  31  16  76  17  7  18  19  19  24
  0  53  1  70  2  13  3  20  4  46  5  29  6  94  7  21  8  62  9  66  10  4  11  70  12  40  13  88  14  9  15  12  16  84  17  91  18  38  19  91
  0  75  1  11  2  74  3  45  4  30  5  97  6  30  7  54  8  2  9  40  10  88  11  76  12  57  13  17  14  82  15  81  16  65  17  58  18  22  19  44
  0  83  1  48  2  13  3  74  4  29  5  87  6  23  7  89  8  64  9  22  10  83  11  63  12  49  13  73  14  32  15  98  16  19  17  52  18  41  19  3
  0  7  1  42  2  89  3  82  4  16  5  60  6  57  7  78  8  98  9  52  10  62  11  85  12  17  13  84  14  77  15  65  16  79  17  14  18  71  19  23
  0  76  1  75  2  82  3  3  4  67  5  1  6  22  7  51  8  91  9  66  10  45  11  9  12  96  13  34  14  51  15  73  16  16  17  25  18  2  19  21
  0  36  1  54  2  66  3  71  4  28  5  93  6  27  7  69  8  54  9  71  10  6  11  70  12  51  13  98  14  12  15  86  16  53  17  95  18  92  19  32
  0  33  1  53  2  56  3  41  4  42  5  52  6  2  7  85  8  85  9  34  10  58  11  2  12  82  13  75  14  32  15  85  16  72  17  40  18  14  19  44
  0  81  1  81  2  84  3  98  4  59  5  36  6  27  7  75  8  43  9  30  10  44  11  29  12  19  13  75  14  18  15  96  16  76  17  57  18  74  19  65
  0  89  1  1  2  43  3  97  4  57  5  98  6  11  7  68  8  93  9  31  10  20  11  80  12  51  13  90  14  63  15  83  16  13  17  27  18  59  19  10
  0  89  1  46  2  28  3  87  4  12  5  39  6  98  7  9  8  98  9  26  10  2  11  65  12  32  13  38  14  51  15  69  16  93  17  77  18  4  19  19
  0  26  1  21  2  52  3  1  4  20  5  61  6  1  7  6  8  59  9  4  10  15  11  18  12  56  13  58  14  47  15  11  16  66  17  96  18  93  19  43
  0  71  1  60  2  19  3  48  4  58  5  53  6  54  7  56  8  39  9  35  10  65  11  95  12  90  13  9  14  44  15  63  16  7  17  79  18  59  19  56
  0  88  1  96  2  78  3  7  4  23  5  50  6  56  7  59  8  23  9  43  10  26  11  96  12  21  13  78  14  62  15  82  16  50  17  47  18  97  19  84
  0  54  1  64  2  2  3  12  4  99  5  40  6  56  7  56  8  94  9  48  10  99  11  34  12  27  13  31  14  12  15  66  16  83  17  74  18  61  19  52
  0  13  1  22  2  43  3  99  4  37  5  22  6  68  7  44  8  30  9  17  10  8  11  61  12  14  13  30  14  69  15  41  16  54  17  5  18  75  19  2
  0  31  1  95  2  85  3  42  4  41  5  26  6  51  7  73  8  44  9  55  10  21  11  65  12  56  13  20  14  20  15  17  16  75  17  49  18  78  19  19
  0  58  1  55  2  83  3  76  4  9  5  65  6  76  7  13  8  42  9  36  10  15  11  54  12  29  13  64  14  82  15  96  16  37  17  96  18  12  19  82
  0  27  1  86  2  44  3  34  4  62  5  71  6  60  7  42  8  54  9  42  10  32  11  98  12  36  13  51  14  3  15  5  16  41  17  75  18  83  19  16
  0  43  1  17  2  15  3  2  4  62  5  22  6  57  7  18  8  59  9  53  10  81  11  34  12  66  13  35  14  91  15  49  16  29  17  53  18  90  19  8
  0  56  1  2  2  72  3  84  4  2  5  86  6  20  7  1  8  29  9  36  10  3  11  96  12  25  13  71  14  42  15  64  16  72  17  54  18  77  19  36
  0  91  1  4  2  30  3  50  4  14  5  34  6  76  7  61  8  44  9  88  10  66  11  72  12  28  13  49  14  44  15  84  16  34  17  41  18  63  19  4
  0  4  1  90  2  95  3  58  4  45  5  70  6  89  7  95  8  62  9  67  10  15  11  87  12  56  13  46  14  98  15  36  16  31  17  88  18  61  19  78
  0  82  1  47  2  68  3  33  4  80  5  25  6  92  7  14  8  50  9  88  10  41  11  36  12  12  13  55  14  79  15  62  16  47  17  32  18  77  19  82
  0  99  1  88  2  39  3  16  4  16  5  80  6  10  7  79  8  95  9  75  10  63  11  65  12  10  13  43  14  6  15  16  16  88  17  93  18  64  19  96
  0  6  1  96  2  36  3  1  4  11  5  16  6  20  7  29  8  67  9  18  10  51  11  42  12  16  13  64  14  24  15  76  16  70  17  95  18  58  19  52
  0  2  1  40  2  48  3  46  4  82  5  35  6  13  7  81  8  90  9  35  10  9  11  64  12  97  13  32  14  9  15  85  16  76  17  29  18  33  19  35
  0  30  1  33  2  83  3  28  4  9  5  63  6  43  7  28  8  60  9  80  10  18  11  8  12  52  13  98  14  36  15  2  16  41  17  28  18  49  19  23
  0  91  1  53  2  76  3  57  4  58  5  53  6  95  7  60  8  95  9  20  10  90  11  16  12  47  13  32  14  75  15  23  16  36  17  71  18  74  19  39
  0  64  1  17  2  38  3  82  4  67  5  38  6  96  7  71  8  20  9  72  10  5  11  66  12  56  13  70  14  19  15  21  16  62  17  15  18  10  19  79
  0  69  1  86  2  13  3  63  4  21  5  12  6  51  7  45  8  24  9  98  10  94  11  85  12  99  13  82  14  46  15  94  16  82  17  14  18  52  19  52
  0  40  1  64  2  92  3  70  4  17  5  29  6  89  7  12  8  23  9  68  10  40  11  76  12  16  13  95  14  73  15  30  16  43  17  15  18  64  19  45
  0  59  1  72  2  83  3  51  4  26  5  50  6  44  7  47  8  45  9  55  10  75  11  97  12  12  13  42  14  53  15  27  16  68  17  94  18  44  19  92
  0  91  1  58  2  54  3  71  4  62  5  84  6  94  7  24  8  92  9  30  10  93  11  5  12  94  13  40  14  21  15  29  16  37  17  89  18  12  19  25
  0  17  1  58  2  91  3  21  4  36  5  93  6  55  7  60  8  70  9  49  10  38  11  33  12  57  13  28  14  92  15  64  16  55  17  59  18  53  19  10
  0  40  1  91  2  44  3  40  4  47  5  73  6  89  7  18  8  68  9  63  10  5  11  95  12  73  13  91  14  77  15  91  16  99  17  49  18  90  19  27
  0  45  1  97  2  31  3  12  4  52  5  12  6  77  7  40  8  51  9  1  10  76  11  14  12  44  13  77  14  48  15  1  16  95  17  59  18  74  19  25
  0  95  1  31  2  57  3  10  4  5  5  92  6  61  7  39  8  82  9  86  10  82  11  17  12  81  13  64  14  82  15  17  16  43  17  41  18  2  19  66
  0  23  1  54  2  43  3  17  4  50  5  12  6  66  7  67  8  85  9  9  10  60  11  65  12  31  13  46  14  76  15  99  16  16  17  70  18  22  19  48
  0  50  1  26  2  75  3  53  4  31  5  94  6  53  7  39  8  39  9  45  10  40  11  91  12  56  13  41  14  84  15  59  16  95  17  64  18  81  19  54
  0  26  1  51  2  34  3  62  4  28  5  58  6  49  7  83  8  25  9  3  10  91  11  63  12  58  13  36  14  44  15  92  16  8  17  52  18  6  19  83
  0  86  1  44  2  41  3  49  4  52  5  48  6  81  7  37  8  7  9  50  10  7  11  8  12  87  13  36  14  85  15  46  16  76  17  14  18  37  19  59
  0  64  1  40  2  53  3  85  4  53  5  29  6  88  7  22  8  91  9  24  10  5  11  58  12  72  13  56  14  29  15  54  16  25  17  36  18  67  19  8
  0  96  1  30  2  80  3  8  4  8  5  36  6  3  7  56  8  9  9  52  10  79  11  9  12  79  13  1  14  39  15  73  16  67  17  62  18  36  19  62
  0  27  1  14  2  17  3  80  4  21  5  94  6  8  7  4  8  2  9  33  10  29  11  84  12  69  13  9  14  68  15  68  16  88  17  40  18  79  19  39
  0  92  1  9  2  91  3  95  4  32  5  75  6  38  7  45  8  25  9  40  10  40  11  69  12  22  13  50  14  10  15  76  16  96  17  67  18  55  19  81
  0  26  1  39  2  2  3  36  4  19  5  37  6  60  7  34  8  92  9  59  10  8  11  48  12  38  13  14  14  65  15  68  16  95  17  23  18  85  19  76
  0  39  1  9  2  79  3  28  4  46  5  77  6  51  7  79  8  2  9  78  10  26  11  48  12  54  13  26  14  74  15  93  16  25  17  12  18  76  19  82
  0  50  1  26  2  83  3  45  4  92  5  95  6  70  7  57  8  59  9  73  10  71  11  97  12  9  13  64  14  60  15  59  16  38  17  62  18  13  19  30
  0  80  1  26  2  53  3  52  4  57  5  32  6  86  7  43  8  59  9  73  10  60  11  26  12  53  13  92  14  3  15  1  16  43  17  74  18  50  19  75
  0  26  1  29  2  36  3  1  4  26  5  45  6  17  7  16  8  95  9  92  10  67  11  76  12  13  13  5  14  45  15  23  16  20  17  69  18  30  19  29
  0  82  1  9  2  82  3  7  4  60  5  30  6  64  7  92  8  15  9  66  10  27  11  18  12  12  13  59  14  71  15  35  16  69  17  35  18  9  19  82
  0  83  1  75  2  87  3  75  4  19  5  5  6  85  7  72  8  39  9  19  10  47  11  52  12  42  13  51  14  42  15  3  16  89  17  31  18  66  19  7
  0  73  1  84  2  99  3  63  4  47  5  7  6  22  7  5  8  8  9  64  10  21  11  76  12  30  13  38  14  50  15  92  16  58  17  9  18  36  19  95
  0  30  1  32  2  33  3  75  4  76  5  77  6  63  7  24  8  29  9  8  10  11  11  35  12  23  13  36  14  42  15  73  16  77  17  81  18  82  19  75
  0  98  1  8  2  66  3  50  4  27  5  29  6  30  7  98  8  31  9  98  10  36  11  70  12  18  13  30  14  33  15  15  16  13  17  9  18  97  19  12
  0  26  1  94  2  99  3  79  4  6  5  24  6  6  7  93  8  61  9  66  10  1  11  68  12  88  13  86  14  85  15  86  16  30  17  16  18  8  19  74
  0  73  1  50  2  98  3  57  4  44  5  6  6  46  7  46  8  68  9  16  10  21  11  41  12  93  13  44  14  38  15  49  16  5  17  46  18  19  19  49
  0  71  1  13  2  73  3  62  4  13  5  64  6  43  7  2  8  60  9  86  10  62  11  7  12  61  13  32  14  17  15  99  16  63  17  21  18  20  19  4
  0  46  1  10  2  38  3  21  4  10  5  29  6  32  7  60  8  40  9  95  10  86  11  50  12  95  13  45  14  51  15  95  16  96  17  54  18  32  19  46
  0  1  1  51  2  75  3  92  4  12  5  13  6  57  7  24  8  46  9  8  10  55  11  77  12  42  13  49  14  80  15  90  16  16  17  45  18  88  19  37
  0  72  1  62  2  88  3  91  4  35  5  53  6  36  7  64  8  53  9  12  10  70  11  1  12  2  13  38  14  31  15  35  16  79  17  51  18  63  19  40
  0  73  1  69  2  6  3  19  4  38  5  40  6  5  7  25  8  17  9  7  10  17  11  13  12  2  13  29  14  82  15  46  16  4  17  3  18  81  19  20
  0  85  1  38  2  4  3  81  4  73  5  96  6  13  7  45  8  58  9  7  10  58  11  39  12  43  13  80  14  74  15  33  16  8  17  30  18  94  19  30
  0  81  1  46  2  27  3  28  4  65  5  75  6  5  7  73  8  31  9  26  10  90  11  74  12  85  13  80  14  6  15  36  16  93  17  97  18  8  19  42
  0  80  1  29  2  37  3  95  4  67  5  82  6  17  7  84  8  12  9  14  10  60  11  44  12  45  13  21  14  32  15  29  16  42  17  76  18  63  19  15
  0  61  1  27  2  21  3  95  4  34  5  31  6  72  7  44  8  3  9  30  10  4  11  52  12  18  13  66  14  75  15  68  16  70  17  91  18  41  19  97
  0  1  1  31  2  39  3  41  4  4  5  5  6  44  7  72  8  47  9  2  10  46  11  93  12  50  13  79  14  80  15  11  16  2  17  28  18  32  19  21
  0  5  1  5  2  89  3  12  4  82  5  61  6  23  7  96  8  92  9  89  10  4  11  51  12  15  13  68  14  94  15  24  16  20  17  93  18  79  19  23
  0  36  1  17  2  19  3  17  4  70  5  29  6  28  7  4  8  47  9  53  10  34  11  11  12  68  13  52  14  56  15  61  16  23  17  52  18  8  19  4
  0  85  1  33  2  17  3  84  4  81  5  54  6  16  7  31  8  18  9  3  10  55  11  50  12  5  13  82  14  20  15  74  16  8  17  88  18  74  19  17
  0  19  1  35  2  57  3  93  4  27  5  24  6  97  7  52  8  30  9  71  10  33  11  95  12  19  13  46  14  40  15  92  16  20  17  66  18  20  19  33
  0  89  1  69  2  88  3  34  4  85  5  53  6  66  7  39  8  60  9  44  10  81  11  49  12  52  13  47  14  7  15  81  16  77  17  90  18  7  19  42
  0  31  1  48  2  78  3  61  4  72  5  23  6  88  7  31  8  35  9  25  10  51  11  33  12  86  13  49  14  99  15  62  16  51  17  82  18  53  19  65
  0  42  1  50  2  65  3  60  4  76  5  9  6  14  7  19  8  79  9  44  10  79  11  97  12  93  13  6  14  2  15  72  16  43  17  31  18  26  19  9
  0  24  1  95  2  77  3  67  4  28  5  20  6  11  7  30  8  15  9  15  10  49  11  90  12  81  13  33  14  89  15  64  16  5  17  83  18  37  19  82
  0  58  1  95  2  13  3  92  4  24  5  64  6  35  7  83  8  39  9  5  10  70  11  97  12  70  13  91  14  95  15  5  16  95  17  77  18  45  19  38
  0  26  1  92  2  2  3  37  4  19  5  89  6  72  7  35  8  41  9  81  10  59  11  83  12  4  13  79  14  6  15  8  16  67  17  37  18  90  19  31
  0  85  1  50  2  87  3  24  4  49  5  69  6  29  7  46  8  35  9  40  10  26  11  97  12  75  13  54  14  34  15  7  16  11  17  84  18  82  19  4
  0  81  1  55  2  94  3  65  4  68  5  46  6  59  7  33  8  8  9  35  10  52  11  36  12  19  13  44  14  97  15  73  16  24  17  32  18  27  19  27
  0  56  1  45  2  80  3  28  4  91  5  30  6  45  7  88  8  28  9  54  10  40  11  59  12  6  13  8  14  77  15  3  16  68  17  69  18  75  19  65
  0  70  1  62  2  84  3  2  4  92  5  33  6  73  7  87  8  45  9  26  10  65  11  14  12  34  13  51  14  36  15  55  16  43  17  50  18  12  19  49
  0  52  1  7  2  16  3  49  4  87  5  82  6  74  7  5  8  86  9  43  10  56  11  10  12  16  13  21  14  28  15  12  16  71  17  34  18  35  19  68
  0  54  1  44  2  46  3  8  4  7  5  36  6  22  7  12  8  37  9  35  10  87  11  43  12  83  13  19  14  35  15  76  16  85  17  70  18  75  19  14
  0  66  1  79  2  8  3  79  4  46  5  4  6  96  7  37  8  35  9  34  10  58  11  74  12  82  13  27  14  99  15  41  16  75  17  98  18  69  19  40
  0  19  1  6  2  1  3  3  4  32  5  38  6  72  7  5  8  51  9  8  10  97  11  4  12  19  13  13  14  37  15  95  16  4  17  5  18  84  19  28
  0  78  1  92  2  68  3  21  4  47  5  55  6  80  7  80  8  7  9  57  10  10  11  90  12  73  13  73  14  59  15  47  16  25  17  82  18  53  19  54
  0  22  1  75  2  85  3  81  4  16  5  97  6  51  7  85  8  66  9  9  10  60  11  18  12  10  13  35  14  42  15  83  16  59  17  60  18  70  19  23
  0  32  1  52  2  78  3  20  4  27  5  49  6  43  7  77  8  3  9  39  10  56  11  3  12  26  13  1  14  9  15  87  16  95  17  8  18  60  19  85
  0  53  1  97  2  71  3  24  4  50  5  61  6  10  7  93  8  14  9  15  10  79  11  1  12  44  13  42  14  10  15  92  16  41  17  37  18  14  19  76
  0  19  1  67  2  12  3  86  4  80  5  55  6  65  7  93  8  58  9  39  10  76  11  40  12  24  13  49  14  38  15  47  16  36  17  40  18  51  19  40
  0  97  1  39  2  43  3  77  4  3  5  8  6  42  7  82  8  19  9  35  10  6  11  10  12  41  13  95  14  99  15  98  16  91  17  56  18  78  19  7
  0  71  1  6  2  12  3  2  4  73  5  34  6  61  7  68  8  19  9  9  10  98  11  71  12  87  13  97  14  22  15  51  16  31  17  49  18  13  19  70
  0  2  1  40  2  31  3  26  4  52  5  24  6  54  7  91  8  54  9  66  10  98  11  64  12  63  13  42  14  81  15  29  16  38  17  22  18  15  19  54
  0  62  1  77  2  34  3  92  4  47  5  1  6  5  7  51  8  13  9  87  10  62  11  45  12  71  13  41  14  79  15  58  16  49  17  20  18  59  19  73
  0  52  1  92  2  2  3  38  4  28  5  7  6  1  7  89  8  93  9  73  10  52  11  52  12  44  13  27  14  94  15  67  16  29  17  5  18  8  19  40
  0  2  1  61  2  33  3  2  4  45  5  24  6  16  7  21  8  42  9  24  10  50  11  12  12  58  13  88  14  91  15  32  16  23  17  72  18  87  19  59
  0  54  1  49  2  2  3  93  4  57  5  5  6  66  7  16  8  77  9  9  10  70  11  13  12  12  13  35  14  68  15  46  16  83  17  70  18  83  19  11
  0  55  1  47  2  15  3  32  4  35  5  54  6  98  7  82  8  69  9  38  10  60  11  22  12  72  13  1  14  69  15  92  16  8  17  33  18  87  19  19
  0  24  1  60  2  63  3  98  4  21  5  87  6  13  7  89  8  82  9  56  10  98  11  8  12  28  13  68  14  92  15  16  16  34  17  31  18  78  19  59
  0  54  1  19  2  40  3  67  4  41  5  78  6  35  7  45  8  18  9  1  10  48  11  11  12  88  13  51  14  79  15  58  16  71  17  21  18  13  19  52
  0  81  1  52  2  58  3  76  4  12  5  39  6  74  7  5  8  94  9  9  10  15  11  65  12  27  13  52  14  50  15  93  16  90  17  25  18  58  19  30
  0  20  1  69  2  88  3  86  4  81  5  16  6  41  7  85  8  72  9  59  10  17  11  61  12  54  13  26  14  33  15  60  16  73  17  79  18  1  19  97
  0  47  1  23  2  16  3  36  4  2  5  95  6  14  7  10  8  92  9  81  10  74  11  12  12  64  13  70  14  3  15  99  16  2  17  39  18  94  19  7
  0  93  1  43  2  73  3  52  4  16  5  39  6  71  7  90  8  94  9  81  10  67  11  49  12  11  13  52  14  20  15  38  16  56  17  26  18  55  19  28
  0  56  1  81  2  94  3  33  4  14  5  5  6  35  7  59  8  37  9  47  10  16  11  82  12  69  13  35  14  35  15  68  16  21  17  49  18  97  19  76
  0  69  1  7  2  18  3  74  4  90  5  22  6  87  7  74  8  32  9  42  10  3  11  71  12  30  13  56  14  7  15  23  16  44  17  44  18  82  19  34
  0  65  1  12  2  6  3  4  4  1  5  20  6  53  7  61  8  62  9  10  10  15  11  14  12  6  13  86  14  50  15  45  16  85  17  3  18  9  19  77
  0  36  1  61  2  83  3  69  4  1  5  30  6  76  7  92  8  47  9  30  10  90  11  49  12  51  13  52  14  91  15  95  16  49  17  98  18  83  19  90
  0  73  1  68  2  99  3  78  4  29  5  23  6  13  7  90  8  79  9  10  10  99  11  15  12  38  13  22  14  29  15  60  16  96  17  24  18  43  19  34
  0  27  1  76  2  60  3  87  4  50  5  32  6  27  7  18  8  42  9  97  10  80  11  21  12  23  13  67  14  7  15  31  16  74  17  88  18  5  19  97
  0  48  1  5  2  3  3  84  4  73  5  84  6  70  7  89  8  81  9  55  10  26  11  24  12  4  13  64  14  41  15  90  16  8  17  58  18  92  19  59
  0  71  1  58  2  3  3  29  4  23  5  47  6  66  7  15  8  93  9  28  10  78  11  13  12  56  13  92  14  86  15  20  16  39  17  26  18  41  19  12
  0  61  1  33  2  18  3  23  4  10  5  47  6  36  7  59  8  56  9  86  10  96  11  44  12  91  13  46  14  9  15  95  16  22  17  41  18  87  19  54
  0  52  1  51  2  37  3  39  4  54  5  26  6  47  7  84  8  97  9  47  10  75  11  86  12  79  13  65  14  91  15  71  16  92  17  48  18  99  19  48
  0  18  1  16  2  71  3  29  4  24  5  46  6  58  7  12  8  8  9  78  10  53  11  58  12  28  13  44  14  34  15  36  16  85  17  2  18  6  19  77
  0  76  1  68  2  10  3  83  4  19  5  54  6  93  7  94  8  14  9  61  10  36  11  73  12  5  13  89  14  78  15  4  16  49  17  63  18  15  19  74
  0  10  1  84  2  25  3  18  4  15  5  59  6  77  7  24  8  80  9  62  10  11  11  29  12  65  13  28  14  81  15  80  16  3  17  96  18  48  19  99
  0  47  1  51  2  4  3  8  4  16  5  98  6  5  7  88  8  18  9  21  10  41  11  90  12  92  13  77  14  40  15  7  16  21  17  22  18  24  19  77
  0  59  1  94  2  39  3  2  4  19  5  86  6  32  7  60  8  89  9  85  10  55  11  77  12  83  13  50  14  10  15  81  16  43  17  77  18  62  19  40
  0  39  1  67  2  2  3  73  4  62  5  74  6  12  7  82  8  66  9  25  10  83  11  33  12  31  13  31  14  90  15  93  16  55  17  26  18  99  19  17
  0  81  1  9  2  92  3  1  4  25  5  63  6  15  7  81  8  63  9  8  10  92  11  44  12  89  13  66  14  65  15  45  16  64  17  85  18  31  19  83
  0  86  1  33  2  16  3  81  4  94  5  51  6  94  7  32  8  58  9  47  10  28  11  50  12  17  13  49  14  13  15  26  16  90  17  67  18  31  19  56
  0  44  1  15  2  62  3  23  4  10  5  5  6  98  7  33  8  81  9  16  10  64  11  34  12  33  13  82  14  35  15  72  16  36  17  78  18  5  19  80
  0  74  1  70  2  62  3  69  4  74  5  85  6  48  7  91  8  11  9  5  10  22  11  7  12  43  13  69  14  63  15  29  16  3  17  89  18  72  19  76
  0  36  1  67  2  56  3  37  4  67  5  78  6  4  7  15  8  32  9  79  10  5  11  31  12  14  13  38  14  47  15  88  16  71  17  92  18  4  19  20
  0  31  1  92  2  2  3  97  4  6  5  87  6  16  7  48  8  36  9  46  10  58  11  19  12  91  13  36  14  25  15  81  16  67  17  95  18  39  19  73
  0  47  1  71  2  1  3  14  4  51  5  12  6  30  7  32  8  63  9  38  10  64  11  15  12  12  13  16  14  36  15  46  16  66  17  32  18  67  19  99
  0  41  1  23  2  29  3  13  4  47  5  15  6  69  7  39  8  25  9  80  10  7  11  71  12  38  13  11  14  28  15  87  16  27  17  74  18  59  19  32
  0  46  1  86  2  88  3  63  4  27  5  32  6  44  7  30  8  49  9  9  10  88  11  36  12  16  13  87  14  58  15  19  16  44  17  89  18  61  19  61
  0  46  1  49  2  26  3  90  4  45  5  5  6  47  7  47  8  43  9  28  10  86  11  28  12  54  13  98  14  14  15  36  16  63  17  65  18  95  19  84
  0  68  1  71  2  80  3  39  4  18  5  27  6  24  7  6  8  60  9  43  10  51  11  87  12  51  13  87  14  67  15  70  16  4  17  2  18  46  19  16
  0  66  1  95  2  62  3  66  4  61  5  29  6  52  7  85  8  23  9  14  10  11  11  3  12  24  13  18  14  68  15  29  16  73  17  49  18  2  19  50
  0  14  1  54  2  64  3  35  4  72  5  54  6  52  7  6  8  33  9  97  10  39  11  54  12  29  13  20  14  41  15  2  16  79  17  29  18  94  19  47
  0  22  1  45  2  62  3  36  4  9  5  89  6  6  7  54  8  70  9  82  10  73  11  35  12  63  13  94  14  5  15  6  16  59  17  74  18  54  19  53
  0  46  1  33  2  67  3  53  4  26  5  65  6  77  7  98  8  60  9  43  10  7  11  39  12  90  13  95  14  75  15  91  16  2  17  75  18  70  19  98
  0  59  1  76  2  17  3  52  4  3  5  33  6  52  7  86  8  73  9  47  10  98  11  24  12  40  13  93  14  97  15  37  16  15  17  16  18  29  19  27
  0  95  1  13  2  30  3  64  4  71  5  73  6  24  7  36  8  72  9  10  10  68  11  78  12  58  13  98  14  17  15  2  16  68  17  34  18  61  19  42
  0  90  1  40  2  62  3  89  4  6  5  12  6  25  7  64  8  21  9  73  10  52  11  65  12  15  13  74  14  86  15  6  16  25  17  55  18  37  19  94
  0  79  1  70  2  32  3  40  4  47  5  40  6  57  7  89  8  35  9  55  10  65  11  26  12  1  13  89  14  73  15  77  16  19  17  62  18  68  19  23
  0  31  1  65  2  8  3  98  4  85  5  60  6  69  7  30  8  22  9  91  10  92  11  48  12  70  13  83  14  20  15  66  16  69  17  9  18  22  19  33
  0  16  1  52  2  74  3  70  4  9  5  7  6  10  7  72  8  49  9  69  10  75  11  36  12  96  13  35  14  57  15  23  16  17  17  95  18  53  19  88
  0  48  1  98  2  22  3  37  4  81  5  16  6  19  7  72  8  35  9  35  10  99  11  54  12  63  13  74  14  73  15  90  16  33  17  68  18  5  19  20
  0  50  1  97  2  21  3  60  4  33  5  47  6  62  7  39  8  55  9  6  10  85  11  12  12  5  13  67  14  6  15  58  16  37  17  84  18  38  19  4
  0  15  1  70  2  77  3  82  4  67  5  65  6  24  7  85  8  4  9  24  10  40  11  20  12  67  13  62  14  3  15  84  16  20  17  87  18  89  19  56
  0  87  1  5  2  92  3  16  4  7  5  56  6  79  7  68  8  53  9  49  10  18  11  40  12  47  13  83  14  47  15  59  16  61  17  67  18  66  19  39
  0  70  1  92  2  50  3  33  4  36  5  19  6  50  7  28  8  1  9  62  10  3  11  92  12  38  13  9  14  76  15  98  16  80  17  93  18  27  19  78
  0  32  1  16  2  23  3  94  4  32  5  66  6  1  7  29  8  13  9  15  10  15  11  14  12  90  13  65  14  22  15  75  16  77  17  72  18  14  19  46
  0  83  1  96  2  71  3  74  4  70  5  24  6  16  7  43  8  69  9  81  10  84  11  62  12  67  13  34  14  45  15  14  16  34  17  30  18  29  19  45
  0  30  1  39  2  61  3  57  4  41  5  1  6  91  7  22  8  6  9  70  10  76  11  25  12  40  13  38  14  63  15  33  16  88  17  54  18  66  19  11
  0  31  1  88  2  41  3  47  4  41  5  99  6  2  7  74  8  82  9  6  10  30  11  72  12  62  13  66  14  75  15  1  16  9  17  30  18  48  19  7
  0  20  1  6  2  42  3  85  4  6  5  52  6  49  7  11  8  35  9  98  10  58  11  48  12  35  13  55  14  37  15  19  16  24  17  56  18  38  19  87
  0  69  1  45  2  97  3  78  4  96  5  18  6  2  7  57  8  97  9  53  10  34  11  19  12  13  13  20  14  45  15  78  16  81  17  26  18  2  19  56
  0  90  1  51  2  3  3  86  4  65  5  92  6  63  7  24  8  74  9  88  10  25  11  97  12  51  13  21  14  32  15  42  16  57  17  10  18  62  19  21
  0  24  1  41  2  39  3  8  4  62  5  94  6  44  7  90  8  30  9  66  10  95  11  25  12  76  13  3  14  81  15  37  16  22  17  82  18  62  19  63
  0  42  1  30  2  61  3  81  4  51  5  25  6  31  7  48  8  10  9  56  10  54  11  72  12  18  13  36  14  9  15  78  16  37  17  62  18  26  19  40
  0  79  1  3  2  4  3  82  4  50  5  36  6  58  7  94  8  17  9  75  10  29  11  97  12  66  13  57  14  70  15  49  16  52  17  70  18  96  19  90
  0  59  1  62  2  53  3  71  4  24  5  48  6  37  7  95  8  94  9  95  10  4  11  76  12  23  13  81  14  6  15  99  16  13  17  32  18  70  19  38
  0  77  1  93  2  9  3  45  4  72  5  92  6  4  7  41  8  5  9  89  10  32  11  69  12  47  13  33  14  10  15  63  16  2  17  60  18  72  19  81
  0  81  1  16  2  16  3  84  4  15  5  70  6  78  7  58  8  1  9  66  10  33  11  26  12  45  13  28  14  1  15  80  16  77  17  5  18  39  19  34
  0  21  1  37  2  41  3  94  4  56  5  65  6  53  7  75  8  25  9  25  10  12  11  16  12  33  13  89  14  28  15  79  16  77  17  59  18  3  19  45
  0  89  1  10  2  36  3  5  4  73  5  43  6  53  7  37  8  85  9  8  10  79  11  36  12  78  13  85  14  29  15  82  16  8  17  52  18  87  19  17
  0  79  1  63  2  6  3  35  4  75  5  26  6  33  7  13  8  93  9  56  10  59  11  56  12  96  13  28  14  49  15  98  16  32  17  69  18  67  19  8
  0  92  1  58  2  57  3  86  4  18  5  29  6  4  7  58  8  62  9  82  10  92  11  81  12  66  13  68  14  55  15  34  16  20  17  82  18  49  19  65
  0  12  1  90  2  33  3  94  4  76  5  83  6  15  7  17  8  4  9  11  10  94  11  40  12  79  13  61  14  28  15  59  16  46  17  81  18  74  19  53
  0  19  1  41  2  28  3  43  4  1  5  5  6  15  7  67  8  72  9  61  10  23  11  52  12  45  13  12  14  7  15  72  16  22  17  31  18  55  19  52
  0  86  1  40  2  40  3  42  4  21  5  67  6  75  7  62  8  32  9  78  10  51  11  8  12  15  13  7  14  26  15  61  16  13  17  4  18  87  19  45
  0  22  1  8  2  26  3  21  4  69  5  89  6  68  7  7  8  67  9  24  10  67  11  78  12  91  13  2  14  58  15  78  16  77  17  68  18  12  19  33
  0  8  1  75  2  47  3  70  4  30  5  54  6  98  7  76  8  44  9  71  10  31  11  37  12  50  13  15  14  57  15  52  16  26  17  14  18  5  19  27
  0  82  1  9  2  25  3  54  4  43  5  9  6  56  7  72  8  99  9  7  10  72  11  45  12  73  13  46  14  74  15  96  16  78  17  53  18  32  19  13
  0  54  1  80  2  52  3  67  4  29  5  20  6  41  7  60  8  18  9  94  10  5  11  66  12  80  13  29  14  78  15  20  16  81  17  46  18  93  19  3
  0  27  1  65  2  21  3  2  4  87  5  86  6  49  7  50  8  17  9  69  10  91  11  77  12  12  13  75  14  11  15  22  16  15  17  7  18  30  19  90
  0  15  1  64  2  61  3  67  4  11  5  22  6  56  7  97  8  59  9  67  10  79  11  8  12  87  13  76  14  47  15  41  16  78  17  12  18  88  19  3
  0  39  1  63  2  16  3  60  4  5  5  70  6  17  7  43  8  57  9  2  10  2  11  23  12  49  13  71  14  65  15  80  16  63  17  21  18  61  19  93
  0  44  1  98  2  75  3  84  4  99  5  16  6  68  7  34  8  35  9  60  10  10  11  33  12  79  13  90  14  24  15  33  16  31  17  51  18  35  19  31
  0  93  1  80  2  61  3  68  4  19  5  89  6  12  7  65  8  64  9  54  10  72  11  96  12  19  13  34  14  95  15  87  16  69  17  4  18  28  19  83
  0  10  1  86  2  34  3  28  4  12  5  3  6  8  7  51  8  5  9  73  10  76  11  41  12  49  13  59  14  41  15  71  16  82  17  9  18  96  19  85
  0  82  1  47  2  49  3  79  4  77  5  39  6  5  7  27  8  92  9  7  10  94  11  25  12  22  13  68  14  81  15  82  16  46  17  45  18  37  19  52
  0  54  1  62  2  10  3  91  4  40  5  5  6  97  7  10  8  67  9  42  10  16  11  16  12  24  13  17  14  23  15  95  16  30  17  51  18  18  19  72
  0  55  1  37  2  65  3  29  4  53  5  2  6  75  7  99  8  33  9  61  10  60  11  58  12  20  13  13  14  49  15  55  16  70  17  25  18  16  19  94
  0  60  1  22  2  69  3  38  4  33  5  78  6  4  7  82  8  1  9  73  10  5  11  51  12  31  13  51  14  62  15  95  16  50  17  5  18  41  19  90
  0  64  1  87  2  99  3  71  4  57  5  92  6  65  7  62  8  34  9  74  10  8  11  67  12  16  13  98  14  57  15  41  16  96  17  43  18  79  19  59
  0  26  1  85  2  84  3  49  4  81  5  52  6  36  7  60  8  22  9  16  10  5  11  71  12  68  13  56  14  55  15  79  16  38  17  38  18  78  19  3
  0  13  1  54  2  10  3  6  4  50  5  48  6  81  7  23  8  36  9  15  10  12  11  30  12  60  13  31  14  27  15  9  16  59  17  87  18  61  19  89
  0  42  1  91  2  93  3  70  4  12  5  95  6  3  7  50  8  44  9  55  10  60  11  23  12  79  13  9  14  87  15  18  16  44  17  61  18  45  19  88
  0  14  1  93  2  41  3  80  4  66  5  30  6  56  7  31  8  7  9  49  10  41  11  84  12  50  13  12  14  37  15  21  16  4  17  29  18  95  19  37
  0  74  1  22  2  33  3  27  4  92  5  29  6  30  7  44  8  44  9  53  10  54  11  50  12  34  13  75  14  83  15  78  16  27  17  67  18  45  19  74
  0  52  1  77  2  5  3  77  4  47  5  74  6  65  7  64  8  89  9  73  10  63  11  74  12  41  13  85  14  73  15  78  16  4  17  51  18  56  19  60
  0  59  1  56  2  15  3  28  4  34  5  51  6  31  7  75  8  34  9  2  10  21  11  55  12  16  13  54  14  8  15  34  16  1  17  97  18  13  19  50
  0  53  1  44  2  12  3  80  4  69  5  64  6  7  7  96  8  51  9  56  10  10  11  73  12  62  13  26  14  34  15  51  16  96  17  9  18  54  19  6
  0  97  1  61  2  60  3  46  4  7  5  10  6  33  7  53  8  41  9  23  10  11  11  35  12  21  13  48  14  24  15  54  16  1  17  45  18  12  19  60
  0  62  1  70  2  61  3  22  4  89  5  36  6  24  7  56  8  39  9  28  10  98  11  85  12  38  13  44  14  91  15  81  16  21  17  17  18  87  19  66
  0  61  1  8  2  96  3  86  4  55  5  92  6  58  7  81  8  88  9  87  10  18  11  6  12  53  13  66  14  7  15  80  16  45  17  81  18  93  19  86
  0  19  1  86  2  85  3  16  4  92  5  19  6  95  7  50  8  44  9  96  10  8  11  37  12  20  13  33  14  8  15  75  16  59  17  75  18  51  19  26
  0  99  1  20  2  7  3  25  4  32  5  61  6  70  7  54  8  92  9  77  10  57  11  94  12  34  13  57  14  16  15  78  16  11  17  24  18  5  19  98
  0  54  1  13  2  56  3  63  4  41  5  98  6  80  7  83  8  73  9  90  10  15  11  38  12  19  13  41  14  11  15  70  16  92  17  18  18  3  19  81
  0  62  1  59  2  29  3  40  4  21  5  7  6  63  7  39  8  58  9  69  10  3  11  34  12  15  13  76  14  20  15  74  16  11  17  25  18  57  19  98
  0  78  1  31  2  38  3  49  4  42  5  21  6  14  7  52  8  19  9  42  10  80  11  33  12  47  13  81  14  25  15  90  16  53  17  99  18  80  19  45
  0  12  1  34  2  24  3  19  4  78  5  42  6  16  7  33  8  78  9  53  10  79  11  18  12  94  13  80  14  86  15  74  16  78  17  98  18  53  19  36
  0  83  1  89  2  7  3  13  4  6  5  22  6  62  7  21  8  45  9  91  10  97  11  28  12  64  13  68  14  55  15  74  16  88  17  11  18  83  19  35
  0  61  1  45  2  90  3  45  4  80  5  20  6  1  7  10  8  52  9  84  10  15  11  47  12  50  13  58  14  12  15  58  16  59  17  76  18  60  19  14
  0  51  1  38  2  18  3  3  4  24  5  91  6  36  7  78  8  76  9  30  10  91  11  8  12  35  13  81  14  34  15  92  16  33  17  26  18  1  19  37
  0  4  1  58  2  39  3  69  4  68  5  90  6  51  7  39  8  93  9  60  10  39  11  61  12  63  13  87  14  25  15  63  16  9  17  95  18  54  19  69
  0  64  1  89  2  36  3  12  4  45  5  64  6  58  7  80  8  89  9  70  10  81  11  18  12  85  13  72  14  16  15  42  16  80  17  76  18  8  19  57
  0  58  1  13  2  23  3  62  4  12  5  83  6  75  7  91  8  55  9  39  10  53  11  40  12  60  13  26  14  37  15  43  16  97  17  15  18  10  19  36
  0  26  1  19  2  15  3  99  4  62  5  45  6  86  7  64  8  14  9  51  10  92  11  48  12  68  13  89  14  33  15  22  16  67  17  66  18  6  19  49
  0  12  1  55  2  24  3  43  4  63  5  23  6  42  7  27  8  62  9  77  10  39  11  94  12  57  13  35  14  48  15  10  16  17  17  69  18  47  19  92
  0  87  1  92  2  41  3  80  4  1  5  67  6  96  7  56  8  41  9  70  10  27  11  80  12  40  13  44  14  13  15  89  16  63  17  8  18  27  19  24
  0  76  1  13  2  96  3  99  4  37  5  75  6  7  7  59  8  42  9  7  10  41  11  40  12  10  13  28  14  15  15  55  16  98  17  46  18  40  19  85
  0  79  1  26  2  26  3  14  4  19  5  78  6  14  7  46  8  35  9  51  10  90  11  25  12  37  13  5  14  36  15  3  16  59  17  93  18  91  19  44
  0  49  1  89  2  66  3  78  4  76  5  26  6  5  7  5  8  66  9  43  10  92  11  42  12  70  13  58  14  69  15  59  16  37  17  99  18  77  19  40
  0  46  1  72  2  63  3  55  4  9  5  57  6  11  7  62  8  55  9  36  10  81  11  40  12  59  13  18  14  69  15  38  16  73  17  3  18  26  19  96
  0  76  1  97  2  82  3  62  4  42  5  88  6  96  7  12  8  2  9  20  10  1  11  53  12  51  13  36  14  96  15  74  16  18  17  92  18  77  19  45
  0  95  1  48  2  30  3  8  4  10  5  66  6  53  7  6  8  76  9  19  10  20  11  30  12  61  13  67  14  42  15  91  16  58  17  33  18  27  19  46
  0  30  1  22  2  34  3  28  4  94  5  48  6  72  7  71  8  56  9  56  10  92  11  26  12  92  13  67  14  68  15  89  16  52  17  76  18  66  19  28
  0  47  1  81  2  57  3  38  4  21  5  31  6  6  7  84  8  25  9  2  10  54  11  22  12  55  13  59  14  81  15  63  16  9  17  64  18  97  19  71
  0  79  1  12  2  16  3  86  4  93  5  28  6  5  7  12  8  51  9  61  10  15  11  6  12  39  13  42  14  32  15  83  16  16  17  89  18  8  19  2
  0  85  1  2  2  49  3  81  4  26  5  54  6  96  7  16  8  18  9  83  10  6  11  29  12  7  13  44  14  8  15  18  16  87  17  59  18  22  19  81
  0  85  1  6  2  50  3  2  4  94  5  96  6  67  7  66  8  73  9  62  10  82  11  12  12  23  13  36  14  58  15  50  16  2  17  2  18  83  19  99
  0  32  1  50  2  58  3  34  4  21  5  57  6  30  7  18  8  2  9  86  10  82  11  89  12  50  13  62  14  81  15  34  16  45  17  88  18  11  19  16
  0  83  1  88  2  70  3  92  4  59  5  2  6  7  7  33  8  58  9  64  10  1  11  89  12  51  13  54  14  41  15  10  16  70  17  77  18  46  19  91
  0  4  1  29  2  23  3  12  4  50  5  56  6  64  7  79  8  10  9  5  10  39  11  95  12  3  13  30  14  10  15  29  16  56  17  90  18  95  19  23
  0  86  1  77  2  56  3  15  4  66  5  31  6  67  7  9  8  65  9  50  10  22  11  53  12  97  13  2  14  56  15  4  16  9  17  79  18  10  19  71
  0  97  1  77  2  52  3  3  4  47  5  65  6  42  7  12  8  12  9  90  10  1  11  92  12  87  13  44  14  10  15  62  16  54  17  61  18  77  19  21
  0  83  1  41  2  24  3  24  4  29  5  16  6  74  7  5  8  61  9  99  10  78  11  3  12  7  13  86  14  79  15  65  16  2  17  97  18  10  19  43
  0  67  1  85  2  76  3  96  4  80  5  41  6  73  7  80  8  84  9  69  10  39  11  65  12  63  13  36  14  21  15  33  16  80  17  77  18  43  19  38
  0  55  1  49  2  81  3  23  4  25  5  53  6  75  7  46  8  11  9  47  10  56  11  30  12  99  13  54  14  52  15  75  16  95  17  12  18  11  19  71
  0  14  1  28  2  44  3  95  4  9  5  41  6  81  7  18  8  76  9  86  10  7  11  9  12  56  13  36  14  84  15  41  16  29  17  49  18  22  19  38
  0  87  1  56  2  28  3  89  4  27  5  70  6  36  7  50  8  80  9  72  10  36  11  96  12  86  13  53  14  12  15  97  16  87  17  84  18  78  19  23
  0  77  1  41  2  85  3  4  4  41  5  33  6  2  7  21  8  82  9  85  10  27  11  70  12  6  13  86  14  71  15  44  16  5  17  2  18  11  19  25
  0  91  1  9  2  16  3  77  4  38  5  7  6  89  7  91  8  33  9  12  10  84  11  1  12  84  13  33  14  74  15  95  16  3  17  87  18  2  19  86
  0  41  1  23  2  25  3  3  4  4  5  20  6  36  7  26  8  29  9  15  10  37  11  87  12  6  13  76  14  68  15  89  16  91  17  95  18  50  19  27
  0  39  1  91  2  74  3  12  4  38  5  48  6  49  7  36  8  44  9  17  10  3  11  19  12  47  13  66  14  75  15  29  16  85  17  58  18  72  19  74
  0  34  1  68  2  50  3  7  4  10  5  3  6  63  7  68  8  62  9  72  10  92  11  89  12  66  13  12  14  23  15  25  16  16  17  69  18  57  19  63
  0  87  1  6  2  74  3  58  4  35  5  66  6  69  7  73  8  18  9  27  10  32  11  37  12  93  13  18  14  63  15  37  16  5  17  84  18  21  19  7
  0  50  1  35  2  43  3  96  4  39  5  79  6  10  7  17  8  38  9  74  10  27  11  95  12  66  13  12  14  40  15  99  16  24  17  17  18  18  19  95
  0  32  1  66  2  68  3  69  4  20  5  14  6  67  7  13  8  7  9  87  10  15  11  55  12  47  13  25  14  54  15  97  16  47  17  23  18  13  19  69
  0  60  1  37  2  60  3  36  4  28  5  61  6  71  7  98  8  27  9  59  10  63  11  87  12  24  13  42  14  37  15  32  16  65  17  1  18  28  19  54
  0  46  1  50  2  68  3  24  4  33  5  32  6  4  7  76  8  40  9  91  10  14  11  76  12  78  13  26  14  36  15  68  16  34  17  53  18  94  19  67
  0  42  1  80  2  72  3  72  4  51  5  37  6  93  7  97  8  19  9  22  10  86  11  60  12  67  13  79  14  58  15  76  16  77  17  89  18  99  19  48
  0  35  1  54  2  94  3  36  4  29  5  4  6  12  7  60  8  62  9  55  10  85  11  76  12  58  13  10  14  40  15  9  16  38  17  55  18  97  19  44
  0  12  1  12  2  64  3  17  4  27  5  53  6  11  7  40  8  38  9  76  10  72  11  62  12  14  13  99  14  40  15  56  16  84  17  29  18  19  19  63
  0  1  1  5  2  72  3  54  4  53  5  25  6  86  7  86  8  71  9  21  10  8  11  58  12  13  13  3  14  56  15  90  16  98  17  21  18  6  19  93
  0  63  1  16  2  81  3  99  4  19  5  39  6  34  7  52  8  60  9  57  10  66  11  11  12  55  13  10  14  35  15  85  16  95  17  48  18  58  19  27
  0  4  1  80  2  86  3  33  4  30  5  21  6  35  7  30  8  68  9  99  10  72  11  79  12  88  13  79  14  12  15  73  16  60  17  99  18  65  19  47
  0  8  1  38  2  41  3  17  4  43  5  50  6  6  7  15  8  39  9  46  10  29  11  87  12  50  13  96  14  95  15  70  16  9  17  90  18  50  19  69
  0  36  1  79  2  94  3  93  4  40  5  80  6  75  7  32  8  9  9  34  10  21  11  71  12  19  13  16  14  5  15  83  16  97  17  74  18  65  19  44
  0  29  1  32  2  98  3  55  4  89  5  56  6  99  7  81  8  37  9  28  10  26  11  23  12  17  13  19  14  4  15  92  16  31  17  80  18  12  19  55
  0  3  1  12  2  92  3  63  4  24  5  32  6  96  7  90  8  64  9  3  10  49  11  31  12  1  13  62  14  94  15  52  16  65  17  65  18  64  19  82
  0  39  1  46  2  64  3  89  4  37  5  47  6  86  7  88  8  67  9  83  10  84  11  54  12  42  13  23  14  71  15  70  16  91  17  20  18  31  19  3
  0  4  1  23  2  43  3  93  4  76  5  41  6  70  7  31  8  87  9  49  10  58  11  98  12  78  13  53  14  46  15  50  16  42  17  65  18  79  19  52
  0  39  1  41  2  85  3  76  4  91  5  80  6  51  7  45  8  32  9  13  10  2  11  67  12  89  13  96  14  85  15  8  16  69  17  18  18  5  19  80
  0  25  1  53  2  50  3  63  4  60  5  53  6  25  7  68  8  85  9  43  10  70  11  14  12  30  13  50  14  34  15  98  16  80  17  15  18  26  19  51
  0  92  1  35  2  75  3  16  4  12  5  54  6  63  7  5  8  78  9  84  10  5  11  20  12  16  13  46  14  11  15  19  16  25  17  44  18  33  19  90
  0  40  1  21  2  99  3  60  4  10  5  50  6  72  7  33  8  1  9  78  10  93  11  58  12  59  13  10  14  97  15  59  16  73  17  95  18  19  19  76
  0  96  1  80  2  4  3  99  4  58  5  14  6  12  7  12  8  54  9  22  10  78  11  46  12  89  13  9  14  58  15  34  16  39  17  29  18  74  19  22
  0  10  1  42  2  50  3  43  4  59  5  52  6  90  7  95  8  89  9  90  10  44  11  69  12  2  13  91  14  61  15  8  16  17  17  62  18  28  19  1
  0  68  1  74  2  47  3  47  4  33  5  88  6  89  7  39  8  65  9  20  10  37  11  44  12  28  13  99  14  96  15  91  16  56  17  76  18  53  19  2
  0  91  1  83  2  82  3  91  4  63  5  46  6  63  7  61  8  20  9  22  10  34  11  49  12  27  13  86  14  99  15  89  16  83  17  12  18  86  19  35
  0  28  1  97  2  84  3  7  4  42  5  62  6  34  7  97  8  55  9  87  10  58  11  40  12  24  13  82  14  30  15  6  16  37  17  20  18  22  19  11
  0  59  1  38  2  7  3  28  4  29  5  39  6  74  7  51  8  66  9  98  10  97  11  39  12  54  13  87  14  67  15  54  16  98  17  65  18  65  19  61
  0  98  1  90  2  59  3  55  4  46  5  72  6  32  7  35  8  71  9  32  10  76  11  40  12  91  13  80  14  25  15  20  16  13  17  7  18  85  19  91
  0  24  1  44  2  19  3  29  4  58  5  56  6  63  7  60  8  14  9  60  10  93  11  92  12  68  13  82  14  82  15  73  16  31  17  4  18  87  19  58
  0  1  1  50  2  93  3  66  4  36  5  37  6  68  7  11  8  53  9  61  10  25  11  55  12  12  13  8  14  1  15  35  16  47  17  17  18  77  19  34
  0  62  1  21  2  26  3  8  4  86  5  56  6  33  7  5  8  65  9  98  10  47  11  13  12  51  13  84  14  65  15  38  16  77  17  17  18  19  19  96
  0  66  1  68  2  60  3  68  4  96  5  23  6  42  7  52  8  15  9  28  10  40  11  15  12  86  13  42  14  69  15  31  16  12  17  2  18  91  19  42
  0  51  1  51  2  13  3  93  4  35  5  90  6  10  7  37  8  64  9  48  10  60  11  81  12  8  13  88  14  36  15  39  16  63  17  93  18  96  19  27
  0  44  1  94  2  7  3  77  4  92  5  37  6  32  7  95  8  45  9  2  10  17  11  60  12  2  13  24  14  36  15  54  16  55  17  70  18  74  19  80
  0  9  1  81  2  76  3  75  4  70  5  79  6  71  7  60  8  9  9  92  10  68  11  67  12  7  13  65  14  63  15  28  16  48  17  41  18  26  19  41
  0  25  1  37  2  42  3  19  4  47  5  50  6  23  7  6  8  5  9  70  10  29  11  14  12  86  13  86  14  54  15  98  16  88  17  92  18  66  19  7
  0  44  1  62  2  12  3  37  4  66  5  35  6  19  7  6  8  87  9  10  10  62  11  15  12  27  13  80  14  77  15  58  16  31  17  33  18  29  19  17
  0  63  1  84  2  73  3  19  4  40  5  52  6  80  7  78  8  33  9  75  10  93  11  36  12  93  13  19  14  35  15  61  16  70  17  43  18  12  19  82
  0  9  1  17  2  55  3  73  4  69  5  4  6  12  7  3  8  11  9  48  10  61  11  14  12  3  13  48  14  32  15  9  16  72  17  90  18  46  19  48
  0  15  1  70  2  4  3  88  4  98  5  44  6  96  7  18  8  61  9  74  10  4  11  62  12  72  13  59  14  20  15  80  16  7  17  71  18  8  19  59
  0  57  1  39  2  81  3  80  4  79  5  46  6  57  7  29  8  52  9  31  10  42  11  51  12  83  13  15  14  24  15  86  16  11  17  94  18  6  19  46
  0  65  1  60  2  85  3  84  4  5  5  51  6  72  7  8  8  33  9  43  10  7  11  17  12  55  13  20  14  98  15  59  16  43  17  5  18  28  19  60
  0  13  1  25  2  59  3  37  4  30  5  44  6  58  7  37  8  98  9  93  10  24  11  41  12  2  13  76  14  73  15  18  16  95  17  31  18  32  19  33
  0  84  1  76  2  25  3  48  4  6  5  76  6  75  7  51  8  31  9  98  10  48  11  13  12  51  13  44  14  93  15  64  16  81  17  84  18  86  19  29
  0  43  1  37  2  66  3  58  4  75  5  44  6  12  7  66  8  99  9  53  10  18  11  45  12  31  13  21  14  55  15  8  16  22  17  64  18  26  19  12
  0  69  1  47  2  49  3  32  4  27  5  79  6  40  7  99  8  6  9  61  10  65  11  33  12  40  13  90  14  95  15  9  16  84  17  29  18  68  19  66
  0  33  1  95  2  51  3  38  4  86  5  25  6  69  7  35  8  30  9  9  10  17  11  59  12  73  13  13  14  89  15  95  16  66  17  44  18  94  19  17
  0  8  1  92  2  29  3  4  4  98  5  89  6  30  7  61  8  13  9  43  10  41  11  86  12  77  13  55  14  56  15  14  16  1  17  29  18  13  19  50
  0  73  1  5  2  64  3  64  4  47  5  6  6  53  7  14  8  57  9  68  10  58  11  95  12  34  13  94  14  86  15  78  16  44  17  40  18  36  19  43
  0  34  1  44  2  52  3  28  4  81  5  49  6  57  7  84  8  63  9  70  10  10  11  56  12  7  13  20  14  37  15  60  16  84  17  80  18  52  19  29
  0  53  1  7  2  31  3  27  4  69  5  74  6  26  7  78  8  12  9  19  10  33  11  40  12  11  13  34  14  51  15  27  16  52  17  16  18  79  19  67
  0  4  1  81  2  59  3  40  4  1  5  89  6  55  7  35  8  68  9  37  10  24  11  18  12  71  13  31  14  14  15  9  16  36  17  40  18  8  19  5
  0  56  1  72  2  93  3  95  4  96  5  60  6  14  7  48  8  66  9  12  10  51  11  88  12  90  13  90  14  37  15  71  16  39  17  22  18  91  19  36
  0  68  1  22  2  31  3  88  4  93  5  35  6  11  7  44  8  97  9  89  10  73  11  44  12  41  13  18  14  40  15  9  16  31  17  16  18  43  19  94
  0  59  1  17  2  2  3  81  4  31  5  21  6  97  7  3  8  20  9  92  10  69  11  67  12  47  13  24  14  66  15  82  16  63  17  32  18  26  19  46
  0  55  1  20  2  39  3  65  4  47  5  43  6  45  7  39  8  44  9  39  10  67  11  96  12  36  13  30  14  62  15  89  16  69  17  90  18  70  19  67
  0  53  1  51  2  62  3  91  4  54  5  80  6  47  7  75  8  90  9  55  10  67  11  37  12  50  13  22  14  97  15  19  16  68  17  5  18  36  19  3
  0  57  1  15  2  43  3  21  4  61  5  68  6  65  7  61  8  93  9  13  10  59  11  83  12  67  13  14  14  98  15  29  16  27  17  72  18  16  19  72
  0  49  1  60  2  43  3  44  4  61  5  82  6  17  7  39  8  14  9  31  10  89  11  74  12  76  13  70  14  51  15  67  16  65  17  73  18  44  19  53
  0  26  1  96  2  49  3  52  4  3  5  68  6  55  7  57  8  94  9  26  10  45  11  15  12  75  13  20  14  62  15  4  16  9  17  82  18  45  19  43
  0  5  1  20  2  35  3  84  4  99  5  80  6  2  7  65  8  43  9  3  10  34  11  32  12  30  13  47  14  97  15  57  16  11  17  74  18  62  19  14
  0  73  1  14  2  30  3  75  4  72  5  30  6  36  7  60  8  49  9  98  10  2  11  31  12  76  13  41  14  53  15  25  16  14  17  65  18  30  19  80
  0  53  1  37  2  73  3  69  4  9  5  63  6  42  7  63  8  63  9  61  10  1  11  90  12  69  13  52  14  94  15  60  16  5  17  5  18  77  19  65
  0  80  1  5  2  88  3  84  4  81  5  32  6  74  7  42  8  93  9  89  10  97  11  9  12  18  13  77  14  99  15  47  16  4  17  41  18  93  19  21
  0  39  1  26  2  5  3  39  4  78  5  5  6  89  7  6  8  2  9  80  10  2  11  78  12  38  13  67  14  80  15  69  16  82  17  4  18  83  19  41
  0  4  1  62  2  92  3  81  4  24  5  43  6  53  7  54  8  95  9  69  10  41  11  61  12  37  13  39  14  56  15  70  16  82  17  78  18  91  19  85
  0  57  1  13  2  24  3  68  4  96  5  49  6  28  7  34  8  58  9  34  10  16  11  85  12  98  13  41  14  30  15  59  16  22  17  75  18  76  19  85
  0  4  1  35  2  50  3  97  4  67  5  40  6  93  7  49  8  56  9  27  10  4  11  2  12  29  13  76  14  62  15  9  16  71  17  9  18  62  19  9
  0  1  1  74  2  57  3  96  4  21  5  25  6  52  7  39  8  26  9  36  10  13  11  46  12  86  13  18  14  63  15  30  16  53  17  39  18  3  19  3
  0  62  1  48  2  56  3  92  4  39  5  69  6  35  7  82  8  15  9  99  10  86  11  8  12  18  13  43  14  46  15  53  16  2  17  60  18  27  19  49
  0  16  1  6  2  6  3  48  4  42  5  94  6  97  7  36  8  34  9  17  10  23  11  13  12  51  13  86  14  5  15  27  16  73  17  8  18  63  19  82
  0  20  1  70  2  83  3  28  4  29  5  32  6  73  7  91  8  61  9  39  10  49  11  49  12  35  13  87  14  4  15  11  16  8  17  37  18  50  19  80
  0  62  1  23  2  45  3  20  4  62  5  31  6  33  7  8  8  80  9  28  10  70  11  7  12  17  13  66  14  12  15  49  16  69  17  2  18  79  19  7
  0  11  1  97  2  39  3  34  4  88  5  2  6  53  7  63  8  57  9  11  10  90  11  9  12  5  13  78  14  11  15  22  16  27  17  16  18  51  19  69
  0  75  1  87  2  78  3  61  4  77  5  25  6  6  7  32  8  87  9  82  10  57  11  51  12  48  13  19  14  46  15  31  16  48  17  91  18  5  19  39
  0  8  1  79  2  69  3  49  4  42  5  75  6  15  7  75  8  62  9  20  10  93  11  81  12  37  13  64  14  14  15  61  16  10  17  83  18  77  19  23
  0  46  1  76  2  52  3  34  4  61  5  29  6  43  7  98  8  49  9  20  10  9  11  83  12  13  13  1  14  9  15  14  16  69  17  75  18  3  19  94
  0  76  1  70  2  24  3  43  4  6  5  56  6  4  7  28  8  63  9  70  10  15  11  49  12  22  13  55  14  59  15  24  16  28  17  2  18  33  19  29
  0  90  1  70  2  19  3  46  4  65  5  26  6  13  7  95  8  94  9  10  10  69  11  51  12  65  13  35  14  32  15  89  16  88  17  81  18  75  19  91
  0  25  1  11  2  81  3  23  4  6  5  61  6  27  7  46  8  14  9  54  10  41  11  48  12  35  13  45  14  88  15  86  16  96  17  4  18  57  19  73
  0  42  1  80  2  65  3  75  4  15  5  32  6  32  7  87  8  55  9  77  10  60  11  90  12  22  13  27  14  21  15  35  16  4  17  6  18  53  19  83
  0  74  1  50  2  23  3  15  4  11  5  68  6  74  7  71  8  78  9  77  10  97  11  6  12  48  13  60  14  89  15  54  16  1  17  21  18  68  19  35
  0  41  1  5  2  89  3  70  4  20  5  34  6  48  7  63  8  33  9  72  10  90  11  79  12  53  13  98  14  58  15  17  16  9  17  84  18  33  19  74
  0  22  1  85  2  64  3  36  4  63  5  92  6  92  7  32  8  84  9  8  10  9  11  64  12  43  13  41  14  95  15  84  16  24  17  44  18  59  19  67
  0  29  1  14  2  40  3  31  4  84  5  53  6  55  7  80  8  83  9  57  10  24  11  79  12  75  13  63  14  65  15  89  16  53  17  89  18  79  19  13
  0  21  1  44  2  49  3  41  4  24  5  86  6  15  7  93  8  76  9  62  10  25  11  88  12  36  13  53  14  56  15  96  16  89  17  13  18  47  19  61
  0  55  1  71  2  8  3  76  4  27  5  39  6  85  7  74  8  97  9  35  10  5  11  57  12  51  13  28  14  11  15  63  16  11  17  61  18  81  19  67
  0  62  1  91  2  92  3  51  4  18  5  84  6  44  7  90  8  80  9  22  10  94  11  48  12  8  13  32  14  46  15  62  16  5  17  37  18  84  19  82
  0  88  1  83  2  73  3  84  4  7  5  2  6  43  7  61  8  93  9  5  10  35  11  82  12  2  13  30  14  85  15  63  16  49  17  70  18  61  19  85
  0  58  1  71  2  83  3  63  4  88  5  64  6  3  7  43  8  74  9  78  10  99  11  87  12  34  13  57  14  43  15  70  16  7  17  51  18  21  19  97
  0  27  1  77  2  14  3  24  4  56  5  68  6  5  7  15  8  18  9  47  10  15  11  12  12  12  13  95  14  29  15  61  16  8  17  13  18  43  19  34
  0  42  1  77  2  45  3  45  4  55  5  52  6  25  7  49  8  60  9  11  10  46  11  70  12  30  13  60  14  60  15  83  16  27  17  95  18  28  19  80
  0  29  1  18  2  67  3  57  4  19  5  75  6  69  7  31  8  43  9  45  10  33  11  54  12  53  13  45  14  12  15  96  16  88  17  33  18  78  19  14
  0  66  1  57  2  47  3  7  4  85  5  53  6  16  7  62  8  52  9  95  10  8  11  14  12  98  13  57  14  28  15  68  16  48  17  36  18  72  19  90
  0  33  1  46  2  43  3  34  4  89  5  87  6  66  7  63  8  81  9  34  10  16  11  14  12  12  13  16  14  78  15  69  16  39  17  79  18  25  19  68
  0  10  1  46  2  75  3  55  4  59  5  11  6  62  7  49  8  56  9  49  10  31  11  95  12  81  13  23  14  41  15  11  16  75  17  6  18  52  19  50
  0  99  1  60  2  3  3  56  4  72  5  54  6  22  7  53  8  3  9  79  10  33  11  18  12  18  13  21  14  37  15  26  16  57  17  94  18  83  19  61
  0  89  1  31  2  64  3  31  4  56  5  3  6  99  7  28  8  72  9  95  10  89  11  47  12  20  13  88  14  53  15  8  16  14  17  85  18  85  19  85
  0  50  1  16  2  87  3  33  4  32  5  90  6  77  7  31  8  50  9  93  10  58  11  23  12  81  13  44  14  19  15  15  16  89  17  31  18  90  19  40
  0  81  1  49  2  74  3  23  4  33  5  63  6  36  7  90  8  90  9  71  10  3  11  26  12  22  13  69  14  38  15  47  16  47  17  17  18  54  19  57
  0  14  1  64  2  6  3  13  4  56  5  94  6  68  7  1  8  77  9  76  10  89  11  7  12  41  13  55  14  81  15  31  16  46  17  2  18  68  19  86
  0  46  1  16  2  37  3  68  4  20  5  44  6  33  7  99  8  99  9  62  10  6  11  73  12  34  13  33  14  93  15  66  16  28  17  35  18  12  19  72
  0  80  1  27  2  73  3  96  4  32  5  93  6  59  7  10  8  78  9  90  10  21  11  35  12  13  13  67  14  73  15  39  16  11  17  62  18  27  19  36
  0  61  1  80  2  44  3  35  4  15  5  96  6  44  7  74  8  98  9  63  10  73  11  46  12  22  13  89  14  18  15  85  16  71  17  44  18  34  19  77
  0  63  1  86  2  16  3  32  4  12  5  23  6  28  7  95  8  27  9  67  10  71  11  13  12  46  13  22  14  60  15  75  16  69  17  22  18  30  19  89
  0  57  1  22  2  9  3  74  4  89  5  93  6  4  7  57  8  17  9  79  10  10  11  36  12  49  13  16  14  26  15  33  16  55  17  23  18  41  19  30
  0  62  1  24  2  22  3  92  4  4  5  33  6  18  7  14  8  30  9  46  10  75  11  20  12  86  13  99  14  94  15  37  16  36  17  87  18  12  19  3
  0  63  1  67  2  64  3  70  4  98  5  77  6  77  7  50  8  41  9  53  10  79  11  66  12  77  13  13  14  35  15  46  16  27  17  54  18  62  19  52
  0  40  1  77  2  55  3  32  4  54  5  30  6  37  7  52  8  78  9  40  10  23  11  24  12  48  13  71  14  56  15  49  16  86  17  38  18  46  19  53
  0  58  1  44  2  38  3  63  4  95  5  41  6  69  7  51  8  44  9  22  10  12  11  73  12  58  13  93  14  97  15  49  16  19  17  92  18  69  19  68
  0  96  1  41  2  23  3  25  4  44  5  51  6  16  7  22  8  5  9  37  10  60  11  71  12  85  13  74  14  36  15  9  16  3  17  32  18  84  19  94
  0  25  1  68  2  62  3  45  4  54  5  42  6  80  7  54  8  28  9  11  10  49  11  65  12  34  13  98  14  96  15  24  16  64  17  61  18  53  19  22
  0  55  1  81  2  98  3  88  4  88  5  64  6  22  7  27  8  52  9  31  10  41  11  69  12  77  13  20  14  86  15  18  16  17  17  43  18  36  19  86
  0  19  1  54  2  62  3  58  4  1  5  44  6  31  7  43  8  62  9  51  10  54  11  65  12  58  13  50  14  93  15  50  16  25  17  80  18  68  19  72
  0  57  1  2  2  4  3  79  4  47  5  99  6  33  7  23  8  46  9  83  10  45  11  43  12  15  13  38  14  21  15  94  16  68  17  28  18  15  19  12
  0  30  1  65  2  80  3  51  4  44  5  93  6  28  7  57  8  39  9  37  10  75  11  34  12  99  13  31  14  35  15  33  16  22  17  24  18  27  19  76
  0  55  1  24  2  41  3  80  4  32  5  23  6  62  7  53  8  74  9  20  10  38  11  69  12  95  13  45  14  71  15  62  16  61  17  30  18  36  19  69
  0  63  1  91  2  71  3  34  4  22  5  23  6  2  7  48  8  25  9  8  10  71  11  76  12  73  13  93  14  10  15  12  16  74  17  13  18  52  19  47
  0  18  1  11  2  93  3  63  4  31  5  24  6  42  7  61  8  69  9  49  10  3  11  3  12  24  13  47  14  8  15  25  16  32  17  6  18  71  19  50
  0  23  1  57  2  45  3  4  4  42  5  92  6  87  7  7  8  33  9  60  10  83  11  23  12  65  13  12  14  73  15  47  16  44  17  35  18  85  19  97
  0  42  1  11  2  66  3  33  4  30  5  51  6  65  7  94  8  1  9  24  10  13  11  71  12  16  13  76  14  3  15  22  16  19  17  90  18  63  19  96
  0  90  1  61  2  72  3  57  4  44  5  54  6  73  7  82  8  81  9  4  10  69  11  1  12  68  13  46  14  17  15  92  16  84  17  98  18  50  19  61
  0  65  1  45  2  97  3  53  4  49  5  64  6  76  7  77  8  74  9  29  10  75  11  65  12  18  13  55  14  64  15  61  16  48  17  91  18  88  19  40
  0  32  1  51  2  38  3  82  4  52  5  54  6  92  7  72  8  78  9  28  10  95  11  79  12  26  13  56  14  97  15  45  16  2  17  16  18  74  19  1
  0  92  1  17  2  17  3  59  4  75  5  32  6  31  7  79  8  33  9  93  10  19  11  95  12  21  13  94  14  14  15  40  16  9  17  9  18  87  19  21
  0  89  1  24  2  60  3  33  4  45  5  64  6  85  7  4  8  94  9  20  10  82  11  4  12  73  13  37  14  29  15  79  16  11  17  21  18  69  19  88
  0  21  1  54  2  62  3  37  4  13  5  45  6  95  7  52  8  68  9  48  10  45  11  44  12  86  13  16  14  32  15  41  16  51  17  95  18  39  19  92
  0  88  1  61  2  60  3  80  4  28  5  40  6  8  7  86  8  62  9  1  10  5  11  98  12  97  13  85  14  22  15  57  16  11  17  13  18  58  19  79
  0  77  1  84  2  60  3  6  4  27  5  79  6  22  7  53  8  37  9  1  10  32  11  83  12  80  13  20  14  47  15  10  16  83  17  47  18  99  19  98
  0  57  1  93  2  87  3  50  4  10  5  21  6  98  7  56  8  59  9  97  10  52  11  67  12  94  13  2  14  79  15  28  16  59  17  35  18  69  19  54
  0  58  1  45  2  46  3  58  4  10  5  71  6  57  7  52  8  82  9  51  10  99  11  91  12  12  13  68  14  95  15  20  16  72  17  13  18  96  19  43
  0  40  1  98  2  5  3  41  4  91  5  50  6  2  7  90  8  16  9  47  10  41  11  60  12  35  13  20  14  59  15  3  16  50  17  86  18  82  19  51
  0  77  1  15  2  60  3  98  4  32  5  37  6  32  7  16  8  63  9  37  10  23  11  35  12  74  13  10  14  23  15  12  16  56  17  52  18  77  19  30
  0  24  1  28  2  30  3  21  4  52  5  32  6  54  7  14  8  21  9  32  10  90  11  33  12  40  13  70  14  79  15  11  16  10  17  59  18  29  19  77
  0  22  1  85  2  84  3  56  4  22  5  20  6  84  7  73  8  88  9  1  10  8  11  43  12  96  13  34  14  53  15  18  16  57  17  11  18  13  19  94
  0  73  1  67  2  25  3  7  4  51  5  20  6  12  7  77  8  30  9  39  10  43  11  79  12  54  13  72  14  90  15  40  16  82  17  12  18  50  19  98
  0  6  1  60  2  45  3  81  4  36  5  65  6  56  7  67  8  62  9  6  10  21  11  56  12  4  13  51  14  8  15  65  16  9  17  37  18  59  19  6
  0  65  1  25  2  57  3  27  4  30  5  34  6  51  7  25  8  93  9  65  10  52  11  48  12  36  13  63  14  95  15  56  16  35  17  70  18  13  19  15
  0  45  1  87  2  65  3  18  4  44  5  35  6  35  7  81  8  25  9  66  10  79  11  60  12  76  13  12  14  83  15  61  16  82  17  24  18  78  19  60
  0  34  1  56  2  2  3  61  4  22  5  13  6  14  7  37  8  74  9  40  10  21  11  43  12  45  13  46  14  33  15  7  16  67  17  65  18  81  19  14
  0  23  1  21  2  77  3  64  4  14  5  40  6  57  7  52  8  10  9  19  10  86  11  2  12  20  13  53  14  85  15  63  16  21  17  83  18  9  19  49
  0  23  1  13  2  5  3  64  4  67  5  90  6  13  7  56  8  82  9  85  10  97  11  3  12  44  13  85  14  12  15  97  16  17  17  94  18  43  19  7
  0  72  1  12  2  90  3  13  4  6  5  21  6  69  7  61  8  5  9  21  10  40  11  78  12  41  13  71  14  17  15  26  16  81  17  53  18  97  19  11
  0  41  1  33  2  11  3  72  4  41  5  14  6  94  7  97  8  16  9  5  10  30  11  60  12  97  13  21  14  7  15  63  16  87  17  22  18  91  19  44
  0  59  1  38  2  18  3  65  4  76  5  44  6  36  7  6  8  18  9  83  10  78  11  20  12  32  13  41  14  25  15  27  16  81  17  31  18  85  19  62
  0  26  1  48  2  35  3  84  4  73  5  81  6  54  7  35  8  98  9  11  10  69  11  83  12  83  13  20  14  4  15  11  16  66  17  4  18  66  19  16
  0  74  1  54  2  50  3  41  4  83  5  39  6  19  7  56  8  46  9  33  10  98  11  44  12  55  13  45  14  2  15  82  16  54  17  50  18  52  19  14
  0  11  1  39  2  97  3  36  4  91  5  23  6  14  7  72  8  37  9  70  10  40  11  2  12  13  13  55  14  8  15  42  16  63  17  50  18  51  19  31
  0  31  1  84  2  99  3  54  4  98  5  62  6  98  7  90  8  59  9  4  10  22  11  94  12  36  13  53  14  45  15  38  16  10  17  72  18  12  19  65
  0  4  1  6  2  14  3  40  4  57  5  1  6  49  7  93  8  76  9  93  10  55  11  8  12  46  13  21  14  4  15  64  16  42  17  11  18  24  19  77
  0  68  1  39  2  87  3  80  4  27  5  94  6  59  7  13  8  80  9  63  10  17  11  63  12  71  13  22  14  73  15  41  16  95  17  21  18  73  19  80
  0  69  1  83  2  39  3  21  4  16  5  49  6  78  7  99  8  59  9  48  10  98  11  44  12  28  13  74  14  73  15  80  16  71  17  2  18  63  19  61
  0  60  1  63  2  95  3  97  4  32  5  72  6  29  7  48  8  82  9  70  10  79  11  90  12  27  13  30  14  90  15  92  16  76  17  46  18  45  19  45
  0  14  1  76  2  73  3  26  4  49  5  46  6  5  7  15  8  99  9  6  10  57  11  72  12  18  13  9  14  70  15  57  16  69  17  56  18  19  19  37
  0  35  1  20  2  71  3  21  4  71  5  39  6  73  7  26  8  80  9  56  10  73  11  45  12  55  13  44  14  23  15  90  16  6  17  13  18  10  19  8
  0  79  1  35  2  17  3  14  4  38  5  6  6  12  7  88  8  55  9  21  10  8  11  17  12  33  13  64  14  50  15  76  16  65  17  10  18  26  19  5
  0  93  1  99  2  86  3  99  4  28  5  43  6  51  7  37  8  35  9  53  10  18  11  94  12  17  13  12  14  94  15  38  16  18  17  31  18  43  19  96
  0  49  1  55  2  85  3  29  4  23  5  16  6  23  7  70  8  12  9  39  10  64  11  98  12  95  13  61  14  58  15  67  16  59  17  13  18  85  19  98
  0  40  1  65  2  60  3  17  4  60  5  56  6  21  7  80  8  69  9  34  10  39  11  44  12  2  13  96  14  69  15  48  16  13  17  10  18  95  19  24
  0  50  1  17  2  82  3  58  4  81  5  98  6  15  7  65  8  69  9  36  10  83  11  42  12  87  13  69  14  68  15  24  16  92  17  80  18  1  19  57
  0  20  1  30  2  28  3  50  4  51  5  26  6  5  7  80  8  77  9  98  10  76  11  64  12  61  13  30  14  49  15  19  16  59  17  42  18  33  19  65
  0  68  1  42  2  27  3  64  4  7  5  4  6  77  7  73  8  39  9  93  10  18  11  70  12  8  13  10  14  86  15  93  16  25  17  68  18  60  19  66
  0  53  1  58  2  75  3  29  4  63  5  60  6  10  7  96  8  49  9  87  10  42  11  2  12  50  13  6  14  23  15  97  16  91  17  28  18  22  19  29
  0  64  1  1  2  32  3  4  4  87  5  30  6  45  7  11  8  41  9  97  10  34  11  79  12  41  13  82  14  4  15  61  16  14  17  84  18  87  19  91
  0  89  1  5  2  23  3  64  4  5  5  46  6  9  7  7  8  3  9  22  10  39  11  66  12  68  13  2  14  76  15  22  16  29  17  20  18  83  19  94
  0  5  1  30  2  50  3  24  4  8  5  87  6  73  7  13  8  11  9  75  10  81  11  85  12  30  13  33  14  7  15  98  16  5  17  27  18  45  19  87
  0  61  1  85  2  68  3  63  4  94  5  89  6  66  7  74  8  13  9  78  10  36  11  97  12  11  13  29  14  57  15  39  16  82  17  7  18  99  19  44
  0  89  1  1  2  66  3  45  4  35  5  80  6  77  7  12  8  16  9  60  10  21  11  71  12  53  13  41  14  49  15  11  16  23  17  57  18  87  19  93
  0  36  1  74  2  87  3  28  4  44  5  1  6  34  7  96  8  58  9  97  10  98  11  23  12  25  13  22  14  95  15  18  16  82  17  27  18  70  19  66
  0  92  1  1  2  51  3  19  4  31  5  28  6  24  7  5  8  72  9  88  10  9  11  92  12  10  13  49  14  71  15  53  16  77  17  1  18  82  19  99
  0  93  1  36  2  87  3  23  4  32  5  98  6  95  7  34  8  65  9  22  10  71  11  83  12  75  13  49  14  78  15  27  16  8  17  7  18  35  19  49
  0  3  1  64  2  69  3  70  4  57  5  12  6  77  7  97  8  72  9  25  10  32  11  85  12  11  13  18  14  85  15  29  16  63  17  84  18  74  19  9
  0  90  1  87  2  20  3  42  4  98  5  52  6  69  7  23  8  63  9  60  10  28  11  55  12  12  13  62  14  88  15  7  16  17  17  42  18  44  19  45
  0  80  1  19  2  40  3  23  4  93  5  59  6  14  7  31  8  12  9  27  10  12  11  38  12  77  13  12  14  6  15  79  16  80  17  99  18  19  19  69
  0  40  1  90  2  49  3  43  4  35  5  52  6  62  7  64  8  43  9  90  10  62  11  36  12  43  13  71  14  90  15  16  16  93  17  98  18  93  19  29
  0  7  1  71  2  67  3  2  4  61  5  56  6  69  7  88  8  33  9  31  10  49  11  58  12  45  13  18  14  47  15  42  16  49  17  2  18  61  19  89
  0  1  1  79  2  73  3  68  4  87  5  16  6  90  7  98  8  25  9  91  10  49  11  28  12  22  13  58  14  75  15  61  16  91  17  52  18  5  19  23
  0  54  1  26  2  7  3  18  4  49  5  86  6  71  7  86  8  69  9  73  10  34  11  10  12  71  13  99  14  71  15  97  16  34  17  34  18  77  19  40
  0  64  1  16  2  7  3  43  4  63  5  20  6  47  7  61  8  30  9  2  10  55  11  92  12  32  13  12  14  67  15  7  16  87  17  58  18  71  19  19
  0  48  1  24  2  6  3  38  4  49  5  12  6  2  7  39  8  90  9  48  10  15  11  40  12  54  13  71  14  92  15  96  16  82  17  87  18  72  19  31
  0  53  1  75  2  18  3  65  4  43  5  63  6  31  7  17  8  59  9  16  10  3  11  91  12  80  13  7  14  77  15  68  16  44  17  48  18  61  19  64
  0  51  1  31  2  90  3  33  4  1  5  73  6  35  7  18  8  64  9  87  10  14  11  81  12  53  13  15  14  39  15  66  16  53  17  97  18  26  19  74
  0  27  1  63  2  17  3  62  4  98  5  69  6  27  7  76  8  78  9  11  10  98  11  3  12  4  13  97  14  21  15  85  16  75  17  63  18  64  19  46
  0  37  1  39  2  13  3  4  4  34  5  35  6  20  7  78  8  20  9  76  10  6  11  37  12  19  13  25  14  72  15  99  16  71  17  55  18  9  19  24
  0  89  1  72  2  13  3  41  4  22  5  8  6  48  7  96  8  11  9  97  10  12  11  26  12  67  13  59  14  88  15  76  16  16  17  16  18  10  19  45
  0  84  1  11  2  51  3  95  4  26  5  43  6  24  7  76  8  11  9  3  10  54  11  52  12  28  13  76  14  57  15  26  16  70  17  69  18  42  19  98
  0  7  1  56  2  11  3  11  4  57  5  60  6  34  7  58  8  31  9  11  10  12  11  64  12  81  13  53  14  69  15  73  16  4  17  82  18  32  19  75
  0  66  1  47  2  70  3  87  4  59  5  35  6  33  7  59  8  1  9  33  10  96  11  57  12  24  13  39  14  96  15  62  16  52  17  46  18  20  19  90
  0  26  1  44  2  78  3  93  4  34  5  3  6  94  7  27  8  70  9  29  10  58  11  86  12  26  13  17  14  42  15  39  16  62  17  32  18  96  19  3
TPM
  0  2546  1  2546  2  2546  3  2546  4  2546  5  2546  6  2546  7  2546  8  2546  9  2546  10  2546  11  2546  12  2546  13  2546  14  2546  15  2546  16  2546  17  2546  18  2546  19  2546
PMT
  0  14  1  24  2  9  3  17  4  22  5  16  6  2  7  12  8  9  9  5  10  23  11  24  12  16  13  3  14  5  15  12  16  13  17  2  18  21  19  11
  0  3  1  21  2  15  3  3  4  4  5  9  6  8  7  23  8  8  9  6  10  13  11  18  12  16  13  1  14  2  15  16  16  23  17  19  18  18  19  12
  0  7  1  20  2  20  3  22  4  5  5  17  6  21  7  24  8  9  9  12  10  8  11  13  12  18  13  20  14  3  15  12  16  2  17  7  18  17  19  8
  0  18  1  7  2  15  3  13  4  13  5  9  6  21  7  2  8  23  9  8  10  11  11  12  12  23  13  5  14  20  15  13  16  19  17  15  18  21  19  18
  0  19  1  18  2  12  3  24  4  16  5  14  6  16  7  4  8  24  9  1  10  19  11  2  12  2  13  11  14  7  15  17  16  6  17  8  18  18  19  23
  0  2  1  3  2  13  3  8  4  7  5  7  6  18  7  16  8  12  9  20  10  21  11  17  12  14  13  13  14  17  15  18  16  17  17  20  18  23  19  9
  0  9  1  18  2  11  3  15  4  17  5  9  6  4  7  4  8  18  9  16  10  23  11  14  12  3  13  4  14  12  15  3  16  18  17  20  18  3  19  19
  0  11  1  4  2  24  3  6  4  9  5  4  6  15  7  24  8  5  9  9  10  16  11  9  12  3  13  12  14  9  15  3  16  3  17  9  18  10  19  11
  0  23  1  16  2  3  3  13  4  14  5  16  6  17  7  21  8  2  9  15  10  5  11  8  12  1  13  1  14  19  15  11  16  18  17  8  18  6  19  7
  0  5  1  9  2  13  3  14  4  9  5  6  6  22  7  16  8  24  9  13  10  15  11  15  12  16  13  23  14  1  15  19  16  14  17  2  18  16  19  18
  0  11  1  12  2  2  3  12  4  15  5  15  6  11  7  22  8  4  9  5  10  18  11  12  12  10  13  1  14  5  15  9  16  19  17  24  18  9  19  3
  0  1  1  15  2  23  3  8  4  11  5  18  6  18  7  14  8  21  9  24  10  20  11  24  12  11  13  1  14  15  15  8  16  21  17  18  18  16  19  21
  0  24  1  11  2  14  3  18  4  4  5  20  6  12  7  8  8  9  9  16  10  17  11  5  12  5  13  2  14  2  15  21  16  22  17  14  18  16  19  14
  0  20  1  6  2  16  3  23  4  1  5  23  6  10  7  18  8  12  9  23  10  14  11  1  12  11  13  1  14  11  15  14  16  8  17  10  18  2  19  1
  0  14  1  3  2  14  3  12  4  13  5  2  6  5  7  23  8  11  9  13  10  7  11  17  12  11  13  21  14  17  15  1  16  12  17  20  18  20  19  9
  0  10  1  14  2  21  3  19  4  16  5  14  6  9  7  22  8  15  9  18  10  18  11  5  12  2  13  5  14  13  15  7  16  6  17  11  18  1  19  1
  0  10  1  2  2  15  3  3  4  11  5  1  6  12  7  15  8  16  9  4  10  23  11  19  12  13  13  13  14  20  15  2  16  17  17  1  18  15  19  20
  0  5  1  20  2  7  3  14  4  4  5  15  6  21  7  20  8  16  9  19  10  19  11  2  12  24  13  4  14  17  15  13  16  3  17  6  18  12  19  9
  0  14  1  13  2  18  3  8  4  3  5  12  6  2  7  10  8  10  9  20  10  17  11  20  12  24  13  23  14  11  15  23  16  8  17  5  18  13  19  2
  0  6  1  10  2  5  3  14  4  8  5  6  6  24  7  20  8  11  9  3  10  8  11  20  12  19  13  10  14  19  15  5  16  11  17  21  18  23  19  20
