100  20
  0  2  1  87  2  51  3  68  4  70  5  88  6  99  7  68  8  5  9  48  10  42  11  42  12  18  13  77  14  1  15  28  16  72  17  38  18  38  19  42
  0  96  1  41  2  6  3  15  4  23  5  6  6  9  7  12  8  96  9  38  10  86  11  11  12  88  13  39  14  92  15  41  16  96  17  38  18  54  19  12
  0  10  1  9  2  18  3  85  4  8  5  31  6  16  7  79  8  74  9  89  10  32  11  97  12  75  13  23  14  23  15  18  16  24  17  74  18  35  19  1
  0  28  1  4  2  37  3  87  4  6  5  56  6  23  7  94  8  92  9  3  10  98  11  46  12  95  13  99  14  27  15  80  16  59  17  26  18  2  19  25
  0  57  1  94  2  76  3  34  4  5  5  65  6  73  7  32  8  76  9  81  10  48  11  98  12  71  13  7  14  65  15  91  16  42  17  69  18  41  19  9
  0  6  1  98  2  41  3  7  4  83  5  29  6  39  7  53  8  46  9  17  10  79  11  64  12  64  13  69  14  96  15  63  16  75  17  7  18  82  19  61
  0  37  1  92  2  17  3  34  4  21  5  4  6  83  7  66  8  51  9  32  10  47  11  73  12  19  13  34  14  68  15  16  16  12  17  72  18  72  19  89
  0  31  1  9  2  1  3  35  4  6  5  53  6  18  7  4  8  16  9  79  10  48  11  91  12  75  13  45  14  60  15  96  16  58  17  92  18  29  19  88
  0  48  1  17  2  44  3  85  4  57  5  16  6  45  7  75  8  33  9  76  10  97  11  32  12  66  13  48  14  39  15  2  16  57  17  3  18  68  19  80
  0  94  1  11  2  48  3  92  4  74  5  46  6  51  7  34  8  54  9  20  10  65  11  66  12  17  13  17  14  34  15  51  16  81  17  43  18  10  19  71
  0  13  1  58  2  38  3  81  4  93  5  28  6  99  7  65  8  57  9  97  10  77  11  29  12  18  13  23  14  35  15  17  16  33  17  71  18  14  19  51
  0  71  1  77  2  84  3  41  4  1  5  45  6  23  7  82  8  94  9  12  10  78  11  72  12  31  13  6  14  68  15  95  16  41  17  85  18  10  19  60
  0  6  1  35  2  76  3  89  4  33  5  36  6  38  7  97  8  62  9  69  10  21  11  9  12  59  13  98  14  4  15  87  16  9  17  37  18  17  19  1
  0  36  1  13  2  45  3  30  4  82  5  75  6  13  7  92  8  30  9  7  10  26  11  50  12  70  13  35  14  96  15  12  16  25  17  63  18  63  19  54
  0  89  1  58  2  1  3  28  4  55  5  66  6  65  7  12  8  16  9  45  10  25  11  33  12  87  13  33  14  77  15  76  16  73  17  95  18  51  19  45
  0  68  1  19  2  30  3  35  4  81  5  36  6  72  7  54  8  18  9  13  10  92  11  86  12  54  13  26  14  31  15  87  16  87  17  8  18  41  19  55
  0  58  1  45  2  56  3  16  4  66  5  54  6  23  7  31  8  28  9  65  10  10  11  85  12  52  13  96  14  30  15  46  16  34  17  98  18  40  19  80
  0  75  1  89  2  86  3  78  4  10  5  30  6  42  7  22  8  73  9  92  10  29  11  89  12  38  13  31  14  22  15  94  16  31  17  52  18  3  19  91
  0  80  1  52  2  70  3  4  4  69  5  60  6  63  7  46  8  84  9  3  10  35  11  64  12  99  13  93  14  80  15  95  16  26  17  1  18  14  19  26
  0  19  1  41  2  50  3  22  4  20  5  18  6  36  7  21  8  77  9  1  10  16  11  42  12  83  13  95  14  64  15  47  16  95  17  73  18  89  19  34
  0  58  1  47  2  98  3  87  4  32  5  20  6  85  7  86  8  84  9  35  10  79  11  51  12  19  13  13  14  57  15  88  16  34  17  41  18  11  19  53
  0  43  1  67  2  39  3  48  4  99  5  6  6  76  7  21  8  93  9  47  10  98  11  39  12  40  13  53  14  68  15  37  16  53  17  57  18  92  19  83
  0  80  1  5  2  24  3  6  4  57  5  17  6  26  7  62  8  73  9  57  10  64  11  60  12  3  13  14  14  24  15  56  16  8  17  60  18  40  19  89
  0  18  1  36  2  6  3  23  4  80  5  63  6  87  7  11  8  82  9  92  10  65  11  2  12  26  13  47  14  82  15  58  16  7  17  7  18  59  19  46
  0  96  1  41  2  13  3  16  4  70  5  98  6  98  7  98  8  99  9  10  10  44  11  72  12  12  13  42  14  51  15  82  16  94  17  36  18  98  19  12
  0  79  1  7  2  46  3  37  4  45  5  74  6  44  7  33  8  30  9  81  10  86  11  78  12  25  13  89  14  76  15  6  16  98  17  76  18  68  19  88
  0  83  1  74  2  25  3  49  4  7  5  11  6  4  7  45  8  62  9  54  10  47  11  52  12  40  13  75  14  54  15  71  16  76  17  65  18  45  19  12
  0  79  1  83  2  66  3  27  4  45  5  19  6  75  7  18  8  80  9  95  10  16  11  23  12  78  13  45  14  73  15  57  16  23  17  34  18  58  19  71
  0  25  1  20  2  80  3  52  4  4  5  70  6  83  7  67  8  72  9  71  10  78  11  37  12  93  13  2  14  79  15  95  16  6  17  66  18  32  19  53
  0  47  1  99  2  98  3  81  4  20  5  82  6  30  7  89  8  70  9  48  10  36  11  57  12  89  13  55  14  44  15  40  16  44  17  59  18  8  19  69
  0  99  1  13  2  85  3  6  4  3  5  72  6  37  7  20  8  21  9  89  10  69  11  18  12  68  13  28  14  53  15  26  16  55  17  17  18  88  19  98
  0  48  1  35  2  85  3  27  4  28  5  2  6  90  7  50  8  77  9  3  10  72  11  8  12  39  13  81  14  60  15  74  16  25  17  73  18  74  19  66
  0  69  1  66  2  14  3  26  4  55  5  17  6  88  7  2  8  50  9  50  10  93  11  95  12  45  13  22  14  79  15  41  16  75  17  22  18  68  19  27
  0  57  1  59  2  5  3  93  4  84  5  39  6  47  7  57  8  67  9  30  10  54  11  37  12  92  13  92  14  92  15  98  16  54  17  94  18  94  19  36
  0  78  1  55  2  41  3  48  4  37  5  82  6  20  7  91  8  30  9  1  10  32  11  20  12  75  13  81  14  4  15  20  16  47  17  17  18  44  19  25
  0  28  1  14  2  65  3  65  4  97  5  88  6  33  7  68  8  54  9  88  10  36  11  40  12  32  13  72  14  77  15  80  16  89  17  34  18  35  19  5
  0  55  1  40  2  35  3  89  4  66  5  17  6  50  7  66  8  47  9  17  10  99  11  10  12  90  13  39  14  25  15  18  16  53  17  92  18  66  19  70
  0  81  1  18  2  53  3  8  4  17  5  14  6  4  7  78  8  59  9  39  10  77  11  37  12  78  13  63  14  34  15  3  16  99  17  9  18  95  19  89
  0  24  1  13  2  13  3  96  4  31  5  68  6  74  7  93  8  94  9  62  10  23  11  52  12  2  13  98  14  64  15  15  16  51  17  64  18  70  19  81
  0  90  1  8  2  29  3  80  4  90  5  15  6  85  7  32  8  86  9  97  10  73  11  35  12  27  13  46  14  36  15  32  16  14  17  7  18  82  19  26
  0  20  1  78  2  37  3  66  4  20  5  43  6  63  7  21  8  67  9  74  10  78  11  90  12  15  13  93  14  95  15  58  16  47  17  60  18  49  19  62
  0  75  1  16  2  89  3  27  4  22  5  30  6  71  7  18  8  89  9  6  10  45  11  78  12  91  13  39  14  43  15  74  16  79  17  57  18  21  19  66
  0  14  1  69  2  82  3  60  4  56  5  96  6  13  7  26  8  68  9  82  10  84  11  81  12  54  13  92  14  29  15  74  16  87  17  49  18  74  19  17
  0  3  1  62  2  83  3  49  4  36  5  64  6  76  7  46  8  63  9  44  10  85  11  78  12  51  13  41  14  88  15  8  16  26  17  59  18  39  19  73
  0  37  1  86  2  54  3  88  4  52  5  53  6  53  7  67  8  19  9  56  10  50  11  46  12  81  13  19  14  48  15  69  16  44  17  94  18  76  19  56
  0  93  1  99  2  80  3  62  4  55  5  55  6  53  7  4  8  24  9  72  10  63  11  23  12  1  13  98  14  23  15  89  16  34  17  18  18  97  19  80
  0  21  1  75  2  58  3  82  4  48  5  64  6  13  7  3  8  69  9  89  10  82  11  92  12  32  13  17  14  7  15  10  16  14  17  44  18  85  19  80
  0  39  1  72  2  96  3  29  4  71  5  63  6  54  7  98  8  7  9  2  10  77  11  71  12  16  13  1  14  7  15  61  16  11  17  29  18  79  19  44
  0  32  1  31  2  35  3  44  4  78  5  84  6  41  7  93  8  32  9  14  10  44  11  24  12  51  13  38  14  81  15  79  16  24  17  47  18  16  19  36
  0  14  1  14  2  82  3  78  4  39  5  98  6  57  7  72  8  67  9  92  10  76  11  24  12  13  13  20  14  75  15  15  16  70  17  85  18  37  19  69
  0  27  1  38  2  42  3  82  4  28  5  95  6  82  7  93  8  98  9  36  10  75  11  31  12  39  13  62  14  80  15  24  16  41  17  2  18  23  19  68
  0  6  1  78  2  58  3  3  4  60  5  76  6  50  7  10  8  88  9  97  10  26  11  77  12  29  13  63  14  43  15  58  16  25  17  18  18  94  19  26
  0  99  1  36  2  4  3  21  4  7  5  47  6  14  7  14  8  83  9  18  10  65  11  55  12  2  13  55  14  8  15  75  16  84  17  42  18  4  19  47
  0  48  1  94  2  13  3  37  4  85  5  4  6  60  7  14  8  89  9  19  10  36  11  63  12  94  13  74  14  72  15  51  16  76  17  65  18  4  19  36
  0  46  1  20  2  3  3  99  4  21  5  37  6  31  7  71  8  60  9  80  10  83  11  49  12  7  13  47  14  82  15  55  16  55  17  45  18  61  19  68
  0  55  1  61  2  53  3  22  4  15  5  98  6  53  7  73  8  50  9  9  10  47  11  61  12  20  13  55  14  1  15  24  16  17  17  82  18  63  19  48
  0  27  1  73  2  37  3  48  4  58  5  19  6  94  7  17  8  11  9  45  10  64  11  98  12  46  13  52  14  20  15  56  16  56  17  75  18  22  19  49
  0  67  1  64  2  15  3  43  4  9  5  41  6  77  7  11  8  34  9  98  10  66  11  1  12  87  13  22  14  17  15  82  16  39  17  69  18  85  19  93
  0  42  1  28  2  38  3  40  4  75  5  45  6  34  7  49  8  79  9  93  10  54  11  46  12  8  13  14  14  59  15  18  16  35  17  62  18  6  19  97
  0  5  1  33  2  28  3  54  4  9  5  51  6  74  7  2  8  22  9  53  10  68  11  37  12  50  13  91  14  4  15  86  16  45  17  36  18  23  19  19
  0  9  1  59  2  27  3  41  4  89  5  36  6  7  7  6  8  32  9  76  10  6  11  81  12  50  13  81  14  61  15  67  16  21  17  3  18  62  19  58
  0  19  1  22  2  32  3  83  4  50  5  4  6  34  7  87  8  47  9  68  10  39  11  15  12  32  13  3  14  22  15  17  16  68  17  4  18  58  19  7
  0  46  1  11  2  51  3  17  4  81  5  85  6  8  7  32  8  21  9  40  10  36  11  17  12  82  13  22  14  44  15  52  16  72  17  1  18  53  19  52
  0  60  1  31  2  61  3  20  4  2  5  71  6  17  7  65  8  42  9  85  10  93  11  9  12  41  13  62  14  66  15  18  16  97  17  31  18  34  19  73
  0  67  1  48  2  52  3  47  4  3  5  91  6  46  7  44  8  62  9  89  10  37  11  47  12  55  13  57  14  94  15  50  16  34  17  35  18  96  19  87
  0  44  1  44  2  70  3  76  4  91  5  99  6  29  7  53  8  87  9  48  10  35  11  46  12  83  13  30  14  69  15  27  16  10  17  70  18  59  19  42
  0  75  1  50  2  13  3  95  4  88  5  26  6  71  7  55  8  9  9  82  10  44  11  88  12  51  13  40  14  21  15  62  16  89  17  60  18  66  19  51
  0  30  1  15  2  32  3  43  4  56  5  11  6  46  7  44  8  72  9  87  10  76  11  15  12  86  13  29  14  60  15  80  16  9  17  61  18  51  19  15
  0  70  1  24  2  45  3  85  4  74  5  27  6  53  7  99  8  38  9  53  10  58  11  97  12  90  13  52  14  69  15  84  16  37  17  35  18  45  19  92
  0  98  1  71  2  73  3  11  4  79  5  45  6  9  7  40  8  52  9  34  10  19  11  43  12  28  13  88  14  85  15  1  16  67  17  53  18  53  19  4
  0  54  1  56  2  36  3  37  4  26  5  28  6  23  7  28  8  43  9  68  10  29  11  72  12  34  13  43  14  96  15  63  16  56  17  88  18  40  19  74
  0  44  1  57  2  86  3  88  4  54  5  26  6  56  7  64  8  22  9  66  10  84  11  73  12  72  13  19  14  83  15  69  16  80  17  55  18  92  19  60
  0  52  1  94  2  62  3  95  4  67  5  22  6  72  7  86  8  30  9  17  10  88  11  37  12  98  13  91  14  92  15  30  16  85  17  9  18  46  19  16
  0  67  1  5  2  84  3  91  4  38  5  61  6  33  7  55  8  89  9  89  10  4  11  5  12  9  13  22  14  10  15  77  16  21  17  20  18  4  19  80
  0  31  1  60  2  40  3  41  4  20  5  43  6  2  7  80  8  22  9  26  10  47  11  2  12  73  13  5  14  68  15  22  16  12  17  72  18  72  19  12
  0  75  1  37  2  12  3  14  4  20  5  73  6  40  7  45  8  60  9  45  10  67  11  25  12  99  13  20  14  30  15  58  16  1  17  63  18  6  19  85
  0  29  1  89  2  52  3  75  4  50  5  96  6  30  7  12  8  67  9  12  10  38  11  13  12  50  13  44  14  94  15  74  16  58  17  97  18  23  19  32
  0  89  1  1  2  21  3  84  4  92  5  63  6  46  7  18  8  23  9  46  10  23  11  22  12  35  13  32  14  57  15  99  16  44  17  7  18  36  19  91
  0  94  1  11  2  19  3  92  4  15  5  5  6  60  7  6  8  58  9  60  10  27  11  76  12  49  13  86  14  95  15  5  16  82  17  33  18  30  19  6
  0  57  1  35  2  97  3  3  4  34  5  3  6  58  7  44  8  43  9  57  10  33  11  75  12  95  13  69  14  56  15  40  16  60  17  58  18  40  19  62
  0  22  1  48  2  27  3  30  4  21  5  96  6  98  7  15  8  51  9  39  10  72  11  66  12  62  13  16  14  2  15  71  16  80  17  75  18  52  19  85
  0  72  1  64  2  42  3  57  4  86  5  58  6  42  7  6  8  66  9  89  10  95  11  27  12  11  13  69  14  94  15  48  16  26  17  20  18  15  19  29
  0  99  1  62  2  16  3  3  4  88  5  21  6  32  7  4  8  97  9  42  10  41  11  11  12  95  13  41  14  61  15  17  16  98  17  20  18  20  19  93
  0  1  1  29  2  11  3  20  4  55  5  51  6  7  7  94  8  23  9  42  10  8  11  41  12  40  13  55  14  54  15  73  16  72  17  28  18  15  19  10
  0  69  1  16  2  24  3  13  4  19  5  93  6  64  7  16  8  76  9  64  10  85  11  68  12  20  13  50  14  1  15  90  16  45  17  41  18  39  19  43
  0  11  1  42  2  14  3  28  4  98  5  38  6  36  7  98  8  43  9  59  10  98  11  32  12  45  13  30  14  4  15  92  16  84  17  25  18  5  19  97
  0  79  1  74  2  84  3  52  4  72  5  73  6  3  7  24  8  38  9  7  10  71  11  72  12  27  13  95  14  48  15  52  16  17  17  4  18  56  19  52
  0  15  1  82  2  62  3  45  4  38  5  36  6  85  7  59  8  74  9  35  10  10  11  90  12  79  13  2  14  17  15  25  16  93  17  65  18  82  19  35
  0  54  1  38  2  82  3  70  4  49  5  74  6  2  7  56  8  49  9  14  10  65  11  68  12  93  13  11  14  11  15  58  16  26  17  10  18  75  19  29
  0  10  1  15  2  82  3  3  4  65  5  69  6  31  7  23  8  7  9  36  10  34  11  74  12  76  13  43  14  55  15  33  16  90  17  43  18  43  19  66
  0  65  1  3  2  64  3  38  4  73  5  4  6  73  7  10  8  49  9  44  10  79  11  27  12  50  13  53  14  6  15  29  16  36  17  70  18  30  19  43
  0  27  1  42  2  75  3  24  4  55  5  51  6  71  7  64  8  9  9  64  10  16  11  91  12  48  13  71  14  5  15  12  16  38  17  65  18  8  19  75
  0  14  1  54  2  8  3  84  4  96  5  36  6  36  7  43  8  8  9  66  10  66  11  37  12  57  13  86  14  51  15  97  16  1  17  12  18  17  19  75
  0  95  1  93  2  40  3  25  4  94  5  94  6  91  7  94  8  59  9  43  10  96  11  61  12  88  13  73  14  70  15  43  16  85  17  42  18  8  19  4
  0  10  1  92  2  45  3  16  4  87  5  14  6  35  7  45  8  91  9  94  10  78  11  83  12  85  13  84  14  15  15  40  16  16  17  15  18  78  19  52
  0  98  1  34  2  52  3  6  4  8  5  57  6  80  7  50  8  96  9  44  10  32  11  53  12  84  13  51  14  22  15  49  16  1  17  18  18  25  19  46
  0  66  1  89  2  42  3  18  4  49  5  82  6  13  7  94  8  37  9  46  10  74  11  8  12  6  13  76  14  11  15  81  16  68  17  81  18  49  19  61
  0  44  1  15  2  95  3  14  4  90  5  18  6  5  7  62  8  66  9  36  10  46  11  13  12  31  13  7  14  98  15  13  16  97  17  31  18  86  19  29
  0  98  1  73  2  37  3  41  4  22  5  56  6  35  7  92  8  32  9  41  10  94  11  40  12  84  13  17  14  62  15  93  16  98  17  35  18  52  19  40
  0  43  1  50  2  49  3  93  4  53  5  77  6  39  7  10  8  81  9  68  10  60  11  67  12  53  13  51  14  76  15  89  16  75  17  3  18  16  19  77
TPM
  0  1446  1  1446  2  1446  3  1446  4  1446  5  1446  6  1446  7  1446  8  1446  9  1446  10  1446  11  1446  12  1446  13  1446  14  1446  15  1446  16  1446  17  1446  18  1446  19  1446
PMT
  0  25  1  51  2  32  3  58  4  13  5  13  6  73  7  82  8  93  9  19  10  77  11  25  12  79  13  89  14  15  15  66  16  66  17  53  18  56  19  59
  0  90  1  28  2  40  3  15  4  67  5  4  6  55  7  51  8  82  9  93  10  69  11  7  12  35  13  49  14  79  15  94  16  62  17  58  18  45  19  51
  0  76  1  54  2  40  3  17  4  13  5  27  6  45  7  43  8  67  9  4  10  43  11  21  12  52  13  37  14  6  15  59  16  24  17  26  18  84  19  78
  0  50  1  48  2  39  3  82  4  19  5  91  6  57  7  37  8  6  9  4  10  71  11  56  12  59  13  95  14  56  15  72  16  68  17  81  18  74  19  68
  0  16  1  22  2  95  3  58  4  33  5  21  6  13  7  74  8  18  9  84  10  32  11  82  12  75  13  34  14  94  15  42  16  92  17  54  18  87  19  80
  0  54  1  95  2  22  3  35  4  69  5  70  6  90  7  9  8  62  9  17  10  58  11  19  12  38  13  20  14  12  15  47  16  41  17  97  18  96  19  13
  0  59  1  14  2  12  3  34  4  43  5  62  6  32  7  53  8  38  9  35  10  92  11  26  12  60  13  76  14  43  15  8  16  50  17  72  18  61  19  97
