200  5
  0  12  1  20  2  87  3  34  4  85
  0  74  1  37  2  60  3  7  4  77
  0  31  1  85  2  10  3  52  4  6
  0  61  1  98  2  79  3  55  4  88
  0  19  1  92  2  2  3  47  4  69
  0  23  1  27  2  4  3  60  4  49
  0  89  1  92  2  99  3  13  4  22
  0  27  1  62  2  12  3  63  4  85
  0  66  1  79  2  82  3  58  4  75
  0  18  1  11  2  81  3  80  4  39
  0  50  1  73  2  50  3  25  4  69
  0  53  1  46  2  22  3  81  4  10
  0  36  1  32  2  57  3  51  4  60
  0  48  1  45  2  51  3  26  4  66
  0  79  1  68  2  41  3  65  4  3
  0  20  1  16  2  23  3  34  4  12
  0  81  1  40  2  68  3  79  4  11
  0  56  1  77  2  79  3  43  4  6
  0  47  1  39  2  49  3  34  4  84
  0  49  1  76  2  69  3  61  4  66
  0  70  1  43  2  90  3  60  4  69
  0  69  1  51  2  6  3  2  4  55
  0  4  1  22  2  37  3  93  4  61
  0  4  1  85  2  47  3  12  4  4
  0  30  1  52  2  7  3  39  4  36
  0  74  1  60  2  55  3  85  4  9
  0  21  1  60  2  21  3  7  4  17
  0  14  1  99  2  65  3  82  4  30
  0  84  1  16  2  16  3  32  4  40
  0  2  1  27  2  74  3  92  4  21
  0  81  1  3  2  82  3  78  4  38
  0  38  1  16  2  87  3  41  4  91
  0  84  1  87  2  20  3  48  4  37
  0  90  1  3  2  81  3  85  4  65
  0  48  1  82  2  2  3  22  4  37
  0  17  1  40  2  57  3  9  4  43
  0  81  1  66  2  16  3  55  4  84
  0  43  1  15  2  38  3  89  4  22
  0  52  1  32  2  29  3  18  4  97
  0  70  1  11  2  88  3  12  4  18
  0  91  1  22  2  92  3  28  4  70
  0  3  1  5  2  97  3  47  4  39
  0  95  1  87  2  36  3  35  4  61
  0  44  1  27  2  42  3  4  4  19
  0  44  1  38  2  93  3  2  4  31
  0  96  1  41  2  93  3  65  4  60
  0  28  1  81  2  86  3  25  4  57
  0  11  1  92  2  3  3  27  4  53
  0  27  1  17  2  19  3  16  4  70
  0  43  1  89  2  49  3  11  4  10
  0  69  1  36  2  46  3  14  4  32
  0  76  1  61  2  16  3  80  4  12
  0  57  1  29  2  55  3  29  4  50
  0  4  1  79  2  49  3  52  4  78
  0  81  1  8  2  5  3  48  4  59
  0  59  1  34  2  71  3  87  4  56
  0  42  1  22  2  71  3  22  4  46
  0  37  1  6  2  85  3  46  4  50
  0  93  1  47  2  78  3  81  4  18
  0  20  1  68  2  29  3  90  4  39
  0  16  1  4  2  17  3  43  4  60
  0  81  1  41  2  75  3  9  4  65
  0  65  1  50  2  36  3  89  4  63
  0  86  1  77  2  14  3  23  4  8
  0  73  1  69  2  2  3  45  4  51
  0  70  1  60  2  17  3  36  4  7
  0  16  1  53  2  35  3  64  4  51
  0  88  1  35  2  53  3  34  4  51
  0  8  1  32  2  54  3  19  4  17
  0  67  1  94  2  16  3  56  4  62
  0  63  1  74  2  85  3  27  4  72
  0  79  1  30  2  11  3  48  4  81
  0  53  1  85  2  80  3  41  4  39
  0  61  1  74  2  25  3  26  4  87
  0  51  1  97  2  79  3  44  4  4
  0  49  1  15  2  46  3  11  4  71
  0  81  1  13  2  74  3  68  4  84
  0  70  1  19  2  50  3  4  4  82
  0  66  1  79  2  31  3  50  4  99
  0  27  1  46  2  8  3  44  4  87
  0  88  1  99  2  55  3  53  4  3
  0  38  1  83  2  33  3  67  4  56
  0  52  1  92  2  35  3  15  4  76
  0  24  1  30  2  31  3  96  4  85
  0  94  1  28  2  21  3  75  4  86
  0  26  1  87  2  15  3  54  4  32
  0  91  1  61  2  36  3  93  4  50
  0  83  1  89  2  15  3  85  4  62
  0  23  1  66  2  54  3  94  4  82
  0  26  1  59  2  27  3  38  4  34
  0  11  1  37  2  55  3  56  4  38
  0  38  1  46  2  76  3  52  4  81
  0  42  1  77  2  15  3  81  4  40
  0  61  1  86  2  79  3  86  4  40
  0  20  1  29  2  34  3  87  4  47
  0  68  1  69  2  23  3  81  4  15
  0  84  1  90  2  10  3  85  4  73
  0  38  1  64  2  35  3  41  4  7
  0  96  1  83  2  76  3  99  4  85
  0  38  1  28  2  85  3  61  4  60
  0  71  1  42  2  20  3  28  4  63
  0  65  1  58  2  84  3  27  4  92
  0  75  1  77  2  3  3  3  4  86
  0  37  1  68  2  10  3  65  4  39
  0  13  1  58  2  20  3  52  4  2
  0  70  1  44  2  70  3  87  4  36
  0  16  1  69  2  55  3  13  4  35
  0  57  1  81  2  87  3  9  4  86
  0  67  1  38  2  41  3  55  4  81
  0  60  1  81  2  25  3  92  4  72
  0  29  1  22  2  12  3  11  4  17
  0  96  1  48  2  73  3  99  4  68
  0  64  1  73  2  37  3  78  4  82
  0  10  1  39  2  14  3  65  4  80
  0  15  1  96  2  87  3  76  4  49
  0  39  1  70  2  42  3  77  4  9
  0  32  1  87  2  62  3  55  4  92
  0  86  1  76  2  1  3  27  4  9
  0  35  1  77  2  58  3  46  4  56
  0  86  1  29  2  54  3  24  4  97
  0  99  1  8  2  89  3  13  4  66
  0  38  1  40  2  74  3  75  4  18
  0  5  1  73  2  5  3  84  4  92
  0  18  1  20  2  45  3  83  4  26
  0  36  1  86  2  1  3  90  4  30
  0  91  1  51  2  16  3  5  4  30
  0  2  1  10  2  79  3  73  4  40
  0  11  1  64  2  68  3  27  4  55
  0  60  1  44  2  38  3  34  4  60
  0  56  1  67  2  83  3  66  4  83
  0  18  1  11  2  50  3  36  4  19
  0  54  1  98  2  38  3  44  4  19
  0  52  1  88  2  7  3  53  4  4
  0  22  1  68  2  40  3  26  4  26
  0  90  1  29  2  47  3  68  4  98
  0  27  1  83  2  57  3  56  4  33
  0  13  1  40  2  55  3  70  4  31
  0  97  1  81  2  66  3  40  4  2
  0  4  1  72  2  46  3  41  4  91
  0  31  1  83  2  35  3  73  4  30
  0  78  1  83  2  83  3  93  4  16
  0  25  1  52  2  21  3  90  4  9
  0  46  1  45  2  46  3  92  4  67
  0  95  1  23  2  26  3  51  4  74
  0  85  1  86  2  44  3  81  4  94
  0  65  1  30  2  51  3  35  4  33
  0  48  1  85  2  32  3  27  4  28
  0  99  1  3  2  39  3  9  4  6
  0  31  1  94  2  47  3  2  4  61
  0  54  1  18  2  54  3  52  4  89
  0  60  1  82  2  29  3  86  4  22
  0  76  1  38  2  3  3  16  4  19
  0  81  1  76  2  82  3  86  4  78
  0  60  1  17  2  49  3  5  4  25
  0  25  1  2  2  87  3  62  4  87
  0  86  1  63  2  82  3  70  4  89
  0  26  1  72  2  11  3  40  4  18
  0  86  1  42  2  14  3  51  4  58
  0  63  1  44  2  57  3  65  4  58
  0  90  1  94  2  95  3  14  4  94
  0  73  1  85  2  3  3  55  4  74
  0  26  1  17  2  83  3  63  4  69
  0  81  1  25  2  38  3  71  4  77
  0  51  1  60  2  58  3  54  4  77
  0  39  1  2  2  8  3  38  4  1
  0  37  1  56  2  33  3  37  4  63
  0  52  1  40  2  20  3  12  4  88
  0  36  1  39  2  61  3  5  4  79
  0  78  1  48  2  2  3  55  4  63
  0  97  1  4  2  73  3  20  4  63
  0  53  1  78  2  42  3  67  4  4
  0  12  1  61  2  69  3  51  4  23
  0  49  1  8  2  35  3  42  4  14
  0  85  1  74  2  44  3  62  4  9
  0  42  1  62  2  38  3  91  4  78
  0  55  1  58  2  76  3  3  4  12
  0  20  1  51  2  77  3  53  4  31
  0  51  1  26  2  79  3  92  4  79
  0  13  1  49  2  53  3  84  4  37
  0  10  1  81  2  75  3  99  4  5
  0  59  1  72  2  39  3  22  4  74
  0  10  1  56  2  75  3  63  4  47
  0  59  1  26  2  40  3  62  4  13
  0  65  1  11  2  15  3  70  4  55
  0  61  1  22  2  6  3  74  4  56
  0  65  1  2  2  1  3  6  4  42
  0  44  1  68  2  73  3  22  4  26
  0  48  1  32  2  53  3  70  4  44
  0  3  1  63  2  27  3  25  4  20
  0  25  1  90  2  5  3  21  4  85
  0  52  1  58  2  36  3  91  4  91
  0  40  1  48  2  36  3  45  4  27
  0  30  1  33  2  39  3  15  4  85
  0  89  1  54  2  34  3  60  4  11
  0  56  1  64  2  81  3  91  4  32
  0  71  1  55  2  56  3  85  4  87
  0  29  1  52  2  10  3  5  4  98
  0  22  1  25  2  62  3  2  4  96
  0  51  1  50  2  54  3  86  4  55
  0  49  1  7  2  72  3  93  4  73
TPM
  0  1786  1  1786  2  1786  3  1786  4  1786
PMT
  0  28  1  17  2  63  3  23  4  132
  0  23  1  103  2  117  3  147  4  96
  0  29  1  87  2  61  3  103  4  144
  0  22  1  51  2  130  3  87  4  52
  0  106  1  89  2  112  3  128  4  54
  0  40  1  20  2  2  3  124  4  45
  0  58  1  95  2  106  3  32  4  76
  0  83  1  142  2  42  3  4  4  17
  0  94  1  66  2  87  3  127  4  135
  0  79  1  137  2  17  3  56  4  145
  0  57  1  42  2  142  3  79  4  65
  0  146  1  136  2  104  3  115  4  46
