20  10
  0  55  1  41  2  11  3  61  4  85  5  44  6  73  7  77  8  52  9  3
  0  12  1  97  2  16  3  59  4  15  5  25  6  69  7  36  8  33  9  92
  0  65  1  4  2  46  3  98  4  64  5  69  6  21  7  85  8  89  9  14
  0  5  1  99  2  12  3  26  4  29  5  8  6  79  7  23  8  21  9  50
  0  71  1  53  2  51  3  60  4  56  5  21  6  56  7  85  8  56  9  77
  0  19  1  74  2  72  3  60  4  1  5  33  6  13  7  95  8  45  9  53
  0  19  1  78  2  19  3  67  4  4  5  95  6  31  7  90  8  32  9  67
  0  66  1  46  2  1  3  11  4  25  5  80  6  18  7  61  8  43  9  33
  0  78  1  98  2  41  3  97  4  75  5  63  6  23  7  97  8  18  9  60
  0  33  1  66  2  25  3  96  4  25  5  95  6  19  7  82  8  20  9  5
  0  49  1  97  2  44  3  32  4  10  5  17  6  75  7  57  8  34  9  27
  0  46  1  8  2  74  3  88  4  71  5  3  6  19  7  24  8  9  9  43
  0  77  1  35  2  69  3  45  4  55  5  82  6  24  7  84  8  97  9  76
  0  83  1  87  2  64  3  65  4  54  5  94  6  71  7  20  8  83  9  84
  0  11  1  47  2  49  3  20  4  37  5  89  6  67  7  76  8  74  9  85
  0  14  1  41  2  88  3  95  4  82  5  9  6  29  7  31  8  34  9  7
  0  33  1  26  2  3  3  26  4  37  5  56  6  61  7  42  8  60  9  76
  0  69  1  52  2  35  3  34  4  52  5  52  6  9  7  6  8  79  9  51
  0  39  1  26  2  58  3  85  4  51  5  30  6  35  7  67  8  47  9  21
  0  85  1  2  2  68  3  39  4  46  5  47  6  53  7  89  8  93  9  2
TPM
  0  678  1  678  2  678  3  678  4  678  5  678  6  678  7  678  8  678  9  678
PMT
  0  37  1  38  2  70  3  33  4  51  5  62  6  50  7  40  8  63  9  71
  0  35  1  3  2  28  3  41  4  22  5  66  6  49  7  22  8  24  9  21
  0  61  1  11  2  17  3  61  4  73  5  57  6  52  7  20  8  20  9  11
