200  15
  0  39  1  62  2  15  3  78  4  25  5  44  6  90  7  71  8  67  9  22  10  55  11  21  12  64  13  49  14  68
  0  52  1  40  2  2  3  44  4  86  5  80  6  70  7  12  8  44  9  92  10  74  11  87  12  41  13  16  14  47
  0  74  1  76  2  44  3  57  4  79  5  75  6  36  7  72  8  22  9  14  10  13  11  88  12  67  13  37  14  86
  0  64  1  13  2  69  3  58  4  53  5  2  6  60  7  77  8  3  9  61  10  18  11  62  12  74  13  64  14  20
  0  6  1  14  2  83  3  20  4  35  5  50  6  77  7  72  8  95  9  21  10  23  11  48  12  57  13  54  14  94
  0  18  1  88  2  41  3  52  4  23  5  45  6  89  7  74  8  59  9  48  10  44  11  68  12  49  13  62  14  1
  0  35  1  71  2  7  3  67  4  59  5  69  6  44  7  38  8  83  9  76  10  36  11  83  12  51  13  10  14  65
  0  82  1  42  2  24  3  54  4  32  5  46  6  42  7  38  8  28  9  35  10  80  11  65  12  95  13  29  14  52
  0  38  1  11  2  74  3  19  4  20  5  42  6  69  7  7  8  60  9  7  10  17  11  24  12  21  13  20  14  88
  0  35  1  11  2  76  3  8  4  91  5  51  6  7  7  22  8  9  9  30  10  74  11  98  12  47  13  33  14  24
  0  58  1  38  2  40  3  2  4  56  5  61  6  27  7  89  8  53  9  64  10  31  11  32  12  43  13  75  14  48
  0  50  1  34  2  63  3  74  4  77  5  87  6  31  7  26  8  47  9  81  10  56  11  72  12  23  13  30  14  10
  0  91  1  57  2  90  3  23  4  29  5  10  6  47  7  74  8  93  9  74  10  20  11  25  12  62  13  78  14  71
  0  21  1  46  2  62  3  8  4  35  5  45  6  65  7  72  8  33  9  12  10  50  11  90  12  67  13  74  14  59
  0  35  1  45  2  12  3  89  4  82  5  21  6  71  7  11  8  12  9  10  10  68  11  75  12  48  13  24  14  17
  0  99  1  57  2  74  3  78  4  8  5  52  6  91  7  19  8  60  9  46  10  61  11  23  12  25  13  92  14  78
  0  4  1  55  2  68  3  55  4  96  5  79  6  11  7  50  8  43  9  18  10  7  11  95  12  80  13  83  14  89
  0  48  1  17  2  39  3  3  4  78  5  41  6  1  7  28  8  76  9  1  10  20  11  91  12  60  13  57  14  95
  0  94  1  78  2  84  3  73  4  27  5  72  6  83  7  47  8  69  9  30  10  27  11  83  12  86  13  39  14  46
  0  7  1  63  2  36  3  40  4  28  5  53  6  99  7  61  8  19  9  16  10  35  11  1  12  44  13  83  14  46
  0  93  1  3  2  77  3  5  4  99  5  65  6  56  7  51  8  43  9  80  10  77  11  81  12  15  13  2  14  99
  0  20  1  61  2  64  3  60  4  77  5  24  6  85  7  99  8  35  9  1  10  7  11  18  12  13  13  41  14  67
  0  93  1  15  2  96  3  98  4  93  5  49  6  89  7  70  8  45  9  75  10  76  11  27  12  70  13  26  14  5
  0  3  1  89  2  97  3  4  4  91  5  40  6  13  7  61  8  24  9  78  10  4  11  53  12  69  13  56  14  58
  0  48  1  67  2  89  3  38  4  11  5  48  6  62  7  52  8  54  9  20  10  27  11  53  12  20  13  3  14  6
  0  88  1  3  2  58  3  96  4  7  5  38  6  37  7  36  8  36  9  7  10  41  11  73  12  54  13  44  14  79
  0  73  1  22  2  57  3  57  4  33  5  64  6  66  7  34  8  74  9  10  10  48  11  30  12  81  13  23  14  40
  0  84  1  61  2  92  3  24  4  75  5  56  6  58  7  8  8  64  9  47  10  91  11  68  12  25  13  11  14  61
  0  35  1  72  2  33  3  53  4  12  5  92  6  81  7  18  8  73  9  49  10  92  11  65  12  85  13  10  14  35
  0  46  1  40  2  15  3  35  4  67  5  91  6  5  7  97  8  42  9  41  10  49  11  46  12  75  13  15  14  53
  0  63  1  26  2  18  3  45  4  17  5  6  6  64  7  66  8  87  9  99  10  26  11  5  12  49  13  17  14  39
  0  55  1  57  2  12  3  52  4  99  5  45  6  40  7  34  8  34  9  46  10  21  11  49  12  83  13  75  14  34
  0  72  1  90  2  49  3  75  4  16  5  62  6  28  7  34  8  71  9  10  10  98  11  89  12  3  13  22  14  45
  0  12  1  37  2  51  3  63  4  36  5  42  6  9  7  30  8  41  9  88  10  87  11  23  12  37  13  25  14  71
  0  46  1  69  2  24  3  92  4  32  5  63  6  89  7  51  8  91  9  94  10  2  11  94  12  60  13  40  14  62
  0  38  1  53  2  51  3  67  4  74  5  15  6  62  7  12  8  77  9  48  10  2  11  4  12  33  13  43  14  9
  0  44  1  32  2  43  3  29  4  11  5  5  6  19  7  71  8  28  9  3  10  50  11  43  12  29  13  30  14  9
  0  83  1  48  2  5  3  16  4  86  5  76  6  87  7  18  8  57  9  91  10  4  11  79  12  56  13  30  14  75
  0  20  1  29  2  67  3  98  4  17  5  18  6  33  7  59  8  66  9  6  10  55  11  71  12  69  13  39  14  36
  0  67  1  79  2  26  3  84  4  86  5  48  6  20  7  66  8  42  9  24  10  18  11  46  12  49  13  23  14  38
  0  30  1  57  2  57  3  68  4  36  5  19  6  91  7  88  8  46  9  79  10  71  11  1  12  28  13  78  14  32
  0  43  1  13  2  93  3  2  4  53  5  81  6  63  7  31  8  7  9  97  10  82  11  30  12  65  13  74  14  41
  0  97  1  83  2  72  3  62  4  60  5  75  6  74  7  53  8  62  9  46  10  66  11  75  12  79  13  17  14  35
  0  7  1  45  2  18  3  56  4  36  5  99  6  25  7  29  8  28  9  20  10  54  11  89  12  37  13  78  14  50
  0  6  1  70  2  45  3  31  4  35  5  12  6  24  7  74  8  89  9  77  10  90  11  49  12  65  13  48  14  80
  0  41  1  98  2  3  3  33  4  27  5  73  6  61  7  93  8  79  9  1  10  86  11  37  12  18  13  19  14  28
  0  56  1  45  2  6  3  90  4  25  5  21  6  2  7  68  8  42  9  65  10  73  11  80  12  13  13  5  14  73
  0  86  1  10  2  86  3  73  4  79  5  40  6  35  7  78  8  75  9  98  10  29  11  55  12  63  13  79  14  9
  0  19  1  63  2  97  3  53  4  68  5  20  6  18  7  92  8  64  9  30  10  3  11  26  12  98  13  66  14  31
  0  73  1  79  2  71  3  48  4  92  5  46  6  12  7  34  8  10  9  90  10  23  11  25  12  65  13  30  14  90
  0  10  1  86  2  82  3  41  4  79  5  3  6  23  7  43  8  25  9  89  10  25  11  37  12  87  13  9  14  20
  0  51  1  23  2  67  3  29  4  67  5  20  6  27  7  39  8  39  9  99  10  18  11  41  12  87  13  79  14  55
  0  49  1  20  2  63  3  65  4  60  5  49  6  25  7  49  8  32  9  5  10  67  11  55  12  90  13  67  14  76
  0  44  1  78  2  68  3  31  4  50  5  26  6  34  7  97  8  82  9  5  10  66  11  45  12  31  13  66  14  91
  0  62  1  42  2  17  3  14  4  46  5  8  6  58  7  63  8  5  9  72  10  90  11  17  12  86  13  36  14  76
  0  38  1  44  2  40  3  93  4  62  5  72  6  35  7  33  8  15  9  97  10  79  11  29  12  60  13  94  14  19
  0  11  1  96  2  71  3  46  4  21  5  50  6  33  7  31  8  43  9  48  10  31  11  81  12  26  13  54  14  45
  0  78  1  9  2  7  3  57  4  79  5  70  6  92  7  33  8  89  9  67  10  46  11  80  12  62  13  30  14  54
  0  97  1  57  2  28  3  5  4  96  5  63  6  34  7  22  8  71  9  99  10  38  11  59  12  63  13  10  14  97
  0  56  1  25  2  33  3  17  4  67  5  82  6  22  7  96  8  34  9  67  10  32  11  9  12  51  13  55  14  6
  0  61  1  42  2  21  3  18  4  77  5  54  6  27  7  68  8  7  9  33  10  75  11  35  12  24  13  40  14  8
  0  21  1  99  2  25  3  28  4  48  5  40  6  54  7  78  8  4  9  42  10  72  11  4  12  31  13  90  14  43
  0  72  1  9  2  6  3  85  4  51  5  78  6  28  7  26  8  43  9  9  10  78  11  4  12  33  13  7  14  41
  0  22  1  14  2  99  3  56  4  27  5  78  6  76  7  28  8  42  9  1  10  39  11  60  12  12  13  37  14  8
  0  7  1  24  2  30  3  96  4  81  5  9  6  97  7  16  8  56  9  36  10  25  11  14  12  67  13  68  14  1
  0  36  1  84  2  28  3  75  4  62  5  29  6  95  7  19  8  71  9  33  10  43  11  99  12  16  13  85  14  67
  0  36  1  36  2  7  3  85  4  72  5  22  6  38  7  98  8  88  9  10  10  45  11  43  12  43  13  83  14  74
  0  74  1  5  2  96  3  10  4  67  5  35  6  49  7  7  8  24  9  13  10  87  11  19  12  8  13  21  14  2
  0  37  1  68  2  37  3  39  4  1  5  7  6  86  7  64  8  59  9  9  10  72  11  41  12  86  13  43  14  68
  0  99  1  86  2  84  3  45  4  13  5  29  6  41  7  78  8  27  9  15  10  72  11  44  12  83  13  56  14  29
  0  7  1  40  2  16  3  59  4  47  5  91  6  54  7  57  8  7  9  29  10  60  11  55  12  18  13  92  14  80
  0  70  1  63  2  17  3  69  4  73  5  86  6  62  7  13  8  36  9  36  10  90  11  11  12  63  13  17  14  15
  0  24  1  35  2  90  3  48  4  8  5  97  6  46  7  23  8  91  9  95  10  12  11  49  12  89  13  17  14  15
  0  48  1  34  2  99  3  86  4  68  5  75  6  33  7  69  8  73  9  89  10  32  11  84  12  59  13  84  14  85
  0  55  1  43  2  9  3  94  4  8  5  23  6  76  7  57  8  80  9  11  10  93  11  69  12  25  13  82  14  28
  0  40  1  71  2  92  3  63  4  45  5  92  6  63  7  37  8  66  9  2  10  25  11  44  12  95  13  46  14  81
  0  58  1  89  2  5  3  29  4  3  5  16  6  82  7  37  8  74  9  22  10  70  11  86  12  2  13  14  14  18
  0  14  1  91  2  32  3  20  4  14  5  89  6  57  7  32  8  86  9  70  10  92  11  61  12  48  13  21  14  81
  0  88  1  29  2  88  3  91  4  29  5  35  6  10  7  46  8  38  9  39  10  34  11  94  12  4  13  31  14  13
  0  55  1  4  2  57  3  26  4  65  5  9  6  99  7  44  8  30  9  49  10  2  11  74  12  42  13  97  14  26
  0  21  1  36  2  24  3  5  4  63  5  69  6  15  7  27  8  38  9  71  10  91  11  55  12  69  13  87  14  39
  0  79  1  82  2  9  3  43  4  49  5  11  6  77  7  9  8  41  9  67  10  92  11  84  12  47  13  31  14  63
  0  31  1  92  2  4  3  92  4  10  5  33  6  3  7  68  8  68  9  69  10  7  11  17  12  57  13  86  14  78
  0  30  1  8  2  15  3  24  4  77  5  42  6  55  7  60  8  69  9  12  10  30  11  3  12  15  13  72  14  38
  0  5  1  17  2  50  3  34  4  86  5  74  6  49  7  68  8  62  9  96  10  14  11  30  12  40  13  46  14  42
  0  13  1  44  2  64  3  8  4  75  5  8  6  53  7  50  8  67  9  18  10  4  11  27  12  59  13  7  14  5
  0  45  1  66  2  43  3  74  4  15  5  88  6  44  7  93  8  91  9  89  10  28  11  24  12  98  13  79  14  70
  0  62  1  50  2  88  3  28  4  47  5  11  6  49  7  63  8  20  9  65  10  4  11  62  12  12  13  88  14  23
  0  41  1  11  2  29  3  1  4  75  5  28  6  56  7  45  8  10  9  51  10  30  11  5  12  21  13  87  14  89
  0  86  1  41  2  8  3  80  4  46  5  78  6  49  7  56  8  75  9  77  10  45  11  28  12  9  13  6  14  84
  0  46  1  20  2  74  3  20  4  45  5  86  6  16  7  78  8  74  9  43  10  73  11  38  12  4  13  45  14  91
  0  87  1  72  2  24  3  98  4  65  5  27  6  93  7  24  8  55  9  55  10  46  11  93  12  91  13  24  14  53
  0  91  1  79  2  72  3  45  4  86  5  58  6  10  7  45  8  60  9  42  10  41  11  74  12  83  13  34  14  96
  0  72  1  26  2  86  3  56  4  66  5  1  6  53  7  78  8  16  9  77  10  63  11  89  12  4  13  15  14  7
  0  87  1  36  2  95  3  19  4  60  5  1  6  60  7  89  8  36  9  74  10  86  11  50  12  95  13  85  14  47
  0  6  1  39  2  70  3  43  4  14  5  67  6  88  7  11  8  32  9  21  10  74  11  33  12  86  13  10  14  43
  0  2  1  29  2  93  3  80  4  28  5  85  6  22  7  86  8  91  9  18  10  30  11  50  12  57  13  48  14  52
  0  68  1  27  2  13  3  7  4  52  5  92  6  61  7  53  8  67  9  3  10  99  11  34  12  8  13  69  14  51
  0  37  1  11  2  70  3  84  4  67  5  39  6  31  7  30  8  90  9  7  10  79  11  87  12  95  13  23  14  15
  0  93  1  90  2  72  3  45  4  1  5  18  6  58  7  59  8  84  9  83  10  81  11  55  12  94  13  92  14  31
  0  47  1  99  2  64  3  4  4  98  5  91  6  74  7  87  8  80  9  65  10  20  11  63  12  34  13  80  14  31
  0  21  1  88  2  61  3  63  4  95  5  82  6  5  7  41  8  54  9  59  10  4  11  46  12  11  13  56  14  93
  0  68  1  34  2  9  3  85  4  54  5  71  6  19  7  53  8  30  9  31  10  83  11  68  12  83  13  64  14  71
  0  17  1  30  2  49  3  86  4  36  5  93  6  86  7  74  8  50  9  84  10  32  11  41  12  4  13  49  14  37
  0  2  1  11  2  27  3  84  4  81  5  78  6  39  7  15  8  23  9  64  10  91  11  1  12  81  13  80  14  74
  0  16  1  17  2  57  3  79  4  87  5  3  6  21  7  74  8  47  9  18  10  51  11  6  12  10  13  87  14  33
  0  23  1  44  2  95  3  3  4  30  5  28  6  75  7  61  8  22  9  85  10  59  11  8  12  64  13  52  14  47
  0  7  1  9  2  27  3  2  4  2  5  65  6  94  7  12  8  29  9  67  10  32  11  65  12  10  13  7  14  34
  0  15  1  3  2  16  3  16  4  48  5  62  6  33  7  84  8  80  9  31  10  75  11  87  12  36  13  57  14  95
  0  70  1  87  2  18  3  19  4  8  5  66  6  87  7  65  8  4  9  72  10  91  11  8  12  44  13  27  14  18
  0  34  1  76  2  68  3  90  4  98  5  38  6  78  7  22  8  89  9  52  10  72  11  99  12  43  13  77  14  17
  0  72  1  81  2  65  3  41  4  46  5  61  6  72  7  60  8  92  9  55  10  26  11  26  12  50  13  97  14  41
  0  72  1  57  2  79  3  36  4  31  5  37  6  60  7  1  8  14  9  55  10  46  11  5  12  9  13  91  14  40
  0  61  1  24  2  6  3  61  4  73  5  80  6  88  7  12  8  33  9  37  10  34  11  5  12  49  13  95  14  63
  0  13  1  30  2  28  3  96  4  80  5  38  6  15  7  45  8  13  9  90  10  89  11  71  12  46  13  92  14  30
  0  47  1  50  2  97  3  39  4  95  5  21  6  59  7  11  8  9  9  63  10  4  11  62  12  66  13  79  14  36
  0  89  1  3  2  96  3  69  4  78  5  96  6  21  7  33  8  66  9  85  10  84  11  1  12  47  13  22  14  26
  0  42  1  58  2  18  3  27  4  97  5  1  6  69  7  89  8  12  9  69  10  31  11  34  12  4  13  6  14  84
  0  39  1  28  2  95  3  52  4  63  5  72  6  65  7  4  8  28  9  1  10  64  11  89  12  29  13  23  14  38
  0  94  1  20  2  59  3  2  4  73  5  95  6  21  7  3  8  47  9  44  10  49  11  26  12  45  13  59  14  50
  0  48  1  23  2  40  3  42  4  87  5  12  6  98  7  98  8  87  9  56  10  75  11  45  12  22  13  55  14  15
  0  51  1  19  2  19  3  56  4  22  5  46  6  94  7  52  8  82  9  2  10  35  11  6  12  13  13  84  14  5
  0  96  1  63  2  75  3  53  4  33  5  71  6  20  7  95  8  58  9  65  10  5  11  80  12  82  13  98  14  82
  0  42  1  36  2  81  3  56  4  61  5  59  6  87  7  66  8  76  9  61  10  47  11  7  12  27  13  40  14  72
  0  81  1  28  2  21  3  63  4  82  5  87  6  65  7  85  8  31  9  31  10  67  11  35  12  32  13  90  14  13
  0  18  1  23  2  75  3  4  4  12  5  25  6  29  7  47  8  90  9  15  10  29  11  59  12  31  13  88  14  10
  0  59  1  26  2  85  3  97  4  30  5  74  6  72  7  77  8  78  9  32  10  42  11  59  12  21  13  27  14  42
  0  92  1  75  2  88  3  55  4  45  5  50  6  39  7  5  8  66  9  35  10  40  11  29  12  75  13  51  14  2
  0  75  1  57  2  20  3  94  4  97  5  58  6  42  7  22  8  56  9  12  10  10  11  34  12  55  13  37  14  86
  0  10  1  66  2  78  3  26  4  22  5  22  6  3  7  28  8  65  9  86  10  58  11  33  12  22  13  30  14  54
  0  15  1  78  2  50  3  31  4  26  5  29  6  52  7  20  8  94  9  30  10  51  11  21  12  91  13  90  14  59
  0  33  1  99  2  3  3  93  4  31  5  64  6  54  7  97  8  66  9  10  10  91  11  67  12  29  13  46  14  1
  0  19  1  18  2  95  3  33  4  57  5  84  6  23  7  4  8  18  9  58  10  45  11  29  12  84  13  71  14  52
  0  79  1  21  2  33  3  68  4  77  5  71  6  23  7  35  8  50  9  93  10  17  11  89  12  22  13  51  14  40
  0  74  1  16  2  82  3  30  4  12  5  88  6  97  7  57  8  6  9  23  10  93  11  10  12  72  13  45  14  88
  0  71  1  13  2  52  3  94  4  32  5  69  6  59  7  4  8  14  9  30  10  2  11  49  12  98  13  79  14  60
  0  52  1  93  2  14  3  81  4  89  5  73  6  50  7  18  8  29  9  81  10  12  11  15  12  14  13  78  14  74
  0  12  1  6  2  66  3  93  4  39  5  14  6  45  7  50  8  21  9  53  10  54  11  83  12  26  13  39  14  22
  0  15  1  16  2  89  3  30  4  56  5  93  6  90  7  40  8  68  9  47  10  67  11  75  12  25  13  34  14  42
  0  29  1  71  2  59  3  86  4  42  5  9  6  45  7  95  8  95  9  28  10  90  11  40  12  81  13  78  14  65
  0  71  1  60  2  48  3  93  4  93  5  29  6  85  7  19  8  21  9  39  10  93  11  55  12  88  13  46  14  73
  0  64  1  78  2  91  3  2  4  24  5  87  6  23  7  65  8  54  9  43  10  26  11  91  12  46  13  43  14  25
  0  40  1  91  2  85  3  50  4  55  5  6  6  98  7  10  8  86  9  4  10  95  11  91  12  26  13  68  14  22
  0  93  1  32  2  15  3  54  4  62  5  25  6  39  7  73  8  71  9  68  10  25  11  37  12  88  13  98  14  17
  0  96  1  99  2  42  3  2  4  54  5  93  6  31  7  62  8  49  9  30  10  34  11  72  12  16  13  35  14  32
  0  69  1  60  2  2  3  21  4  19  5  33  6  98  7  21  8  43  9  18  10  90  11  19  12  92  13  45  14  53
  0  79  1  83  2  95  3  14  4  99  5  20  6  83  7  56  8  89  9  76  10  98  11  87  12  1  13  22  14  64
  0  19  1  52  2  88  3  49  4  48  5  5  6  40  7  13  8  23  9  90  10  74  11  2  12  23  13  10  14  70
  0  15  1  1  2  32  3  80  4  91  5  60  6  76  7  94  8  11  9  67  10  66  11  62  12  5  13  17  14  54
  0  28  1  6  2  8  3  94  4  11  5  93  6  95  7  92  8  66  9  22  10  22  11  54  12  73  13  14  14  47
  0  33  1  47  2  80  3  29  4  25  5  89  6  92  7  25  8  80  9  4  10  9  11  21  12  17  13  37  14  36
  0  93  1  58  2  43  3  88  4  79  5  39  6  71  7  59  8  97  9  41  10  13  11  24  12  46  13  53  14  80
  0  50  1  83  2  73  3  87  4  53  5  47  6  99  7  49  8  67  9  80  10  65  11  51  12  80  13  73  14  19
  0  18  1  68  2  33  3  70  4  96  5  43  6  28  7  37  8  55  9  65  10  98  11  51  12  21  13  15  14  12
  0  47  1  41  2  14  3  91  4  12  5  33  6  34  7  79  8  65  9  46  10  40  11  87  12  27  13  65  14  62
  0  48  1  66  2  23  3  83  4  86  5  45  6  93  7  83  8  58  9  6  10  2  11  90  12  29  13  68  14  59
  0  22  1  95  2  19  3  99  4  19  5  68  6  24  7  4  8  99  9  66  10  2  11  19  12  92  13  99  14  13
  0  4  1  25  2  31  3  77  4  73  5  73  6  48  7  30  8  15  9  7  10  92  11  38  12  2  13  71  14  10
  0  83  1  22  2  7  3  41  4  69  5  1  6  84  7  50  8  82  9  93  10  16  11  58  12  60  13  58  14  67
  0  55  1  9  2  49  3  71  4  70  5  88  6  91  7  37  8  48  9  69  10  20  11  92  12  63  13  93  14  94
  0  4  1  51  2  35  3  30  4  62  5  56  6  21  7  94  8  38  9  14  10  54  11  75  12  27  13  24  14  61
  0  7  1  61  2  84  3  51  4  11  5  35  6  81  7  58  8  1  9  80  10  57  11  3  12  43  13  3  14  21
  0  4  1  74  2  39  3  52  4  4  5  32  6  17  7  11  8  17  9  30  10  15  11  73  12  1  13  96  14  63
  0  43  1  96  2  58  3  31  4  7  5  19  6  25  7  85  8  41  9  61  10  28  11  18  12  84  13  66  14  95
  0  82  1  28  2  70  3  86  4  87  5  99  6  17  7  2  8  29  9  40  10  19  11  58  12  58  13  83  14  78
  0  81  1  34  2  10  3  27  4  57  5  90  6  28  7  37  8  54  9  23  10  92  11  98  12  98  13  71  14  78
  0  88  1  66  2  59  3  60  4  64  5  25  6  18  7  72  8  48  9  41  10  91  11  44  12  11  13  32  14  20
  0  37  1  42  2  32  3  34  4  34  5  85  6  1  7  12  8  45  9  76  10  88  11  81  12  42  13  86  14  41
  0  71  1  28  2  95  3  20  4  43  5  10  6  28  7  39  8  53  9  35  10  16  11  77  12  28  13  84  14  94
  0  5  1  58  2  66  3  38  4  27  5  42  6  38  7  73  8  38  9  25  10  45  11  52  12  42  13  27  14  58
  0  63  1  87  2  55  3  57  4  8  5  96  6  30  7  81  8  73  9  27  10  80  11  43  12  81  13  63  14  98
  0  89  1  95  2  34  3  41  4  42  5  12  6  19  7  17  8  60  9  63  10  67  11  16  12  1  13  26  14  59
  0  60  1  77  2  89  3  66  4  70  5  35  6  42  7  16  8  93  9  93  10  84  11  41  12  38  13  41  14  54
  0  81  1  92  2  49  3  57  4  75  5  41  6  74  7  99  8  40  9  1  10  49  11  98  12  43  13  31  14  77
  0  3  1  8  2  12  3  96  4  43  5  14  6  67  7  63  8  9  9  70  10  94  11  80  12  13  13  81  14  27
  0  61  1  89  2  37  3  34  4  21  5  43  6  89  7  42  8  14  9  37  10  98  11  19  12  72  13  91  14  65
  0  73  1  27  2  36  3  83  4  48  5  78  6  23  7  62  8  10  9  87  10  15  11  31  12  73  13  87  14  81
  0  3  1  4  2  28  3  85  4  66  5  79  6  23  7  38  8  36  9  34  10  47  11  53  12  77  13  81  14  8
  0  26  1  91  2  4  3  90  4  21  5  8  6  65  7  50  8  50  9  50  10  66  11  90  12  63  13  46  14  57
  0  78  1  85  2  12  3  82  4  51  5  86  6  27  7  18  8  39  9  48  10  76  11  14  12  3  13  73  14  38
  0  77  1  49  2  56  3  26  4  40  5  1  6  1  7  30  8  95  9  1  10  64  11  13  12  13  13  93  14  49
  0  39  1  51  2  26  3  87  4  64  5  37  6  32  7  82  8  8  9  71  10  17  11  97  12  75  13  88  14  46
  0  16  1  17  2  83  3  4  4  5  5  26  6  60  7  77  8  63  9  26  10  2  11  85  12  26  13  92  14  34
  0  58  1  67  2  12  3  47  4  20  5  23  6  69  7  96  8  59  9  9  10  22  11  94  12  67  13  32  14  98
  0  71  1  84  2  96  3  29  4  53  5  92  6  68  7  3  8  97  9  29  10  40  11  95  12  79  13  24  14  16
  0  28  1  24  2  84  3  5  4  39  5  18  6  65  7  95  8  86  9  50  10  12  11  47  12  8  13  75  14  66
  0  17  1  11  2  84  3  61  4  27  5  64  6  29  7  51  8  9  9  17  10  44  11  53  12  11  13  69  14  58
  0  97  1  34  2  63  3  82  4  11  5  45  6  76  7  19  8  77  9  79  10  28  11  43  12  58  13  21  14  35
  0  34  1  54  2  39  3  82  4  55  5  61  6  12  7  89  8  31  9  29  10  63  11  79  12  50  13  38  14  97
  0  99  1  1  2  53  3  3  4  42  5  17  6  17  7  66  8  54  9  89  10  90  11  22  12  56  13  80  14  53
  0  4  1  93  2  24  3  34  4  6  5  82  6  22  7  5  8  53  9  49  10  65  11  90  12  37  13  56  14  24
  0  59  1  69  2  70  3  99  4  3  5  63  6  9  7  43  8  18  9  42  10  77  11  51  12  47  13  36  14  87
  0  22  1  45  2  10  3  6  4  30  5  74  6  41  7  82  8  30  9  56  10  47  11  61  12  21  13  12  14  5
  0  62  1  30  2  82  3  41  4  88  5  84  6  20  7  77  8  13  9  85  10  72  11  43  12  32  13  8  14  9
  0  9  1  87  2  88  3  66  4  3  5  16  6  73  7  7  8  95  9  55  10  31  11  16  12  85  13  25  14  67
  0  85  1  13  2  63  3  92  4  61  5  72  6  87  7  15  8  44  9  28  10  2  11  75  12  74  13  32  14  75
  0  48  1  49  2  96  3  74  4  58  5  43  6  87  7  97  8  5  9  27  10  34  11  76  12  85  13  22  14  56
  0  12  1  59  2  17  3  76  4  80  5  92  6  41  7  66  8  30  9  83  10  78  11  17  12  26  13  52  14  59
  0  69  1  46  2  41  3  56  4  25  5  17  6  64  7  86  8  19  9  51  10  8  11  95  12  45  13  21  14  62
  0  56  1  40  2  71  3  32  4  27  5  84  6  82  7  68  8  52  9  74  10  4  11  17  12  90  13  68  14  38
TPM
  0  2033  1  2033  2  2033  3  2033  4  2033  5  2033  6  2033  7  2033  8  2033  9  2033  10  2033  11  2033  12  2033  13  2033  14  2033
PMT
  0  96  1  148  2  16  3  83  4  59  5  45  6  135  7  55  8  149  9  148  10  140  11  2  12  1  13  54  14  56
  0  99  1  56  2  51  3  24  4  47  5  8  6  72  7  136  8  137  9  27  10  27  11  136  12  32  13  108  14  16
  0  36  1  136  2  96  3  12  4  9  5  141  6  118  7  132  8  92  9  10  10  25  11  109  12  81  13  1  14  50
  0  56  1  57  2  139  3  142  4  22  5  86  6  141  7  122  8  43  9  38  10  121  11  142  12  71  13  87  14  38
  0  65  1  51  2  71  3  60  4  26  5  55  6  1  7  44  8  117  9  91  10  111  11  75  12  34  13  130  14  133
  0  43  1  133  2  76  3  144  4  121  5  39  6  138  7  48  8  59  9  68  10  47  11  126  12  114  13  19  14  62
  0  91  1  123  2  79  3  30  4  36  5  62  6  138  7  114  8  54  9  3  10  59  11  135  12  55  13  66  14  126
  0  17  1  49  2  136  3  124  4  140  5  123  6  21  7  46  8  6  9  5  10  34  11  97  12  47  13  54  14  80
  0  60  1  132  2  45  3  129  4  88  5  138  6  84  7  80  8  103  9  85  10  73  11  48  12  68  13  55  14  41
  0  22  1  39  2  5  3  94  4  30  5  95  6  68  7  125  8  111  9  24  10  35  11  47  12  114  13  135  14  29
