50  20
  0  22  1  84  2  5  3  63  4  87  5  1  6  51  7  72  8  24  9  90  10  54  11  23  12  64  13  82  14  19  15  15  16  59  17  58  18  67  19  41
  0  54  1  42  2  80  3  39  4  73  5  6  6  61  7  54  8  47  9  11  10  35  11  63  12  65  13  66  14  7  15  53  16  54  17  98  18  65  19  31
  0  93  1  37  2  89  3  32  4  29  5  68  6  85  7  46  8  49  9  21  10  91  11  63  12  31  13  80  14  94  15  37  16  72  17  39  18  69  19  94
  0  58  1  31  2  30  3  50  4  39  5  26  6  41  7  95  8  23  9  58  10  43  11  83  12  89  13  16  14  82  15  20  16  95  17  42  18  60  19  36
  0  26  1  94  2  23  3  3  4  1  5  76  6  69  7  5  8  57  9  43  10  53  11  97  12  61  13  29  14  96  15  4  16  6  17  64  18  40  19  31
  0  15  1  76  2  5  3  12  4  65  5  81  6  41  7  98  8  73  9  25  10  81  11  63  12  23  13  24  14  31  15  90  16  41  17  12  18  50  19  57
  0  26  1  96  2  34  3  42  4  95  5  84  6  73  7  5  8  16  9  24  10  59  11  26  12  17  13  69  14  70  15  8  16  14  17  81  18  45  19  65
  0  80  1  7  2  39  3  65  4  60  5  2  6  9  7  85  8  95  9  87  10  83  11  13  12  15  13  70  14  5  15  91  16  13  17  49  18  49  19  95
  0  11  1  94  2  80  3  85  4  79  5  74  6  62  7  70  8  65  9  60  10  53  11  1  12  53  13  50  14  73  15  35  16  47  17  64  18  79  19  82
  0  71  1  26  2  18  3  98  4  99  5  30  6  37  7  92  8  80  9  43  10  68  11  74  12  19  13  10  14  15  15  43  16  15  17  48  18  4  19  6
  0  90  1  58  2  1  3  64  4  39  5  83  6  78  7  27  8  83  9  92  10  89  11  9  12  39  13  70  14  3  15  52  16  95  17  40  18  80  19  72
  0  78  1  58  2  24  3  96  4  58  5  50  6  97  7  67  8  3  9  68  10  21  11  28  12  99  13  9  14  99  15  4  16  2  17  11  18  98  19  49
  0  57  1  16  2  14  3  22  4  34  5  82  6  87  7  15  8  57  9  55  10  60  11  44  12  3  13  55  14  60  15  76  16  38  17  40  18  91  19  59
  0  83  1  34  2  41  3  59  4  40  5  43  6  37  7  46  8  17  9  2  10  29  11  70  12  45  13  7  14  53  15  17  16  56  17  46  18  28  19  38
  0  76  1  31  2  75  3  1  4  61  5  66  6  75  7  86  8  53  9  50  10  85  11  53  12  64  13  62  14  92  15  30  16  99  17  86  18  78  19  2
  0  77  1  98  2  19  3  16  4  13  5  81  6  35  7  17  8  67  9  64  10  75  11  82  12  86  13  13  14  6  15  19  16  77  17  94  18  18  19  55
  0  90  1  96  2  96  3  15  4  15  5  91  6  5  7  78  8  6  9  60  10  64  11  64  12  86  13  16  14  66  15  70  16  16  17  5  18  14  19  80
  0  94  1  60  2  87  3  12  4  58  5  46  6  5  7  60  8  88  9  11  10  86  11  70  12  24  13  39  14  66  15  43  16  70  17  81  18  9  19  50
  0  23  1  78  2  13  3  10  4  64  5  33  6  23  7  74  8  98  9  84  10  70  11  98  12  31  13  78  14  22  15  4  16  2  17  69  18  5  19  65
  0  44  1  59  2  34  3  78  4  18  5  85  6  64  7  72  8  29  9  10  10  40  11  97  12  57  13  54  14  19  15  97  16  43  17  6  18  89  19  27
  0  94  1  74  2  11  3  93  4  30  5  83  6  36  7  38  8  66  9  15  10  12  11  62  12  11  13  52  14  62  15  80  16  25  17  86  18  85  19  64
  0  52  1  77  2  31  3  82  4  52  5  93  6  52  7  70  8  71  9  56  10  22  11  85  12  26  13  75  14  70  15  24  16  12  17  59  18  91  19  7
  0  40  1  14  2  12  3  57  4  67  5  73  6  28  7  39  8  85  9  38  10  51  11  20  12  66  13  4  14  19  15  74  16  90  17  98  18  60  19  51
  0  8  1  77  2  24  3  63  4  4  5  30  6  8  7  77  8  59  9  12  10  49  11  7  12  50  13  90  14  63  15  42  16  8  17  76  18  35  19  72
  0  33  1  84  2  11  3  68  4  63  5  29  6  42  7  50  8  93  9  67  10  68  11  49  12  30  13  34  14  54  15  36  16  29  17  30  18  12  19  76
  0  22  1  65  2  75  3  44  4  64  5  64  6  5  7  91  8  37  9  85  10  42  11  56  12  86  13  12  14  40  15  72  16  96  17  13  18  39  19  93
  0  23  1  91  2  76  3  54  4  27  5  60  6  20  7  31  8  90  9  9  10  94  11  76  12  9  13  65  14  33  15  33  16  87  17  51  18  51  19  61
  0  79  1  95  2  59  3  25  4  54  5  53  6  39  7  29  8  85  9  36  10  52  11  97  12  78  13  59  14  60  15  39  16  1  17  60  18  81  19  38
  0  67  1  48  2  96  3  63  4  97  5  77  6  88  7  93  8  64  9  61  10  90  11  90  12  68  13  70  14  47  15  72  16  35  17  87  18  38  19  67
  0  12  1  99  2  22  3  63  4  1  5  53  6  75  7  60  8  70  9  9  10  51  11  3  12  27  13  73  14  83  15  59  16  27  17  89  18  13  19  56
  0  77  1  99  2  91  3  4  4  54  5  45  6  17  7  46  8  16  9  37  10  90  11  49  12  23  13  26  14  94  15  98  16  65  17  53  18  52  19  56
  0  66  1  51  2  91  3  29  4  26  5  56  6  50  7  16  8  1  9  6  10  73  11  58  12  51  13  69  14  97  15  5  16  1  17  25  18  35  19  56
  0  73  1  72  2  79  3  69  4  30  5  56  6  15  7  19  8  91  9  32  10  95  11  49  12  35  13  4  14  18  15  78  16  12  17  12  18  15  19  21
  0  87  1  55  2  42  3  43  4  47  5  65  6  28  7  80  8  84  9  86  10  15  11  66  12  73  13  6  14  11  15  54  16  7  17  51  18  29  19  47
  0  35  1  59  2  90  3  43  4  36  5  51  6  96  7  71  8  17  9  4  10  25  11  92  12  19  13  82  14  93  15  65  16  65  17  80  18  80  19  4
  0  97  1  74  2  25  3  1  4  68  5  96  6  20  7  66  8  93  9  94  10  87  11  17  12  90  13  99  14  96  15  25  16  42  17  50  18  45  19  83
  0  66  1  37  2  52  3  82  4  89  5  57  6  1  7  83  8  46  9  2  10  28  11  28  12  47  13  6  14  82  15  40  16  4  17  51  18  68  19  96
  0  92  1  88  2  41  3  67  4  93  5  12  6  50  7  65  8  42  9  26  10  34  11  51  12  73  13  65  14  97  15  75  16  61  17  66  18  40  19  66
  0  68  1  11  2  19  3  88  4  51  5  67  6  60  7  24  8  11  9  19  10  44  11  71  12  71  13  55  14  39  15  44  16  18  17  53  18  64  19  16
  0  37  1  76  2  83  3  66  4  39  5  85  6  84  7  87  8  58  9  18  10  89  11  91  12  50  13  86  14  81  15  5  16  44  17  15  18  78  19  49
  0  11  1  93  2  60  3  50  4  60  5  39  6  38  7  3  8  75  9  71  10  29  11  15  12  43  13  69  14  66  15  80  16  55  17  42  18  68  19  71
  0  67  1  40  2  28  3  41  4  49  5  1  6  18  7  79  8  74  9  76  10  11  11  70  12  16  13  18  14  58  15  24  16  55  17  3  18  90  19  7
  0  17  1  15  2  10  3  78  4  90  5  40  6  7  7  2  8  2  9  22  10  26  11  8  12  41  13  81  14  37  15  8  16  60  17  23  18  8  19  97
  0  3  1  49  2  81  3  98  4  25  5  77  6  6  7  17  8  16  9  30  10  55  11  26  12  35  13  23  14  50  15  8  16  23  17  97  18  81  19  96
  0  48  1  59  2  64  3  13  4  96  5  12  6  98  7  90  8  20  9  17  10  6  11  27  12  7  13  2  14  68  15  7  16  27  17  3  18  96  19  86
  0  64  1  25  2  88  3  40  4  58  5  32  6  68  7  88  8  99  9  19  10  16  11  89  12  53  13  32  14  16  15  35  16  13  17  20  18  97  19  97
  0  2  1  40  2  47  3  17  4  76  5  70  6  99  7  21  8  99  9  71  10  50  11  24  12  88  13  14  14  51  15  34  16  56  17  74  18  62  19  87
  0  90  1  54  2  90  3  62  4  63  5  66  6  38  7  57  8  36  9  15  10  18  11  43  12  20  13  49  14  39  15  2  16  15  17  65  18  53  19  27
  0  10  1  5  2  16  3  49  4  40  5  38  6  4  7  3  8  35  9  77  10  2  11  53  12  84  13  20  14  35  15  54  16  15  17  31  18  17  19  91
  0  73  1  27  2  47  3  50  4  26  5  91  6  67  7  97  8  41  9  65  10  62  11  69  12  13  13  69  14  64  15  21  16  35  17  66  18  11  19  48
TPM
  0  913  1  913  2  913  3  913  4  913  5  913  6  913  7  913  8  913  9  913  10  913  11  913  12  913  13  913  14  913  15  913  16  913  17  913  18  913  19  913
PMT
  0  22  1  31  2  19  3  10  4  39  5  3  6  16  7  31  8  17  9  20  10  32  11  43  12  48  13  4  14  37  15  25  16  6  17  7  18  47  19  2
  0  43  1  9  2  5  3  25  4  27  5  39  6  48  7  13  8  26  9  40  10  18  11  39  12  34  13  23  14  47  15  1  16  45  17  35  18  8  19  22
  0  17  1  27  2  10  3  11  4  23  5  12  6  45  7  41  8  4  9  27  10  30  11  1  12  49  13  22  14  14  15  14  16  34  17  45  18  21  19  42
  0  17  1  44  2  22  3  7  4  16  5  22  6  38  7  47  8  24  9  23  10  34  11  6  12  11  13  40  14  23  15  5  16  9  17  35  18  43  19  45
  0  42  1  26  2  40  3  27  4  19  5  16  6  2  7  9  8  39  9  4  10  26  11  26  12  45  13  9  14  2  15  38  16  1  17  31  18  30  19  42
  0  45  1  14  2  15  3  18  4  42  5  33  6  18  7  47  8  40  9  28  10  28  11  17  12  24  13  17  14  23  15  6  16  39  17  22  18  37  19  48
