200  15
  0  39  1  57  2  21  3  27  4  42  5  18  6  8  7  58  8  32  9  52  10  34  11  18  12  29  13  30  14  62
  0  62  1  7  2  60  3  27  4  86  5  70  6  29  7  43  8  82  9  73  10  33  11  99  12  73  13  14  14  92
  0  28  1  53  2  60  3  38  4  66  5  21  6  8  7  12  8  79  9  63  10  56  11  29  12  1  13  50  14  65
  0  93  1  93  2  43  3  41  4  47  5  54  6  13  7  30  8  12  9  19  10  37  11  44  12  57  13  20  14  23
  0  51  1  80  2  25  3  52  4  84  5  10  6  53  7  77  8  65  9  51  10  30  11  90  12  41  13  39  14  56
  0  52  1  86  2  62  3  81  4  60  5  13  6  87  7  11  8  79  9  92  10  93  11  96  12  74  13  88  14  68
  0  72  1  10  2  34  3  74  4  56  5  21  6  29  7  50  8  15  9  52  10  32  11  11  12  58  13  26  14  51
  0  81  1  37  2  96  3  95  4  48  5  23  6  85  7  14  8  40  9  24  10  17  11  39  12  60  13  57  14  88
  0  20  1  22  2  65  3  56  4  6  5  78  6  76  7  16  8  15  9  47  10  24  11  97  12  99  13  45  14  78
  0  26  1  98  2  14  3  69  4  3  5  25  6  95  7  79  8  10  9  42  10  70  11  61  12  47  13  25  14  85
  0  97  1  45  2  3  3  28  4  94  5  29  6  35  7  30  8  4  9  14  10  62  11  94  12  92  13  59  14  40
  0  90  1  19  2  14  3  50  4  52  5  68  6  34  7  32  8  83  9  75  10  45  11  92  12  53  13  28  14  90
  0  83  1  23  2  26  3  79  4  55  5  57  6  44  7  38  8  20  9  96  10  19  11  12  12  94  13  96  14  72
  0  78  1  98  2  69  3  20  4  87  5  23  6  69  7  40  8  1  9  3  10  20  11  99  12  25  13  66  14  68
  0  71  1  61  2  26  3  10  4  67  5  99  6  43  7  37  8  87  9  41  10  81  11  80  12  68  13  26  14  37
  0  63  1  53  2  93  3  99  4  85  5  39  6  13  7  84  8  97  9  75  10  57  11  46  12  50  13  6  14  1
  0  62  1  6  2  74  3  68  4  39  5  66  6  58  7  80  8  86  9  51  10  89  11  42  12  70  13  16  14  63
  0  95  1  15  2  12  3  62  4  36  5  43  6  24  7  44  8  26  9  56  10  25  11  59  12  4  13  3  14  48
  0  11  1  45  2  82  3  63  4  60  5  19  6  84  7  95  8  51  9  68  10  57  11  44  12  1  13  86  14  62
  0  70  1  76  2  79  3  57  4  70  5  69  6  34  7  4  8  55  9  20  10  34  11  9  12  98  13  62  14  85
  0  34  1  24  2  94  3  51  4  31  5  45  6  92  7  12  8  2  9  82  10  13  11  80  12  77  13  16  14  63
  0  68  1  59  2  43  3  47  4  53  5  91  6  70  7  81  8  11  9  36  10  31  11  64  12  14  13  67  14  23
  0  44  1  92  2  32  3  19  4  5  5  34  6  13  7  65  8  73  9  43  10  9  11  96  12  21  13  6  14  21
  0  24  1  6  2  26  3  90  4  69  5  75  6  18  7  50  8  55  9  44  10  84  11  68  12  86  13  88  14  14
  0  6  1  61  2  56  3  62  4  14  5  7  6  48  7  26  8  34  9  43  10  42  11  4  12  96  13  88  14  72
  0  99  1  14  2  86  3  49  4  43  5  12  6  12  7  31  8  91  9  64  10  74  11  42  12  69  13  8  14  39
  0  21  1  50  2  51  3  32  4  36  5  74  6  24  7  95  8  99  9  81  10  4  11  8  12  79  13  79  14  36
  0  92  1  72  2  91  3  34  4  76  5  1  6  48  7  6  8  71  9  41  10  14  11  69  12  84  13  1  14  74
  0  36  1  89  2  98  3  13  4  81  5  15  6  12  7  57  8  32  9  25  10  95  11  75  12  31  13  95  14  4
  0  54  1  71  2  25  3  45  4  79  5  10  6  27  7  58  8  16  9  81  10  79  11  2  12  44  13  99  14  51
  0  83  1  3  2  13  3  21  4  78  5  59  6  26  7  45  8  99  9  80  10  35  11  67  12  38  13  3  14  27
  0  50  1  73  2  3  3  27  4  87  5  27  6  32  7  22  8  27  9  8  10  65  11  72  12  98  13  70  14  62
  0  92  1  47  2  92  3  55  4  73  5  98  6  27  7  18  8  66  9  17  10  8  11  63  12  58  13  28  14  92
  0  77  1  5  2  24  3  85  4  97  5  99  6  60  7  66  8  87  9  2  10  23  11  25  12  62  13  42  14  27
  0  71  1  68  2  87  3  54  4  68  5  26  6  31  7  73  8  27  9  88  10  35  11  81  12  29  13  67  14  50
  0  47  1  88  2  36  3  78  4  75  5  74  6  8  7  66  8  10  9  29  10  56  11  33  12  23  13  74  14  17
  0  78  1  93  2  89  3  82  4  24  5  59  6  93  7  6  8  73  9  76  10  75  11  40  12  17  13  47  14  48
  0  1  1  88  2  93  3  20  4  33  5  65  6  74  7  17  8  94  9  79  10  84  11  93  12  17  13  52  14  87
  0  10  1  83  2  97  3  62  4  75  5  47  6  43  7  60  8  85  9  80  10  66  11  21  12  81  13  13  14  47
  0  82  1  38  2  17  3  75  4  73  5  44  6  45  7  81  8  94  9  27  10  18  11  66  12  15  13  51  14  19
  0  44  1  40  2  73  3  63  4  39  5  28  6  46  7  22  8  89  9  60  10  5  11  31  12  52  13  6  14  71
  0  16  1  14  2  12  3  61  4  14  5  42  6  22  7  82  8  69  9  47  10  19  11  57  12  30  13  34  14  15
  0  10  1  83  2  48  3  58  4  96  5  4  6  72  7  18  8  77  9  89  10  8  11  72  12  47  13  32  14  50
  0  11  1  81  2  30  3  56  4  18  5  68  6  35  7  44  8  10  9  22  10  21  11  82  12  39  13  1  14  79
  0  62  1  81  2  89  3  1  4  54  5  78  6  2  7  94  8  91  9  94  10  15  11  51  12  44  13  16  14  51
  0  57  1  53  2  99  3  66  4  6  5  64  6  41  7  2  8  70  9  64  10  39  11  11  12  38  13  10  14  53
  0  87  1  12  2  12  3  93  4  24  5  31  6  4  7  94  8  97  9  73  10  19  11  51  12  63  13  29  14  46
  0  19  1  92  2  72  3  34  4  17  5  91  6  64  7  80  8  80  9  87  10  53  11  14  12  45  13  64  14  77
  0  53  1  68  2  89  3  65  4  16  5  14  6  63  7  7  8  88  9  61  10  82  11  22  12  2  13  15  14  94
  0  64  1  64  2  16  3  85  4  39  5  42  6  91  7  39  8  96  9  98  10  91  11  47  12  65  13  27  14  96
  0  60  1  16  2  37  3  98  4  15  5  76  6  85  7  86  8  69  9  27  10  54  11  86  12  46  13  67  14  14
  0  44  1  44  2  22  3  49  4  51  5  83  6  16  7  1  8  35  9  2  10  64  11  63  12  88  13  86  14  29
  0  66  1  93  2  41  3  53  4  89  5  67  6  13  7  73  8  11  9  41  10  20  11  65  12  95  13  39  14  63
  0  83  1  57  2  33  3  10  4  83  5  54  6  75  7  81  8  55  9  11  10  42  11  90  12  99  13  72  14  43
  0  3  1  17  2  23  3  70  4  12  5  6  6  38  7  3  8  70  9  82  10  55  11  86  12  6  13  63  14  62
  0  44  1  3  2  87  3  58  4  5  5  56  6  52  7  33  8  47  9  10  10  5  11  52  12  90  13  27  14  4
  0  74  1  85  2  80  3  43  4  11  5  92  6  43  7  13  8  14  9  44  10  16  11  24  12  60  13  17  14  31
  0  33  1  52  2  85  3  17  4  42  5  72  6  19  7  10  8  53  9  41  10  34  11  40  12  9  13  78  14  38
  0  48  1  50  2  68  3  2  4  95  5  69  6  74  7  61  8  70  9  33  10  48  11  36  12  13  13  15  14  43
  0  9  1  15  2  58  3  17  4  5  5  52  6  57  7  79  8  64  9  62  10  29  11  37  12  11  13  83  14  5
  0  20  1  30  2  7  3  81  4  7  5  39  6  12  7  3  8  79  9  7  10  89  11  46  12  73  13  33  14  66
  0  65  1  98  2  21  3  90  4  89  5  57  6  1  7  40  8  85  9  86  10  67  11  68  12  44  13  78  14  58
  0  87  1  27  2  84  3  89  4  65  5  11  6  91  7  99  8  81  9  92  10  25  11  95  12  65  13  51  14  25
  0  94  1  22  2  82  3  96  4  95  5  6  6  53  7  29  8  30  9  5  10  28  11  28  12  81  13  48  14  83
  0  28  1  68  2  42  3  6  4  57  5  26  6  5  7  22  8  78  9  43  10  47  11  38  12  30  13  24  14  23
  0  67  1  39  2  91  3  61  4  69  5  86  6  58  7  21  8  40  9  36  10  9  11  56  12  28  13  63  14  97
  0  84  1  52  2  45  3  37  4  74  5  65  6  98  7  31  8  18  9  67  10  73  11  89  12  38  13  80  14  45
  0  24  1  53  2  36  3  54  4  1  5  7  6  22  7  91  8  15  9  12  10  16  11  36  12  9  13  95  14  74
  0  79  1  38  2  25  3  75  4  94  5  72  6  51  7  25  8  45  9  77  10  13  11  72  12  35  13  16  14  76
  0  7  1  45  2  58  3  11  4  16  5  9  6  6  7  19  8  33  9  11  10  56  11  67  12  14  13  38  14  60
  0  13  1  5  2  91  3  56  4  82  5  98  6  42  7  86  8  76  9  1  10  11  11  24  12  9  13  31  14  70
  0  55  1  69  2  51  3  32  4  23  5  15  6  88  7  44  8  99  9  97  10  91  11  24  12  56  13  92  14  40
  0  2  1  51  2  85  3  97  4  38  5  40  6  31  7  87  8  54  9  2  10  96  11  3  12  86  13  8  14  43
  0  8  1  43  2  1  3  17  4  90  5  33  6  47  7  47  8  55  9  3  10  83  11  82  12  79  13  82  14  70
  0  3  1  67  2  39  3  28  4  81  5  80  6  85  7  11  8  12  9  29  10  99  11  46  12  94  13  37  14  39
  0  52  1  65  2  37  3  63  4  1  5  4  6  49  7  3  8  93  9  54  10  38  11  29  12  64  13  52  14  76
  0  18  1  38  2  30  3  41  4  13  5  94  6  58  7  23  8  27  9  22  10  27  11  28  12  47  13  57  14  93
  0  5  1  12  2  63  3  38  4  26  5  96  6  65  7  9  8  94  9  25  10  55  11  48  12  76  13  69  14  58
  0  23  1  55  2  36  3  80  4  20  5  78  6  37  7  13  8  60  9  42  10  83  11  58  12  45  13  12  14  69
  0  80  1  54  2  3  3  25  4  28  5  39  6  48  7  58  8  58  9  96  10  43  11  6  12  61  13  3  14  34
  0  69  1  89  2  52  3  85  4  22  5  2  6  33  7  63  8  80  9  2  10  24  11  99  12  1  13  39  14  98
  0  29  1  38  2  68  3  78  4  22  5  75  6  18  7  60  8  51  9  16  10  3  11  20  12  52  13  79  14  71
  0  57  1  92  2  79  3  89  4  34  5  32  6  34  7  88  8  43  9  53  10  59  11  39  12  72  13  3  14  50
  0  17  1  83  2  45  3  29  4  81  5  6  6  51  7  37  8  86  9  8  10  49  11  86  12  81  13  25  14  28
  0  9  1  78  2  15  3  54  4  48  5  97  6  5  7  54  8  10  9  13  10  36  11  73  12  44  13  59  14  19
  0  4  1  33  2  75  3  59  4  49  5  18  6  86  7  15  8  71  9  57  10  69  11  2  12  31  13  42  14  32
  0  41  1  19  2  80  3  9  4  43  5  43  6  30  7  60  8  36  9  7  10  61  11  26  12  16  13  22  14  54
  0  56  1  65  2  99  3  74  4  32  5  50  6  48  7  82  8  62  9  25  10  60  11  65  12  87  13  74  14  53
  0  5  1  52  2  92  3  22  4  8  5  20  6  71  7  1  8  75  9  34  10  41  11  42  12  78  13  64  14  97
  0  64  1  64  2  79  3  2  4  35  5  28  6  37  7  44  8  72  9  2  10  90  11  91  12  92  13  62  14  41
  0  74  1  41  2  46  3  96  4  88  5  77  6  33  7  5  8  97  9  92  10  42  11  81  12  72  13  4  14  28
  0  46  1  11  2  39  3  97  4  38  5  11  6  96  7  70  8  73  9  94  10  67  11  57  12  63  13  12  14  35
  0  28  1  17  2  64  3  94  4  92  5  77  6  30  7  70  8  24  9  87  10  78  11  1  12  85  13  71  14  19
  0  33  1  52  2  72  3  99  4  53  5  29  6  98  7  59  8  19  9  10  10  57  11  16  12  5  13  31  14  81
  0  22  1  51  2  19  3  80  4  21  5  79  6  21  7  64  8  4  9  32  10  72  11  25  12  39  13  30  14  63
  0  84  1  13  2  67  3  71  4  28  5  23  6  84  7  87  8  84  9  6  10  80  11  76  12  36  13  90  14  73
  0  8  1  51  2  93  3  2  4  67  5  84  6  32  7  35  8  57  9  85  10  88  11  40  12  1  13  7  14  66
  0  5  1  37  2  6  3  21  4  38  5  79  6  78  7  51  8  81  9  52  10  78  11  99  12  7  13  31  14  92
  0  60  1  82  2  71  3  88  4  43  5  40  6  82  7  61  8  4  9  69  10  83  11  28  12  52  13  16  14  55
  0  56  1  11  2  70  3  66  4  29  5  51  6  71  7  51  8  75  9  73  10  63  11  51  12  21  13  75  14  65
  0  57  1  40  2  36  3  61  4  10  5  15  6  21  7  16  8  51  9  27  10  53  11  62  12  31  13  34  14  50
  0  27  1  10  2  29  3  88  4  90  5  15  6  57  7  52  8  90  9  34  10  50  11  87  12  19  13  69  14  8
  0  58  1  72  2  68  3  26  4  89  5  60  6  12  7  63  8  19  9  73  10  33  11  80  12  13  13  60  14  80
  0  7  1  26  2  85  3  64  4  14  5  79  6  52  7  46  8  99  9  9  10  14  11  54  12  19  13  8  14  6
  0  38  1  94  2  64  3  87  4  2  5  29  6  57  7  51  8  67  9  70  10  67  11  54  12  69  13  4  14  30
  0  85  1  67  2  4  3  16  4  49  5  46  6  31  7  28  8  60  9  27  10  74  11  45  12  52  13  13  14  78
  0  64  1  56  2  43  3  96  4  96  5  17  6  22  7  64  8  40  9  24  10  69  11  83  12  37  13  92  14  74
  0  61  1  64  2  25  3  78  4  43  5  42  6  22  7  8  8  35  9  39  10  41  11  26  12  6  13  28  14  15
  0  90  1  11  2  98  3  67  4  22  5  82  6  47  7  10  8  23  9  74  10  3  11  89  12  10  13  56  14  36
  0  21  1  40  2  99  3  90  4  41  5  50  6  98  7  16  8  52  9  29  10  12  11  87  12  41  13  10  14  27
  0  58  1  5  2  40  3  79  4  67  5  11  6  61  7  83  8  98  9  64  10  20  11  40  12  73  13  80  14  83
  0  52  1  12  2  64  3  36  4  51  5  97  6  63  7  71  8  6  9  40  10  32  11  17  12  83  13  8  14  26
  0  51  1  79  2  78  3  22  4  95  5  32  6  41  7  27  8  3  9  83  10  21  11  22  12  60  13  70  14  46
  0  47  1  87  2  39  3  51  4  44  5  7  6  27  7  87  8  91  9  83  10  52  11  4  12  3  13  5  14  99
  0  99  1  83  2  21  3  12  4  71  5  60  6  64  7  96  8  4  9  26  10  37  11  29  12  74  13  67  14  13
  0  10  1  76  2  62  3  21  4  96  5  80  6  78  7  73  8  24  9  76  10  97  11  78  12  87  13  86  14  47
  0  51  1  48  2  27  3  20  4  94  5  80  6  56  7  9  8  32  9  85  10  55  11  90  12  7  13  22  14  8
  0  34  1  77  2  36  3  86  4  19  5  81  6  9  7  64  8  78  9  34  10  20  11  96  12  23  13  99  14  18
  0  58  1  96  2  43  3  45  4  19  5  64  6  46  7  50  8  92  9  52  10  59  11  95  12  8  13  69  14  7
  0  21  1  59  2  99  3  77  4  58  5  60  6  29  7  70  8  69  9  6  10  51  11  64  12  77  13  91  14  78
  0  42  1  7  2  74  3  24  4  92  5  42  6  66  7  64  8  52  9  93  10  79  11  70  12  83  13  2  14  88
  0  86  1  82  2  46  3  55  4  85  5  64  6  18  7  48  8  25  9  92  10  80  11  50  12  99  13  16  14  40
  0  21  1  45  2  54  3  77  4  82  5  52  6  39  7  23  8  25  9  86  10  92  11  89  12  54  13  40  14  22
  0  67  1  38  2  33  3  32  4  72  5  13  6  61  7  16  8  89  9  62  10  62  11  49  12  49  13  77  14  23
  0  16  1  34  2  57  3  77  4  33  5  8  6  19  7  44  8  48  9  5  10  17  11  22  12  47  13  26  14  93
  0  31  1  63  2  34  3  11  4  71  5  6  6  32  7  36  8  39  9  35  10  83  11  80  12  13  13  49  14  93
  0  10  1  14  2  68  3  71  4  87  5  95  6  29  7  36  8  7  9  13  10  13  11  36  12  25  13  77  14  96
  0  99  1  13  2  10  3  75  4  30  5  76  6  35  7  3  8  18  9  21  10  78  11  53  12  39  13  43  14  71
  0  97  1  37  2  8  3  61  4  56  5  43  6  13  7  94  8  43  9  57  10  61  11  14  12  51  13  99  14  97
  0  82  1  25  2  13  3  66  4  37  5  5  6  62  7  19  8  25  9  75  10  78  11  48  12  82  13  27  14  29
  0  57  1  51  2  5  3  13  4  69  5  48  6  35  7  25  8  49  9  36  10  29  11  25  12  83  13  49  14  10
  0  10  1  47  2  87  3  16  4  77  5  49  6  69  7  70  8  24  9  34  10  16  11  29  12  22  13  92  14  1
  0  41  1  61  2  90  3  88  4  80  5  61  6  34  7  55  8  39  9  75  10  24  11  53  12  91  13  49  14  67
  0  65  1  60  2  15  3  50  4  60  5  57  6  12  7  93  8  60  9  69  10  89  11  33  12  52  13  18  14  11
  0  14  1  28  2  5  3  74  4  77  5  37  6  37  7  31  8  79  9  57  10  80  11  36  12  82  13  51  14  86
  0  99  1  92  2  54  3  1  4  94  5  48  6  93  7  36  8  44  9  71  10  55  11  77  12  17  13  42  14  45
  0  49  1  69  2  63  3  5  4  56  5  41  6  15  7  72  8  88  9  75  10  21  11  22  12  46  13  31  14  80
  0  3  1  22  2  3  3  30  4  54  5  57  6  63  7  45  8  95  9  42  10  9  11  93  12  97  13  45  14  46
  0  99  1  81  2  81  3  77  4  80  5  14  6  58  7  64  8  65  9  89  10  49  11  60  12  15  13  17  14  99
  0  65  1  89  2  53  3  57  4  42  5  37  6  47  7  80  8  67  9  9  10  98  11  65  12  47  13  12  14  26
  0  97  1  99  2  60  3  15  4  26  5  74  6  93  7  88  8  1  9  83  10  54  11  6  12  37  13  56  14  56
  0  3  1  80  2  31  3  95  4  16  5  4  6  59  7  63  8  62  9  49  10  84  11  72  12  52  13  99  14  11
  0  13  1  72  2  40  3  84  4  90  5  70  6  42  7  54  8  21  9  4  10  1  11  68  12  70  13  55  14  69
  0  42  1  77  2  33  3  7  4  98  5  97  6  77  7  23  8  56  9  46  10  72  11  69  12  28  13  33  14  29
  0  39  1  57  2  26  3  66  4  52  5  89  6  72  7  42  8  46  9  72  10  68  11  79  12  1  13  23  14  68
  0  96  1  67  2  6  3  52  4  61  5  72  6  25  7  11  8  92  9  29  10  88  11  11  12  96  13  70  14  42
  0  51  1  19  2  78  3  52  4  18  5  31  6  90  7  86  8  1  9  97  10  99  11  39  12  33  13  83  14  71
  0  81  1  66  2  6  3  51  4  42  5  92  6  33  7  46  8  46  9  60  10  86  11  88  12  73  13  73  14  98
  0  12  1  5  2  52  3  36  4  15  5  70  6  96  7  86  8  89  9  29  10  85  11  70  12  22  13  26  14  97
  0  26  1  8  2  15  3  46  4  78  5  44  6  53  7  48  8  90  9  76  10  84  11  89  12  55  13  18  14  83
  0  38  1  88  2  77  3  25  4  25  5  11  6  48  7  92  8  6  9  46  10  59  11  54  12  51  13  67  14  79
  0  58  1  38  2  66  3  33  4  24  5  52  6  34  7  71  8  49  9  11  10  70  11  84  12  43  13  53  14  65
  0  86  1  50  2  97  3  20  4  78  5  46  6  22  7  96  8  78  9  9  10  31  11  20  12  84  13  83  14  34
  0  65  1  91  2  21  3  16  4  6  5  97  6  43  7  96  8  10  9  58  10  49  11  8  12  6  13  71  14  9
  0  23  1  53  2  14  3  62  4  35  5  93  6  53  7  45  8  60  9  67  10  8  11  15  12  94  13  14  14  30
  0  18  1  87  2  11  3  30  4  59  5  84  6  91  7  76  8  39  9  53  10  63  11  33  12  79  13  7  14  24
  0  13  1  50  2  79  3  26  4  71  5  66  6  23  7  55  8  65  9  30  10  22  11  14  12  39  13  18  14  60
  0  28  1  34  2  45  3  76  4  21  5  17  6  71  7  84  8  17  9  72  10  14  11  59  12  72  13  25  14  73
  0  17  1  48  2  62  3  19  4  24  5  61  6  84  7  67  8  20  9  95  10  6  11  43  12  51  13  51  14  78
  0  29  1  29  2  57  3  15  4  32  5  81  6  82  7  27  8  18  9  45  10  20  11  15  12  98  13  17  14  37
  0  65  1  72  2  83  3  96  4  49  5  52  6  66  7  5  8  26  9  28  10  77  11  49  12  91  13  57  14  57
  0  14  1  31  2  69  3  42  4  93  5  62  6  30  7  96  8  53  9  85  10  14  11  86  12  85  13  58  14  60
  0  93  1  76  2  85  3  27  4  90  5  83  6  79  7  65  8  34  9  76  10  24  11  68  12  34  13  98  14  67
  0  80  1  14  2  54  3  6  4  67  5  78  6  24  7  48  8  74  9  29  10  62  11  70  12  33  13  17  14  41
  0  86  1  96  2  19  3  28  4  21  5  93  6  64  7  17  8  36  9  60  10  66  11  62  12  56  13  66  14  16
  0  70  1  3  2  53  3  59  4  48  5  12  6  60  7  58  8  28  9  18  10  81  11  3  12  7  13  10  14  9
  0  34  1  62  2  8  3  39  4  86  5  52  6  6  7  38  8  67  9  3  10  76  11  20  12  17  13  23  14  51
  0  58  1  42  2  35  3  95  4  48  5  93  6  89  7  62  8  90  9  38  10  84  11  92  12  50  13  51  14  55
  0  84  1  31  2  23  3  67  4  56  5  52  6  56  7  30  8  76  9  34  10  1  11  38  12  39  13  10  14  55
  0  85  1  91  2  37  3  17  4  12  5  69  6  69  7  82  8  93  9  68  10  11  11  15  12  65  13  73  14  64
  0  27  1  47  2  27  3  45  4  60  5  22  6  95  7  33  8  50  9  60  10  74  11  60  12  9  13  21  14  34
  0  79  1  62  2  49  3  10  4  54  5  36  6  62  7  73  8  57  9  56  10  95  11  45  12  81  13  26  14  37
  0  33  1  88  2  93  3  91  4  20  5  58  6  11  7  36  8  13  9  11  10  55  11  64  12  37  13  7  14  69
  0  39  1  51  2  60  3  36  4  84  5  90  6  20  7  83  8  94  9  86  10  82  11  8  12  52  13  8  14  68
  0  45  1  64  2  27  3  71  4  30  5  68  6  99  7  34  8  27  9  64  10  24  11  49  12  22  13  82  14  8
  0  69  1  4  2  80  3  55  4  68  5  86  6  30  7  68  8  1  9  32  10  61  11  10  12  48  13  95  14  38
  0  75  1  49  2  87  3  5  4  80  5  43  6  28  7  26  8  52  9  91  10  52  11  10  12  70  13  42  14  64
  0  76  1  30  2  53  3  70  4  24  5  89  6  98  7  37  8  96  9  32  10  21  11  45  12  61  13  73  14  91
  0  40  1  51  2  66  3  5  4  5  5  11  6  2  7  19  8  94  9  86  10  15  11  12  12  18  13  16  14  20
  0  20  1  61  2  28  3  47  4  69  5  66  6  46  7  71  8  34  9  27  10  63  11  21  12  65  13  72  14  38
  0  35  1  83  2  29  3  7  4  1  5  27  6  91  7  33  8  71  9  93  10  49  11  39  12  79  13  30  14  45
  0  76  1  67  2  42  3  56  4  38  5  8  6  38  7  28  8  19  9  95  10  35  11  9  12  82  13  25  14  72
  0  55  1  81  2  77  3  25  4  11  5  42  6  1  7  15  8  76  9  14  10  47  11  48  12  28  13  44  14  85
  0  41  1  44  2  27  3  34  4  3  5  56  6  29  7  58  8  87  9  33  10  9  11  35  12  49  13  49  14  73
  0  85  1  41  2  23  3  25  4  9  5  52  6  99  7  15  8  91  9  74  10  33  11  94  12  65  13  45  14  79
  0  35  1  28  2  97  3  13  4  49  5  67  6  29  7  32  8  43  9  48  10  52  11  94  12  79  13  37  14  5
  0  30  1  29  2  97  3  29  4  93  5  49  6  66  7  33  8  74  9  2  10  97  11  21  12  67  13  9  14  37
  0  28  1  65  2  11  3  49  4  10  5  40  6  71  7  43  8  79  9  19  10  43  11  30  12  76  13  68  14  85
  0  28  1  13  2  44  3  9  4  6  5  47  6  74  7  78  8  13  9  67  10  76  11  2  12  46  13  75  14  31
  0  86  1  49  2  25  3  63  4  43  5  47  6  45  7  3  8  66  9  61  10  48  11  16  12  13  13  55  14  10
  0  46  1  82  2  7  3  67  4  2  5  46  6  8  7  70  8  62  9  83  10  37  11  90  12  11  13  32  14  65
  0  69  1  9  2  54  3  67  4  47  5  64  6  76  7  68  8  29  9  66  10  51  11  49  12  58  13  84  14  54
  0  79  1  14  2  60  3  17  4  53  5  46  6  26  7  43  8  50  9  27  10  43  11  79  12  55  13  69  14  50
  0  32  1  85  2  39  3  30  4  32  5  33  6  88  7  73  8  21  9  12  10  45  11  86  12  89  13  61  14  69
  0  55  1  92  2  57  3  52  4  81  5  32  6  20  7  9  8  52  9  71  10  35  11  5  12  91  13  28  14  10
  0  1  1  27  2  59  3  38  4  32  5  58  6  36  7  63  8  24  9  9  10  59  11  29  12  35  13  7  14  90
  0  77  1  70  2  16  3  70  4  46  5  2  6  22  7  67  8  40  9  98  10  33  11  74  12  14  13  48  14  71
  0  35  1  68  2  19  3  40  4  94  5  57  6  99  7  99  8  77  9  53  10  15  11  4  12  46  13  22  14  98
  0  62  1  7  2  7  3  87  4  25  5  53  6  6  7  43  8  28  9  57  10  21  11  40  12  33  13  65  14  88
  0  60  1  35  2  52  3  29  4  88  5  51  6  37  7  75  8  4  9  97  10  63  11  72  12  1  13  7  14  3
TPM
  0  2033  1  2033  2  2033  3  2033  4  2033  5  2033  6  2033  7  2033  8  2033  9  2033  10  2033  11  2033  12  2033  13  2033  14  2033
PMT
  0  22  1  45  2  36  3  20  4  40  5  37  6  49  7  13  8  47  9  34  10  45  11  15  12  22  13  21  14  16
  0  14  1  7  2  2  3  13  4  38  5  6  6  4  7  44  8  3  9  16  10  7  11  17  12  47  13  35  14  4
  0  38  1  12  2  2  3  15  4  26  5  16  6  30  7  11  8  12  9  45  10  39  11  37  12  18  13  6  14  37
  0  48  1  11  2  7  3  48  4  47  5  35  6  25  7  32  8  3  9  21  10  20  11  31  12  4  13  16  14  35
  0  34  1  21  2  46  3  36  4  26  5  42  6  49  7  37  8  17  9  26  10  23  11  38  12  10  13  33  14  16
  0  10  1  23  2  38  3  6  4  25  5  47  6  6  7  47  8  30  9  32  10  23  11  32  12  2  13  3  14  34
  0  27  1  40  2  35  3  48  4  20  5  42  6  2  7  43  8  3  9  1  10  8  11  10  12  38  13  13  14  40
  0  29  1  40  2  35  3  37  4  19  5  11  6  15  7  8  8  43  9  2  10  20  11  6  12  13  13  37  14  36
  0  3  1  44  2  48  3  9  4  25  5  21  6  12  7  32  8  8  9  13  10  23  11  47  12  21  13  5  14  46
  0  3  1  16  2  37  3  15  4  38  5  24  6  11  7  43  8  9  9  12  10  8  11  48  12  34  13  19  14  37
