50  15
  0  72  1  83  2  55  3  71  4  52  5  3  6  21  7  86  8  29  9  95  10  42  11  35  12  56  13  32  14  2
  0  69  1  71  2  15  3  37  4  56  5  64  6  90  7  47  8  40  9  68  10  11  11  96  12  7  13  36  14  8
  0  33  1  30  2  72  3  32  4  60  5  65  6  10  7  53  8  16  9  91  10  71  11  46  12  52  13  51  14  50
  0  90  1  20  2  18  3  88  4  66  5  97  6  86  7  58  8  23  9  27  10  94  11  48  12  53  13  38  14  85
  0  35  1  6  2  73  3  86  4  85  5  99  6  56  7  77  8  1  9  49  10  51  11  47  12  27  13  95  14  11
  0  69  1  73  2  2  3  20  4  68  5  18  6  77  7  68  8  26  9  97  10  12  11  20  12  58  13  5  14  56
  0  52  1  86  2  37  3  71  4  94  5  45  6  80  7  28  8  87  9  21  10  17  11  43  12  22  13  21  14  83
  0  65  1  61  2  3  3  29  4  66  5  40  6  12  7  48  8  86  9  81  10  25  11  83  12  44  13  95  14  78
  0  20  1  14  2  47  3  41  4  28  5  17  6  89  7  51  8  19  9  5  10  25  11  38  12  16  13  7  14  26
  0  92  1  65  2  72  3  26  4  46  5  33  6  53  7  73  8  96  9  59  10  78  11  95  12  70  13  78  14  28
  0  31  1  14  2  14  3  15  4  9  5  59  6  7  7  23  8  1  9  7  10  49  11  61  12  66  13  7  14  19
  0  32  1  63  2  47  3  39  4  29  5  3  6  79  7  17  8  6  9  63  10  29  11  21  12  83  13  98  14  79
  0  12  1  89  2  99  3  26  4  46  5  44  6  98  7  37  8  85  9  40  10  23  11  72  12  9  13  74  14  37
  0  35  1  10  2  32  3  36  4  77  5  9  6  43  7  67  8  63  9  26  10  35  11  6  12  72  13  88  14  75
  0  3  1  4  2  76  3  77  4  79  5  89  6  16  7  82  8  54  9  53  10  91  11  91  12  1  13  64  14  25
  0  66  1  86  2  66  3  38  4  40  5  45  6  83  7  16  8  16  9  70  10  41  11  18  12  22  13  48  14  49
  0  11  1  76  2  46  3  27  4  26  5  59  6  48  7  82  8  60  9  6  10  90  11  67  12  65  13  68  14  34
  0  60  1  14  2  8  3  93  4  76  5  18  6  10  7  95  8  76  9  44  10  47  11  40  12  42  13  66  14  20
  0  86  1  38  2  22  3  51  4  95  5  65  6  82  7  25  8  85  9  94  10  55  11  83  12  97  13  23  14  62
  0  33  1  70  2  93  3  81  4  9  5  62  6  71  7  25  8  14  9  94  10  72  11  13  12  29  13  81  14  75
  0  57  1  50  2  73  3  77  4  46  5  10  6  43  7  68  8  29  9  81  10  74  11  20  12  17  13  82  14  45
  0  46  1  52  2  19  3  11  4  54  5  20  6  30  7  22  8  92  9  2  10  46  11  47  12  94  13  84  14  51
  0  74  1  32  2  93  3  7  4  10  5  62  6  98  7  10  8  8  9  18  10  15  11  59  12  97  13  63  14  1
  0  64  1  76  2  47  3  17  4  28  5  8  6  91  7  15  8  75  9  31  10  15  11  53  12  23  13  64  14  76
  0  57  1  96  2  77  3  90  4  88  5  52  6  47  7  46  8  82  9  53  10  36  11  29  12  52  13  8  14  39
  0  35  1  99  2  85  3  13  4  17  5  53  6  33  7  66  8  14  9  38  10  92  11  73  12  43  13  48  14  76
  0  55  1  58  2  69  3  46  4  24  5  7  6  72  7  20  8  92  9  39  10  87  11  84  12  97  13  50  14  18
  0  96  1  85  2  54  3  47  4  96  5  50  6  30  7  73  8  79  9  40  10  85  11  50  12  78  13  58  14  18
  0  22  1  63  2  33  3  87  4  97  5  73  6  25  7  22  8  88  9  14  10  1  11  10  12  96  13  98  14  93
  0  61  1  51  2  15  3  26  4  48  5  15  6  47  7  65  8  45  9  3  10  80  11  37  12  28  13  2  14  70
  0  24  1  10  2  70  3  57  4  11  5  20  6  60  7  48  8  68  9  62  10  93  11  9  12  79  13  85  14  79
  0  32  1  47  2  75  3  58  4  74  5  48  6  51  7  14  8  78  9  6  10  2  11  79  12  20  13  16  14  23
  0  32  1  55  2  33  3  24  4  55  5  55  6  4  7  20  8  12  9  36  10  17  11  32  12  59  13  47  14  88
  0  49  1  93  2  67  3  12  4  40  5  6  6  6  7  44  8  7  9  94  10  29  11  1  12  24  13  58  14  52
  0  86  1  8  2  71  3  63  4  75  5  98  6  3  7  72  8  28  9  58  10  47  11  96  12  12  13  22  14  71
  0  45  1  39  2  45  3  88  4  33  5  64  6  33  7  29  8  58  9  6  10  63  11  45  12  31  13  53  14  16
  0  7  1  3  2  10  3  79  4  35  5  70  6  67  7  4  8  3  9  44  10  4  11  15  12  98  13  88  14  70
  0  5  1  29  2  86  3  92  4  71  5  2  6  2  7  11  8  67  9  22  10  5  11  27  12  80  13  95  14  14
  0  44  1  68  2  5  3  65  4  1  5  90  6  32  7  97  8  53  9  43  10  8  11  29  12  49  13  75  14  41
  0  60  1  85  2  35  3  45  4  29  5  64  6  86  7  59  8  93  9  82  10  86  11  47  12  37  13  6  14  25
  0  11  1  2  2  29  3  52  4  50  5  8  6  23  7  54  8  56  9  11  10  3  11  52  12  38  13  2  14  86
  0  36  1  85  2  59  3  27  4  51  5  49  6  95  7  19  8  6  9  75  10  72  11  36  12  68  13  30  14  66
  0  36  1  68  2  99  3  14  4  42  5  21  6  50  7  64  8  93  9  38  10  93  11  22  12  11  13  1  14  72
  0  61  1  39  2  98  3  82  4  28  5  42  6  73  7  80  8  83  9  74  10  3  11  56  12  46  13  57  14  23
  0  57  1  25  2  19  3  93  4  6  5  63  6  93  7  14  8  30  9  41  10  79  11  71  12  18  13  88  14  2
  0  88  1  60  2  23  3  31  4  74  5  22  6  2  7  54  8  7  9  96  10  58  11  99  12  8  13  92  14  71
  0  57  1  94  2  84  3  65  4  54  5  89  6  14  7  61  8  69  9  49  10  27  11  15  12  1  13  37  14  92
  0  14  1  23  2  52  3  9  4  27  5  87  6  81  7  33  8  15  9  62  10  36  11  66  12  58  13  14  14  12
  0  70  1  48  2  73  3  58  4  27  5  61  6  43  7  54  8  48  9  13  10  32  11  30  12  93  13  32  14  29
  0  80  1  68  2  43  3  53  4  58  5  93  6  29  7  38  8  45  9  84  10  94  11  44  12  31  13  73  14  87
TPM
  0  913  1  913  2  913  3  913  4  913  5  913  6  913  7  913  8  913  9  913  10  913  11  913  12  913  13  913  14  913
PMT
  0  22  1  15  2  14  3  5  4  17  5  6  6  16  7  2  8  22  9  23  10  17  11  5  12  6  13  11  14  23
  0  3  1  21  2  1  3  21  4  17  5  23  6  2  7  13  8  2  9  3  10  1  11  20  12  16  13  13  14  11
  0  5  1  7  2  13  3  14  4  5  5  19  6  10  7  7  8  12  9  3  10  1  11  4  12  20  13  18  14  14
  0  14  1  3  2  9  3  12  4  14  5  19  6  9  7  18  8  8  9  21  10  16  11  10  12  22  13  18  14  10
  0  4  1  3  2  3  3  5  4  17  5  16  6  24  7  15  8  23  9  13  10  20  11  3  12  20  13  12  14  7
  0  16  1  7  2  5  3  9  4  16  5  9  6  16  7  16  8  5  9  11  10  24  11  16  12  4  13  13  14  15
