500  10
  0  48  1  58  2  71  3  34  4  13  5  25  6  36  7  6  8  94  9  27
  0  64  1  58  2  48  3  46  4  96  5  80  6  72  7  89  8  57  9  98
  0  15  1  97  2  77  3  82  4  87  5  71  6  24  7  59  8  45  9  66
  0  68  1  19  2  67  3  31  4  61  5  58  6  32  7  78  8  10  9  25
  0  76  1  33  2  63  3  51  4  85  5  75  6  70  7  71  8  57  9  81
  0  57  1  78  2  19  3  45  4  16  5  75  6  12  7  2  8  43  9  98
  0  64  1  15  2  47  3  31  4  9  5  83  6  99  7  46  8  28  9  88
  0  30  1  30  2  25  3  77  4  71  5  82  6  62  7  57  8  1  9  97
  0  10  1  54  2  48  3  61  4  85  5  50  6  54  7  34  8  96  9  11
  0  13  1  95  2  17  3  53  4  15  5  63  6  30  7  38  8  82  9  32
  0  56  1  73  2  82  3  80  4  30  5  48  6  18  7  35  8  86  9  70
  0  70  1  15  2  92  3  48  4  26  5  69  6  13  7  39  8  13  9  94
  0  13  1  79  2  35  3  96  4  26  5  43  6  64  7  20  8  44  9  8
  0  57  1  77  2  6  3  16  4  71  5  38  6  90  7  73  8  29  9  69
  0  49  1  10  2  32  3  29  4  23  5  95  6  34  7  50  8  31  9  2
  0  31  1  94  2  35  3  30  4  5  5  28  6  1  7  60  8  60  9  59
  0  25  1  90  2  11  3  67  4  99  5  65  6  24  7  68  8  12  9  19
  0  23  1  24  2  24  3  81  4  11  5  97  6  77  7  16  8  59  9  80
  0  5  1  93  2  68  3  73  4  49  5  25  6  17  7  87  8  30  9  94
  0  37  1  88  2  4  3  78  4  81  5  16  6  92  7  32  8  82  9  34
  0  8  1  90  2  16  3  13  4  67  5  7  6  2  7  31  8  91  9  18
  0  34  1  61  2  29  3  32  4  7  5  72  6  47  7  63  8  58  9  54
  0  88  1  49  2  97  3  69  4  66  5  48  6  47  7  63  8  71  9  92
  0  16  1  5  2  99  3  33  4  17  5  24  6  21  7  22  8  68  9  89
  0  56  1  99  2  38  3  21  4  34  5  2  6  46  7  34  8  31  9  83
  0  13  1  81  2  32  3  40  4  19  5  12  6  60  7  67  8  35  9  76
  0  57  1  85  2  9  3  46  4  16  5  30  6  34  7  27  8  4  9  75
  0  45  1  85  2  22  3  50  4  93  5  14  6  79  7  48  8  9  9  2
  0  7  1  65  2  58  3  98  4  98  5  1  6  45  7  80  8  89  9  94
  0  16  1  48  2  4  3  15  4  67  5  30  6  95  7  4  8  67  9  64
  0  24  1  32  2  39  3  83  4  95  5  43  6  69  7  22  8  62  9  81
  0  36  1  22  2  90  3  25  4  68  5  14  6  10  7  75  8  91  9  90
  0  16  1  73  2  7  3  98  4  95  5  50  6  19  7  27  8  81  9  17
  0  13  1  56  2  68  3  68  4  25  5  98  6  44  7  45  8  80  9  53
  0  10  1  78  2  89  3  42  4  8  5  20  6  14  7  10  8  70  9  24
  0  43  1  6  2  58  3  41  4  68  5  72  6  52  7  21  8  11  9  10
  0  27  1  70  2  64  3  99  4  9  5  76  6  48  7  98  8  89  9  11
  0  85  1  43  2  80  3  76  4  53  5  11  6  88  7  44  8  57  9  46
  0  68  1  21  2  58  3  47  4  93  5  19  6  8  7  45  8  27  9  25
  0  11  1  54  2  93  3  3  4  7  5  66  6  96  7  62  8  26  9  2
  0  15  1  83  2  88  3  50  4  69  5  78  6  27  7  77  8  72  9  33
  0  60  1  60  2  72  3  54  4  61  5  82  6  57  7  22  8  78  9  14
  0  2  1  21  2  6  3  35  4  48  5  93  6  23  7  9  8  70  9  45
  0  45  1  78  2  57  3  94  4  41  5  64  6  1  7  53  8  35  9  95
  0  8  1  59  2  76  3  64  4  36  5  24  6  50  7  34  8  43  9  51
  0  77  1  5  2  95  3  34  4  4  5  31  6  67  7  61  8  92  9  50
  0  49  1  59  2  61  3  50  4  14  5  67  6  38  7  99  8  35  9  30
  0  21  1  17  2  48  3  36  4  56  5  49  6  95  7  47  8  90  9  73
  0  1  1  97  2  47  3  71  4  57  5  52  6  34  7  21  8  35  9  63
  0  86  1  96  2  34  3  53  4  2  5  90  6  40  7  12  8  20  9  95
  0  62  1  6  2  48  3  98  4  56  5  16  6  47  7  79  8  68  9  54
  0  22  1  25  2  39  3  42  4  77  5  92  6  71  7  28  8  44  9  86
  0  44  1  95  2  73  3  25  4  11  5  87  6  64  7  25  8  48  9  27
  0  72  1  21  2  7  3  38  4  99  5  95  6  5  7  87  8  88  9  98
  0  56  1  88  2  49  3  64  4  25  5  53  6  1  7  73  8  53  9  76
  0  4  1  9  2  91  3  93  4  19  5  92  6  47  7  39  8  18  9  30
  0  8  1  2  2  27  3  69  4  28  5  51  6  79  7  67  8  70  9  81
  0  17  1  26  2  43  3  9  4  53  5  20  6  81  7  89  8  96  9  47
  0  50  1  78  2  2  3  72  4  86  5  30  6  79  7  32  8  92  9  98
  0  99  1  33  2  47  3  15  4  60  5  60  6  13  7  32  8  14  9  72
  0  39  1  68  2  64  3  57  4  96  5  86  6  80  7  69  8  91  9  98
  0  88  1  71  2  45  3  79  4  48  5  62  6  44  7  20  8  11  9  52
  0  81  1  69  2  17  3  15  4  52  5  32  6  93  7  42  8  86  9  33
  0  46  1  73  2  7  3  53  4  58  5  66  6  65  7  8  8  49  9  43
  0  93  1  17  2  46  3  32  4  51  5  86  6  73  7  67  8  87  9  16
  0  63  1  39  2  30  3  69  4  50  5  6  6  67  7  10  8  95  9  88
  0  3  1  68  2  41  3  32  4  73  5  84  6  20  7  99  8  83  9  73
  0  49  1  25  2  87  3  69  4  85  5  41  6  17  7  73  8  26  9  73
  0  46  1  9  2  80  3  55  4  36  5  32  6  48  7  88  8  93  9  93
  0  77  1  97  2  51  3  18  4  85  5  13  6  50  7  49  8  68  9  84
  0  64  1  97  2  40  3  46  4  26  5  70  6  66  7  37  8  20  9  76
  0  77  1  73  2  60  3  28  4  3  5  38  6  82  7  3  8  30  9  97
  0  89  1  17  2  97  3  98  4  53  5  26  6  83  7  82  8  54  9  70
  0  15  1  23  2  8  3  9  4  51  5  93  6  25  7  25  8  92  9  84
  0  74  1  95  2  20  3  58  4  75  5  45  6  66  7  5  8  34  9  43
  0  84  1  20  2  73  3  3  4  59  5  44  6  62  7  1  8  62  9  8
  0  10  1  13  2  68  3  93  4  94  5  49  6  80  7  3  8  53  9  24
  0  17  1  74  2  25  3  95  4  62  5  20  6  46  7  68  8  2  9  46
  0  37  1  26  2  73  3  92  4  20  5  64  6  12  7  13  8  65  9  12
  0  67  1  58  2  51  3  80  4  33  5  51  6  87  7  75  8  1  9  62
  0  41  1  50  2  35  3  27  4  50  5  6  6  37  7  55  8  34  9  44
  0  35  1  31  2  22  3  41  4  26  5  4  6  61  7  2  8  46  9  13
  0  81  1  97  2  65  3  5  4  19  5  16  6  7  7  28  8  34  9  58
  0  51  1  13  2  74  3  74  4  88  5  85  6  61  7  19  8  96  9  59
  0  10  1  61  2  88  3  5  4  3  5  91  6  42  7  93  8  88  9  6
  0  5  1  75  2  64  3  56  4  44  5  20  6  61  7  98  8  84  9  32
  0  63  1  82  2  43  3  45  4  97  5  56  6  63  7  22  8  3  9  92
  0  13  1  31  2  50  3  44  4  78  5  88  6  74  7  92  8  94  9  56
  0  50  1  55  2  70  3  62  4  98  5  52  6  11  7  76  8  36  9  50
  0  55  1  49  2  87  3  46  4  56  5  2  6  14  7  44  8  91  9  33
  0  50  1  46  2  76  3  70  4  41  5  57  6  17  7  81  8  16  9  75
  0  23  1  34  2  51  3  20  4  72  5  57  6  2  7  14  8  92  9  51
  0  8  1  31  2  4  3  39  4  2  5  62  6  44  7  78  8  82  9  77
  0  51  1  44  2  13  3  66  4  3  5  77  6  75  7  7  8  12  9  57
  0  88  1  85  2  40  3  23  4  57  5  56  6  86  7  75  8  26  9  32
  0  37  1  20  2  47  3  37  4  11  5  42  6  84  7  58  8  27  9  20
  0  22  1  81  2  65  3  6  4  35  5  1  6  23  7  55  8  55  9  34
  0  65  1  68  2  37  3  80  4  27  5  69  6  88  7  11  8  32  9  53
  0  54  1  64  2  12  3  60  4  34  5  9  6  51  7  71  8  95  9  75
  0  96  1  24  2  7  3  73  4  2  5  95  6  89  7  63  8  91  9  8
  0  88  1  21  2  75  3  42  4  87  5  35  6  36  7  72  8  26  9  19
  0  76  1  59  2  3  3  31  4  8  5  54  6  58  7  21  8  95  9  19
  0  79  1  67  2  16  3  40  4  71  5  58  6  72  7  18  8  85  9  32
  0  81  1  41  2  92  3  90  4  36  5  82  6  50  7  35  8  90  9  81
  0  7  1  7  2  30  3  83  4  22  5  15  6  31  7  83  8  14  9  89
  0  11  1  51  2  61  3  4  4  18  5  69  6  8  7  30  8  37  9  3
  0  63  1  47  2  87  3  63  4  91  5  1  6  36  7  71  8  19  9  81
  0  81  1  97  2  26  3  86  4  48  5  46  6  93  7  65  8  13  9  29
  0  6  1  70  2  57  3  14  4  50  5  67  6  6  7  64  8  63  9  72
  0  1  1  8  2  97  3  14  4  23  5  83  6  18  7  52  8  59  9  66
  0  67  1  90  2  73  3  74  4  37  5  62  6  34  7  93  8  32  9  94
  0  2  1  78  2  43  3  55  4  92  5  27  6  39  7  56  8  51  9  29
  0  47  1  57  2  10  3  17  4  92  5  3  6  22  7  11  8  12  9  83
  0  84  1  1  2  56  3  89  4  99  5  17  6  50  7  25  8  33  9  95
  0  85  1  78  2  66  3  16  4  46  5  79  6  67  7  89  8  3  9  80
  0  98  1  17  2  23  3  46  4  62  5  40  6  89  7  46  8  41  9  58
  0  22  1  71  2  87  3  86  4  24  5  23  6  63  7  81  8  34  9  56
  0  37  1  52  2  34  3  59  4  98  5  29  6  42  7  14  8  30  9  73
  0  97  1  65  2  63  3  37  4  13  5  89  6  94  7  15  8  60  9  42
  0  55  1  39  2  4  3  32  4  37  5  10  6  96  7  48  8  40  9  75
  0  16  1  25  2  85  3  88  4  92  5  39  6  9  7  10  8  65  9  68
  0  24  1  30  2  64  3  52  4  28  5  47  6  97  7  27  8  94  9  5
  0  9  1  52  2  59  3  69  4  20  5  22  6  98  7  35  8  79  9  37
  0  71  1  58  2  78  3  91  4  60  5  57  6  6  7  88  8  26  9  46
  0  58  1  95  2  84  3  86  4  27  5  91  6  47  7  58  8  16  9  87
  0  92  1  98  2  72  3  3  4  69  5  64  6  43  7  36  8  34  9  3
  0  64  1  73  2  74  3  41  4  66  5  3  6  89  7  34  8  53  9  39
  0  3  1  33  2  71  3  82  4  47  5  47  6  90  7  53  8  45  9  31
  0  62  1  88  2  62  3  14  4  22  5  81  6  21  7  44  8  51  9  7
  0  97  1  29  2  21  3  58  4  34  5  85  6  77  7  97  8  47  9  26
  0  47  1  88  2  11  3  63  4  63  5  57  6  40  7  92  8  45  9  17
  0  19  1  79  2  92  3  36  4  27  5  93  6  61  7  44  8  71  9  28
  0  32  1  7  2  41  3  9  4  6  5  4  6  4  7  7  8  70  9  1
  0  51  1  64  2  32  3  97  4  39  5  34  6  98  7  89  8  86  9  77
  0  61  1  80  2  33  3  68  4  18  5  27  6  52  7  8  8  27  9  8
  0  97  1  36  2  81  3  49  4  11  5  12  6  56  7  39  8  12  9  69
  0  60  1  28  2  65  3  7  4  84  5  90  6  3  7  40  8  52  9  82
  0  7  1  37  2  92  3  51  4  23  5  13  6  8  7  45  8  49  9  52
  0  85  1  55  2  96  3  93  4  1  5  83  6  49  7  83  8  94  9  5
  0  51  1  91  2  22  3  84  4  1  5  37  6  16  7  56  8  32  9  82
  0  5  1  84  2  14  3  80  4  78  5  54  6  95  7  82  8  88  9  65
  0  76  1  49  2  41  3  31  4  85  5  24  6  1  7  1  8  93  9  48
  0  24  1  57  2  90  3  41  4  84  5  62  6  11  7  66  8  69  9  48
  0  80  1  60  2  47  3  77  4  18  5  94  6  38  7  26  8  26  9  95
  0  46  1  50  2  35  3  49  4  27  5  46  6  2  7  53  8  99  9  30
  0  75  1  6  2  29  3  66  4  65  5  39  6  38  7  45  8  95  9  34
  0  20  1  82  2  20  3  76  4  75  5  86  6  25  7  43  8  73  9  20
  0  62  1  25  2  23  3  51  4  73  5  28  6  10  7  74  8  4  9  10
  0  24  1  38  2  23  3  32  4  81  5  15  6  82  7  57  8  29  9  4
  0  1  1  3  2  77  3  42  4  44  5  34  6  94  7  73  8  35  9  64
  0  70  1  2  2  20  3  90  4  20  5  10  6  83  7  88  8  91  9  54
  0  70  1  22  2  7  3  33  4  59  5  80  6  32  7  2  8  19  9  19
  0  62  1  98  2  17  3  64  4  82  5  70  6  67  7  37  8  18  9  41
  0  43  1  74  2  98  3  50  4  88  5  69  6  95  7  57  8  6  9  58
  0  5  1  87  2  99  3  22  4  91  5  60  6  3  7  80  8  16  9  39
  0  23  1  98  2  99  3  80  4  80  5  35  6  10  7  78  8  23  9  93
  0  66  1  29  2  41  3  67  4  9  5  60  6  24  7  85  8  66  9  12
  0  22  1  94  2  14  3  41  4  10  5  41  6  26  7  6  8  67  9  37
  0  51  1  52  2  12  3  24  4  63  5  87  6  72  7  60  8  66  9  38
  0  64  1  12  2  67  3  17  4  15  5  13  6  35  7  40  8  54  9  17
  0  7  1  81  2  61  3  78  4  18  5  44  6  42  7  13  8  68  9  93
  0  61  1  34  2  38  3  81  4  74  5  71  6  29  7  47  8  19  9  9
  0  91  1  87  2  67  3  1  4  57  5  24  6  46  7  54  8  93  9  12
  0  77  1  91  2  48  3  63  4  98  5  20  6  49  7  92  8  54  9  74
  0  83  1  87  2  89  3  30  4  59  5  82  6  68  7  72  8  34  9  77
  0  92  1  79  2  60  3  27  4  25  5  71  6  81  7  8  8  13  9  17
  0  85  1  11  2  64  3  91  4  80  5  45  6  53  7  52  8  71  9  44
  0  28  1  61  2  44  3  89  4  52  5  61  6  82  7  21  8  22  9  7
  0  71  1  82  2  10  3  93  4  75  5  24  6  54  7  38  8  90  9  66
  0  85  1  97  2  92  3  87  4  51  5  48  6  51  7  2  8  89  9  40
  0  81  1  21  2  61  3  14  4  32  5  41  6  44  7  39  8  55  9  81
  0  35  1  9  2  92  3  59  4  34  5  4  6  77  7  7  8  88  9  14
  0  45  1  35  2  34  3  73  4  79  5  8  6  49  7  44  8  66  9  97
  0  19  1  69  2  9  3  11  4  76  5  70  6  35  7  24  8  54  9  53
  0  10  1  58  2  77  3  61  4  8  5  90  6  72  7  85  8  37  9  68
  0  85  1  16  2  12  3  88  4  19  5  95  6  95  7  48  8  36  9  15
  0  88  1  85  2  95  3  57  4  17  5  63  6  14  7  74  8  50  9  55
  0  70  1  69  2  61  3  63  4  87  5  1  6  82  7  50  8  78  9  42
  0  58  1  68  2  20  3  60  4  66  5  41  6  1  7  93  8  71  9  3
  0  62  1  48  2  38  3  10  4  21  5  44  6  99  7  93  8  35  9  68
  0  81  1  95  2  71  3  29  4  6  5  22  6  76  7  15  8  43  9  99
  0  50  1  5  2  77  3  27  4  88  5  67  6  92  7  46  8  31  9  71
  0  21  1  76  2  49  3  81  4  95  5  1  6  41  7  97  8  87  9  80
  0  21  1  96  2  40  3  42  4  34  5  49  6  25  7  70  8  24  9  43
  0  72  1  90  2  32  3  27  4  64  5  31  6  7  7  57  8  79  9  96
  0  59  1  13  2  41  3  91  4  86  5  5  6  97  7  80  8  47  9  14
  0  40  1  66  2  73  3  7  4  47  5  31  6  30  7  28  8  80  9  62
  0  81  1  75  2  10  3  63  4  13  5  94  6  22  7  30  8  14  9  53
  0  28  1  22  2  30  3  74  4  10  5  81  6  34  7  59  8  37  9  57
  0  76  1  14  2  52  3  59  4  14  5  46  6  29  7  40  8  26  9  35
  0  20  1  64  2  68  3  54  4  55  5  47  6  27  7  17  8  84  9  37
  0  65  1  77  2  44  3  94  4  83  5  91  6  91  7  94  8  24  9  39
  0  66  1  31  2  11  3  44  4  50  5  29  6  86  7  65  8  23  9  82
  0  84  1  19  2  69  3  58  4  77  5  72  6  63  7  61  8  54  9  28
  0  22  1  31  2  40  3  56  4  42  5  24  6  52  7  76  8  29  9  94
  0  57  1  86  2  97  3  89  4  78  5  80  6  92  7  12  8  53  9  14
  0  70  1  13  2  63  3  4  4  43  5  38  6  69  7  76  8  49  9  12
  0  20  1  92  2  34  3  54  4  35  5  16  6  43  7  56  8  68  9  16
  0  52  1  58  2  7  3  99  4  96  5  10  6  50  7  23  8  72  9  6
  0  95  1  46  2  24  3  23  4  14  5  92  6  34  7  12  8  75  9  63
  0  83  1  95  2  93  3  98  4  54  5  13  6  67  7  86  8  78  9  81
  0  57  1  76  2  70  3  76  4  13  5  25  6  89  7  58  8  45  9  1
  0  15  1  73  2  20  3  15  4  41  5  47  6  85  7  62  8  19  9  3
  0  99  1  80  2  96  3  99  4  91  5  62  6  49  7  76  8  78  9  96
  0  85  1  26  2  38  3  97  4  78  5  54  6  87  7  61  8  60  9  89
  0  27  1  65  2  78  3  44  4  47  5  77  6  90  7  56  8  22  9  68
  0  58  1  49  2  14  3  28  4  76  5  97  6  74  7  27  8  19  9  79
  0  24  1  78  2  10  3  54  4  29  5  97  6  50  7  10  8  16  9  61
  0  51  1  47  2  4  3  98  4  53  5  8  6  23  7  89  8  44  9  58
  0  60  1  40  2  94  3  2  4  59  5  58  6  67  7  53  8  49  9  60
  0  95  1  20  2  85  3  64  4  6  5  71  6  39  7  71  8  47  9  77
  0  49  1  26  2  59  3  66  4  29  5  9  6  62  7  19  8  10  9  12
  0  86  1  5  2  35  3  86  4  53  5  24  6  51  7  74  8  73  9  20
  0  66  1  58  2  43  3  61  4  61  5  90  6  33  7  22  8  77  9  89
  0  11  1  4  2  11  3  10  4  43  5  68  6  3  7  28  8  63  9  98
  0  94  1  4  2  8  3  83  4  76  5  90  6  43  7  96  8  71  9  30
  0  54  1  38  2  23  3  42  4  60  5  29  6  71  7  92  8  62  9  88
  0  44  1  98  2  65  3  49  4  94  5  17  6  17  7  65  8  69  9  18
  0  45  1  30  2  81  3  28  4  5  5  22  6  9  7  14  8  54  9  13
  0  74  1  32  2  30  3  40  4  62  5  62  6  77  7  14  8  56  9  8
  0  68  1  92  2  37  3  24  4  18  5  90  6  64  7  6  8  53  9  56
  0  19  1  65  2  29  3  60  4  94  5  48  6  83  7  85  8  51  9  93
  0  62  1  79  2  85  3  38  4  75  5  46  6  71  7  92  8  57  9  70
  0  75  1  76  2  38  3  96  4  48  5  64  6  60  7  16  8  54  9  84
  0  82  1  32  2  86  3  82  4  70  5  2  6  80  7  29  8  57  9  81
  0  20  1  44  2  22  3  18  4  96  5  57  6  26  7  64  8  83  9  35
  0  96  1  18  2  11  3  39  4  63  5  98  6  67  7  99  8  64  9  29
  0  68  1  13  2  92  3  70  4  52  5  10  6  56  7  29  8  5  9  37
  0  49  1  53  2  25  3  54  4  75  5  63  6  73  7  51  8  73  9  92
  0  75  1  18  2  26  3  38  4  61  5  39  6  44  7  39  8  76  9  80
  0  86  1  48  2  82  3  4  4  31  5  39  6  42  7  15  8  8  9  81
  0  54  1  42  2  86  3  84  4  72  5  92  6  42  7  66  8  52  9  32
  0  68  1  20  2  71  3  96  4  5  5  77  6  50  7  20  8  88  9  95
  0  53  1  40  2  65  3  4  4  42  5  19  6  99  7  95  8  28  9  90
  0  78  1  64  2  34  3  13  4  8  5  99  6  64  7  3  8  30  9  89
  0  36  1  63  2  18  3  20  4  41  5  52  6  28  7  48  8  19  9  27
  0  13  1  86  2  73  3  82  4  24  5  42  6  61  7  74  8  61  9  84
  0  25  1  56  2  53  3  45  4  72  5  21  6  56  7  58  8  95  9  3
  0  25  1  11  2  3  3  61  4  87  5  60  6  96  7  91  8  25  9  25
  0  29  1  8  2  41  3  67  4  6  5  93  6  64  7  22  8  26  9  35
  0  36  1  42  2  95  3  57  4  52  5  55  6  15  7  40  8  86  9  62
  0  59  1  91  2  98  3  22  4  95  5  93  6  1  7  94  8  99  9  51
  0  54  1  46  2  62  3  11  4  4  5  33  6  13  7  32  8  75  9  19
  0  93  1  21  2  98  3  91  4  47  5  68  6  26  7  90  8  30  9  44
  0  58  1  51  2  42  3  41  4  5  5  28  6  34  7  78  8  39  9  65
  0  53  1  91  2  10  3  15  4  22  5  87  6  41  7  19  8  57  9  34
  0  27  1  18  2  88  3  99  4  87  5  46  6  32  7  87  8  60  9  13
  0  6  1  9  2  39  3  5  4  26  5  2  6  80  7  50  8  3  9  85
  0  41  1  7  2  9  3  99  4  17  5  97  6  31  7  88  8  99  9  97
  0  91  1  13  2  71  3  24  4  10  5  93  6  92  7  7  8  47  9  41
  0  71  1  43  2  49  3  13  4  6  5  41  6  90  7  99  8  44  9  21
  0  58  1  37  2  4  3  39  4  60  5  89  6  35  7  27  8  32  9  68
  0  36  1  82  2  68  3  58  4  45  5  50  6  23  7  74  8  67  9  66
  0  35  1  81  2  10  3  72  4  89  5  36  6  42  7  16  8  7  9  38
  0  97  1  89  2  28  3  7  4  81  5  72  6  49  7  4  8  54  9  96
  0  88  1  82  2  11  3  25  4  32  5  37  6  66  7  28  8  65  9  67
  0  18  1  4  2  86  3  88  4  58  5  51  6  74  7  57  8  39  9  27
  0  43  1  96  2  27  3  16  4  11  5  20  6  87  7  9  8  61  9  8
  0  2  1  66  2  85  3  85  4  96  5  16  6  24  7  91  8  36  9  2
  0  45  1  47  2  12  3  88  4  33  5  66  6  32  7  96  8  74  9  60
  0  97  1  9  2  65  3  30  4  98  5  78  6  73  7  52  8  90  9  35
  0  27  1  96  2  32  3  60  4  26  5  37  6  70  7  84  8  81  9  41
  0  38  1  29  2  40  3  42  4  72  5  78  6  54  7  49  8  81  9  88
  0  77  1  29  2  25  3  35  4  30  5  72  6  63  7  66  8  54  9  32
  0  21  1  29  2  25  3  90  4  35  5  65  6  34  7  97  8  20  9  1
  0  34  1  81  2  40  3  81  4  98  5  31  6  82  7  22  8  73  9  94
  0  86  1  72  2  93  3  49  4  35  5  20  6  93  7  32  8  55  9  83
  0  60  1  39  2  62  3  59  4  75  5  36  6  36  7  33  8  56  9  27
  0  38  1  71  2  11  3  84  4  91  5  46  6  40  7  43  8  82  9  55
  0  62  1  87  2  61  3  55  4  52  5  7  6  52  7  16  8  5  9  94
  0  90  1  48  2  72  3  6  4  59  5  79  6  46  7  8  8  88  9  77
  0  56  1  88  2  27  3  44  4  33  5  1  6  25  7  23  8  51  9  61
  0  68  1  3  2  34  3  40  4  54  5  11  6  5  7  91  8  6  9  15
  0  8  1  23  2  67  3  93  4  39  5  13  6  14  7  36  8  49  9  6
  0  81  1  80  2  19  3  47  4  96  5  4  6  18  7  54  8  56  9  26
  0  92  1  20  2  96  3  79  4  49  5  92  6  43  7  74  8  21  9  92
  0  36  1  46  2  44  3  55  4  67  5  65  6  79  7  95  8  84  9  63
  0  43  1  55  2  36  3  84  4  51  5  68  6  64  7  77  8  79  9  48
  0  82  1  83  2  94  3  3  4  80  5  89  6  13  7  8  8  42  9  48
  0  91  1  4  2  88  3  80  4  48  5  8  6  56  7  23  8  82  9  41
  0  88  1  83  2  31  3  12  4  6  5  96  6  78  7  19  8  55  9  27
  0  26  1  60  2  85  3  39  4  55  5  47  6  89  7  26  8  77  9  77
  0  96  1  95  2  28  3  16  4  17  5  25  6  52  7  72  8  80  9  43
  0  10  1  85  2  2  3  9  4  61  5  53  6  78  7  89  8  48  9  70
  0  3  1  57  2  59  3  47  4  29  5  48  6  46  7  41  8  54  9  69
  0  37  1  21  2  83  3  47  4  61  5  26  6  84  7  29  8  81  9  17
  0  70  1  13  2  89  3  18  4  56  5  41  6  27  7  87  8  74  9  99
  0  25  1  90  2  48  3  11  4  80  5  39  6  59  7  81  8  7  9  25
  0  61  1  91  2  35  3  82  4  16  5  93  6  44  7  29  8  60  9  79
  0  58  1  87  2  39  3  34  4  24  5  78  6  42  7  70  8  68  9  47
  0  44  1  26  2  97  3  54  4  39  5  67  6  82  7  45  8  6  9  25
  0  48  1  89  2  54  3  51  4  56  5  33  6  35  7  92  8  48  9  24
  0  22  1  1  2  98  3  5  4  82  5  26  6  84  7  61  8  8  9  75
  0  68  1  91  2  73  3  32  4  71  5  34  6  34  7  48  8  54  9  51
  0  81  1  75  2  52  3  78  4  36  5  97  6  34  7  70  8  20  9  66
  0  66  1  10  2  55  3  59  4  15  5  67  6  79  7  17  8  11  9  8
  0  60  1  26  2  58  3  7  4  81  5  47  6  76  7  5  8  94  9  13
  0  82  1  18  2  80  3  46  4  69  5  85  6  65  7  69  8  45  9  19
  0  79  1  98  2  10  3  88  4  54  5  58  6  15  7  49  8  90  9  53
  0  15  1  15  2  63  3  79  4  13  5  5  6  19  7  62  8  58  9  44
  0  96  1  59  2  45  3  82  4  81  5  65  6  22  7  57  8  62  9  93
  0  13  1  30  2  56  3  39  4  14  5  62  6  18  7  40  8  1  9  4
  0  61  1  93  2  78  3  29  4  38  5  81  6  51  7  27  8  68  9  34
  0  87  1  31  2  17  3  26  4  19  5  61  6  44  7  72  8  2  9  91
  0  2  1  85  2  5  3  81  4  24  5  99  6  30  7  35  8  57  9  88
  0  70  1  57  2  18  3  10  4  55  5  48  6  65  7  67  8  40  9  37
  0  48  1  82  2  50  3  44  4  44  5  89  6  74  7  44  8  13  9  23
  0  70  1  36  2  16  3  50  4  34  5  77  6  92  7  59  8  32  9  13
  0  88  1  24  2  19  3  15  4  71  5  89  6  65  7  23  8  81  9  63
  0  90  1  28  2  6  3  91  4  56  5  66  6  75  7  64  8  77  9  99
  0  14  1  86  2  62  3  93  4  97  5  83  6  59  7  47  8  1  9  59
  0  15  1  3  2  36  3  6  4  33  5  57  6  13  7  34  8  4  9  54
  0  81  1  81  2  58  3  19  4  24  5  10  6  35  7  80  8  13  9  7
  0  89  1  71  2  56  3  44  4  78  5  16  6  95  7  66  8  85  9  49
  0  24  1  3  2  92  3  15  4  31  5  35  6  97  7  42  8  19  9  59
  0  33  1  95  2  20  3  26  4  45  5  56  6  19  7  50  8  36  9  71
  0  67  1  10  2  67  3  80  4  31  5  95  6  93  7  6  8  18  9  73
  0  61  1  66  2  67  3  62  4  99  5  59  6  16  7  48  8  92  9  4
  0  47  1  92  2  85  3  51  4  7  5  88  6  98  7  10  8  37  9  88
  0  28  1  26  2  59  3  7  4  63  5  25  6  15  7  50  8  50  9  20
  0  27  1  64  2  80  3  10  4  71  5  68  6  90  7  48  8  37  9  24
  0  91  1  52  2  40  3  78  4  65  5  78  6  11  7  49  8  10  9  80
  0  59  1  66  2  3  3  30  4  15  5  68  6  24  7  78  8  63  9  34
  0  63  1  65  2  47  3  90  4  83  5  17  6  6  7  21  8  41  9  94
  0  51  1  78  2  64  3  76  4  20  5  73  6  47  7  84  8  58  9  79
  0  17  1  91  2  98  3  86  4  68  5  75  6  68  7  8  8  91  9  91
  0  17  1  86  2  16  3  99  4  58  5  91  6  56  7  49  8  77  9  79
  0  47  1  14  2  21  3  67  4  77  5  39  6  94  7  49  8  75  9  28
  0  33  1  36  2  3  3  96  4  3  5  19  6  58  7  51  8  63  9  73
  0  6  1  91  2  1  3  61  4  63  5  34  6  99  7  95  8  28  9  98
  0  24  1  71  2  23  3  23  4  18  5  85  6  90  7  79  8  54  9  92
  0  64  1  21  2  78  3  69  4  94  5  72  6  49  7  95  8  21  9  51
  0  49  1  55  2  98  3  81  4  19  5  25  6  31  7  29  8  65  9  21
  0  75  1  80  2  15  3  85  4  7  5  40  6  23  7  66  8  60  9  17
  0  69  1  1  2  98  3  25  4  93  5  16  6  68  7  25  8  51  9  15
  0  30  1  69  2  83  3  80  4  97  5  42  6  60  7  59  8  12  9  98
  0  10  1  73  2  19  3  39  4  53  5  76  6  53  7  85  8  21  9  81
  0  37  1  44  2  95  3  88  4  35  5  55  6  37  7  2  8  40  9  84
  0  51  1  35  2  74  3  1  4  34  5  18  6  29  7  31  8  97  9  61
  0  74  1  8  2  46  3  49  4  26  5  43  6  76  7  61  8  41  9  81
  0  8  1  45  2  67  3  30  4  72  5  83  6  97  7  76  8  24  9  42
  0  75  1  11  2  29  3  82  4  69  5  43  6  73  7  72  8  10  9  80
  0  84  1  38  2  52  3  73  4  42  5  33  6  8  7  89  8  52  9  22
  0  65  1  49  2  85  3  6  4  93  5  23  6  20  7  27  8  82  9  6
  0  27  1  41  2  83  3  86  4  93  5  46  6  44  7  95  8  83  9  90
  0  56  1  99  2  59  3  15  4  52  5  62  6  26  7  98  8  21  9  1
  0  82  1  5  2  45  3  14  4  65  5  55  6  53  7  45  8  42  9  75
  0  57  1  12  2  78  3  92  4  18  5  23  6  88  7  78  8  53  9  58
  0  54  1  56  2  77  3  77  4  40  5  30  6  50  7  94  8  82  9  10
  0  68  1  27  2  2  3  20  4  17  5  3  6  66  7  21  8  77  9  96
  0  24  1  97  2  56  3  16  4  66  5  79  6  80  7  59  8  90  9  97
  0  68  1  33  2  81  3  92  4  77  5  75  6  32  7  34  8  93  9  41
  0  54  1  19  2  97  3  42  4  77  5  41  6  39  7  42  8  13  9  71
  0  94  1  54  2  36  3  78  4  88  5  88  6  38  7  73  8  16  9  59
  0  7  1  83  2  83  3  23  4  71  5  62  6  58  7  33  8  19  9  93
  0  98  1  24  2  43  3  65  4  3  5  51  6  10  7  7  8  90  9  61
  0  39  1  15  2  29  3  69  4  31  5  15  6  30  7  54  8  97  9  34
  0  15  1  13  2  79  3  82  4  12  5  33  6  36  7  68  8  15  9  67
  0  69  1  88  2  53  3  19  4  6  5  80  6  20  7  82  8  32  9  19
  0  70  1  92  2  87  3  95  4  96  5  73  6  42  7  20  8  28  9  87
  0  9  1  11  2  13  3  38  4  82  5  3  6  86  7  71  8  96  9  50
  0  39  1  70  2  36  3  13  4  16  5  50  6  60  7  82  8  34  9  90
  0  10  1  44  2  95  3  67  4  8  5  1  6  13  7  71  8  88  9  19
  0  2  1  15  2  90  3  44  4  91  5  78  6  24  7  18  8  63  9  44
  0  81  1  87  2  16  3  12  4  52  5  74  6  13  7  96  8  79  9  81
  0  74  1  58  2  40  3  12  4  8  5  20  6  57  7  53  8  86  9  46
  0  69  1  51  2  38  3  14  4  22  5  60  6  77  7  5  8  43  9  66
  0  16  1  63  2  26  3  98  4  28  5  38  6  35  7  95  8  43  9  85
  0  96  1  73  2  15  3  95  4  57  5  18  6  64  7  85  8  99  9  18
  0  22  1  56  2  69  3  73  4  95  5  16  6  38  7  77  8  42  9  14
  0  14  1  48  2  38  3  38  4  76  5  44  6  52  7  70  8  83  9  13
  0  75  1  97  2  1  3  44  4  74  5  36  6  23  7  20  8  47  9  2
  0  10  1  95  2  19  3  38  4  53  5  52  6  3  7  1  8  33  9  1
  0  4  1  30  2  40  3  29  4  46  5  82  6  82  7  18  8  60  9  8
  0  81  1  76  2  49  3  66  4  40  5  71  6  19  7  43  8  35  9  41
  0  55  1  7  2  67  3  28  4  71  5  5  6  71  7  69  8  60  9  2
  0  57  1  25  2  24  3  2  4  61  5  39  6  75  7  11  8  5  9  57
  0  21  1  27  2  93  3  50  4  72  5  74  6  19  7  18  8  57  9  4
  0  24  1  67  2  10  3  40  4  62  5  96  6  70  7  43  8  55  9  22
  0  35  1  3  2  22  3  35  4  11  5  8  6  48  7  72  8  80  9  39
  0  11  1  37  2  95  3  79  4  68  5  13  6  26  7  56  8  1  9  37
  0  46  1  34  2  51  3  49  4  51  5  45  6  88  7  20  8  2  9  20
  0  19  1  21  2  69  3  41  4  92  5  3  6  18  7  51  8  6  9  85
  0  39  1  84  2  75  3  72  4  44  5  94  6  36  7  57  8  58  9  99
  0  7  1  72  2  86  3  75  4  13  5  2  6  41  7  64  8  53  9  57
  0  46  1  77  2  59  3  89  4  71  5  2  6  94  7  92  8  43  9  60
  0  70  1  1  2  46  3  66  4  82  5  16  6  19  7  76  8  11  9  88
  0  90  1  42  2  17  3  56  4  24  5  95  6  38  7  5  8  60  9  43
  0  66  1  7  2  79  3  33  4  58  5  68  6  22  7  26  8  12  9  53
  0  31  1  93  2  11  3  4  4  19  5  6  6  22  7  58  8  69  9  8
  0  88  1  29  2  13  3  73  4  66  5  8  6  49  7  89  8  85  9  98
  0  11  1  27  2  49  3  5  4  73  5  82  6  77  7  8  8  71  9  4
  0  83  1  26  2  69  3  32  4  31  5  45  6  94  7  25  8  94  9  33
  0  40  1  47  2  51  3  13  4  86  5  36  6  50  7  38  8  1  9  78
  0  52  1  93  2  16  3  64  4  28  5  27  6  95  7  97  8  62  9  75
  0  42  1  77  2  8  3  41  4  93  5  86  6  64  7  38  8  29  9  47
  0  5  1  10  2  69  3  28  4  58  5  88  6  41  7  22  8  21  9  45
  0  59  1  10  2  61  3  57  4  16  5  5  6  39  7  88  8  7  9  26
  0  43  1  52  2  23  3  40  4  42  5  16  6  83  7  92  8  81  9  60
  0  2  1  97  2  67  3  97  4  92  5  63  6  56  7  18  8  79  9  75
  0  87  1  18  2  52  3  59  4  75  5  27  6  75  7  1  8  25  9  44
  0  65  1  93  2  31  3  32  4  77  5  37  6  99  7  58  8  64  9  13
  0  81  1  55  2  9  3  4  4  6  5  46  6  40  7  41  8  72  9  79
  0  73  1  93  2  20  3  33  4  53  5  27  6  85  7  1  8  76  9  3
  0  38  1  84  2  24  3  1  4  19  5  26  6  36  7  66  8  53  9  65
  0  6  1  37  2  97  3  27  4  70  5  94  6  49  7  42  8  37  9  26
  0  17  1  63  2  64  3  23  4  41  5  56  6  79  7  40  8  17  9  43
  0  23  1  67  2  37  3  45  4  30  5  25  6  85  7  54  8  3  9  74
  0  31  1  22  2  23  3  81  4  98  5  48  6  23  7  98  8  35  9  12
  0  4  1  57  2  85  3  74  4  64  5  64  6  37  7  42  8  93  9  53
  0  27  1  79  2  38  3  48  4  87  5  94  6  28  7  22  8  89  9  55
  0  48  1  63  2  21  3  3  4  77  5  86  6  81  7  51  8  27  9  49
  0  10  1  21  2  57  3  55  4  51  5  32  6  56  7  67  8  48  9  37
  0  7  1  47  2  8  3  2  4  65  5  5  6  64  7  43  8  55  9  23
  0  74  1  80  2  16  3  83  4  68  5  72  6  76  7  24  8  80  9  35
  0  60  1  78  2  27  3  75  4  9  5  13  6  76  7  68  8  93  9  34
  0  74  1  72  2  70  3  28  4  81  5  66  6  70  7  93  8  51  9  42
  0  48  1  34  2  64  3  94  4  19  5  39  6  76  7  82  8  70  9  86
  0  59  1  62  2  24  3  22  4  46  5  19  6  64  7  2  8  1  9  32
  0  98  1  19  2  70  3  71  4  84  5  31  6  5  7  90  8  37  9  77
  0  37  1  78  2  33  3  40  4  70  5  76  6  41  7  82  8  6  9  75
  0  57  1  97  2  16  3  59  4  36  5  15  6  38  7  33  8  27  9  69
  0  50  1  83  2  66  3  27  4  53  5  45  6  93  7  16  8  67  9  60
  0  70  1  18  2  21  3  79  4  37  5  2  6  80  7  19  8  35  9  23
  0  76  1  82  2  77  3  6  4  80  5  17  6  37  7  96  8  79  9  41
  0  92  1  38  2  32  3  98  4  60  5  15  6  95  7  93  8  88  9  69
  0  91  1  22  2  95  3  78  4  7  5  12  6  78  7  57  8  71  9  31
  0  27  1  16  2  62  3  24  4  21  5  86  6  18  7  88  8  88  9  5
  0  55  1  3  2  54  3  11  4  35  5  65  6  14  7  92  8  26  9  8
  0  4  1  6  2  31  3  86  4  58  5  24  6  10  7  81  8  73  9  19
  0  97  1  32  2  9  3  71  4  99  5  8  6  18  7  41  8  23  9  93
  0  69  1  81  2  56  3  19  4  99  5  63  6  35  7  88  8  32  9  20
  0  34  1  64  2  19  3  63  4  74  5  31  6  24  7  21  8  50  9  33
  0  32  1  78  2  99  3  59  4  47  5  50  6  80  7  33  8  49  9  97
  0  26  1  15  2  82  3  69  4  84  5  30  6  14  7  49  8  86  9  84
  0  88  1  8  2  65  3  33  4  61  5  11  6  42  7  94  8  79  9  38
  0  59  1  49  2  60  3  3  4  1  5  60  6  75  7  65  8  54  9  86
  0  36  1  11  2  86  3  98  4  47  5  13  6  48  7  12  8  73  9  99
  0  29  1  85  2  31  3  20  4  24  5  68  6  1  7  39  8  86  9  80
  0  31  1  46  2  71  3  54  4  60  5  34  6  6  7  1  8  1  9  81
  0  29  1  45  2  48  3  63  4  2  5  56  6  7  7  56  8  62  9  82
  0  52  1  21  2  83  3  37  4  73  5  70  6  71  7  18  8  55  9  69
  0  94  1  56  2  5  3  16  4  34  5  9  6  27  7  93  8  2  9  57
  0  96  1  13  2  70  3  72  4  99  5  61  6  97  7  63  8  23  9  48
  0  51  1  99  2  21  3  96  4  54  5  98  6  1  7  27  8  28  9  17
  0  84  1  48  2  84  3  55  4  48  5  20  6  97  7  15  8  53  9  77
  0  59  1  21  2  11  3  27  4  1  5  25  6  50  7  41  8  36  9  57
  0  77  1  37  2  46  3  56  4  43  5  85  6  29  7  44  8  70  9  7
  0  69  1  86  2  97  3  48  4  9  5  73  6  30  7  34  8  24  9  11
  0  26  1  60  2  34  3  97  4  59  5  42  6  3  7  45  8  5  9  63
  0  8  1  41  2  72  3  72  4  86  5  89  6  78  7  26  8  77  9  61
  0  9  1  79  2  31  3  42  4  46  5  67  6  51  7  69  8  35  9  33
  0  81  1  76  2  28  3  89  4  60  5  8  6  27  7  30  8  14  9  65
  0  12  1  16  2  41  3  83  4  32  5  8  6  20  7  70  8  81  9  30
  0  53  1  51  2  12  3  66  4  7  5  85  6  27  7  33  8  30  9  68
  0  74  1  95  2  45  3  30  4  37  5  93  6  59  7  85  8  72  9  12
  0  33  1  7  2  68  3  12  4  92  5  14  6  97  7  95  8  1  9  14
  0  5  1  87  2  90  3  32  4  47  5  39  6  47  7  7  8  84  9  97
  0  93  1  58  2  74  3  1  4  99  5  28  6  25  7  74  8  32  9  78
  0  23  1  60  2  12  3  81  4  15  5  92  6  55  7  29  8  35  9  90
  0  92  1  69  2  91  3  64  4  10  5  31  6  52  7  23  8  60  9  87
  0  7  1  40  2  27  3  90  4  85  5  29  6  37  7  67  8  62  9  12
  0  63  1  48  2  74  3  2  4  66  5  87  6  36  7  26  8  53  9  86
  0  27  1  50  2  65  3  30  4  84  5  4  6  11  7  93  8  34  9  93
  0  13  1  95  2  26  3  66  4  45  5  82  6  74  7  62  8  56  9  83
  0  11  1  61  2  21  3  71  4  96  5  12  6  63  7  16  8  64  9  6
  0  44  1  11  2  77  3  33  4  98  5  23  6  19  7  25  8  78  9  77
  0  70  1  78  2  28  3  89  4  23  5  8  6  95  7  15  8  32  9  86
  0  64  1  50  2  30  3  56  4  55  5  38  6  26  7  19  8  33  9  41
  0  76  1  51  2  16  3  89  4  10  5  97  6  77  7  19  8  28  9  24
  0  79  1  55  2  11  3  55  4  89  5  18  6  21  7  24  8  61  9  31
  0  68  1  85  2  77  3  79  4  75  5  5  6  1  7  51  8  71  9  2
  0  61  1  33  2  93  3  12  4  93  5  73  6  71  7  6  8  95  9  25
  0  37  1  72  2  63  3  13  4  72  5  56  6  35  7  15  8  89  9  99
  0  55  1  39  2  12  3  47  4  19  5  27  6  94  7  93  8  71  9  31
  0  13  1  93  2  90  3  46  4  82  5  59  6  32  7  78  8  26  9  21
  0  57  1  87  2  69  3  20  4  62  5  50  6  45  7  61  8  64  9  8
  0  43  1  47  2  25  3  13  4  13  5  59  6  18  7  80  8  35  9  84
  0  68  1  9  2  97  3  75  4  23  5  26  6  57  7  94  8  19  9  83
  0  58  1  7  2  69  3  94  4  42  5  92  6  92  7  82  8  88  9  7
  0  31  1  11  2  44  3  5  4  50  5  88  6  43  7  13  8  14  9  73
  0  34  1  17  2  72  3  30  4  46  5  82  6  19  7  6  8  75  9  44
  0  76  1  33  2  74  3  29  4  51  5  69  6  68  7  91  8  52  9  37
  0  31  1  75  2  50  3  28  4  95  5  37  6  44  7  67  8  93  9  99
  0  53  1  74  2  30  3  6  4  49  5  57  6  48  7  99  8  93  9  10
  0  39  1  61  2  58  3  34  4  1  5  56  6  27  7  76  8  56  9  96
  0  22  1  57  2  72  3  5  4  90  5  50  6  49  7  37  8  51  9  12
  0  73  1  13  2  89  3  92  4  52  5  43  6  44  7  63  8  62  9  66
  0  23  1  50  2  96  3  26  4  51  5  59  6  83  7  57  8  31  9  19
  0  10  1  61  2  66  3  99  4  83  5  82  6  82  7  61  8  1  9  21
  0  50  1  53  2  16  3  47  4  86  5  74  6  27  7  97  8  88  9  37
  0  21  1  69  2  40  3  27  4  43  5  44  6  74  7  43  8  89  9  3
  0  4  1  40  2  28  3  20  4  30  5  34  6  5  7  50  8  13  9  30
  0  92  1  35  2  52  3  83  4  72  5  98  6  13  7  8  8  76  9  14
  0  95  1  81  2  24  3  51  4  35  5  32  6  18  7  50  8  81  9  86
  0  5  1  64  2  93  3  21  4  4  5  78  6  44  7  45  8  47  9  97
  0  25  1  18  2  11  3  50  4  2  5  60  6  15  7  67  8  46  9  18
  0  17  1  14  2  61  3  13  4  41  5  3  6  55  7  43  8  4  9  2
  0  57  1  53  2  38  3  16  4  57  5  80  6  27  7  23  8  21  9  33
  0  90  1  68  2  22  3  73  4  87  5  64  6  74  7  3  8  36  9  50
TPM
  0  3253  1  3253  2  3253  3  3253  4  3253  5  3253  6  3253  7  3253  8  3253  9  3253
PMT
  0  90  1  88  2  76  3  120  4  78  5  78  6  19  7  86  8  11  9  38
  0  39  1  108  2  25  3  89  4  19  5  42  6  74  7  99  8  104  9  19
  0  68  1  12  2  109  3  70  4  79  5  43  6  124  7  2  8  99  9  121
  0  59  1  62  2  105  3  86  4  20  5  45  6  79  7  93  8  70  9  55
  0  73  1  62  2  93  3  21  4  25  5  41  6  107  7  118  8  90  9  21
  0  66  1  115  2  30  3  1  4  75  5  10  6  84  7  34  8  89  9  15
  0  76  1  115  2  104  3  86  4  104  5  71  6  105  7  104  8  9  9  11
  0  60  1  94  2  34  3  61  4  70  5  39  6  52  7  117  8  21  9  95
  0  95  1  36  2  14  3  87  4  111  5  60  6  123  7  27  8  13  9  86
  0  86  1  93  2  115  3  3  4  122  5  15  6  98  7  20  8  80  9  83
  0  25  1  47  2  51  3  76  4  116  5  78  6  50  7  120  8  2  9  93
  0  121  1  74  2  72  3  115  4  34  5  48  6  116  7  10  8  85  9  57
  0  31  1  81  2  9  3  116  4  103  5  4  6  78  7  105  8  108  9  83
  0  62  1  113  2  16  3  59  4  73  5  64  6  118  7  21  8  46  9  5
  0  59  1  73  2  45  3  32  4  17  5  30  6  85  7  83  8  79  9  59
  0  122  1  100  2  4  3  11  4  54  5  122  6  89  7  46  8  91  9  116
