50  5
  0  72  1  87  2  21  3  76  4  6
  0  61  1  96  2  82  3  72  4  3
  0  14  1  34  2  58  3  10  4  45
  0  79  1  57  2  10  3  13  4  76
  0  78  1  86  2  71  3  13  4  96
  0  24  1  19  2  48  3  65  4  77
  0  80  1  40  2  75  3  36  4  43
  0  96  1  14  2  55  3  34  4  65
  0  79  1  63  2  67  3  74  4  33
  0  70  1  14  2  54  3  99  4  36
  0  58  1  27  2  69  3  75  4  46
  0  38  1  29  2  9  3  46  4  58
  0  43  1  81  2  72  3  93  4  72
  0  10  1  47  2  75  3  78  4  41
  0  87  1  9  2  65  3  14  4  56
  0  20  1  54  2  70  3  22  4  22
  0  92  1  54  2  85  3  79  4  46
  0  94  1  95  2  55  3  16  4  61
  0  60  1  73  2  89  3  33  4  10
  0  15  1  12  2  32  3  79  4  33
  0  39  1  3  2  14  3  79  4  9
  0  35  1  20  2  46  3  36  4  70
  0  10  1  74  2  32  3  41  4  10
  0  99  1  84  2  20  3  32  4  18
  0  63  1  88  2  45  3  93  4  33
  0  58  1  65  2  54  3  92  4  82
  0  74  1  35  2  60  3  57  4  33
  0  67  1  88  2  15  3  34  4  23
  0  70  1  15  2  33  3  73  4  68
  0  29  1  35  2  3  3  90  4  57
  0  34  1  98  2  75  3  10  4  20
  0  10  1  78  2  69  3  26  4  35
  0  63  1  96  2  58  3  93  4  36
  0  54  1  30  2  79  3  87  4  47
  0  14  1  17  2  25  3  30  4  59
  0  50  1  2  2  11  3  58  4  46
  0  92  1  49  2  41  3  91  4  60
  0  46  1  46  2  13  3  6  4  56
  0  92  1  51  2  26  3  72  4  43
  0  64  1  83  2  75  3  52  4  47
  0  88  1  37  2  14  3  89  4  43
  0  24  1  72  2  11  3  84  4  34
  0  60  1  34  2  50  3  68  4  60
  0  11  1  26  2  33  3  23  4  85
  0  74  1  95  2  79  3  64  4  33
  0  61  1  34  2  48  3  49  4  35
  0  13  1  19  2  76  3  96  4  29
  0  97  1  47  2  89  3  70  4  26
  0  22  1  6  2  15  3  17  4  46
  0  21  1  60  2  92  3  85  4  9
TPM
  0  813  1  813  2  813  3  813  4  813
PMT
  0  131  1  11  2  24  3  70  4  27
  0  13  1  136  2  110  3  31  4  138
  0  9  1  122  2  132  3  95  4  56
  0  63  1  137  2  139  3  50  4  3
  0  94  1  60  2  101  3  137  4  123
  0  131  1  135  2  71  3  110  4  134
  0  72  1  34  2  29  3  80  4  65
