200  10
  0  7  1  31  2  82  3  77  4  57  5  32  6  69  7  62  8  26  9  16
  0  10  1  45  2  78  3  8  4  75  5  33  6  34  7  94  8  87  9  52
  0  39  1  8  2  40  3  45  4  1  5  76  6  9  7  19  8  8  9  16
  0  96  1  46  2  76  3  50  4  52  5  90  6  97  7  62  8  86  9  36
  0  94  1  59  2  53  3  19  4  3  5  61  6  68  7  94  8  20  9  62
  0  95  1  91  2  11  3  38  4  25  5  41  6  53  7  68  8  98  9  75
  0  58  1  30  2  86  3  31  4  2  5  56  6  11  7  10  8  53  9  73
  0  54  1  79  2  92  3  74  4  20  5  14  6  41  7  67  8  29  9  11
  0  53  1  26  2  55  3  33  4  43  5  24  6  51  7  53  8  45  9  29
  0  6  1  20  2  33  3  92  4  43  5  52  6  46  7  60  8  44  9  41
  0  86  1  76  2  60  3  20  4  5  5  83  6  50  7  16  8  74  9  18
  0  46  1  14  2  32  3  55  4  49  5  85  6  20  7  73  8  94  9  54
  0  68  1  12  2  48  3  20  4  9  5  67  6  17  7  58  8  89  9  40
  0  86  1  48  2  54  3  26  4  21  5  21  6  81  7  26  8  86  9  23
  0  23  1  96  2  86  3  20  4  66  5  89  6  14  7  17  8  16  9  39
  0  59  1  46  2  81  3  94  4  42  5  50  6  97  7  12  8  37  9  78
  0  23  1  46  2  24  3  51  4  95  5  24  6  75  7  79  8  39  9  64
  0  71  1  38  2  45  3  85  4  91  5  25  6  79  7  39  8  37  9  51
  0  90  1  21  2  75  3  67  4  6  5  73  6  7  7  95  8  54  9  79
  0  10  1  28  2  54  3  99  4  94  5  29  6  45  7  16  8  94  9  22
  0  55  1  78  2  49  3  75  4  37  5  60  6  79  7  9  8  12  9  83
  0  56  1  72  2  97  3  61  4  98  5  86  6  28  7  64  8  62  9  45
  0  70  1  20  2  15  3  4  4  3  5  89  6  89  7  18  8  22  9  93
  0  71  1  10  2  73  3  71  4  67  5  53  6  38  7  92  8  46  9  36
  0  14  1  74  2  64  3  20  4  75  5  50  6  13  7  7  8  96  9  5
  0  33  1  98  2  77  3  76  4  13  5  83  6  5  7  77  8  49  9  14
  0  37  1  92  2  28  3  37  4  1  5  64  6  73  7  99  8  22  9  49
  0  61  1  51  2  54  3  32  4  3  5  92  6  54  7  22  8  26  9  63
  0  27  1  52  2  40  3  62  4  46  5  89  6  37  7  32  8  7  9  93
  0  67  1  68  2  88  3  96  4  12  5  30  6  7  7  1  8  17  9  50
  0  5  1  92  2  75  3  82  4  13  5  48  6  64  7  46  8  53  9  55
  0  76  1  24  2  96  3  83  4  11  5  50  6  84  7  93  8  99  9  91
  0  73  1  40  2  86  3  91  4  64  5  32  6  96  7  49  8  28  9  42
  0  49  1  47  2  41  3  80  4  13  5  43  6  84  7  84  8  94  9  95
  0  79  1  76  2  25  3  90  4  47  5  96  6  71  7  85  8  43  9  18
  0  89  1  91  2  81  3  88  4  6  5  50  6  42  7  72  8  84  9  86
  0  62  1  72  2  24  3  43  4  22  5  64  6  73  7  27  8  78  9  72
  0  91  1  12  2  28  3  55  4  62  5  95  6  85  7  11  8  51  9  97
  0  9  1  89  2  69  3  43  4  20  5  81  6  70  7  71  8  87  9  34
  0  3  1  66  2  74  3  94  4  93  5  96  6  81  7  93  8  37  9  10
  0  18  1  14  2  2  3  25  4  86  5  8  6  3  7  6  8  81  9  63
  0  78  1  25  2  8  3  28  4  82  5  39  6  96  7  30  8  80  9  39
  0  55  1  81  2  5  3  48  4  90  5  33  6  15  7  74  8  89  9  11
  0  56  1  53  2  38  3  81  4  27  5  23  6  29  7  93  8  89  9  21
  0  68  1  14  2  86  3  12  4  7  5  49  6  45  7  55  8  28  9  18
  0  86  1  93  2  90  3  24  4  72  5  21  6  3  7  31  8  46  9  50
  0  57  1  55  2  64  3  98  4  92  5  18  6  19  7  49  8  19  9  21
  0  92  1  73  2  46  3  41  4  8  5  14  6  9  7  65  8  52  9  52
  0  48  1  98  2  91  3  34  4  27  5  15  6  12  7  10  8  64  9  52
  0  45  1  8  2  34  3  60  4  66  5  72  6  44  7  37  8  78  9  9
  0  9  1  40  2  6  3  28  4  76  5  44  6  77  7  89  8  59  9  82
  0  74  1  70  2  5  3  93  4  48  5  18  6  85  7  52  8  57  9  69
  0  97  1  82  2  72  3  36  4  7  5  56  6  49  7  81  8  73  9  22
  0  62  1  61  2  42  3  48  4  51  5  82  6  85  7  43  8  31  9  10
  0  40  1  4  2  60  3  35  4  58  5  97  6  63  7  59  8  77  9  81
  0  68  1  90  2  84  3  27  4  90  5  33  6  5  7  66  8  71  9  19
  0  73  1  27  2  75  3  26  4  48  5  87  6  78  7  66  8  64  9  79
  0  8  1  51  2  74  3  25  4  32  5  53  6  84  7  73  8  93  9  32
  0  6  1  93  2  33  3  94  4  72  5  10  6  62  7  6  8  92  9  12
  0  71  1  57  2  51  3  74  4  77  5  78  6  47  7  46  8  62  9  45
  0  67  1  11  2  46  3  98  4  22  5  39  6  91  7  17  8  72  9  57
  0  46  1  65  2  57  3  23  4  64  5  37  6  72  7  76  8  54  9  66
  0  77  1  8  2  62  3  54  4  29  5  60  6  75  7  55  8  48  9  56
  0  4  1  13  2  14  3  20  4  86  5  44  6  82  7  34  8  15  9  97
  0  26  1  52  2  83  3  47  4  11  5  49  6  2  7  5  8  62  9  93
  0  33  1  38  2  4  3  64  4  35  5  49  6  40  7  49  8  32  9  46
  0  51  1  95  2  32  3  1  4  84  5  7  6  72  7  88  8  97  9  93
  0  56  1  52  2  62  3  34  4  16  5  25  6  36  7  99  8  13  9  18
  0  80  1  47  2  65  3  48  4  54  5  87  6  56  7  63  8  37  9  75
  0  58  1  2  2  40  3  89  4  3  5  68  6  28  7  93  8  48  9  40
  0  43  1  96  2  47  3  19  4  12  5  46  6  6  7  2  8  87  9  44
  0  90  1  30  2  30  3  43  4  24  5  34  6  52  7  78  8  70  9  4
  0  80  1  44  2  20  3  31  4  94  5  5  6  95  7  13  8  54  9  22
  0  58  1  14  2  37  3  16  4  92  5  20  6  22  7  6  8  70  9  40
  0  13  1  99  2  54  3  28  4  79  5  9  6  77  7  42  8  59  9  34
  0  96  1  57  2  50  3  32  4  31  5  97  6  77  7  56  8  19  9  59
  0  39  1  53  2  52  3  34  4  36  5  21  6  76  7  59  8  52  9  98
  0  73  1  57  2  45  3  28  4  50  5  30  6  61  7  91  8  99  9  23
  0  77  1  45  2  31  3  94  4  36  5  83  6  60  7  26  8  44  9  4
  0  9  1  69  2  20  3  69  4  76  5  32  6  35  7  76  8  59  9  25
  0  74  1  79  2  35  3  33  4  10  5  36  6  51  7  87  8  71  9  58
  0  66  1  39  2  45  3  1  4  49  5  70  6  45  7  16  8  25  9  97
  0  37  1  52  2  24  3  36  4  2  5  73  6  82  7  48  8  68  9  42
  0  76  1  85  2  78  3  76  4  24  5  1  6  19  7  76  8  57  9  84
  0  69  1  96  2  53  3  57  4  41  5  81  6  98  7  21  8  96  9  16
  0  95  1  51  2  90  3  50  4  54  5  85  6  49  7  88  8  22  9  28
  0  11  1  73  2  42  3  95  4  64  5  84  6  61  7  54  8  75  9  47
  0  93  1  40  2  78  3  15  4  37  5  54  6  84  7  65  8  6  9  64
  0  26  1  40  2  95  3  82  4  25  5  93  6  13  7  75  8  95  9  58
  0  48  1  28  2  73  3  20  4  46  5  89  6  50  7  71  8  19  9  44
  0  68  1  90  2  13  3  4  4  88  5  41  6  97  7  14  8  33  9  27
  0  75  1  4  2  78  3  16  4  95  5  48  6  51  7  24  8  41  9  97
  0  35  1  45  2  17  3  11  4  9  5  28  6  54  7  85  8  64  9  75
  0  23  1  78  2  80  3  94  4  93  5  57  6  51  7  25  8  17  9  27
  0  81  1  33  2  85  3  24  4  18  5  40  6  24  7  58  8  69  9  27
  0  6  1  77  2  28  3  33  4  83  5  46  6  7  7  39  8  8  9  86
  0  51  1  3  2  47  3  24  4  79  5  94  6  43  7  18  8  82  9  34
  0  75  1  95  2  65  3  48  4  91  5  92  6  20  7  80  8  54  9  85
  0  67  1  34  2  1  3  71  4  95  5  26  6  8  7  14  8  98  9  88
  0  29  1  76  2  68  3  32  4  19  5  5  6  24  7  67  8  92  9  34
  0  62  1  58  2  58  3  24  4  59  5  31  6  28  7  59  8  74  9  76
  0  17  1  56  2  23  3  20  4  47  5  69  6  28  7  50  8  49  9  98
  0  51  1  9  2  11  3  21  4  88  5  12  6  19  7  3  8  61  9  39
  0  1  1  85  2  36  3  8  4  50  5  30  6  76  7  36  8  3  9  59
  0  85  1  35  2  89  3  57  4  5  5  9  6  91  7  94  8  73  9  48
  0  68  1  96  2  74  3  27  4  28  5  69  6  98  7  60  8  76  9  57
  0  28  1  77  2  53  3  87  4  12  5  12  6  40  7  35  8  69  9  13
  0  2  1  7  2  71  3  36  4  5  5  31  6  66  7  67  8  9  9  2
  0  50  1  86  2  28  3  8  4  14  5  64  6  28  7  56  8  97  9  65
  0  73  1  66  2  50  3  99  4  62  5  87  6  62  7  21  8  14  9  70
  0  30  1  7  2  87  3  3  4  65  5  27  6  45  7  80  8  54  9  8
  0  96  1  80  2  37  3  49  4  92  5  42  6  55  7  40  8  37  9  96
  0  1  1  88  2  43  3  86  4  40  5  63  6  65  7  65  8  24  9  6
  0  64  1  74  2  87  3  57  4  99  5  27  6  13  7  29  8  44  9  64
  0  2  1  87  2  83  3  51  4  76  5  44  6  30  7  18  8  25  9  65
  0  57  1  86  2  36  3  58  4  71  5  29  6  4  7  75  8  28  9  33
  0  96  1  56  2  82  3  93  4  13  5  1  6  51  7  44  8  74  9  31
  0  89  1  99  2  33  3  11  4  23  5  67  6  77  7  94  8  5  9  59
  0  86  1  49  2  67  3  10  4  46  5  73  6  95  7  66  8  33  9  87
  0  41  1  36  2  47  3  85  4  60  5  82  6  15  7  67  8  36  9  4
  0  25  1  93  2  17  3  61  4  59  5  26  6  93  7  18  8  12  9  49
  0  88  1  2  2  43  3  95  4  23  5  28  6  87  7  6  8  3  9  27
  0  10  1  93  2  25  3  53  4  3  5  23  6  94  7  3  8  40  9  83
  0  23  1  34  2  53  3  46  4  17  5  82  6  81  7  25  8  4  9  20
  0  15  1  73  2  50  3  83  4  37  5  4  6  55  7  89  8  30  9  94
  0  33  1  96  2  5  3  37  4  22  5  95  6  56  7  21  8  80  9  24
  0  75  1  71  2  56  3  48  4  60  5  89  6  28  7  53  8  91  9  49
  0  84  1  28  2  86  3  54  4  63  5  55  6  50  7  66  8  72  9  22
  0  60  1  51  2  77  3  21  4  77  5  4  6  4  7  6  8  64  9  52
  0  18  1  25  2  48  3  47  4  57  5  43  6  65  7  94  8  45  9  22
  0  67  1  82  2  95  3  26  4  90  5  99  6  1  7  72  8  2  9  73
  0  60  1  39  2  74  3  56  4  79  5  2  6  76  7  26  8  69  9  62
  0  49  1  8  2  4  3  90  4  22  5  23  6  25  7  96  8  96  9  4
  0  10  1  94  2  77  3  53  4  24  5  33  6  55  7  36  8  39  9  99
  0  52  1  11  2  79  3  35  4  87  5  61  6  34  7  98  8  41  9  80
  0  42  1  72  2  95  3  3  4  41  5  14  6  2  7  7  8  34  9  71
  0  99  1  27  2  18  3  37  4  80  5  38  6  82  7  98  8  73  9  12
  0  54  1  10  2  98  3  57  4  69  5  88  6  25  7  88  8  86  9  31
  0  96  1  90  2  74  3  81  4  52  5  68  6  31  7  95  8  29  9  1
  0  35  1  10  2  35  3  47  4  17  5  68  6  22  7  57  8  10  9  9
  0  99  1  95  2  25  3  81  4  81  5  89  6  43  7  59  8  28  9  30
  0  35  1  72  2  61  3  25  4  41  5  61  6  32  7  58  8  80  9  46
  0  87  1  4  2  57  3  39  4  73  5  16  6  5  7  70  8  38  9  75
  0  71  1  78  2  55  3  76  4  31  5  5  6  74  7  76  8  92  9  91
  0  52  1  47  2  28  3  58  4  38  5  95  6  49  7  23  8  12  9  46
  0  92  1  80  2  97  3  9  4  4  5  71  6  3  7  55  8  32  9  78
  0  53  1  4  2  61  3  56  4  24  5  61  6  54  7  73  8  94  9  86
  0  84  1  12  2  66  3  74  4  67  5  79  6  23  7  62  8  28  9  5
  0  35  1  27  2  76  3  25  4  20  5  4  6  57  7  96  8  25  9  59
  0  99  1  89  2  81  3  98  4  95  5  26  6  54  7  81  8  78  9  90
  0  96  1  78  2  65  3  28  4  52  5  12  6  4  7  84  8  97  9  27
  0  34  1  81  2  5  3  14  4  40  5  10  6  54  7  73  8  73  9  92
  0  53  1  90  2  60  3  56  4  25  5  62  6  23  7  3  8  59  9  84
  0  87  1  69  2  74  3  12  4  55  5  33  6  9  7  36  8  43  9  81
  0  36  1  42  2  52  3  59  4  90  5  41  6  94  7  77  8  37  9  97
  0  87  1  16  2  19  3  82  4  19  5  89  6  75  7  42  8  13  9  33
  0  14  1  41  2  68  3  28  4  60  5  36  6  50  7  2  8  47  9  87
  0  40  1  34  2  98  3  98  4  92  5  77  6  28  7  65  8  52  9  74
  0  47  1  50  2  11  3  9  4  63  5  39  6  33  7  58  8  16  9  28
  0  65  1  97  2  60  3  41  4  9  5  92  6  27  7  99  8  26  9  90
  0  90  1  82  2  1  3  65  4  36  5  40  6  91  7  8  8  13  9  59
  0  26  1  56  2  2  3  1  4  30  5  95  6  45  7  34  8  9  9  87
  0  14  1  59  2  6  3  10  4  2  5  94  6  98  7  99  8  85  9  45
  0  32  1  41  2  80  3  4  4  84  5  55  6  88  7  48  8  14  9  55
  0  7  1  21  2  31  3  87  4  54  5  16  6  8  7  81  8  35  9  12
  0  7  1  63  2  30  3  19  4  84  5  18  6  8  7  33  8  27  9  89
  0  85  1  10  2  95  3  76  4  70  5  7  6  2  7  43  8  83  9  56
  0  47  1  58  2  36  3  65  4  84  5  40  6  1  7  55  8  86  9  57
  0  19  1  86  2  37  3  28  4  11  5  35  6  81  7  97  8  11  9  8
  0  88  1  14  2  16  3  29  4  21  5  2  6  26  7  16  8  14  9  24
  0  39  1  39  2  11  3  85  4  89  5  28  6  6  7  91  8  75  9  75
  0  81  1  94  2  95  3  44  4  62  5  79  6  95  7  79  8  1  9  63
  0  8  1  88  2  76  3  30  4  5  5  28  6  87  7  6  8  30  9  27
  0  34  1  52  2  61  3  17  4  46  5  41  6  23  7  66  8  13  9  30
  0  50  1  27  2  87  3  50  4  78  5  40  6  96  7  77  8  10  9  73
  0  72  1  59  2  59  3  68  4  87  5  5  6  21  7  33  8  53  9  61
  0  78  1  4  2  27  3  38  4  48  5  57  6  24  7  61  8  51  9  56
  0  29  1  50  2  36  3  56  4  74  5  60  6  96  7  98  8  6  9  36
  0  67  1  78  2  57  3  62  4  89  5  59  6  17  7  12  8  69  9  63
  0  51  1  22  2  79  3  84  4  10  5  53  6  82  7  71  8  39  9  16
  0  59  1  95  2  75  3  55  4  85  5  6  6  88  7  46  8  90  9  17
  0  7  1  29  2  74  3  7  4  38  5  82  6  88  7  91  8  65  9  33
  0  94  1  32  2  90  3  25  4  58  5  72  6  50  7  24  8  38  9  16
  0  16  1  5  2  90  3  1  4  78  5  54  6  87  7  12  8  53  9  13
  0  17  1  61  2  68  3  88  4  24  5  11  6  26  7  64  8  9  9  20
  0  32  1  56  2  83  3  49  4  59  5  91  6  52  7  47  8  66  9  35
  0  79  1  94  2  4  3  62  4  57  5  11  6  62  7  67  8  72  9  8
  0  69  1  44  2  44  3  67  4  12  5  3  6  97  7  91  8  59  9  82
  0  67  1  17  2  20  3  80  4  58  5  21  6  19  7  23  8  12  9  52
  0  31  1  30  2  58  3  54  4  77  5  58  6  32  7  83  8  57  9  19
  0  6  1  21  2  11  3  12  4  57  5  42  6  7  7  19  8  68  9  93
  0  3  1  46  2  46  3  75  4  31  5  9  6  81  7  47  8  10  9  5
  0  6  1  7  2  66  3  9  4  14  5  88  6  40  7  90  8  54  9  95
  0  90  1  44  2  96  3  74  4  32  5  67  6  53  7  64  8  78  9  41
  0  96  1  9  2  45  3  96  4  89  5  8  6  72  7  56  8  54  9  24
  0  47  1  7  2  11  3  97  4  47  5  31  6  78  7  35  8  20  9  92
  0  24  1  48  2  93  3  83  4  90  5  86  6  63  7  44  8  45  9  79
  0  2  1  32  2  31  3  72  4  6  5  8  6  7  7  50  8  48  9  42
  0  19  1  41  2  26  3  79  4  24  5  82  6  97  7  12  8  70  9  77
  0  74  1  31  2  10  3  59  4  98  5  88  6  72  7  71  8  9  9  62
TPM
  0  2033  1  2033  2  2033  3  2033  4  2033  5  2033  6  2033  7  2033  8  2033  9  2033
PMT
  0  44  1  5  2  2  3  10  4  8  5  50  6  21  7  65  8  54  9  41
  0  52  1  71  2  40  3  64  4  10  5  43  6  38  7  66  8  71  9  20
  0  73  1  33  2  63  3  3  4  31  5  50  6  30  7  11  8  51  9  28
  0  40  1  15  2  25  3  24  4  44  5  44  6  47  7  13  8  61  9  57
  0  16  1  72  2  33  3  38  4  58  5  30  6  42  7  43  8  12  9  12
  0  53  1  4  2  44  3  8  4  45  5  32  6  10  7  24  8  40  9  21
  0  29  1  67  2  40  3  2  4  18  5  13  6  1  7  7  8  5  9  71
  0  48  1  34  2  43  3  53  4  62  5  41  6  37  7  60  8  57  9  59
  0  39  1  23  2  3  3  30  4  30  5  72  6  26  7  8  8  61  9  26
  0  57  1  1  2  66  3  21  4  35  5  56  6  74  7  65  8  8  9  42
