50  10
  0  87  1  7  2  71  3  41  4  96  5  39  6  74  7  32  8  26  9  7
  0  77  1  90  2  7  3  54  4  18  5  62  6  52  7  29  8  23  9  94
  0  43  1  54  2  85  3  24  4  56  5  22  6  48  7  56  8  2  9  5
  0  90  1  31  2  45  3  29  4  96  5  36  6  35  7  47  8  59  9  27
  0  67  1  9  2  28  3  46  4  50  5  14  6  11  7  57  8  47  9  94
  0  99  1  39  2  24  3  75  4  77  5  11  6  18  7  80  8  99  9  66
  0  11  1  16  2  98  3  52  4  67  5  34  6  30  7  22  8  71  9  44
  0  57  1  31  2  86  3  52  4  58  5  72  6  96  7  29  8  82  9  70
  0  27  1  37  2  15  3  60  4  42  5  74  6  99  7  44  8  64  9  11
  0  51  1  92  2  71  3  20  4  44  5  27  6  63  7  52  8  57  9  12
  0  98  1  73  2  28  3  31  4  53  5  80  6  26  7  42  8  44  9  77
  0  61  1  20  2  14  3  51  4  82  5  29  6  91  7  2  8  33  9  9
  0  55  1  97  2  68  3  44  4  58  5  74  6  49  7  44  8  17  9  96
  0  76  1  84  2  59  3  39  4  20  5  58  6  67  7  71  8  51  9  47
  0  91  1  44  2  11  3  17  4  5  5  15  6  35  7  85  8  15  9  61
  0  46  1  35  2  76  3  59  4  77  5  47  6  45  7  43  8  72  9  88
  0  91  1  61  2  2  3  92  4  47  5  1  6  71  7  91  8  51  9  33
  0  21  1  1  2  41  3  22  4  35  5  68  6  75  7  90  8  17  9  42
  0  8  1  19  2  95  3  97  4  40  5  47  6  71  7  49  8  11  9  97
  0  12  1  40  2  24  3  25  4  58  5  58  6  10  7  74  8  9  9  53
  0  57  1  9  2  81  3  35  4  94  5  14  6  77  7  79  8  76  9  23
  0  86  1  80  2  17  3  94  4  29  5  16  6  85  7  45  8  7  9  20
  0  32  1  18  2  6  3  74  4  30  5  47  6  87  7  73  8  43  9  38
  0  49  1  11  2  63  3  72  4  49  5  4  6  57  7  27  8  20  9  45
  0  37  1  37  2  17  3  52  4  41  5  69  6  80  7  56  8  80  9  68
  0  3  1  46  2  90  3  93  4  30  5  62  6  98  7  72  8  44  9  98
  0  97  1  25  2  96  3  78  4  72  5  34  6  98  7  81  8  34  9  78
  0  83  1  61  2  60  3  45  4  95  5  80  6  30  7  80  8  75  9  31
  0  15  1  67  2  44  3  38  4  66  5  19  6  2  7  69  8  99  9  27
  0  97  1  69  2  74  3  25  4  46  5  14  6  15  7  32  8  72  9  61
  0  33  1  93  2  28  3  16  4  28  5  38  6  23  7  58  8  84  9  23
  0  29  1  93  2  9  3  25  4  79  5  25  6  44  7  96  8  73  9  57
  0  76  1  19  2  31  3  86  4  24  5  88  6  80  7  21  8  49  9  42
  0  74  1  57  2  63  3  4  4  54  5  92  6  97  7  92  8  15  9  49
  0  58  1  50  2  41  3  48  4  7  5  54  6  21  7  55  8  7  9  39
  0  41  1  83  2  50  3  41  4  42  5  23  6  52  7  22  8  73  9  50
  0  58  1  69  2  76  3  5  4  35  5  49  6  99  7  71  8  3  9  66
  0  99  1  84  2  57  3  72  4  7  5  41  6  82  7  5  8  44  9  98
  0  43  1  66  2  37  3  98  4  19  5  67  6  40  7  25  8  13  9  90
  0  84  1  94  2  53  3  53  4  11  5  58  6  60  7  78  8  42  9  26
  0  55  1  2  2  22  3  70  4  35  5  58  6  5  7  63  8  34  9  55
  0  91  1  46  2  39  3  3  4  32  5  51  6  55  7  56  8  53  9  4
  0  14  1  17  2  65  3  94  4  70  5  65  6  74  7  92  8  52  9  48
  0  96  1  27  2  42  3  21  4  37  5  79  6  2  7  35  8  6  9  53
  0  85  1  21  2  66  3  8  4  84  5  85  6  39  7  82  8  11  9  48
  0  18  1  45  2  14  3  80  4  55  5  36  6  72  7  12  8  30  9  5
  0  27  1  20  2  21  3  39  4  26  5  31  6  19  7  56  8  16  9  86
  0  69  1  93  2  89  3  47  4  37  5  14  6  70  7  55  8  7  9  32
  0  13  1  66  2  89  3  3  4  23  5  21  6  81  7  49  8  51  9  29
  0  3  1  9  2  1  3  66  4  8  5  24  6  49  7  23  8  50  9  17
TPM
  0  1039  1  1039  2  1039  3  1039  4  1039  5  1039  6  1039  7  1039  8  1039  9  1039
PMT
  0  88  1  55  2  43  3  14  4  25  5  14  6  36  7  16  8  90  9  63
  0  25  1  31  2  64  3  16  4  34  5  2  6  3  7  33  8  64  9  9
  0  22  1  87  2  81  3  42  4  92  5  66  6  92  7  36  8  27  9  68
  0  32  1  44  2  81  3  40  4  64  5  84  6  95  7  32  8  62  9  85
  0  37  1  67  2  22  3  10  4  45  5  85  6  35  7  37  8  66  9  71
