200  15
  0  35  1  31  2  89  3  32  4  90  5  3  6  7  7  3  8  89  9  35  10  65  11  64  12  81  13  59  14  82
  0  62  1  45  2  65  3  46  4  16  5  77  6  52  7  56  8  54  9  32  10  25  11  21  12  62  13  10  14  73
  0  26  1  35  2  31  3  73  4  37  5  24  6  59  7  83  8  84  9  42  10  28  11  41  12  31  13  62  14  7
  0  73  1  33  2  12  3  8  4  85  5  50  6  71  7  14  8  79  9  57  10  4  11  80  12  19  13  54  14  87
  0  43  1  57  2  99  3  32  4  36  5  77  6  95  7  90  8  97  9  13  10  5  11  2  12  28  13  59  14  82
  0  26  1  4  2  85  3  47  4  55  5  94  6  11  7  26  8  22  9  15  10  94  11  44  12  19  13  7  14  73
  0  59  1  20  2  53  3  31  4  41  5  60  6  49  7  81  8  53  9  9  10  83  11  17  12  92  13  52  14  28
  0  27  1  96  2  63  3  10  4  15  5  9  6  37  7  21  8  62  9  70  10  93  11  11  12  95  13  91  14  7
  0  41  1  82  2  95  3  94  4  7  5  58  6  56  7  79  8  54  9  42  10  67  11  9  12  53  13  14  14  21
  0  89  1  4  2  45  3  66  4  88  5  68  6  19  7  91  8  80  9  86  10  77  11  53  12  69  13  92  14  68
  0  20  1  4  2  49  3  5  4  44  5  50  6  75  7  41  8  43  9  25  10  17  11  27  12  68  13  71  14  99
  0  10  1  7  2  39  3  58  4  80  5  8  6  12  7  33  8  94  9  71  10  84  11  74  12  5  13  12  14  80
  0  8  1  88  2  93  3  70  4  26  5  63  6  3  7  24  8  40  9  22  10  96  11  9  12  87  13  18  14  54
  0  30  1  75  2  98  3  12  4  49  5  31  6  62  7  56  8  49  9  61  10  78  11  13  12  24  13  50  14  11
  0  58  1  11  2  61  3  20  4  23  5  96  6  4  7  44  8  94  9  56  10  89  11  80  12  8  13  20  14  96
  0  11  1  94  2  68  3  88  4  65  5  45  6  97  7  93  8  83  9  67  10  16  11  22  12  44  13  80  14  51
  0  62  1  72  2  68  3  94  4  16  5  18  6  64  7  96  8  43  9  98  10  59  11  89  12  21  13  36  14  62
  0  24  1  59  2  18  3  30  4  23  5  7  6  82  7  58  8  87  9  50  10  3  11  16  12  29  13  89  14  8
  0  32  1  95  2  40  3  82  4  95  5  20  6  93  7  23  8  17  9  12  10  40  11  41  12  58  13  66  14  37
  0  48  1  40  2  63  3  72  4  61  5  68  6  81  7  54  8  12  9  52  10  49  11  36  12  41  13  1  14  9
  0  48  1  21  2  22  3  62  4  99  5  48  6  57  7  24  8  73  9  68  10  27  11  12  12  24  13  50  14  72
  0  32  1  51  2  14  3  19  4  56  5  17  6  81  7  91  8  81  9  16  10  7  11  68  12  38  13  22  14  83
  0  36  1  75  2  88  3  76  4  97  5  32  6  36  7  89  8  45  9  96  10  91  11  74  12  86  13  89  14  54
  0  68  1  5  2  34  3  82  4  70  5  68  6  96  7  55  8  30  9  50  10  16  11  30  12  5  13  96  14  38
  0  11  1  82  2  60  3  51  4  9  5  6  6  4  7  65  8  29  9  41  10  20  11  80  12  42  13  51  14  33
  0  67  1  25  2  3  3  75  4  19  5  59  6  93  7  57  8  58  9  34  10  74  11  65  12  24  13  95  14  37
  0  72  1  59  2  37  3  49  4  30  5  60  6  16  7  79  8  80  9  94  10  40  11  51  12  13  13  66  14  77
  0  97  1  48  2  92  3  64  4  26  5  29  6  36  7  17  8  97  9  46  10  87  11  80  12  94  13  27  14  3
  0  69  1  22  2  73  3  36  4  69  5  64  6  23  7  28  8  25  9  7  10  62  11  33  12  16  13  83  14  25
  0  1  1  9  2  1  3  58  4  40  5  31  6  70  7  27  8  38  9  97  10  38  11  92  12  10  13  8  14  86
  0  97  1  94  2  64  3  66  4  27  5  32  6  9  7  67  8  38  9  80  10  56  11  36  12  78  13  68  14  83
  0  14  1  28  2  78  3  3  4  39  5  37  6  10  7  17  8  37  9  53  10  76  11  54  12  7  13  51  14  27
  0  9  1  57  2  9  3  98  4  54  5  67  6  1  7  36  8  88  9  65  10  91  11  47  12  42  13  55  14  55
  0  65  1  53  2  34  3  64  4  48  5  85  6  77  7  2  8  30  9  47  10  88  11  10  12  6  13  44  14  36
  0  67  1  17  2  61  3  31  4  63  5  61  6  66  7  11  8  13  9  64  10  75  11  30  12  23  13  57  14  19
  0  91  1  14  2  64  3  20  4  49  5  45  6  8  7  40  8  71  9  17  10  55  11  80  12  51  13  22  14  82
  0  34  1  97  2  86  3  33  4  26  5  45  6  33  7  84  8  89  9  70  10  24  11  60  12  68  13  93  14  91
  0  43  1  32  2  9  3  69  4  84  5  58  6  77  7  55  8  10  9  9  10  65  11  90  12  66  13  7  14  18
  0  32  1  64  2  99  3  1  4  47  5  8  6  44  7  50  8  61  9  19  10  69  11  10  12  39  13  90  14  99
  0  55  1  75  2  37  3  36  4  13  5  33  6  19  7  28  8  53  9  45  10  55  11  89  12  92  13  75  14  69
  0  50  1  43  2  6  3  9  4  23  5  95  6  82  7  48  8  41  9  10  10  60  11  67  12  8  13  83  14  10
  0  52  1  35  2  77  3  75  4  75  5  92  6  48  7  13  8  38  9  71  10  22  11  40  12  98  13  41  14  75
  0  72  1  97  2  67  3  47  4  27  5  77  6  94  7  69  8  22  9  38  10  27  11  6  12  15  13  84  14  65
  0  32  1  35  2  66  3  71  4  85  5  10  6  92  7  68  8  96  9  9  10  91  11  12  12  45  13  33  14  44
  0  76  1  26  2  26  3  14  4  47  5  12  6  1  7  31  8  11  9  51  10  90  11  38  12  91  13  30  14  77
  0  76  1  62  2  86  3  54  4  83  5  40  6  72  7  20  8  28  9  43  10  81  11  20  12  2  13  59  14  99
  0  87  1  51  2  69  3  43  4  25  5  3  6  11  7  85  8  52  9  35  10  79  11  7  12  8  13  86  14  9
  0  89  1  73  2  3  3  74  4  67  5  57  6  76  7  4  8  90  9  64  10  20  11  99  12  62  13  39  14  69
  0  2  1  73  2  38  3  26  4  50  5  17  6  6  7  78  8  14  9  80  10  27  11  54  12  13  13  41  14  89
  0  95  1  36  2  7  3  95  4  70  5  36  6  82  7  76  8  48  9  59  10  59  11  26  12  11  13  31  14  40
  0  52  1  71  2  14  3  70  4  88  5  30  6  6  7  27  8  47  9  81  10  44  11  72  12  90  13  55  14  33
  0  99  1  47  2  57  3  13  4  16  5  10  6  41  7  39  8  32  9  88  10  27  11  35  12  61  13  5  14  42
  0  37  1  53  2  44  3  62  4  51  5  8  6  15  7  74  8  83  9  40  10  77  11  78  12  22  13  99  14  30
  0  6  1  68  2  65  3  84  4  38  5  61  6  67  7  50  8  29  9  33  10  2  11  19  12  67  13  93  14  43
  0  22  1  57  2  27  3  80  4  92  5  72  6  52  7  18  8  62  9  23  10  87  11  14  12  65  13  61  14  1
  0  67  1  51  2  76  3  57  4  62  5  4  6  81  7  86  8  25  9  23  10  95  11  27  12  68  13  35  14  51
  0  29  1  16  2  20  3  4  4  16  5  39  6  72  7  7  8  39  9  45  10  45  11  90  12  78  13  92  14  29
  0  51  1  66  2  42  3  81  4  38  5  43  6  50  7  2  8  8  9  76  10  65  11  3  12  57  13  85  14  96
  0  51  1  86  2  69  3  54  4  59  5  28  6  28  7  85  8  52  9  51  10  17  11  49  12  49  13  43  14  76
  0  12  1  29  2  93  3  37  4  57  5  67  6  64  7  79  8  32  9  69  10  13  11  3  12  80  13  36  14  82
  0  32  1  41  2  27  3  8  4  74  5  97  6  24  7  78  8  94  9  15  10  96  11  64  12  70  13  5  14  32
  0  97  1  58  2  96  3  72  4  61  5  65  6  8  7  75  8  30  9  27  10  46  11  95  12  70  13  18  14  76
  0  40  1  88  2  48  3  46  4  68  5  75  6  37  7  49  8  15  9  6  10  56  11  61  12  65  13  82  14  72
  0  98  1  19  2  26  3  59  4  58  5  13  6  53  7  35  8  54  9  95  10  11  11  54  12  71  13  60  14  31
  0  59  1  72  2  99  3  46  4  72  5  43  6  23  7  77  8  84  9  74  10  56  11  62  12  58  13  99  14  13
  0  19  1  74  2  34  3  6  4  47  5  71  6  98  7  47  8  96  9  64  10  21  11  34  12  83  13  36  14  28
  0  44  1  20  2  46  3  3  4  72  5  77  6  3  7  54  8  88  9  28  10  74  11  7  12  89  13  1  14  56
  0  41  1  90  2  64  3  12  4  26  5  62  6  35  7  47  8  11  9  19  10  44  11  3  12  94  13  20  14  30
  0  57  1  70  2  18  3  40  4  80  5  16  6  85  7  56  8  92  9  89  10  4  11  69  12  98  13  39  14  80
  0  76  1  14  2  38  3  43  4  83  5  4  6  4  7  23  8  14  9  94  10  73  11  16  12  73  13  34  14  29
  0  3  1  28  2  9  3  96  4  51  5  71  6  46  7  73  8  37  9  7  10  54  11  50  12  55  13  66  14  80
  0  33  1  12  2  47  3  1  4  80  5  13  6  20  7  51  8  12  9  96  10  58  11  79  12  56  13  71  14  90
  0  72  1  40  2  49  3  62  4  91  5  41  6  7  7  70  8  13  9  51  10  93  11  6  12  58  13  23  14  75
  0  16  1  78  2  10  3  87  4  69  5  95  6  98  7  35  8  92  9  39  10  9  11  62  12  95  13  26  14  18
  0  64  1  29  2  68  3  9  4  50  5  16  6  12  7  78  8  45  9  69  10  29  11  39  12  94  13  80  14  33
  0  87  1  39  2  35  3  82  4  58  5  32  6  4  7  85  8  61  9  43  10  97  11  34  12  67  13  66  14  7
  0  16  1  5  2  20  3  46  4  2  5  78  6  16  7  74  8  85  9  23  10  19  11  76  12  29  13  41  14  48
  0  13  1  64  2  9  3  69  4  74  5  15  6  29  7  90  8  11  9  64  10  77  11  61  12  7  13  84  14  72
  0  28  1  20  2  89  3  53  4  8  5  28  6  87  7  57  8  74  9  25  10  34  11  25  12  78  13  78  14  29
  0  77  1  32  2  31  3  95  4  44  5  33  6  5  7  31  8  38  9  28  10  55  11  33  12  91  13  15  14  70
  0  24  1  25  2  37  3  19  4  45  5  89  6  41  7  85  8  72  9  19  10  77  11  56  12  90  13  76  14  69
  0  38  1  29  2  77  3  95  4  21  5  29  6  39  7  43  8  28  9  20  10  64  11  30  12  99  13  2  14  92
  0  19  1  13  2  68  3  38  4  52  5  36  6  37  7  28  8  81  9  58  10  36  11  99  12  94  13  59  14  91
  0  10  1  31  2  92  3  8  4  90  5  59  6  15  7  23  8  26  9  56  10  69  11  3  12  52  13  2  14  11
  0  87  1  3  2  87  3  37  4  16  5  42  6  2  7  56  8  78  9  72  10  35  11  11  12  91  13  99  14  18
  0  24  1  85  2  92  3  99  4  59  5  33  6  74  7  12  8  99  9  95  10  29  11  76  12  84  13  33  14  10
  0  69  1  56  2  17  3  88  4  29  5  21  6  46  7  78  8  87  9  18  10  40  11  15  12  51  13  35  14  84
  0  84  1  57  2  45  3  25  4  34  5  6  6  28  7  51  8  6  9  14  10  13  11  21  12  59  13  53  14  50
  0  98  1  7  2  78  3  5  4  23  5  52  6  47  7  21  8  24  9  5  10  78  11  8  12  52  13  38  14  26
  0  49  1  92  2  82  3  44  4  17  5  72  6  82  7  75  8  69  9  91  10  71  11  94  12  42  13  32  14  20
  0  78  1  75  2  18  3  81  4  97  5  27  6  45  7  35  8  40  9  67  10  95  11  89  12  16  13  66  14  1
  0  12  1  2  2  96  3  27  4  86  5  32  6  36  7  97  8  25  9  31  10  27  11  67  12  75  13  56  14  30
  0  19  1  99  2  92  3  92  4  44  5  32  6  12  7  95  8  34  9  20  10  3  11  70  12  91  13  19  14  10
  0  84  1  30  2  95  3  65  4  51  5  32  6  53  7  91  8  2  9  78  10  86  11  88  12  24  13  75  14  33
  0  68  1  67  2  31  3  79  4  78  5  60  6  62  7  24  8  30  9  84  10  44  11  27  12  24  13  13  14  23
  0  91  1  41  2  6  3  42  4  40  5  48  6  8  7  83  8  4  9  15  10  11  11  1  12  32  13  60  14  56
  0  94  1  76  2  72  3  98  4  73  5  26  6  68  7  66  8  90  9  83  10  78  11  69  12  42  13  16  14  88
  0  58  1  84  2  20  3  61  4  24  5  97  6  81  7  28  8  92  9  91  10  24  11  16  12  67  13  57  14  65
  0  53  1  2  2  84  3  49  4  80  5  19  6  12  7  97  8  35  9  22  10  79  11  4  12  6  13  26  14  98
  0  83  1  76  2  43  3  55  4  31  5  93  6  85  7  14  8  48  9  27  10  56  11  98  12  61  13  27  14  72
  0  49  1  31  2  71  3  9  4  90  5  12  6  74  7  75  8  66  9  41  10  99  11  66  12  14  13  40  14  79
  0  34  1  94  2  69  3  64  4  83  5  94  6  65  7  28  8  88  9  67  10  55  11  14  12  76  13  79  14  31
  0  2  1  31  2  86  3  9  4  12  5  7  6  40  7  35  8  6  9  65  10  17  11  91  12  27  13  66  14  10
  0  14  1  88  2  72  3  17  4  49  5  21  6  69  7  47  8  78  9  28  10  81  11  90  12  9  13  2  14  57
  0  43  1  9  2  13  3  49  4  83  5  22  6  68  7  1  8  43  9  8  10  97  11  40  12  2  13  73  14  30
  0  13  1  16  2  9  3  42  4  24  5  61  6  39  7  15  8  69  9  39  10  39  11  26  12  66  13  75  14  2
  0  49  1  29  2  28  3  36  4  56  5  33  6  67  7  30  8  29  9  70  10  91  11  30  12  43  13  1  14  16
  0  2  1  63  2  27  3  15  4  73  5  68  6  71  7  32  8  92  9  5  10  27  11  78  12  30  13  25  14  93
  0  71  1  19  2  60  3  49  4  10  5  19  6  44  7  92  8  69  9  32  10  79  11  74  12  61  13  18  14  5
  0  99  1  12  2  78  3  30  4  52  5  22  6  20  7  18  8  98  9  40  10  6  11  50  12  63  13  58  14  49
  0  97  1  69  2  85  3  31  4  83  5  1  6  94  7  26  8  13  9  38  10  29  11  66  12  96  13  46  14  11
  0  98  1  16  2  43  3  1  4  95  5  74  6  61  7  84  8  25  9  59  10  93  11  5  12  9  13  1  14  76
  0  53  1  7  2  88  3  47  4  82  5  1  6  15  7  95  8  21  9  91  10  16  11  81  12  95  13  11  14  57
  0  97  1  81  2  18  3  80  4  85  5  51  6  34  7  91  8  53  9  82  10  28  11  84  12  43  13  52  14  76
  0  4  1  40  2  21  3  29  4  11  5  34  6  83  7  78  8  92  9  69  10  61  11  12  12  30  13  37  14  24
  0  81  1  31  2  15  3  96  4  31  5  72  6  36  7  89  8  63  9  18  10  52  11  31  12  35  13  2  14  36
  0  18  1  18  2  4  3  5  4  1  5  55  6  49  7  90  8  71  9  3  10  3  11  85  12  20  13  50  14  49
  0  20  1  77  2  35  3  82  4  61  5  63  6  11  7  37  8  53  9  1  10  43  11  36  12  12  13  75  14  14
  0  42  1  65  2  44  3  83  4  37  5  96  6  17  7  38  8  58  9  25  10  82  11  4  12  76  13  35  14  35
  0  31  1  90  2  46  3  28  4  64  5  71  6  78  7  70  8  42  9  87  10  48  11  26  12  22  13  73  14  9
  0  94  1  97  2  58  3  22  4  80  5  63  6  38  7  22  8  75  9  45  10  62  11  99  12  14  13  97  14  87
  0  33  1  77  2  45  3  88  4  34  5  56  6  4  7  56  8  83  9  92  10  25  11  10  12  83  13  66  14  36
  0  6  1  48  2  1  3  83  4  20  5  99  6  85  7  84  8  34  9  58  10  64  11  58  12  57  13  27  14  18
  0  91  1  59  2  25  3  49  4  45  5  2  6  5  7  46  8  26  9  85  10  69  11  82  12  71  13  58  14  73
  0  79  1  13  2  49  3  61  4  38  5  31  6  19  7  95  8  26  9  15  10  49  11  63  12  55  13  73  14  8
  0  73  1  8  2  82  3  57  4  78  5  86  6  50  7  6  8  78  9  95  10  44  11  8  12  6  13  79  14  10
  0  60  1  83  2  79  3  66  4  69  5  7  6  84  7  65  8  68  9  7  10  75  11  60  12  4  13  71  14  4
  0  99  1  50  2  55  3  53  4  53  5  93  6  89  7  60  8  40  9  98  10  78  11  6  12  7  13  63  14  40
  0  4  1  82  2  10  3  31  4  41  5  1  6  76  7  69  8  50  9  76  10  98  11  31  12  14  13  66  14  11
  0  91  1  46  2  61  3  90  4  38  5  79  6  79  7  25  8  83  9  69  10  63  11  96  12  30  13  86  14  6
  0  90  1  95  2  59  3  45  4  74  5  83  6  95  7  12  8  23  9  59  10  77  11  17  12  64  13  69  14  33
  0  18  1  81  2  10  3  3  4  95  5  5  6  44  7  74  8  23  9  53  10  8  11  50  12  28  13  38  14  59
  0  57  1  69  2  21  3  71  4  33  5  67  6  90  7  63  8  31  9  79  10  11  11  15  12  44  13  4  14  37
  0  24  1  28  2  39  3  20  4  90  5  75  6  54  7  39  8  43  9  78  10  36  11  27  12  38  13  69  14  10
  0  80  1  92  2  44  3  65  4  82  5  44  6  93  7  33  8  65  9  41  10  94  11  76  12  84  13  99  14  57
  0  18  1  10  2  97  3  6  4  90  5  27  6  72  7  52  8  4  9  13  10  58  11  93  12  60  13  39  14  78
  0  27  1  45  2  3  3  61  4  80  5  1  6  99  7  67  8  92  9  39  10  74  11  40  12  91  13  64  14  35
  0  6  1  58  2  4  3  96  4  95  5  77  6  75  7  97  8  71  9  99  10  24  11  11  12  63  13  78  14  26
  0  27  1  57  2  56  3  38  4  4  5  94  6  9  7  23  8  88  9  70  10  66  11  98  12  66  13  36  14  83
  0  90  1  97  2  49  3  23  4  72  5  32  6  25  7  64  8  33  9  24  10  81  11  69  12  8  13  91  14  84
  0  48  1  51  2  75  3  30  4  23  5  54  6  2  7  25  8  77  9  16  10  64  11  58  12  32  13  38  14  59
  0  54  1  90  2  95  3  54  4  74  5  57  6  96  7  68  8  93  9  95  10  45  11  91  12  71  13  95  14  65
  0  83  1  98  2  78  3  46  4  13  5  78  6  26  7  23  8  37  9  87  10  45  11  5  12  35  13  14  14  89
  0  96  1  41  2  74  3  92  4  7  5  32  6  52  7  2  8  13  9  81  10  12  11  6  12  29  13  83  14  86
  0  95  1  17  2  85  3  35  4  99  5  6  6  14  7  12  8  95  9  40  10  67  11  17  12  76  13  52  14  7
  0  97  1  22  2  29  3  69  4  25  5  23  6  41  7  2  8  78  9  29  10  23  11  66  12  90  13  41  14  43
  0  74  1  50  2  69  3  99  4  64  5  74  6  4  7  19  8  97  9  66  10  96  11  63  12  75  13  50  14  44
  0  60  1  77  2  44  3  96  4  3  5  74  6  88  7  76  8  4  9  80  10  78  11  44  12  92  13  37  14  42
  0  52  1  84  2  39  3  61  4  97  5  63  6  60  7  47  8  36  9  59  10  29  11  3  12  27  13  16  14  59
  0  27  1  29  2  71  3  42  4  65  5  62  6  1  7  54  8  96  9  6  10  90  11  33  12  2  13  86  14  52
  0  30  1  81  2  98  3  89  4  43  5  94  6  48  7  73  8  81  9  39  10  4  11  91  12  18  13  10  14  15
  0  83  1  40  2  86  3  19  4  66  5  92  6  51  7  50  8  20  9  77  10  34  11  18  12  85  13  64  14  25
  0  27  1  94  2  99  3  24  4  48  5  33  6  51  7  3  8  68  9  7  10  9  11  84  12  68  13  70  14  21
  0  3  1  24  2  17  3  58  4  70  5  13  6  64  7  13  8  67  9  75  10  69  11  85  12  36  13  81  14  61
  0  29  1  50  2  69  3  76  4  23  5  88  6  76  7  28  8  20  9  14  10  88  11  57  12  90  13  69  14  53
  0  38  1  38  2  23  3  50  4  32  5  75  6  23  7  12  8  24  9  83  10  54  11  35  12  75  13  87  14  90
  0  21  1  81  2  26  3  10  4  50  5  21  6  95  7  93  8  66  9  29  10  4  11  34  12  23  13  30  14  48
  0  32  1  35  2  25  3  16  4  38  5  20  6  6  7  74  8  88  9  30  10  42  11  82  12  31  13  9  14  74
  0  64  1  38  2  20  3  95  4  97  5  58  6  40  7  14  8  35  9  59  10  9  11  28  12  51  13  45  14  67
  0  47  1  71  2  63  3  51  4  54  5  45  6  44  7  95  8  82  9  54  10  14  11  87  12  57  13  80  14  93
  0  60  1  21  2  65  3  67  4  18  5  44  6  34  7  79  8  41  9  5  10  77  11  9  12  3  13  55  14  7
  0  5  1  3  2  42  3  22  4  4  5  95  6  34  7  63  8  61  9  71  10  69  11  39  12  47  13  11  14  44
  0  45  1  13  2  36  3  79  4  13  5  21  6  14  7  57  8  69  9  83  10  88  11  8  12  80  13  65  14  54
  0  83  1  10  2  48  3  90  4  64  5  30  6  47  7  22  8  63  9  51  10  37  11  73  12  36  13  70  14  37
  0  35  1  18  2  36  3  37  4  63  5  34  6  97  7  92  8  63  9  53  10  83  11  5  12  50  13  1  14  22
  0  55  1  78  2  20  3  95  4  87  5  76  6  76  7  96  8  38  9  39  10  31  11  38  12  47  13  60  14  18
  0  12  1  35  2  5  3  33  4  14  5  90  6  54  7  76  8  80  9  28  10  80  11  40  12  2  13  7  14  27
  0  25  1  99  2  4  3  97  4  15  5  92  6  11  7  87  8  55  9  94  10  71  11  16  12  13  13  95  14  92
  0  26  1  15  2  45  3  94  4  70  5  81  6  29  7  76  8  3  9  17  10  93  11  24  12  38  13  13  14  93
  0  79  1  53  2  87  3  31  4  40  5  40  6  54  7  29  8  81  9  34  10  90  11  65  12  94  13  77  14  76
  0  42  1  99  2  95  3  89  4  75  5  69  6  91  7  96  8  30  9  71  10  87  11  77  12  40  13  29  14  65
  0  58  1  75  2  38  3  95  4  59  5  55  6  94  7  46  8  65  9  23  10  41  11  11  12  89  13  21  14  9
  0  7  1  76  2  40  3  23  4  26  5  69  6  24  7  15  8  34  9  49  10  61  11  29  12  66  13  96  14  92
  0  43  1  49  2  51  3  8  4  24  5  52  6  73  7  31  8  99  9  60  10  15  11  91  12  9  13  93  14  69
  0  45  1  63  2  46  3  56  4  98  5  43  6  8  7  45  8  37  9  89  10  72  11  49  12  61  13  82  14  82
  0  24  1  92  2  17  3  35  4  55  5  97  6  8  7  56  8  28  9  37  10  86  11  35  12  6  13  46  14  77
  0  41  1  64  2  89  3  61  4  94  5  50  6  72  7  67  8  65  9  72  10  77  11  51  12  90  13  46  14  63
  0  37  1  62  2  26  3  53  4  54  5  25  6  22  7  95  8  84  9  72  10  85  11  74  12  91  13  33  14  83
  0  93  1  18  2  94  3  21  4  78  5  55  6  9  7  79  8  60  9  30  10  55  11  71  12  31  13  61  14  76
  0  28  1  96  2  79  3  13  4  80  5  59  6  11  7  82  8  95  9  99  10  76  11  98  12  74  13  61  14  51
  0  23  1  30  2  35  3  78  4  81  5  99  6  5  7  52  8  4  9  56  10  6  11  90  12  66  13  25  14  2
  0  82  1  30  2  23  3  87  4  68  5  27  6  81  7  62  8  90  9  24  10  5  11  50  12  31  13  65  14  82
  0  37  1  2  2  81  3  67  4  69  5  83  6  7  7  77  8  33  9  9  10  52  11  81  12  1  13  37  14  20
  0  79  1  15  2  76  3  55  4  96  5  53  6  41  7  76  8  36  9  89  10  53  11  27  12  71  13  37  14  24
  0  36  1  65  2  64  3  83  4  93  5  57  6  87  7  32  8  61  9  43  10  96  11  33  12  83  13  44  14  78
  0  81  1  71  2  49  3  17  4  10  5  67  6  55  7  12  8  13  9  20  10  66  11  33  12  7  13  25  14  3
  0  91  1  58  2  7  3  42  4  23  5  38  6  51  7  98  8  78  9  3  10  19  11  99  12  2  13  84  14  87
  0  23  1  20  2  64  3  9  4  7  5  72  6  49  7  87  8  43  9  71  10  73  11  96  12  7  13  57  14  14
  0  11  1  98  2  92  3  60  4  7  5  95  6  13  7  8  8  55  9  32  10  25  11  48  12  35  13  64  14  21
  0  76  1  9  2  85  3  51  4  52  5  52  6  94  7  67  8  62  9  43  10  44  11  40  12  89  13  29  14  7
  0  98  1  85  2  35  3  45  4  63  5  86  6  97  7  71  8  56  9  36  10  14  11  35  12  6  13  98  14  49
  0  69  1  1  2  72  3  52  4  87  5  44  6  39  7  55  8  15  9  10  10  20  11  74  12  80  13  18  14  5
  0  21  1  31  2  61  3  85  4  4  5  19  6  73  7  17  8  74  9  81  10  94  11  69  12  43  13  24  14  94
  0  62  1  82  2  59  3  56  4  85  5  78  6  77  7  15  8  44  9  4  10  36  11  26  12  93  13  23  14  15
  0  1  1  40  2  62  3  56  4  22  5  31  6  83  7  84  8  35  9  60  10  64  11  99  12  90  13  54  14  66
  0  56  1  61  2  21  3  40  4  95  5  74  6  82  7  9  8  87  9  24  10  14  11  16  12  89  13  62  14  55
  0  44  1  47  2  82  3  90  4  22  5  74  6  26  7  88  8  97  9  97  10  9  11  52  12  28  13  66  14  25
  0  40  1  15  2  27  3  69  4  35  5  8  6  50  7  9  8  82  9  18  10  42  11  79  12  20  13  44  14  72
  0  87  1  80  2  96  3  19  4  48  5  31  6  56  7  90  8  89  9  76  10  27  11  2  12  99  13  51  14  57
  0  82  1  2  2  76  3  29  4  71  5  79  6  42  7  56  8  12  9  88  10  53  11  43  12  55  13  33  14  63
TPM
  0  1786  1  1786  2  1786  3  1786  4  1786  5  1786  6  1786  7  1786  8  1786  9  1786  10  1786  11  1786  12  1786  13  1786  14  1786
PMT
  0  109  1  65  2  131  3  67  4  73  5  10  6  121  7  16  8  147  9  38  10  148  11  96  12  17  13  42  14  86
  0  71  1  120  2  27  3  65  4  25  5  83  6  92  7  68  8  80  9  59  10  122  11  12  12  27  13  114  14  43
  0  125  1  103  2  30  3  42  4  107  5  40  6  117  7  45  8  88  9  82  10  105  11  20  12  18  13  113  14  70
  0  148  1  115  2  81  3  81  4  2  5  139  6  19  7  73  8  16  9  29  10  90  11  136  12  114  13  54  14  71
  0  102  1  79  2  110  3  134  4  52  5  19  6  102  7  8  8  101  9  70  10  83  11  102  12  109  13  1  14  82
  0  124  1  132  2  37  3  149  4  19  5  106  6  43  7  21  8  31  9  109  10  106  11  68  12  41  13  47  14  39
  0  14  1  100  2  41  3  13  4  136  5  8  6  149  7  77  8  38  9  90  10  14  11  77  12  57  13  43  14  137
  0  75  1  38  2  18  3  72  4  9  5  17  6  133  7  81  8  90  9  135  10  145  11  146  12  49  13  99  14  148
  0  91  1  110  2  52  3  78  4  31  5  97  6  105  7  30  8  48  9  88  10  18  11  112  12  4  13  120  14  106
  0  140  1  140  2  58  3  137  4  57  5  143  6  45  7  64  8  117  9  93  10  27  11  39  12  149  13  2  14  38
  0  25  1  139  2  95  3  116  4  137  5  45  6  107  7  119  8  133  9  100  10  118  11  25  12  27  13  51  14  81
  0  11  1  20  2  142  3  44  4  82  5  137  6  135  7  91  8  113  9  106  10  2  11  127  12  134  13  67  14  133
