100  10
  0  10  1  89  2  74  3  54  4  66  5  7  6  39  7  50  8  33  9  16
  0  50  1  36  2  51  3  75  4  18  5  48  6  66  7  66  8  66  9  9
  0  31  1  77  2  89  3  82  4  75  5  87  6  71  7  93  8  22  9  11
  0  62  1  62  2  98  3  58  4  59  5  49  6  54  7  13  8  45  9  94
  0  1  1  31  2  76  3  3  4  28  5  23  6  29  7  7  8  72  9  58
  0  35  1  9  2  20  3  20  4  78  5  94  6  93  7  89  8  28  9  46
  0  47  1  38  2  26  3  14  4  53  5  60  6  59  7  36  8  86  9  71
  0  79  1  86  2  14  3  59  4  67  5  4  6  51  7  54  8  27  9  49
  0  51  1  71  2  72  3  61  4  26  5  23  6  53  7  34  8  32  9  12
  0  10  1  26  2  52  3  62  4  63  5  72  6  61  7  33  8  87  9  69
  0  73  1  29  2  9  3  37  4  79  5  14  6  37  7  97  8  42  9  62
  0  21  1  11  2  13  3  38  4  79  5  63  6  67  7  67  8  55  9  92
  0  89  1  43  2  92  3  8  4  40  5  87  6  33  7  27  8  4  9  54
  0  83  1  36  2  93  3  52  4  97  5  69  6  41  7  7  8  74  9  22
  0  35  1  14  2  72  3  84  4  55  5  37  6  85  7  42  8  28  9  56
  0  27  1  71  2  5  3  65  4  30  5  46  6  29  7  88  8  47  9  22
  0  47  1  52  2  15  3  58  4  83  5  27  6  16  7  11  8  83  9  44
  0  47  1  99  2  80  3  43  4  93  5  18  6  66  7  92  8  44  9  60
  0  53  1  8  2  13  3  77  4  57  5  58  6  52  7  81  8  49  9  12
  0  69  1  62  2  48  3  96  4  74  5  87  6  49  7  58  8  33  9  1
  0  29  1  27  2  99  3  37  4  41  5  54  6  49  7  21  8  21  9  71
  0  37  1  13  2  54  3  66  4  57  5  27  6  63  7  94  8  66  9  34
  0  48  1  71  2  14  3  9  4  52  5  6  6  82  7  11  8  58  9  74
  0  20  1  82  2  38  3  51  4  50  5  22  6  95  7  24  8  53  9  58
  0  86  1  89  2  73  3  27  4  7  5  93  6  9  7  44  8  80  9  45
  0  56  1  9  2  84  3  53  4  48  5  82  6  94  7  38  8  83  9  46
  0  42  1  22  2  51  3  9  4  14  5  9  6  96  7  24  8  35  9  97
  0  73  1  53  2  15  3  6  4  86  5  63  6  49  7  69  8  15  9  61
  0  3  1  72  2  81  3  92  4  32  5  14  6  88  7  59  8  98  9  4
  0  52  1  47  2  96  3  69  4  99  5  41  6  94  7  86  8  13  9  97
  0  65  1  92  2  30  3  86  4  52  5  24  6  38  7  14  8  83  9  98
  0  28  1  17  2  65  3  38  4  78  5  55  6  78  7  79  8  6  9  75
  0  78  1  54  2  86  3  95  4  81  5  3  6  42  7  47  8  60  9  68
  0  47  1  79  2  7  3  94  4  91  5  97  6  29  7  95  8  16  9  6
  0  78  1  5  2  97  3  57  4  41  5  95  6  60  7  51  8  26  9  47
  0  20  1  23  2  36  3  86  4  14  5  11  6  22  7  31  8  56  9  3
  0  28  1  31  2  27  3  88  4  91  5  60  6  80  7  84  8  67  9  15
  0  33  1  97  2  64  3  28  4  79  5  39  6  44  7  96  8  17  9  15
  0  89  1  83  2  5  3  52  4  61  5  44  6  85  7  43  8  6  9  81
  0  22  1  91  2  56  3  48  4  54  5  27  6  70  7  17  8  70  9  1
  0  77  1  24  2  32  3  81  4  37  5  34  6  28  7  25  8  24  9  86
  0  14  1  64  2  99  3  26  4  84  5  73  6  35  7  15  8  81  9  74
  0  84  1  5  2  20  3  7  4  40  5  86  6  10  7  78  8  3  9  62
  0  85  1  58  2  60  3  7  4  79  5  79  6  55  7  7  8  98  9  84
  0  72  1  7  2  94  3  2  4  1  5  82  6  34  7  51  8  27  9  33
  0  7  1  20  2  75  3  68  4  32  5  46  6  15  7  12  8  48  9  14
  0  65  1  64  2  4  3  27  4  4  5  95  6  69  7  51  8  42  9  50
  0  50  1  96  2  20  3  92  4  77  5  12  6  51  7  30  8  80  9  10
  0  94  1  77  2  93  3  30  4  58  5  62  6  42  7  19  8  54  9  82
  0  4  1  80  2  48  3  61  4  52  5  37  6  85  7  67  8  21  9  85
  0  84  1  87  2  43  3  48  4  35  5  76  6  59  7  59  8  22  9  18
  0  4  1  32  2  85  3  72  4  1  5  84  6  77  7  95  8  36  9  38
  0  73  1  52  2  83  3  13  4  57  5  61  6  11  7  72  8  72  9  43
  0  83  1  5  2  36  3  65  4  38  5  32  6  24  7  85  8  13  9  96
  0  1  1  65  2  34  3  58  4  36  5  87  6  15  7  98  8  42  9  98
  0  1  1  28  2  24  3  71  4  74  5  27  6  8  7  42  8  12  9  78
  0  21  1  91  2  29  3  65  4  10  5  47  6  98  7  51  8  36  9  41
  0  85  1  54  2  85  3  59  4  53  5  84  6  71  7  37  8  46  9  19
  0  24  1  22  2  26  3  20  4  96  5  84  6  39  7  23  8  35  9  54
  0  36  1  54  2  75  3  24  4  59  5  55  6  86  7  19  8  88  9  15
  0  56  1  62  2  5  3  48  4  93  5  60  6  94  7  66  8  8  9  82
  0  33  1  25  2  60  3  35  4  99  5  51  6  23  7  32  8  16  9  81
  0  83  1  17  2  19  3  61  4  71  5  98  6  98  7  96  8  10  9  86
  0  73  1  41  2  9  3  61  4  71  5  77  6  51  7  97  8  44  9  18
  0  46  1  28  2  42  3  30  4  51  5  29  6  16  7  69  8  71  9  49
  0  21  1  66  2  14  3  20  4  46  5  17  6  30  7  18  8  3  9  42
  0  87  1  75  2  22  3  55  4  59  5  46  6  64  7  22  8  2  9  70
  0  37  1  10  2  81  3  25  4  64  5  78  6  61  7  16  8  67  9  27
  0  52  1  67  2  45  3  27  4  1  5  22  6  55  7  93  8  65  9  31
  0  50  1  79  2  90  3  33  4  3  5  89  6  10  7  20  8  39  9  46
  0  1  1  50  2  63  3  71  4  94  5  68  6  17  7  50  8  20  9  26
  0  48  1  88  2  12  3  13  4  57  5  91  6  33  7  54  8  36  9  26
  0  76  1  32  2  47  3  29  4  56  5  26  6  86  7  84  8  4  9  82
  0  28  1  95  2  20  3  76  4  61  5  88  6  55  7  2  8  45  9  55
  0  20  1  13  2  55  3  22  4  38  5  7  6  3  7  74  8  14  9  18
  0  28  1  5  2  56  3  60  4  28  5  41  6  83  7  39  8  45  9  91
  0  22  1  28  2  39  3  2  4  44  5  60  6  24  7  6  8  26  9  11
  0  21  1  37  2  18  3  46  4  87  5  6  6  56  7  66  8  3  9  71
  0  58  1  82  2  24  3  77  4  81  5  98  6  50  7  3  8  36  9  82
  0  52  1  64  2  84  3  45  4  56  5  74  6  70  7  82  8  92  9  26
  0  52  1  28  2  41  3  73  4  35  5  21  6  43  7  25  8  31  9  4
  0  56  1  60  2  98  3  90  4  67  5  50  6  23  7  78  8  3  9  32
  0  42  1  81  2  84  3  68  4  50  5  19  6  43  7  11  8  14  9  94
  0  62  1  9  2  75  3  30  4  30  5  73  6  56  7  47  8  24  9  73
  0  66  1  25  2  38  3  4  4  79  5  53  6  54  7  87  8  36  9  74
  0  95  1  78  2  93  3  84  4  18  5  76  6  20  7  30  8  35  9  87
  0  99  1  19  2  80  3  71  4  20  5  39  6  40  7  78  8  31  9  60
  0  32  1  51  2  7  3  35  4  98  5  45  6  58  7  52  8  30  9  12
  0  69  1  6  2  69  3  27  4  47  5  61  6  31  7  68  8  29  9  53
  0  49  1  65  2  68  3  46  4  42  5  91  6  3  7  25  8  47  9  65
  0  71  1  13  2  73  3  68  4  32  5  31  6  66  7  11  8  10  9  40
  0  94  1  1  2  57  3  39  4  89  5  94  6  23  7  98  8  5  9  31
  0  54  1  60  2  75  3  87  4  76  5  40  6  99  7  1  8  30  9  99
  0  57  1  41  2  56  3  78  4  52  5  42  6  65  7  6  8  46  9  13
  0  20  1  39  2  96  3  93  4  25  5  85  6  49  7  29  8  5  9  6
  0  19  1  61  2  13  3  16  4  82  5  81  6  92  7  33  8  51  9  91
  0  94  1  23  2  98  3  46  4  26  5  50  6  76  7  94  8  65  9  48
  0  18  1  42  2  90  3  42  4  39  5  85  6  85  7  2  8  65  9  14
  0  42  1  12  2  58  3  61  4  58  5  82  6  13  7  56  8  98  9  27
  0  50  1  13  2  79  3  96  4  30  5  55  6  85  7  43  8  55  9  61
TPM
  0  1131  1  1131  2  1131  3  1131  4  1131  5  1131  6  1131  7  1131  8  1131  9  1131
PMT
  0  25  1  32  2  31  3  55  4  27  5  9  6  55  7  22  8  31  9  65
  0  64  1  47  2  34  3  50  4  6  5  33  6  63  7  12  8  66  9  2
  0  69  1  72  2  74  3  53  4  44  5  54  6  26  7  55  8  4  9  69
  0  73  1  59  2  4  3  52  4  36  5  51  6  63  7  61  8  5  9  26
  0  65  1  68  2  61  3  20  4  69  5  30  6  39  7  20  8  19  9  52
  0  6  1  71  2  65  3  63  4  43  5  24  6  69  7  32  8  18  9  30
  0  14  1  40  2  15  3  74  4  45  5  2  6  38  7  49  8  61  9  42
  0  69  1  53  2  1  3  4  4  38  5  61  6  18  7  16  8  59  9  28
  0  39  1  66  2  33  3  69  4  4  5  4  6  21  7  13  8  24  9  37
