200  10
  0  41  1  20  2  30  3  78  4  32  5  77  6  41  7  5  8  44  9  9
  0  40  1  1  2  5  3  9  4  6  5  67  6  95  7  44  8  68  9  18
  0  62  1  44  2  34  3  51  4  30  5  31  6  1  7  71  8  91  9  1
  0  40  1  57  2  77  3  7  4  69  5  44  6  9  7  99  8  38  9  12
  0  19  1  30  2  93  3  58  4  68  5  20  6  16  7  11  8  6  9  50
  0  25  1  14  2  36  3  34  4  8  5  87  6  23  7  58  8  5  9  47
  0  6  1  24  2  76  3  24  4  22  5  16  6  18  7  34  8  80  9  77
  0  99  1  83  2  97  3  74  4  61  5  11  6  11  7  70  8  65  9  83
  0  31  1  61  2  14  3  35  4  85  5  20  6  67  7  86  8  81  9  62
  0  18  1  78  2  78  3  35  4  17  5  39  6  43  7  77  8  58  9  41
  0  54  1  29  2  51  3  26  4  45  5  55  6  56  7  8  8  28  9  31
  0  53  1  69  2  22  3  14  4  66  5  31  6  85  7  67  8  76  9  47
  0  30  1  44  2  77  3  47  4  52  5  28  6  74  7  52  8  24  9  89
  0  22  1  17  2  24  3  15  4  42  5  77  6  92  7  8  8  93  9  10
  0  56  1  70  2  55  3  34  4  45  5  18  6  66  7  7  8  1  9  85
  0  22  1  97  2  53  3  24  4  24  5  41  6  6  7  94  8  38  9  94
  0  61  1  22  2  93  3  72  4  74  5  45  6  50  7  9  8  34  9  89
  0  87  1  85  2  69  3  51  4  24  5  24  6  76  7  53  8  47  9  24
  0  83  1  31  2  20  3  2  4  4  5  42  6  98  7  57  8  61  9  20
  0  71  1  81  2  64  3  14  4  10  5  73  6  79  7  71  8  76  9  24
  0  25  1  74  2  57  3  9  4  83  5  32  6  87  7  72  8  10  9  70
  0  97  1  5  2  78  3  4  4  12  5  53  6  94  7  59  8  46  9  98
  0  75  1  84  2  19  3  10  4  57  5  75  6  57  7  44  8  1  9  92
  0  53  1  60  2  88  3  61  4  22  5  62  6  51  7  65  8  51  9  91
  0  51  1  87  2  55  3  28  4  16  5  50  6  65  7  82  8  5  9  58
  0  10  1  78  2  46  3  65  4  97  5  60  6  80  7  87  8  75  9  68
  0  88  1  52  2  36  3  87  4  10  5  64  6  1  7  39  8  63  9  2
  0  96  1  78  2  22  3  97  4  11  5  30  6  17  7  61  8  75  9  48
  0  78  1  41  2  38  3  17  4  12  5  33  6  3  7  94  8  84  9  99
  0  55  1  87  2  83  3  40  4  7  5  8  6  40  7  21  8  17  9  37
  0  53  1  83  2  82  3  13  4  55  5  59  6  4  7  5  8  92  9  74
  0  63  1  46  2  22  3  28  4  76  5  41  6  46  7  55  8  6  9  60
  0  38  1  34  2  38  3  98  4  16  5  90  6  76  7  56  8  91  9  89
  0  94  1  61  2  90  3  51  4  43  5  56  6  1  7  5  8  28  9  6
  0  40  1  72  2  76  3  3  4  6  5  62  6  77  7  86  8  66  9  93
  0  56  1  84  2  20  3  81  4  19  5  57  6  4  7  82  8  81  9  1
  0  44  1  47  2  58  3  28  4  83  5  39  6  91  7  55  8  22  9  35
  0  28  1  42  2  48  3  80  4  90  5  77  6  64  7  8  8  89  9  95
  0  24  1  5  2  77  3  79  4  27  5  4  6  41  7  79  8  54  9  41
  0  82  1  43  2  39  3  91  4  36  5  59  6  82  7  78  8  14  9  36
  0  94  1  22  2  1  3  83  4  93  5  73  6  6  7  61  8  98  9  46
  0  67  1  21  2  14  3  43  4  71  5  40  6  66  7  32  8  3  9  35
  0  65  1  38  2  70  3  17  4  81  5  41  6  55  7  84  8  74  9  93
  0  76  1  10  2  10  3  7  4  92  5  53  6  43  7  68  8  49  9  81
  0  70  1  81  2  63  3  21  4  67  5  56  6  16  7  42  8  61  9  68
  0  53  1  55  2  20  3  87  4  61  5  87  6  42  7  34  8  46  9  41
  0  85  1  6  2  20  3  70  4  72  5  4  6  3  7  35  8  51  9  28
  0  75  1  94  2  8  3  38  4  36  5  61  6  56  7  86  8  65  9  45
  0  50  1  86  2  90  3  27  4  95  5  51  6  96  7  56  8  56  9  29
  0  41  1  75  2  82  3  30  4  61  5  94  6  3  7  93  8  83  9  72
  0  62  1  62  2  64  3  91  4  2  5  57  6  40  7  19  8  89  9  74
  0  50  1  94  2  82  3  28  4  67  5  94  6  54  7  34  8  45  9  53
  0  22  1  6  2  72  3  41  4  68  5  79  6  96  7  40  8  32  9  31
  0  36  1  63  2  10  3  24  4  25  5  95  6  7  7  7  8  36  9  73
  0  18  1  52  2  79  3  13  4  24  5  7  6  86  7  62  8  49  9  89
  0  3  1  45  2  1  3  63  4  75  5  98  6  88  7  59  8  94  9  49
  0  8  1  37  2  14  3  63  4  16  5  13  6  88  7  64  8  43  9  68
  0  83  1  17  2  29  3  50  4  37  5  10  6  53  7  6  8  3  9  90
  0  23  1  15  2  92  3  28  4  19  5  22  6  87  7  18  8  26  9  72
  0  4  1  48  2  92  3  8  4  23  5  89  6  92  7  74  8  18  9  86
  0  94  1  48  2  46  3  47  4  50  5  92  6  82  7  77  8  64  9  78
  0  23  1  97  2  6  3  50  4  61  5  34  6  67  7  21  8  44  9  75
  0  2  1  16  2  48  3  42  4  60  5  6  6  21  7  14  8  40  9  96
  0  98  1  82  2  8  3  72  4  85  5  68  6  49  7  1  8  54  9  87
  0  64  1  50  2  3  3  61  4  17  5  83  6  84  7  26  8  2  9  21
  0  86  1  55  2  77  3  81  4  29  5  24  6  1  7  64  8  15  9  65
  0  47  1  16  2  44  3  10  4  95  5  84  6  68  7  96  8  30  9  87
  0  66  1  98  2  74  3  14  4  54  5  15  6  67  7  49  8  65  9  1
  0  40  1  3  2  54  3  51  4  52  5  58  6  22  7  64  8  18  9  90
  0  66  1  34  2  92  3  13  4  95  5  54  6  33  7  52  8  61  9  51
  0  37  1  65  2  8  3  49  4  31  5  35  6  37  7  50  8  54  9  24
  0  31  1  85  2  64  3  67  4  91  5  63  6  66  7  29  8  81  9  22
  0  28  1  56  2  86  3  64  4  45  5  12  6  18  7  37  8  59  9  60
  0  32  1  62  2  55  3  39  4  46  5  62  6  81  7  48  8  63  9  18
  0  64  1  32  2  37  3  44  4  21  5  37  6  41  7  98  8  97  9  72
  0  38  1  33  2  64  3  9  4  39  5  61  6  60  7  86  8  5  9  11
  0  78  1  17  2  50  3  66  4  7  5  11  6  26  7  43  8  91  9  59
  0  98  1  25  2  74  3  42  4  64  5  70  6  23  7  52  8  50  9  74
  0  63  1  62  2  98  3  21  4  70  5  63  6  38  7  86  8  84  9  51
  0  76  1  61  2  58  3  47  4  88  5  10  6  54  7  76  8  66  9  79
  0  38  1  44  2  56  3  38  4  49  5  67  6  20  7  92  8  43  9  74
  0  64  1  14  2  20  3  67  4  46  5  89  6  7  7  5  8  50  9  58
  0  52  1  68  2  79  3  10  4  32  5  98  6  20  7  44  8  96  9  28
  0  63  1  43  2  12  3  47  4  6  5  79  6  44  7  68  8  40  9  69
  0  21  1  87  2  33  3  48  4  62  5  53  6  40  7  26  8  48  9  89
  0  93  1  56  2  88  3  45  4  85  5  5  6  93  7  39  8  18  9  29
  0  76  1  53  2  91  3  85  4  20  5  86  6  63  7  32  8  3  9  50
  0  85  1  94  2  60  3  92  4  8  5  17  6  26  7  78  8  19  9  99
  0  81  1  45  2  37  3  13  4  5  5  34  6  94  7  33  8  5  9  55
  0  58  1  34  2  70  3  33  4  1  5  45  6  81  7  47  8  2  9  32
  0  55  1  61  2  43  3  95  4  27  5  14  6  38  7  68  8  82  9  98
  0  92  1  65  2  8  3  66  4  4  5  22  6  4  7  32  8  33  9  11
  0  88  1  57  2  21  3  35  4  96  5  47  6  16  7  40  8  30  9  86
  0  42  1  78  2  26  3  97  4  28  5  29  6  53  7  93  8  80  9  56
  0  47  1  64  2  53  3  57  4  44  5  22  6  63  7  35  8  76  9  82
  0  52  1  88  2  33  3  71  4  83  5  17  6  14  7  66  8  42  9  73
  0  15  1  33  2  56  3  26  4  24  5  1  6  80  7  86  8  33  9  95
  0  87  1  43  2  69  3  21  4  66  5  93  6  20  7  48  8  42  9  60
  0  3  1  74  2  33  3  49  4  91  5  47  6  28  7  69  8  18  9  61
  0  56  1  30  2  96  3  81  4  71  5  85  6  50  7  55  8  68  9  94
  0  27  1  4  2  17  3  1  4  41  5  10  6  75  7  76  8  79  9  52
  0  16  1  63  2  53  3  41  4  79  5  9  6  79  7  54  8  35  9  92
  0  43  1  94  2  16  3  76  4  52  5  2  6  63  7  29  8  91  9  93
  0  85  1  9  2  57  3  22  4  26  5  8  6  91  7  67  8  97  9  89
  0  81  1  14  2  11  3  68  4  84  5  61  6  25  7  15  8  77  9  80
  0  89  1  94  2  63  3  25  4  54  5  64  6  70  7  32  8  59  9  83
  0  28  1  91  2  51  3  19  4  12  5  74  6  75  7  49  8  89  9  26
  0  31  1  1  2  96  3  80  4  6  5  58  6  44  7  58  8  27  9  50
  0  30  1  37  2  77  3  90  4  93  5  8  6  78  7  26  8  57  9  79
  0  40  1  35  2  25  3  72  4  15  5  48  6  43  7  7  8  27  9  21
  0  43  1  11  2  47  3  59  4  13  5  69  6  33  7  72  8  69  9  4
  0  72  1  28  2  46  3  52  4  85  5  3  6  85  7  91  8  76  9  78
  0  30  1  24  2  36  3  27  4  38  5  2  6  48  7  52  8  64  9  83
  0  42  1  23  2  99  3  45  4  94  5  96  6  28  7  71  8  72  9  9
  0  85  1  11  2  71  3  95  4  96  5  77  6  3  7  62  8  31  9  22
  0  9  1  21  2  21  3  15  4  31  5  61  6  14  7  92  8  51  9  19
  0  57  1  90  2  86  3  65  4  44  5  47  6  99  7  29  8  59  9  45
  0  59  1  22  2  8  3  40  4  64  5  33  6  20  7  82  8  19  9  8
  0  60  1  39  2  16  3  34  4  76  5  69  6  58  7  96  8  84  9  3
  0  52  1  70  2  64  3  32  4  26  5  66  6  3  7  29  8  65  9  55
  0  33  1  20  2  77  3  26  4  37  5  97  6  15  7  53  8  16  9  58
  0  26  1  85  2  42  3  79  4  12  5  83  6  57  7  79  8  5  9  51
  0  75  1  36  2  4  3  60  4  93  5  36  6  27  7  50  8  39  9  99
  0  68  1  55  2  92  3  95  4  63  5  90  6  69  7  34  8  15  9  99
  0  49  1  17  2  17  3  50  4  86  5  71  6  88  7  16  8  38  9  4
  0  7  1  99  2  96  3  40  4  84  5  75  6  17  7  48  8  60  9  52
  0  56  1  62  2  65  3  93  4  93  5  43  6  8  7  46  8  84  9  45
  0  82  1  53  2  49  3  88  4  87  5  64  6  40  7  44  8  16  9  62
  0  7  1  73  2  54  3  74  4  51  5  9  6  4  7  35  8  69  9  34
  0  94  1  11  2  96  3  15  4  86  5  16  6  9  7  1  8  47  9  78
  0  53  1  72  2  63  3  24  4  8  5  27  6  33  7  96  8  90  9  17
  0  38  1  35  2  66  3  89  4  88  5  66  6  28  7  81  8  91  9  92
  0  51  1  81  2  4  3  76  4  42  5  53  6  42  7  53  8  21  9  81
  0  75  1  32  2  36  3  3  4  27  5  55  6  83  7  2  8  52  9  25
  0  63  1  8  2  77  3  30  4  33  5  21  6  99  7  23  8  7  9  43
  0  9  1  33  2  28  3  97  4  61  5  5  6  12  7  65  8  17  9  16
  0  28  1  66  2  35  3  10  4  81  5  68  6  72  7  24  8  95  9  7
  0  45  1  35  2  24  3  28  4  31  5  26  6  38  7  11  8  33  9  52
  0  56  1  23  2  42  3  73  4  25  5  11  6  43  7  60  8  66  9  37
  0  71  1  1  2  45  3  5  4  20  5  71  6  28  7  46  8  24  9  40
  0  30  1  55  2  12  3  20  4  75  5  86  6  73  7  83  8  27  9  70
  0  83  1  16  2  35  3  95  4  3  5  66  6  37  7  68  8  24  9  16
  0  4  1  48  2  44  3  84  4  97  5  21  6  75  7  34  8  2  9  60
  0  33  1  46  2  35  3  78  4  56  5  81  6  62  7  84  8  58  9  49
  0  57  1  80  2  97  3  37  4  87  5  82  6  31  7  94  8  18  9  37
  0  85  1  51  2  62  3  73  4  50  5  28  6  27  7  5  8  1  9  74
  0  20  1  76  2  75  3  16  4  25  5  32  6  81  7  28  8  64  9  21
  0  12  1  48  2  3  3  94  4  74  5  95  6  50  7  47  8  92  9  74
  0  88  1  8  2  5  3  53  4  18  5  84  6  80  7  75  8  88  9  20
  0  45  1  26  2  87  3  10  4  57  5  59  6  76  7  87  8  94  9  76
  0  5  1  89  2  38  3  90  4  49  5  35  6  64  7  29  8  48  9  4
  0  80  1  55  2  34  3  87  4  65  5  19  6  86  7  47  8  2  9  52
  0  50  1  98  2  8  3  79  4  97  5  18  6  8  7  15  8  31  9  40
  0  2  1  51  2  43  3  77  4  19  5  69  6  99  7  93  8  67  9  31
  0  94  1  6  2  12  3  20  4  2  5  7  6  50  7  51  8  23  9  23
  0  60  1  68  2  95  3  43  4  42  5  84  6  35  7  5  8  84  9  58
  0  93  1  4  2  13  3  84  4  78  5  70  6  12  7  60  8  67  9  34
  0  37  1  56  2  93  3  55  4  33  5  83  6  5  7  15  8  43  9  61
  0  20  1  68  2  74  3  15  4  22  5  29  6  52  7  48  8  70  9  20
  0  72  1  93  2  34  3  13  4  38  5  17  6  50  7  46  8  51  9  22
  0  83  1  89  2  79  3  15  4  35  5  1  6  17  7  92  8  20  9  80
  0  31  1  68  2  13  3  35  4  44  5  66  6  40  7  96  8  93  9  35
  0  67  1  58  2  80  3  62  4  85  5  23  6  88  7  95  8  34  9  81
  0  48  1  94  2  89  3  65  4  49  5  76  6  2  7  33  8  61  9  29
  0  85  1  93  2  2  3  99  4  71  5  70  6  42  7  81  8  76  9  63
  0  72  1  67  2  74  3  60  4  45  5  36  6  46  7  9  8  80  9  77
  0  48  1  44  2  88  3  3  4  43  5  33  6  54  7  66  8  62  9  90
  0  91  1  6  2  9  3  66  4  45  5  88  6  7  7  18  8  20  9  99
  0  68  1  10  2  47  3  27  4  32  5  10  6  31  7  18  8  76  9  66
  0  26  1  26  2  47  3  1  4  37  5  53  6  16  7  39  8  55  9  69
  0  77  1  55  2  59  3  69  4  57  5  28  6  52  7  79  8  70  9  15
  0  3  1  45  2  71  3  93  4  29  5  50  6  68  7  37  8  29  9  47
  0  4  1  11  2  44  3  12  4  26  5  12  6  34  7  35  8  93  9  96
  0  61  1  28  2  92  3  55  4  43  5  97  6  63  7  30  8  14  9  21
  0  51  1  93  2  96  3  23  4  52  5  38  6  79  7  34  8  2  9  19
  0  53  1  93  2  16  3  78  4  53  5  14  6  18  7  32  8  96  9  21
  0  75  1  91  2  37  3  41  4  48  5  65  6  47  7  4  8  24  9  43
  0  27  1  72  2  75  3  84  4  79  5  22  6  91  7  38  8  11  9  32
  0  38  1  76  2  48  3  61  4  68  5  26  6  71  7  21  8  95  9  14
  0  19  1  66  2  74  3  79  4  94  5  67  6  68  7  3  8  5  9  32
  0  99  1  60  2  84  3  98  4  13  5  10  6  11  7  14  8  85  9  60
  0  89  1  56  2  73  3  76  4  84  5  85  6  77  7  30  8  22  9  27
  0  71  1  4  2  69  3  10  4  20  5  85  6  1  7  22  8  68  9  32
  0  71  1  59  2  16  3  91  4  86  5  75  6  68  7  89  8  22  9  54
  0  45  1  39  2  30  3  75  4  92  5  29  6  56  7  35  8  26  9  88
  0  27  1  34  2  96  3  43  4  96  5  71  6  51  7  5  8  71  9  78
  0  53  1  63  2  33  3  96  4  62  5  71  6  29  7  81  8  88  9  39
  0  23  1  78  2  91  3  81  4  2  5  18  6  70  7  92  8  88  9  12
  0  60  1  18  2  11  3  53  4  60  5  69  6  22  7  54  8  26  9  5
  0  76  1  68  2  17  3  51  4  1  5  87  6  89  7  51  8  14  9  9
  0  56  1  66  2  1  3  8  4  64  5  64  6  24  7  67  8  68  9  69
  0  29  1  50  2  89  3  56  4  1  5  3  6  91  7  15  8  47  9  46
  0  13  1  22  2  37  3  80  4  41  5  94  6  12  7  7  8  18  9  4
  0  43  1  53  2  96  3  76  4  19  5  44  6  15  7  33  8  67  9  68
  0  40  1  8  2  54  3  18  4  88  5  62  6  23  7  9  8  59  9  7
  0  46  1  15  2  96  3  63  4  23  5  61  6  97  7  40  8  30  9  63
  0  26  1  22  2  20  3  20  4  70  5  71  6  17  7  74  8  9  9  6
  0  55  1  21  2  25  3  98  4  67  5  15  6  95  7  13  8  8  9  5
  0  68  1  69  2  74  3  14  4  74  5  5  6  58  7  15  8  47  9  78
  0  48  1  99  2  59  3  20  4  49  5  22  6  80  7  46  8  11  9  66
TPM
  0  1591  1  1591  2  1591  3  1591  4  1591  5  1591  6  1591  7  1591  8  1591  9  1591
PMT
  0  14  1  34  2  30  3  41  4  27  5  41  6  48  7  37  8  6  9  4
  0  43  1  17  2  34  3  10  4  30  5  38  6  29  7  47  8  9  9  3
  0  20  1  22  2  40  3  44  4  14  5  16  6  19  7  39  8  34  9  46
  0  46  1  35  2  31  3  40  4  5  5  36  6  24  7  21  8  49  9  30
  0  3  1  32  2  45  3  22  4  21  5  36  6  5  7  12  8  37  9  25
  0  15  1  26  2  7  3  10  4  37  5  20  6  3  7  6  8  46  9  11
  0  6  1  47  2  16  3  12  4  12  5  35  6  40  7  30  8  6  9  3
  0  27  1  37  2  2  3  13  4  27  5  46  6  7  7  18  8  3  9  26
  0  32  1  31  2  35  3  16  4  48  5  16  6  49  7  44  8  14  9  16
  0  14  1  42  2  16  3  19  4  38  5  20  6  17  7  16  8  2  9  41
  0  23  1  24  2  37  3  23  4  3  5  24  6  7  7  23  8  24  9  8
  0  3  1  23  2  40  3  42  4  35  5  41  6  3  7  25  8  25  9  7
  0  49  1  45  2  24  3  7  4  41  5  47  6  23  7  11  8  13  9  20
