50  15
  0  54  1  26  2  87  3  7  4  38  5  52  6  46  7  52  8  30  9  5  10  48  11  77  12  40  13  17  14  45
  0  93  1  79  2  97  3  26  4  87  5  64  6  4  7  33  8  89  9  14  10  71  11  4  12  80  13  72  14  62
  0  43  1  43  2  14  3  45  4  44  5  61  6  25  7  37  8  11  9  21  10  63  11  57  12  49  13  71  14  41
  0  76  1  33  2  45  3  87  4  67  5  64  6  44  7  69  8  78  9  76  10  56  11  4  12  94  13  50  14  34
  0  62  1  62  2  53  3  68  4  71  5  77  6  5  7  38  8  54  9  75  10  43  11  2  12  53  13  72  14  40
  0  90  1  54  2  32  3  79  4  91  5  78  6  78  7  22  8  43  9  33  10  72  11  87  12  84  13  16  14  1
  0  60  1  23  2  29  3  74  4  77  5  15  6  50  7  32  8  58  9  76  10  50  11  72  12  96  13  62  14  70
  0  81  1  13  2  89  3  89  4  26  5  39  6  86  7  54  8  22  9  81  10  93  11  40  12  9  13  5  14  50
  0  70  1  75  2  95  3  47  4  21  5  35  6  28  7  18  8  76  9  28  10  34  11  6  12  13  13  13  14  43
  0  37  1  33  2  73  3  51  4  67  5  86  6  34  7  26  8  3  9  16  10  92  11  68  12  1  13  54  14  87
  0  79  1  2  2  38  3  62  4  9  5  56  6  16  7  10  8  76  9  37  10  78  11  91  12  99  13  57  14  17
  0  67  1  65  2  35  3  15  4  95  5  27  6  71  7  8  8  66  9  25  10  34  11  68  12  97  13  44  14  66
  0  15  1  95  2  77  3  55  4  42  5  61  6  40  7  42  8  15  9  1  10  63  11  49  12  84  13  56  14  64
  0  51  1  17  2  87  3  62  4  31  5  39  6  52  7  1  8  90  9  45  10  64  11  78  12  93  13  15  14  48
  0  11  1  84  2  39  3  2  4  78  5  97  6  57  7  31  8  21  9  44  10  48  11  39  12  89  13  54  14  26
  0  63  1  71  2  7  3  41  4  9  5  44  6  75  7  79  8  5  9  21  10  61  11  15  12  1  13  96  14  15
  0  62  1  66  2  9  3  47  4  18  5  57  6  77  7  87  8  8  9  88  10  69  11  45  12  70  13  91  14  21
  0  70  1  36  2  64  3  8  4  39  5  95  6  47  7  39  8  83  9  63  10  75  11  28  12  64  13  63  14  84
  0  52  1  51  2  20  3  78  4  19  5  40  6  23  7  95  8  81  9  52  10  72  11  8  12  94  13  73  14  64
  0  56  1  89  2  38  3  47  4  14  5  98  6  55  7  64  8  5  9  86  10  44  11  68  12  41  13  49  14  28
  0  58  1  54  2  84  3  79  4  97  5  23  6  58  7  46  8  98  9  34  10  13  11  89  12  79  13  20  14  93
  0  6  1  38  2  65  3  88  4  16  5  95  6  79  7  5  8  60  9  6  10  64  11  40  12  17  13  25  14  38
  0  1  1  23  2  97  3  83  4  92  5  92  6  6  7  43  8  85  9  41  10  67  11  72  12  8  13  69  14  9
  0  15  1  52  2  58  3  28  4  81  5  76  6  83  7  19  8  33  9  31  10  54  11  55  12  92  13  67  14  29
  0  14  1  59  2  88  3  66  4  6  5  77  6  44  7  6  8  57  9  90  10  97  11  98  12  29  13  92  14  18
  0  30  1  93  2  41  3  47  4  98  5  94  6  4  7  75  8  41  9  56  10  55  11  17  12  31  13  26  14  38
  0  53  1  80  2  68  3  57  4  9  5  22  6  33  7  75  8  66  9  54  10  66  11  26  12  32  13  84  14  58
  0  61  1  6  2  80  3  17  4  3  5  42  6  36  7  28  8  60  9  73  10  11  11  45  12  35  13  44  14  82
  0  6  1  32  2  91  3  40  4  72  5  40  6  45  7  95  8  54  9  47  10  55  11  94  12  50  13  15  14  61
  0  62  1  8  2  26  3  50  4  1  5  14  6  64  7  90  8  25  9  42  10  15  11  20  12  32  13  31  14  68
  0  33  1  92  2  60  3  90  4  93  5  48  6  61  7  76  8  69  9  41  10  74  11  97  12  67  13  3  14  25
  0  35  1  1  2  91  3  6  4  17  5  44  6  39  7  70  8  47  9  35  10  68  11  79  12  61  13  31  14  66
  0  54  1  60  2  40  3  44  4  31  5  10  6  84  7  14  8  24  9  89  10  46  11  58  12  23  13  64  14  24
  0  74  1  11  2  67  3  4  4  24  5  58  6  49  7  94  8  18  9  26  10  28  11  9  12  11  13  7  14  30
  0  83  1  94  2  60  3  23  4  65  5  12  6  38  7  69  8  2  9  19  10  98  11  63  12  24  13  89  14  57
  0  16  1  12  2  27  3  29  4  5  5  63  6  10  7  46  8  19  9  21  10  27  11  70  12  45  13  31  14  44
  0  20  1  80  2  22  3  20  4  97  5  74  6  44  7  67  8  75  9  34  10  98  11  12  12  75  13  39  14  45
  0  25  1  58  2  55  3  80  4  96  5  99  6  44  7  9  8  92  9  29  10  6  11  58  12  26  13  44  14  93
  0  12  1  5  2  40  3  8  4  52  5  64  6  12  7  45  8  53  9  77  10  15  11  48  12  42  13  16  14  97
  0  13  1  39  2  97  3  37  4  17  5  44  6  40  7  48  8  93  9  13  10  12  11  41  12  70  13  55  14  47
  0  41  1  24  2  50  3  75  4  15  5  37  6  46  7  68  8  54  9  67  10  7  11  5  12  5  13  42  14  12
  0  20  1  58  2  43  3  23  4  88  5  29  6  69  7  80  8  36  9  99  10  67  11  82  12  2  13  93  14  60
  0  75  1  90  2  5  3  47  4  34  5  83  6  18  7  29  8  39  9  96  10  74  11  87  12  59  13  7  14  70
  0  25  1  4  2  87  3  3  4  42  5  5  6  23  7  97  8  15  9  31  10  82  11  81  12  86  13  68  14  93
  0  74  1  2  2  94  3  30  4  32  5  31  6  41  7  2  8  52  9  76  10  28  11  31  12  27  13  55  14  3
  0  35  1  12  2  92  3  27  4  49  5  27  6  82  7  81  8  69  9  31  10  85  11  4  12  97  13  21  14  82
  0  57  1  13  2  49  3  6  4  5  5  6  6  70  7  1  8  37  9  47  10  43  11  3  12  78  13  76  14  65
  0  29  1  71  2  40  3  8  4  22  5  3  6  9  7  81  8  94  9  38  10  45  11  46  12  48  13  66  14  19
  0  49  1  91  2  75  3  79  4  58  5  66  6  9  7  32  8  19  9  41  10  76  11  83  12  46  13  67  14  16
  0  54  1  44  2  76  3  35  4  63  5  14  6  73  7  69  8  37  9  65  10  64  11  50  12  11  13  84  14  3
TPM
  0  813  1  813  2  813  3  813  4  813  5  813  6  813  7  813  8  813  9  813  10  813  11  813  12  813  13  813  14  813
PMT
  0  41  1  5  2  72  3  46  4  67  5  7  6  16  7  44  8  21  9  66  10  21  11  69  12  4  13  15  14  30
  0  45  1  25  2  8  3  17  4  53  5  3  6  33  7  44  8  66  9  58  10  57  11  22  12  28  13  60  14  53
  0  12  1  60  2  50  3  28  4  73  5  32  6  3  7  11  8  22  9  32  10  71  11  23  12  1  13  41  14  40
  0  8  1  26  2  4  3  63  4  7  5  44  6  72  7  20  8  12  9  38  10  69  11  69  12  32  13  58  14  14
  0  61  1  60  2  27  3  35  4  49  5  11  6  65  7  74  8  46  9  1  10  41  11  46  12  42  13  61  14  68
  0  63  1  35  2  40  3  47  4  44  5  67  6  25  7  10  8  32  9  69  10  7  11  56  12  71  13  70  14  13
  0  48  1  49  2  73  3  26  4  48  5  1  6  57  7  40  8  1  9  74  10  34  11  54  12  35  13  28  14  55
