100  15
  0  35  1  49  2  39  3  86  4  26  5  5  6  65  7  44  8  50  9  77  10  94  11  7  12  43  13  27  14  85
  0  89  1  61  2  30  3  13  4  41  5  29  6  22  7  8  8  99  9  96  10  93  11  34  12  8  13  70  14  3
  0  9  1  63  2  68  3  60  4  6  5  71  6  10  7  88  8  96  9  14  10  69  11  58  12  27  13  54  14  27
  0  57  1  27  2  44  3  6  4  56  5  97  6  94  7  84  8  60  9  35  10  43  11  4  12  60  13  74  14  17
  0  34  1  39  2  68  3  69  4  56  5  84  6  32  7  52  8  68  9  10  10  25  11  48  12  38  13  2  14  36
  0  72  1  41  2  29  3  6  4  12  5  73  6  83  7  10  8  73  9  29  10  50  11  61  12  57  13  57  14  14
  0  26  1  71  2  66  3  53  4  56  5  48  6  34  7  85  8  84  9  46  10  22  11  54  12  29  13  36  14  35
  0  79  1  10  2  6  3  42  4  6  5  69  6  26  7  70  8  27  9  53  10  85  11  40  12  67  13  92  14  59
  0  78  1  48  2  93  3  79  4  56  5  66  6  24  7  37  8  26  9  74  10  54  11  2  12  55  13  32  14  91
  0  73  1  73  2  57  3  19  4  78  5  97  6  19  7  20  8  79  9  90  10  43  11  57  12  71  13  59  14  5
  0  35  1  73  2  27  3  50  4  57  5  36  6  3  7  71  8  73  9  32  10  47  11  10  12  60  13  3  14  15
  0  72  1  95  2  63  3  10  4  95  5  6  6  2  7  92  8  72  9  9  10  20  11  16  12  37  13  80  14  6
  0  91  1  76  2  98  3  32  4  3  5  6  6  75  7  15  8  22  9  32  10  56  11  85  12  98  13  90  14  49
  0  62  1  14  2  25  3  25  4  17  5  37  6  53  7  91  8  66  9  23  10  40  11  41  12  54  13  21  14  57
  0  6  1  94  2  6  3  17  4  93  5  75  6  43  7  92  8  82  9  74  10  44  11  82  12  78  13  8  14  74
  0  65  1  91  2  30  3  29  4  58  5  66  6  53  7  89  8  79  9  74  10  47  11  99  12  63  13  70  14  48
  0  65  1  99  2  43  3  76  4  35  5  81  6  32  7  52  8  27  9  86  10  87  11  57  12  11  13  24  14  95
  0  69  1  53  2  25  3  87  4  84  5  2  6  64  7  8  8  99  9  37  10  24  11  28  12  3  13  49  14  58
  0  6  1  24  2  99  3  3  4  31  5  23  6  79  7  46  8  27  9  18  10  69  11  57  12  80  13  85  14  80
  0  33  1  16  2  95  3  7  4  9  5  60  6  41  7  35  8  51  9  38  10  90  11  91  12  28  13  3  14  72
  0  10  1  8  2  4  3  62  4  65  5  52  6  32  7  41  8  97  9  5  10  94  11  35  12  28  13  70  14  23
  0  67  1  24  2  52  3  98  4  70  5  93  6  97  7  64  8  45  9  98  10  51  11  50  12  68  13  4  14  30
  0  26  1  79  2  35  3  66  4  76  5  1  6  88  7  79  8  36  9  66  10  17  11  74  12  51  13  76  14  94
  0  85  1  56  2  91  3  26  4  97  5  54  6  36  7  62  8  21  9  75  10  75  11  24  12  15  13  35  14  83
  0  62  1  63  2  2  3  30  4  92  5  60  6  84  7  35  8  88  9  58  10  59  11  69  12  27  13  90  14  16
  0  20  1  5  2  59  3  96  4  32  5  87  6  53  7  46  8  93  9  49  10  52  11  99  12  43  13  10  14  14
  0  86  1  93  2  95  3  56  4  10  5  14  6  64  7  82  8  41  9  20  10  71  11  12  12  45  13  55  14  80
  0  11  1  7  2  54  3  31  4  43  5  39  6  42  7  21  8  75  9  86  10  99  11  80  12  10  13  69  14  94
  0  15  1  40  2  1  3  65  4  70  5  33  6  7  7  1  8  45  9  1  10  11  11  67  12  34  13  6  14  64
  0  57  1  96  2  11  3  47  4  72  5  84  6  82  7  52  8  60  9  55  10  88  11  43  12  70  13  72  14  58
  0  40  1  7  2  65  3  4  4  75  5  72  6  93  7  12  8  26  9  46  10  45  11  49  12  12  13  45  14  59
  0  51  1  12  2  47  3  57  4  87  5  59  6  78  7  16  8  21  9  83  10  8  11  31  12  89  13  33  14  78
  0  28  1  6  2  98  3  89  4  50  5  39  6  10  7  95  8  10  9  9  10  78  11  86  12  88  13  34  14  10
  0  82  1  22  2  6  3  12  4  24  5  7  6  60  7  68  8  82  9  17  10  93  11  56  12  87  13  4  14  44
  0  23  1  56  2  42  3  9  4  54  5  86  6  21  7  97  8  3  9  26  10  5  11  32  12  49  13  44  14  12
  0  33  1  25  2  62  3  86  4  72  5  12  6  25  7  57  8  64  9  99  10  4  11  15  12  34  13  70  14  87
  0  44  1  89  2  35  3  91  4  96  5  66  6  46  7  72  8  96  9  53  10  57  11  58  12  1  13  87  14  3
  0  19  1  68  2  91  3  30  4  30  5  3  6  97  7  89  8  15  9  81  10  59  11  80  12  66  13  78  14  70
  0  2  1  75  2  35  3  31  4  40  5  32  6  63  7  24  8  38  9  57  10  57  11  97  12  76  13  99  14  61
  0  75  1  78  2  98  3  22  4  27  5  45  6  84  7  13  8  75  9  47  10  95  11  18  12  22  13  42  14  5
  0  14  1  25  2  3  3  5  4  75  5  48  6  62  7  81  8  3  9  72  10  21  11  82  12  49  13  45  14  65
  0  62  1  87  2  91  3  91  4  51  5  55  6  27  7  46  8  85  9  46  10  43  11  13  12  98  13  69  14  53
  0  14  1  62  2  68  3  16  4  4  5  9  6  77  7  86  8  76  9  3  10  64  11  47  12  12  13  22  14  79
  0  30  1  31  2  67  3  21  4  27  5  35  6  28  7  60  8  49  9  58  10  48  11  23  12  85  13  43  14  91
  0  2  1  70  2  28  3  86  4  27  5  58  6  11  7  7  8  65  9  64  10  9  11  17  12  86  13  30  14  55
  0  82  1  24  2  6  3  80  4  42  5  39  6  68  7  79  8  62  9  45  10  21  11  58  12  48  13  52  14  32
  0  20  1  71  2  45  3  14  4  20  5  36  6  15  7  59  8  6  9  97  10  81  11  70  12  38  13  99  14  97
  0  47  1  21  2  5  3  18  4  46  5  25  6  23  7  63  8  96  9  69  10  72  11  33  12  41  13  76  14  16
  0  29  1  54  2  52  3  70  4  93  5  42  6  23  7  76  8  93  9  25  10  49  11  66  12  78  13  62  14  93
  0  89  1  16  2  71  3  7  4  62  5  64  6  48  7  75  8  55  9  50  10  89  11  27  12  56  13  60  14  77
  0  92  1  41  2  41  3  74  4  74  5  52  6  7  7  36  8  76  9  78  10  66  11  54  12  75  13  78  14  26
  0  69  1  56  2  79  3  44  4  19  5  35  6  58  7  28  8  25  9  44  10  89  11  97  12  20  13  53  14  98
  0  76  1  70  2  38  3  73  4  64  5  56  6  49  7  14  8  7  9  95  10  18  11  26  12  74  13  42  14  97
  0  82  1  5  2  90  3  59  4  21  5  80  6  53  7  57  8  34  9  39  10  12  11  46  12  86  13  41  14  53
  0  22  1  63  2  45  3  28  4  97  5  16  6  62  7  10  8  66  9  85  10  79  11  41  12  87  13  5  14  98
  0  78  1  4  2  11  3  13  4  94  5  86  6  22  7  8  8  80  9  49  10  58  11  89  12  66  13  97  14  13
  0  55  1  55  2  85  3  99  4  47  5  30  6  5  7  33  8  88  9  91  10  38  11  30  12  76  13  13  14  27
  0  13  1  59  2  50  3  60  4  77  5  58  6  22  7  74  8  51  9  97  10  56  11  15  12  37  13  39  14  62
  0  15  1  44  2  54  3  81  4  72  5  37  6  72  7  27  8  48  9  46  10  87  11  1  12  8  13  42  14  13
  0  73  1  80  2  54  3  14  4  36  5  9  6  80  7  68  8  83  9  10  10  33  11  15  12  77  13  84  14  6
  0  9  1  97  2  19  3  64  4  91  5  86  6  89  7  90  8  29  9  37  10  65  11  33  12  88  13  84  14  44
  0  50  1  65  2  3  3  92  4  41  5  61  6  14  7  67  8  99  9  79  10  57  11  33  12  50  13  9  14  87
  0  14  1  34  2  84  3  88  4  28  5  63  6  60  7  21  8  17  9  56  10  36  11  53  12  45  13  31  14  14
  0  35  1  40  2  16  3  79  4  4  5  9  6  92  7  37  8  54  9  31  10  97  11  46  12  95  13  34  14  43
  0  21  1  76  2  85  3  26  4  16  5  71  6  66  7  40  8  90  9  26  10  14  11  14  12  30  13  34  14  30
  0  35  1  73  2  87  3  18  4  33  5  60  6  98  7  78  8  37  9  18  10  25  11  72  12  21  13  33  14  19
  0  54  1  11  2  80  3  79  4  10  5  16  6  17  7  4  8  57  9  2  10  54  11  43  12  15  13  26  14  59
  0  13  1  13  2  95  3  65  4  25  5  26  6  28  7  78  8  29  9  50  10  10  11  19  12  87  13  39  14  97
  0  22  1  18  2  88  3  8  4  5  5  74  6  22  7  71  8  66  9  63  10  27  11  61  12  59  13  7  14  31
  0  36  1  85  2  89  3  38  4  25  5  77  6  74  7  37  8  60  9  71  10  58  11  75  12  53  13  92  14  99
  0  56  1  40  2  8  3  55  4  81  5  50  6  3  7  86  8  85  9  93  10  5  11  48  12  1  13  43  14  54
  0  46  1  52  2  74  3  86  4  35  5  2  6  89  7  87  8  9  9  54  10  22  11  36  12  69  13  8  14  20
  0  34  1  15  2  25  3  41  4  99  5  61  6  31  7  10  8  70  9  87  10  90  11  17  12  39  13  76  14  8
  0  75  1  28  2  87  3  41  4  49  5  52  6  93  7  50  8  15  9  62  10  45  11  3  12  38  13  36  14  64
  0  1  1  68  2  74  3  79  4  23  5  79  6  19  7  40  8  83  9  14  10  92  11  92  12  51  13  7  14  40
  0  86  1  77  2  96  3  6  4  52  5  39  6  56  7  88  8  76  9  85  10  86  11  55  12  48  13  39  14  67
  0  99  1  69  2  10  3  65  4  84  5  38  6  5  7  15  8  5  9  63  10  41  11  52  12  45  13  62  14  10
  0  63  1  41  2  37  3  43  4  53  5  54  6  55  7  65  8  70  9  14  10  66  11  56  12  43  13  11  14  27
  0  42  1  1  2  17  3  26  4  92  5  84  6  75  7  29  8  2  9  88  10  7  11  73  12  53  13  69  14  91
  0  3  1  37  2  19  3  41  4  7  5  37  6  97  7  77  8  8  9  14  10  51  11  62  12  16  13  65  14  86
  0  64  1  33  2  19  3  61  4  43  5  1  6  9  7  10  8  95  9  85  10  21  11  27  12  90  13  83  14  25
  0  67  1  84  2  65  3  27  4  38  5  3  6  96  7  93  8  90  9  20  10  18  11  54  12  40  13  80  14  48
  0  66  1  71  2  36  3  68  4  5  5  5  6  98  7  75  8  19  9  29  10  34  11  39  12  47  13  38  14  36
  0  77  1  10  2  9  3  66  4  48  5  2  6  19  7  52  8  25  9  49  10  3  11  64  12  86  13  34  14  62
  0  29  1  57  2  64  3  14  4  37  5  75  6  59  7  21  8  66  9  58  10  83  11  43  12  18  13  13  14  41
  0  14  1  35  2  9  3  15  4  11  5  66  6  92  7  10  8  91  9  78  10  33  11  42  12  10  13  32  14  11
  0  78  1  26  2  83  3  8  4  18  5  85  6  70  7  44  8  68  9  32  10  94  11  71  12  67  13  55  14  14
  0  27  1  39  2  28  3  95  4  2  5  97  6  51  7  7  8  86  9  27  10  21  11  38  12  79  13  12  14  96
  0  85  1  83  2  87  3  20  4  33  5  33  6  35  7  18  8  23  9  12  10  47  11  91  12  93  13  62  14  36
  0  80  1  28  2  96  3  56  4  37  5  39  6  51  7  66  8  63  9  95  10  63  11  55  12  1  13  49  14  47
  0  99  1  56  2  24  3  92  4  39  5  19  6  82  7  37  8  75  9  98  10  74  11  57  12  35  13  89  14  41
  0  96  1  56  2  40  3  3  4  32  5  83  6  80  7  1  8  20  9  83  10  40  11  31  12  99  13  22  14  61
  0  94  1  35  2  47  3  88  4  85  5  22  6  85  7  77  8  47  9  95  10  50  11  74  12  93  13  6  14  98
  0  45  1  74  2  60  3  95  4  63  5  24  6  40  7  85  8  80  9  31  10  45  11  61  12  30  13  99  14  20
  0  83  1  65  2  21  3  65  4  98  5  3  6  50  7  50  8  57  9  36  10  60  11  54  12  24  13  47  14  35
  0  30  1  30  2  11  3  98  4  59  5  24  6  87  7  14  8  22  9  8  10  42  11  91  12  31  13  63  14  43
  0  78  1  92  2  19  3  6  4  38  5  80  6  1  7  13  8  34  9  50  10  62  11  15  12  67  13  27  14  11
  0  81  1  45  2  46  3  50  4  73  5  81  6  21  7  14  8  56  9  34  10  72  11  69  12  55  13  61  14  53
  0  5  1  43  2  33  3  32  4  38  5  11  6  22  7  42  8  99  9  44  10  93  11  90  12  83  13  19  14  26
  0  1  1  77  2  93  3  60  4  15  5  6  6  52  7  54  8  92  9  37  10  23  11  85  12  85  13  67  14  88
TPM
  0  1131  1  1131  2  1131  3  1131  4  1131  5  1131  6  1131  7  1131  8  1131  9  1131  10  1131  11  1131  12  1131  13  1131  14  1131
PMT
  0  48  1  87  2  81  3  80  4  25  5  146  6  113  7  63  8  18  9  46  10  67  11  41  12  37  13  57  14  119
  0  54  1  19  2  47  3  63  4  95  5  4  6  66  7  102  8  148  9  22  10  61  11  104  12  72  13  13  14  71
  0  111  1  144  2  14  3  92  4  43  5  84  6  110  7  141  8  137  9  135  10  15  11  76  12  129  13  4  14  93
  0  76  1  133  2  52  3  21  4  67  5  109  6  38  7  128  8  129  9  56  10  145  11  31  12  81  13  129  14  1
  0  121  1  61  2  62  3  23  4  19  5  75  6  149  7  135  8  55  9  108  10  111  11  125  12  125  13  38  14  114
  0  25  1  117  2  126  3  36  4  104  5  46  6  57  7  138  8  106  9  18  10  58  11  60  12  97  13  146  14  60
  0  99  1  83  2  34  3  64  4  141  5  97  6  114  7  121  8  133  9  78  10  40  11  39  12  57  13  118  14  96
  0  143  1  102  2  37  3  129  4  133  5  110  6  112  7  120  8  117  9  109  10  79  11  107  12  66  13  42  14  78
  0  50  1  41  2  130  3  146  4  132  5  41  6  53  7  70  8  71  9  121  10  104  11  144  12  82  13  144  14  35
