200  10
  0  64  1  91  2  11  3  94  4  7  5  80  6  17  7  52  8  20  9  94
  0  73  1  87  2  30  3  24  4  40  5  55  6  37  7  78  8  26  9  90
  0  99  1  17  2  62  3  58  4  89  5  38  6  51  7  89  8  7  9  11
  0  89  1  91  2  30  3  41  4  62  5  25  6  39  7  84  8  67  9  89
  0  59  1  45  2  97  3  70  4  93  5  37  6  6  7  15  8  46  9  95
  0  24  1  55  2  56  3  49  4  10  5  9  6  1  7  9  8  46  9  99
  0  25  1  29  2  17  3  85  4  10  5  37  6  24  7  3  8  97  9  48
  0  40  1  44  2  23  3  12  4  90  5  42  6  18  7  45  8  20  9  18
  0  2  1  65  2  84  3  19  4  67  5  17  6  76  7  59  8  17  9  46
  0  78  1  29  2  24  3  95  4  77  5  45  6  9  7  97  8  25  9  58
  0  71  1  97  2  99  3  25  4  1  5  35  6  1  7  27  8  67  9  63
  0  9  1  91  2  66  3  91  4  60  5  42  6  63  7  68  8  41  9  86
  0  61  1  51  2  94  3  6  4  89  5  24  6  86  7  37  8  99  9  61
  0  94  1  31  2  86  3  53  4  85  5  28  6  98  7  30  8  27  9  9
  0  96  1  57  2  28  3  92  4  69  5  97  6  9  7  91  8  17  9  47
  0  57  1  49  2  70  3  96  4  94  5  19  6  97  7  75  8  87  9  61
  0  15  1  86  2  64  3  65  4  9  5  32  6  18  7  28  8  34  9  77
  0  19  1  29  2  51  3  34  4  57  5  12  6  99  7  28  8  86  9  41
  0  37  1  92  2  57  3  91  4  94  5  25  6  32  7  13  8  11  9  56
  0  50  1  48  2  52  3  52  4  67  5  16  6  42  7  43  8  89  9  84
  0  42  1  31  2  79  3  87  4  64  5  48  6  3  7  73  8  14  9  45
  0  53  1  72  2  73  3  38  4  47  5  38  6  1  7  50  8  9  9  90
  0  82  1  19  2  67  3  63  4  76  5  59  6  40  7  42  8  32  9  94
  0  71  1  39  2  68  3  14  4  63  5  41  6  58  7  99  8  1  9  33
  0  31  1  36  2  68  3  76  4  15  5  13  6  12  7  97  8  66  9  55
  0  78  1  14  2  54  3  60  4  63  5  5  6  11  7  25  8  17  9  15
  0  60  1  88  2  12  3  17  4  75  5  20  6  74  7  4  8  44  9  31
  0  10  1  79  2  35  3  4  4  94  5  52  6  88  7  41  8  12  9  61
  0  85  1  92  2  49  3  99  4  57  5  21  6  85  7  4  8  49  9  91
  0  36  1  10  2  49  3  23  4  34  5  25  6  37  7  13  8  71  9  49
  0  22  1  34  2  18  3  37  4  72  5  74  6  94  7  4  8  61  9  44
  0  84  1  3  2  65  3  88  4  77  5  27  6  11  7  89  8  10  9  23
  0  43  1  19  2  37  3  12  4  59  5  88  6  39  7  54  8  43  9  26
  0  62  1  7  2  81  3  43  4  37  5  57  6  56  7  93  8  36  9  45
  0  38  1  35  2  44  3  78  4  27  5  37  6  73  7  28  8  25  9  99
  0  38  1  58  2  13  3  87  4  62  5  15  6  91  7  74  8  4  9  77
  0  97  1  65  2  7  3  64  4  3  5  39  6  9  7  31  8  61  9  27
  0  82  1  98  2  63  3  27  4  80  5  29  6  7  7  2  8  97  9  95
  0  96  1  29  2  97  3  40  4  42  5  97  6  52  7  17  8  84  9  64
  0  82  1  51  2  18  3  5  4  17  5  69  6  51  7  47  8  98  9  76
  0  28  1  61  2  5  3  92  4  21  5  25  6  61  7  76  8  53  9  18
  0  62  1  79  2  15  3  99  4  44  5  28  6  75  7  72  8  52  9  28
  0  16  1  35  2  4  3  15  4  35  5  89  6  55  7  25  8  85  9  39
  0  1  1  47  2  59  3  2  4  72  5  65  6  34  7  29  8  29  9  26
  0  31  1  90  2  32  3  87  4  54  5  82  6  59  7  19  8  24  9  51
  0  8  1  62  2  5  3  62  4  76  5  87  6  94  7  35  8  38  9  93
  0  50  1  31  2  34  3  31  4  23  5  75  6  56  7  59  8  64  9  37
  0  5  1  65  2  16  3  96  4  22  5  85  6  81  7  89  8  50  9  40
  0  64  1  97  2  66  3  45  4  5  5  15  6  82  7  76  8  57  9  28
  0  31  1  93  2  80  3  84  4  44  5  44  6  52  7  31  8  29  9  30
  0  13  1  40  2  84  3  65  4  2  5  80  6  99  7  97  8  49  9  82
  0  52  1  50  2  34  3  93  4  75  5  9  6  14  7  56  8  83  9  67
  0  95  1  24  2  51  3  2  4  1  5  8  6  6  7  40  8  42  9  34
  0  66  1  35  2  19  3  26  4  42  5  79  6  92  7  60  8  84  9  3
  0  3  1  64  2  26  3  43  4  36  5  42  6  87  7  89  8  65  9  47
  0  14  1  30  2  97  3  48  4  69  5  55  6  23  7  52  8  17  9  3
  0  52  1  73  2  43  3  45  4  62  5  76  6  28  7  45  8  9  9  20
  0  45  1  42  2  72  3  85  4  59  5  46  6  39  7  65  8  52  9  38
  0  33  1  42  2  87  3  19  4  64  5  98  6  7  7  45  8  50  9  15
  0  4  1  50  2  7  3  56  4  39  5  36  6  60  7  69  8  66  9  80
  0  84  1  19  2  5  3  12  4  82  5  42  6  66  7  16  8  71  9  6
  0  26  1  8  2  29  3  92  4  95  5  67  6  14  7  43  8  35  9  23
  0  72  1  40  2  20  3  32  4  95  5  12  6  31  7  90  8  70  9  78
  0  61  1  88  2  67  3  82  4  36  5  65  6  41  7  73  8  87  9  45
  0  31  1  28  2  60  3  60  4  5  5  43  6  2  7  96  8  74  9  17
  0  78  1  97  2  70  3  15  4  42  5  30  6  68  7  87  8  2  9  1
  0  88  1  71  2  93  3  54  4  20  5  10  6  64  7  17  8  49  9  66
  0  91  1  57  2  76  3  17  4  15  5  68  6  52  7  35  8  50  9  6
  0  90  1  29  2  14  3  34  4  14  5  74  6  78  7  62  8  44  9  54
  0  32  1  66  2  50  3  12  4  17  5  44  6  18  7  67  8  65  9  36
  0  95  1  52  2  71  3  11  4  29  5  73  6  46  7  10  8  99  9  5
  0  60  1  79  2  21  3  57  4  67  5  58  6  61  7  96  8  60  9  75
  0  1  1  99  2  8  3  95  4  29  5  60  6  65  7  10  8  51  9  93
  0  69  1  51  2  58  3  8  4  48  5  95  6  79  7  26  8  15  9  70
  0  17  1  84  2  27  3  85  4  36  5  49  6  18  7  50  8  58  9  6
  0  46  1  51  2  83  3  34  4  13  5  2  6  40  7  69  8  47  9  84
  0  24  1  96  2  53  3  47  4  3  5  54  6  67  7  33  8  76  9  16
  0  81  1  44  2  12  3  1  4  24  5  73  6  24  7  25  8  97  9  51
  0  43  1  72  2  21  3  5  4  2  5  87  6  35  7  10  8  34  9  88
  0  49  1  83  2  54  3  56  4  50  5  67  6  86  7  58  8  4  9  79
  0  36  1  10  2  10  3  34  4  31  5  76  6  99  7  74  8  83  9  71
  0  86  1  58  2  40  3  10  4  97  5  82  6  28  7  10  8  63  9  49
  0  3  1  64  2  33  3  7  4  75  5  21  6  43  7  16  8  54  9  35
  0  58  1  24  2  39  3  93  4  63  5  49  6  61  7  28  8  79  9  6
  0  30  1  49  2  19  3  28  4  64  5  78  6  14  7  64  8  96  9  71
  0  86  1  59  2  77  3  36  4  38  5  35  6  32  7  10  8  65  9  49
  0  39  1  39  2  56  3  86  4  29  5  72  6  9  7  6  8  27  9  69
  0  66  1  64  2  91  3  87  4  79  5  71  6  20  7  85  8  35  9  62
  0  11  1  63  2  98  3  85  4  28  5  40  6  78  7  34  8  86  9  14
  0  3  1  86  2  65  3  76  4  51  5  22  6  12  7  71  8  13  9  31
  0  91  1  9  2  38  3  31  4  11  5  86  6  7  7  60  8  98  9  80
  0  52  1  23  2  35  3  97  4  91  5  83  6  61  7  6  8  48  9  51
  0  13  1  90  2  93  3  1  4  45  5  93  6  24  7  18  8  61  9  38
  0  46  1  57  2  59  3  49  4  50  5  70  6  44  7  16  8  86  9  25
  0  81  1  59  2  84  3  24  4  96  5  4  6  60  7  14  8  27  9  60
  0  14  1  16  2  98  3  72  4  26  5  27  6  78  7  85  8  80  9  92
  0  12  1  38  2  77  3  26  4  72  5  89  6  34  7  29  8  61  9  16
  0  60  1  50  2  41  3  64  4  76  5  76  6  89  7  36  8  1  9  48
  0  11  1  26  2  21  3  41  4  48  5  59  6  42  7  53  8  56  9  90
  0  53  1  98  2  64  3  60  4  80  5  85  6  12  7  24  8  98  9  36
  0  49  1  97  2  19  3  81  4  36  5  81  6  98  7  24  8  69  9  64
  0  13  1  62  2  39  3  18  4  92  5  23  6  76  7  22  8  32  9  30
  0  59  1  92  2  3  3  22  4  81  5  10  6  29  7  91  8  98  9  42
  0  29  1  4  2  4  3  42  4  6  5  21  6  16  7  42  8  49  9  43
  0  59  1  82  2  94  3  43  4  76  5  50  6  26  7  40  8  15  9  2
  0  42  1  63  2  54  3  23  4  14  5  80  6  92  7  15  8  97  9  11
  0  90  1  30  2  86  3  27  4  40  5  1  6  15  7  28  8  19  9  26
  0  53  1  44  2  43  3  3  4  47  5  83  6  28  7  28  8  94  9  54
  0  8  1  11  2  64  3  16  4  98  5  56  6  1  7  25  8  89  9  24
  0  64  1  13  2  88  3  65  4  9  5  83  6  83  7  95  8  91  9  22
  0  70  1  54  2  60  3  68  4  70  5  58  6  74  7  83  8  35  9  56
  0  52  1  10  2  15  3  30  4  49  5  10  6  40  7  12  8  1  9  40
  0  28  1  5  2  6  3  79  4  29  5  25  6  11  7  35  8  75  9  18
  0  35  1  77  2  88  3  94  4  49  5  92  6  53  7  2  8  79  9  54
  0  80  1  31  2  26  3  34  4  9  5  12  6  91  7  25  8  14  9  56
  0  81  1  40  2  28  3  45  4  4  5  97  6  87  7  80  8  84  9  24
  0  71  1  31  2  93  3  28  4  77  5  61  6  23  7  23  8  69  9  8
  0  68  1  10  2  85  3  48  4  19  5  35  6  76  7  79  8  44  9  99
  0  45  1  1  2  35  3  76  4  74  5  56  6  39  7  63  8  82  9  95
  0  96  1  77  2  39  3  67  4  68  5  65  6  32  7  12  8  13  9  2
  0  61  1  70  2  49  3  76  4  10  5  93  6  14  7  8  8  19  9  26
  0  8  1  28  2  46  3  99  4  79  5  31  6  15  7  64  8  95  9  80
  0  65  1  34  2  91  3  4  4  63  5  29  6  12  7  38  8  34  9  52
  0  76  1  2  2  32  3  3  4  31  5  86  6  54  7  53  8  67  9  27
  0  51  1  13  2  35  3  63  4  21  5  57  6  61  7  19  8  62  9  21
  0  57  1  59  2  33  3  51  4  90  5  94  6  39  7  90  8  27  9  54
  0  57  1  29  2  97  3  29  4  53  5  40  6  23  7  80  8  55  9  7
  0  14  1  50  2  3  3  74  4  31  5  17  6  61  7  19  8  51  9  86
  0  93  1  93  2  11  3  20  4  16  5  98  6  90  7  27  8  80  9  94
  0  70  1  78  2  62  3  38  4  85  5  23  6  58  7  38  8  38  9  5
  0  91  1  27  2  64  3  20  4  17  5  15  6  51  7  57  8  48  9  76
  0  49  1  15  2  49  3  75  4  45  5  88  6  87  7  25  8  66  9  55
  0  10  1  55  2  48  3  32  4  1  5  20  6  77  7  55  8  43  9  71
  0  90  1  17  2  79  3  85  4  7  5  58  6  50  7  8  8  5  9  11
  0  50  1  69  2  79  3  19  4  32  5  74  6  47  7  99  8  59  9  72
  0  68  1  22  2  68  3  56  4  20  5  96  6  12  7  59  8  37  9  32
  0  69  1  35  2  94  3  78  4  74  5  46  6  4  7  74  8  75  9  96
  0  49  1  61  2  29  3  78  4  94  5  43  6  13  7  23  8  11  9  96
  0  79  1  78  2  23  3  50  4  9  5  53  6  94  7  10  8  23  9  86
  0  55  1  90  2  64  3  45  4  67  5  63  6  71  7  71  8  95  9  56
  0  76  1  98  2  97  3  51  4  31  5  33  6  72  7  68  8  23  9  70
  0  26  1  29  2  38  3  76  4  35  5  44  6  98  7  70  8  35  9  67
  0  52  1  76  2  47  3  99  4  17  5  38  6  27  7  49  8  3  9  15
  0  99  1  76  2  54  3  95  4  11  5  81  6  93  7  6  8  19  9  5
  0  59  1  88  2  88  3  55  4  64  5  94  6  83  7  94  8  20  9  4
  0  53  1  25  2  8  3  52  4  57  5  64  6  81  7  71  8  94  9  23
  0  42  1  30  2  11  3  90  4  21  5  46  6  4  7  9  8  43  9  16
  0  63  1  96  2  83  3  69  4  93  5  41  6  24  7  58  8  27  9  72
  0  67  1  17  2  15  3  91  4  83  5  78  6  54  7  20  8  74  9  20
  0  89  1  80  2  2  3  61  4  96  5  36  6  5  7  72  8  42  9  49
  0  94  1  27  2  64  3  24  4  19  5  25  6  38  7  61  8  24  9  84
  0  96  1  32  2  52  3  47  4  37  5  39  6  65  7  68  8  35  9  36
  0  79  1  81  2  37  3  24  4  32  5  52  6  6  7  35  8  48  9  73
  0  42  1  75  2  53  3  50  4  8  5  94  6  57  7  87  8  22  9  96
  0  10  1  89  2  4  3  11  4  95  5  1  6  85  7  92  8  27  9  78
  0  22  1  13  2  41  3  73  4  60  5  63  6  23  7  39  8  61  9  89
  0  6  1  14  2  73  3  19  4  12  5  38  6  4  7  52  8  48  9  10
  0  44  1  36  2  65  3  82  4  35  5  29  6  37  7  53  8  82  9  39
  0  31  1  11  2  64  3  86  4  69  5  34  6  85  7  18  8  4  9  55
  0  62  1  87  2  47  3  30  4  55  5  69  6  53  7  91  8  90  9  73
  0  12  1  64  2  8  3  77  4  16  5  68  6  52  7  89  8  29  9  51
  0  96  1  21  2  31  3  13  4  39  5  24  6  40  7  21  8  41  9  13
  0  41  1  27  2  84  3  96  4  58  5  30  6  61  7  72  8  48  9  56
  0  32  1  67  2  27  3  44  4  16  5  25  6  22  7  47  8  96  9  76
  0  36  1  12  2  52  3  38  4  65  5  78  6  48  7  24  8  89  9  13
  0  56  1  82  2  44  3  78  4  82  5  70  6  34  7  89  8  13  9  34
  0  59  1  23  2  18  3  74  4  40  5  63  6  73  7  92  8  85  9  16
  0  83  1  60  2  38  3  23  4  23  5  49  6  66  7  45  8  20  9  22
  0  21  1  8  2  61  3  69  4  58  5  27  6  84  7  43  8  89  9  57
  0  86  1  16  2  34  3  27  4  67  5  68  6  59  7  55  8  87  9  1
  0  49  1  65  2  6  3  91  4  30  5  43  6  34  7  72  8  53  9  97
  0  11  1  81  2  1  3  26  4  88  5  22  6  68  7  87  8  97  9  32
  0  48  1  51  2  9  3  38  4  12  5  50  6  24  7  58  8  59  9  73
  0  65  1  77  2  89  3  80  4  33  5  5  6  20  7  97  8  63  9  79
  0  33  1  63  2  3  3  2  4  59  5  5  6  72  7  97  8  98  9  69
  0  4  1  39  2  52  3  58  4  56  5  78  6  21  7  19  8  57  9  82
  0  77  1  93  2  17  3  59  4  29  5  44  6  11  7  17  8  29  9  87
  0  40  1  3  2  4  3  18  4  6  5  14  6  89  7  5  8  49  9  62
  0  13  1  75  2  62  3  46  4  54  5  37  6  60  7  73  8  78  9  5
  0  65  1  15  2  14  3  10  4  55  5  90  6  22  7  33  8  61  9  26
  0  94  1  79  2  45  3  34  4  52  5  80  6  53  7  83  8  52  9  7
  0  54  1  87  2  13  3  6  4  8  5  20  6  24  7  18  8  2  9  18
  0  89  1  26  2  71  3  61  4  35  5  38  6  90  7  22  8  68  9  20
  0  84  1  17  2  66  3  13  4  9  5  19  6  53  7  16  8  8  9  6
  0  68  1  10  2  27  3  56  4  42  5  56  6  54  7  9  8  42  9  97
  0  12  1  60  2  50  3  43  4  26  5  58  6  71  7  12  8  39  9  15
  0  3  1  71  2  55  3  54  4  9  5  97  6  16  7  63  8  72  9  34
  0  58  1  12  2  25  3  35  4  9  5  55  6  78  7  16  8  90  9  46
  0  6  1  47  2  77  3  13  4  43  5  66  6  5  7  79  8  14  9  88
  0  17  1  35  2  99  3  51  4  25  5  85  6  99  7  13  8  1  9  31
  0  61  1  90  2  20  3  63  4  72  5  23  6  39  7  81  8  43  9  71
  0  80  1  45  2  26  3  6  4  33  5  41  6  42  7  47  8  12  9  27
  0  23  1  44  2  40  3  59  4  74  5  18  6  24  7  42  8  33  9  8
  0  51  1  42  2  64  3  86  4  34  5  57  6  26  7  35  8  63  9  40
  0  94  1  3  2  67  3  4  4  26  5  83  6  65  7  70  8  10  9  84
  0  77  1  38  2  19  3  73  4  29  5  70  6  80  7  24  8  57  9  38
  0  14  1  4  2  5  3  75  4  13  5  67  6  67  7  20  8  64  9  52
  0  26  1  41  2  30  3  86  4  69  5  2  6  46  7  60  8  15  9  83
  0  97  1  23  2  57  3  83  4  88  5  94  6  5  7  58  8  9  9  19
  0  5  1  69  2  63  3  90  4  52  5  69  6  27  7  26  8  17  9  14
TPM
  0  1591  1  1591  2  1591  3  1591  4  1591  5  1591  6  1591  7  1591  8  1591  9  1591
PMT
  0  22  1  57  2  54  3  5  4  65  5  70  6  61  7  2  8  28  9  65
  0  54  1  16  2  33  3  38  4  26  5  48  6  60  7  33  8  65  9  17
  0  68  1  35  2  20  3  12  4  12  5  21  6  25  7  12  8  13  9  72
  0  2  1  24  2  22  3  23  4  39  5  47  6  31  7  69  8  56  9  39
  0  50  1  64  2  59  3  61  4  61  5  2  6  14  7  13  8  7  9  59
  0  3  1  53  2  73  3  36  4  43  5  30  6  16  7  37  8  31  9  52
  0  62  1  48  2  54  3  1  4  27  5  43  6  10  7  35  8  6  9  34
  0  74  1  58  2  12  3  34  4  22  5  16  6  19  7  43  8  34  9  7
  0  40  1  58  2  57  3  12  4  30  5  41  6  7  7  65  8  30  9  41
  0  17  1  29  2  9  3  41  4  2  5  61  6  61  7  13  8  7  9  74
  0  29  1  5  2  58  3  69  4  58  5  22  6  50  7  40  8  63  9  32
  0  59  1  31  2  41  3  27  4  26  5  60  6  47  7  1  8  52  9  63
  0  38  1  12  2  53  3  69  4  59  5  31  6  67  7  49  8  50  9  71
