100  20
  0  98  1  75  2  26  3  65  4  36  5  28  6  89  7  64  8  4  9  98  10  58  11  10  12  10  13  75  14  22  15  49  16  66  17  57  18  36  19  44
  0  57  1  3  2  55  3  96  4  99  5  58  6  96  7  37  8  60  9  60  10  8  11  32  12  5  13  83  14  24  15  47  16  73  17  76  18  40  19  71
  0  41  1  30  2  36  3  99  4  76  5  46  6  14  7  20  8  22  9  9  10  62  11  59  12  65  13  84  14  33  15  78  16  50  17  92  18  4  19  21
  0  76  1  27  2  68  3  58  4  72  5  22  6  66  7  92  8  36  9  90  10  57  11  94  12  79  13  74  14  83  15  97  16  42  17  93  18  94  19  76
  0  25  1  80  2  17  3  75  4  82  5  27  6  93  7  74  8  81  9  1  10  33  11  91  12  80  13  83  14  34  15  79  16  30  17  59  18  75  19  52
  0  68  1  44  2  95  3  47  4  73  5  33  6  1  7  26  8  98  9  19  10  61  11  45  12  90  13  94  14  7  15  70  16  85  17  48  18  13  19  10
  0  13  1  16  2  44  3  72  4  69  5  53  6  3  7  11  8  34  9  25  10  94  11  80  12  27  13  49  14  6  15  19  16  58  17  21  18  52  19  55
  0  98  1  13  2  57  3  77  4  71  5  40  6  62  7  24  8  56  9  4  10  66  11  87  12  45  13  87  14  61  15  36  16  97  17  45  18  14  19  93
  0  76  1  17  2  88  3  32  4  74  5  58  6  34  7  76  8  52  9  68  10  76  11  12  12  49  13  56  14  71  15  54  16  49  17  69  18  30  19  16
  0  88  1  91  2  21  3  87  4  65  5  76  6  84  7  8  8  78  9  60  10  54  11  93  12  82  13  91  14  39  15  63  16  81  17  62  18  21  19  61
  0  56  1  21  2  80  3  70  4  18  5  19  6  36  7  79  8  39  9  98  10  80  11  30  12  80  13  47  14  40  15  65  16  40  17  59  18  80  19  63
  0  80  1  87  2  53  3  5  4  10  5  73  6  52  7  33  8  26  9  89  10  4  11  93  12  54  13  35  14  43  15  59  16  27  17  57  18  30  19  85
  0  90  1  8  2  3  3  49  4  40  5  43  6  83  7  54  8  20  9  26  10  87  11  32  12  33  13  3  14  89  15  49  16  46  17  50  18  51  19  1
  0  94  1  11  2  12  3  68  4  14  5  83  6  12  7  55  8  60  9  21  10  79  11  32  12  84  13  42  14  6  15  58  16  81  17  93  18  5  19  62
  0  38  1  80  2  14  3  92  4  22  5  75  6  84  7  73  8  17  9  72  10  80  11  28  12  81  13  32  14  75  15  60  16  85  17  52  18  6  19  91
  0  56  1  44  2  52  3  5  4  35  5  10  6  19  7  46  8  30  9  51  10  55  11  76  12  11  13  42  14  38  15  76  16  90  17  59  18  5  19  49
  0  75  1  56  2  7  3  76  4  88  5  2  6  14  7  16  8  1  9  42  10  14  11  48  12  14  13  53  14  64  15  14  16  89  17  83  18  93  19  1
  0  14  1  7  2  77  3  59  4  37  5  41  6  10  7  67  8  41  9  1  10  63  11  79  12  12  13  81  14  14  15  13  16  26  17  5  18  46  19  62
  0  74  1  66  2  94  3  58  4  87  5  63  6  74  7  98  8  28  9  99  10  1  11  12  12  73  13  92  14  14  15  48  16  99  17  26  18  48  19  98
  0  32  1  34  2  19  3  89  4  46  5  91  6  9  7  1  8  10  9  67  10  85  11  1  12  6  13  55  14  78  15  9  16  90  17  77  18  89  19  25
  0  63  1  59  2  30  3  72  4  54  5  76  6  98  7  58  8  61  9  56  10  43  11  55  12  80  13  80  14  72  15  33  16  33  17  94  18  16  19  9
  0  66  1  53  2  40  3  10  4  75  5  49  6  64  7  36  8  93  9  88  10  60  11  83  12  40  13  26  14  93  15  74  16  12  17  67  18  63  19  83
  0  69  1  7  2  54  3  77  4  61  5  54  6  73  7  88  8  59  9  61  10  83  11  7  12  29  13  64  14  12  15  46  16  47  17  6  18  24  19  28
  0  26  1  78  2  81  3  92  4  36  5  29  6  22  7  13  8  6  9  14  10  34  11  91  12  56  13  65  14  12  15  52  16  9  17  55  18  17  19  65
  0  45  1  28  2  76  3  64  4  39  5  45  6  2  7  40  8  67  9  95  10  95  11  24  12  75  13  18  14  96  15  96  16  64  17  62  18  67  19  85
  0  8  1  2  2  32  3  27  4  34  5  35  6  16  7  20  8  11  9  75  10  40  11  93  12  42  13  94  14  82  15  54  16  44  17  75  18  4  19  1
  0  65  1  3  2  91  3  16  4  84  5  65  6  90  7  67  8  66  9  81  10  2  11  89  12  95  13  57  14  75  15  12  16  96  17  33  18  39  19  74
  0  18  1  92  2  29  3  34  4  35  5  25  6  10  7  49  8  1  9  76  10  6  11  13  12  54  13  27  14  92  15  46  16  56  17  71  18  96  19  3
  0  21  1  9  2  18  3  24  4  54  5  46  6  74  7  44  8  26  9  89  10  22  11  58  12  36  13  75  14  13  15  73  16  43  17  47  18  83  19  27
  0  74  1  7  2  93  3  37  4  29  5  79  6  50  7  10  8  51  9  74  10  91  11  27  12  37  13  28  14  28  15  90  16  76  17  71  18  37  19  99
  0  80  1  49  2  74  3  66  4  28  5  81  6  65  7  23  8  18  9  53  10  54  11  62  12  36  13  65  14  48  15  14  16  66  17  88  18  85  19  53
  0  87  1  99  2  98  3  90  4  56  5  88  6  66  7  92  8  63  9  75  10  66  11  29  12  7  13  71  14  81  15  47  16  17  17  58  18  9  19  23
  0  41  1  99  2  88  3  34  4  67  5  90  6  43  7  55  8  28  9  94  10  90  11  73  12  39  13  64  14  85  15  71  16  53  17  4  18  84  19  34
  0  26  1  43  2  61  3  59  4  30  5  29  6  92  7  97  8  81  9  40  10  8  11  39  12  31  13  7  14  75  15  24  16  55  17  57  18  51  19  54
  0  57  1  53  2  29  3  20  4  42  5  73  6  65  7  73  8  38  9  51  10  57  11  20  12  78  13  92  14  14  15  96  16  62  17  8  18  31  19  68
  0  60  1  53  2  73  3  63  4  36  5  58  6  24  7  12  8  94  9  82  10  36  11  77  12  79  13  32  14  32  15  93  16  85  17  21  18  96  19  28
  0  50  1  72  2  78  3  58  4  46  5  85  6  13  7  21  8  93  9  11  10  90  11  61  12  47  13  10  14  62  15  15  16  38  17  3  18  62  19  81
  0  89  1  22  2  61  3  70  4  6  5  16  6  4  7  46  8  20  9  89  10  83  11  91  12  62  13  71  14  62  15  58  16  62  17  21  18  43  19  89
  0  2  1  51  2  33  3  28  4  95  5  13  6  75  7  39  8  53  9  52  10  40  11  17  12  52  13  67  14  82  15  52  16  26  17  99  18  17  19  82
  0  51  1  54  2  75  3  48  4  82  5  19  6  44  7  30  8  66  9  38  10  84  11  38  12  44  13  60  14  92  15  75  16  17  17  55  18  60  19  9
  0  29  1  83  2  29  3  6  4  99  5  52  6  52  7  22  8  16  9  96  10  14  11  57  12  45  13  73  14  66  15  8  16  49  17  47  18  77  19  85
  0  6  1  13  2  10  3  75  4  62  5  79  6  72  7  57  8  79  9  18  10  9  11  22  12  45  13  38  14  17  15  35  16  61  17  49  18  17  19  53
  0  34  1  31  2  11  3  77  4  24  5  98  6  97  7  9  8  34  9  55  10  38  11  39  12  37  13  62  14  89  15  90  16  79  17  67  18  47  19  83
  0  10  1  69  2  58  3  4  4  16  5  18  6  15  7  94  8  69  9  68  10  20  11  95  12  19  13  43  14  90  15  3  16  68  17  69  18  52  19  12
  0  42  1  4  2  22  3  6  4  24  5  42  6  90  7  46  8  4  9  94  10  61  11  13  12  92  13  70  14  92  15  5  16  87  17  94  18  54  19  75
  0  68  1  61  2  98  3  78  4  93  5  84  6  8  7  41  8  16  9  15  10  63  11  10  12  12  13  19  14  44  15  2  16  38  17  48  18  71  19  83
  0  23  1  46  2  29  3  55  4  70  5  68  6  39  7  6  8  38  9  98  10  84  11  70  12  8  13  16  14  86  15  3  16  66  17  25  18  87  19  57
  0  63  1  52  2  5  3  18  4  13  5  89  6  42  7  46  8  57  9  12  10  89  11  19  12  11  13  23  14  35  15  74  16  41  17  99  18  71  19  10
  0  80  1  28  2  78  3  72  4  45  5  60  6  13  7  50  8  24  9  44  10  25  11  61  12  63  13  88  14  97  15  79  16  48  17  70  18  70  19  58
  0  70  1  7  2  94  3  46  4  22  5  37  6  36  7  84  8  64  9  92  10  8  11  49  12  58  13  43  14  27  15  78  16  47  17  62  18  99  19  78
  0  38  1  39  2  85  3  21  4  29  5  19  6  9  7  64  8  54  9  79  10  8  11  60  12  71  13  45  14  35  15  35  16  94  17  18  18  56  19  50
  0  55  1  60  2  13  3  81  4  50  5  68  6  43  7  84  8  87  9  28  10  68  11  19  12  64  13  18  14  5  15  50  16  29  17  29  18  51  19  68
  0  1  1  97  2  50  3  74  4  62  5  78  6  51  7  33  8  49  9  5  10  91  11  88  12  87  13  9  14  96  15  91  16  66  17  93  18  57  19  90
  0  48  1  4  2  32  3  82  4  40  5  6  6  89  7  18  8  90  9  92  10  80  11  15  12  87  13  71  14  16  15  26  16  54  17  94  18  80  19  63
  0  90  1  56  2  10  3  69  4  91  5  30  6  13  7  89  8  49  9  71  10  24  11  96  12  18  13  72  14  1  15  56  16  83  17  40  18  16  19  45
  0  99  1  71  2  98  3  52  4  51  5  11  6  42  7  40  8  66  9  25  10  55  11  25  12  4  13  39  14  45  15  12  16  56  17  8  18  61  19  15
  0  75  1  20  2  15  3  5  4  93  5  58  6  80  7  3  8  99  9  72  10  29  11  99  12  98  13  19  14  55  15  58  16  57  17  89  18  86  19  46
  0  24  1  36  2  4  3  93  4  58  5  39  6  7  7  89  8  29  9  14  10  88  11  30  12  52  13  18  14  23  15  18  16  81  17  24  18  69  19  61
  0  72  1  68  2  48  3  8  4  87  5  75  6  42  7  34  8  7  9  47  10  28  11  71  12  60  13  35  14  49  15  25  16  7  17  54  18  70  19  24
  0  15  1  7  2  84  3  27  4  23  5  13  6  62  7  42  8  93  9  71  10  65  11  49  12  71  13  8  14  59  15  41  16  26  17  71  18  96  19  10
  0  33  1  84  2  65  3  48  4  18  5  68  6  10  7  45  8  84  9  95  10  84  11  90  12  75  13  39  14  85  15  23  16  61  17  13  18  67  19  82
  0  50  1  40  2  59  3  58  4  47  5  85  6  21  7  26  8  29  9  27  10  5  11  40  12  1  13  68  14  17  15  9  16  47  17  22  18  98  19  62
  0  9  1  90  2  66  3  17  4  31  5  47  6  72  7  61  8  74  9  91  10  91  11  49  12  80  13  12  14  37  15  57  16  35  17  10  18  60  19  40
  0  72  1  49  2  93  3  8  4  9  5  29  6  22  7  86  8  4  9  19  10  26  11  58  12  79  13  77  14  4  15  79  16  60  17  60  18  72  19  13
  0  2  1  85  2  9  3  50  4  20  5  4  6  79  7  93  8  50  9  2  10  76  11  13  12  86  13  35  14  37  15  21  16  89  17  61  18  41  19  17
  0  53  1  23  2  94  3  93  4  80  5  12  6  56  7  10  8  98  9  94  10  56  11  74  12  17  13  97  14  15  15  97  16  14  17  74  18  65  19  88
  0  93  1  98  2  38  3  24  4  62  5  72  6  56  7  15  8  6  9  23  10  53  11  38  12  69  13  37  14  5  15  2  16  77  17  61  18  51  19  87
  0  39  1  56  2  43  3  70  4  25  5  93  6  24  7  5  8  13  9  20  10  65  11  41  12  48  13  50  14  82  15  5  16  47  17  36  18  16  19  53
  0  55  1  37  2  59  3  87  4  32  5  3  6  52  7  96  8  20  9  9  10  88  11  46  12  35  13  41  14  93  15  51  16  64  17  1  18  72  19  85
  0  77  1  78  2  48  3  28  4  77  5  21  6  20  7  40  8  47  9  89  10  25  11  23  12  68  13  90  14  79  15  6  16  31  17  99  18  27  19  66
  0  40  1  50  2  37  3  70  4  94  5  32  6  16  7  91  8  7  9  15  10  15  11  55  12  75  13  23  14  75  15  1  16  32  17  88  18  31  19  65
  0  23  1  88  2  40  3  39  4  7  5  33  6  54  7  35  8  62  9  48  10  13  11  76  12  52  13  95  14  37  15  95  16  84  17  2  18  64  19  96
  0  55  1  92  2  28  3  33  4  80  5  67  6  7  7  87  8  41  9  46  10  63  11  65  12  98  13  74  14  61  15  43  16  66  17  79  18  45  19  19
  0  29  1  7  2  93  3  69  4  52  5  70  6  98  7  9  8  30  9  14  10  36  11  95  12  48  13  56  14  9  15  37  16  78  17  67  18  95  19  93
  0  19  1  1  2  39  3  80  4  51  5  78  6  36  7  4  8  75  9  10  10  34  11  1  12  44  13  73  14  43  15  63  16  23  17  13  18  2  19  50
  0  14  1  19  2  75  3  45  4  54  5  91  6  72  7  87  8  57  9  13  10  90  11  2  12  62  13  72  14  47  15  99  16  18  17  23  18  54  19  16
  0  94  1  65  2  23  3  29  4  28  5  84  6  34  7  53  8  25  9  75  10  96  11  11  12  77  13  57  14  72  15  28  16  75  17  48  18  56  19  8
  0  18  1  36  2  35  3  69  4  51  5  94  6  49  7  64  8  93  9  16  10  53  11  99  12  18  13  54  14  33  15  50  16  8  17  16  18  33  19  11
  0  6  1  24  2  5  3  31  4  19  5  58  6  59  7  53  8  48  9  40  10  19  11  21  12  65  13  8  14  69  15  33  16  47  17  19  18  76  19  66
  0  29  1  57  2  15  3  5  4  72  5  47  6  7  7  15  8  18  9  82  10  3  11  84  12  93  13  41  14  17  15  5  16  92  17  41  18  18  19  58
  0  40  1  46  2  36  3  53  4  16  5  37  6  28  7  2  8  94  9  6  10  30  11  52  12  36  13  36  14  66  15  4  16  17  17  79  18  8  19  74
  0  4  1  39  2  98  3  99  4  99  5  20  6  95  7  79  8  15  9  12  10  72  11  6  12  52  13  7  14  7  15  30  16  90  17  71  18  41  19  65
  0  23  1  32  2  82  3  17  4  82  5  27  6  81  7  98  8  45  9  49  10  18  11  80  12  15  13  77  14  76  15  56  16  18  17  70  18  71  19  49
  0  56  1  68  2  92  3  83  4  18  5  29  6  48  7  81  8  19  9  1  10  35  11  88  12  41  13  89  14  73  15  8  16  92  17  97  18  77  19  17
  0  80  1  20  2  42  3  87  4  11  5  31  6  81  7  33  8  26  9  15  10  47  11  64  12  47  13  95  14  95  15  8  16  4  17  83  18  1  19  37
  0  39  1  49  2  29  3  11  4  44  5  83  6  18  7  25  8  51  9  4  10  17  11  12  12  82  13  19  14  2  15  52  16  58  17  70  18  59  19  84
  0  83  1  90  2  95  3  25  4  74  5  68  6  41  7  22  8  9  9  4  10  21  11  28  12  97  13  84  14  40  15  52  16  8  17  32  18  96  19  19
  0  98  1  87  2  10  3  64  4  41  5  38  6  43  7  31  8  32  9  5  10  47  11  42  12  33  13  48  14  59  15  80  16  83  17  51  18  35  19  93
  0  66  1  88  2  89  3  87  4  47  5  10  6  79  7  6  8  91  9  68  10  64  11  91  12  35  13  84  14  10  15  82  16  79  17  32  18  30  19  83
  0  14  1  85  2  79  3  12  4  1  5  54  6  52  7  36  8  77  9  94  10  31  11  20  12  41  13  99  14  5  15  51  16  49  17  70  18  53  19  42
  0  36  1  41  2  43  3  96  4  17  5  15  6  16  7  99  8  54  9  21  10  46  11  69  12  93  13  99  14  85  15  79  16  95  17  85  18  55  19  46
  0  17  1  43  2  24  3  21  4  30  5  64  6  88  7  54  8  73  9  48  10  64  11  9  12  67  13  9  14  26  15  41  16  59  17  91  18  72  19  76
  0  55  1  87  2  96  3  52  4  70  5  74  6  90  7  6  8  7  9  37  10  25  11  17  12  21  13  27  14  57  15  47  16  64  17  73  18  78  19  35
  0  94  1  65  2  9  3  31  4  92  5  49  6  78  7  80  8  35  9  15  10  69  11  98  12  4  13  79  14  7  15  94  16  49  17  77  18  15  19  27
  0  9  1  17  2  84  3  5  4  65  5  65  6  18  7  72  8  7  9  80  10  36  11  34  12  99  13  83  14  80  15  9  16  3  17  50  18  34  19  23
  0  73  1  74  2  42  3  80  4  55  5  9  6  23  7  62  8  44  9  14  10  71  11  57  12  59  13  44  14  28  15  21  16  85  17  67  18  38  19  98
  0  54  1  4  2  42  3  90  4  80  5  2  6  66  7  18  8  69  9  16  10  96  11  30  12  63  13  47  14  71  15  61  16  97  17  51  18  10  19  22
  0  76  1  27  2  73  3  87  4  97  5  55  6  19  7  25  8  72  9  32  10  97  11  55  12  36  13  28  14  97  15  47  16  37  17  60  18  51  19  14
  0  50  1  63  2  42  3  13  4  51  5  4  6  82  7  10  8  50  9  46  10  54  11  41  12  75  13  3  14  25  15  84  16  46  17  99  18  94  19  30
  0  77  1  46  2  19  3  95  4  13  5  97  6  23  7  50  8  78  9  36  10  12  11  26  12  83  13  24  14  15  15  35  16  40  17  97  18  46  19  17
TPM
  0  1446  1  1446  2  1446  3  1446  4  1446  5  1446  6  1446  7  1446  8  1446  9  1446  10  1446  11  1446  12  1446  13  1446  14  1446  15  1446  16  1446  17  1446  18  1446  19  1446
PMT
  0  82  1  120  2  77  3  113  4  97  5  77  6  36  7  114  8  12  9  52  10  74  11  1  12  9  13  107  14  88  15  3  16  101  17  31  18  76  19  53
  0  24  1  59  2  28  3  76  4  112  5  55  6  38  7  13  8  115  9  96  10  100  11  3  12  41  13  90  14  76  15  52  16  36  17  83  18  100  19  37
  0  95  1  72  2  110  3  64  4  34  5  21  6  84  7  102  8  83  9  105  10  91  11  91  12  104  13  62  14  66  15  4  16  93  17  103  18  93  19  8
  0  34  1  95  2  57  3  17  4  85  5  5  6  122  7  84  8  101  9  24  10  89  11  117  12  21  13  50  14  35  15  62  16  76  17  116  18  85  19  88
  0  38  1  18  2  53  3  113  4  5  5  49  6  84  7  15  8  32  9  18  10  6  11  51  12  27  13  23  14  62  15  29  16  30  17  108  18  50  19  53
  0  117  1  72  2  112  3  73  4  106  5  118  6  118  7  19  8  113  9  72  10  98  11  37  12  82  13  24  14  87  15  56  16  24  17  63  18  32  19  29
  0  15  1  32  2  56  3  102  4  14  5  22  6  55  7  38  8  106  9  103  10  93  11  53  12  48  13  78  14  22  15  91  16  23  17  52  18  93  19  21
