500  20
  0  69  1  17  2  53  3  25  4  95  5  69  6  8  7  4  8  28  9  88  10  68  11  76  12  92  13  54  14  17  15  80  16  36  17  37  18  20  19  38
  0  62  1  24  2  11  3  16  4  99  5  65  6  44  7  77  8  75  9  62  10  21  11  66  12  2  13  10  14  94  15  24  16  97  17  46  18  12  19  45
  0  15  1  79  2  46  3  10  4  34  5  94  6  13  7  48  8  40  9  57  10  94  11  32  12  14  13  69  14  16  15  92  16  78  17  50  18  22  19  13
  0  99  1  31  2  72  3  51  4  30  5  4  6  52  7  70  8  30  9  54  10  55  11  6  12  30  13  67  14  89  15  88  16  94  17  96  18  17  19  94
  0  15  1  19  2  29  3  3  4  39  5  28  6  13  7  74  8  13  9  41  10  59  11  86  12  99  13  10  14  22  15  85  16  78  17  62  18  37  19  42
  0  74  1  35  2  37  3  22  4  44  5  44  6  49  7  4  8  21  9  23  10  40  11  12  12  13  13  29  14  54  15  43  16  84  17  73  18  62  19  1
  0  79  1  51  2  5  3  77  4  61  5  69  6  18  7  38  8  81  9  89  10  50  11  95  12  94  13  45  14  27  15  82  16  85  17  90  18  21  19  75
  0  90  1  4  2  16  3  96  4  96  5  37  6  96  7  20  8  80  9  94  10  94  11  59  12  9  13  81  14  53  15  92  16  7  17  46  18  26  19  81
  0  80  1  28  2  91  3  61  4  36  5  55  6  66  7  28  8  42  9  79  10  46  11  46  12  14  13  30  14  93  15  44  16  37  17  29  18  77  19  79
  0  41  1  93  2  9  3  91  4  93  5  22  6  43  7  65  8  86  9  41  10  33  11  86  12  23  13  58  14  56  15  48  16  30  17  51  18  65  19  48
  0  57  1  69  2  13  3  88  4  37  5  61  6  46  7  52  8  12  9  31  10  13  11  43  12  61  13  88  14  78  15  88  16  80  17  51  18  59  19  55
  0  86  1  16  2  45  3  27  4  65  5  2  6  32  7  41  8  87  9  30  10  6  11  87  12  34  13  10  14  51  15  99  16  34  17  16  18  67  19  22
  0  5  1  8  2  16  3  10  4  21  5  9  6  43  7  95  8  76  9  40  10  31  11  47  12  25  13  1  14  92  15  78  16  73  17  17  18  5  19  3
  0  4  1  6  2  38  3  39  4  31  5  38  6  40  7  5  8  17  9  80  10  67  11  53  12  11  13  64  14  94  15  53  16  79  17  99  18  15  19  8
  0  46  1  43  2  33  3  55  4  52  5  86  6  21  7  18  8  19  9  2  10  54  11  69  12  56  13  5  14  84  15  50  16  68  17  81  18  1  19  53
  0  26  1  5  2  81  3  49  4  31  5  41  6  50  7  25  8  82  9  20  10  74  11  70  12  10  13  10  14  86  15  18  16  52  17  29  18  99  19  24
  0  80  1  95  2  56  3  56  4  7  5  68  6  37  7  18  8  20  9  57  10  4  11  25  12  37  13  99  14  62  15  14  16  72  17  23  18  81  19  53
  0  56  1  42  2  75  3  83  4  49  5  73  6  56  7  2  8  42  9  49  10  17  11  76  12  48  13  73  14  81  15  55  16  98  17  50  18  58  19  91
  0  20  1  68  2  59  3  22  4  58  5  44  6  83  7  53  8  54  9  30  10  82  11  42  12  12  13  54  14  40  15  95  16  99  17  59  18  54  19  98
  0  70  1  32  2  80  3  57  4  16  5  52  6  95  7  33  8  57  9  21  10  80  11  71  12  60  13  12  14  28  15  76  16  30  17  79  18  39  19  74
  0  99  1  22  2  40  3  73  4  42  5  57  6  61  7  10  8  57  9  82  10  35  11  27  12  21  13  24  14  22  15  50  16  87  17  86  18  60  19  35
  0  91  1  62  2  7  3  11  4  89  5  68  6  14  7  44  8  27  9  11  10  43  11  86  12  41  13  99  14  41  15  5  16  21  17  65  18  2  19  78
  0  74  1  44  2  3  3  33  4  6  5  39  6  88  7  38  8  74  9  69  10  31  11  81  12  95  13  72  14  11  15  13  16  15  17  11  18  64  19  10
  0  54  1  7  2  30  3  1  4  20  5  99  6  62  7  68  8  8  9  8  10  94  11  7  12  64  13  37  14  3  15  88  16  75  17  52  18  50  19  9
  0  96  1  34  2  62  3  69  4  41  5  61  6  35  7  34  8  1  9  2  10  76  11  82  12  51  13  1  14  55  15  29  16  82  17  1  18  79  19  77
  0  43  1  29  2  45  3  50  4  92  5  42  6  27  7  92  8  9  9  6  10  97  11  50  12  79  13  53  14  98  15  74  16  88  17  56  18  93  19  79
  0  69  1  91  2  88  3  2  4  90  5  91  6  93  7  84  8  84  9  18  10  62  11  19  12  52  13  85  14  25  15  16  16  87  17  29  18  13  19  69
  0  21  1  3  2  42  3  52  4  58  5  37  6  84  7  45  8  76  9  95  10  72  11  10  12  2  13  19  14  85  15  28  16  76  17  41  18  41  19  82
  0  91  1  9  2  76  3  54  4  40  5  48  6  80  7  65  8  33  9  56  10  44  11  72  12  56  13  13  14  13  15  4  16  75  17  36  18  58  19  10
  0  28  1  32  2  24  3  34  4  37  5  12  6  98  7  53  8  47  9  73  10  14  11  39  12  72  13  66  14  82  15  27  16  97  17  3  18  26  19  8
  0  71  1  73  2  49  3  77  4  94  5  68  6  61  7  98  8  81  9  38  10  51  11  72  12  50  13  33  14  74  15  14  16  69  17  89  18  5  19  93
  0  72  1  78  2  47  3  74  4  9  5  25  6  35  7  52  8  96  9  50  10  45  11  7  12  3  13  17  14  1  15  91  16  48  17  65  18  58  19  32
  0  35  1  73  2  92  3  12  4  31  5  81  6  18  7  63  8  54  9  58  10  23  11  92  12  55  13  12  14  97  15  7  16  86  17  57  18  87  19  24
  0  92  1  2  2  95  3  75  4  84  5  13  6  18  7  45  8  61  9  66  10  96  11  97  12  2  13  9  14  7  15  86  16  42  17  72  18  21  19  46
  0  2  1  14  2  20  3  19  4  33  5  88  6  42  7  59  8  1  9  74  10  84  11  13  12  24  13  86  14  1  15  79  16  32  17  76  18  64  19  96
  0  11  1  94  2  88  3  94  4  54  5  50  6  14  7  29  8  39  9  15  10  19  11  79  12  83  13  40  14  9  15  69  16  73  17  93  18  78  19  53
  0  53  1  28  2  69  3  64  4  11  5  46  6  57  7  37  8  19  9  13  10  50  11  30  12  9  13  39  14  64  15  21  16  75  17  42  18  26  19  49
  0  57  1  33  2  17  3  31  4  24  5  12  6  46  7  67  8  79  9  70  10  23  11  14  12  56  13  9  14  77  15  3  16  57  17  35  18  33  19  16
  0  76  1  14  2  30  3  57  4  96  5  54  6  77  7  75  8  55  9  70  10  54  11  33  12  18  13  64  14  93  15  20  16  11  17  92  18  33  19  61
  0  83  1  31  2  15  3  67  4  27  5  44  6  43  7  28  8  49  9  25  10  61  11  37  12  93  13  64  14  3  15  15  16  50  17  56  18  2  19  63
  0  88  1  58  2  4  3  45  4  24  5  61  6  92  7  19  8  85  9  33  10  19  11  27  12  55  13  47  14  10  15  42  16  90  17  3  18  92  19  15
  0  56  1  98  2  52  3  71  4  17  5  34  6  15  7  68  8  79  9  26  10  30  11  84  12  82  13  67  14  75  15  25  16  61  17  88  18  34  19  48
  0  49  1  75  2  95  3  68  4  93  5  60  6  88  7  66  8  82  9  91  10  50  11  18  12  30  13  54  14  81  15  43  16  51  17  84  18  57  19  8
  0  25  1  9  2  74  3  47  4  49  5  1  6  64  7  86  8  97  9  28  10  4  11  83  12  60  13  50  14  3  15  14  16  31  17  69  18  49  19  71
  0  45  1  57  2  33  3  66  4  7  5  3  6  95  7  27  8  58  9  65  10  65  11  51  12  62  13  15  14  70  15  56  16  9  17  98  18  61  19  25
  0  84  1  72  2  58  3  51  4  36  5  75  6  23  7  19  8  34  9  43  10  10  11  89  12  26  13  84  14  56  15  65  16  3  17  72  18  15  19  49
  0  60  1  15  2  20  3  41  4  96  5  17  6  71  7  20  8  90  9  40  10  52  11  9  12  55  13  29  14  28  15  27  16  48  17  59  18  84  19  65
  0  2  1  10  2  10  3  55  4  83  5  97  6  28  7  97  8  20  9  2  10  25  11  88  12  33  13  61  14  48  15  50  16  70  17  51  18  52  19  49
  0  31  1  44  2  21  3  84  4  29  5  22  6  10  7  40  8  32  9  99  10  63  11  62  12  64  13  65  14  10  15  3  16  82  17  61  18  52  19  24
  0  40  1  45  2  85  3  74  4  14  5  21  6  22  7  73  8  54  9  21  10  7  11  54  12  72  13  69  14  42  15  72  16  4  17  86  18  72  19  71
  0  74  1  83  2  77  3  46  4  86  5  68  6  89  7  70  8  95  9  76  10  30  11  78  12  30  13  71  14  26  15  88  16  96  17  1  18  59  19  35
  0  54  1  90  2  51  3  47  4  69  5  13  6  89  7  74  8  62  9  73  10  55  11  53  12  25  13  85  14  92  15  76  16  65  17  40  18  48  19  96
  0  5  1  84  2  54  3  73  4  39  5  62  6  43  7  62  8  31  9  94  10  21  11  85  12  10  13  89  14  20  15  45  16  79  17  10  18  30  19  64
  0  70  1  46  2  66  3  69  4  87  5  70  6  20  7  44  8  31  9  68  10  7  11  22  12  98  13  66  14  17  15  98  16  98  17  14  18  9  19  81
  0  28  1  87  2  17  3  2  4  91  5  13  6  69  7  61  8  70  9  35  10  27  11  94  12  75  13  83  14  85  15  54  16  26  17  92  18  13  19  63
  0  45  1  4  2  7  3  87  4  72  5  42  6  4  7  20  8  24  9  38  10  61  11  81  12  55  13  52  14  97  15  86  16  3  17  17  18  75  19  15
  0  18  1  5  2  39  3  93  4  10  5  77  6  64  7  94  8  62  9  93  10  73  11  74  12  4  13  60  14  9  15  37  16  31  17  70  18  94  19  77
  0  11  1  58  2  11  3  50  4  35  5  50  6  64  7  70  8  81  9  24  10  34  11  24  12  6  13  69  14  18  15  67  16  85  17  36  18  21  19  28
  0  73  1  6  2  47  3  48  4  35  5  17  6  93  7  15  8  85  9  49  10  65  11  90  12  41  13  13  14  38  15  26  16  53  17  34  18  59  19  9
  0  97  1  19  2  62  3  10  4  24  5  23  6  15  7  96  8  1  9  77  10  47  11  46  12  97  13  49  14  26  15  76  16  1  17  17  18  65  19  67
  0  57  1  14  2  88  3  54  4  76  5  54  6  93  7  98  8  48  9  43  10  72  11  86  12  52  13  53  14  97  15  95  16  72  17  96  18  72  19  41
  0  35  1  39  2  3  3  89  4  29  5  34  6  46  7  82  8  94  9  67  10  43  11  44  12  73  13  41  14  31  15  41  16  64  17  50  18  97  19  13
  0  19  1  8  2  37  3  11  4  80  5  40  6  95  7  4  8  56  9  60  10  30  11  35  12  49  13  68  14  19  15  50  16  19  17  60  18  90  19  13
  0  42  1  38  2  72  3  93  4  70  5  47  6  54  7  98  8  32  9  80  10  42  11  60  12  22  13  45  14  34  15  19  16  52  17  57  18  35  19  59
  0  90  1  24  2  24  3  90  4  88  5  27  6  97  7  74  8  78  9  14  10  86  11  43  12  4  13  65  14  13  15  66  16  88  17  83  18  16  19  51
  0  91  1  41  2  88  3  87  4  71  5  63  6  87  7  74  8  67  9  47  10  14  11  90  12  97  13  35  14  82  15  94  16  82  17  93  18  10  19  56
  0  75  1  74  2  6  3  73  4  71  5  48  6  50  7  16  8  82  9  45  10  69  11  2  12  37  13  39  14  68  15  90  16  38  17  59  18  67  19  64
  0  60  1  16  2  50  3  26  4  8  5  82  6  33  7  13  8  40  9  58  10  98  11  45  12  36  13  6  14  67  15  31  16  70  17  49  18  85  19  96
  0  9  1  63  2  62  3  26  4  46  5  99  6  84  7  18  8  52  9  18  10  91  11  7  12  96  13  34  14  82  15  94  16  58  17  92  18  94  19  85
  0  55  1  26  2  75  3  39  4  42  5  63  6  34  7  71  8  59  9  95  10  44  11  64  12  35  13  10  14  37  15  79  16  77  17  58  18  9  19  69
  0  2  1  15  2  19  3  43  4  75  5  35  6  69  7  29  8  94  9  31  10  83  11  31  12  5  13  16  14  24  15  89  16  37  17  92  18  15  19  74
  0  28  1  78  2  69  3  76  4  36  5  93  6  34  7  93  8  75  9  65  10  84  11  97  12  31  13  13  14  56  15  42  16  30  17  18  18  89  19  61
  0  70  1  2  2  13  3  44  4  47  5  61  6  95  7  98  8  18  9  27  10  62  11  46  12  99  13  54  14  26  15  91  16  93  17  66  18  86  19  75
  0  64  1  88  2  24  3  5  4  44  5  65  6  55  7  99  8  25  9  44  10  44  11  27  12  48  13  50  14  86  15  94  16  25  17  9  18  15  19  21
  0  43  1  86  2  77  3  22  4  33  5  42  6  97  7  70  8  97  9  14  10  24  11  10  12  52  13  5  14  12  15  45  16  2  17  15  18  13  19  37
  0  58  1  41  2  50  3  62  4  94  5  57  6  9  7  31  8  62  9  20  10  75  11  60  12  27  13  85  14  5  15  62  16  14  17  24  18  90  19  75
  0  47  1  64  2  70  3  57  4  31  5  8  6  1  7  26  8  21  9  90  10  72  11  4  12  59  13  99  14  50  15  6  16  88  17  46  18  75  19  75
  0  67  1  70  2  40  3  75  4  43  5  22  6  33  7  53  8  67  9  49  10  29  11  69  12  47  13  85  14  46  15  54  16  75  17  5  18  16  19  5
  0  80  1  14  2  19  3  75  4  93  5  73  6  4  7  95  8  14  9  78  10  80  11  31  12  29  13  48  14  44  15  73  16  20  17  86  18  97  19  8
  0  46  1  29  2  58  3  19  4  12  5  81  6  67  7  15  8  40  9  18  10  50  11  90  12  14  13  93  14  87  15  52  16  55  17  80  18  91  19  73
  0  63  1  53  2  11  3  73  4  23  5  58  6  91  7  16  8  47  9  58  10  79  11  66  12  39  13  39  14  45  15  88  16  62  17  97  18  44  19  30
  0  66  1  82  2  69  3  45  4  12  5  27  6  55  7  63  8  74  9  5  10  15  11  81  12  37  13  10  14  50  15  57  16  4  17  17  18  57  19  13
  0  70  1  5  2  5  3  96  4  65  5  18  6  75  7  49  8  27  9  18  10  81  11  67  12  76  13  47  14  9  15  79  16  27  17  3  18  46  19  63
  0  13  1  93  2  94  3  64  4  44  5  26  6  76  7  11  8  10  9  57  10  85  11  29  12  93  13  81  14  44  15  90  16  80  17  70  18  55  19  69
  0  44  1  63  2  80  3  68  4  74  5  76  6  72  7  59  8  64  9  95  10  28  11  34  12  65  13  56  14  72  15  67  16  98  17  21  18  64  19  43
  0  62  1  23  2  93  3  78  4  78  5  36  6  14  7  68  8  67  9  65  10  12  11  21  12  58  13  97  14  40  15  55  16  50  17  47  18  37  19  98
  0  91  1  72  2  17  3  83  4  58  5  68  6  10  7  38  8  26  9  48  10  82  11  37  12  68  13  74  14  66  15  28  16  44  17  2  18  75  19  76
  0  48  1  33  2  91  3  76  4  23  5  21  6  49  7  24  8  72  9  51  10  48  11  66  12  31  13  86  14  69  15  46  16  54  17  68  18  89  19  26
  0  57  1  5  2  95  3  51  4  12  5  86  6  60  7  95  8  68  9  3  10  37  11  87  12  72  13  69  14  63  15  11  16  96  17  73  18  96  19  47
  0  96  1  95  2  21  3  79  4  63  5  81  6  92  7  83  8  44  9  60  10  15  11  79  12  32  13  26  14  63  15  24  16  65  17  45  18  2  19  50
  0  85  1  53  2  50  3  1  4  25  5  36  6  14  7  99  8  48  9  34  10  64  11  75  12  58  13  97  14  44  15  9  16  29  17  90  18  36  19  81
  0  54  1  10  2  8  3  52  4  96  5  83  6  41  7  67  8  80  9  53  10  86  11  14  12  88  13  53  14  13  15  41  16  24  17  55  18  51  19  22
  0  55  1  20  2  30  3  34  4  76  5  93  6  73  7  77  8  24  9  34  10  94  11  56  12  45  13  49  14  13  15  96  16  7  17  90  18  79  19  70
  0  93  1  27  2  81  3  58  4  29  5  95  6  68  7  63  8  19  9  17  10  3  11  56  12  1  13  89  14  67  15  27  16  54  17  30  18  36  19  57
  0  3  1  23  2  9  3  48  4  6  5  74  6  90  7  68  8  25  9  98  10  24  11  1  12  22  13  94  14  26  15  9  16  16  17  60  18  4  19  45
  0  92  1  72  2  20  3  83  4  75  5  38  6  44  7  34  8  75  9  69  10  29  11  74  12  78  13  57  14  65  15  25  16  61  17  42  18  28  19  25
  0  23  1  99  2  15  3  1  4  68  5  3  6  26  7  39  8  14  9  16  10  54  11  92  12  61  13  37  14  69  15  85  16  80  17  1  18  25  19  10
  0  8  1  87  2  21  3  4  4  21  5  27  6  94  7  79  8  70  9  77  10  28  11  23  12  77  13  22  14  89  15  89  16  17  17  7  18  60  19  78
  0  47  1  21  2  97  3  37  4  72  5  93  6  40  7  47  8  23  9  53  10  67  11  87  12  4  13  75  14  50  15  75  16  58  17  8  18  74  19  33
  0  22  1  68  2  14  3  23  4  75  5  35  6  78  7  62  8  33  9  81  10  76  11  6  12  99  13  22  14  59  15  39  16  10  17  84  18  44  19  54
  0  17  1  8  2  26  3  76  4  93  5  36  6  24  7  68  8  75  9  67  10  25  11  32  12  38  13  64  14  33  15  85  16  12  17  47  18  11  19  92
  0  67  1  11  2  93  3  50  4  10  5  57  6  7  7  82  8  84  9  19  10  9  11  92  12  86  13  17  14  52  15  63  16  95  17  87  18  22  19  14
  0  18  1  61  2  16  3  50  4  74  5  82  6  48  7  74  8  88  9  5  10  7  11  29  12  53  13  96  14  99  15  94  16  74  17  50  18  57  19  79
  0  46  1  68  2  86  3  51  4  61  5  71  6  88  7  9  8  9  9  63  10  92  11  93  12  85  13  36  14  57  15  88  16  21  17  3  18  45  19  54
  0  13  1  93  2  84  3  96  4  4  5  52  6  55  7  72  8  51  9  17  10  70  11  68  12  73  13  71  14  46  15  21  16  81  17  4  18  77  19  52
  0  14  1  10  2  56  3  43  4  38  5  24  6  8  7  73  8  97  9  67  10  30  11  89  12  6  13  39  14  58  15  97  16  20  17  7  18  89  19  68
  0  51  1  60  2  51  3  15  4  78  5  28  6  79  7  93  8  92  9  81  10  52  11  10  12  76  13  86  14  2  15  48  16  93  17  49  18  71  19  57
  0  58  1  83  2  30  3  50  4  89  5  5  6  34  7  12  8  81  9  3  10  2  11  20  12  46  13  73  14  50  15  10  16  8  17  2  18  96  19  61
  0  49  1  15  2  46  3  72  4  43  5  68  6  88  7  46  8  27  9  24  10  95  11  21  12  91  13  25  14  89  15  4  16  99  17  94  18  18  19  93
  0  51  1  95  2  63  3  15  4  65  5  38  6  63  7  72  8  39  9  23  10  30  11  21  12  13  13  50  14  83  15  10  16  44  17  43  18  49  19  26
  0  69  1  48  2  74  3  70  4  15  5  27  6  75  7  20  8  75  9  51  10  6  11  75  12  77  13  57  14  13  15  92  16  94  17  24  18  33  19  46
  0  83  1  82  2  32  3  66  4  53  5  76  6  87  7  65  8  92  9  16  10  81  11  29  12  12  13  14  14  47  15  40  16  81  17  88  18  75  19  73
  0  66  1  55  2  94  3  64  4  88  5  71  6  62  7  46  8  79  9  92  10  46  11  3  12  85  13  40  14  73  15  98  16  49  17  17  18  73  19  62
  0  84  1  99  2  58  3  46  4  5  5  99  6  98  7  86  8  77  9  74  10  96  11  37  12  29  13  27  14  72  15  47  16  96  17  38  18  92  19  17
  0  21  1  90  2  34  3  40  4  20  5  15  6  47  7  15  8  85  9  38  10  54  11  98  12  99  13  29  14  21  15  22  16  51  17  74  18  58  19  98
  0  20  1  12  2  67  3  84  4  27  5  27  6  24  7  83  8  97  9  68  10  54  11  99  12  80  13  58  14  73  15  82  16  98  17  91  18  65  19  18
  0  55  1  43  2  38  3  48  4  96  5  46  6  79  7  52  8  18  9  94  10  99  11  88  12  60  13  93  14  34  15  95  16  34  17  52  18  30  19  13
  0  69  1  89  2  71  3  41  4  74  5  22  6  88  7  81  8  62  9  21  10  63  11  9  12  59  13  76  14  26  15  63  16  23  17  10  18  17  19  82
  0  25  1  8  2  46  3  94  4  82  5  76  6  65  7  47  8  29  9  41  10  65  11  49  12  71  13  43  14  33  15  38  16  80  17  96  18  47  19  15
  0  87  1  14  2  91  3  93  4  8  5  19  6  17  7  71  8  4  9  94  10  85  11  12  12  53  13  49  14  60  15  82  16  3  17  78  18  50  19  19
  0  99  1  70  2  1  3  83  4  48  5  84  6  4  7  41  8  30  9  89  10  61  11  84  12  80  13  50  14  25  15  77  16  16  17  91  18  5  19  77
  0  48  1  87  2  7  3  90  4  39  5  44  6  55  7  46  8  70  9  86  10  96  11  93  12  43  13  55  14  4  15  84  16  26  17  81  18  15  19  49
  0  17  1  92  2  91  3  24  4  83  5  69  6  57  7  66  8  10  9  55  10  77  11  62  12  51  13  87  14  74  15  20  16  78  17  6  18  85  19  3
  0  67  1  47  2  34  3  54  4  60  5  51  6  33  7  95  8  14  9  18  10  70  11  16  12  87  13  90  14  39  15  88  16  69  17  77  18  4  19  72
  0  21  1  10  2  20  3  83  4  87  5  12  6  51  7  52  8  24  9  36  10  55  11  98  12  9  13  72  14  13  15  84  16  65  17  51  18  48  19  38
  0  3  1  89  2  43  3  44  4  51  5  55  6  56  7  62  8  44  9  43  10  98  11  3  12  88  13  92  14  10  15  74  16  15  17  88  18  71  19  93
  0  86  1  29  2  9  3  6  4  43  5  41  6  3  7  72  8  75  9  89  10  98  11  9  12  69  13  10  14  76  15  90  16  70  17  49  18  36  19  55
  0  48  1  2  2  95  3  71  4  62  5  81  6  24  7  47  8  74  9  62  10  37  11  99  12  35  13  63  14  39  15  23  16  49  17  90  18  91  19  5
  0  17  1  36  2  33  3  82  4  69  5  4  6  84  7  61  8  70  9  21  10  18  11  6  12  52  13  48  14  70  15  92  16  97  17  92  18  31  19  87
  0  90  1  88  2  24  3  78  4  95  5  11  6  84  7  75  8  43  9  28  10  92  11  70  12  27  13  4  14  94  15  10  16  44  17  9  18  51  19  15
  0  29  1  11  2  87  3  76  4  61  5  46  6  20  7  79  8  58  9  82  10  95  11  61  12  70  13  39  14  74  15  88  16  53  17  30  18  27  19  15
  0  68  1  21  2  35  3  61  4  46  5  42  6  20  7  18  8  17  9  79  10  31  11  62  12  86  13  48  14  75  15  56  16  14  17  21  18  58  19  51
  0  14  1  44  2  80  3  8  4  3  5  99  6  6  7  41  8  50  9  68  10  95  11  19  12  6  13  3  14  69  15  70  16  25  17  39  18  42  19  9
  0  92  1  83  2  50  3  65  4  38  5  50  6  58  7  64  8  80  9  61  10  23  11  24  12  46  13  13  14  39  15  43  16  61  17  70  18  2  19  99
  0  85  1  63  2  62  3  93  4  67  5  69  6  68  7  90  8  22  9  25  10  90  11  65  12  61  13  2  14  2  15  36  16  37  17  24  18  55  19  41
  0  63  1  22  2  70  3  19  4  40  5  60  6  24  7  62  8  98  9  64  10  17  11  77  12  17  13  41  14  48  15  68  16  96  17  81  18  23  19  19
  0  3  1  65  2  89  3  43  4  94  5  31  6  52  7  39  8  95  9  64  10  35  11  58  12  98  13  20  14  75  15  57  16  92  17  98  18  82  19  34
  0  56  1  9  2  77  3  40  4  60  5  18  6  15  7  4  8  71  9  64  10  45  11  51  12  42  13  67  14  57  15  74  16  46  17  79  18  38  19  92
  0  83  1  56  2  8  3  11  4  55  5  39  6  38  7  61  8  5  9  78  10  54  11  7  12  52  13  46  14  79  15  5  16  89  17  97  18  73  19  82
  0  2  1  8  2  67  3  86  4  20  5  76  6  9  7  71  8  53  9  72  10  64  11  63  12  28  13  74  14  31  15  22  16  36  17  23  18  73  19  57
  0  86  1  90  2  78  3  3  4  90  5  31  6  89  7  39  8  36  9  73  10  78  11  17  12  31  13  63  14  41  15  27  16  27  17  76  18  54  19  19
  0  36  1  46  2  8  3  71  4  14  5  81  6  8  7  41  8  74  9  82  10  20  11  69  12  58  13  63  14  85  15  21  16  59  17  34  18  44  19  66
  0  87  1  28  2  29  3  44  4  36  5  49  6  41  7  72  8  60  9  91  10  97  11  81  12  98  13  53  14  15  15  87  16  83  17  29  18  84  19  45
  0  38  1  92  2  36  3  27  4  45  5  64  6  6  7  39  8  27  9  40  10  49  11  55  12  91  13  32  14  70  15  28  16  24  17  46  18  59  19  27
  0  25  1  84  2  40  3  96  4  25  5  59  6  3  7  34  8  38  9  59  10  55  11  35  12  27  13  90  14  99  15  59  16  80  17  2  18  60  19  10
  0  45  1  45  2  82  3  31  4  52  5  48  6  94  7  59  8  38  9  98  10  9  11  96  12  33  13  56  14  76  15  82  16  83  17  44  18  59  19  86
  0  37  1  1  2  57  3  41  4  74  5  78  6  10  7  95  8  7  9  21  10  68  11  62  12  48  13  61  14  91  15  68  16  33  17  24  18  37  19  56
  0  51  1  18  2  25  3  86  4  5  5  47  6  99  7  31  8  27  9  3  10  41  11  68  12  95  13  74  14  75  15  18  16  46  17  24  18  85  19  69
  0  73  1  8  2  43  3  3  4  55  5  17  6  94  7  93  8  54  9  99  10  79  11  62  12  70  13  74  14  60  15  7  16  70  17  38  18  94  19  12
  0  88  1  42  2  77  3  59  4  87  5  87  6  38  7  48  8  40  9  56  10  66  11  15  12  37  13  85  14  93  15  13  16  66  17  49  18  78  19  84
  0  91  1  3  2  47  3  48  4  37  5  8  6  90  7  64  8  65  9  48  10  43  11  70  12  85  13  84  14  65  15  86  16  46  17  37  18  20  19  42
  0  87  1  69  2  11  3  67  4  64  5  19  6  25  7  53  8  65  9  15  10  4  11  71  12  84  13  50  14  13  15  11  16  23  17  19  18  10  19  73
  0  33  1  33  2  22  3  29  4  18  5  67  6  74  7  31  8  61  9  11  10  40  11  33  12  54  13  23  14  98  15  64  16  27  17  10  18  36  19  58
  0  17  1  80  2  97  3  35  4  24  5  47  6  93  7  73  8  34  9  73  10  34  11  45  12  26  13  92  14  5  15  87  16  67  17  40  18  43  19  26
  0  78  1  83  2  62  3  82  4  35  5  38  6  32  7  43  8  6  9  98  10  23  11  42  12  71  13  28  14  58  15  9  16  62  17  88  18  52  19  86
  0  9  1  1  2  96  3  94  4  5  5  60  6  58  7  21  8  99  9  66  10  80  11  53  12  6  13  19  14  98  15  81  16  61  17  4  18  30  19  45
  0  90  1  67  2  73  3  91  4  59  5  56  6  57  7  76  8  9  9  60  10  95  11  27  12  19  13  93  14  55  15  38  16  35  17  13  18  45  19  81
  0  63  1  26  2  66  3  48  4  4  5  72  6  5  7  43  8  95  9  67  10  34  11  12  12  76  13  35  14  76  15  73  16  96  17  73  18  33  19  74
  0  30  1  33  2  78  3  98  4  66  5  12  6  85  7  91  8  92  9  64  10  23  11  97  12  88  13  10  14  50  15  98  16  95  17  84  18  79  19  9
  0  33  1  47  2  5  3  86  4  68  5  61  6  10  7  29  8  80  9  5  10  96  11  89  12  52  13  71  14  97  15  30  16  90  17  74  18  82  19  76
  0  61  1  66  2  47  3  75  4  90  5  26  6  53  7  42  8  60  9  88  10  70  11  48  12  1  13  19  14  24  15  14  16  77  17  42  18  52  19  76
  0  89  1  88  2  26  3  62  4  57  5  25  6  98  7  78  8  59  9  70  10  65  11  12  12  33  13  14  14  65  15  95  16  64  17  93  18  64  19  68
  0  32  1  5  2  68  3  54  4  62  5  28  6  93  7  41  8  25  9  16  10  73  11  13  12  88  13  77  14  74  15  80  16  86  17  34  18  69  19  26
  0  76  1  46  2  68  3  21  4  4  5  35  6  23  7  18  8  90  9  49  10  45  11  19  12  8  13  43  14  11  15  50  16  10  17  79  18  35  19  15
  0  38  1  57  2  41  3  7  4  23  5  39  6  61  7  89  8  37  9  29  10  44  11  83  12  76  13  19  14  50  15  26  16  82  17  4  18  57  19  75
  0  31  1  40  2  27  3  86  4  39  5  3  6  79  7  81  8  69  9  44  10  91  11  86  12  51  13  81  14  17  15  10  16  22  17  52  18  78  19  81
  0  66  1  28  2  4  3  86  4  27  5  64  6  87  7  54  8  82  9  26  10  5  11  81  12  31  13  29  14  10  15  16  16  35  17  70  18  2  19  25
  0  3  1  59  2  26  3  6  4  9  5  43  6  59  7  44  8  94  9  14  10  87  11  1  12  87  13  38  14  72  15  97  16  31  17  26  18  79  19  32
  0  27  1  53  2  94  3  23  4  18  5  92  6  67  7  4  8  64  9  25  10  49  11  79  12  99  13  22  14  21  15  27  16  62  17  35  18  20  19  12
  0  38  1  32  2  20  3  46  4  72  5  56  6  20  7  7  8  20  9  9  10  43  11  86  12  44  13  70  14  53  15  65  16  2  17  23  18  41  19  96
  0  53  1  32  2  42  3  74  4  87  5  95  6  79  7  3  8  69  9  88  10  47  11  91  12  28  13  29  14  77  15  65  16  51  17  68  18  63  19  29
  0  61  1  84  2  18  3  50  4  73  5  7  6  1  7  49  8  77  9  25  10  42  11  94  12  84  13  45  14  42  15  62  16  23  17  9  18  26  19  89
  0  97  1  76  2  84  3  37  4  25  5  42  6  34  7  58  8  11  9  48  10  63  11  7  12  54  13  85  14  62  15  53  16  60  17  26  18  53  19  91
  0  22  1  16  2  55  3  48  4  99  5  11  6  58  7  25  8  97  9  51  10  4  11  44  12  22  13  7  14  70  15  79  16  70  17  23  18  31  19  76
  0  97  1  60  2  25  3  9  4  31  5  11  6  55  7  29  8  57  9  34  10  23  11  88  12  91  13  31  14  31  15  60  16  98  17  60  18  44  19  69
  0  34  1  79  2  76  3  27  4  23  5  31  6  40  7  27  8  91  9  37  10  82  11  22  12  13  13  56  14  1  15  31  16  57  17  24  18  96  19  12
  0  27  1  74  2  15  3  11  4  30  5  16  6  94  7  82  8  37  9  18  10  99  11  28  12  89  13  12  14  31  15  97  16  92  17  36  18  21  19  62
  0  94  1  62  2  71  3  51  4  19  5  80  6  87  7  95  8  29  9  50  10  6  11  39  12  37  13  30  14  32  15  4  16  62  17  33  18  38  19  23
  0  30  1  92  2  69  3  63  4  52  5  32  6  70  7  19  8  29  9  50  10  39  11  48  12  73  13  92  14  52  15  70  16  33  17  61  18  28  19  50
  0  79  1  80  2  22  3  47  4  65  5  22  6  71  7  93  8  95  9  56  10  27  11  38  12  51  13  87  14  43  15  60  16  45  17  88  18  21  19  53
  0  36  1  40  2  14  3  21  4  99  5  35  6  48  7  36  8  33  9  20  10  9  11  71  12  69  13  69  14  8  15  76  16  95  17  13  18  27  19  80
  0  21  1  75  2  94  3  35  4  29  5  90  6  55  7  34  8  23  9  92  10  27  11  66  12  29  13  10  14  61  15  93  16  31  17  11  18  53  19  58
  0  53  1  65  2  63  3  60  4  96  5  35  6  42  7  68  8  22  9  2  10  84  11  41  12  10  13  95  14  45  15  75  16  54  17  81  18  86  19  23
  0  72  1  19  2  55  3  25  4  29  5  6  6  90  7  58  8  8  9  56  10  34  11  97  12  84  13  95  14  69  15  45  16  89  17  60  18  26  19  65
  0  44  1  28  2  28  3  29  4  19  5  32  6  54  7  70  8  71  9  27  10  64  11  94  12  15  13  9  14  91  15  98  16  65  17  10  18  9  19  80
  0  51  1  20  2  23  3  66  4  78  5  97  6  51  7  80  8  11  9  92  10  81  11  11  12  69  13  70  14  36  15  74  16  87  17  17  18  66  19  82
  0  83  1  83  2  57  3  43  4  4  5  64  6  42  7  55  8  74  9  46  10  17  11  4  12  66  13  65  14  28  15  30  16  42  17  49  18  76  19  48
  0  54  1  42  2  50  3  50  4  14  5  44  6  83  7  84  8  38  9  96  10  96  11  29  12  54  13  97  14  84  15  85  16  25  17  54  18  35  19  68
  0  2  1  76  2  12  3  49  4  42  5  71  6  23  7  3  8  40  9  13  10  60  11  56  12  48  13  84  14  94  15  32  16  2  17  9  18  39  19  43
  0  73  1  29  2  33  3  73  4  2  5  4  6  6  7  70  8  96  9  11  10  16  11  10  12  99  13  2  14  83  15  14  16  49  17  28  18  53  19  52
  0  96  1  45  2  61  3  40  4  51  5  57  6  95  7  5  8  65  9  57  10  66  11  9  12  80  13  89  14  29  15  35  16  4  17  26  18  28  19  70
  0  70  1  30  2  53  3  53  4  28  5  60  6  22  7  69  8  41  9  43  10  37  11  96  12  92  13  89  14  84  15  58  16  58  17  65  18  56  19  18
  0  42  1  25  2  25  3  20  4  31  5  66  6  12  7  83  8  94  9  77  10  6  11  83  12  32  13  71  14  34  15  77  16  56  17  33  18  7  19  66
  0  54  1  34  2  60  3  8  4  68  5  77  6  80  7  2  8  94  9  73  10  99  11  24  12  81  13  84  14  71  15  87  16  77  17  59  18  79  19  40
  0  68  1  60  2  34  3  37  4  98  5  58  6  66  7  57  8  60  9  37  10  18  11  31  12  8  13  37  14  78  15  6  16  19  17  30  18  44  19  81
  0  19  1  15  2  69  3  76  4  37  5  50  6  56  7  3  8  54  9  85  10  96  11  76  12  75  13  65  14  57  15  82  16  19  17  80  18  79  19  74
  0  24  1  29  2  27  3  66  4  4  5  97  6  21  7  64  8  99  9  60  10  15  11  41  12  22  13  84  14  28  15  31  16  72  17  71  18  23  19  32
  0  81  1  75  2  4  3  17  4  24  5  72  6  64  7  1  8  77  9  89  10  21  11  8  12  39  13  7  14  4  15  52  16  27  17  79  18  83  19  10
  0  23  1  65  2  81  3  46  4  30  5  40  6  60  7  43  8  57  9  41  10  15  11  17  12  59  13  72  14  5  15  39  16  80  17  51  18  87  19  94
  0  88  1  2  2  60  3  41  4  5  5  4  6  11  7  44  8  46  9  58  10  35  11  17  12  59  13  35  14  72  15  91  16  98  17  7  18  69  19  71
  0  70  1  88  2  68  3  76  4  72  5  34  6  80  7  67  8  69  9  59  10  7  11  98  12  3  13  97  14  86  15  58  16  28  17  95  18  8  19  74
  0  11  1  25  2  13  3  16  4  36  5  47  6  66  7  96  8  18  9  70  10  80  11  75  12  98  13  81  14  13  15  8  16  87  17  33  18  78  19  83
  0  71  1  46  2  46  3  71  4  99  5  21  6  10  7  44  8  25  9  95  10  48  11  53  12  54  13  81  14  25  15  84  16  40  17  69  18  83  19  10
  0  11  1  83  2  38  3  18  4  36  5  28  6  77  7  83  8  54  9  56  10  17  11  16  12  28  13  45  14  74  15  96  16  93  17  80  18  59  19  85
  0  18  1  55  2  82  3  65  4  92  5  48  6  52  7  54  8  14  9  56  10  92  11  5  12  34  13  61  14  8  15  60  16  83  17  76  18  83  19  51
  0  6  1  3  2  84  3  47  4  36  5  84  6  8  7  88  8  32  9  49  10  85  11  72  12  39  13  66  14  56  15  73  16  26  17  56  18  42  19  9
  0  60  1  53  2  6  3  80  4  74  5  83  6  74  7  66  8  52  9  12  10  49  11  38  12  56  13  87  14  41  15  12  16  51  17  76  18  6  19  83
  0  95  1  64  2  59  3  93  4  25  5  59  6  8  7  17  8  35  9  53  10  14  11  82  12  38  13  95  14  80  15  64  16  54  17  93  18  44  19  5
  0  58  1  58  2  87  3  45  4  6  5  39  6  17  7  93  8  86  9  26  10  73  11  47  12  95  13  25  14  71  15  42  16  23  17  5  18  74  19  11
  0  84  1  98  2  57  3  60  4  64  5  5  6  20  7  10  8  26  9  99  10  42  11  40  12  28  13  81  14  6  15  51  16  33  17  99  18  10  19  30
  0  13  1  26  2  62  3  72  4  78  5  95  6  33  7  11  8  87  9  10  10  86  11  46  12  23  13  66  14  33  15  80  16  13  17  93  18  72  19  96
  0  79  1  72  2  16  3  43  4  93  5  84  6  9  7  12  8  4  9  25  10  90  11  10  12  58  13  57  14  67  15  75  16  21  17  8  18  75  19  94
  0  80  1  24  2  70  3  92  4  78  5  46  6  70  7  32  8  19  9  63  10  32  11  31  12  31  13  48  14  30  15  84  16  96  17  9  18  93  19  58
  0  63  1  87  2  2  3  71  4  12  5  91  6  32  7  2  8  36  9  51  10  50  11  89  12  71  13  32  14  46  15  95  16  65  17  40  18  71  19  55
  0  70  1  4  2  38  3  45  4  35  5  27  6  74  7  36  8  86  9  37  10  56  11  1  12  42  13  70  14  51  15  7  16  15  17  87  18  41  19  24
  0  66  1  84  2  30  3  94  4  39  5  62  6  33  7  75  8  79  9  65  10  6  11  42  12  18  13  95  14  74  15  1  16  77  17  73  18  54  19  72
  0  18  1  87  2  85  3  22  4  52  5  73  6  21  7  59  8  72  9  94  10  28  11  37  12  89  13  29  14  7  15  8  16  67  17  77  18  42  19  31
  0  98  1  52  2  16  3  37  4  66  5  7  6  71  7  82  8  74  9  15  10  96  11  67  12  57  13  22  14  66  15  83  16  87  17  9  18  63  19  23
  0  43  1  51  2  69  3  68  4  15  5  68  6  93  7  32  8  51  9  82  10  79  11  38  12  85  13  45  14  12  15  35  16  79  17  93  18  4  19  3
  0  77  1  43  2  51  3  98  4  75  5  37  6  78  7  26  8  27  9  3  10  99  11  45  12  45  13  84  14  88  15  66  16  83  17  52  18  24  19  69
  0  90  1  21  2  50  3  46  4  83  5  4  6  76  7  82  8  79  9  4  10  91  11  3  12  71  13  15  14  85  15  46  16  54  17  71  18  97  19  61
  0  32  1  97  2  22  3  22  4  55  5  9  6  52  7  11  8  71  9  94  10  50  11  24  12  94  13  73  14  51  15  84  16  21  17  1  18  62  19  78
  0  47  1  73  2  1  3  45  4  71  5  49  6  87  7  87  8  78  9  2  10  94  11  81  12  44  13  47  14  91  15  3  16  5  17  32  18  75  19  5
  0  86  1  71  2  46  3  2  4  79  5  63  6  76  7  57  8  6  9  24  10  90  11  72  12  18  13  26  14  42  15  25  16  28  17  32  18  67  19  6
  0  46  1  43  2  35  3  54  4  90  5  21  6  42  7  88  8  86  9  46  10  16  11  78  12  70  13  25  14  7  15  10  16  71  17  49  18  14  19  45
  0  32  1  72  2  55  3  67  4  88  5  76  6  72  7  60  8  22  9  11  10  52  11  84  12  60  13  51  14  80  15  25  16  80  17  2  18  77  19  33
  0  50  1  36  2  76  3  88  4  94  5  60  6  45  7  57  8  2  9  30  10  47  11  6  12  75  13  62  14  19  15  14  16  12  17  26  18  93  19  96
  0  69  1  97  2  93  3  7  4  32  5  19  6  87  7  13  8  7  9  86  10  68  11  37  12  2  13  72  14  9  15  21  16  67  17  46  18  96  19  55
  0  10  1  45  2  57  3  74  4  92  5  23  6  15  7  19  8  98  9  68  10  51  11  5  12  18  13  70  14  59  15  61  16  80  17  79  18  9  19  17
  0  43  1  87  2  60  3  59  4  6  5  18  6  6  7  84  8  28  9  18  10  16  11  15  12  45  13  72  14  17  15  60  16  27  17  98  18  47  19  38
  0  17  1  82  2  38  3  85  4  48  5  67  6  41  7  34  8  32  9  5  10  91  11  11  12  46  13  29  14  67  15  5  16  85  17  23  18  8  19  17
  0  47  1  70  2  77  3  51  4  63  5  27  6  97  7  52  8  1  9  44  10  89  11  78  12  93  13  40  14  92  15  63  16  73  17  94  18  48  19  15
  0  22  1  6  2  77  3  43  4  58  5  50  6  72  7  33  8  21  9  26  10  1  11  80  12  30  13  67  14  78  15  77  16  26  17  65  18  64  19  12
  0  22  1  33  2  86  3  99  4  13  5  1  6  95  7  88  8  39  9  21  10  13  11  94  12  92  13  33  14  5  15  44  16  2  17  6  18  31  19  53
  0  50  1  57  2  14  3  66  4  15  5  34  6  34  7  13  8  8  9  81  10  76  11  81  12  79  13  50  14  53  15  13  16  18  17  10  18  77  19  42
  0  26  1  78  2  83  3  66  4  94  5  75  6  7  7  16  8  81  9  62  10  68  11  29  12  70  13  33  14  23  15  90  16  71  17  59  18  79  19  73
  0  84  1  10  2  91  3  78  4  46  5  94  6  74  7  80  8  7  9  7  10  11  11  26  12  44  13  63  14  34  15  25  16  85  17  61  18  13  19  38
  0  88  1  2  2  78  3  71  4  34  5  61  6  50  7  96  8  4  9  98  10  72  11  80  12  46  13  23  14  60  15  94  16  76  17  80  18  6  19  17
  0  39  1  18  2  14  3  73  4  40  5  38  6  54  7  64  8  31  9  57  10  46  11  68  12  92  13  19  14  27  15  46  16  54  17  36  18  61  19  53
  0  47  1  67  2  89  3  55  4  85  5  32  6  28  7  1  8  9  9  35  10  71  11  87  12  29  13  57  14  52  15  42  16  89  17  26  18  57  19  82
  0  6  1  70  2  26  3  40  4  49  5  24  6  50  7  69  8  98  9  44  10  68  11  58  12  70  13  50  14  27  15  20  16  7  17  88  18  38  19  43
  0  63  1  99  2  69  3  9  4  50  5  30  6  33  7  17  8  3  9  17  10  74  11  78  12  91  13  46  14  66  15  63  16  94  17  40  18  54  19  10
  0  95  1  58  2  28  3  33  4  76  5  90  6  4  7  1  8  20  9  82  10  27  11  46  12  46  13  30  14  64  15  51  16  35  17  30  18  13  19  8
  0  25  1  64  2  59  3  53  4  77  5  68  6  77  7  25  8  50  9  6  10  15  11  85  12  30  13  42  14  43  15  28  16  98  17  1  18  55  19  22
  0  43  1  42  2  28  3  10  4  41  5  97  6  93  7  33  8  71  9  38  10  90  11  54  12  30  13  83  14  84  15  7  16  59  17  60  18  64  19  86
  0  18  1  73  2  79  3  69  4  45  5  47  6  61  7  19  8  5  9  53  10  42  11  13  12  2  13  37  14  67  15  8  16  18  17  84  18  63  19  27
  0  6  1  28  2  13  3  19  4  27  5  57  6  43  7  45  8  44  9  86  10  28  11  88  12  83  13  8  14  64  15  83  16  41  17  14  18  75  19  8
  0  94  1  87  2  41  3  2  4  30  5  72  6  69  7  96  8  30  9  89  10  51  11  57  12  44  13  58  14  69  15  92  16  58  17  30  18  48  19  71
  0  43  1  46  2  63  3  48  4  16  5  88  6  58  7  2  8  77  9  74  10  24  11  24  12  1  13  5  14  51  15  20  16  71  17  94  18  51  19  3
  0  11  1  24  2  5  3  97  4  47  5  80  6  96  7  93  8  97  9  11  10  34  11  92  12  78  13  81  14  62  15  56  16  65  17  12  18  17  19  49
  0  69  1  46  2  90  3  24  4  90  5  71  6  91  7  1  8  73  9  90  10  29  11  34  12  78  13  14  14  42  15  75  16  37  17  32  18  75  19  65
  0  52  1  73  2  54  3  18  4  77  5  71  6  10  7  83  8  67  9  82  10  69  11  5  12  91  13  38  14  4  15  88  16  61  17  18  18  2  19  75
  0  93  1  83  2  9  3  72  4  34  5  1  6  50  7  68  8  90  9  42  10  32  11  78  12  62  13  56  14  84  15  56  16  76  17  36  18  88  19  75
  0  38  1  26  2  15  3  95  4  75  5  47  6  38  7  28  8  44  9  39  10  41  11  82  12  98  13  37  14  96  15  76  16  61  17  37  18  89  19  6
  0  43  1  26  2  39  3  30  4  1  5  59  6  19  7  19  8  21  9  32  10  76  11  55  12  77  13  76  14  20  15  4  16  12  17  60  18  13  19  75
  0  5  1  92  2  89  3  57  4  60  5  52  6  91  7  83  8  24  9  92  10  86  11  70  12  89  13  90  14  14  15  44  16  72  17  48  18  71  19  19
  0  60  1  56  2  44  3  20  4  68  5  84  6  25  7  60  8  47  9  53  10  93  11  95  12  38  13  3  14  46  15  39  16  59  17  73  18  89  19  5
  0  73  1  48  2  42  3  93  4  81  5  30  6  19  7  69  8  17  9  52  10  78  11  70  12  56  13  46  14  59  15  47  16  75  17  16  18  38  19  49
  0  87  1  89  2  89  3  74  4  75  5  54  6  34  7  68  8  84  9  78  10  79  11  29  12  41  13  1  14  24  15  59  16  28  17  30  18  61  19  84
  0  4  1  66  2  96  3  89  4  75  5  75  6  86  7  88  8  47  9  46  10  40  11  5  12  96  13  24  14  57  15  29  16  79  17  97  18  91  19  85
  0  32  1  88  2  47  3  21  4  41  5  61  6  73  7  6  8  95  9  62  10  94  11  91  12  38  13  47  14  1  15  94  16  94  17  58  18  81  19  71
  0  14  1  70  2  79  3  15  4  94  5  97  6  97  7  99  8  44  9  49  10  81  11  36  12  8  13  61  14  75  15  25  16  70  17  54  18  98  19  18
  0  9  1  89  2  18  3  21  4  57  5  17  6  86  7  4  8  94  9  49  10  1  11  3  12  91  13  94  14  77  15  18  16  60  17  44  18  55  19  55
  0  99  1  87  2  84  3  63  4  21  5  94  6  37  7  57  8  10  9  18  10  82  11  36  12  52  13  63  14  74  15  29  16  30  17  62  18  72  19  39
  0  67  1  39  2  90  3  64  4  74  5  38  6  24  7  3  8  31  9  83  10  23  11  89  12  7  13  54  14  2  15  14  16  94  17  27  18  7  19  15
  0  22  1  4  2  73  3  50  4  64  5  23  6  52  7  97  8  59  9  31  10  93  11  21  12  13  13  59  14  96  15  13  16  43  17  37  18  80  19  11
  0  2  1  25  2  37  3  24  4  57  5  57  6  57  7  36  8  53  9  32  10  50  11  67  12  53  13  80  14  92  15  4  16  45  17  98  18  88  19  38
  0  79  1  38  2  9  3  74  4  36  5  81  6  57  7  84  8  59  9  40  10  76  11  35  12  23  13  67  14  79  15  7  16  80  17  67  18  91  19  80
  0  35  1  26  2  29  3  64  4  31  5  28  6  32  7  89  8  50  9  9  10  60  11  85  12  60  13  62  14  94  15  24  16  51  17  14  18  9  19  91
  0  68  1  9  2  15  3  21  4  6  5  99  6  77  7  13  8  35  9  19  10  69  11  96  12  81  13  62  14  1  15  30  16  69  17  40  18  53  19  52
  0  93  1  60  2  93  3  4  4  2  5  45  6  49  7  97  8  82  9  5  10  80  11  20  12  98  13  20  14  67  15  64  16  18  17  98  18  5  19  43
  0  12  1  12  2  71  3  37  4  44  5  34  6  19  7  66  8  59  9  27  10  88  11  90  12  47  13  51  14  59  15  80  16  37  17  92  18  91  19  24
  0  57  1  44  2  97  3  36  4  60  5  66  6  75  7  12  8  85  9  30  10  77  11  24  12  38  13  10  14  3  15  58  16  82  17  73  18  31  19  51
  0  80  1  12  2  38  3  51  4  40  5  65  6  72  7  32  8  34  9  75  10  59  11  31  12  16  13  55  14  81  15  81  16  46  17  51  18  51  19  63
  0  91  1  49  2  61  3  10  4  70  5  38  6  86  7  14  8  62  9  52  10  80  11  38  12  92  13  30  14  76  15  34  16  60  17  78  18  93  19  2
  0  90  1  27  2  11  3  53  4  3  5  7  6  47  7  71  8  34  9  94  10  78  11  70  12  77  13  99  14  63  15  82  16  1  17  90  18  67  19  62
  0  59  1  80  2  6  3  59  4  36  5  34  6  45  7  92  8  53  9  54  10  30  11  57  12  40  13  46  14  26  15  21  16  70  17  2  18  7  19  3
  0  81  1  29  2  9  3  33  4  43  5  17  6  37  7  48  8  51  9  20  10  8  11  63  12  55  13  6  14  42  15  22  16  39  17  88  18  58  19  28
  0  21  1  45  2  32  3  94  4  47  5  94  6  4  7  71  8  82  9  83  10  66  11  46  12  32  13  2  14  66  15  8  16  44  17  20  18  83  19  41
  0  79  1  48  2  94  3  75  4  40  5  19  6  17  7  10  8  9  9  73  10  99  11  95  12  25  13  92  14  98  15  35  16  9  17  99  18  65  19  40
  0  6  1  37  2  29  3  47  4  9  5  73  6  44  7  98  8  96  9  23  10  45  11  21  12  73  13  56  14  31  15  62  16  13  17  46  18  57  19  83
  0  36  1  80  2  21  3  2  4  84  5  29  6  70  7  29  8  57  9  52  10  49  11  64  12  19  13  82  14  91  15  31  16  21  17  21  18  6  19  63
  0  73  1  26  2  14  3  74  4  56  5  94  6  42  7  86  8  77  9  54  10  80  11  81  12  94  13  18  14  48  15  5  16  75  17  73  18  35  19  50
  0  54  1  6  2  16  3  83  4  5  5  82  6  46  7  98  8  57  9  32  10  86  11  10  12  3  13  17  14  24  15  17  16  82  17  72  18  75  19  15
  0  49  1  48  2  4  3  17  4  43  5  7  6  74  7  13  8  32  9  34  10  25  11  1  12  96  13  79  14  47  15  39  16  57  17  35  18  81  19  27
  0  91  1  11  2  90  3  97  4  75  5  76  6  55  7  86  8  40  9  65  10  94  11  13  12  48  13  73  14  37  15  79  16  19  17  82  18  65  19  87
  0  47  1  11  2  20  3  9  4  14  5  56  6  42  7  74  8  76  9  81  10  79  11  69  12  80  13  74  14  93  15  40  16  36  17  70  18  35  19  50
  0  48  1  15  2  87  3  48  4  5  5  13  6  86  7  37  8  46  9  95  10  55  11  41  12  70  13  90  14  42  15  30  16  67  17  82  18  25  19  32
  0  70  1  98  2  21  3  56  4  62  5  55  6  38  7  99  8  88  9  57  10  33  11  2  12  61  13  24  14  60  15  92  16  56  17  89  18  52  19  33
  0  28  1  9  2  50  3  38  4  8  5  48  6  61  7  44  8  52  9  69  10  34  11  59  12  55  13  4  14  77  15  94  16  58  17  97  18  42  19  91
  0  94  1  81  2  66  3  59  4  64  5  60  6  38  7  17  8  46  9  65  10  32  11  87  12  55  13  98  14  26  15  94  16  28  17  51  18  90  19  61
  0  94  1  91  2  34  3  2  4  55  5  53  6  19  7  67  8  74  9  62  10  90  11  81  12  73  13  78  14  96  15  71  16  78  17  55  18  70  19  93
  0  28  1  41  2  18  3  96  4  96  5  59  6  27  7  75  8  52  9  51  10  89  11  15  12  57  13  87  14  6  15  9  16  99  17  43  18  10  19  35
  0  95  1  22  2  40  3  87  4  4  5  71  6  31  7  10  8  52  9  6  10  23  11  97  12  62  13  57  14  95  15  35  16  6  17  93  18  70  19  2
  0  62  1  93  2  62  3  65  4  31  5  60  6  52  7  32  8  31  9  8  10  11  11  34  12  92  13  65  14  16  15  79  16  19  17  74  18  22  19  73
  0  72  1  72  2  84  3  5  4  17  5  91  6  48  7  51  8  21  9  24  10  43  11  43  12  96  13  11  14  61  15  3  16  42  17  78  18  95  19  22
  0  93  1  21  2  75  3  77  4  20  5  94  6  15  7  78  8  13  9  89  10  66  11  89  12  56  13  77  14  62  15  93  16  68  17  63  18  54  19  71
  0  59  1  83  2  2  3  21  4  53  5  24  6  79  7  38  8  51  9  71  10  80  11  32  12  45  13  93  14  56  15  54  16  12  17  24  18  5  19  56
  0  36  1  7  2  9  3  9  4  53  5  11  6  85  7  42  8  99  9  30  10  85  11  99  12  24  13  19  14  73  15  10  16  85  17  44  18  58  19  15
  0  47  1  35  2  69  3  18  4  46  5  79  6  96  7  31  8  86  9  84  10  23  11  39  12  96  13  7  14  36  15  13  16  45  17  23  18  3  19  33
  0  4  1  85  2  12  3  15  4  99  5  93  6  55  7  33  8  7  9  70  10  83  11  98  12  56  13  29  14  47  15  36  16  68  17  67  18  40  19  51
  0  46  1  20  2  76  3  1  4  61  5  59  6  83  7  5  8  50  9  32  10  81  11  47  12  80  13  67  14  95  15  72  16  54  17  83  18  16  19  68
  0  86  1  90  2  86  3  84  4  34  5  76  6  16  7  45  8  90  9  88  10  21  11  33  12  74  13  89  14  44  15  69  16  55  17  21  18  28  19  18
  0  16  1  18  2  13  3  68  4  35  5  48  6  96  7  6  8  38  9  77  10  92  11  43  12  54  13  85  14  44  15  92  16  72  17  64  18  2  19  5
  0  98  1  12  2  71  3  73  4  38  5  63  6  73  7  24  8  58  9  42  10  94  11  11  12  23  13  24  14  6  15  83  16  85  17  43  18  69  19  24
  0  85  1  81  2  94  3  38  4  93  5  19  6  78  7  70  8  92  9  44  10  49  11  75  12  86  13  44  14  18  15  43  16  87  17  29  18  83  19  94
  0  12  1  56  2  54  3  68  4  85  5  59  6  89  7  79  8  52  9  3  10  62  11  12  12  11  13  13  14  1  15  83  16  50  17  48  18  56  19  90
  0  51  1  31  2  24  3  21  4  56  5  33  6  84  7  93  8  54  9  86  10  62  11  63  12  12  13  90  14  20  15  5  16  52  17  96  18  15  19  44
  0  67  1  20  2  22  3  33  4  14  5  3  6  58  7  62  8  25  9  19  10  90  11  54  12  36  13  6  14  10  15  5  16  18  17  64  18  87  19  49
  0  55  1  50  2  70  3  64  4  16  5  58  6  52  7  55  8  2  9  72  10  53  11  67  12  69  13  25  14  87  15  26  16  77  17  99  18  88  19  9
  0  77  1  64  2  39  3  87  4  68  5  12  6  13  7  93  8  87  9  63  10  41  11  11  12  86  13  49  14  36  15  82  16  36  17  64  18  57  19  87
  0  46  1  87  2  93  3  42  4  5  5  86  6  95  7  6  8  64  9  63  10  80  11  10  12  24  13  7  14  4  15  44  16  3  17  55  18  60  19  55
  0  92  1  93  2  51  3  59  4  31  5  24  6  59  7  53  8  43  9  1  10  85  11  91  12  32  13  7  14  49  15  61  16  28  17  15  18  75  19  64
  0  23  1  68  2  94  3  2  4  39  5  60  6  35  7  3  8  25  9  10  10  96  11  59  12  64  13  59  14  23  15  49  16  52  17  33  18  12  19  67
  0  66  1  49  2  33  3  85  4  37  5  58  6  50  7  19  8  1  9  56  10  55  11  70  12  83  13  3  14  60  15  74  16  57  17  25  18  25  19  71
  0  55  1  11  2  90  3  74  4  45  5  2  6  55  7  12  8  95  9  46  10  32  11  62  12  92  13  80  14  41  15  15  16  72  17  36  18  49  19  13
  0  91  1  98  2  54  3  69  4  58  5  68  6  79  7  68  8  68  9  91  10  14  11  83  12  47  13  57  14  28  15  74  16  83  17  3  18  42  19  55
  0  92  1  48  2  32  3  30  4  66  5  55  6  97  7  51  8  81  9  95  10  17  11  41  12  80  13  67  14  91  15  82  16  44  17  84  18  22  19  75
  0  20  1  38  2  86  3  96  4  84  5  14  6  16  7  33  8  35  9  83  10  73  11  65  12  53  13  38  14  92  15  15  16  88  17  21  18  33  19  91
  0  42  1  59  2  47  3  2  4  52  5  27  6  77  7  9  8  19  9  79  10  29  11  39  12  20  13  36  14  70  15  97  16  86  17  9  18  81  19  25
  0  64  1  2  2  33  3  4  4  73  5  28  6  65  7  10  8  21  9  16  10  26  11  60  12  63  13  11  14  52  15  97  16  98  17  81  18  21  19  22
  0  45  1  98  2  12  3  55  4  30  5  40  6  43  7  99  8  3  9  33  10  74  11  28  12  45  13  57  14  1  15  8  16  31  17  45  18  71  19  61
  0  80  1  68  2  98  3  9  4  86  5  1  6  65  7  30  8  23  9  75  10  24  11  73  12  65  13  2  14  54  15  70  16  73  17  97  18  23  19  42
  0  18  1  44  2  61  3  20  4  55  5  86  6  53  7  91  8  87  9  30  10  3  11  68  12  44  13  93  14  19  15  14  16  88  17  41  18  39  19  5
  0  33  1  88  2  84  3  91  4  9  5  60  6  7  7  82  8  30  9  44  10  77  11  89  12  48  13  61  14  31  15  81  16  84  17  68  18  61  19  48
  0  85  1  38  2  22  3  77  4  44  5  96  6  99  7  80  8  75  9  9  10  47  11  27  12  45  13  44  14  96  15  80  16  83  17  63  18  91  19  43
  0  37  1  5  2  16  3  36  4  43  5  69  6  92  7  93  8  27  9  16  10  90  11  44  12  51  13  38  14  62  15  91  16  71  17  72  18  1  19  39
  0  89  1  47  2  85  3  3  4  85  5  2  6  48  7  22  8  83  9  10  10  3  11  52  12  88  13  93  14  95  15  98  16  85  17  16  18  75  19  40
  0  87  1  85  2  2  3  24  4  93  5  14  6  26  7  62  8  76  9  3  10  26  11  46  12  4  13  59  14  66  15  43  16  84  17  60  18  24  19  73
  0  83  1  17  2  3  3  63  4  40  5  13  6  18  7  25  8  88  9  14  10  29  11  5  12  76  13  70  14  51  15  8  16  6  17  61  18  86  19  93
  0  66  1  61  2  23  3  86  4  24  5  16  6  25  7  58  8  83  9  58  10  3  11  68  12  41  13  12  14  26  15  82  16  99  17  54  18  30  19  85
  0  2  1  40  2  22  3  75  4  13  5  4  6  93  7  94  8  61  9  92  10  87  11  41  12  5  13  9  14  87  15  70  16  90  17  50  18  16  19  59
  0  30  1  72  2  59  3  18  4  99  5  38  6  74  7  63  8  38  9  98  10  24  11  79  12  5  13  35  14  45  15  38  16  24  17  57  18  73  19  57
  0  19  1  33  2  43  3  12  4  15  5  96  6  60  7  34  8  74  9  59  10  15  11  60  12  79  13  21  14  63  15  10  16  81  17  54  18  23  19  16
  0  80  1  18  2  36  3  32  4  12  5  3  6  10  7  84  8  44  9  42  10  34  11  46  12  18  13  21  14  37  15  64  16  76  17  63  18  25  19  42
  0  81  1  5  2  17  3  76  4  96  5  58  6  81  7  7  8  93  9  31  10  17  11  98  12  12  13  68  14  51  15  94  16  68  17  12  18  45  19  4
  0  17  1  9  2  14  3  89  4  81  5  11  6  24  7  8  8  29  9  38  10  13  11  82  12  48  13  14  14  39  15  25  16  52  17  79  18  72  19  50
  0  26  1  54  2  69  3  22  4  74  5  99  6  96  7  46  8  54  9  94  10  3  11  88  12  90  13  46  14  46  15  90  16  16  17  69  18  29  19  5
  0  67  1  38  2  99  3  73  4  46  5  74  6  16  7  24  8  26  9  18  10  92  11  57  12  51  13  22  14  66  15  49  16  68  17  48  18  45  19  90
  0  79  1  49  2  54  3  34  4  26  5  81  6  59  7  30  8  11  9  78  10  47  11  69  12  46  13  71  14  6  15  58  16  77  17  41  18  5  19  92
  0  4  1  46  2  94  3  21  4  24  5  50  6  62  7  94  8  50  9  41  10  17  11  60  12  91  13  36  14  90  15  35  16  86  17  83  18  76  19  63
  0  36  1  34  2  44  3  65  4  76  5  31  6  98  7  6  8  78  9  31  10  82  11  53  12  81  13  76  14  24  15  11  16  81  17  64  18  83  19  23
  0  36  1  93  2  75  3  13  4  65  5  78  6  25  7  89  8  47  9  57  10  18  11  25  12  48  13  46  14  54  15  9  16  28  17  5  18  89  19  12
  0  19  1  28  2  46  3  29  4  61  5  59  6  22  7  74  8  46  9  7  10  26  11  52  12  1  13  10  14  29  15  33  16  13  17  67  18  87  19  95
  0  89  1  50  2  97  3  25  4  82  5  37  6  86  7  68  8  28  9  65  10  36  11  1  12  99  13  75  14  14  15  44  16  54  17  84  18  26  19  35
  0  21  1  33  2  56  3  50  4  73  5  83  6  34  7  31  8  76  9  55  10  33  11  54  12  4  13  44  14  25  15  49  16  59  17  45  18  15  19  63
  0  61  1  75  2  40  3  22  4  55  5  84  6  21  7  25  8  78  9  81  10  68  11  91  12  92  13  14  14  10  15  38  16  44  17  95  18  89  19  46
  0  32  1  58  2  34  3  67  4  85  5  64  6  6  7  60  8  83  9  22  10  86  11  64  12  71  13  86  14  50  15  49  16  53  17  31  18  28  19  98
  0  60  1  18  2  78  3  21  4  30  5  33  6  94  7  87  8  60  9  20  10  41  11  41  12  88  13  59  14  82  15  38  16  40  17  72  18  40  19  99
  0  38  1  35  2  19  3  95  4  59  5  42  6  57  7  87  8  94  9  50  10  13  11  95  12  32  13  2  14  77  15  76  16  85  17  87  18  87  19  21
  0  25  1  16  2  80  3  8  4  87  5  2  6  92  7  71  8  80  9  71  10  24  11  81  12  93  13  62  14  98  15  30  16  82  17  69  18  2  19  64
  0  11  1  46  2  73  3  45  4  37  5  78  6  84  7  87  8  93  9  89  10  36  11  15  12  1  13  34  14  42  15  62  16  4  17  95  18  98  19  74
  0  28  1  1  2  48  3  1  4  99  5  98  6  84  7  92  8  58  9  89  10  66  11  36  12  68  13  84  14  28  15  81  16  25  17  33  18  13  19  59
  0  72  1  65  2  57  3  95  4  10  5  12  6  7  7  50  8  43  9  14  10  54  11  54  12  11  13  40  14  99  15  25  16  91  17  52  18  4  19  62
  0  59  1  11  2  80  3  85  4  65  5  95  6  18  7  37  8  52  9  90  10  72  11  75  12  23  13  55  14  40  15  40  16  28  17  77  18  4  19  40
  0  46  1  94  2  34  3  22  4  65  5  9  6  59  7  99  8  86  9  45  10  55  11  68  12  19  13  29  14  17  15  20  16  34  17  74  18  2  19  48
  0  84  1  14  2  67  3  93  4  27  5  14  6  42  7  78  8  91  9  49  10  3  11  31  12  86  13  39  14  32  15  88  16  35  17  65  18  4  19  49
  0  83  1  14  2  7  3  88  4  27  5  32  6  97  7  76  8  38  9  79  10  59  11  51  12  94  13  6  14  95  15  52  16  52  17  8  18  93  19  92
  0  95  1  31  2  21  3  46  4  69  5  13  6  64  7  67  8  71  9  6  10  7  11  71  12  64  13  9  14  97  15  58  16  31  17  95  18  85  19  15
  0  74  1  32  2  90  3  85  4  64  5  7  6  55  7  60  8  47  9  22  10  92  11  16  12  90  13  19  14  22  15  34  16  32  17  45  18  66  19  71
  0  35  1  66  2  35  3  42  4  95  5  92  6  38  7  58  8  35  9  82  10  92  11  25  12  72  13  20  14  17  15  91  16  80  17  98  18  34  19  10
  0  43  1  50  2  8  3  31  4  86  5  96  6  13  7  73  8  47  9  30  10  92  11  17  12  93  13  22  14  51  15  14  16  26  17  46  18  6  19  25
  0  4  1  48  2  72  3  22  4  95  5  93  6  79  7  11  8  41  9  1  10  18  11  63  12  55  13  4  14  80  15  74  16  49  17  38  18  47  19  66
  0  18  1  24  2  21  3  23  4  23  5  87  6  14  7  15  8  85  9  60  10  51  11  45  12  58  13  34  14  26  15  47  16  40  17  68  18  37  19  86
  0  49  1  71  2  88  3  65  4  80  5  8  6  20  7  34  8  5  9  5  10  24  11  43  12  82  13  51  14  46  15  8  16  4  17  16  18  77  19  49
  0  87  1  42  2  94  3  57  4  76  5  72  6  2  7  68  8  32  9  21  10  74  11  63  12  17  13  8  14  22  15  32  16  99  17  1  18  6  19  48
  0  36  1  48  2  85  3  60  4  9  5  94  6  84  7  91  8  30  9  98  10  89  11  1  12  29  13  12  14  26  15  50  16  94  17  83  18  88  19  80
  0  34  1  96  2  90  3  87  4  65  5  48  6  89  7  60  8  75  9  34  10  89  11  8  12  82  13  9  14  22  15  1  16  99  17  7  18  74  19  96
  0  97  1  67  2  94  3  27  4  90  5  4  6  8  7  65  8  10  9  78  10  24  11  5  12  39  13  1  14  9  15  8  16  21  17  67  18  57  19  22
  0  53  1  76  2  91  3  56  4  43  5  15  6  68  7  74  8  91  9  99  10  73  11  48  12  16  13  93  14  32  15  63  16  33  17  68  18  69  19  97
  0  71  1  54  2  90  3  89  4  74  5  5  6  72  7  74  8  20  9  80  10  89  11  63  12  62  13  7  14  4  15  85  16  73  17  86  18  3  19  17
  0  51  1  52  2  57  3  69  4  96  5  85  6  37  7  20  8  2  9  66  10  13  11  89  12  90  13  1  14  15  15  9  16  99  17  44  18  42  19  37
  0  5  1  41  2  41  3  11  4  14  5  20  6  87  7  42  8  89  9  30  10  51  11  90  12  80  13  6  14  25  15  89  16  64  17  92  18  40  19  86
  0  25  1  76  2  10  3  37  4  35  5  94  6  70  7  62  8  7  9  18  10  3  11  48  12  28  13  43  14  66  15  65  16  2  17  27  18  74  19  22
  0  60  1  43  2  84  3  85  4  13  5  67  6  94  7  35  8  48  9  2  10  65  11  27  12  14  13  88  14  3  15  89  16  32  17  1  18  75  19  80
  0  22  1  88  2  57  3  64  4  47  5  19  6  13  7  5  8  5  9  48  10  66  11  74  12  18  13  10  14  17  15  18  16  15  17  7  18  5  19  38
  0  85  1  39  2  35  3  82  4  60  5  7  6  4  7  45  8  62  9  75  10  91  11  15  12  2  13  83  14  28  15  39  16  29  17  38  18  25  19  84
  0  80  1  22  2  37  3  98  4  48  5  6  6  10  7  28  8  85  9  59  10  14  11  28  12  22  13  71  14  64  15  70  16  42  17  51  18  94  19  54
  0  69  1  62  2  29  3  47  4  37  5  94  6  61  7  31  8  49  9  13  10  40  11  33  12  72  13  98  14  28  15  47  16  97  17  95  18  71  19  86
  0  57  1  21  2  2  3  39  4  11  5  3  6  64  7  86  8  18  9  55  10  29  11  20  12  52  13  94  14  42  15  84  16  51  17  77  18  19  19  98
  0  89  1  90  2  92  3  61  4  8  5  45  6  52  7  22  8  68  9  30  10  50  11  88  12  94  13  56  14  67  15  7  16  15  17  78  18  42  19  99
  0  29  1  65  2  30  3  95  4  66  5  95  6  28  7  60  8  3  9  50  10  87  11  4  12  39  13  61  14  13  15  50  16  92  17  38  18  94  19  77
  0  21  1  52  2  45  3  56  4  96  5  90  6  30  7  66  8  2  9  79  10  1  11  59  12  1  13  43  14  91  15  87  16  29  17  75  18  33  19  35
  0  78  1  96  2  70  3  6  4  97  5  51  6  24  7  63  8  19  9  72  10  7  11  22  12  75  13  93  14  98  15  39  16  92  17  16  18  31  19  56
  0  49  1  28  2  35  3  87  4  41  5  64  6  77  7  51  8  10  9  36  10  46  11  95  12  1  13  65  14  94  15  71  16  70  17  28  18  46  19  36
  0  61  1  54  2  15  3  12  4  8  5  73  6  96  7  10  8  47  9  84  10  29  11  16  12  41  13  86  14  40  15  86  16  40  17  17  18  22  19  96
  0  41  1  65  2  4  3  56  4  26  5  67  6  4  7  63  8  70  9  95  10  95  11  83  12  75  13  7  14  13  15  55  16  51  17  1  18  73  19  72
  0  54  1  16  2  7  3  85  4  70  5  53  6  3  7  33  8  70  9  5  10  30  11  83  12  11  13  43  14  85  15  55  16  40  17  78  18  65  19  50
  0  20  1  1  2  82  3  94  4  2  5  63  6  64  7  16  8  98  9  74  10  7  11  54  12  46  13  93  14  64  15  9  16  37  17  69  18  6  19  79
  0  88  1  46  2  75  3  23  4  65  5  37  6  17  7  61  8  64  9  38  10  64  11  98  12  47  13  25  14  12  15  38  16  61  17  75  18  6  19  5
  0  1  1  80  2  20  3  10  4  81  5  64  6  22  7  29  8  50  9  11  10  28  11  58  12  33  13  72  14  4  15  79  16  7  17  3  18  69  19  66
  0  51  1  49  2  8  3  80  4  89  5  92  6  86  7  56  8  61  9  5  10  41  11  85  12  64  13  95  14  81  15  22  16  57  17  37  18  23  19  92
  0  24  1  96  2  44  3  74  4  25  5  28  6  31  7  67  8  98  9  87  10  59  11  90  12  87  13  81  14  22  15  65  16  92  17  64  18  2  19  69
  0  88  1  30  2  46  3  73  4  55  5  85  6  7  7  97  8  1  9  89  10  29  11  46  12  84  13  83  14  23  15  12  16  70  17  73  18  42  19  52
  0  60  1  25  2  49  3  79  4  92  5  66  6  55  7  28  8  9  9  41  10  50  11  74  12  14  13  43  14  67  15  38  16  96  17  5  18  53  19  71
  0  70  1  58  2  21  3  39  4  61  5  64  6  28  7  31  8  55  9  83  10  93  11  52  12  68  13  39  14  45  15  6  16  18  17  98  18  73  19  41
  0  97  1  64  2  18  3  45  4  91  5  48  6  22  7  95  8  70  9  96  10  27  11  5  12  61  13  47  14  4  15  21  16  95  17  76  18  20  19  68
  0  50  1  44  2  12  3  38  4  57  5  44  6  99  7  70  8  46  9  39  10  65  11  82  12  29  13  11  14  88  15  30  16  57  17  67  18  93  19  17
  0  15  1  92  2  77  3  84  4  98  5  24  6  97  7  44  8  33  9  91  10  54  11  36  12  8  13  57  14  92  15  30  16  22  17  40  18  11  19  98
  0  96  1  13  2  39  3  30  4  77  5  1  6  39  7  56  8  31  9  33  10  42  11  25  12  27  13  16  14  1  15  27  16  41  17  19  18  48  19  62
  0  29  1  23  2  80  3  25  4  64  5  40  6  6  7  99  8  11  9  20  10  21  11  42  12  20  13  7  14  22  15  61  16  27  17  89  18  43  19  27
  0  15  1  93  2  93  3  92  4  61  5  75  6  37  7  70  8  80  9  28  10  17  11  31  12  47  13  22  14  44  15  99  16  37  17  22  18  85  19  73
  0  34  1  63  2  20  3  80  4  96  5  72  6  63  7  58  8  71  9  74  10  68  11  21  12  92  13  11  14  45  15  44  16  30  17  72  18  71  19  83
  0  40  1  10  2  88  3  6  4  57  5  78  6  87  7  5  8  28  9  47  10  41  11  26  12  57  13  39  14  40  15  20  16  45  17  28  18  33  19  3
  0  8  1  89  2  79  3  94  4  34  5  61  6  64  7  57  8  4  9  94  10  37  11  60  12  78  13  87  14  68  15  45  16  38  17  25  18  47  19  58
  0  21  1  72  2  50  3  84  4  5  5  6  6  60  7  92  8  12  9  53  10  19  11  80  12  45  13  11  14  35  15  80  16  87  17  34  18  90  19  58
  0  12  1  20  2  9  3  21  4  84  5  48  6  78  7  9  8  75  9  27  10  53  11  57  12  83  13  72  14  60  15  28  16  59  17  10  18  5  19  56
  0  79  1  92  2  31  3  74  4  97  5  50  6  89  7  88  8  86  9  34  10  32  11  29  12  37  13  16  14  10  15  13  16  82  17  45  18  65  19  58
  0  64  1  94  2  33  3  72  4  65  5  31  6  91  7  86  8  59  9  89  10  44  11  97  12  61  13  53  14  99  15  73  16  88  17  60  18  91  19  3
  0  49  1  79  2  66  3  99  4  26  5  38  6  7  7  9  8  27  9  92  10  93  11  57  12  6  13  74  14  10  15  55  16  98  17  49  18  32  19  43
  0  3  1  68  2  92  3  27  4  5  5  10  6  74  7  65  8  48  9  34  10  87  11  86  12  72  13  4  14  43  15  53  16  79  17  31  18  12  19  10
  0  6  1  69  2  49  3  68  4  10  5  52  6  99  7  29  8  98  9  42  10  41  11  30  12  45  13  62  14  10  15  83  16  90  17  96  18  27  19  41
  0  17  1  99  2  17  3  78  4  40  5  50  6  81  7  24  8  55  9  30  10  83  11  42  12  41  13  21  14  36  15  59  16  94  17  52  18  18  19  96
  0  64  1  38  2  48  3  33  4  1  5  74  6  3  7  33  8  30  9  17  10  47  11  91  12  39  13  29  14  15  15  94  16  14  17  82  18  71  19  97
  0  72  1  56  2  25  3  59  4  86  5  53  6  82  7  96  8  84  9  40  10  70  11  37  12  75  13  78  14  52  15  89  16  39  17  97  18  20  19  67
  0  68  1  33  2  46  3  12  4  70  5  30  6  14  7  27  8  44  9  73  10  73  11  12  12  5  13  24  14  84  15  41  16  29  17  39  18  33  19  50
  0  13  1  18  2  62  3  5  4  96  5  20  6  25  7  87  8  89  9  13  10  59  11  3  12  85  13  75  14  55  15  94  16  72  17  49  18  38  19  42
  0  58  1  12  2  18  3  56  4  85  5  34  6  55  7  94  8  88  9  14  10  55  11  89  12  21  13  29  14  91  15  33  16  74  17  34  18  6  19  66
  0  38  1  92  2  62  3  84  4  91  5  36  6  28  7  37  8  14  9  74  10  11  11  87  12  72  13  1  14  5  15  70  16  6  17  75  18  77  19  52
  0  17  1  78  2  36  3  87  4  57  5  54  6  52  7  29  8  38  9  5  10  7  11  17  12  31  13  94  14  15  15  85  16  30  17  72  18  34  19  38
  0  74  1  32  2  48  3  84  4  79  5  56  6  4  7  46  8  13  9  29  10  34  11  73  12  1  13  94  14  82  15  19  16  78  17  13  18  34  19  78
  0  99  1  31  2  7  3  83  4  69  5  69  6  50  7  2  8  77  9  6  10  67  11  95  12  38  13  85  14  62  15  30  16  60  17  10  18  59  19  29
  0  13  1  62  2  56  3  44  4  56  5  92  6  22  7  58  8  49  9  66  10  23  11  42  12  54  13  26  14  59  15  59  16  14  17  53  18  44  19  58
  0  45  1  20  2  40  3  13  4  98  5  41  6  61  7  98  8  75  9  6  10  79  11  14  12  70  13  33  14  19  15  77  16  36  17  64  18  2  19  82
  0  41  1  12  2  97  3  58  4  80  5  15  6  84  7  91  8  80  9  75  10  20  11  7  12  73  13  64  14  85  15  91  16  58  17  39  18  46  19  44
  0  68  1  3  2  49  3  46  4  8  5  87  6  41  7  13  8  23  9  64  10  91  11  69  12  34  13  86  14  34  15  42  16  39  17  41  18  76  19  77
  0  47  1  50  2  46  3  23  4  38  5  53  6  57  7  36  8  24  9  63  10  17  11  92  12  67  13  73  14  19  15  25  16  3  17  62  18  90  19  16
  0  33  1  14  2  79  3  1  4  17  5  68  6  3  7  84  8  72  9  58  10  94  11  65  12  47  13  83  14  36  15  13  16  48  17  62  18  29  19  52
  0  13  1  35  2  65  3  48  4  82  5  7  6  11  7  2  8  94  9  81  10  76  11  78  12  17  13  96  14  73  15  56  16  85  17  73  18  69  19  52
  0  7  1  35  2  74  3  57  4  71  5  70  6  48  7  7  8  42  9  35  10  94  11  47  12  51  13  14  14  81  15  93  16  5  17  2  18  19  19  75
  0  78  1  58  2  55  3  20  4  56  5  62  6  4  7  21  8  41  9  54  10  95  11  91  12  52  13  54  14  18  15  6  16  68  17  92  18  85  19  60
  0  95  1  74  2  67  3  30  4  69  5  99  6  49  7  84  8  12  9  73  10  6  11  2  12  7  13  96  14  29  15  85  16  66  17  22  18  19  19  77
  0  97  1  7  2  39  3  22  4  1  5  15  6  96  7  14  8  46  9  23  10  98  11  59  12  14  13  51  14  82  15  11  16  9  17  30  18  47  19  56
  0  61  1  53  2  5  3  83  4  90  5  87  6  45  7  48  8  93  9  52  10  89  11  15  12  72  13  63  14  51  15  41  16  27  17  27  18  57  19  36
  0  68  1  23  2  81  3  13  4  37  5  98  6  95  7  4  8  16  9  82  10  50  11  20  12  93  13  81  14  20  15  77  16  98  17  13  18  95  19  6
  0  20  1  93  2  5  3  18  4  92  5  94  6  78  7  23  8  87  9  15  10  11  11  81  12  58  13  43  14  73  15  58  16  36  17  14  18  81  19  20
  0  49  1  74  2  28  3  61  4  33  5  18  6  24  7  91  8  57  9  41  10  17  11  83  12  58  13  51  14  75  15  78  16  93  17  14  18  64  19  19
  0  23  1  20  2  43  3  8  4  96  5  23  6  60  7  59  8  16  9  58  10  36  11  75  12  69  13  61  14  47  15  46  16  86  17  33  18  63  19  85
  0  50  1  33  2  92  3  33  4  55  5  93  6  32  7  87  8  18  9  69  10  47  11  55  12  57  13  93  14  9  15  25  16  22  17  91  18  73  19  6
  0  15  1  59  2  73  3  87  4  49  5  37  6  66  7  13  8  44  9  11  10  52  11  69  12  21  13  36  14  51  15  32  16  89  17  52  18  27  19  36
  0  15  1  51  2  58  3  36  4  96  5  5  6  32  7  94  8  29  9  66  10  86  11  14  12  4  13  5  14  32  15  74  16  68  17  35  18  43  19  80
  0  77  1  53  2  74  3  6  4  68  5  86  6  66  7  87  8  73  9  26  10  29  11  19  12  43  13  86  14  29  15  41  16  29  17  35  18  9  19  30
  0  72  1  53  2  23  3  26  4  83  5  49  6  67  7  55  8  14  9  28  10  28  11  41  12  42  13  72  14  86  15  10  16  51  17  12  18  56  19  29
  0  51  1  74  2  32  3  32  4  68  5  44  6  80  7  27  8  26  9  78  10  3  11  96  12  63  13  49  14  48  15  14  16  93  17  11  18  56  19  52
  0  79  1  29  2  67  3  65  4  75  5  96  6  13  7  46  8  83  9  27  10  84  11  15  12  99  13  23  14  47  15  72  16  65  17  30  18  33  19  29
  0  42  1  46  2  52  3  11  4  71  5  38  6  73  7  72  8  99  9  71  10  95  11  88  12  68  13  88  14  4  15  98  16  99  17  67  18  51  19  33
  0  40  1  37  2  61  3  30  4  31  5  59  6  6  7  38  8  15  9  88  10  2  11  55  12  15  13  61  14  61  15  40  16  25  17  93  18  56  19  26
  0  6  1  75  2  4  3  88  4  91  5  95  6  72  7  66  8  18  9  40  10  66  11  37  12  51  13  34  14  41  15  85  16  86  17  38  18  62  19  31
  0  7  1  5  2  95  3  92  4  65  5  62  6  7  7  4  8  8  9  80  10  98  11  22  12  46  13  35  14  17  15  78  16  66  17  80  18  8  19  67
  0  16  1  84  2  94  3  80  4  7  5  1  6  25  7  19  8  42  9  74  10  87  11  53  12  38  13  3  14  21  15  4  16  94  17  99  18  36  19  72
  0  62  1  49  2  49  3  37  4  86  5  24  6  94  7  85  8  20  9  10  10  38  11  78  12  63  13  84  14  44  15  35  16  53  17  10  18  56  19  94
  0  8  1  52  2  76  3  6  4  13  5  44  6  76  7  29  8  88  9  40  10  65  11  70  12  91  13  41  14  1  15  73  16  28  17  78  18  14  19  39
  0  85  1  91  2  83  3  51  4  12  5  39  6  91  7  23  8  94  9  21  10  27  11  4  12  25  13  15  14  42  15  96  16  45  17  31  18  58  19  85
  0  17  1  64  2  82  3  70  4  52  5  87  6  90  7  61  8  4  9  4  10  74  11  71  12  6  13  72  14  65  15  16  16  97  17  58  18  83  19  20
  0  93  1  84  2  73  3  62  4  66  5  71  6  18  7  31  8  55  9  4  10  58  11  64  12  30  13  64  14  45  15  99  16  60  17  6  18  4  19  55
  0  79  1  63  2  94  3  13  4  29  5  36  6  96  7  78  8  37  9  70  10  39  11  53  12  71  13  38  14  75  15  16  16  41  17  95  18  58  19  17
  0  71  1  43  2  62  3  35  4  62  5  50  6  81  7  34  8  91  9  6  10  68  11  39  12  53  13  89  14  14  15  98  16  13  17  8  18  84  19  23
  0  32  1  14  2  46  3  99  4  5  5  11  6  61  7  34  8  88  9  25  10  38  11  64  12  30  13  66  14  52  15  44  16  30  17  43  18  89  19  3
  0  77  1  83  2  58  3  19  4  57  5  76  6  92  7  63  8  23  9  51  10  36  11  6  12  64  13  43  14  63  15  89  16  30  17  19  18  2  19  14
  0  80  1  61  2  50  3  84  4  75  5  33  6  6  7  14  8  34  9  80  10  37  11  87  12  7  13  27  14  93  15  33  16  55  17  81  18  10  19  45
  0  32  1  68  2  49  3  64  4  2  5  28  6  18  7  4  8  41  9  69  10  14  11  79  12  24  13  69  14  13  15  90  16  59  17  39  18  93  19  43
  0  56  1  11  2  64  3  18  4  28  5  10  6  39  7  41  8  44  9  28  10  65  11  82  12  21  13  1  14  19  15  11  16  91  17  48  18  10  19  75
  0  89  1  55  2  61  3  80  4  56  5  79  6  58  7  97  8  41  9  21  10  83  11  7  12  62  13  98  14  80  15  80  16  46  17  97  18  6  19  32
  0  53  1  3  2  81  3  16  4  78  5  29  6  37  7  34  8  66  9  3  10  10  11  89  12  84  13  61  14  51  15  93  16  49  17  84  18  44  19  20
  0  89  1  54  2  40  3  58  4  1  5  24  6  63  7  8  8  25  9  44  10  48  11  22  12  46  13  56  14  96  15  85  16  1  17  72  18  86  19  99
  0  40  1  99  2  55  3  80  4  93  5  61  6  36  7  23  8  7  9  42  10  46  11  76  12  77  13  51  14  20  15  26  16  2  17  78  18  64  19  87
  0  85  1  91  2  66  3  51  4  18  5  3  6  74  7  37  8  92  9  90  10  51  11  49  12  12  13  65  14  57  15  37  16  40  17  18  18  16  19  97
  0  65  1  75  2  59  3  85  4  90  5  67  6  77  7  15  8  79  9  67  10  4  11  58  12  6  13  72  14  9  15  88  16  97  17  21  18  94  19  13
  0  64  1  80  2  5  3  2  4  60  5  37  6  96  7  97  8  9  9  81  10  34  11  74  12  95  13  68  14  3  15  69  16  19  17  93  18  61  19  8
  0  30  1  13  2  71  3  10  4  23  5  7  6  65  7  28  8  44  9  55  10  59  11  61  12  38  13  78  14  21  15  51  16  49  17  68  18  23  19  53
  0  39  1  91  2  78  3  36  4  98  5  72  6  11  7  48  8  60  9  61  10  16  11  60  12  34  13  49  14  28  15  83  16  32  17  4  18  72  19  92
  0  54  1  11  2  91  3  30  4  41  5  61  6  64  7  70  8  24  9  25  10  58  11  46  12  30  13  79  14  84  15  92  16  12  17  1  18  42  19  47
  0  23  1  41  2  80  3  11  4  52  5  26  6  5  7  72  8  83  9  64  10  13  11  28  12  52  13  59  14  32  15  68  16  7  17  44  18  98  19  7
  0  14  1  88  2  93  3  69  4  37  5  61  6  32  7  79  8  1  9  32  10  74  11  90  12  20  13  43  14  89  15  68  16  31  17  4  18  4  19  20
  0  89  1  74  2  14  3  10  4  98  5  36  6  46  7  27  8  81  9  79  10  80  11  85  12  29  13  54  14  89  15  69  16  74  17  47  18  45  19  60
  0  68  1  7  2  6  3  6  4  74  5  14  6  73  7  22  8  97  9  61  10  95  11  24  12  18  13  12  14  48  15  39  16  85  17  40  18  14  19  60
  0  14  1  62  2  63  3  9  4  65  5  29  6  78  7  42  8  14  9  32  10  95  11  23  12  47  13  33  14  53  15  23  16  15  17  44  18  57  19  37
  0  63  1  88  2  23  3  30  4  92  5  43  6  33  7  43  8  38  9  34  10  41  11  21  12  63  13  24  14  94  15  53  16  98  17  38  18  62  19  36
  0  85  1  2  2  97  3  84  4  4  5  80  6  55  7  69  8  81  9  57  10  63  11  53  12  20  13  90  14  97  15  39  16  98  17  23  18  34  19  75
  0  15  1  45  2  50  3  65  4  97  5  34  6  19  7  73  8  89  9  17  10  15  11  51  12  76  13  31  14  14  15  86  16  38  17  82  18  72  19  78
  0  18  1  21  2  6  3  88  4  46  5  87  6  3  7  2  8  76  9  96  10  57  11  18  12  6  13  65  14  84  15  50  16  90  17  6  18  73  19  2
  0  80  1  17  2  77  3  39  4  32  5  83  6  48  7  98  8  82  9  38  10  82  11  82  12  78  13  40  14  96  15  39  16  98  17  11  18  91  19  20
  0  26  1  95  2  57  3  76  4  35  5  50  6  10  7  36  8  25  9  85  10  92  11  44  12  96  13  4  14  63  15  3  16  55  17  13  18  55  19  16
  0  2  1  9  2  84  3  18  4  25  5  57  6  42  7  73  8  22  9  9  10  87  11  46  12  4  13  43  14  34  15  85  16  58  17  18  18  11  19  81
  0  90  1  63  2  7  3  85  4  47  5  56  6  56  7  97  8  7  9  60  10  29  11  60  12  92  13  23  14  99  15  19  16  25  17  55  18  45  19  40
  0  39  1  42  2  82  3  88  4  24  5  50  6  32  7  6  8  66  9  53  10  90  11  50  12  85  13  66  14  39  15  87  16  23  17  67  18  11  19  30
  0  6  1  56  2  14  3  80  4  86  5  69  6  67  7  24  8  56  9  58  10  3  11  63  12  57  13  85  14  42  15  3  16  61  17  18  18  40  19  23
  0  78  1  3  2  76  3  6  4  15  5  61  6  10  7  85  8  97  9  45  10  50  11  56  12  29  13  21  14  95  15  51  16  47  17  4  18  48  19  73
  0  4  1  25  2  8  3  43  4  68  5  30  6  1  7  96  8  44  9  36  10  95  11  52  12  52  13  79  14  13  15  13  16  93  17  54  18  36  19  94
  0  28  1  10  2  68  3  86  4  9  5  64  6  9  7  75  8  71  9  43  10  22  11  8  12  59  13  56  14  47  15  57  16  44  17  77  18  61  19  32
  0  61  1  82  2  76  3  32  4  73  5  57  6  65  7  37  8  43  9  87  10  26  11  5  12  54  13  97  14  31  15  81  16  40  17  84  18  30  19  81
  0  85  1  72  2  90  3  68  4  24  5  91  6  5  7  59  8  41  9  46  10  99  11  19  12  58  13  26  14  10  15  30  16  63  17  76  18  21  19  49
  0  90  1  47  2  86  3  83  4  97  5  58  6  73  7  55  8  71  9  67  10  83  11  23  12  54  13  36  14  74  15  2  16  6  17  9  18  60  19  78
  0  98  1  67  2  61  3  22  4  40  5  21  6  67  7  38  8  74  9  41  10  85  11  18  12  75  13  54  14  19  15  73  16  65  17  54  18  98  19  69
  0  10  1  90  2  39  3  81  4  71  5  47  6  17  7  52  8  20  9  26  10  85  11  23  12  37  13  86  14  61  15  55  16  68  17  16  18  64  19  77
  0  94  1  19  2  85  3  15  4  41  5  72  6  20  7  95  8  43  9  64  10  84  11  41  12  22  13  18  14  9  15  65  16  64  17  78  18  78  19  66
  0  91  1  97  2  50  3  75  4  62  5  64  6  85  7  85  8  61  9  44  10  62  11  93  12  41  13  42  14  69  15  12  16  41  17  1  18  81  19  47
  0  3  1  80  2  76  3  37  4  31  5  6  6  53  7  10  8  92  9  70  10  42  11  94  12  50  13  21  14  20  15  95  16  61  17  72  18  89  19  30
  0  97  1  29  2  70  3  59  4  65  5  7  6  4  7  85  8  35  9  80  10  89  11  99  12  98  13  7  14  89  15  76  16  18  17  95  18  77  19  75
  0  50  1  26  2  10  3  85  4  37  5  29  6  53  7  21  8  4  9  1  10  99  11  59  12  11  13  85  14  39  15  74  16  53  17  72  18  76  19  11
TPM
  0  2857  1  2857  2  2857  3  2857  4  2857  5  2857  6  2857  7  2857  8  2857  9  2857  10  2857  11  2857  12  2857  13  2857  14  2857  15  2857  16  2857  17  2857  18  2857  19  2857
PMT
  0  115  1  111  2  34  3  5  4  82  5  80  6  16  7  36  8  27  9  27  10  38  11  61  12  79  13  14  14  6  15  115  16  123  17  121  18  7  19  79
  0  52  1  61  2  18  3  117  4  118  5  17  6  82  7  80  8  27  9  79  10  118  11  82  12  110  13  58  14  91  15  107  16  31  17  108  18  1  19  21
  0  49  1  5  2  11  3  58  4  111  5  72  6  87  7  85  8  113  9  45  10  35  11  18  12  15  13  44  14  122  15  8  16  1  17  8  18  118  19  102
  0  25  1  85  2  110  3  38  4  9  5  11  6  123  7  61  8  95  9  27  10  101  11  17  12  32  13  67  14  65  15  9  16  27  17  76  18  86  19  86
  0  93  1  123  2  82  3  47  4  41  5  110  6  112  7  27  8  45  9  52  10  18  11  8  12  39  13  48  14  7  15  104  16  50  17  90  18  93  19  89
  0  9  1  40  2  65  3  54  4  115  5  89  6  58  7  124  8  103  9  100  10  107  11  62  12  28  13  93  14  75  15  97  16  7  17  65  18  121  19  18
  0  84  1  113  2  72  3  53  4  90  5  113  6  18  7  12  8  109  9  90  10  78  11  15  12  104  13  115  14  101  15  104  16  14  17  56  18  30  19  21
  0  39  1  49  2  31  3  87  4  15  5  118  6  58  7  66  8  18  9  106  10  122  11  15  12  25  13  14  14  5  15  30  16  113  17  7  18  6  19  114
  0  70  1  103  2  28  3  124  4  70  5  117  6  8  7  77  8  10  9  64  10  75  11  100  12  70  13  30  14  13  15  110  16  37  17  34  18  73  19  75
  0  32  1  74  2  51  3  117  4  92  5  63  6  95  7  11  8  85  9  34  10  108  11  19  12  76  13  22  14  10  15  58  16  74  17  51  18  45  19  73
  0  88  1  74  2  96  3  45  4  100  5  108  6  108  7  83  8  86  9  100  10  27  11  89  12  111  13  76  14  54  15  113  16  88  17  55  18  57  19  102
  0  25  1  79  2  112  3  84  4  33  5  35  6  86  7  47  8  11  9  64  10  61  11  6  12  52  13  30  14  54  15  72  16  75  17  55  18  25  19  85
  0  41  1  1  2  72  3  44  4  48  5  113  6  118  7  105  8  9  9  24  10  33  11  70  12  113  13  110  14  80  15  47  16  101  17  10  18  64  19  43
  0  3  1  71  2  118  3  102  4  29  5  113  6  87  7  58  8  104  9  92  10  117  11  71  12  37  13  93  14  107  15  97  16  110  17  78  18  68  19  11
  0  49  1  110  2  98  3  86  4  77  5  47  6  100  7  19  8  82  9  106  10  117  11  95  12  29  13  6  14  114  15  33  16  92  17  115  18  19  19  36
  0  89  1  26  2  19  3  124  4  97  5  33  6  23  7  1  8  46  9  6  10  65  11  59  12  98  13  71  14  11  15  107  16  58  17  15  18  37  19  115
  0  32  1  39  2  42  3  97  4  43  5  68  6  38  7  29  8  14  9  67  10  102  11  71  12  98  13  114  14  13  15  78  16  4  17  27  18  79  19  104
  0  80  1  75  2  109  3  49  4  122  5  21  6  82  7  123  8  110  9  94  10  28  11  77  12  18  13  67  14  1  15  41  16  106  17  102  18  88  19  12
