50  15
  0  82  1  62  2  71  3  24  4  82  5  77  6  37  7  84  8  80  9  95  10  1  11  70  12  41  13  8  14  41
  0  75  1  10  2  43  3  22  4  67  5  60  6  73  7  17  8  6  9  9  10  83  11  1  12  88  13  53  14  49
  0  59  1  4  2  75  3  81  4  93  5  31  6  27  7  90  8  11  9  93  10  65  11  13  12  28  13  81  14  19
  0  92  1  41  2  76  3  6  4  5  5  25  6  62  7  27  8  74  9  72  10  94  11  7  12  15  13  85  14  61
  0  58  1  1  2  75  3  74  4  86  5  40  6  38  7  43  8  75  9  25  10  12  11  53  12  96  13  54  14  31
  0  36  1  55  2  74  3  34  4  87  5  57  6  80  7  89  8  9  9  51  10  60  11  45  12  38  13  97  14  93
  0  26  1  22  2  58  3  21  4  14  5  40  6  3  7  53  8  8  9  65  10  91  11  91  12  38  13  53  14  67
  0  66  1  78  2  69  3  66  4  19  5  81  6  98  7  50  8  88  9  39  10  10  11  85  12  85  13  45  14  63
  0  48  1  44  2  85  3  77  4  31  5  90  6  17  7  1  8  60  9  90  10  94  11  47  12  67  13  38  14  57
  0  6  1  68  2  4  3  78  4  14  5  44  6  71  7  57  8  68  9  23  10  4  11  87  12  14  13  11  14  37
  0  43  1  15  2  29  3  99  4  67  5  32  6  33  7  74  8  40  9  27  10  47  11  81  12  81  13  87  14  22
  0  40  1  95  2  40  3  97  4  28  5  80  6  93  7  57  8  63  9  50  10  28  11  62  12  57  13  34  14  15
  0  33  1  34  2  73  3  61  4  8  5  1  6  14  7  84  8  95  9  19  10  56  11  60  12  4  13  13  14  39
  0  25  1  97  2  10  3  47  4  11  5  49  6  10  7  70  8  32  9  49  10  8  11  62  12  77  13  11  14  42
  0  70  1  51  2  84  3  29  4  38  5  89  6  60  7  96  8  7  9  29  10  27  11  53  12  48  13  10  14  21
  0  29  1  26  2  48  3  68  4  91  5  68  6  87  7  23  8  26  9  74  10  46  11  44  12  1  13  12  14  87
  0  60  1  6  2  74  3  9  4  26  5  8  6  1  7  5  8  57  9  44  10  65  11  54  12  13  13  89  14  15
  0  57  1  41  2  32  3  93  4  88  5  30  6  62  7  81  8  64  9  17  10  61  11  57  12  46  13  39  14  20
  0  28  1  1  2  53  3  54  4  16  5  17  6  43  7  87  8  88  9  36  10  76  11  8  12  51  13  47  14  14
  0  23  1  69  2  54  3  59  4  81  5  77  6  23  7  9  8  31  9  70  10  53  11  33  12  11  13  22  14  40
  0  8  1  27  2  56  3  28  4  86  5  51  6  52  7  49  8  48  9  21  10  93  11  32  12  93  13  59  14  60
  0  84  1  67  2  31  3  39  4  23  5  23  6  96  7  6  8  74  9  54  10  39  11  83  12  87  13  73  14  74
  0  13  1  32  2  4  3  67  4  55  5  51  6  7  7  19  8  30  9  28  10  81  11  89  12  72  13  59  14  86
  0  77  1  32  2  45  3  89  4  75  5  64  6  54  7  27  8  52  9  93  10  12  11  44  12  63  13  36  14  21
  0  43  1  61  2  12  3  19  4  53  5  67  6  97  7  22  8  12  9  36  10  83  11  18  12  8  13  11  14  45
  0  7  1  37  2  52  3  42  4  97  5  70  6  98  7  99  8  11  9  23  10  82  11  47  12  47  13  82  14  10
  0  4  1  26  2  48  3  88  4  40  5  94  6  61  7  36  8  71  9  63  10  52  11  42  12  39  13  30  14  19
  0  35  1  95  2  83  3  26  4  78  5  6  6  9  7  79  8  27  9  15  10  26  11  11  12  77  13  61  14  40
  0  1  1  22  2  28  3  97  4  94  5  79  6  58  7  47  8  9  9  67  10  76  11  67  12  28  13  31  14  10
  0  20  1  36  2  42  3  73  4  20  5  37  6  59  7  79  8  40  9  59  10  70  11  92  12  2  13  42  14  88
  0  18  1  94  2  55  3  70  4  15  5  50  6  92  7  68  8  64  9  62  10  54  11  36  12  29  13  98  14  94
  0  55  1  98  2  90  3  3  4  49  5  89  6  63  7  53  8  7  9  56  10  48  11  31  12  21  13  30  14  12
  0  23  1  20  2  89  3  58  4  30  5  63  6  33  7  18  8  53  9  94  10  96  11  17  12  31  13  2  14  58
  0  89  1  55  2  27  3  97  4  88  5  91  6  4  7  22  8  83  9  63  10  39  11  68  12  84  13  92  14  52
  0  39  1  99  2  6  3  39  4  39  5  28  6  36  7  40  8  17  9  55  10  86  11  6  12  35  13  87  14  49
  0  4  1  6  2  44  3  66  4  14  5  86  6  5  7  1  8  85  9  10  10  72  11  53  12  83  13  88  14  97
  0  18  1  22  2  44  3  80  4  99  5  66  6  15  7  42  8  9  9  71  10  63  11  39  12  9  13  57  14  93
  0  43  1  96  2  67  3  31  4  37  5  36  6  42  7  37  8  78  9  57  10  9  11  57  12  40  13  13  14  74
  0  28  1  28  2  57  3  71  4  84  5  36  6  63  7  83  8  57  9  86  10  13  11  62  12  33  13  62  14  32
  0  14  1  28  2  49  3  38  4  99  5  4  6  11  7  23  8  97  9  8  10  91  11  10  12  19  13  35  14  16
  0  34  1  55  2  35  3  16  4  38  5  23  6  15  7  23  8  6  9  29  10  95  11  90  12  38  13  52  14  53
  0  43  1  76  2  47  3  35  4  67  5  13  6  88  7  11  8  82  9  39  10  22  11  46  12  72  13  40  14  95
  0  73  1  51  2  8  3  75  4  2  5  92  6  64  7  83  8  1  9  65  10  88  11  97  12  46  13  32  14  2
  0  9  1  14  2  17  3  58  4  35  5  46  6  51  7  38  8  8  9  50  10  35  11  46  12  15  13  89  14  94
  0  50  1  50  2  71  3  18  4  30  5  93  6  54  7  88  8  16  9  41  10  25  11  58  12  26  13  43  14  17
  0  30  1  45  2  38  3  67  4  40  5  97  6  65  7  34  8  54  9  8  10  12  11  36  12  25  13  59  14  33
  0  64  1  76  2  73  3  28  4  87  5  7  6  95  7  75  8  59  9  26  10  49  11  66  12  82  13  66  14  83
  0  78  1  4  2  53  3  40  4  74  5  32  6  89  7  16  8  32  9  12  10  22  11  92  12  39  13  96  14  77
  0  42  1  93  2  86  3  82  4  66  5  6  6  49  7  31  8  2  9  94  10  26  11  24  12  98  13  16  14  84
  0  28  1  75  2  73  3  90  4  11  5  80  6  86  7  89  8  62  9  37  10  39  11  30  12  95  13  37  14  11
TPM
  0  1039  1  1039  2  1039  3  1039  4  1039  5  1039  6  1039  7  1039  8  1039  9  1039  10  1039  11  1039  12  1039  13  1039  14  1039
PMT
  0  18  1  22  2  4  3  17  4  15  5  6  6  4  7  23  8  11  9  6  10  12  11  8  12  24  13  24  14  18
  0  7  1  13  2  12  3  17  4  13  5  13  6  15  7  22  8  19  9  21  10  19  11  21  12  24  13  19  14  4
  0  16  1  8  2  5  3  6  4  10  5  22  6  19  7  13  8  7  9  9  10  6  11  8  12  8  13  20  14  14
  0  15  1  15  2  4  3  7  4  24  5  22  6  2  7  12  8  2  9  6  10  20  11  8  12  17  13  21  14  6
  0  21  1  2  2  20  3  20  4  3  5  6  6  12  7  12  8  6  9  16  10  12  11  2  12  2  13  9  14  15
