200  15
  0  66  1  10  2  24  3  95  4  31  5  40  6  71  7  6  8  1  9  89  10  42  11  44  12  46  13  16  14  8
  0  39  1  46  2  6  3  48  4  18  5  49  6  34  7  86  8  65  9  31  10  2  11  64  12  15  13  11  14  34
  0  96  1  84  2  99  3  99  4  32  5  99  6  7  7  68  8  16  9  87  10  34  11  25  12  35  13  99  14  13
  0  13  1  82  2  24  3  85  4  59  5  76  6  88  7  21  8  18  9  24  10  51  11  17  12  28  13  9  14  51
  0  48  1  79  2  43  3  55  4  37  5  19  6  24  7  24  8  65  9  53  10  61  11  71  12  59  13  30  14  98
  0  23  1  18  2  91  3  15  4  66  5  53  6  49  7  95  8  53  9  67  10  13  11  10  12  17  13  6  14  69
  0  22  1  91  2  25  3  9  4  35  5  58  6  93  7  27  8  40  9  57  10  3  11  70  12  25  13  26  14  55
  0  78  1  44  2  68  3  65  4  59  5  87  6  64  7  74  8  3  9  77  10  63  11  87  12  1  13  79  14  29
  0  63  1  43  2  23  3  25  4  22  5  10  6  47  7  64  8  59  9  69  10  37  11  65  12  70  13  53  14  11
  0  64  1  26  2  79  3  50  4  8  5  60  6  34  7  21  8  11  9  55  10  30  11  10  12  42  13  31  14  17
  0  58  1  98  2  82  3  97  4  96  5  60  6  21  7  79  8  94  9  39  10  4  11  70  12  83  13  78  14  68
  0  92  1  13  2  45  3  2  4  73  5  57  6  36  7  12  8  39  9  75  10  94  11  76  12  24  13  93  14  81
  0  99  1  57  2  58  3  81  4  82  5  16  6  91  7  26  8  5  9  20  10  35  11  44  12  70  13  40  14  61
  0  99  1  48  2  38  3  16  4  71  5  40  6  34  7  71  8  68  9  27  10  8  11  51  12  99  13  96  14  58
  0  43  1  44  2  45  3  75  4  84  5  80  6  8  7  11  8  20  9  73  10  57  11  42  12  59  13  36  14  79
  0  70  1  69  2  4  3  15  4  96  5  90  6  94  7  25  8  67  9  61  10  38  11  18  12  80  13  86  14  7
  0  48  1  93  2  89  3  65  4  74  5  82  6  27  7  41  8  32  9  33  10  58  11  70  12  66  13  67  14  2
  0  66  1  29  2  36  3  18  4  33  5  24  6  34  7  98  8  7  9  65  10  14  11  60  12  2  13  95  14  5
  0  57  1  88  2  42  3  69  4  74  5  47  6  42  7  46  8  67  9  56  10  52  11  61  12  47  13  8  14  20
  0  20  1  34  2  82  3  93  4  93  5  32  6  2  7  80  8  71  9  91  10  49  11  99  12  43  13  67  14  32
  0  74  1  36  2  81  3  16  4  67  5  11  6  55  7  65  8  56  9  92  10  75  11  63  12  93  13  10  14  90
  0  96  1  6  2  36  3  66  4  28  5  23  6  85  7  51  8  94  9  45  10  89  11  9  12  7  13  90  14  62
  0  43  1  26  2  68  3  38  4  14  5  53  6  85  7  23  8  5  9  62  10  76  11  7  12  11  13  45  14  10
  0  24  1  57  2  66  3  16  4  58  5  51  6  39  7  44  8  33  9  29  10  65  11  27  12  27  13  77  14  11
  0  28  1  8  2  14  3  99  4  96  5  83  6  50  7  63  8  39  9  97  10  6  11  53  12  14  13  32  14  21
  0  29  1  76  2  83  3  81  4  68  5  43  6  36  7  75  8  51  9  61  10  43  11  32  12  40  13  88  14  79
  0  17  1  35  2  30  3  50  4  67  5  89  6  74  7  49  8  23  9  99  10  43  11  6  12  60  13  25  14  31
  0  66  1  44  2  90  3  1  4  1  5  58  6  74  7  81  8  29  9  67  10  90  11  54  12  4  13  44  14  12
  0  43  1  1  2  33  3  3  4  37  5  92  6  60  7  51  8  25  9  25  10  5  11  15  12  92  13  4  14  81
  0  30  1  41  2  68  3  5  4  47  5  13  6  19  7  48  8  76  9  27  10  1  11  95  12  83  13  81  14  87
  0  58  1  48  2  54  3  3  4  21  5  79  6  22  7  72  8  8  9  61  10  67  11  4  12  9  13  54  14  58
  0  28  1  95  2  96  3  11  4  53  5  20  6  62  7  71  8  17  9  77  10  85  11  75  12  28  13  65  14  47
  0  73  1  49  2  86  3  83  4  39  5  55  6  67  7  77  8  78  9  56  10  94  11  18  12  25  13  88  14  84
  0  61  1  84  2  99  3  45  4  19  5  56  6  95  7  93  8  46  9  60  10  4  11  35  12  34  13  27  14  89
  0  23  1  96  2  43  3  24  4  50  5  25  6  66  7  84  8  44  9  52  10  31  11  48  12  64  13  37  14  23
  0  89  1  23  2  72  3  95  4  24  5  86  6  63  7  47  8  25  9  19  10  54  11  91  12  24  13  73  14  75
  0  81  1  75  2  52  3  42  4  74  5  34  6  88  7  48  8  54  9  77  10  16  11  8  12  28  13  80  14  27
  0  58  1  87  2  27  3  51  4  19  5  91  6  86  7  88  8  67  9  4  10  31  11  78  12  85  13  2  14  52
  0  9  1  81  2  40  3  84  4  76  5  88  6  32  7  81  8  53  9  99  10  74  11  74  12  34  13  91  14  46
  0  23  1  58  2  38  3  46  4  24  5  40  6  30  7  49  8  55  9  35  10  37  11  96  12  61  13  43  14  85
  0  56  1  97  2  24  3  45  4  9  5  21  6  59  7  36  8  55  9  51  10  10  11  97  12  49  13  78  14  39
  0  96  1  86  2  73  3  96  4  56  5  28  6  17  7  94  8  29  9  21  10  84  11  25  12  49  13  51  14  19
  0  74  1  45  2  45  3  3  4  62  5  81  6  90  7  96  8  1  9  80  10  60  11  13  12  39  13  28  14  54
  0  47  1  62  2  60  3  80  4  65  5  42  6  10  7  64  8  47  9  62  10  33  11  35  12  7  13  69  14  53
  0  40  1  68  2  22  3  99  4  85  5  40  6  35  7  24  8  91  9  33  10  43  11  14  12  40  13  17  14  34
  0  49  1  13  2  96  3  22  4  66  5  82  6  66  7  62  8  19  9  86  10  62  11  27  12  56  13  99  14  42
  0  94  1  65  2  91  3  27  4  24  5  31  6  22  7  18  8  14  9  25  10  22  11  58  12  65  13  21  14  63
  0  98  1  3  2  89  3  5  4  2  5  27  6  45  7  74  8  72  9  87  10  23  11  30  12  22  13  14  14  8
  0  96  1  89  2  41  3  73  4  83  5  75  6  10  7  66  8  25  9  76  10  37  11  61  12  90  13  9  14  85
  0  83  1  76  2  73  3  68  4  46  5  57  6  93  7  74  8  70  9  65  10  16  11  13  12  80  13  29  14  90
  0  86  1  92  2  84  3  33  4  62  5  37  6  46  7  49  8  93  9  76  10  90  11  87  12  7  13  26  14  9
  0  29  1  63  2  80  3  2  4  43  5  66  6  88  7  52  8  62  9  51  10  60  11  90  12  62  13  95  14  71
  0  22  1  41  2  47  3  10  4  99  5  39  6  28  7  83  8  59  9  41  10  84  11  78  12  44  13  57  14  86
  0  35  1  88  2  70  3  95  4  81  5  38  6  87  7  47  8  56  9  20  10  55  11  32  12  81  13  13  14  7
  0  58  1  97  2  46  3  54  4  37  5  54  6  54  7  55  8  19  9  14  10  56  11  3  12  74  13  36  14  35
  0  25  1  7  2  24  3  46  4  92  5  17  6  57  7  60  8  74  9  75  10  57  11  45  12  78  13  81  14  43
  0  19  1  79  2  88  3  78  4  43  5  18  6  36  7  16  8  37  9  15  10  32  11  95  12  21  13  44  14  50
  0  57  1  39  2  60  3  62  4  47  5  95  6  63  7  3  8  67  9  22  10  50  11  29  12  71  13  63  14  94
  0  53  1  2  2  26  3  44  4  36  5  55  6  54  7  30  8  65  9  80  10  13  11  31  12  77  13  70  14  90
  0  31  1  82  2  93  3  61  4  68  5  10  6  82  7  56  8  58  9  67  10  72  11  52  12  47  13  1  14  48
  0  60  1  26  2  90  3  56  4  73  5  95  6  17  7  87  8  22  9  93  10  82  11  30  12  25  13  3  14  79
  0  46  1  52  2  90  3  36  4  44  5  30  6  85  7  70  8  25  9  46  10  60  11  64  12  25  13  54  14  78
  0  96  1  8  2  73  3  49  4  25  5  55  6  30  7  61  8  8  9  59  10  91  11  22  12  86  13  39  14  90
  0  9  1  77  2  4  3  45  4  4  5  60  6  53  7  2  8  81  9  32  10  91  11  85  12  59  13  86  14  74
  0  11  1  41  2  38  3  42  4  94  5  3  6  77  7  87  8  91  9  4  10  54  11  71  12  10  13  33  14  12
  0  79  1  6  2  13  3  24  4  94  5  58  6  11  7  95  8  10  9  61  10  58  11  42  12  19  13  97  14  55
  0  64  1  64  2  80  3  15  4  59  5  11  6  65  7  79  8  56  9  92  10  79  11  16  12  60  13  45  14  25
  0  56  1  37  2  20  3  42  4  61  5  85  6  39  7  36  8  12  9  71  10  48  11  16  12  52  13  16  14  65
  0  7  1  55  2  67  3  35  4  98  5  60  6  9  7  44  8  76  9  34  10  62  11  50  12  39  13  24  14  98
  0  23  1  86  2  27  3  75  4  20  5  48  6  81  7  43  8  28  9  70  10  62  11  8  12  48  13  4  14  31
  0  31  1  7  2  37  3  72  4  7  5  21  6  75  7  24  8  50  9  45  10  73  11  74  12  83  13  88  14  47
  0  88  1  5  2  68  3  46  4  86  5  80  6  39  7  47  8  86  9  90  10  24  11  8  12  75  13  10  14  35
  0  85  1  95  2  30  3  43  4  16  5  29  6  30  7  51  8  1  9  34  10  60  11  84  12  53  13  69  14  94
  0  81  1  5  2  2  3  76  4  65  5  55  6  88  7  47  8  28  9  42  10  69  11  37  12  58  13  44  14  24
  0  75  1  78  2  52  3  79  4  19  5  90  6  71  7  56  8  26  9  52  10  38  11  99  12  28  13  6  14  62
  0  44  1  64  2  45  3  37  4  88  5  77  6  15  7  68  8  90  9  6  10  37  11  10  12  7  13  7  14  34
  0  29  1  37  2  90  3  93  4  19  5  49  6  67  7  89  8  35  9  90  10  19  11  45  12  28  13  16  14  60
  0  19  1  1  2  83  3  46  4  44  5  1  6  8  7  35  8  42  9  42  10  60  11  29  12  9  13  6  14  60
  0  35  1  22  2  61  3  3  4  29  5  43  6  28  7  5  8  10  9  96  10  36  11  78  12  77  13  45  14  89
  0  57  1  76  2  8  3  18  4  27  5  85  6  86  7  75  8  48  9  41  10  90  11  33  12  70  13  26  14  80
  0  60  1  71  2  74  3  65  4  93  5  65  6  55  7  33  8  48  9  77  10  45  11  93  12  11  13  73  14  4
  0  64  1  17  2  84  3  8  4  25  5  18  6  74  7  15  8  26  9  68  10  34  11  49  12  25  13  2  14  6
  0  46  1  88  2  80  3  66  4  88  5  78  6  28  7  29  8  22  9  13  10  74  11  32  12  35  13  77  14  90
  0  36  1  43  2  9  3  80  4  39  5  4  6  94  7  54  8  84  9  57  10  62  11  13  12  23  13  81  14  30
  0  7  1  54  2  78  3  60  4  52  5  52  6  58  7  44  8  20  9  53  10  70  11  82  12  30  13  67  14  7
  0  69  1  15  2  36  3  78  4  80  5  28  6  46  7  23  8  10  9  32  10  69  11  23  12  40  13  70  14  4
  0  19  1  10  2  11  3  15  4  50  5  22  6  34  7  22  8  75  9  15  10  75  11  57  12  32  13  81  14  63
  0  14  1  50  2  10  3  19  4  50  5  31  6  76  7  83  8  12  9  42  10  35  11  8  12  3  13  14  14  49
  0  26  1  96  2  10  3  90  4  78  5  94  6  27  7  92  8  65  9  48  10  47  11  17  12  52  13  19  14  27
  0  99  1  49  2  34  3  20  4  57  5  44  6  63  7  62  8  90  9  46  10  28  11  51  12  3  13  90  14  16
  0  18  1  24  2  95  3  58  4  66  5  17  6  74  7  5  8  16  9  87  10  59  11  87  12  96  13  43  14  59
  0  70  1  64  2  68  3  89  4  25  5  35  6  94  7  30  8  67  9  71  10  10  11  95  12  67  13  52  14  19
  0  40  1  95  2  15  3  46  4  17  5  76  6  63  7  55  8  64  9  68  10  60  11  17  12  5  13  81  14  57
  0  59  1  58  2  6  3  41  4  65  5  13  6  15  7  78  8  21  9  20  10  62  11  99  12  18  13  84  14  85
  0  63  1  58  2  69  3  88  4  72  5  41  6  58  7  70  8  42  9  91  10  19  11  14  12  44  13  87  14  71
  0  50  1  80  2  99  3  60  4  73  5  46  6  16  7  73  8  67  9  95  10  59  11  58  12  58  13  24  14  92
  0  42  1  22  2  17  3  66  4  40  5  98  6  47  7  79  8  12  9  94  10  5  11  32  12  6  13  78  14  90
  0  1  1  1  2  99  3  28  4  68  5  32  6  81  7  55  8  87  9  52  10  75  11  98  12  50  13  90  14  69
  0  60  1  8  2  76  3  97  4  57  5  57  6  68  7  87  8  84  9  78  10  96  11  34  12  19  13  5  14  97
  0  8  1  60  2  52  3  14  4  18  5  78  6  44  7  86  8  96  9  33  10  94  11  59  12  66  13  61  14  56
  0  63  1  20  2  67  3  34  4  70  5  18  6  44  7  18  8  20  9  74  10  20  11  98  12  61  13  8  14  18
  0  55  1  66  2  53  3  55  4  34  5  7  6  76  7  23  8  69  9  91  10  40  11  34  12  96  13  27  14  2
  0  24  1  59  2  26  3  41  4  39  5  34  6  83  7  68  8  51  9  5  10  13  11  37  12  76  13  49  14  76
  0  68  1  97  2  51  3  88  4  75  5  16  6  34  7  53  8  28  9  68  10  63  11  67  12  95  13  2  14  97
  0  18  1  73  2  88  3  61  4  29  5  73  6  11  7  69  8  53  9  21  10  67  11  42  12  16  13  10  14  67
  0  80  1  42  2  98  3  18  4  81  5  39  6  44  7  20  8  33  9  3  10  10  11  34  12  11  13  82  14  1
  0  69  1  49  2  19  3  9  4  23  5  86  6  24  7  63  8  55  9  93  10  91  11  27  12  92  13  29  14  51
  0  86  1  94  2  90  3  85  4  18  5  2  6  53  7  94  8  35  9  85  10  11  11  81  12  40  13  52  14  69
  0  59  1  52  2  58  3  45  4  44  5  65  6  57  7  77  8  64  9  65  10  85  11  58  12  89  13  23  14  45
  0  32  1  91  2  17  3  50  4  23  5  57  6  75  7  38  8  94  9  37  10  30  11  71  12  39  13  92  14  22
  0  73  1  65  2  71  3  5  4  78  5  27  6  36  7  34  8  86  9  96  10  6  11  43  12  52  13  8  14  13
  0  27  1  53  2  86  3  60  4  11  5  14  6  66  7  37  8  54  9  79  10  54  11  45  12  23  13  71  14  86
  0  16  1  40  2  58  3  97  4  44  5  71  6  30  7  80  8  59  9  41  10  72  11  30  12  5  13  67  14  48
  0  84  1  4  2  41  3  61  4  3  5  33  6  33  7  54  8  53  9  32  10  69  11  42  12  2  13  2  14  14
  0  22  1  18  2  7  3  61  4  82  5  33  6  53  7  21  8  2  9  36  10  10  11  43  12  35  13  80  14  19
  0  16  1  1  2  25  3  81  4  49  5  28  6  57  7  39  8  9  9  29  10  63  11  71  12  70  13  6  14  27
  0  91  1  8  2  97  3  90  4  98  5  37  6  37  7  10  8  28  9  83  10  71  11  72  12  8  13  29  14  64
  0  72  1  8  2  74  3  80  4  59  5  42  6  17  7  25  8  98  9  54  10  20  11  87  12  21  13  17  14  38
  0  16  1  38  2  99  3  21  4  12  5  59  6  1  7  2  8  26  9  36  10  46  11  44  12  6  13  10  14  99
  0  23  1  10  2  51  3  34  4  39  5  94  6  16  7  59  8  95  9  38  10  46  11  12  12  6  13  65  14  95
  0  52  1  87  2  80  3  65  4  13  5  77  6  16  7  74  8  96  9  68  10  66  11  91  12  40  13  45  14  61
  0  15  1  60  2  79  3  88  4  81  5  60  6  10  7  90  8  17  9  79  10  18  11  67  12  87  13  92  14  64
  0  87  1  2  2  90  3  64  4  71  5  60  6  20  7  7  8  3  9  80  10  51  11  39  12  92  13  24  14  93
  0  89  1  81  2  2  3  87  4  87  5  79  6  48  7  49  8  97  9  53  10  78  11  31  12  97  13  29  14  82
  0  30  1  50  2  68  3  99  4  68  5  49  6  26  7  91  8  12  9  47  10  2  11  18  12  3  13  93  14  49
  0  54  1  39  2  37  3  3  4  28  5  11  6  68  7  27  8  57  9  68  10  19  11  9  12  16  13  14  14  34
  0  50  1  61  2  9  3  77  4  13  5  94  6  52  7  54  8  45  9  51  10  78  11  46  12  83  13  22  14  66
  0  97  1  97  2  71  3  64  4  4  5  46  6  96  7  81  8  75  9  37  10  35  11  85  12  1  13  22  14  36
  0  8  1  9  2  72  3  22  4  67  5  18  6  12  7  38  8  34  9  26  10  92  11  50  12  16  13  58  14  55
  0  24  1  33  2  98  3  12  4  35  5  6  6  64  7  25  8  55  9  80  10  96  11  82  12  29  13  69  14  73
  0  93  1  42  2  68  3  83  4  54  5  36  6  91  7  98  8  49  9  27  10  30  11  42  12  98  13  20  14  17
  0  44  1  66  2  50  3  72  4  26  5  81  6  75  7  52  8  53  9  40  10  98  11  14  12  50  13  98  14  3
  0  89  1  80  2  68  3  33  4  27  5  7  6  64  7  44  8  24  9  8  10  93  11  1  12  86  13  13  14  54
  0  12  1  78  2  75  3  3  4  21  5  30  6  93  7  8  8  94  9  45  10  59  11  82  12  65  13  15  14  90
  0  86  1  46  2  20  3  70  4  26  5  5  6  91  7  8  8  89  9  56  10  53  11  88  12  6  13  47  14  74
  0  83  1  18  2  98  3  98  4  28  5  90  6  55  7  27  8  95  9  8  10  61  11  75  12  31  13  30  14  40
  0  43  1  1  2  10  3  65  4  34  5  97  6  88  7  44  8  48  9  97  10  26  11  54  12  24  13  44  14  35
  0  98  1  91  2  30  3  10  4  72  5  77  6  87  7  94  8  63  9  60  10  13  11  13  12  18  13  88  14  75
  0  53  1  52  2  83  3  1  4  95  5  87  6  7  7  29  8  14  9  38  10  56  11  72  12  88  13  88  14  31
  0  34  1  18  2  31  3  63  4  61  5  16  6  45  7  16  8  49  9  19  10  53  11  7  12  6  13  67  14  76
  0  78  1  56  2  8  3  77  4  50  5  40  6  36  7  61  8  15  9  36  10  1  11  65  12  56  13  10  14  3
  0  82  1  19  2  76  3  83  4  69  5  38  6  21  7  83  8  52  9  17  10  12  11  7  12  27  13  17  14  19
  0  30  1  18  2  92  3  94  4  41  5  36  6  82  7  4  8  88  9  54  10  37  11  97  12  87  13  3  14  62
  0  70  1  11  2  26  3  86  4  47  5  47  6  79  7  95  8  82  9  28  10  44  11  83  12  85  13  40  14  84
  0  19  1  78  2  74  3  95  4  30  5  71  6  88  7  92  8  45  9  8  10  71  11  55  12  53  13  4  14  50
  0  19  1  64  2  97  3  66  4  82  5  83  6  79  7  13  8  76  9  40  10  56  11  25  12  96  13  23  14  86
  0  39  1  18  2  17  3  95  4  86  5  31  6  39  7  23  8  74  9  59  10  31  11  1  12  71  13  73  14  46
  0  47  1  5  2  82  3  31  4  18  5  39  6  85  7  9  8  65  9  76  10  18  11  1  12  80  13  16  14  3
  0  43  1  40  2  66  3  17  4  91  5  62  6  68  7  17  8  22  9  45  10  14  11  92  12  59  13  66  14  34
  0  37  1  97  2  34  3  7  4  52  5  7  6  41  7  12  8  36  9  16  10  52  11  20  12  8  13  35  14  30
  0  8  1  77  2  51  3  78  4  19  5  64  6  1  7  54  8  35  9  17  10  32  11  90  12  9  13  92  14  74
  0  18  1  73  2  95  3  92  4  74  5  48  6  87  7  12  8  57  9  81  10  9  11  9  12  49  13  17  14  95
  0  28  1  12  2  67  3  54  4  58  5  41  6  36  7  39  8  79  9  29  10  15  11  64  12  74  13  71  14  51
  0  8  1  50  2  4  3  66  4  20  5  18  6  87  7  63  8  38  9  44  10  42  11  60  12  47  13  43  14  21
  0  28  1  76  2  88  3  64  4  30  5  88  6  76  7  76  8  95  9  18  10  37  11  30  12  52  13  62  14  6
  0  54  1  21  2  29  3  83  4  6  5  52  6  99  7  62  8  99  9  24  10  52  11  77  12  54  13  73  14  65
  0  25  1  88  2  4  3  88  4  54  5  58  6  93  7  56  8  21  9  40  10  13  11  68  12  62  13  78  14  3
  0  85  1  32  2  67  3  89  4  94  5  1  6  36  7  35  8  45  9  13  10  46  11  41  12  72  13  63  14  33
  0  58  1  46  2  14  3  33  4  83  5  19  6  88  7  1  8  18  9  52  10  5  11  96  12  45  13  58  14  18
  0  82  1  40  2  79  3  13  4  93  5  16  6  87  7  53  8  40  9  85  10  86  11  62  12  70  13  64  14  36
  0  27  1  1  2  71  3  46  4  19  5  92  6  95  7  97  8  82  9  29  10  30  11  92  12  46  13  16  14  84
  0  46  1  45  2  32  3  47  4  56  5  61  6  76  7  48  8  36  9  19  10  98  11  35  12  75  13  3  14  21
  0  82  1  77  2  74  3  65  4  77  5  88  6  3  7  63  8  59  9  99  10  50  11  12  12  20  13  14  14  62
  0  78  1  67  2  88  3  60  4  98  5  26  6  3  7  37  8  15  9  23  10  13  11  3  12  23  13  81  14  82
  0  29  1  56  2  26  3  24  4  83  5  14  6  59  7  68  8  78  9  99  10  79  11  46  12  37  13  54  14  40
  0  71  1  74  2  70  3  65  4  37  5  57  6  38  7  88  8  74  9  56  10  67  11  66  12  37  13  37  14  58
  0  83  1  1  2  35  3  44  4  59  5  1  6  14  7  19  8  12  9  52  10  11  11  13  12  53  13  5  14  12
  0  91  1  9  2  42  3  3  4  86  5  89  6  37  7  6  8  88  9  62  10  95  11  83  12  49  13  94  14  73
  0  79  1  80  2  68  3  40  4  20  5  56  6  90  7  27  8  95  9  35  10  46  11  75  12  16  13  72  14  65
  0  86  1  70  2  92  3  9  4  25  5  71  6  31  7  91  8  32  9  52  10  70  11  89  12  63  13  37  14  33
  0  11  1  30  2  14  3  1  4  23  5  35  6  81  7  75  8  64  9  15  10  41  11  98  12  84  13  44  14  62
  0  5  1  88  2  48  3  36  4  59  5  85  6  35  7  4  8  12  9  61  10  57  11  21  12  87  13  27  14  43
  0  84  1  51  2  10  3  63  4  52  5  63  6  2  7  36  8  20  9  89  10  65  11  77  12  36  13  31  14  65
  0  35  1  68  2  95  3  86  4  92  5  59  6  25  7  49  8  12  9  28  10  50  11  28  12  47  13  12  14  26
  0  42  1  71  2  46  3  91  4  73  5  71  6  31  7  42  8  21  9  18  10  38  11  97  12  18  13  17  14  44
  0  34  1  40  2  94  3  7  4  88  5  12  6  67  7  14  8  59  9  73  10  12  11  69  12  70  13  59  14  28
  0  99  1  55  2  21  3  56  4  94  5  3  6  73  7  2  8  16  9  46  10  63  11  72  12  39  13  4  14  82
  0  36  1  4  2  93  3  74  4  39  5  98  6  83  7  5  8  65  9  4  10  61  11  96  12  15  13  58  14  7
  0  62  1  24  2  38  3  27  4  60  5  73  6  52  7  87  8  69  9  43  10  96  11  19  12  71  13  14  14  28
  0  21  1  63  2  29  3  32  4  77  5  49  6  56  7  20  8  40  9  95  10  25  11  58  12  63  13  21  14  19
  0  27  1  1  2  83  3  53  4  57  5  77  6  72  7  71  8  94  9  9  10  13  11  32  12  91  13  33  14  57
  0  75  1  11  2  70  3  98  4  87  5  22  6  39  7  58  8  5  9  94  10  72  11  4  12  30  13  32  14  31
  0  13  1  43  2  5  3  2  4  8  5  28  6  63  7  24  8  83  9  67  10  49  11  87  12  41  13  51  14  44
  0  95  1  91  2  12  3  96  4  79  5  70  6  97  7  42  8  11  9  10  10  12  11  1  12  57  13  37  14  10
  0  9  1  64  2  4  3  26  4  29  5  68  6  59  7  59  8  37  9  65  10  33  11  50  12  92  13  1  14  82
  0  25  1  24  2  47  3  14  4  97  5  94  6  84  7  96  8  41  9  38  10  10  11  25  12  75  13  67  14  24
  0  94  1  37  2  95  3  93  4  85  5  28  6  32  7  64  8  2  9  50  10  39  11  87  12  76  13  77  14  56
  0  85  1  54  2  27  3  30  4  60  5  24  6  27  7  17  8  31  9  34  10  95  11  34  12  36  13  41  14  64
  0  74  1  65  2  60  3  33  4  28  5  83  6  19  7  30  8  53  9  63  10  38  11  2  12  6  13  54  14  81
  0  78  1  19  2  34  3  62  4  73  5  83  6  41  7  89  8  16  9  74  10  69  11  81  12  32  13  27  14  71
  0  8  1  17  2  55  3  26  4  12  5  61  6  69  7  30  8  26  9  30  10  31  11  46  12  9  13  7  14  48
  0  16  1  29  2  52  3  16  4  99  5  1  6  27  7  37  8  28  9  38  10  98  11  84  12  59  13  74  14  20
  0  93  1  82  2  90  3  44  4  92  5  13  6  12  7  33  8  7  9  64  10  92  11  49  12  5  13  2  14  94
  0  57  1  55  2  4  3  18  4  67  5  30  6  90  7  54  8  95  9  65  10  91  11  63  12  31  13  60  14  69
  0  86  1  20  2  85  3  17  4  65  5  24  6  21  7  89  8  15  9  4  10  56  11  48  12  70  13  30  14  16
  0  26  1  16  2  38  3  92  4  33  5  56  6  64  7  97  8  73  9  96  10  33  11  73  12  35  13  24  14  89
  0  22  1  74  2  34  3  92  4  32  5  6  6  27  7  7  8  27  9  76  10  64  11  73  12  58  13  77  14  72
  0  32  1  10  2  23  3  30  4  31  5  3  6  1  7  70  8  53  9  6  10  73  11  88  12  38  13  89  14  97
  0  42  1  71  2  86  3  57  4  69  5  89  6  38  7  62  8  81  9  13  10  50  11  52  12  90  13  88  14  81
  0  80  1  79  2  37  3  29  4  5  5  36  6  11  7  3  8  86  9  98  10  15  11  94  12  74  13  82  14  52
TPM
  0  1591  1  1591  2  1591  3  1591  4  1591  5  1591  6  1591  7  1591  8  1591  9  1591  10  1591  11  1591  12  1591  13  1591  14  1591
PMT
  0  18  1  12  2  1  3  22  4  19  5  3  6  21  7  15  8  21  9  21  10  12  11  8  12  20  13  13  14  4
  0  10  1  5  2  5  3  9  4  12  5  6  6  23  7  17  8  12  9  22  10  13  11  23  12  24  13  13  14  4
  0  5  1  17  2  1  3  21  4  14  5  21  6  3  7  7  8  3  9  12  10  8  11  12  12  16  13  7  14  14
  0  19  1  12  2  17  3  24  4  21  5  10  6  21  7  9  8  3  9  3  10  4  11  9  12  12  13  5  14  7
  0  7  1  24  2  7  3  4  4  22  5  13  6  4  7  4  8  5  9  6  10  5  11  24  12  4  13  6  14  19
  0  6  1  19  2  17  3  21  4  12  5  15  6  2  7  18  8  22  9  5  10  24  11  16  12  17  13  21  14  24
  0  15  1  21  2  1  3  18  4  6  5  19  6  18  7  3  8  14  9  14  10  5  11  2  12  4  13  9  14  11
  0  11  1  12  2  8  3  19  4  12  5  6  6  4  7  20  8  10  9  17  10  8  11  6  12  24  13  24  14  16
  0  16  1  5  2  2  3  11  4  9  5  15  6  5  7  20  8  3  9  15  10  7  11  2  12  11  13  24  14  14
  0  24  1  2  2  12  3  13  4  4  5  16  6  18  7  7  8  9  9  15  10  21  11  5  12  21  13  1  14  15
  0  23  1  16  2  19  3  24  4  18  5  8  6  4  7  7  8  2  9  22  10  23  11  11  12  8  13  20  14  5
  0  9  1  5  2  2  3  16  4  10  5  21  6  5  7  19  8  19  9  18  10  8  11  8  12  15  13  23  14  14
  0  3  1  11  2  22  3  2  4  1  5  5  6  20  7  12  8  22  9  1  10  18  11  7  12  10  13  5  14  9
