50  20
  0  79  1  10  2  58  3  2  4  3  5  29  6  44  7  63  8  82  9  56  10  16  11  48  12  17  13  87  14  37  15  69  16  79  17  45  18  95  19  42
  0  46  1  27  2  36  3  16  4  28  5  53  6  42  7  7  8  97  9  86  10  19  11  67  12  33  13  55  14  68  15  6  16  31  17  12  18  66  19  12
  0  65  1  7  2  77  3  73  4  75  5  52  6  67  7  82  8  32  9  13  10  97  11  66  12  4  13  45  14  25  15  96  16  13  17  73  18  17  19  50
  0  71  1  77  2  76  3  38  4  35  5  16  6  28  7  19  8  97  9  31  10  10  11  63  12  27  13  97  14  77  15  40  16  18  17  7  18  97  19  39
  0  7  1  6  2  21  3  42  4  78  5  34  6  25  7  20  8  44  9  23  10  87  11  17  12  99  13  54  14  33  15  41  16  66  17  85  18  47  19  71
  0  86  1  97  2  67  3  60  4  27  5  17  6  85  7  93  8  1  9  24  10  27  11  18  12  29  13  41  14  84  15  64  16  84  17  63  18  28  19  32
  0  4  1  85  2  12  3  91  4  46  5  26  6  63  7  32  8  48  9  56  10  10  11  74  12  96  13  92  14  80  15  6  16  16  17  96  18  1  19  9
  0  46  1  96  2  54  3  3  4  63  5  32  6  89  7  14  8  55  9  76  10  77  11  42  12  59  13  91  14  76  15  91  16  40  17  18  18  41  19  74
  0  40  1  10  2  77  3  25  4  41  5  67  6  43  7  61  8  30  9  13  10  46  11  96  12  39  13  36  14  81  15  87  16  14  17  85  18  8  19  50
  0  33  1  84  2  68  3  12  4  67  5  16  6  94  7  68  8  72  9  79  10  46  11  42  12  39  13  29  14  88  15  98  16  46  17  43  18  4  19  42
  0  96  1  90  2  74  3  99  4  28  5  76  6  11  7  73  8  24  9  4  10  92  11  18  12  78  13  68  14  49  15  64  16  75  17  78  18  5  19  6
  0  99  1  78  2  54  3  15  4  83  5  86  6  57  7  58  8  52  9  13  10  57  11  27  12  33  13  95  14  61  15  91  16  26  17  71  18  46  19  69
  0  75  1  85  2  71  3  44  4  63  5  80  6  18  7  79  8  18  9  46  10  73  11  20  12  41  13  4  14  46  15  79  16  50  17  55  18  75  19  45
  0  16  1  39  2  55  3  46  4  42  5  42  6  12  7  80  8  11  9  94  10  93  11  92  12  90  13  24  14  49  15  40  16  74  17  43  18  23  19  92
  0  22  1  28  2  91  3  60  4  82  5  63  6  4  7  33  8  55  9  1  10  10  11  87  12  5  13  53  14  96  15  93  16  21  17  89  18  57  19  8
  0  24  1  39  2  61  3  67  4  28  5  7  6  6  7  96  8  15  9  50  10  67  11  2  12  98  13  81  14  80  15  9  16  71  17  86  18  11  19  77
  0  53  1  84  2  6  3  93  4  2  5  59  6  35  7  18  8  50  9  41  10  54  11  48  12  70  13  20  14  57  15  26  16  87  17  20  18  99  19  90
  0  97  1  64  2  4  3  58  4  52  5  8  6  83  7  81  8  20  9  23  10  51  11  25  12  37  13  62  14  84  15  56  16  6  17  30  18  73  19  25
  0  5  1  45  2  85  3  6  4  19  5  71  6  91  7  8  8  8  9  41  10  64  11  80  12  52  13  19  14  36  15  72  16  74  17  54  18  74  19  25
  0  6  1  43  2  12  3  94  4  41  5  86  6  42  7  48  8  26  9  9  10  68  11  79  12  43  13  97  14  62  15  21  16  4  17  48  18  78  19  61
  0  65  1  46  2  11  3  6  4  23  5  17  6  23  7  15  8  46  9  13  10  50  11  21  12  67  13  37  14  80  15  13  16  36  17  5  18  53  19  29
  0  89  1  11  2  26  3  6  4  18  5  38  6  22  7  65  8  23  9  26  10  29  11  43  12  78  13  5  14  27  15  91  16  66  17  33  18  69  19  11
  0  37  1  22  2  38  3  81  4  12  5  14  6  46  7  14  8  34  9  60  10  68  11  38  12  34  13  19  14  5  15  83  16  68  17  51  18  28  19  45
  0  37  1  99  2  60  3  16  4  2  5  80  6  76  7  45  8  54  9  12  10  36  11  45  12  7  13  62  14  87  15  53  16  6  17  5  18  1  19  42
  0  83  1  88  2  15  3  98  4  14  5  87  6  15  7  50  8  23  9  67  10  69  11  95  12  72  13  86  14  88  15  52  16  29  17  37  18  99  19  55
  0  71  1  68  2  34  3  59  4  4  5  64  6  77  7  17  8  82  9  61  10  35  11  46  12  75  13  26  14  95  15  17  16  96  17  43  18  19  19  3
  0  98  1  63  2  63  3  88  4  18  5  21  6  32  7  29  8  95  9  28  10  13  11  94  12  18  13  86  14  25  15  53  16  63  17  1  18  14  19  81
  0  39  1  54  2  45  3  84  4  37  5  98  6  92  7  81  8  63  9  79  10  29  11  94  12  3  13  59  14  53  15  28  16  29  17  61  18  11  19  36
  0  72  1  5  2  10  3  18  4  7  5  23  6  24  7  86  8  14  9  89  10  28  11  93  12  36  13  75  14  26  15  23  16  36  17  32  18  61  19  63
  0  10  1  61  2  12  3  37  4  31  5  23  6  8  7  48  8  22  9  82  10  45  11  66  12  72  13  15  14  61  15  64  16  66  17  2  18  96  19  72
  0  69  1  95  2  76  3  31  4  98  5  37  6  74  7  37  8  78  9  45  10  35  11  19  12  46  13  27  14  81  15  1  16  68  17  65  18  25  19  20
  0  78  1  82  2  60  3  24  4  46  5  98  6  14  7  53  8  38  9  20  10  58  11  84  12  35  13  28  14  45  15  3  16  15  17  70  18  89  19  6
  0  10  1  51  2  25  3  83  4  94  5  80  6  7  7  11  8  88  9  42  10  26  11  43  12  46  13  79  14  79  15  18  16  83  17  94  18  89  19  89
  0  76  1  43  2  80  3  55  4  4  5  42  6  44  7  52  8  39  9  30  10  72  11  20  12  14  13  61  14  16  15  78  16  94  17  98  18  8  19  54
  0  54  1  58  2  60  3  53  4  34  5  10  6  29  7  67  8  14  9  35  10  90  11  58  12  53  13  9  14  81  15  73  16  58  17  37  18  12  19  55
  0  87  1  86  2  24  3  76  4  15  5  79  6  72  7  6  8  97  9  28  10  54  11  74  12  19  13  59  14  6  15  18  16  17  17  32  18  37  19  97
  0  6  1  48  2  90  3  31  4  52  5  22  6  33  7  85  8  70  9  59  10  13  11  22  12  41  13  35  14  48  15  80  16  76  17  7  18  33  19  51
  0  68  1  86  2  70  3  70  4  22  5  40  6  63  7  37  8  32  9  25  10  32  11  44  12  64  13  55  14  44  15  57  16  69  17  62  18  60  19  95
  0  99  1  97  2  37  3  91  4  46  5  87  6  50  7  45  8  97  9  40  10  15  11  83  12  88  13  60  14  30  15  1  16  93  17  37  18  61  19  42
  0  81  1  86  2  45  3  47  4  38  5  76  6  80  7  73  8  19  9  75  10  37  11  66  12  97  13  90  14  3  15  40  16  11  17  78  18  36  19  90
  0  22  1  68  2  10  3  54  4  51  5  8  6  58  7  82  8  54  9  35  10  57  11  2  12  32  13  36  14  9  15  57  16  10  17  24  18  5  19  97
  0  25  1  80  2  89  3  19  4  2  5  17  6  52  7  74  8  9  9  62  10  15  11  45  12  27  13  78  14  88  15  96  16  64  17  57  18  33  19  90
  0  12  1  63  2  33  3  12  4  15  5  14  6  57  7  31  8  6  9  9  10  1  11  29  12  29  13  64  14  96  15  30  16  40  17  5  18  58  19  34
  0  78  1  14  2  95  3  45  4  33  5  53  6  94  7  29  8  51  9  6  10  83  11  55  12  63  13  94  14  96  15  5  16  24  17  77  18  27  19  34
  0  89  1  33  2  27  3  52  4  84  5  85  6  87  7  37  8  29  9  26  10  17  11  92  12  19  13  26  14  89  15  35  16  96  17  68  18  53  19  49
  0  46  1  24  2  88  3  68  4  94  5  50  6  83  7  45  8  17  9  8  10  53  11  39  12  61  13  97  14  20  15  32  16  60  17  74  18  44  19  33
  0  75  1  97  2  50  3  55  4  97  5  16  6  11  7  66  8  16  9  97  10  61  11  42  12  2  13  48  14  82  15  75  16  82  17  93  18  55  19  29
  0  17  1  6  2  74  3  28  4  65  5  97  6  90  7  19  8  39  9  28  10  98  11  68  12  73  13  81  14  11  15  59  16  44  17  18  18  72  19  98
  0  27  1  7  2  94  3  70  4  79  5  89  6  47  7  82  8  91  9  36  10  2  11  87  12  11  13  91  14  33  15  87  16  79  17  23  18  29  19  43
  0  16  1  17  2  35  3  54  4  9  5  86  6  74  7  77  8  51  9  87  10  90  11  1  12  4  13  60  14  7  15  84  16  60  17  26  18  18  19  53
TPM
  0  1039  1  1039  2  1039  3  1039  4  1039  5  1039  6  1039  7  1039  8  1039  9  1039  10  1039  11  1039  12  1039  13  1039  14  1039  15  1039  16  1039  17  1039  18  1039  19  1039
PMT
  0  18  1  8  2  9  3  20  4  12  5  2  6  17  7  4  8  7  9  15  10  24  11  5  12  1  13  20  14  22  15  14  16  13  17  16  18  11  19  4
  0  19  1  1  2  20  3  12  4  15  5  4  6  7  7  4  8  9  9  3  10  20  11  3  12  18  13  20  14  1  15  3  16  11  17  3  18  7  19  4
  0  15  1  22  2  11  3  12  4  5  5  7  6  13  7  1  8  17  9  4  10  13  11  2  12  11  13  14  14  17  15  5  16  13  17  7  18  14  19  18
  0  3  1  15  2  19  3  7  4  5  5  9  6  16  7  24  8  20  9  21  10  13  11  24  12  21  13  21  14  21  15  2  16  3  17  11  18  14  19  17
  0  2  1  20  2  12  3  5  4  9  5  17  6  17  7  3  8  17  9  10  10  20  11  15  12  3  13  16  14  23  15  12  16  9  17  20  18  6  19  2
