100  10
  0  27  1  84  2  43  3  71  4  6  5  99  6  82  7  72  8  25  9  27
  0  54  1  94  2  59  3  63  4  48  5  32  6  83  7  15  8  62  9  81
  0  12  1  36  2  94  3  78  4  79  5  18  6  91  7  84  8  70  9  76
  0  86  1  78  2  69  3  20  4  10  5  48  6  5  7  77  8  47  9  73
  0  87  1  33  2  78  3  74  4  87  5  90  6  26  7  27  8  80  9  66
  0  90  1  2  2  71  3  89  4  54  5  73  6  74  7  45  8  85  9  84
  0  94  1  1  2  71  3  85  4  65  5  93  6  50  7  79  8  12  9  81
  0  42  1  32  2  53  3  67  4  89  5  38  6  70  7  63  8  47  9  51
  0  95  1  49  2  94  3  10  4  2  5  44  6  61  7  32  8  96  9  94
  0  79  1  47  2  55  3  42  4  10  5  94  6  33  7  38  8  6  9  14
  0  60  1  1  2  8  3  83  4  99  5  51  6  85  7  11  8  17  9  54
  0  74  1  62  2  99  3  63  4  64  5  93  6  24  7  46  8  41  9  16
  0  54  1  32  2  92  3  9  4  26  5  9  6  27  7  63  8  48  9  72
  0  65  1  27  2  11  3  91  4  4  5  69  6  12  7  45  8  59  9  92
  0  18  1  54  2  44  3  69  4  25  5  98  6  37  7  65  8  92  9  9
  0  40  1  91  2  59  3  61  4  40  5  82  6  65  7  22  8  16  9  2
  0  45  1  6  2  61  3  21  4  61  5  72  6  12  7  30  8  81  9  51
  0  98  1  60  2  45  3  66  4  59  5  31  6  58  7  33  8  90  9  65
  0  96  1  7  2  23  3  26  4  33  5  30  6  32  7  61  8  11  9  16
  0  41  1  68  2  18  3  37  4  70  5  23  6  40  7  25  8  33  9  8
  0  9  1  6  2  86  3  68  4  56  5  9  6  94  7  60  8  47  9  35
  0  52  1  60  2  56  3  79  4  77  5  86  6  7  7  20  8  75  9  10
  0  86  1  41  2  39  3  78  4  14  5  52  6  18  7  87  8  9  9  97
  0  87  1  47  2  2  3  88  4  2  5  47  6  88  7  12  8  96  9  20
  0  93  1  61  2  93  3  44  4  24  5  31  6  8  7  44  8  15  9  53
  0  71  1  72  2  96  3  61  4  14  5  94  6  42  7  29  8  71  9  97
  0  62  1  98  2  17  3  93  4  77  5  18  6  18  7  3  8  64  9  21
  0  79  1  25  2  60  3  57  4  30  5  36  6  86  7  30  8  43  9  68
  0  4  1  93  2  16  3  69  4  30  5  53  6  41  7  33  8  67  9  31
  0  46  1  60  2  29  3  6  4  84  5  93  6  59  7  48  8  5  9  18
  0  88  1  97  2  29  3  41  4  67  5  58  6  23  7  81  8  62  9  8
  0  29  1  35  2  26  3  41  4  2  5  97  6  57  7  10  8  68  9  60
  0  15  1  15  2  1  3  11  4  68  5  56  6  71  7  96  8  77  9  75
  0  26  1  54  2  47  3  14  4  2  5  87  6  90  7  87  8  80  9  54
  0  4  1  59  2  34  3  16  4  42  5  35  6  14  7  29  8  31  9  36
  0  10  1  95  2  63  3  22  4  40  5  9  6  72  7  53  8  81  9  54
  0  73  1  34  2  41  3  48  4  11  5  57  6  25  7  32  8  65  9  58
  0  54  1  53  2  94  3  47  4  44  5  89  6  20  7  55  8  37  9  16
  0  88  1  51  2  53  3  10  4  54  5  84  6  14  7  43  8  69  9  64
  0  36  1  16  2  93  3  97  4  7  5  11  6  33  7  31  8  93  9  97
  0  85  1  73  2  43  3  5  4  52  5  92  6  69  7  32  8  36  9  19
  0  48  1  81  2  50  3  90  4  55  5  23  6  82  7  26  8  19  9  29
  0  17  1  21  2  79  3  37  4  92  5  79  6  72  7  34  8  49  9  50
  0  76  1  56  2  2  3  22  4  88  5  62  6  27  7  85  8  37  9  24
  0  74  1  84  2  21  3  31  4  16  5  1  6  43  7  10  8  3  9  56
  0  93  1  5  2  6  3  17  4  74  5  72  6  33  7  30  8  84  9  83
  0  77  1  45  2  9  3  31  4  21  5  86  6  80  7  3  8  2  9  78
  0  96  1  45  2  26  3  46  4  23  5  43  6  71  7  44  8  14  9  95
  0  29  1  75  2  25  3  40  4  61  5  13  6  5  7  78  8  86  9  41
  0  82  1  1  2  19  3  59  4  1  5  99  6  12  7  35  8  51  9  33
  0  92  1  86  2  16  3  78  4  90  5  41  6  17  7  74  8  85  9  97
  0  35  1  56  2  30  3  70  4  45  5  27  6  40  7  31  8  75  9  13
  0  31  1  42  2  5  3  6  4  57  5  52  6  28  7  87  8  96  9  25
  0  79  1  85  2  48  3  90  4  84  5  8  6  76  7  43  8  64  9  56
  0  8  1  50  2  46  3  20  4  35  5  22  6  30  7  87  8  32  9  60
  0  11  1  36  2  52  3  1  4  80  5  95  6  61  7  93  8  40  9  75
  0  58  1  6  2  91  3  19  4  49  5  35  6  13  7  18  8  98  9  65
  0  18  1  98  2  70  3  6  4  55  5  66  6  29  7  93  8  1  9  67
  0  61  1  51  2  55  3  10  4  45  5  27  6  39  7  41  8  79  9  72
  0  55  1  92  2  36  3  13  4  54  5  18  6  10  7  28  8  30  9  97
  0  78  1  60  2  28  3  87  4  91  5  84  6  40  7  28  8  56  9  44
  0  26  1  42  2  81  3  18  4  73  5  95  6  11  7  66  8  3  9  91
  0  44  1  86  2  62  3  21  4  28  5  70  6  84  7  94  8  77  9  43
  0  85  1  34  2  48  3  19  4  39  5  84  6  70  7  17  8  50  9  85
  0  18  1  17  2  17  3  10  4  82  5  43  6  51  7  58  8  60  9  5
  0  86  1  73  2  71  3  52  4  21  5  94  6  88  7  94  8  42  9  88
  0  33  1  16  2  52  3  18  4  46  5  72  6  90  7  30  8  86  9  50
  0  5  1  74  2  72  3  47  4  32  5  97  6  85  7  67  8  93  9  64
  0  10  1  68  2  7  3  87  4  59  5  95  6  60  7  97  8  33  9  89
  0  32  1  63  2  86  3  48  4  19  5  41  6  19  7  89  8  20  9  37
  0  6  1  44  2  94  3  80  4  39  5  56  6  75  7  60  8  43  9  99
  0  28  1  81  2  84  3  21  4  69  5  15  6  87  7  62  8  80  9  68
  0  31  1  46  2  5  3  11  4  86  5  3  6  98  7  97  8  21  9  80
  0  57  1  99  2  75  3  74  4  78  5  41  6  90  7  58  8  93  9  76
  0  44  1  13  2  1  3  78  4  19  5  64  6  78  7  8  8  22  9  6
  0  51  1  94  2  11  3  46  4  58  5  50  6  9  7  10  8  21  9  81
  0  13  1  91  2  29  3  84  4  26  5  28  6  86  7  45  8  61  9  54
  0  81  1  53  2  7  3  41  4  76  5  26  6  52  7  43  8  33  9  99
  0  8  1  98  2  13  3  16  4  60  5  62  6  32  7  25  8  65  9  62
  0  38  1  88  2  66  3  11  4  55  5  39  6  70  7  9  8  20  9  34
  0  41  1  33  2  78  3  23  4  83  5  84  6  44  7  95  8  35  9  37
  0  27  1  99  2  74  3  25  4  77  5  23  6  23  7  53  8  14  9  8
  0  99  1  17  2  23  3  18  4  58  5  62  6  55  7  82  8  5  9  33
  0  50  1  98  2  77  3  75  4  68  5  45  6  60  7  9  8  10  9  63
  0  23  1  66  2  50  3  90  4  36  5  82  6  24  7  60  8  2  9  67
  0  35  1  94  2  89  3  94  4  67  5  69  6  74  7  13  8  39  9  15
  0  7  1  31  2  18  3  84  4  78  5  49  6  81  7  6  8  55  9  39
  0  2  1  2  2  80  3  91  4  87  5  36  6  84  7  85  8  6  9  21
  0  56  1  43  2  73  3  11  4  43  5  79  6  84  7  43  8  7  9  65
  0  15  1  11  2  38  3  48  4  35  5  85  6  8  7  13  8  91  9  19
  0  20  1  69  2  67  3  89  4  79  5  11  6  18  7  72  8  1  9  60
  0  44  1  51  2  5  3  8  4  52  5  8  6  4  7  23  8  7  9  43
  0  58  1  64  2  85  3  21  4  43  5  44  6  82  7  48  8  85  9  11
  0  21  1  23  2  36  3  56  4  75  5  5  6  1  7  62  8  19  9  16
  0  43  1  48  2  30  3  50  4  23  5  77  6  38  7  63  8  46  9  36
  0  87  1  72  2  37  3  89  4  49  5  72  6  50  7  89  8  14  9  72
  0  92  1  80  2  34  3  82  4  22  5  18  6  14  7  28  8  32  9  21
  0  59  1  56  2  57  3  3  4  27  5  65  6  44  7  57  8  46  9  80
  0  78  1  96  2  2  3  37  4  59  5  64  6  99  7  71  8  67  9  74
  0  50  1  8  2  66  3  47  4  41  5  91  6  26  7  41  8  91  9  40
TPM
  0  1131  1  1131  2  1131  3  1131  4  1131  5  1131  6  1131  7  1131  8  1131  9  1131
PMT
  0  101  1  6  2  10  3  93  4  100  5  140  6  101  7  147  8  90  9  61
  0  50  1  134  2  61  3  68  4  62  5  68  6  75  7  70  8  37  9  148
  0  132  1  145  2  127  3  82  4  4  5  34  6  149  7  103  8  46  9  107
  0  58  1  37  2  19  3  97  4  32  5  116  6  125  7  8  8  80  9  2
  0  29  1  18  2  7  3  73  4  11  5  133  6  34  7  8  8  63  9  57
  0  13  1  17  2  133  3  110  4  122  5  100  6  79  7  16  8  17  9  89
  0  77  1  35  2  5  3  99  4  116  5  148  6  90  7  36  8  146  9  50
  0  89  1  117  2  44  3  65  4  13  5  63  6  126  7  144  8  118  9  42
  0  113  1  114  2  47  3  65  4  40  5  51  6  110  7  75  8  44  9  5
