100  5
  0  32  1  39  2  38  3  8  4  42
  0  42  1  49  2  61  3  44  4  10
  0  5  1  94  2  51  3  42  4  89
  0  51  1  20  2  84  3  74  4  50
  0  96  1  58  2  89  3  28  4  94
  0  14  1  38  2  52  3  93  4  77
  0  80  1  57  2  68  3  75  4  8
  0  18  1  98  2  55  3  59  4  69
  0  23  1  19  2  65  3  44  4  31
  0  52  1  28  2  58  3  8  4  21
  0  44  1  10  2  78  3  57  4  67
  0  33  1  14  2  51  3  38  4  37
  0  90  1  37  2  37  3  31  4  29
  0  37  1  46  2  99  3  43  4  81
  0  9  1  85  2  71  3  43  4  45
  0  97  1  90  2  50  3  34  4  47
  0  7  1  47  2  97  3  80  4  97
  0  38  1  34  2  65  3  43  4  30
  0  84  1  34  2  54  3  42  4  34
  0  20  1  14  2  71  3  77  4  12
  0  67  1  24  2  14  3  20  4  34
  0  43  1  32  2  39  3  35  4  97
  0  7  1  45  2  43  3  22  4  25
  0  57  1  9  2  10  3  11  4  54
  0  27  1  1  2  9  3  35  4  27
  0  28  1  48  2  46  3  22  4  1
  0  10  1  32  2  36  3  40  4  46
  0  73  1  1  2  5  3  49  4  17
  0  90  1  59  2  51  3  18  4  36
  0  84  1  1  2  46  3  35  4  28
  0  72  1  22  2  50  3  36  4  73
  0  94  1  67  2  35  3  66  4  70
  0  44  1  27  2  34  3  47  4  83
  0  40  1  37  2  35  3  6  4  43
  0  51  1  41  2  3  3  1  4  80
  0  71  1  1  2  47  3  81  4  68
  0  71  1  2  2  54  3  76  4  48
  0  40  1  74  2  32  3  57  4  4
  0  79  1  92  2  70  3  27  4  22
  0  63  1  15  2  82  3  73  4  83
  0  31  1  97  2  25  3  89  4  36
  0  86  1  17  2  51  3  48  4  2
  0  7  1  59  2  81  3  93  4  47
  0  15  1  96  2  39  3  42  4  28
  0  97  1  77  2  87  3  52  4  81
  0  55  1  31  2  95  3  5  4  80
  0  2  1  87  2  1  3  34  4  92
  0  99  1  77  2  87  3  89  4  39
  0  84  1  14  2  99  3  69  4  2
  0  16  1  3  2  26  3  22  4  89
  0  37  1  32  2  9  3  1  4  99
  0  28  1  58  2  40  3  98  4  76
  0  96  1  95  2  27  3  3  4  87
  0  47  1  5  2  76  3  34  4  71
  0  36  1  59  2  11  3  27  4  64
  0  61  1  37  2  31  3  28  4  85
  0  89  1  72  2  55  3  52  4  33
  0  18  1  31  2  36  3  73  4  90
  0  48  1  52  2  9  3  43  4  9
  0  75  1  7  2  55  3  50  4  87
  0  32  1  12  2  99  3  72  4  23
  0  62  1  89  2  13  3  62  4  56
  0  87  1  58  2  17  3  95  4  23
  0  65  1  32  2  76  3  6  4  34
  0  96  1  88  2  82  3  81  4  25
  0  90  1  67  2  40  3  21  4  5
  0  46  1  65  2  19  3  80  4  34
  0  80  1  14  2  17  3  45  4  16
  0  24  1  57  2  6  3  98  4  60
  0  93  1  1  2  10  3  88  4  26
  0  55  1  16  2  91  3  94  4  89
  0  38  1  2  2  54  3  81  4  22
  0  37  1  68  2  44  3  6  4  61
  0  51  1  99  2  24  3  69  4  62
  0  86  1  76  2  37  3  55  4  64
  0  51  1  27  2  27  3  81  4  88
  0  5  1  17  2  20  3  17  4  19
  0  45  1  39  2  11  3  65  4  5
  0  84  1  32  2  7  3  47  4  30
  0  67  1  48  2  3  3  64  4  79
  0  72  1  49  2  48  3  14  4  90
  0  18  1  1  2  48  3  65  4  84
  0  92  1  68  2  4  3  1  4  45
  0  11  1  34  2  53  3  84  4  99
  0  13  1  63  2  70  3  72  4  29
  0  65  1  21  2  76  3  85  4  10
  0  6  1  67  2  1  3  4  4  51
  0  62  1  40  2  68  3  14  4  10
  0  72  1  79  2  90  3  80  4  29
  0  30  1  87  2  10  3  85  4  8
  0  60  1  23  2  11  3  3  4  88
  0  36  1  45  2  76  3  65  4  20
  0  4  1  54  2  6  3  43  4  29
  0  29  1  96  2  69  3  13  4  79
  0  56  1  48  2  86  3  54  4  68
  0  21  1  43  2  62  3  10  4  65
  0  21  1  76  2  86  3  8  4  97
  0  46  1  49  2  2  3  45  4  58
  0  48  1  49  2  51  3  15  4  57
  0  5  1  23  2  4  3  69  4  97
TPM
  0  1446  1  1446  2  1446  3  1446  4  1446
PMT
  0  6  1  76  2  41  3  62  4  95
  0  73  1  50  2  48  3  30  4  51
  0  81  1  68  2  80  3  1  4  63
  0  1  1  80  2  69  3  17  4  39
  0  61  1  18  2  83  3  82  4  95
  0  75  1  59  2  85  3  48  4  85
  0  37  1  23  2  87  3  37  4  39
