50  5
  0  18  1  34  2  99  3  71  4  31
  0  69  1  82  2  92  3  26  4  56
  0  44  1  82  2  67  3  23  4  52
  0  69  1  63  2  42  3  82  4  81
  0  43  1  60  2  56  3  1  4  15
  0  72  1  93  2  5  3  62  4  74
  0  5  1  66  2  47  3  19  4  16
  0  13  1  92  2  43  3  43  4  67
  0  89  1  40  2  12  3  23  4  52
  0  4  1  16  2  17  3  90  4  73
  0  67  1  10  2  95  3  30  4  53
  0  90  1  59  2  51  3  27  4  53
  0  61  1  14  2  90  3  28  4  91
  0  3  1  48  2  48  3  14  4  59
  0  25  1  96  2  68  3  82  4  99
  0  66  1  66  2  76  3  91  4  8
  0  45  1  87  2  83  3  76  4  73
  0  87  1  87  2  85  3  17  4  92
  0  89  1  23  2  21  3  31  4  11
  0  5  1  63  2  85  3  83  4  58
  0  81  1  82  2  38  3  68  4  80
  0  11  1  24  2  27  3  67  4  74
  0  36  1  56  2  88  3  23  4  10
  0  18  1  47  2  22  3  99  4  18
  0  27  1  36  2  64  3  61  4  60
  0  58  1  23  2  30  3  20  4  92
  0  44  1  85  2  1  3  79  4  99
  0  7  1  37  2  27  3  81  4  34
  0  84  1  81  2  60  3  67  4  26
  0  44  1  58  2  36  3  8  4  25
  0  34  1  56  2  24  3  97  4  16
  0  27  1  71  2  83  3  43  4  28
  0  65  1  79  2  83  3  38  4  95
  0  16  1  36  2  76  3  48  4  10
  0  53  1  31  2  19  3  36  4  37
  0  33  1  7  2  43  3  76  4  94
  0  66  1  90  2  46  3  11  4  41
  0  68  1  90  2  95  3  12  4  42
  0  49  1  10  2  46  3  24  4  89
  0  87  1  16  2  62  3  79  4  80
  0  18  1  14  2  5  3  72  4  40
  0  25  1  95  2  35  3  28  4  38
  0  40  1  22  2  54  3  13  4  96
  0  28  1  2  2  18  3  20  4  55
  0  14  1  24  2  71  3  77  4  59
  0  33  1  80  2  70  3  25  4  88
  0  71  1  60  2  42  3  72  4  81
  0  30  1  87  2  88  3  21  4  44
  0  31  1  74  2  61  3  13  4  23
  0  89  1  57  2  93  3  30  4  89
TPM
  0  813  1  813  2  813  3  813  4  813
PMT
  0  25  1  15  2  114  3  105  4  2
  0  32  1  61  2  61  3  14  4  127
  0  18  1  101  2  90  3  146  4  27
  0  137  1  18  2  131  3  110  4  28
  0  87  1  31  2  6  3  32  4  127
  0  33  1  67  2  26  3  7  4  54
  0  62  1  9  2  114  3  111  4  107
