100  20
  0  21  1  59  2  16  3  74  4  47  5  59  6  18  7  86  8  95  9  67  10  47  11  7  12  4  13  40  14  75  15  95  16  71  17  43  18  27  19  30
  0  32  1  16  2  2  3  80  4  66  5  98  6  97  7  92  8  64  9  17  10  26  11  37  12  8  13  47  14  39  15  8  16  32  17  12  18  8  19  92
  0  97  1  86  2  25  3  42  4  69  5  96  6  12  7  88  8  96  9  52  10  65  11  30  12  36  13  49  14  66  15  57  16  49  17  20  18  33  19  81
  0  86  1  35  2  1  3  19  4  32  5  67  6  58  7  5  8  59  9  75  10  63  11  75  12  40  13  87  14  23  15  26  16  98  17  62  18  24  19  16
  0  1  1  69  2  23  3  22  4  17  5  36  6  55  7  20  8  18  9  21  10  13  11  61  12  71  13  23  14  94  15  80  16  52  17  54  18  41  19  42
  0  92  1  15  2  92  3  19  4  28  5  36  6  53  7  47  8  23  9  23  10  31  11  19  12  70  13  74  14  87  15  95  16  6  17  74  18  36  19  55
  0  81  1  83  2  47  3  7  4  91  5  72  6  65  7  38  8  37  9  85  10  50  11  71  12  81  13  7  14  75  15  58  16  25  17  84  18  69  19  22
  0  4  1  29  2  73  3  39  4  5  5  87  6  46  7  16  8  18  9  72  10  49  11  97  12  8  13  82  14  87  15  24  16  48  17  42  18  87  19  9
  0  61  1  73  2  44  3  22  4  57  5  45  6  62  7  78  8  51  9  77  10  74  11  90  12  38  13  95  14  15  15  19  16  6  17  67  18  79  19  25
  0  50  1  56  2  6  3  35  4  20  5  78  6  33  7  41  8  80  9  53  10  57  11  13  12  9  13  71  14  76  15  97  16  32  17  37  18  73  19  20
  0  86  1  44  2  13  3  23  4  51  5  2  6  34  7  5  8  86  9  11  10  64  11  41  12  83  13  63  14  84  15  6  16  3  17  25  18  27  19  14
  0  57  1  92  2  92  3  70  4  68  5  72  6  96  7  81  8  5  9  2  10  98  11  71  12  67  13  8  14  75  15  12  16  8  17  89  18  34  19  42
  0  66  1  54  2  70  3  60  4  80  5  47  6  36  7  2  8  95  9  60  10  59  11  28  12  81  13  10  14  29  15  3  16  41  17  7  18  47  19  31
  0  53  1  74  2  98  3  75  4  87  5  76  6  2  7  79  8  98  9  67  10  37  11  78  12  74  13  75  14  67  15  53  16  86  17  74  18  82  19  63
  0  96  1  15  2  64  3  89  4  87  5  19  6  25  7  35  8  33  9  46  10  69  11  82  12  40  13  4  14  5  15  23  16  99  17  49  18  71  19  74
  0  52  1  5  2  85  3  65  4  44  5  87  6  14  7  68  8  31  9  25  10  15  11  86  12  63  13  8  14  22  15  38  16  43  17  96  18  57  19  91
  0  58  1  98  2  97  3  46  4  10  5  52  6  19  7  60  8  15  9  16  10  13  11  69  12  27  13  38  14  42  15  52  16  20  17  46  18  70  19  31
  0  25  1  93  2  93  3  15  4  9  5  44  6  55  7  34  8  51  9  87  10  24  11  99  12  38  13  14  14  60  15  11  16  91  17  97  18  12  19  82
  0  98  1  51  2  97  3  66  4  17  5  64  6  89  7  92  8  53  9  43  10  88  11  41  12  62  13  90  14  52  15  46  16  5  17  23  18  37  19  67
  0  44  1  94  2  44  3  88  4  4  5  78  6  85  7  40  8  95  9  30  10  26  11  38  12  79  13  22  14  45  15  92  16  45  17  49  18  31  19  40
  0  2  1  11  2  16  3  78  4  21  5  38  6  91  7  29  8  80  9  29  10  82  11  53  12  88  13  90  14  54  15  87  16  93  17  20  18  92  19  76
  0  15  1  54  2  74  3  25  4  39  5  84  6  18  7  3  8  70  9  19  10  91  11  51  12  33  13  21  14  96  15  96  16  60  17  72  18  84  19  62
  0  25  1  36  2  51  3  35  4  83  5  10  6  15  7  29  8  51  9  4  10  97  11  37  12  26  13  89  14  39  15  95  16  20  17  81  18  26  19  77
  0  84  1  63  2  13  3  83  4  22  5  82  6  69  7  26  8  24  9  46  10  74  11  97  12  82  13  10  14  51  15  81  16  62  17  48  18  5  19  44
  0  32  1  35  2  12  3  16  4  87  5  69  6  72  7  51  8  20  9  47  10  21  11  23  12  9  13  40  14  61  15  95  16  50  17  46  18  67  19  75
  0  36  1  23  2  73  3  39  4  55  5  1  6  32  7  87  8  88  9  70  10  23  11  70  12  96  13  56  14  42  15  84  16  42  17  41  18  98  19  45
  0  96  1  3  2  4  3  73  4  2  5  67  6  20  7  47  8  9  9  99  10  21  11  28  12  6  13  82  14  66  15  41  16  6  17  53  18  92  19  75
  0  60  1  2  2  89  3  42  4  13  5  51  6  90  7  89  8  15  9  65  10  12  11  84  12  65  13  61  14  18  15  88  16  52  17  29  18  95  19  2
  0  94  1  70  2  54  3  45  4  23  5  18  6  6  7  10  8  51  9  95  10  74  11  94  12  10  13  33  14  45  15  98  16  60  17  43  18  54  19  56
  0  13  1  18  2  74  3  25  4  98  5  22  6  54  7  57  8  81  9  72  10  11  11  23  12  14  13  25  14  87  15  64  16  64  17  37  18  16  19  3
  0  69  1  50  2  64  3  19  4  97  5  20  6  49  7  77  8  21  9  90  10  26  11  84  12  26  13  86  14  21  15  76  16  26  17  75  18  47  19  91
  0  44  1  9  2  14  3  74  4  80  5  69  6  35  7  98  8  83  9  60  10  90  11  30  12  93  13  25  14  96  15  51  16  23  17  78  18  82  19  22
  0  88  1  94  2  93  3  51  4  28  5  77  6  56  7  96  8  36  9  99  10  78  11  32  12  28  13  15  14  69  15  24  16  15  17  47  18  9  19  39
  0  23  1  25  2  95  3  51  4  17  5  18  6  48  7  19  8  13  9  94  10  46  11  72  12  64  13  95  14  40  15  10  16  74  17  6  18  55  19  1
  0  74  1  61  2  72  3  44  4  55  5  29  6  62  7  40  8  48  9  43  10  14  11  52  12  3  13  78  14  66  15  79  16  88  17  17  18  43  19  77
  0  30  1  12  2  62  3  75  4  55  5  70  6  45  7  91  8  5  9  4  10  63  11  48  12  46  13  19  14  1  15  22  16  76  17  56  18  2  19  92
  0  16  1  79  2  52  3  82  4  29  5  85  6  7  7  79  8  16  9  97  10  50  11  8  12  68  13  43  14  71  15  74  16  76  17  37  18  80  19  3
  0  40  1  17  2  95  3  57  4  13  5  18  6  79  7  85  8  79  9  64  10  13  11  53  12  63  13  18  14  19  15  48  16  89  17  23  18  92  19  66
  0  66  1  26  2  82  3  19  4  56  5  63  6  36  7  17  8  53  9  51  10  18  11  27  12  85  13  5  14  38  15  91  16  92  17  91  18  71  19  80
  0  82  1  84  2  42  3  94  4  43  5  59  6  8  7  48  8  56  9  83  10  71  11  8  12  61  13  55  14  1  15  44  16  53  17  11  18  39  19  53
  0  17  1  8  2  20  3  23  4  27  5  42  6  47  7  71  8  63  9  65  10  83  11  79  12  38  13  13  14  59  15  91  16  16  17  44  18  4  19  54
  0  81  1  71  2  57  3  21  4  82  5  30  6  10  7  45  8  53  9  88  10  81  11  33  12  7  13  43  14  47  15  29  16  35  17  15  18  48  19  64
  0  60  1  52  2  67  3  82  4  29  5  10  6  49  7  20  8  50  9  50  10  91  11  17  12  3  13  9  14  38  15  77  16  69  17  81  18  58  19  10
  0  80  1  63  2  87  3  8  4  70  5  29  6  54  7  57  8  64  9  27  10  38  11  92  12  76  13  53  14  21  15  16  16  74  17  98  18  22  19  57
  0  22  1  97  2  47  3  61  4  38  5  27  6  70  7  98  8  18  9  33  10  43  11  52  12  96  13  67  14  99  15  31  16  61  17  78  18  92  19  97
  0  48  1  92  2  84  3  29  4  62  5  60  6  86  7  31  8  23  9  68  10  6  11  83  12  14  13  41  14  44  15  91  16  90  17  76  18  81  19  59
  0  83  1  94  2  4  3  14  4  90  5  94  6  82  7  58  8  43  9  44  10  7  11  17  12  6  13  43  14  25  15  97  16  27  17  54  18  54  19  8
  0  59  1  71  2  48  3  79  4  20  5  78  6  51  7  87  8  44  9  17  10  68  11  81  12  78  13  64  14  27  15  60  16  87  17  6  18  18  19  46
  0  87  1  15  2  38  3  56  4  38  5  21  6  66  7  72  8  36  9  2  10  56  11  51  12  97  13  24  14  19  15  27  16  37  17  44  18  32  19  4
  0  68  1  25  2  99  3  45  4  73  5  34  6  43  7  87  8  45  9  22  10  12  11  52  12  72  13  22  14  23  15  36  16  31  17  85  18  87  19  83
  0  14  1  64  2  72  3  94  4  86  5  6  6  8  7  10  8  75  9  13  10  45  11  74  12  12  13  91  14  13  15  76  16  95  17  78  18  30  19  15
  0  52  1  33  2  87  3  37  4  82  5  34  6  93  7  52  8  49  9  9  10  36  11  8  12  43  13  86  14  26  15  95  16  9  17  61  18  23  19  15
  0  48  1  97  2  46  3  7  4  9  5  21  6  16  7  55  8  32  9  66  10  9  11  88  12  33  13  89  14  90  15  61  16  14  17  58  18  77  19  76
  0  44  1  76  2  30  3  77  4  62  5  7  6  86  7  40  8  77  9  99  10  95  11  28  12  79  13  52  14  82  15  88  16  74  17  31  18  88  19  13
  0  25  1  52  2  46  3  84  4  42  5  6  6  86  7  88  8  67  9  42  10  94  11  59  12  47  13  89  14  59  15  72  16  69  17  49  18  70  19  40
  0  40  1  92  2  75  3  38  4  98  5  66  6  2  7  81  8  10  9  53  10  80  11  32  12  76  13  83  14  56  15  1  16  68  17  63  18  59  19  83
  0  53  1  72  2  65  3  24  4  74  5  61  6  83  7  28  8  21  9  29  10  36  11  33  12  76  13  77  14  33  15  36  16  46  17  70  18  42  19  23
  0  94  1  35  2  10  3  47  4  46  5  91  6  95  7  65  8  33  9  4  10  15  11  10  12  89  13  72  14  1  15  75  16  24  17  21  18  30  19  28
  0  29  1  50  2  90  3  85  4  98  5  55  6  60  7  13  8  67  9  36  10  40  11  31  12  93  13  36  14  65  15  45  16  50  17  1  18  67  19  32
  0  89  1  37  2  80  3  38  4  99  5  8  6  10  7  89  8  76  9  11  10  2  11  10  12  64  13  4  14  83  15  88  16  52  17  89  18  66  19  62
  0  16  1  70  2  27  3  94  4  55  5  32  6  10  7  62  8  65  9  24  10  21  11  78  12  26  13  33  14  2  15  35  16  19  17  81  18  95  19  24
  0  95  1  87  2  66  3  62  4  57  5  73  6  11  7  59  8  16  9  10  10  83  11  78  12  55  13  21  14  28  15  84  16  10  17  10  18  71  19  87
  0  23  1  61  2  49  3  13  4  60  5  28  6  44  7  73  8  86  9  35  10  57  11  10  12  29  13  21  14  65  15  24  16  93  17  29  18  16  19  43
  0  1  1  9  2  64  3  59  4  54  5  75  6  64  7  46  8  69  9  73  10  51  11  62  12  14  13  3  14  92  15  68  16  47  17  23  18  96  19  24
  0  52  1  50  2  89  3  54  4  5  5  96  6  9  7  87  8  17  9  31  10  83  11  13  12  50  13  43  14  80  15  2  16  91  17  59  18  54  19  98
  0  30  1  39  2  20  3  78  4  86  5  29  6  34  7  4  8  69  9  80  10  65  11  61  12  72  13  47  14  81  15  43  16  36  17  14  18  79  19  95
  0  31  1  27  2  46  3  63  4  41  5  34  6  25  7  5  8  51  9  38  10  10  11  43  12  71  13  38  14  20  15  79  16  47  17  8  18  3  19  5
  0  47  1  29  2  77  3  60  4  11  5  85  6  17  7  39  8  17  9  83  10  27  11  42  12  94  13  56  14  81  15  22  16  83  17  66  18  9  19  71
  0  28  1  15  2  37  3  52  4  53  5  14  6  61  7  60  8  60  9  97  10  76  11  85  12  30  13  61  14  82  15  97  16  41  17  64  18  77  19  77
  0  27  1  33  2  73  3  73  4  27  5  45  6  13  7  37  8  19  9  89  10  66  11  4  12  22  13  33  14  40  15  78  16  21  17  27  18  27  19  69
  0  46  1  43  2  72  3  83  4  2  5  33  6  47  7  53  8  42  9  21  10  38  11  75  12  25  13  5  14  12  15  86  16  3  17  10  18  7  19  88
  0  23  1  18  2  50  3  5  4  42  5  75  6  16  7  49  8  2  9  49  10  68  11  4  12  86  13  81  14  58  15  66  16  80  17  63  18  60  19  6
  0  2  1  32  2  68  3  24  4  55  5  52  6  4  7  32  8  56  9  56  10  78  11  78  12  3  13  26  14  35  15  82  16  6  17  61  18  59  19  69
  0  5  1  67  2  9  3  14  4  17  5  37  6  45  7  25  8  14  9  38  10  31  11  37  12  16  13  13  14  36  15  89  16  45  17  45  18  81  19  11
  0  78  1  77  2  84  3  39  4  1  5  57  6  15  7  42  8  38  9  53  10  57  11  19  12  23  13  83  14  41  15  1  16  33  17  23  18  87  19  79
  0  84  1  5  2  87  3  31  4  88  5  18  6  3  7  17  8  2  9  66  10  48  11  73  12  19  13  57  14  30  15  26  16  88  17  16  18  3  19  93
  0  69  1  49  2  95  3  57  4  32  5  12  6  27  7  18  8  88  9  43  10  88  11  74  12  8  13  76  14  81  15  71  16  30  17  42  18  23  19  27
  0  19  1  13  2  78  3  25  4  83  5  68  6  64  7  25  8  74  9  72  10  34  11  48  12  41  13  87  14  52  15  17  16  90  17  82  18  2  19  70
  0  94  1  88  2  95  3  81  4  31  5  29  6  80  7  45  8  60  9  18  10  50  11  18  12  70  13  95  14  14  15  20  16  38  17  71  18  81  19  44
  0  96  1  59  2  64  3  17  4  2  5  46  6  3  7  10  8  40  9  37  10  67  11  15  12  19  13  40  14  98  15  1  16  35  17  3  18  75  19  40
  0  6  1  17  2  31  3  62  4  13  5  41  6  69  7  67  8  5  9  18  10  21  11  23  12  27  13  74  14  67  15  14  16  6  17  41  18  16  19  23
  0  3  1  35  2  99  3  57  4  88  5  68  6  37  7  57  8  33  9  3  10  76  11  46  12  1  13  50  14  10  15  13  16  88  17  87  18  29  19  24
  0  64  1  46  2  69  3  22  4  70  5  79  6  39  7  54  8  18  9  29  10  58  11  20  12  87  13  47  14  41  15  58  16  87  17  33  18  93  19  1
  0  71  1  97  2  14  3  53  4  87  5  67  6  22  7  94  8  20  9  88  10  48  11  99  12  54  13  85  14  56  15  33  16  64  17  99  18  96  19  54
  0  9  1  3  2  90  3  41  4  82  5  57  6  9  7  29  8  59  9  80  10  95  11  12  12  30  13  19  14  40  15  55  16  18  17  59  18  3  19  12
  0  12  1  12  2  50  3  58  4  71  5  54  6  57  7  73  8  79  9  25  10  74  11  33  12  58  13  97  14  67  15  3  16  60  17  66  18  85  19  31
  0  2  1  49  2  17  3  94  4  20  5  65  6  25  7  44  8  49  9  53  10  79  11  45  12  55  13  39  14  31  15  11  16  69  17  57  18  94  19  84
  0  20  1  11  2  30  3  11  4  54  5  84  6  40  7  99  8  76  9  88  10  27  11  78  12  73  13  64  14  76  15  79  16  84  17  96  18  61  19  18
  0  47  1  16  2  76  3  51  4  20  5  65  6  56  7  24  8  59  9  92  10  34  11  36  12  21  13  72  14  40  15  9  16  88  17  77  18  56  19  2
  0  69  1  50  2  59  3  38  4  89  5  43  6  39  7  26  8  4  9  38  10  60  11  73  12  86  13  54  14  13  15  64  16  61  17  99  18  61  19  13
  0  11  1  43  2  86  3  26  4  50  5  92  6  2  7  48  8  67  9  26  10  57  11  55  12  58  13  92  14  79  15  26  16  25  17  87  18  12  19  18
  0  86  1  77  2  54  3  8  4  47  5  14  6  3  7  92  8  16  9  68  10  52  11  45  12  52  13  83  14  10  15  76  16  12  17  19  18  33  19  56
  0  98  1  20  2  80  3  84  4  49  5  73  6  51  7  12  8  9  9  92  10  52  11  66  12  75  13  69  14  96  15  24  16  20  17  78  18  57  19  24
  0  5  1  6  2  6  3  42  4  67  5  77  6  7  7  36  8  39  9  59  10  69  11  58  12  2  13  89  14  57  15  87  16  27  17  60  18  14  19  15
  0  32  1  41  2  58  3  9  4  48  5  31  6  59  7  21  8  1  9  71  10  80  11  21  12  30  13  66  14  68  15  72  16  1  17  75  18  25  19  81
  0  99  1  88  2  71  3  80  4  4  5  1  6  17  7  41  8  61  9  39  10  72  11  8  12  40  13  4  14  76  15  11  16  12  17  41  18  35  19  5
  0  96  1  56  2  72  3  24  4  76  5  16  6  57  7  61  8  50  9  20  10  56  11  15  12  92  13  45  14  16  15  54  16  36  17  62  18  81  19  99
  0  5  1  6  2  4  3  14  4  38  5  41  6  97  7  61  8  8  9  47  10  39  11  79  12  18  13  35  14  30  15  48  16  15  17  32  18  59  19  80
  0  77  1  41  2  40  3  65  4  52  5  31  6  3  7  10  8  43  9  21  10  69  11  90  12  90  13  74  14  57  15  7  16  87  17  3  18  56  19  79
  0  12  1  58  2  4  3  51  4  87  5  46  6  43  7  86  8  94  9  12  10  33  11  58  12  96  13  57  14  60  15  89  16  43  17  13  18  49  19  79
TPM
  0  1270  1  1270  2  1270  3  1270  4  1270  5  1270  6  1270  7  1270  8  1270  9  1270  10  1270  11  1270  12  1270  13  1270  14  1270  15  1270  16  1270  17  1270  18  1270  19  1270
PMT
  0  108  1  89  2  142  3  32  4  58  5  104  6  73  7  23  8  16  9  43  10  52  11  12  12  46  13  70  14  124  15  44  16  48  17  108  18  147  19  12
  0  76  1  91  2  9  3  104  4  125  5  115  6  68  7  101  8  96  9  31  10  144  11  144  12  123  13  7  14  100  15  111  16  72  17  47  18  101  19  24
  0  126  1  68  2  89  3  26  4  6  5  76  6  79  7  34  8  133  9  45  10  117  11  89  12  1  13  4  14  114  15  67  16  103  17  147  18  103  19  16
  0  72  1  74  2  5  3  145  4  56  5  28  6  134  7  12  8  4  9  23  10  108  11  58  12  67  13  105  14  5  15  8  16  7  17  106  18  11  19  64
  0  3  1  117  2  88  3  94  4  64  5  109  6  19  7  96  8  64  9  10  10  77  11  79  12  86  13  85  14  74  15  27  16  18  17  6  18  93  19  88
  0  102  1  132  2  135  3  98  4  127  5  14  6  122  7  141  8  56  9  111  10  91  11  5  12  34  13  22  14  20  15  26  16  90  17  34  18  81  19  89
  0  79  1  117  2  86  3  83  4  134  5  98  6  53  7  147  8  127  9  3  10  120  11  59  12  141  13  50  14  34  15  42  16  85  17  86  18  87  19  55
  0  63  1  132  2  74  3  26  4  17  5  110  6  12  7  147  8  27  9  23  10  14  11  21  12  7  13  115  14  145  15  13  16  112  17  93  18  121  19  117
