500  5
  0  34  1  54  2  51  3  33  4  78
  0  51  1  57  2  25  3  30  4  2
  0  46  1  34  2  69  3  89  4  26
  0  98  1  85  2  85  3  86  4  6
  0  40  1  57  2  94  3  22  4  9
  0  27  1  12  2  50  3  69  4  2
  0  95  1  15  2  1  3  20  4  87
  0  63  1  16  2  6  3  96  4  51
  0  40  1  95  2  20  3  33  4  3
  0  6  1  81  2  86  3  14  4  42
  0  57  1  41  2  33  3  65  4  25
  0  85  1  65  2  80  3  73  4  74
  0  31  1  2  2  32  3  63  4  89
  0  1  1  28  2  38  3  29  4  72
  0  70  1  24  2  43  3  44  4  16
  0  78  1  63  2  22  3  79  4  14
  0  98  1  56  2  85  3  9  4  24
  0  71  1  63  2  79  3  20  4  80
  0  52  1  48  2  22  3  81  4  60
  0  23  1  78  2  22  3  83  4  56
  0  90  1  58  2  98  3  77  4  93
  0  58  1  68  2  86  3  19  4  21
  0  31  1  78  2  9  3  10  4  67
  0  31  1  17  2  26  3  51  4  48
  0  91  1  67  2  45  3  86  4  15
  0  46  1  89  2  76  3  76  4  72
  0  86  1  17  2  83  3  8  4  95
  0  21  1  29  2  59  3  84  4  25
  0  96  1  77  2  93  3  3  4  46
  0  48  1  20  2  32  3  23  4  19
  0  26  1  16  2  85  3  95  4  19
  0  58  1  40  2  89  3  75  4  36
  0  28  1  5  2  89  3  19  4  95
  0  5  1  71  2  41  3  69  4  87
  0  40  1  15  2  82  3  56  4  68
  0  36  1  46  2  82  3  81  4  39
  0  58  1  80  2  19  3  82  4  88
  0  38  1  10  2  85  3  88  4  93
  0  18  1  39  2  9  3  37  4  65
  0  65  1  26  2  74  3  31  4  2
  0  17  1  92  2  82  3  25  4  20
  0  7  1  5  2  53  3  74  4  86
  0  11  1  78  2  50  3  77  4  60
  0  25  1  68  2  76  3  24  4  39
  0  5  1  30  2  62  3  50  4  26
  0  50  1  8  2  59  3  78  4  78
  0  74  1  41  2  58  3  41  4  28
  0  79  1  8  2  71  3  94  4  58
  0  33  1  97  2  84  3  80  4  32
  0  17  1  70  2  94  3  78  4  9
  0  39  1  42  2  94  3  59  4  97
  0  60  1  23  2  88  3  29  4  6
  0  67  1  19  2  97  3  77  4  61
  0  14  1  65  2  52  3  6  4  80
  0  76  1  80  2  52  3  19  4  3
  0  76  1  46  2  45  3  70  4  22
  0  52  1  48  2  3  3  69  4  21
  0  31  1  62  2  85  3  73  4  62
  0  64  1  12  2  11  3  36  4  91
  0  2  1  77  2  4  3  50  4  69
  0  31  1  53  2  34  3  74  4  1
  0  16  1  84  2  97  3  43  4  48
  0  71  1  14  2  10  3  20  4  32
  0  48  1  4  2  84  3  36  4  71
  0  84  1  44  2  67  3  84  4  39
  0  9  1  43  2  83  3  40  4  20
  0  13  1  8  2  55  3  97  4  96
  0  22  1  75  2  20  3  67  4  78
  0  77  1  50  2  83  3  51  4  49
  0  63  1  17  2  56  3  20  4  47
  0  46  1  87  2  95  3  71  4  12
  0  35  1  87  2  58  3  33  4  69
  0  68  1  83  2  49  3  96  4  13
  0  11  1  38  2  34  3  8  4  25
  0  13  1  55  2  17  3  14  4  12
  0  94  1  54  2  34  3  14  4  23
  0  7  1  36  2  64  3  31  4  80
  0  46  1  93  2  74  3  2  4  40
  0  39  1  81  2  59  3  32  4  29
  0  15  1  92  2  79  3  77  4  43
  0  62  1  89  2  1  3  63  4  33
  0  42  1  55  2  78  3  92  4  99
  0  52  1  30  2  57  3  56  4  8
  0  25  1  45  2  34  3  27  4  15
  0  31  1  53  2  34  3  19  4  96
  0  14  1  91  2  96  3  42  4  79
  0  80  1  14  2  36  3  35  4  30
  0  42  1  8  2  76  3  9  4  16
  0  12  1  43  2  31  3  11  4  23
  0  5  1  39  2  21  3  26  4  64
  0  48  1  71  2  38  3  32  4  84
  0  56  1  47  2  95  3  45  4  25
  0  67  1  74  2  57  3  32  4  58
  0  50  1  22  2  33  3  29  4  96
  0  62  1  95  2  45  3  60  4  20
  0  48  1  13  2  63  3  65  4  94
  0  96  1  30  2  12  3  59  4  87
  0  52  1  53  2  48  3  56  4  53
  0  70  1  35  2  31  3  19  4  63
  0  15  1  92  2  84  3  17  4  76
  0  92  1  23  2  2  3  83  4  5
  0  61  1  58  2  79  3  94  4  7
  0  41  1  50  2  59  3  89  4  94
  0  96  1  57  2  28  3  99  4  20
  0  57  1  81  2  16  3  13  4  53
  0  54  1  98  2  4  3  34  4  52
  0  77  1  16  2  4  3  15  4  9
  0  20  1  90  2  70  3  57  4  91
  0  93  1  96  2  64  3  17  4  51
  0  64  1  92  2  4  3  29  4  12
  0  76  1  79  2  62  3  85  4  3
  0  96  1  15  2  14  3  11  4  65
  0  11  1  34  2  83  3  97  4  74
  0  68  1  58  2  26  3  80  4  27
  0  95  1  23  2  91  3  83  4  78
  0  50  1  43  2  40  3  23  4  98
  0  93  1  97  2  32  3  8  4  69
  0  86  1  21  2  76  3  50  4  18
  0  90  1  95  2  83  3  70  4  38
  0  66  1  24  2  22  3  22  4  94
  0  40  1  84  2  25  3  65  4  30
  0  10  1  72  2  35  3  36  4  67
  0  22  1  6  2  50  3  16  4  12
  0  63  1  57  2  19  3  31  4  94
  0  56  1  75  2  73  3  15  4  46
  0  69  1  61  2  70  3  79  4  50
  0  67  1  98  2  13  3  7  4  65
  0  60  1  7  2  3  3  81  4  80
  0  66  1  59  2  47  3  48  4  6
  0  36  1  55  2  80  3  88  4  31
  0  65  1  43  2  83  3  86  4  43
  0  72  1  26  2  2  3  98  4  60
  0  78  1  68  2  57  3  85  4  28
  0  77  1  8  2  2  3  78  4  81
  0  84  1  21  2  2  3  94  4  76
  0  51  1  74  2  69  3  95  4  71
  0  8  1  86  2  24  3  66  4  43
  0  38  1  27  2  41  3  82  4  4
  0  10  1  86  2  62  3  31  4  47
  0  80  1  98  2  89  3  16  4  35
  0  58  1  53  2  7  3  22  4  43
  0  15  1  8  2  42  3  77  4  62
  0  64  1  24  2  42  3  61  4  79
  0  61  1  2  2  8  3  96  4  23
  0  8  1  72  2  79  3  2  4  83
  0  31  1  91  2  84  3  17  4  53
  0  20  1  56  2  18  3  16  4  19
  0  70  1  24  2  26  3  58  4  48
  0  46  1  5  2  86  3  3  4  5
  0  47  1  72  2  75  3  86  4  62
  0  70  1  45  2  27  3  72  4  12
  0  60  1  1  2  99  3  37  4  76
  0  61  1  90  2  22  3  15  4  88
  0  53  1  37  2  82  3  11  4  99
  0  67  1  2  2  18  3  22  4  82
  0  49  1  86  2  48  3  17  4  7
  0  79  1  55  2  13  3  61  4  97
  0  31  1  28  2  19  3  79  4  9
  0  29  1  10  2  90  3  39  4  94
  0  11  1  56  2  41  3  21  4  1
  0  4  1  68  2  92  3  32  4  38
  0  78  1  69  2  80  3  65  4  83
  0  95  1  7  2  24  3  32  4  31
  0  53  1  12  2  38  3  74  4  33
  0  94  1  69  2  4  3  16  4  48
  0  49  1  81  2  94  3  66  4  43
  0  77  1  95  2  35  3  31  4  16
  0  74  1  61  2  81  3  57  4  91
  0  98  1  87  2  60  3  78  4  17
  0  26  1  79  2  27  3  91  4  50
  0  14  1  64  2  30  3  29  4  97
  0  3  1  60  2  85  3  95  4  70
  0  23  1  13  2  58  3  60  4  68
  0  51  1  34  2  62  3  47  4  74
  0  54  1  53  2  31  3  6  4  34
  0  75  1  17  2  59  3  57  4  17
  0  93  1  86  2  31  3  70  4  74
  0  77  1  38  2  53  3  34  4  29
  0  19  1  91  2  85  3  89  4  60
  0  19  1  2  2  53  3  67  4  32
  0  65  1  39  2  60  3  13  4  85
  0  1  1  12  2  3  3  38  4  42
  0  9  1  83  2  8  3  31  4  32
  0  16  1  27  2  42  3  50  4  30
  0  61  1  72  2  7  3  66  4  73
  0  8  1  25  2  18  3  67  4  29
  0  57  1  21  2  92  3  97  4  74
  0  93  1  69  2  47  3  56  4  17
  0  53  1  76  2  25  3  13  4  55
  0  30  1  40  2  63  3  91  4  88
  0  55  1  69  2  15  3  22  4  83
  0  51  1  64  2  84  3  41  4  34
  0  27  1  33  2  62  3  70  4  15
  0  12  1  88  2  97  3  73  4  34
  0  3  1  28  2  92  3  51  4  40
  0  19  1  91  2  96  3  3  4  77
  0  84  1  23  2  67  3  84  4  53
  0  99  1  41  2  56  3  89  4  30
  0  41  1  68  2  77  3  83  4  64
  0  20  1  23  2  80  3  91  4  1
  0  71  1  64  2  55  3  94  4  44
  0  46  1  35  2  42  3  4  4  6
  0  85  1  26  2  25  3  89  4  96
  0  67  1  15  2  41  3  47  4  41
  0  44  1  43  2  4  3  50  4  48
  0  63  1  64  2  13  3  19  4  44
  0  65  1  57  2  18  3  57  4  88
  0  29  1  54  2  27  3  36  4  49
  0  13  1  96  2  73  3  77  4  42
  0  72  1  50  2  83  3  23  4  95
  0  35  1  20  2  77  3  10  4  50
  0  33  1  99  2  20  3  82  4  92
  0  9  1  80  2  89  3  97  4  53
  0  43  1  47  2  95  3  27  4  51
  0  13  1  32  2  72  3  73  4  74
  0  99  1  74  2  93  3  28  4  77
  0  81  1  27  2  10  3  55  4  95
  0  7  1  52  2  99  3  28  4  62
  0  62  1  5  2  10  3  6  4  37
  0  28  1  98  2  67  3  48  4  8
  0  24  1  65  2  82  3  11  4  67
  0  4  1  14  2  66  3  66  4  17
  0  28  1  68  2  79  3  13  4  48
  0  63  1  66  2  99  3  22  4  56
  0  60  1  67  2  64  3  97  4  46
  0  78  1  77  2  32  3  57  4  90
  0  75  1  32  2  63  3  4  4  8
  0  33  1  18  2  21  3  40  4  50
  0  70  1  40  2  41  3  54  4  87
  0  44  1  94  2  12  3  11  4  42
  0  19  1  39  2  56  3  73  4  71
  0  19  1  49  2  91  3  75  4  70
  0  19  1  85  2  86  3  86  4  25
  0  90  1  93  2  70  3  74  4  20
  0  19  1  25  2  47  3  6  4  54
  0  7  1  59  2  28  3  67  4  19
  0  12  1  78  2  48  3  9  4  11
  0  82  1  86  2  19  3  57  4  82
  0  89  1  78  2  51  3  40  4  8
  0  42  1  41  2  38  3  94  4  22
  0  22  1  60  2  40  3  67  4  64
  0  91  1  50  2  77  3  32  4  82
  0  51  1  55  2  9  3  41  4  61
  0  52  1  47  2  63  3  31  4  51
  0  18  1  22  2  77  3  70  4  8
  0  56  1  35  2  18  3  7  4  48
  0  8  1  15  2  77  3  66  4  11
  0  55  1  98  2  16  3  8  4  90
  0  23  1  43  2  4  3  42  4  96
  0  51  1  51  2  85  3  26  4  46
  0  49  1  67  2  87  3  23  4  87
  0  34  1  25  2  51  3  36  4  86
  0  72  1  14  2  75  3  1  4  92
  0  27  1  58  2  67  3  34  4  36
  0  97  1  51  2  36  3  57  4  53
  0  53  1  32  2  19  3  59  4  47
  0  38  1  25  2  5  3  24  4  27
  0  39  1  66  2  38  3  21  4  53
  0  47  1  74  2  45  3  13  4  86
  0  58  1  48  2  93  3  33  4  85
  0  62  1  48  2  90  3  37  4  55
  0  86  1  94  2  13  3  25  4  45
  0  72  1  7  2  8  3  61  4  81
  0  76  1  9  2  59  3  54  4  24
  0  95  1  6  2  77  3  55  4  92
  0  16  1  75  2  94  3  61  4  82
  0  3  1  90  2  81  3  87  4  49
  0  5  1  48  2  7  3  97  4  99
  0  48  1  18  2  21  3  56  4  91
  0  77  1  82  2  83  3  10  4  14
  0  88  1  11  2  36  3  69  4  4
  0  57  1  39  2  80  3  19  4  41
  0  80  1  75  2  57  3  68  4  2
  0  27  1  33  2  87  3  66  4  9
  0  1  1  40  2  29  3  15  4  81
  0  17  1  81  2  60  3  34  4  6
  0  17  1  71  2  1  3  94  4  6
  0  15  1  74  2  58  3  65  4  55
  0  43  1  56  2  87  3  16  4  7
  0  3  1  36  2  82  3  95  4  93
  0  43  1  96  2  11  3  14  4  52
  0  4  1  76  2  36  3  98  4  62
  0  79  1  3  2  25  3  40  4  17
  0  48  1  57  2  28  3  10  4  90
  0  13  1  74  2  17  3  27  4  94
  0  11  1  79  2  81  3  8  4  5
  0  86  1  10  2  92  3  88  4  8
  0  52  1  62  2  39  3  73  4  87
  0  99  1  98  2  83  3  39  4  35
  0  66  1  60  2  20  3  22  4  10
  0  95  1  35  2  77  3  66  4  55
  0  62  1  51  2  36  3  28  4  93
  0  48  1  85  2  52  3  97  4  16
  0  17  1  39  2  38  3  61  4  67
  0  83  1  71  2  71  3  48  4  33
  0  77  1  56  2  37  3  48  4  36
  0  15  1  73  2  93  3  25  4  15
  0  43  1  18  2  3  3  36  4  25
  0  21  1  29  2  96  3  55  4  31
  0  95  1  94  2  27  3  27  4  7
  0  8  1  22  2  66  3  13  4  37
  0  56  1  32  2  85  3  7  4  76
  0  93  1  98  2  35  3  49  4  33
  0  46  1  40  2  9  3  11  4  14
  0  61  1  80  2  49  3  79  4  97
  0  84  1  60  2  20  3  92  4  81
  0  58  1  43  2  19  3  26  4  24
  0  67  1  49  2  28  3  9  4  30
  0  13  1  50  2  5  3  85  4  63
  0  78  1  13  2  35  3  22  4  57
  0  85  1  85  2  72  3  66  4  25
  0  38  1  7  2  80  3  69  4  62
  0  56  1  53  2  94  3  84  4  69
  0  91  1  5  2  14  3  95  4  37
  0  8  1  79  2  7  3  59  4  84
  0  53  1  62  2  18  3  4  4  79
  0  90  1  68  2  37  3  36  4  48
  0  11  1  79  2  99  3  85  4  91
  0  85  1  91  2  18  3  31  4  65
  0  21  1  92  2  20  3  3  4  59
  0  94  1  20  2  95  3  6  4  29
  0  48  1  33  2  33  3  80  4  38
  0  46  1  20  2  32  3  15  4  7
  0  12  1  1  2  8  3  63  4  61
  0  4  1  6  2  30  3  52  4  89
  0  17  1  72  2  92  3  79  4  2
  0  57  1  36  2  1  3  74  4  60
  0  80  1  28  2  96  3  43  4  33
  0  45  1  23  2  50  3  48  4  90
  0  55  1  82  2  82  3  71  4  14
  0  51  1  21  2  40  3  47  4  20
  0  66  1  67  2  29  3  85  4  90
  0  77  1  17  2  52  3  4  4  97
  0  65  1  9  2  78  3  62  4  25
  0  6  1  39  2  70  3  72  4  98
  0  7  1  69  2  39  3  95  4  46
  0  39  1  50  2  33  3  78  4  78
  0  81  1  66  2  32  3  30  4  97
  0  46  1  60  2  92  3  33  4  18
  0  48  1  4  2  21  3  67  4  73
  0  94  1  93  2  5  3  12  4  51
  0  98  1  41  2  89  3  29  4  5
  0  23  1  28  2  13  3  2  4  22
  0  34  1  13  2  13  3  78  4  24
  0  38  1  66  2  66  3  96  4  89
  0  7  1  29  2  82  3  70  4  33
  0  86  1  43  2  97  3  2  4  20
  0  88  1  63  2  29  3  99  4  43
  0  85  1  77  2  88  3  78  4  34
  0  17  1  52  2  90  3  45  4  83
  0  57  1  93  2  37  3  95  4  27
  0  45  1  90  2  86  3  7  4  46
  0  80  1  58  2  32  3  66  4  52
  0  84  1  28  2  86  3  70  4  4
  0  66  1  65  2  15  3  75  4  59
  0  75  1  78  2  10  3  76  4  53
  0  83  1  76  2  2  3  69  4  52
  0  58  1  81  2  6  3  73  4  7
  0  15  1  5  2  52  3  16  4  93
  0  23  1  44  2  21  3  98  4  93
  0  14  1  78  2  5  3  5  4  52
  0  3  1  49  2  22  3  54  4  57
  0  68  1  28  2  45  3  13  4  6
  0  54  1  95  2  40  3  52  4  28
  0  78  1  92  2  66  3  51  4  33
  0  91  1  79  2  94  3  71  4  26
  0  97  1  80  2  21  3  21  4  46
  0  63  1  87  2  54  3  17  4  49
  0  2  1  1  2  22  3  20  4  53
  0  52  1  57  2  31  3  59  4  43
  0  31  1  13  2  97  3  57  4  17
  0  3  1  6  2  32  3  20  4  64
  0  35  1  53  2  87  3  89  4  99
  0  16  1  93  2  91  3  71  4  12
  0  65  1  16  2  94  3  45  4  51
  0  41  1  42  2  94  3  40  4  56
  0  18  1  81  2  81  3  15  4  86
  0  5  1  66  2  7  3  86  4  51
  0  62  1  17  2  48  3  97  4  24
  0  43  1  44  2  59  3  21  4  95
  0  9  1  49  2  45  3  4  4  39
  0  60  1  90  2  99  3  50  4  78
  0  34  1  65  2  31  3  85  4  38
  0  37  1  55  2  26  3  64  4  34
  0  21  1  25  2  78  3  38  4  30
  0  92  1  60  2  37  3  27  4  63
  0  72  1  29  2  65  3  28  4  49
  0  23  1  75  2  80  3  95  4  10
  0  27  1  80  2  13  3  67  4  39
  0  98  1  3  2  37  3  71  4  3
  0  2  1  84  2  91  3  92  4  57
  0  17  1  6  2  9  3  42  4  47
  0  6  1  52  2  60  3  99  4  64
  0  97  1  20  2  13  3  74  4  1
  0  42  1  83  2  27  3  18  4  48
  0  50  1  65  2  77  3  50  4  22
  0  63  1  4  2  16  3  81  4  11
  0  60  1  10  2  42  3  12  4  58
  0  12  1  23  2  23  3  65  4  69
  0  66  1  85  2  97  3  39  4  34
  0  41  1  85  2  24  3  36  4  15
  0  45  1  5  2  78  3  18  4  92
  0  25  1  50  2  15  3  88  4  90
  0  78  1  25  2  96  3  66  4  5
  0  89  1  90  2  10  3  91  4  98
  0  57  1  54  2  38  3  67  4  57
  0  40  1  78  2  14  3  59  4  58
  0  84  1  61  2  57  3  42  4  91
  0  86  1  31  2  42  3  35  4  66
  0  6  1  52  2  53  3  14  4  33
  0  78  1  97  2  90  3  95  4  67
  0  56  1  42  2  95  3  41  4  78
  0  6  1  94  2  98  3  62  4  62
  0  12  1  81  2  48  3  45  4  89
  0  17  1  7  2  42  3  91  4  86
  0  37  1  20  2  91  3  76  4  10
  0  88  1  67  2  17  3  15  4  71
  0  1  1  13  2  98  3  40  4  60
  0  23  1  98  2  54  3  15  4  34
  0  29  1  89  2  96  3  48  4  46
  0  55  1  13  2  80  3  18  4  40
  0  87  1  13  2  70  3  33  4  74
  0  80  1  80  2  93  3  60  4  73
  0  52  1  98  2  73  3  71  4  74
  0  64  1  47  2  65  3  65  4  25
  0  16  1  13  2  47  3  32  4  31
  0  37  1  99  2  84  3  39  4  79
  0  94  1  20  2  46  3  48  4  2
  0  20  1  67  2  29  3  23  4  7
  0  36  1  59  2  7  3  46  4  20
  0  61  1  17  2  70  3  67  4  6
  0  93  1  87  2  80  3  49  4  14
  0  59  1  98  2  45  3  33  4  37
  0  20  1  55  2  84  3  2  4  11
  0  86  1  47  2  55  3  75  4  32
  0  23  1  39  2  84  3  8  4  76
  0  96  1  85  2  97  3  37  4  93
  0  43  1  50  2  52  3  68  4  83
  0  97  1  51  2  72  3  44  4  88
  0  68  1  22  2  45  3  45  4  10
  0  88  1  36  2  94  3  76  4  69
  0  92  1  43  2  89  3  32  4  58
  0  71  1  63  2  37  3  55  4  89
  0  21  1  56  2  13  3  73  4  59
  0  54  1  88  2  61  3  10  4  6
  0  78  1  6  2  34  3  59  4  43
  0  81  1  70  2  67  3  91  4  10
  0  9  1  51  2  1  3  62  4  61
  0  62  1  74  2  23  3  68  4  66
  0  52  1  43  2  31  3  60  4  28
  0  23  1  88  2  85  3  46  4  88
  0  64  1  26  2  75  3  55  4  57
  0  73  1  82  2  91  3  43  4  8
  0  61  1  39  2  17  3  48  4  71
  0  36  1  3  2  40  3  14  4  55
  0  94  1  89  2  39  3  57  4  8
  0  90  1  55  2  16  3  59  4  65
  0  98  1  72  2  19  3  35  4  72
  0  15  1  67  2  98  3  70  4  99
  0  80  1  61  2  43  3  59  4  24
  0  65  1  66  2  54  3  5  4  5
  0  22  1  82  2  48  3  19  4  18
  0  29  1  66  2  16  3  73  4  40
  0  49  1  51  2  75  3  50  4  1
  0  64  1  72  2  83  3  94  4  77
  0  53  1  24  2  13  3  63  4  50
  0  17  1  5  2  64  3  34  4  53
  0  84  1  31  2  9  3  37  4  36
  0  75  1  29  2  49  3  1  4  88
  0  78  1  52  2  81  3  59  4  96
  0  6  1  67  2  80  3  41  4  79
  0  71  1  59  2  16  3  76  4  45
  0  31  1  8  2  31  3  85  4  65
  0  13  1  15  2  86  3  27  4  46
  0  75  1  64  2  87  3  51  4  4
  0  79  1  42  2  76  3  80  4  34
  0  63  1  69  2  69  3  99  4  82
  0  10  1  42  2  33  3  1  4  81
  0  68  1  60  2  64  3  55  4  89
  0  45  1  47  2  32  3  63  4  79
  0  32  1  72  2  69  3  45  4  90
  0  5  1  74  2  49  3  93  4  89
  0  24  1  36  2  96  3  92  4  13
  0  7  1  99  2  72  3  33  4  13
  0  68  1  16  2  4  3  17  4  48
  0  47  1  50  2  14  3  45  4  8
  0  73  1  62  2  19  3  88  4  16
  0  87  1  30  2  48  3  38  4  32
  0  42  1  56  2  50  3  68  4  48
  0  51  1  58  2  24  3  98  4  87
  0  29  1  50  2  33  3  19  4  80
  0  52  1  48  2  52  3  42  4  71
  0  52  1  46  2  60  3  57  4  93
  0  61  1  29  2  7  3  57  4  76
  0  68  1  26  2  70  3  24  4  98
  0  62  1  65  2  21  3  69  4  13
  0  74  1  77  2  33  3  82  4  77
  0  34  1  94  2  77  3  13  4  53
  0  65  1  51  2  22  3  42  4  88
  0  16  1  94  2  19  3  44  4  15
TPM
  0  3253  1  3253  2  3253  3  3253  4  3253
PMT
  0  47  1  39  2  46  3  11  4  67
  0  89  1  117  2  4  3  81  4  99
  0  83  1  94  2  87  3  43  4  96
  0  74  1  133  2  62  3  56  4  122
  0  111  1  68  2  131  3  56  4  92
  0  119  1  95  2  22  3  138  4  82
  0  25  1  45  2  31  3  109  4  134
  0  43  1  19  2  59  3  104  4  34
  0  116  1  63  2  110  3  132  4  18
  0  138  1  95  2  141  3  98  4  90
  0  139  1  46  2  70  3  60  4  74
  0  99  1  59  2  48  3  60  4  83
  0  137  1  42  2  35  3  102  4  1
  0  46  1  5  2  28  3  8  4  86
  0  31  1  15  2  84  3  134  4  36
  0  47  1  47  2  124  3  138  4  89
