20  5
  0  77  1  83  2  97  3  63  4  16
  0  41  1  84  2  33  3  3  4  56
  0  69  1  83  2  27  3  68  4  81
  0  42  1  78  2  93  3  70  4  30
  0  20  1  78  2  8  3  43  4  21
  0  87  1  99  2  98  3  33  4  11
  0  13  1  10  2  17  3  10  4  15
  0  76  1  48  2  65  3  89  4  11
  0  55  1  81  2  72  3  11  4  69
  0  66  1  25  2  71  3  94  4  92
  0  39  1  93  2  24  3  95  4  32
  0  26  1  56  2  85  3  92  4  48
  0  99  1  68  2  64  3  86  4  54
  0  90  1  98  2  21  3  15  4  76
  0  6  1  13  2  49  3  12  4  73
  0  83  1  15  2  82  3  52  4  93
  0  43  1  85  2  21  3  38  4  2
  0  71  1  64  2  27  3  97  4  75
  0  57  1  29  2  99  3  56  4  7
  0  10  1  85  2  39  3  16  4  62
TPM
  0  595  1  595  2  595  3  595  4  595
PMT
  0  54  1  55  2  84  3  51  4  95
  0  53  1  39  2  38  3  6  4  72
  0  73  1  22  2  62  3  41  4  5
  0  53  1  60  2  8  3  121  4  59
