20  10
  0  99  1  71  2  69  3  34  4  99  5  7  6  42  7  30  8  32  9  97
  0  64  1  78  2  5  3  40  4  81  5  40  6  66  7  72  8  32  9  11
  0  85  1  59  2  25  3  56  4  45  5  54  6  35  7  10  8  47  9  42
  0  58  1  39  2  69  3  66  4  46  5  8  6  88  7  97  8  91  9  90
  0  83  1  96  2  35  3  23  4  84  5  76  6  29  7  81  8  10  9  72
  0  61  1  35  2  29  3  65  4  38  5  12  6  37  7  25  8  72  9  75
  0  24  1  64  2  29  3  96  4  72  5  27  6  15  7  65  8  35  9  42
  0  38  1  90  2  47  3  18  4  42  5  71  6  99  7  72  8  18  9  38
  0  71  1  5  2  35  3  2  4  86  5  59  6  37  7  57  8  57  9  49
  0  24  1  29  2  22  3  31  4  77  5  54  6  89  7  35  8  26  9  45
  0  58  1  25  2  49  3  70  4  54  5  11  6  73  7  49  8  15  9  51
  0  99  1  56  2  26  3  24  4  66  5  64  6  62  7  36  8  44  9  84
  0  10  1  26  2  16  3  86  4  66  5  48  6  83  7  87  8  38  9  68
  0  4  1  64  2  92  3  4  4  48  5  25  6  27  7  72  8  42  9  15
  0  63  1  55  2  29  3  90  4  85  5  80  6  45  7  57  8  70  9  64
  0  31  1  45  2  84  3  97  4  99  5  98  6  45  7  46  8  27  9  79
  0  75  1  1  2  52  3  27  4  85  5  6  6  8  7  9  8  76  9  41
  0  89  1  59  2  40  3  49  4  58  5  5  6  3  7  21  8  37  9  1
  0  42  1  80  2  23  3  48  4  61  5  52  6  56  7  48  8  12  9  72
  0  85  1  23  2  97  3  99  4  51  5  18  6  99  7  29  8  53  9  36
TPM
  0  530  1  530  2  530  3  530  4  530  5  530  6  530  7  530  8  530  9  530
PMT
  0  1  1  3  2  41  3  5  4  2  5  9  6  23  7  34  8  33  9  42
  0  42  1  47  2  11  3  46  4  47  5  29  6  5  7  12  8  44  9  25
  0  40  1  48  2  22  3  9  4  20  5  15  6  28  7  2  8  6  9  20
  0  31  1  38  2  45  3  46  4  9  5  9  6  38  7  31  8  25  9  30
