100  10
  0  7  1  78  2  52  3  32  4  34  5  62  6  52  7  33  8  55  9  13
  0  21  1  5  2  63  3  69  4  90  5  4  6  9  7  76  8  8  9  16
  0  83  1  15  2  58  3  65  4  32  5  78  6  55  7  3  8  23  9  53
  0  17  1  74  2  33  3  62  4  11  5  7  6  32  7  91  8  51  9  76
  0  59  1  7  2  76  3  40  4  31  5  6  6  35  7  47  8  35  9  2
  0  52  1  61  2  79  3  7  4  82  5  53  6  22  7  65  8  42  9  58
  0  83  1  68  2  82  3  4  4  22  5  29  6  62  7  35  8  33  9  14
  0  11  1  21  2  94  3  65  4  10  5  2  6  67  7  46  8  20  9  10
  0  25  1  89  2  30  3  80  4  76  5  52  6  21  7  36  8  6  9  98
  0  54  1  6  2  31  3  49  4  38  5  11  6  65  7  84  8  24  9  39
  0  41  1  92  2  44  3  80  4  13  5  86  6  90  7  90  8  54  9  40
  0  84  1  23  2  26  3  15  4  7  5  36  6  72  7  74  8  74  9  53
  0  64  1  20  2  86  3  57  4  14  5  76  6  80  7  29  8  16  9  24
  0  58  1  71  2  96  3  58  4  87  5  68  6  73  7  6  8  87  9  80
  0  56  1  52  2  38  3  71  4  43  5  43  6  91  7  17  8  94  9  60
  0  62  1  45  2  84  3  10  4  30  5  2  6  63  7  47  8  81  9  43
  0  82  1  32  2  73  3  7  4  68  5  4  6  96  7  2  8  44  9  98
  0  63  1  24  2  22  3  62  4  61  5  88  6  41  7  27  8  41  9  36
  0  9  1  59  2  27  3  53  4  65  5  87  6  68  7  5  8  93  9  70
  0  79  1  89  2  32  3  81  4  23  5  49  6  62  7  88  8  47  9  98
  0  1  1  79  2  76  3  49  4  83  5  60  6  3  7  62  8  39  9  10
  0  56  1  37  2  8  3  87  4  29  5  21  6  10  7  12  8  84  9  8
  0  4  1  73  2  84  3  54  4  89  5  34  6  5  7  29  8  15  9  32
  0  36  1  76  2  26  3  1  4  80  5  63  6  53  7  54  8  82  9  31
  0  18  1  24  2  81  3  87  4  21  5  22  6  49  7  92  8  29  9  80
  0  54  1  30  2  73  3  91  4  77  5  77  6  38  7  42  8  63  9  3
  0  95  1  22  2  80  3  57  4  11  5  54  6  23  7  46  8  28  9  64
  0  91  1  84  2  12  3  88  4  10  5  82  6  10  7  8  8  90  9  16
  0  44  1  31  2  48  3  66  4  64  5  80  6  9  7  49  8  18  9  44
  0  86  1  52  2  7  3  8  4  15  5  63  6  54  7  73  8  50  9  57
  0  87  1  25  2  90  3  63  4  18  5  14  6  77  7  42  8  68  9  50
  0  74  1  38  2  82  3  39  4  34  5  88  6  24  7  5  8  98  9  12
  0  28  1  71  2  10  3  87  4  83  5  3  6  98  7  17  8  62  9  27
  0  1  1  31  2  94  3  86  4  11  5  61  6  86  7  1  8  67  9  16
  0  22  1  20  2  44  3  9  4  79  5  19  6  73  7  45  8  80  9  46
  0  39  1  59  2  23  3  41  4  12  5  45  6  94  7  85  8  10  9  45
  0  49  1  24  2  9  3  79  4  93  5  10  6  53  7  23  8  28  9  34
  0  5  1  76  2  31  3  54  4  60  5  78  6  79  7  24  8  24  9  60
  0  45  1  98  2  92  3  37  4  19  5  61  6  20  7  87  8  41  9  97
  0  44  1  74  2  39  3  15  4  6  5  89  6  13  7  72  8  89  9  44
  0  11  1  93  2  64  3  26  4  87  5  50  6  8  7  2  8  31  9  49
  0  38  1  36  2  12  3  71  4  88  5  41  6  86  7  29  8  2  9  4
  0  55  1  46  2  21  3  33  4  59  5  85  6  16  7  27  8  62  9  64
  0  62  1  71  2  61  3  43  4  63  5  91  6  17  7  71  8  89  9  31
  0  95  1  26  2  64  3  49  4  57  5  88  6  31  7  21  8  55  9  29
  0  74  1  10  2  5  3  1  4  79  5  50  6  49  7  63  8  60  9  33
  0  35  1  92  2  83  3  6  4  61  5  40  6  65  7  27  8  77  9  45
  0  30  1  24  2  39  3  24  4  47  5  55  6  43  7  85  8  92  9  75
  0  13  1  36  2  97  3  48  4  89  5  94  6  77  7  59  8  55  9  14
  0  55  1  25  2  10  3  74  4  36  5  97  6  54  7  27  8  78  9  13
  0  59  1  63  2  71  3  36  4  35  5  56  6  23  7  84  8  11  9  14
  0  15  1  57  2  5  3  15  4  80  5  87  6  40  7  28  8  94  9  92
  0  29  1  41  2  12  3  96  4  43  5  44  6  72  7  48  8  37  9  38
  0  57  1  58  2  86  3  80  4  79  5  27  6  67  7  69  8  27  9  45
  0  86  1  39  2  12  3  68  4  34  5  17  6  71  7  24  8  23  9  62
  0  30  1  85  2  32  3  90  4  37  5  20  6  78  7  48  8  17  9  12
  0  67  1  95  2  2  3  94  4  15  5  16  6  38  7  58  8  25  9  53
  0  88  1  21  2  78  3  40  4  67  5  64  6  61  7  85  8  68  9  78
  0  35  1  24  2  4  3  73  4  35  5  44  6  32  7  42  8  40  9  47
  0  61  1  94  2  61  3  10  4  54  5  82  6  34  7  54  8  52  9  90
  0  7  1  35  2  33  3  73  4  76  5  10  6  34  7  51  8  6  9  50
  0  15  1  1  2  7  3  4  4  55  5  94  6  13  7  24  8  95  9  87
  0  35  1  18  2  71  3  53  4  90  5  82  6  6  7  11  8  65  9  42
  0  47  1  87  2  18  3  81  4  79  5  38  6  56  7  56  8  36  9  87
  0  42  1  31  2  96  3  65  4  3  5  56  6  46  7  87  8  51  9  90
  0  19  1  55  2  54  3  48  4  80  5  96  6  84  7  4  8  91  9  90
  0  64  1  91  2  69  3  16  4  73  5  96  6  43  7  31  8  74  9  99
  0  68  1  80  2  7  3  39  4  48  5  74  6  18  7  99  8  55  9  95
  0  43  1  45  2  90  3  23  4  70  5  42  6  93  7  84  8  33  9  50
  0  92  1  63  2  19  3  77  4  82  5  42  6  92  7  27  8  34  9  42
  0  69  1  76  2  95  3  93  4  91  5  69  6  46  7  55  8  82  9  17
  0  85  1  59  2  88  3  26  4  93  5  46  6  40  7  18  8  84  9  28
  0  81  1  90  2  35  3  95  4  49  5  41  6  75  7  33  8  6  9  56
  0  59  1  37  2  64  3  37  4  53  5  37  6  45  7  12  8  15  9  64
  0  56  1  54  2  58  3  23  4  94  5  11  6  7  7  52  8  3  9  6
  0  99  1  90  2  34  3  82  4  88  5  79  6  8  7  84  8  53  9  59
  0  50  1  6  2  20  3  60  4  64  5  42  6  45  7  76  8  77  9  42
  0  23  1  82  2  37  3  24  4  13  5  33  6  78  7  18  8  5  9  50
  0  78  1  52  2  53  3  88  4  51  5  69  6  69  7  36  8  81  9  76
  0  42  1  93  2  69  3  37  4  12  5  32  6  57  7  72  8  48  9  27
  0  51  1  24  2  84  3  17  4  49  5  99  6  14  7  37  8  63  9  4
  0  55  1  23  2  72  3  17  4  32  5  86  6  54  7  88  8  41  9  10
  0  88  1  49  2  90  3  7  4  18  5  53  6  27  7  48  8  15  9  18
  0  7  1  55  2  91  3  14  4  58  5  3  6  55  7  21  8  42  9  82
  0  81  1  62  2  23  3  30  4  71  5  72  6  91  7  4  8  19  9  62
  0  10  1  75  2  81  3  97  4  65  5  75  6  56  7  92  8  53  9  82
  0  89  1  84  2  39  3  81  4  80  5  53  6  50  7  1  8  47  9  90
  0  1  1  21  2  71  3  30  4  68  5  8  6  46  7  8  8  59  9  9
  0  80  1  5  2  28  3  32  4  44  5  82  6  53  7  74  8  50  9  34
  0  72  1  85  2  18  3  91  4  31  5  74  6  55  7  76  8  10  9  99
  0  50  1  75  2  12  3  4  4  80  5  78  6  46  7  69  8  49  9  25
  0  30  1  23  2  33  3  17  4  93  5  5  6  94  7  29  8  64  9  82
  0  78  1  96  2  62  3  82  4  20  5  74  6  39  7  56  8  13  9  5
  0  32  1  13  2  25  3  7  4  19  5  84  6  64  7  22  8  7  9  6
  0  17  1  38  2  72  3  20  4  26  5  90  6  48  7  46  8  82  9  23
  0  25  1  77  2  24  3  36  4  95  5  76  6  97  7  80  8  90  9  1
  0  9  1  47  2  57  3  81  4  62  5  80  6  86  7  18  8  84  9  11
  0  95  1  81  2  66  3  79  4  23  5  22  6  68  7  6  8  82  9  36
  0  90  1  18  2  84  3  42  4  78  5  50  6  42  7  47  8  35  9  70
  0  83  1  33  2  55  3  5  4  73  5  72  6  85  7  54  8  97  9  61
TPM
  0  1270  1  1270  2  1270  3  1270  4  1270  5  1270  6  1270  7  1270  8  1270  9  1270
PMT
  0  20  1  54  2  82  3  59  4  149  5  136  6  135  7  9  8  41  9  47
  0  42  1  119  2  51  3  45  4  20  5  86  6  62  7  109  8  95  9  77
  0  2  1  33  2  127  3  44  4  33  5  99  6  15  7  119  8  80  9  79
  0  83  1  109  2  43  3  42  4  30  5  149  6  2  7  49  8  77  9  149
  0  38  1  40  2  97  3  15  4  94  5  60  6  147  7  12  8  31  9  118
  0  31  1  31  2  68  3  37  4  50  5  27  6  57  7  14  8  65  9  36
  0  82  1  95  2  129  3  18  4  24  5  83  6  35  7  87  8  56  9  113
  0  82  1  121  2  68  3  56  4  25  5  125  6  87  7  138  8  77  9  117
