500  15
  0  33  1  96  2  82  3  27  4  28  5  40  6  6  7  41  8  35  9  28  10  80  11  94  12  16  13  36  14  26
  0  13  1  98  2  73  3  62  4  42  5  3  6  72  7  24  8  55  9  10  10  51  11  22  12  21  13  88  14  30
  0  17  1  10  2  96  3  33  4  93  5  5  6  7  7  16  8  41  9  37  10  30  11  66  12  70  13  49  14  34
  0  6  1  49  2  76  3  84  4  73  5  16  6  84  7  52  8  61  9  3  10  21  11  58  12  45  13  92  14  41
  0  68  1  29  2  77  3  39  4  41  5  97  6  95  7  99  8  92  9  26  10  72  11  19  12  49  13  26  14  84
  0  87  1  72  2  98  3  22  4  40  5  8  6  32  7  28  8  85  9  75  10  70  11  23  12  90  13  95  14  31
  0  58  1  84  2  40  3  63  4  57  5  99  6  38  7  48  8  21  9  63  10  75  11  11  12  29  13  12  14  69
  0  85  1  43  2  97  3  18  4  41  5  6  6  90  7  36  8  79  9  96  10  10  11  45  12  48  13  64  14  45
  0  69  1  35  2  75  3  33  4  49  5  40  6  39  7  5  8  3  9  40  10  79  11  27  12  58  13  77  14  90
  0  5  1  58  2  65  3  94  4  5  5  22  6  76  7  62  8  21  9  78  10  43  11  92  12  8  13  49  14  13
  0  56  1  26  2  16  3  24  4  31  5  2  6  5  7  91  8  12  9  77  10  86  11  22  12  55  13  8  14  60
  0  5  1  87  2  39  3  72  4  34  5  11  6  62  7  99  8  71  9  52  10  35  11  80  12  46  13  66  14  12
  0  85  1  55  2  82  3  31  4  61  5  15  6  37  7  37  8  78  9  66  10  64  11  49  12  81  13  40  14  11
  0  5  1  13  2  41  3  4  4  18  5  56  6  3  7  92  8  59  9  31  10  9  11  42  12  41  13  29  14  5
  0  43  1  38  2  69  3  32  4  75  5  14  6  20  7  67  8  31  9  18  10  7  11  35  12  85  13  59  14  19
  0  33  1  86  2  99  3  63  4  8  5  72  6  99  7  43  8  31  9  67  10  18  11  59  12  96  13  95  14  56
  0  49  1  32  2  25  3  83  4  29  5  74  6  20  7  88  8  94  9  86  10  77  11  57  12  90  13  88  14  68
  0  53  1  66  2  38  3  96  4  57  5  71  6  91  7  80  8  2  9  57  10  20  11  87  12  91  13  92  14  60
  0  83  1  8  2  5  3  37  4  89  5  30  6  8  7  82  8  54  9  27  10  79  11  24  12  69  13  2  14  94
  0  39  1  5  2  85  3  34  4  85  5  33  6  24  7  12  8  55  9  65  10  98  11  11  12  20  13  34  14  66
  0  3  1  45  2  72  3  27  4  99  5  24  6  93  7  41  8  61  9  25  10  65  11  57  12  54  13  74  14  25
  0  28  1  48  2  17  3  91  4  18  5  69  6  1  7  65  8  31  9  73  10  28  11  16  12  24  13  5  14  23
  0  12  1  62  2  26  3  20  4  33  5  55  6  75  7  89  8  67  9  63  10  60  11  44  12  92  13  65  14  91
  0  81  1  87  2  48  3  43  4  74  5  24  6  20  7  58  8  6  9  37  10  91  11  59  12  11  13  72  14  67
  0  28  1  69  2  55  3  33  4  61  5  69  6  39  7  42  8  13  9  29  10  21  11  26  12  88  13  48  14  29
  0  96  1  50  2  30  3  29  4  6  5  38  6  83  7  1  8  70  9  28  10  19  11  71  12  1  13  85  14  73
  0  27  1  77  2  62  3  44  4  23  5  63  6  73  7  2  8  64  9  43  10  34  11  33  12  38  13  41  14  47
  0  21  1  17  2  54  3  80  4  52  5  48  6  77  7  52  8  36  9  20  10  54  11  43  12  50  13  65  14  37
  0  81  1  59  2  24  3  61  4  75  5  75  6  2  7  70  8  88  9  44  10  82  11  23  12  97  13  84  14  81
  0  5  1  47  2  12  3  50  4  95  5  18  6  27  7  67  8  73  9  71  10  46  11  84  12  64  13  8  14  8
  0  94  1  62  2  94  3  77  4  58  5  81  6  24  7  38  8  4  9  6  10  2  11  45  12  71  13  54  14  1
  0  64  1  87  2  94  3  16  4  44  5  74  6  41  7  91  8  75  9  40  10  35  11  44  12  46  13  96  14  2
  0  64  1  94  2  10  3  22  4  82  5  11  6  77  7  61  8  55  9  54  10  68  11  52  12  66  13  73  14  11
  0  17  1  83  2  48  3  72  4  70  5  93  6  9  7  89  8  65  9  18  10  66  11  42  12  38  13  84  14  89
  0  60  1  76  2  94  3  9  4  40  5  41  6  18  7  13  8  78  9  79  10  4  11  88  12  62  13  28  14  5
  0  16  1  78  2  97  3  21  4  7  5  27  6  76  7  36  8  68  9  43  10  3  11  99  12  13  13  77  14  89
  0  69  1  49  2  81  3  5  4  21  5  44  6  88  7  31  8  87  9  4  10  12  11  73  12  95  13  52  14  76
  0  82  1  99  2  81  3  57  4  94  5  29  6  7  7  18  8  39  9  12  10  55  11  36  12  43  13  33  14  73
  0  78  1  31  2  40  3  20  4  67  5  10  6  3  7  87  8  37  9  83  10  92  11  78  12  80  13  39  14  45
  0  2  1  30  2  95  3  1  4  2  5  31  6  9  7  63  8  8  9  90  10  66  11  4  12  72  13  21  14  37
  0  1  1  51  2  99  3  37  4  2  5  16  6  27  7  26  8  40  9  26  10  42  11  74  12  49  13  98  14  36
  0  29  1  53  2  38  3  69  4  84  5  19  6  23  7  83  8  52  9  16  10  67  11  66  12  51  13  10  14  94
  0  2  1  90  2  75  3  97  4  28  5  12  6  24  7  71  8  71  9  92  10  70  11  36  12  40  13  62  14  86
  0  97  1  83  2  54  3  13  4  8  5  66  6  96  7  31  8  17  9  1  10  44  11  22  12  38  13  41  14  68
  0  41  1  63  2  33  3  69  4  18  5  6  6  71  7  95  8  40  9  42  10  13  11  58  12  71  13  93  14  39
  0  88  1  46  2  80  3  79  4  82  5  4  6  5  7  19  8  12  9  78  10  73  11  71  12  12  13  51  14  66
  0  89  1  74  2  23  3  93  4  23  5  95  6  79  7  16  8  67  9  60  10  48  11  2  12  63  13  77  14  60
  0  69  1  28  2  76  3  86  4  21  5  31  6  41  7  97  8  65  9  52  10  43  11  65  12  2  13  85  14  89
  0  16  1  94  2  63  3  12  4  93  5  70  6  30  7  49  8  99  9  13  10  79  11  12  12  9  13  48  14  40
  0  15  1  92  2  27  3  70  4  33  5  79  6  62  7  98  8  15  9  53  10  72  11  19  12  38  13  60  14  34
  0  32  1  20  2  66  3  62  4  88  5  2  6  8  7  46  8  63  9  69  10  6  11  27  12  98  13  85  14  49
  0  94  1  59  2  41  3  61  4  28  5  7  6  48  7  10  8  20  9  91  10  46  11  18  12  54  13  96  14  75
  0  95  1  21  2  6  3  53  4  90  5  2  6  68  7  50  8  32  9  48  10  85  11  51  12  16  13  35  14  40
  0  54  1  57  2  79  3  38  4  36  5  2  6  28  7  54  8  94  9  76  10  79  11  74  12  33  13  30  14  83
  0  90  1  66  2  68  3  33  4  98  5  47  6  18  7  41  8  83  9  47  10  48  11  69  12  10  13  49  14  38
  0  58  1  47  2  20  3  87  4  58  5  97  6  86  7  86  8  78  9  6  10  26  11  94  12  94  13  59  14  35
  0  14  1  80  2  32  3  56  4  40  5  62  6  9  7  68  8  16  9  5  10  91  11  64  12  52  13  76  14  1
  0  74  1  67  2  61  3  90  4  19  5  59  6  7  7  60  8  87  9  26  10  26  11  32  12  81  13  89  14  92
  0  13  1  66  2  86  3  9  4  79  5  22  6  34  7  22  8  31  9  90  10  89  11  12  12  26  13  54  14  53
  0  5  1  74  2  96  3  87  4  57  5  65  6  20  7  52  8  24  9  46  10  42  11  72  12  12  13  78  14  82
  0  6  1  68  2  52  3  2  4  52  5  78  6  16  7  73  8  40  9  42  10  66  11  94  12  84  13  76  14  94
  0  56  1  75  2  60  3  99  4  43  5  74  6  3  7  95  8  24  9  13  10  27  11  82  12  59  13  16  14  73
  0  70  1  31  2  96  3  88  4  46  5  71  6  4  7  42  8  54  9  55  10  12  11  76  12  14  13  71  14  86
  0  9  1  86  2  89  3  56  4  20  5  95  6  98  7  89  8  1  9  29  10  67  11  52  12  52  13  94  14  59
  0  84  1  43  2  6  3  15  4  33  5  90  6  15  7  64  8  23  9  2  10  32  11  42  12  66  13  97  14  75
  0  16  1  17  2  14  3  63  4  57  5  47  6  30  7  33  8  7  9  84  10  98  11  44  12  16  13  44  14  58
  0  11  1  66  2  47  3  49  4  61  5  3  6  98  7  79  8  30  9  29  10  83  11  2  12  12  13  43  14  83
  0  99  1  55  2  35  3  41  4  91  5  65  6  45  7  15  8  8  9  35  10  68  11  3  12  89  13  41  14  70
  0  26  1  25  2  58  3  16  4  11  5  15  6  91  7  47  8  91  9  33  10  15  11  67  12  44  13  33  14  86
  0  1  1  9  2  94  3  57  4  41  5  58  6  39  7  8  8  20  9  39  10  41  11  75  12  41  13  72  14  12
  0  49  1  64  2  2  3  48  4  70  5  49  6  20  7  57  8  24  9  83  10  24  11  99  12  45  13  44  14  55
  0  32  1  71  2  87  3  52  4  18  5  89  6  54  7  10  8  46  9  84  10  36  11  14  12  86  13  79  14  42
  0  13  1  48  2  26  3  61  4  35  5  49  6  78  7  16  8  62  9  90  10  65  11  28  12  21  13  96  14  47
  0  78  1  56  2  79  3  12  4  12  5  87  6  23  7  60  8  4  9  76  10  99  11  64  12  25  13  47  14  72
  0  26  1  44  2  33  3  29  4  51  5  62  6  58  7  67  8  16  9  72  10  61  11  25  12  97  13  81  14  24
  0  12  1  98  2  48  3  73  4  2  5  78  6  13  7  50  8  83  9  77  10  25  11  76  12  81  13  92  14  5
  0  61  1  96  2  43  3  81  4  31  5  27  6  36  7  97  8  65  9  60  10  19  11  84  12  79  13  63  14  81
  0  28  1  86  2  5  3  29  4  89  5  25  6  71  7  68  8  63  9  44  10  94  11  54  12  62  13  67  14  67
  0  93  1  75  2  91  3  29  4  11  5  42  6  90  7  63  8  14  9  32  10  15  11  10  12  25  13  26  14  20
  0  7  1  51  2  33  3  76  4  2  5  20  6  96  7  17  8  6  9  4  10  70  11  33  12  72  13  2  14  68
  0  46  1  31  2  64  3  19  4  90  5  8  6  61  7  74  8  90  9  2  10  48  11  61  12  28  13  15  14  72
  0  77  1  24  2  49  3  20  4  47  5  76  6  5  7  5  8  21  9  43  10  67  11  36  12  71  13  47  14  51
  0  36  1  3  2  49  3  40  4  81  5  1  6  20  7  42  8  78  9  82  10  92  11  52  12  26  13  17  14  93
  0  97  1  1  2  26  3  72  4  80  5  76  6  99  7  83  8  80  9  66  10  71  11  88  12  62  13  41  14  37
  0  79  1  87  2  73  3  31  4  51  5  56  6  96  7  69  8  59  9  12  10  97  11  32  12  52  13  71  14  63
  0  60  1  61  2  96  3  53  4  69  5  85  6  86  7  86  8  7  9  8  10  71  11  42  12  15  13  26  14  46
  0  24  1  72  2  88  3  56  4  29  5  31  6  66  7  39  8  39  9  55  10  2  11  65  12  6  13  41  14  11
  0  60  1  1  2  87  3  45  4  75  5  71  6  12  7  20  8  49  9  90  10  66  11  72  12  85  13  20  14  76
  0  17  1  16  2  12  3  14  4  95  5  55  6  24  7  84  8  49  9  41  10  13  11  72  12  52  13  25  14  40
  0  91  1  2  2  63  3  8  4  26  5  26  6  14  7  2  8  65  9  75  10  44  11  9  12  56  13  18  14  3
  0  37  1  39  2  15  3  16  4  64  5  31  6  87  7  99  8  79  9  83  10  89  11  12  12  2  13  18  14  33
  0  79  1  90  2  18  3  44  4  73  5  78  6  38  7  44  8  14  9  89  10  49  11  88  12  42  13  35  14  42
  0  95  1  75  2  84  3  43  4  57  5  35  6  61  7  26  8  13  9  27  10  16  11  25  12  21  13  95  14  62
  0  70  1  78  2  90  3  99  4  15  5  48  6  26  7  33  8  16  9  8  10  98  11  83  12  91  13  34  14  11
  0  42  1  68  2  73  3  24  4  6  5  87  6  75  7  9  8  15  9  35  10  85  11  94  12  57  13  17  14  13
  0  31  1  31  2  93  3  36  4  89  5  59  6  36  7  13  8  5  9  22  10  88  11  87  12  10  13  33  14  28
  0  27  1  13  2  77  3  64  4  30  5  39  6  93  7  28  8  87  9  15  10  59  11  26  12  84  13  80  14  31
  0  73  1  74  2  53  3  18  4  31  5  69  6  77  7  14  8  89  9  27  10  36  11  17  12  13  13  19  14  10
  0  89  1  1  2  22  3  4  4  66  5  41  6  62  7  82  8  92  9  78  10  1  11  79  12  58  13  98  14  51
  0  81  1  62  2  17  3  54  4  92  5  12  6  11  7  55  8  25  9  60  10  45  11  66  12  92  13  20  14  83
  0  2  1  82  2  6  3  62  4  13  5  38  6  10  7  92  8  78  9  85  10  2  11  11  12  12  13  73  14  1
  0  88  1  92  2  17  3  79  4  77  5  41  6  74  7  77  8  43  9  84  10  75  11  46  12  28  13  98  14  92
  0  59  1  24  2  97  3  31  4  35  5  71  6  30  7  64  8  85  9  95  10  1  11  52  12  67  13  55  14  6
  0  11  1  3  2  60  3  78  4  25  5  14  6  91  7  60  8  20  9  55  10  23  11  63  12  41  13  70  14  21
  0  77  1  98  2  87  3  93  4  34  5  78  6  35  7  93  8  45  9  24  10  49  11  12  12  67  13  53  14  90
  0  97  1  58  2  54  3  7  4  15  5  42  6  63  7  95  8  7  9  77  10  44  11  64  12  26  13  9  14  4
  0  83  1  66  2  47  3  21  4  86  5  81  6  3  7  68  8  61  9  5  10  69  11  56  12  30  13  82  14  28
  0  32  1  22  2  85  3  33  4  10  5  80  6  83  7  83  8  13  9  59  10  75  11  98  12  59  13  97  14  12
  0  54  1  18  2  88  3  62  4  42  5  13  6  63  7  13  8  59  9  67  10  73  11  87  12  51  13  96  14  37
  0  33  1  49  2  2  3  66  4  20  5  81  6  28  7  21  8  32  9  63  10  72  11  39  12  59  13  66  14  71
  0  27  1  21  2  48  3  5  4  38  5  66  6  83  7  73  8  51  9  43  10  23  11  57  12  33  13  30  14  79
  0  72  1  54  2  72  3  9  4  46  5  76  6  62  7  47  8  7  9  50  10  56  11  9  12  60  13  71  14  27
  0  64  1  83  2  99  3  79  4  50  5  60  6  39  7  93  8  83  9  46  10  11  11  61  12  77  13  45  14  1
  0  32  1  81  2  10  3  41  4  91  5  1  6  18  7  60  8  33  9  60  10  87  11  16  12  89  13  12  14  19
  0  93  1  55  2  15  3  92  4  40  5  93  6  37  7  46  8  47  9  16  10  43  11  23  12  29  13  89  14  69
  0  55  1  41  2  98  3  23  4  28  5  37  6  65  7  33  8  42  9  74  10  6  11  41  12  58  13  92  14  93
  0  24  1  8  2  45  3  29  4  77  5  89  6  47  7  55  8  97  9  97  10  72  11  64  12  50  13  37  14  20
  0  83  1  11  2  33  3  18  4  44  5  10  6  43  7  54  8  49  9  26  10  13  11  28  12  17  13  97  14  52
  0  84  1  65  2  66  3  7  4  68  5  42  6  53  7  64  8  99  9  37  10  35  11  20  12  73  13  26  14  84
  0  70  1  22  2  31  3  77  4  44  5  99  6  89  7  87  8  64  9  83  10  82  11  15  12  95  13  83  14  57
  0  30  1  47  2  18  3  33  4  22  5  18  6  5  7  92  8  81  9  99  10  51  11  93  12  67  13  85  14  63
  0  48  1  14  2  48  3  3  4  50  5  10  6  75  7  54  8  63  9  39  10  98  11  91  12  88  13  50  14  23
  0  51  1  78  2  23  3  66  4  48  5  59  6  35  7  62  8  97  9  89  10  41  11  74  12  31  13  66  14  25
  0  43  1  5  2  35  3  94  4  41  5  56  6  96  7  11  8  34  9  52  10  4  11  87  12  47  13  23  14  73
  0  94  1  3  2  97  3  86  4  55  5  78  6  57  7  38  8  19  9  80  10  94  11  49  12  47  13  61  14  47
  0  74  1  54  2  5  3  13  4  47  5  71  6  67  7  1  8  56  9  49  10  45  11  63  12  55  13  94  14  6
  0  97  1  23  2  27  3  10  4  36  5  47  6  90  7  98  8  52  9  96  10  46  11  36  12  42  13  95  14  57
  0  30  1  81  2  24  3  15  4  58  5  53  6  4  7  81  8  86  9  83  10  46  11  55  12  56  13  61  14  69
  0  60  1  66  2  11  3  9  4  37  5  89  6  36  7  84  8  83  9  84  10  68  11  96  12  58  13  11  14  88
  0  60  1  67  2  46  3  95  4  2  5  79  6  59  7  44  8  82  9  47  10  7  11  76  12  20  13  26  14  35
  0  21  1  9  2  26  3  17  4  37  5  85  6  33  7  58  8  14  9  80  10  78  11  43  12  66  13  31  14  56
  0  7  1  83  2  81  3  11  4  67  5  25  6  77  7  38  8  34  9  55  10  20  11  81  12  80  13  79  14  61
  0  22  1  69  2  19  3  40  4  69  5  40  6  26  7  89  8  32  9  4  10  42  11  72  12  7  13  22  14  34
  0  25  1  9  2  47  3  81  4  8  5  62  6  51  7  82  8  4  9  90  10  78  11  8  12  7  13  87  14  5
  0  19  1  87  2  66  3  67  4  32  5  40  6  10  7  12  8  4  9  39  10  70  11  81  12  40  13  57  14  90
  0  19  1  85  2  36  3  45  4  75  5  34  6  92  7  34  8  46  9  59  10  17  11  54  12  61  13  74  14  94
  0  55  1  24  2  46  3  48  4  47  5  57  6  40  7  92  8  3  9  7  10  73  11  36  12  94  13  19  14  83
  0  91  1  40  2  72  3  62  4  58  5  62  6  55  7  95  8  1  9  76  10  98  11  20  12  35  13  57  14  19
  0  78  1  92  2  64  3  25  4  41  5  28  6  18  7  87  8  24  9  88  10  46  11  92  12  14  13  66  14  66
  0  14  1  96  2  85  3  55  4  69  5  31  6  15  7  19  8  69  9  25  10  2  11  81  12  50  13  8  14  60
  0  45  1  59  2  97  3  66  4  85  5  42  6  10  7  41  8  93  9  27  10  66  11  29  12  74  13  34  14  82
  0  97  1  63  2  34  3  56  4  11  5  25  6  42  7  85  8  62  9  37  10  22  11  79  12  74  13  78  14  36
  0  42  1  76  2  75  3  60  4  57  5  40  6  77  7  54  8  84  9  36  10  55  11  66  12  50  13  21  14  61
  0  89  1  10  2  79  3  73  4  18  5  89  6  93  7  27  8  65  9  47  10  91  11  7  12  39  13  18  14  4
  0  37  1  88  2  19  3  49  4  21  5  69  6  37  7  95  8  85  9  84  10  23  11  95  12  47  13  13  14  62
  0  78  1  21  2  13  3  8  4  47  5  3  6  73  7  76  8  23  9  29  10  62  11  62  12  25  13  76  14  64
  0  3  1  86  2  64  3  36  4  11  5  29  6  67  7  6  8  68  9  73  10  47  11  5  12  11  13  33  14  78
  0  97  1  88  2  26  3  6  4  53  5  59  6  15  7  69  8  79  9  49  10  39  11  84  12  99  13  5  14  19
  0  64  1  63  2  95  3  22  4  8  5  97  6  66  7  49  8  15  9  59  10  31  11  70  12  87  13  28  14  60
  0  95  1  20  2  71  3  18  4  92  5  7  6  57  7  28  8  81  9  5  10  84  11  89  12  46  13  41  14  89
  0  74  1  60  2  48  3  20  4  62  5  21  6  52  7  94  8  12  9  25  10  77  11  87  12  60  13  43  14  22
  0  16  1  11  2  62  3  10  4  5  5  42  6  19  7  54  8  64  9  53  10  30  11  55  12  9  13  32  14  3
  0  32  1  90  2  98  3  71  4  72  5  42  6  68  7  1  8  24  9  37  10  48  11  54  12  84  13  21  14  41
  0  3  1  53  2  72  3  25  4  47  5  49  6  87  7  50  8  49  9  19  10  11  11  49  12  25  13  82  14  42
  0  63  1  25  2  80  3  6  4  30  5  6  6  44  7  54  8  81  9  86  10  86  11  34  12  55  13  17  14  77
  0  59  1  10  2  22  3  74  4  49  5  96  6  93  7  1  8  32  9  38  10  40  11  9  12  26  13  9  14  13
  0  59  1  44  2  20  3  88  4  97  5  84  6  48  7  51  8  36  9  4  10  70  11  12  12  44  13  89  14  87
  0  78  1  14  2  72  3  55  4  29  5  66  6  42  7  42  8  82  9  94  10  68  11  98  12  51  13  72  14  37
  0  1  1  25  2  75  3  44  4  91  5  27  6  86  7  18  8  61  9  26  10  83  11  56  12  6  13  18  14  38
  0  3  1  77  2  84  3  64  4  2  5  17  6  11  7  2  8  92  9  8  10  23  11  23  12  49  13  30  14  54
  0  94  1  65  2  69  3  73  4  33  5  45  6  19  7  29  8  36  9  48  10  1  11  83  12  86  13  98  14  60
  0  53  1  49  2  67  3  34  4  64  5  12  6  56  7  85  8  12  9  38  10  87  11  64  12  60  13  44  14  46
  0  30  1  26  2  4  3  28  4  36  5  54  6  49  7  16  8  93  9  44  10  26  11  57  12  26  13  10  14  9
  0  40  1  8  2  73  3  99  4  71  5  40  6  31  7  57  8  19  9  5  10  34  11  27  12  59  13  10  14  69
  0  77  1  53  2  96  3  52  4  63  5  37  6  1  7  46  8  54  9  98  10  59  11  79  12  25  13  76  14  25
  0  21  1  78  2  6  3  23  4  44  5  47  6  3  7  58  8  79  9  12  10  40  11  69  12  38  13  4  14  85
  0  67  1  61  2  9  3  81  4  33  5  26  6  76  7  1  8  36  9  11  10  93  11  4  12  12  13  96  14  89
  0  79  1  8  2  69  3  86  4  45  5  83  6  37  7  91  8  39  9  28  10  87  11  3  12  42  13  25  14  41
  0  96  1  87  2  89  3  77  4  87  5  63  6  40  7  49  8  88  9  20  10  94  11  92  12  25  13  15  14  97
  0  20  1  68  2  88  3  16  4  38  5  91  6  25  7  67  8  32  9  69  10  56  11  61  12  16  13  71  14  16
  0  68  1  19  2  22  3  34  4  52  5  93  6  26  7  54  8  24  9  29  10  79  11  93  12  5  13  18  14  22
  0  83  1  16  2  27  3  95  4  67  5  14  6  44  7  12  8  35  9  55  10  18  11  57  12  26  13  51  14  7
  0  72  1  25  2  51  3  6  4  84  5  39  6  61  7  18  8  3  9  27  10  88  11  84  12  72  13  16  14  70
  0  97  1  72  2  32  3  16  4  56  5  95  6  28  7  94  8  37  9  32  10  84  11  28  12  88  13  72  14  13
  0  65  1  87  2  74  3  2  4  71  5  92  6  79  7  60  8  47  9  89  10  57  11  75  12  43  13  38  14  26
  0  74  1  71  2  24  3  76  4  53  5  98  6  4  7  82  8  26  9  77  10  97  11  1  12  1  13  69  14  49
  0  67  1  79  2  47  3  68  4  61  5  48  6  83  7  28  8  88  9  2  10  65  11  84  12  95  13  14  14  95
  0  23  1  40  2  54  3  67  4  71  5  49  6  10  7  18  8  21  9  60  10  64  11  6  12  43  13  30  14  35
  0  63  1  11  2  38  3  82  4  19  5  39  6  30  7  39  8  90  9  20  10  84  11  14  12  2  13  7  14  88
  0  76  1  57  2  80  3  53  4  33  5  91  6  1  7  20  8  36  9  79  10  19  11  19  12  88  13  54  14  19
  0  96  1  56  2  97  3  90  4  17  5  73  6  76  7  76  8  91  9  17  10  48  11  33  12  30  13  89  14  64
  0  97  1  68  2  19  3  39  4  56  5  43  6  87  7  54  8  50  9  32  10  35  11  38  12  67  13  41  14  91
  0  21  1  8  2  41  3  54  4  59  5  18  6  74  7  99  8  94  9  36  10  72  11  96  12  62  13  89  14  74
  0  69  1  92  2  28  3  32  4  16  5  55  6  9  7  25  8  86  9  44  10  46  11  42  12  80  13  2  14  92
  0  95  1  11  2  29  3  21  4  68  5  39  6  37  7  26  8  23  9  4  10  24  11  60  12  10  13  61  14  93
  0  69  1  57  2  39  3  48  4  2  5  42  6  63  7  22  8  99  9  55  10  95  11  24  12  94  13  23  14  19
  0  30  1  78  2  42  3  29  4  33  5  7  6  46  7  43  8  24  9  58  10  13  11  23  12  91  13  70  14  57
  0  65  1  50  2  12  3  7  4  28  5  22  6  58  7  24  8  76  9  54  10  1  11  29  12  75  13  33  14  84
  0  58  1  62  2  34  3  66  4  28  5  74  6  9  7  42  8  8  9  16  10  10  11  63  12  32  13  91  14  2
  0  73  1  84  2  35  3  94  4  12  5  42  6  13  7  31  8  67  9  67  10  92  11  71  12  90  13  79  14  81
  0  90  1  88  2  49  3  96  4  75  5  58  6  91  7  20  8  63  9  41  10  49  11  30  12  91  13  2  14  9
  0  38  1  33  2  58  3  71  4  64  5  41  6  25  7  68  8  15  9  17  10  32  11  26  12  67  13  92  14  58
  0  79  1  64  2  89  3  62  4  9  5  78  6  70  7  10  8  58  9  85  10  27  11  46  12  33  13  75  14  62
  0  38  1  12  2  86  3  44  4  96  5  13  6  19  7  52  8  60  9  82  10  1  11  50  12  89  13  18  14  77
  0  41  1  97  2  40  3  72  4  99  5  44  6  64  7  31  8  81  9  38  10  43  11  34  12  57  13  37  14  81
  0  65  1  21  2  46  3  47  4  55  5  67  6  42  7  21  8  35  9  47  10  89  11  68  12  80  13  27  14  7
  0  25  1  20  2  38  3  11  4  13  5  46  6  67  7  54  8  58  9  52  10  28  11  16  12  52  13  75  14  40
  0  23  1  86  2  31  3  66  4  7  5  59  6  59  7  14  8  33  9  17  10  19  11  91  12  39  13  1  14  13
  0  71  1  86  2  92  3  14  4  10  5  8  6  88  7  23  8  16  9  95  10  45  11  8  12  78  13  74  14  77
  0  65  1  85  2  46  3  98  4  27  5  97  6  12  7  32  8  8  9  68  10  88  11  40  12  46  13  6  14  94
  0  42  1  99  2  31  3  63  4  32  5  94  6  80  7  9  8  94  9  36  10  45  11  56  12  94  13  34  14  53
  0  2  1  2  2  2  3  31  4  83  5  36  6  24  7  19  8  56  9  91  10  7  11  94  12  12  13  41  14  63
  0  60  1  97  2  45  3  88  4  82  5  5  6  17  7  21  8  79  9  39  10  99  11  12  12  32  13  5  14  92
  0  38  1  23  2  46  3  96  4  32  5  42  6  44  7  80  8  16  9  31  10  45  11  97  12  56  13  33  14  88
  0  87  1  88  2  79  3  50  4  50  5  73  6  28  7  10  8  84  9  72  10  35  11  32  12  11  13  74  14  29
  0  92  1  35  2  96  3  12  4  13  5  22  6  45  7  9  8  68  9  76  10  16  11  40  12  92  13  53  14  51
  0  99  1  87  2  57  3  9  4  36  5  10  6  87  7  90  8  97  9  13  10  38  11  46  12  78  13  29  14  74
  0  41  1  66  2  55  3  35  4  57  5  95  6  61  7  29  8  78  9  48  10  32  11  32  12  59  13  54  14  19
  0  99  1  84  2  86  3  59  4  46  5  80  6  56  7  94  8  77  9  26  10  46  11  78  12  44  13  62  14  42
  0  81  1  75  2  27  3  48  4  11  5  18  6  38  7  99  8  15  9  56  10  13  11  5  12  40  13  23  14  98
  0  79  1  51  2  15  3  41  4  63  5  38  6  62  7  33  8  17  9  76  10  26  11  7  12  56  13  6  14  32
  0  59  1  60  2  45  3  39  4  40  5  58  6  58  7  24  8  28  9  3  10  50  11  30  12  75  13  48  14  35
  0  84  1  9  2  27  3  28  4  20  5  3  6  75  7  42  8  26  9  64  10  48  11  88  12  33  13  8  14  36
  0  27  1  96  2  97  3  67  4  85  5  27  6  85  7  56  8  83  9  8  10  83  11  34  12  3  13  68  14  36
  0  76  1  88  2  20  3  85  4  7  5  90  6  70  7  47  8  46  9  70  10  74  11  43  12  29  13  21  14  83
  0  49  1  22  2  5  3  95  4  56  5  2  6  75  7  43  8  62  9  77  10  50  11  38  12  35  13  75  14  67
  0  77  1  15  2  14  3  6  4  93  5  42  6  33  7  93  8  65  9  46  10  73  11  5  12  59  13  8  14  91
  0  21  1  53  2  95  3  75  4  37  5  53  6  36  7  2  8  96  9  29  10  66  11  34  12  9  13  95  14  81
  0  59  1  94  2  52  3  71  4  8  5  26  6  35  7  15  8  20  9  95  10  39  11  67  12  34  13  11  14  43
  0  68  1  21  2  93  3  6  4  56  5  83  6  53  7  55  8  57  9  8  10  36  11  63  12  86  13  16  14  90
  0  77  1  91  2  70  3  93  4  75  5  16  6  38  7  20  8  38  9  60  10  83  11  63  12  68  13  73  14  80
  0  37  1  5  2  4  3  50  4  3  5  96  6  87  7  63  8  16  9  52  10  61  11  60  12  91  13  68  14  9
  0  86  1  11  2  94  3  5  4  44  5  33  6  22  7  1  8  7  9  91  10  60  11  53  12  40  13  73  14  66
  0  23  1  39  2  15  3  36  4  63  5  68  6  68  7  67  8  90  9  56  10  22  11  59  12  8  13  5  14  67
  0  1  1  15  2  88  3  65  4  71  5  32  6  68  7  36  8  53  9  24  10  43  11  77  12  25  13  90  14  11
  0  9  1  85  2  69  3  18  4  58  5  45  6  68  7  12  8  70  9  49  10  11  11  29  12  96  13  55  14  80
  0  84  1  75  2  58  3  79  4  41  5  36  6  46  7  53  8  81  9  86  10  20  11  29  12  4  13  49  14  16
  0  88  1  14  2  59  3  20  4  62  5  96  6  62  7  51  8  9  9  70  10  45  11  64  12  40  13  77  14  5
  0  81  1  79  2  46  3  34  4  79  5  76  6  39  7  84  8  71  9  19  10  75  11  25  12  63  13  7  14  72
  0  7  1  83  2  84  3  74  4  25  5  99  6  44  7  35  8  8  9  90  10  45  11  87  12  87  13  22  14  15
  0  22  1  37  2  47  3  27  4  38  5  73  6  39  7  70  8  54  9  58  10  14  11  49  12  90  13  49  14  13
  0  89  1  58  2  85  3  42  4  36  5  14  6  12  7  95  8  56  9  66  10  56  11  10  12  9  13  53  14  48
  0  21  1  17  2  12  3  21  4  22  5  66  6  10  7  27  8  51  9  25  10  34  11  83  12  54  13  37  14  22
  0  15  1  85  2  59  3  97  4  56  5  69  6  20  7  59  8  34  9  17  10  33  11  5  12  53  13  73  14  2
  0  15  1  39  2  48  3  74  4  20  5  18  6  40  7  59  8  13  9  39  10  71  11  95  12  5  13  74  14  87
  0  43  1  15  2  38  3  90  4  39  5  53  6  17  7  8  8  34  9  36  10  14  11  12  12  4  13  36  14  26
  0  57  1  94  2  66  3  27  4  82  5  60  6  47  7  18  8  3  9  89  10  99  11  60  12  91  13  38  14  66
  0  24  1  23  2  98  3  66  4  88  5  24  6  99  7  14  8  3  9  63  10  96  11  74  12  81  13  68  14  94
  0  26  1  86  2  52  3  29  4  57  5  38  6  89  7  90  8  23  9  47  10  71  11  61  12  24  13  50  14  45
  0  97  1  97  2  9  3  82  4  7  5  24  6  96  7  71  8  57  9  95  10  80  11  6  12  47  13  3  14  75
  0  14  1  25  2  15  3  27  4  63  5  19  6  84  7  56  8  24  9  31  10  99  11  63  12  74  13  95  14  43
  0  74  1  2  2  20  3  52  4  88  5  4  6  40  7  87  8  50  9  7  10  72  11  41  12  48  13  69  14  43
  0  54  1  40  2  13  3  13  4  21  5  24  6  11  7  47  8  1  9  22  10  30  11  89  12  58  13  57  14  3
  0  39  1  13  2  9  3  72  4  42  5  62  6  8  7  38  8  41  9  10  10  94  11  94  12  52  13  19  14  40
  0  54  1  65  2  60  3  30  4  70  5  68  6  39  7  36  8  26  9  64  10  8  11  35  12  41  13  19  14  7
  0  52  1  12  2  55  3  92  4  35  5  7  6  98  7  34  8  90  9  50  10  22  11  92  12  31  13  87  14  47
  0  24  1  19  2  20  3  12  4  57  5  6  6  31  7  99  8  39  9  7  10  57  11  95  12  59  13  52  14  79
  0  19  1  78  2  5  3  21  4  27  5  44  6  43  7  91  8  19  9  53  10  46  11  19  12  67  13  91  14  23
  0  28  1  55  2  79  3  83  4  95  5  2  6  80  7  37  8  76  9  7  10  69  11  60  12  65  13  35  14  60
  0  88  1  56  2  35  3  33  4  5  5  13  6  62  7  27  8  32  9  57  10  28  11  78  12  64  13  38  14  31
  0  13  1  87  2  45  3  18  4  33  5  64  6  69  7  77  8  68  9  99  10  30  11  87  12  54  13  3  14  26
  0  44  1  68  2  17  3  73  4  56  5  58  6  73  7  36  8  83  9  8  10  6  11  67  12  45  13  49  14  20
  0  15  1  36  2  14  3  2  4  61  5  22  6  61  7  25  8  97  9  97  10  60  11  79  12  52  13  35  14  92
  0  27  1  28  2  59  3  92  4  66  5  19  6  19  7  66  8  66  9  2  10  38  11  50  12  79  13  28  14  85
  0  78  1  70  2  70  3  78  4  4  5  99  6  84  7  2  8  64  9  62  10  98  11  43  12  97  13  68  14  42
  0  37  1  63  2  4  3  74  4  84  5  92  6  26  7  72  8  2  9  99  10  70  11  85  12  91  13  20  14  74
  0  85  1  61  2  57  3  54  4  41  5  21  6  44  7  73  8  13  9  35  10  71  11  4  12  54  13  16  14  22
  0  66  1  40  2  77  3  19  4  90  5  83  6  94  7  79  8  42  9  1  10  31  11  23  12  6  13  28  14  29
  0  87  1  19  2  22  3  76  4  51  5  93  6  75  7  99  8  47  9  73  10  33  11  45  12  36  13  13  14  12
  0  36  1  78  2  82  3  24  4  33  5  90  6  25  7  86  8  34  9  18  10  18  11  60  12  79  13  29  14  26
  0  32  1  58  2  22  3  51  4  60  5  32  6  5  7  94  8  37  9  20  10  76  11  6  12  23  13  1  14  42
  0  82  1  81  2  46  3  12  4  32  5  11  6  79  7  84  8  30  9  30  10  20  11  21  12  16  13  98  14  61
  0  39  1  18  2  65  3  5  4  94  5  16  6  63  7  27  8  37  9  45  10  4  11  57  12  49  13  39  14  46
  0  16  1  95  2  42  3  40  4  8  5  69  6  40  7  57  8  85  9  83  10  10  11  71  12  36  13  56  14  54
  0  48  1  40  2  98  3  1  4  60  5  17  6  78  7  64  8  31  9  50  10  47  11  16  12  66  13  57  14  30
  0  93  1  57  2  50  3  32  4  50  5  25  6  3  7  1  8  36  9  59  10  15  11  49  12  51  13  85  14  39
  0  42  1  12  2  35  3  22  4  80  5  24  6  14  7  61  8  48  9  58  10  3  11  91  12  6  13  60  14  33
  0  36  1  40  2  52  3  1  4  9  5  13  6  1  7  39  8  35  9  56  10  60  11  50  12  28  13  17  14  24
  0  61  1  56  2  47  3  22  4  71  5  59  6  83  7  73  8  83  9  27  10  79  11  66  12  59  13  31  14  63
  0  16  1  21  2  81  3  48  4  54  5  8  6  40  7  24  8  20  9  49  10  26  11  86  12  61  13  4  14  80
  0  99  1  81  2  99  3  83  4  91  5  79  6  59  7  50  8  35  9  67  10  96  11  20  12  51  13  63  14  17
  0  48  1  47  2  99  3  65  4  48  5  77  6  95  7  2  8  42  9  81  10  66  11  88  12  19  13  47  14  91
  0  33  1  22  2  87  3  58  4  16  5  88  6  50  7  34  8  88  9  38  10  86  11  54  12  38  13  70  14  42
  0  34  1  33  2  16  3  58  4  16  5  14  6  65  7  99  8  31  9  91  10  53  11  26  12  31  13  50  14  78
  0  91  1  16  2  88  3  97  4  46  5  75  6  40  7  8  8  46  9  93  10  42  11  10  12  18  13  18  14  62
  0  26  1  32  2  70  3  5  4  2  5  78  6  49  7  29  8  30  9  41  10  72  11  77  12  59  13  23  14  38
  0  93  1  87  2  76  3  5  4  63  5  49  6  20  7  32  8  17  9  50  10  55  11  26  12  86  13  99  14  34
  0  74  1  85  2  55  3  6  4  71  5  67  6  69  7  62  8  66  9  86  10  10  11  77  12  91  13  48  14  93
  0  68  1  46  2  43  3  51  4  61  5  35  6  84  7  14  8  26  9  13  10  5  11  92  12  5  13  54  14  81
  0  87  1  67  2  71  3  86  4  48  5  44  6  44  7  93  8  78  9  43  10  18  11  75  12  42  13  38  14  16
  0  82  1  31  2  82  3  43  4  86  5  92  6  5  7  95  8  23  9  22  10  61  11  84  12  75  13  83  14  73
  0  61  1  73  2  96  3  76  4  91  5  12  6  15  7  35  8  5  9  98  10  83  11  30  12  38  13  2  14  37
  0  1  1  30  2  46  3  94  4  12  5  54  6  73  7  57  8  68  9  77  10  85  11  2  12  97  13  96  14  15
  0  41  1  92  2  85  3  99  4  96  5  47  6  47  7  67  8  84  9  65  10  75  11  33  12  34  13  8  14  42
  0  82  1  71  2  98  3  79  4  94  5  51  6  30  7  33  8  20  9  10  10  15  11  85  12  19  13  74  14  85
  0  82  1  23  2  55  3  43  4  25  5  85  6  3  7  90  8  87  9  29  10  8  11  23  12  87  13  90  14  74
  0  39  1  29  2  50  3  95  4  14  5  64  6  74  7  13  8  37  9  69  10  7  11  37  12  9  13  27  14  11
  0  58  1  49  2  58  3  15  4  84  5  59  6  36  7  46  8  75  9  47  10  90  11  30  12  55  13  98  14  79
  0  99  1  45  2  63  3  81  4  51  5  28  6  80  7  45  8  19  9  37  10  60  11  82  12  76  13  42  14  17
  0  21  1  83  2  65  3  91  4  20  5  19  6  59  7  25  8  31  9  83  10  19  11  79  12  69  13  73  14  17
  0  83  1  97  2  32  3  81  4  96  5  64  6  46  7  60  8  83  9  38  10  50  11  29  12  53  13  29  14  37
  0  53  1  5  2  92  3  4  4  5  5  90  6  50  7  76  8  78  9  79  10  81  11  91  12  85  13  79  14  69
  0  22  1  5  2  71  3  95  4  94  5  16  6  29  7  23  8  10  9  50  10  63  11  19  12  82  13  35  14  94
  0  94  1  60  2  17  3  44  4  74  5  73  6  80  7  2  8  12  9  46  10  13  11  9  12  16  13  51  14  70
  0  67  1  70  2  7  3  50  4  56  5  37  6  35  7  72  8  30  9  89  10  30  11  28  12  6  13  19  14  16
  0  49  1  91  2  97  3  82  4  97  5  4  6  8  7  36  8  89  9  57  10  51  11  96  12  2  13  53  14  21
  0  33  1  15  2  85  3  81  4  19  5  5  6  37  7  90  8  41  9  74  10  45  11  76  12  11  13  96  14  53
  0  30  1  40  2  12  3  77  4  92  5  3  6  84  7  57  8  41  9  70  10  28  11  65  12  99  13  14  14  57
  0  5  1  41  2  98  3  7  4  7  5  47  6  16  7  40  8  9  9  34  10  39  11  37  12  95  13  79  14  66
  0  25  1  97  2  1  3  36  4  7  5  12  6  64  7  85  8  83  9  76  10  31  11  99  12  84  13  11  14  67
  0  94  1  59  2  6  3  78  4  94  5  77  6  28  7  44  8  19  9  50  10  73  11  52  12  92  13  73  14  79
  0  76  1  30  2  55  3  82  4  36  5  71  6  63  7  79  8  30  9  58  10  22  11  39  12  42  13  82  14  44
  0  55  1  50  2  54  3  60  4  51  5  93  6  61  7  5  8  73  9  82  10  13  11  46  12  31  13  40  14  6
  0  91  1  71  2  30  3  45  4  98  5  3  6  1  7  4  8  57  9  93  10  42  11  13  12  49  13  21  14  47
  0  16  1  86  2  36  3  26  4  18  5  82  6  86  7  5  8  24  9  11  10  94  11  4  12  47  13  61  14  84
  0  97  1  23  2  93  3  24  4  84  5  71  6  37  7  7  8  17  9  79  10  8  11  94  12  82  13  7  14  32
  0  99  1  25  2  39  3  87  4  69  5  56  6  28  7  16  8  11  9  86  10  99  11  63  12  70  13  83  14  34
  0  50  1  38  2  34  3  25  4  77  5  63  6  66  7  80  8  22  9  90  10  64  11  34  12  81  13  48  14  68
  0  59  1  60  2  57  3  64  4  29  5  18  6  45  7  82  8  37  9  25  10  71  11  73  12  92  13  76  14  2
  0  29  1  51  2  84  3  96  4  65  5  34  6  36  7  95  8  85  9  61  10  77  11  7  12  78  13  91  14  89
  0  45  1  50  2  55  3  41  4  73  5  61  6  99  7  44  8  32  9  33  10  17  11  40  12  70  13  56  14  97
  0  9  1  22  2  81  3  40  4  60  5  69  6  18  7  9  8  59  9  1  10  35  11  13  12  95  13  54  14  57
  0  68  1  87  2  6  3  9  4  42  5  6  6  33  7  18  8  8  9  26  10  73  11  16  12  48  13  66  14  59
  0  83  1  98  2  63  3  87  4  16  5  7  6  91  7  65  8  22  9  50  10  31  11  37  12  89  13  51  14  39
  0  88  1  52  2  64  3  77  4  74  5  59  6  33  7  2  8  20  9  45  10  45  11  22  12  90  13  24  14  29
  0  76  1  43  2  63  3  66  4  90  5  81  6  36  7  19  8  11  9  92  10  20  11  95  12  29  13  37  14  9
  0  7  1  41  2  13  3  74  4  73  5  6  6  25  7  50  8  4  9  99  10  20  11  64  12  46  13  82  14  80
  0  30  1  71  2  13  3  75  4  60  5  64  6  83  7  15  8  82  9  12  10  75  11  66  12  57  13  23  14  30
  0  14  1  33  2  20  3  7  4  84  5  92  6  74  7  65  8  54  9  61  10  95  11  89  12  22  13  1  14  82
  0  56  1  19  2  93  3  99  4  90  5  65  6  97  7  41  8  84  9  25  10  28  11  81  12  59  13  97  14  91
  0  49  1  3  2  54  3  86  4  51  5  9  6  10  7  33  8  40  9  92  10  87  11  7  12  13  13  82  14  15
  0  89  1  64  2  85  3  54  4  54  5  53  6  94  7  70  8  54  9  37  10  76  11  74  12  75  13  90  14  58
  0  3  1  85  2  29  3  13  4  20  5  76  6  69  7  92  8  49  9  80  10  27  11  72  12  78  13  33  14  23
  0  8  1  90  2  72  3  43  4  8  5  15  6  36  7  86  8  77  9  99  10  68  11  80  12  90  13  53  14  64
  0  64  1  88  2  99  3  12  4  56  5  21  6  54  7  91  8  61  9  71  10  14  11  77  12  84  13  31  14  3
  0  18  1  60  2  17  3  40  4  2  5  8  6  56  7  4  8  43  9  65  10  65  11  17  12  38  13  89  14  3
  0  78  1  64  2  92  3  85  4  5  5  48  6  67  7  82  8  72  9  4  10  26  11  32  12  65  13  23  14  50
  0  42  1  67  2  73  3  22  4  81  5  58  6  33  7  84  8  59  9  2  10  65  11  72  12  52  13  35  14  15
  0  70  1  34  2  92  3  78  4  30  5  6  6  38  7  82  8  32  9  50  10  68  11  70  12  77  13  29  14  18
  0  74  1  49  2  26  3  3  4  45  5  66  6  93  7  42  8  34  9  43  10  42  11  66  12  75  13  3  14  6
  0  18  1  12  2  20  3  51  4  66  5  43  6  92  7  28  8  23  9  9  10  64  11  68  12  12  13  27  14  43
  0  87  1  38  2  49  3  97  4  45  5  67  6  11  7  21  8  64  9  86  10  78  11  89  12  22  13  29  14  26
  0  66  1  59  2  81  3  97  4  22  5  65  6  95  7  27  8  63  9  46  10  80  11  31  12  13  13  79  14  50
  0  96  1  64  2  4  3  42  4  19  5  99  6  10  7  45  8  79  9  73  10  26  11  91  12  46  13  68  14  15
  0  2  1  55  2  87  3  20  4  95  5  99  6  50  7  34  8  4  9  32  10  88  11  80  12  37  13  59  14  70
  0  22  1  6  2  80  3  96  4  44  5  98  6  16  7  48  8  73  9  48  10  94  11  76  12  32  13  58  14  29
  0  63  1  30  2  69  3  82  4  3  5  64  6  78  7  4  8  68  9  60  10  39  11  92  12  77  13  66  14  17
  0  11  1  63  2  27  3  79  4  67  5  11  6  45  7  29  8  29  9  27  10  38  11  13  12  33  13  48  14  54
  0  86  1  23  2  99  3  72  4  96  5  12  6  64  7  40  8  2  9  52  10  28  11  90  12  77  13  76  14  5
  0  64  1  48  2  13  3  61  4  23  5  47  6  26  7  89  8  14  9  4  10  4  11  7  12  48  13  4  14  3
  0  68  1  86  2  82  3  32  4  39  5  43  6  21  7  28  8  38  9  61  10  87  11  46  12  70  13  18  14  22
  0  82  1  9  2  50  3  61  4  99  5  70  6  32  7  61  8  8  9  32  10  27  11  47  12  46  13  47  14  94
  0  13  1  45  2  84  3  42  4  49  5  71  6  83  7  37  8  60  9  99  10  5  11  19  12  10  13  44  14  26
  0  81  1  3  2  45  3  90  4  25  5  86  6  12  7  38  8  74  9  52  10  48  11  49  12  32  13  33  14  19
  0  99  1  12  2  56  3  34  4  4  5  55  6  93  7  59  8  73  9  46  10  8  11  78  12  58  13  67  14  95
  0  61  1  14  2  64  3  73  4  29  5  18  6  6  7  56  8  98  9  48  10  62  11  26  12  64  13  67  14  47
  0  90  1  41  2  3  3  83  4  78  5  77  6  99  7  79  8  25  9  26  10  88  11  55  12  31  13  97  14  5
  0  37  1  21  2  73  3  42  4  96  5  18  6  33  7  21  8  32  9  4  10  19  11  26  12  5  13  64  14  57
  0  28  1  61  2  94  3  90  4  83  5  34  6  50  7  16  8  10  9  89  10  51  11  7  12  47  13  48  14  76
  0  75  1  69  2  25  3  16  4  11  5  8  6  50  7  43  8  88  9  93  10  65  11  66  12  37  13  35  14  7
  0  26  1  10  2  83  3  31  4  77  5  5  6  59  7  37  8  67  9  22  10  37  11  80  12  85  13  46  14  9
  0  99  1  67  2  10  3  86  4  99  5  59  6  65  7  97  8  47  9  86  10  61  11  93  12  83  13  79  14  26
  0  76  1  67  2  48  3  88  4  3  5  86  6  19  7  76  8  36  9  9  10  54  11  99  12  45  13  66  14  40
  0  95  1  69  2  83  3  3  4  85  5  7  6  1  7  84  8  82  9  87  10  50  11  9  12  45  13  45  14  87
  0  81  1  67  2  92  3  81  4  43  5  42  6  67  7  26  8  52  9  57  10  8  11  13  12  62  13  88  14  64
  0  84  1  29  2  16  3  65  4  67  5  56  6  66  7  93  8  37  9  75  10  69  11  41  12  71  13  98  14  72
  0  33  1  97  2  14  3  48  4  64  5  41  6  98  7  3  8  75  9  20  10  62  11  56  12  60  13  55  14  66
  0  60  1  87  2  88  3  68  4  72  5  70  6  14  7  82  8  2  9  28  10  88  11  66  12  88  13  13  14  65
  0  71  1  6  2  10  3  55  4  19  5  66  6  11  7  29  8  80  9  85  10  36  11  7  12  83  13  41  14  65
  0  90  1  70  2  19  3  74  4  55  5  76  6  43  7  1  8  80  9  9  10  21  11  99  12  4  13  43  14  60
  0  45  1  33  2  67  3  39  4  89  5  21  6  38  7  25  8  90  9  29  10  30  11  85  12  74  13  96  14  5
  0  36  1  86  2  18  3  5  4  1  5  44  6  81  7  71  8  9  9  8  10  22  11  41  12  39  13  16  14  5
  0  46  1  64  2  70  3  20  4  57  5  2  6  50  7  77  8  17  9  37  10  2  11  15  12  67  13  85  14  28
  0  70  1  64  2  24  3  73  4  79  5  26  6  74  7  84  8  82  9  74  10  62  11  84  12  86  13  60  14  52
  0  98  1  80  2  64  3  37  4  8  5  18  6  33  7  54  8  35  9  25  10  3  11  22  12  80  13  59  14  87
  0  48  1  50  2  79  3  53  4  46  5  66  6  64  7  16  8  44  9  45  10  97  11  8  12  2  13  63  14  18
  0  26  1  40  2  81  3  91  4  38  5  73  6  68  7  64  8  17  9  90  10  52  11  85  12  43  13  7  14  4
  0  28  1  60  2  18  3  8  4  42  5  14  6  99  7  96  8  8  9  84  10  45  11  39  12  81  13  95  14  32
  0  13  1  56  2  72  3  64  4  13  5  71  6  61  7  25  8  50  9  41  10  58  11  38  12  71  13  3  14  87
  0  28  1  85  2  85  3  35  4  24  5  81  6  53  7  39  8  42  9  81  10  89  11  68  12  44  13  44  14  14
  0  62  1  70  2  44  3  36  4  11  5  71  6  55  7  18  8  78  9  3  10  42  11  75  12  29  13  55  14  27
  0  39  1  86  2  29  3  80  4  86  5  37  6  78  7  66  8  71  9  75  10  86  11  28  12  34  13  30  14  43
  0  4  1  90  2  36  3  37  4  4  5  88  6  29  7  87  8  86  9  6  10  85  11  73  12  21  13  39  14  32
  0  35  1  20  2  77  3  93  4  60  5  81  6  86  7  67  8  75  9  70  10  29  11  19  12  6  13  33  14  13
  0  59  1  76  2  24  3  32  4  44  5  63  6  81  7  38  8  92  9  25  10  97  11  75  12  30  13  63  14  52
  0  51  1  93  2  3  3  13  4  22  5  63  6  80  7  20  8  31  9  4  10  91  11  18  12  29  13  18  14  28
  0  83  1  40  2  70  3  9  4  73  5  74  6  17  7  85  8  3  9  5  10  43  11  75  12  92  13  40  14  12
  0  56  1  91  2  74  3  68  4  16  5  32  6  93  7  51  8  57  9  68  10  65  11  99  12  86  13  44  14  44
  0  72  1  42  2  52  3  77  4  7  5  41  6  88  7  78  8  86  9  50  10  33  11  6  12  96  13  17  14  91
  0  81  1  80  2  92  3  83  4  18  5  37  6  65  7  69  8  40  9  15  10  64  11  35  12  27  13  87  14  4
  0  2  1  17  2  34  3  92  4  4  5  31  6  38  7  4  8  65  9  22  10  86  11  12  12  77  13  52  14  49
  0  7  1  27  2  54  3  40  4  73  5  61  6  36  7  7  8  74  9  80  10  23  11  12  12  84  13  71  14  50
  0  75  1  69  2  54  3  59  4  7  5  82  6  90  7  53  8  58  9  64  10  68  11  6  12  50  13  29  14  80
  0  50  1  70  2  88  3  45  4  79  5  42  6  53  7  47  8  27  9  12  10  1  11  83  12  27  13  5  14  9
  0  64  1  64  2  46  3  89  4  82  5  56  6  44  7  72  8  55  9  40  10  90  11  19  12  23  13  48  14  16
  0  73  1  24  2  3  3  9  4  86  5  9  6  52  7  94  8  49  9  51  10  36  11  12  12  32  13  64  14  58
  0  54  1  33  2  42  3  94  4  60  5  57  6  78  7  61  8  53  9  81  10  28  11  34  12  82  13  97  14  19
  0  90  1  19  2  21  3  31  4  7  5  87  6  9  7  92  8  35  9  52  10  32  11  76  12  52  13  93  14  90
  0  68  1  42  2  25  3  65  4  71  5  60  6  56  7  46  8  50  9  97  10  90  11  86  12  30  13  22  14  10
  0  65  1  12  2  92  3  1  4  56  5  61  6  54  7  8  8  44  9  86  10  64  11  26  12  33  13  10  14  12
  0  70  1  31  2  9  3  23  4  81  5  17  6  56  7  77  8  48  9  12  10  19  11  60  12  67  13  22  14  68
  0  38  1  75  2  18  3  21  4  35  5  2  6  71  7  16  8  34  9  46  10  66  11  92  12  43  13  73  14  40
  0  32  1  94  2  83  3  42  4  59  5  67  6  90  7  12  8  43  9  56  10  25  11  95  12  20  13  14  14  43
  0  78  1  43  2  60  3  6  4  83  5  28  6  19  7  64  8  67  9  33  10  28  11  56  12  32  13  29  14  46
  0  8  1  99  2  9  3  26  4  98  5  44  6  62  7  62  8  21  9  77  10  15  11  2  12  54  13  19  14  4
  0  93  1  31  2  8  3  41  4  11  5  56  6  24  7  79  8  65  9  33  10  52  11  92  12  17  13  68  14  80
  0  28  1  19  2  92  3  15  4  98  5  78  6  9  7  88  8  19  9  12  10  42  11  51  12  93  13  17  14  79
  0  87  1  32  2  5  3  93  4  16  5  37  6  59  7  9  8  35  9  86  10  17  11  53  12  42  13  10  14  72
  0  90  1  32  2  33  3  76  4  42  5  48  6  47  7  67  8  34  9  63  10  98  11  45  12  26  13  78  14  42
  0  96  1  22  2  88  3  83  4  22  5  49  6  69  7  98  8  20  9  71  10  44  11  24  12  34  13  72  14  60
  0  42  1  64  2  5  3  90  4  7  5  6  6  23  7  19  8  87  9  55  10  20  11  87  12  32  13  8  14  46
  0  11  1  60  2  33  3  76  4  93  5  49  6  91  7  63  8  92  9  78  10  52  11  78  12  11  13  32  14  99
  0  39  1  39  2  85  3  58  4  71  5  46  6  21  7  61  8  52  9  5  10  45  11  49  12  41  13  11  14  17
  0  68  1  75  2  10  3  89  4  15  5  18  6  56  7  36  8  31  9  54  10  64  11  20  12  60  13  90  14  29
  0  12  1  18  2  4  3  17  4  73  5  13  6  27  7  65  8  63  9  71  10  1  11  39  12  33  13  1  14  94
  0  20  1  13  2  14  3  90  4  44  5  8  6  22  7  94  8  13  9  63  10  26  11  92  12  26  13  57  14  95
  0  96  1  23  2  32  3  9  4  18  5  41  6  79  7  83  8  85  9  4  10  36  11  31  12  89  13  17  14  52
  0  8  1  9  2  31  3  42  4  53  5  70  6  88  7  33  8  34  9  34  10  82  11  64  12  33  13  2  14  72
  0  11  1  51  2  10  3  53  4  22  5  18  6  36  7  67  8  17  9  21  10  35  11  95  12  56  13  8  14  89
  0  87  1  95  2  13  3  34  4  93  5  95  6  13  7  93  8  28  9  23  10  24  11  38  12  67  13  87  14  79
  0  53  1  59  2  90  3  69  4  70  5  11  6  78  7  7  8  13  9  58  10  36  11  70  12  42  13  60  14  51
  0  40  1  27  2  59  3  41  4  6  5  51  6  91  7  24  8  43  9  41  10  53  11  73  12  59  13  87  14  52
  0  95  1  63  2  73  3  99  4  96  5  36  6  47  7  20  8  60  9  61  10  4  11  83  12  29  13  73  14  50
  0  98  1  67  2  33  3  76  4  1  5  59  6  20  7  64  8  41  9  43  10  13  11  94  12  64  13  20  14  4
  0  37  1  5  2  63  3  52  4  37  5  62  6  19  7  81  8  33  9  37  10  90  11  84  12  69  13  24  14  25
  0  65  1  78  2  94  3  62  4  67  5  65  6  33  7  8  8  33  9  7  10  90  11  34  12  12  13  39  14  69
  0  36  1  18  2  21  3  76  4  80  5  84  6  74  7  76  8  35  9  83  10  50  11  53  12  57  13  1  14  67
  0  63  1  93  2  79  3  22  4  15  5  8  6  89  7  73  8  40  9  34  10  69  11  37  12  20  13  41  14  47
  0  59  1  82  2  36  3  54  4  46  5  99  6  53  7  67  8  63  9  27  10  10  11  64  12  43  13  91  14  11
  0  55  1  59  2  96  3  41  4  42  5  54  6  10  7  90  8  19  9  30  10  61  11  75  12  99  13  40  14  45
  0  73  1  51  2  43  3  28  4  71  5  63  6  1  7  89  8  98  9  81  10  36  11  58  12  2  13  88  14  87
  0  6  1  67  2  12  3  9  4  26  5  16  6  74  7  24  8  12  9  10  10  44  11  18  12  93  13  57  14  39
  0  28  1  12  2  3  3  74  4  78  5  35  6  34  7  89  8  45  9  48  10  49  11  73  12  75  13  72  14  54
  0  71  1  82  2  85  3  7  4  58  5  80  6  61  7  3  8  95  9  56  10  37  11  80  12  25  13  70  14  93
  0  92  1  46  2  40  3  2  4  66  5  85  6  55  7  42  8  55  9  74  10  19  11  54  12  50  13  65  14  16
  0  27  1  2  2  70  3  55  4  53  5  71  6  97  7  40  8  19  9  28  10  18  11  54  12  81  13  31  14  90
  0  72  1  74  2  86  3  27  4  40  5  25  6  63  7  76  8  66  9  97  10  4  11  52  12  37  13  73  14  64
  0  45  1  42  2  41  3  67  4  87  5  58  6  60  7  71  8  58  9  54  10  25  11  55  12  49  13  94  14  28
  0  5  1  40  2  61  3  6  4  31  5  33  6  20  7  29  8  60  9  57  10  5  11  54  12  88  13  54  14  92
  0  54  1  64  2  73  3  93  4  87  5  64  6  72  7  72  8  95  9  75  10  84  11  93  12  14  13  87  14  94
  0  35  1  40  2  56  3  45  4  25  5  17  6  8  7  60  8  98  9  90  10  85  11  61  12  65  13  74  14  58
  0  7  1  54  2  25  3  39  4  79  5  57  6  1  7  92  8  18  9  5  10  78  11  22  12  44  13  27  14  24
  0  68  1  51  2  6  3  64  4  57  5  44  6  3  7  95  8  87  9  49  10  20  11  23  12  31  13  40  14  44
  0  28  1  97  2  31  3  65  4  99  5  91  6  65  7  75  8  71  9  42  10  63  11  86  12  60  13  10  14  24
  0  29  1  6  2  76  3  14  4  16  5  29  6  93  7  50  8  86  9  84  10  31  11  87  12  55  13  67  14  54
  0  63  1  39  2  93  3  34  4  44  5  49  6  74  7  38  8  2  9  39  10  46  11  93  12  92  13  77  14  28
  0  3  1  31  2  71  3  16  4  35  5  71  6  50  7  48  8  62  9  43  10  20  11  87  12  85  13  8  14  3
  0  2  1  76  2  27  3  51  4  54  5  32  6  59  7  3  8  27  9  10  10  30  11  93  12  33  13  16  14  37
  0  65  1  97  2  29  3  93  4  30  5  18  6  2  7  10  8  70  9  16  10  75  11  74  12  96  13  64  14  91
  0  85  1  86  2  36  3  83  4  41  5  79  6  6  7  94  8  81  9  2  10  20  11  51  12  60  13  32  14  94
  0  64  1  71  2  61  3  22  4  80  5  58  6  82  7  84  8  75  9  9  10  15  11  11  12  62  13  65  14  62
  0  33  1  73  2  45  3  57  4  13  5  22  6  39  7  29  8  48  9  67  10  16  11  96  12  96  13  21  14  75
  0  3  1  54  2  86  3  14  4  6  5  84  6  14  7  94  8  8  9  94  10  94  11  43  12  96  13  92  14  62
  0  9  1  16  2  68  3  48  4  54  5  93  6  6  7  8  8  75  9  2  10  90  11  30  12  59  13  17  14  84
  0  92  1  28  2  4  3  90  4  19  5  33  6  63  7  1  8  48  9  90  10  84  11  38  12  35  13  84  14  8
  0  5  1  31  2  66  3  5  4  5  5  22  6  26  7  99  8  23  9  16  10  23  11  6  12  49  13  5  14  6
  0  65  1  93  2  53  3  40  4  85  5  40  6  85  7  37  8  27  9  21  10  69  11  54  12  94  13  10  14  12
  0  98  1  17  2  74  3  36  4  71  5  32  6  34  7  88  8  19  9  4  10  7  11  89  12  76  13  47  14  49
  0  51  1  43  2  24  3  17  4  3  5  5  6  48  7  1  8  1  9  84  10  16  11  27  12  25  13  16  14  22
  0  12  1  81  2  46  3  67  4  10  5  62  6  27  7  48  8  4  9  30  10  36  11  66  12  30  13  33  14  49
  0  35  1  23  2  70  3  56  4  50  5  28  6  58  7  85  8  47  9  23  10  66  11  76  12  74  13  34  14  26
  0  24  1  50  2  57  3  37  4  85  5  81  6  4  7  7  8  6  9  58  10  22  11  20  12  29  13  68  14  97
  0  16  1  75  2  79  3  11  4  98  5  24  6  77  7  88  8  46  9  14  10  84  11  19  12  74  13  58  14  76
  0  89  1  51  2  49  3  67  4  64  5  11  6  66  7  54  8  30  9  79  10  51  11  16  12  53  13  20  14  89
  0  22  1  51  2  71  3  12  4  93  5  59  6  14  7  22  8  18  9  37  10  13  11  95  12  19  13  56  14  6
  0  25  1  19  2  73  3  40  4  80  5  60  6  60  7  75  8  38  9  61  10  47  11  6  12  78  13  31  14  20
  0  79  1  60  2  63  3  61  4  97  5  33  6  90  7  26  8  33  9  18  10  57  11  97  12  13  13  4  14  56
  0  63  1  31  2  11  3  28  4  1  5  97  6  30  7  18  8  79  9  41  10  41  11  53  12  94  13  26  14  70
  0  59  1  3  2  39  3  25  4  56  5  33  6  55  7  33  8  85  9  74  10  12  11  79  12  61  13  78  14  20
  0  83  1  57  2  23  3  10  4  2  5  55  6  17  7  91  8  27  9  32  10  64  11  59  12  16  13  56  14  96
  0  93  1  81  2  13  3  40  4  26  5  14  6  90  7  4  8  71  9  30  10  94  11  74  12  44  13  66  14  68
  0  68  1  18  2  49  3  32  4  77  5  88  6  24  7  78  8  1  9  54  10  22  11  95  12  66  13  18  14  94
  0  75  1  58  2  75  3  37  4  52  5  28  6  59  7  3  8  82  9  44  10  35  11  58  12  38  13  7  14  64
  0  34  1  97  2  40  3  6  4  84  5  43  6  27  7  6  8  51  9  4  10  64  11  84  12  88  13  2  14  41
  0  45  1  5  2  90  3  68  4  52  5  33  6  91  7  20  8  45  9  14  10  75  11  57  12  99  13  75  14  34
  0  58  1  45  2  34  3  40  4  48  5  99  6  47  7  5  8  29  9  87  10  3  11  61  12  52  13  42  14  16
  0  46  1  57  2  10  3  71  4  57  5  99  6  21  7  34  8  95  9  27  10  79  11  13  12  40  13  80  14  83
  0  58  1  5  2  23  3  97  4  13  5  67  6  31  7  25  8  61  9  82  10  99  11  49  12  42  13  9  14  42
  0  51  1  18  2  27  3  87  4  17  5  14  6  10  7  5  8  91  9  75  10  79  11  20  12  47  13  11  14  71
  0  80  1  68  2  3  3  73  4  4  5  73  6  12  7  27  8  9  9  23  10  23  11  93  12  12  13  93  14  79
  0  32  1  44  2  1  3  26  4  42  5  13  6  12  7  45  8  59  9  23  10  86  11  64  12  13  13  25  14  22
  0  66  1  92  2  61  3  99  4  27  5  64  6  12  7  61  8  69  9  40  10  86  11  52  12  97  13  7  14  97
  0  17  1  69  2  42  3  2  4  45  5  91  6  92  7  24  8  79  9  76  10  89  11  72  12  43  13  76  14  14
  0  28  1  66  2  81  3  53  4  55  5  88  6  69  7  3  8  65  9  92  10  17  11  8  12  50  13  79  14  24
  0  42  1  45  2  99  3  11  4  75  5  90  6  1  7  89  8  80  9  16  10  43  11  13  12  66  13  57  14  16
  0  58  1  55  2  72  3  33  4  3  5  29  6  31  7  9  8  86  9  18  10  89  11  33  12  82  13  6  14  68
  0  90  1  7  2  71  3  1  4  14  5  51  6  97  7  19  8  48  9  13  10  9  11  96  12  65  13  54  14  28
  0  63  1  67  2  28  3  58  4  57  5  63  6  24  7  23  8  88  9  98  10  58  11  39  12  19  13  90  14  89
  0  88  1  93  2  82  3  25  4  19  5  70  6  20  7  79  8  98  9  29  10  33  11  73  12  82  13  76  14  48
  0  96  1  90  2  57  3  80  4  71  5  96  6  42  7  86  8  83  9  63  10  60  11  60  12  82  13  95  14  95
  0  12  1  56  2  83  3  61  4  67  5  25  6  59  7  15  8  68  9  32  10  95  11  94  12  65  13  7  14  9
  0  77  1  32  2  31  3  48  4  92  5  47  6  47  7  97  8  43  9  22  10  64  11  7  12  12  13  59  14  78
  0  21  1  68  2  80  3  95  4  97  5  88  6  71  7  24  8  19  9  56  10  97  11  89  12  34  13  24  14  17
  0  65  1  94  2  28  3  96  4  44  5  68  6  3  7  77  8  83  9  38  10  34  11  79  12  96  13  35  14  43
  0  26  1  85  2  49  3  95  4  23  5  18  6  13  7  75  8  35  9  12  10  75  11  71  12  35  13  80  14  82
  0  55  1  27  2  25  3  51  4  63  5  60  6  17  7  97  8  4  9  91  10  77  11  46  12  48  13  54  14  54
  0  57  1  84  2  56  3  62  4  15  5  41  6  2  7  26  8  89  9  7  10  12  11  46  12  58  13  96  14  97
  0  74  1  39  2  62  3  94  4  80  5  89  6  28  7  82  8  27  9  58  10  96  11  26  12  98  13  4  14  73
  0  34  1  56  2  8  3  99  4  8  5  90  6  56  7  79  8  19  9  21  10  63  11  47  12  70  13  55  14  50
  0  26  1  91  2  90  3  28  4  51  5  87  6  46  7  22  8  75  9  58  10  46  11  50  12  62  13  32  14  86
  0  41  1  59  2  94  3  67  4  49  5  87  6  2  7  68  8  12  9  90  10  17  11  96  12  45  13  46  14  93
  0  38  1  83  2  10  3  12  4  90  5  97  6  60  7  34  8  58  9  63  10  62  11  25  12  42  13  48  14  68
  0  73  1  49  2  43  3  10  4  98  5  97  6  70  7  75  8  27  9  18  10  21  11  62  12  74  13  44  14  25
  0  36  1  76  2  65  3  41  4  58  5  42  6  81  7  26  8  59  9  29  10  71  11  30  12  59  13  57  14  78
  0  5  1  61  2  29  3  65  4  44  5  88  6  2  7  4  8  85  9  28  10  33  11  79  12  27  13  92  14  13
  0  49  1  68  2  30  3  31  4  75  5  60  6  38  7  56  8  18  9  17  10  54  11  28  12  62  13  38  14  39
  0  69  1  12  2  48  3  72  4  91  5  87  6  32  7  17  8  46  9  86  10  36  11  40  12  35  13  14  14  71
  0  84  1  89  2  91  3  17  4  27  5  79  6  78  7  29  8  74  9  17  10  97  11  98  12  80  13  55  14  27
  0  9  1  86  2  15  3  97  4  83  5  16  6  66  7  33  8  44  9  72  10  63  11  90  12  91  13  39  14  12
  0  4  1  1  2  50  3  4  4  48  5  88  6  7  7  63  8  56  9  84  10  50  11  73  12  65  13  29  14  9
TPM
  0  2546  1  2546  2  2546  3  2546  4  2546  5  2546  6  2546  7  2546  8  2546  9  2546  10  2546  11  2546  12  2546  13  2546  14  2546
PMT
  0  23  1  20  2  15  3  23  4  21  5  21  6  23  7  21  8  18  9  23  10  17  11  23  12  18  13  2  14  11
  0  21  1  2  2  12  3  15  4  3  5  22  6  22  7  20  8  8  9  8  10  14  11  5  12  2  13  17  14  2
  0  22  1  10  2  24  3  16  4  5  5  14  6  3  7  4  8  9  9  17  10  13  11  8  12  13  13  18  14  21
  0  19  1  5  2  19  3  6  4  18  5  24  6  23  7  7  8  21  9  15  10  12  11  14  12  1  13  18  14  10
  0  7  1  15  2  22  3  3  4  19  5  8  6  1  7  20  8  16  9  8  10  12  11  5  12  11  13  19  14  20
  0  16  1  1  2  19  3  15  4  9  5  9  6  5  7  16  8  8  9  8  10  23  11  20  12  21  13  4  14  21
  0  11  1  3  2  18  3  2  4  17  5  22  6  3  7  15  8  10  9  21  10  14  11  16  12  9  13  21  14  4
  0  7  1  2  2  20  3  2  4  9  5  11  6  7  7  20  8  12  9  3  10  17  11  12  12  19  13  16  14  13
  0  24  1  16  2  18  3  7  4  3  5  16  6  22  7  19  8  11  9  13  10  15  11  22  12  8  13  12  14  22
  0  23  1  11  2  15  3  5  4  21  5  20  6  8  7  18  8  9  9  13  10  11  11  22  12  15  13  20  14  20
  0  3  1  12  2  6  3  19  4  15  5  15  6  10  7  3  8  9  9  2  10  19  11  6  12  22  13  6  14  19
  0  2  1  20  2  15  3  6  4  4  5  16  6  1  7  22  8  18  9  17  10  22  11  5  12  3  13  13  14  16
  0  14  1  16  2  1  3  11  4  2  5  5  6  12  7  12  8  11  9  15  10  7  11  11  12  20  13  2  14  14
  0  6  1  7  2  14  3  10  4  17  5  13  6  1  7  13  8  5  9  20  10  8  11  23  12  13  13  2  14  18
  0  15  1  11  2  11  3  15  4  22  5  2  6  22  7  16  8  11  9  18  10  23  11  17  12  2  13  22  14  24
  0  17  1  23  2  10  3  10  4  6  5  23  6  2  7  13  8  3  9  6  10  19  11  3  12  3  13  6  14  2
  0  1  1  17  2  16  3  18  4  14  5  3  6  2  7  18  8  5  9  15  10  24  11  20  12  15  13  12  14  10
  0  19  1  5  2  21  3  10  4  5  5  5  6  3  7  7  8  6  9  14  10  21  11  21  12  18  13  2  14  16
  0  16  1  20  2  16  3  17  4  8  5  9  6  11  7  12  8  15  9  17  10  15  11  4  12  3  13  18  14  22
  0  11  1  6  2  17  3  2  4  14  5  5  6  8  7  4  8  7  9  6  10  16  11  3  12  14  13  22  14  17
