200  10
  0  84  1  27  2  53  3  89  4  89  5  82  6  61  7  87  8  22  9  75
  0  27  1  72  2  70  3  92  4  68  5  17  6  4  7  40  8  18  9  27
  0  35  1  61  2  56  3  44  4  45  5  59  6  26  7  64  8  29  9  90
  0  42  1  46  2  11  3  74  4  40  5  62  6  60  7  33  8  4  9  21
  0  1  1  56  2  86  3  78  4  84  5  48  6  6  7  93  8  90  9  19
  0  76  1  8  2  51  3  16  4  22  5  60  6  33  7  6  8  62  9  55
  0  8  1  53  2  77  3  53  4  9  5  67  6  99  7  50  8  50  9  96
  0  79  1  52  2  41  3  10  4  18  5  89  6  45  7  74  8  73  9  6
  0  57  1  34  2  90  3  12  4  93  5  53  6  88  7  7  8  19  9  51
  0  22  1  2  2  62  3  75  4  2  5  83  6  94  7  76  8  30  9  26
  0  61  1  68  2  99  3  25  4  1  5  13  6  43  7  4  8  88  9  40
  0  52  1  42  2  91  3  7  4  95  5  3  6  19  7  53  8  92  9  59
  0  6  1  94  2  41  3  69  4  61  5  85  6  96  7  29  8  74  9  19
  0  54  1  95  2  60  3  63  4  75  5  91  6  78  7  37  8  61  9  4
  0  66  1  84  2  75  3  51  4  68  5  2  6  55  7  76  8  51  9  17
  0  73  1  96  2  35  3  33  4  31  5  10  6  86  7  81  8  95  9  43
  0  42  1  59  2  23  3  97  4  75  5  16  6  24  7  12  8  9  9  51
  0  49  1  56  2  41  3  16  4  24  5  37  6  52  7  29  8  56  9  65
  0  75  1  64  2  70  3  8  4  88  5  54  6  81  7  52  8  35  9  35
  0  81  1  33  2  83  3  3  4  13  5  4  6  1  7  83  8  59  9  53
  0  67  1  17  2  57  3  9  4  93  5  15  6  35  7  64  8  96  9  43
  0  14  1  30  2  44  3  36  4  27  5  88  6  83  7  45  8  57  9  12
  0  16  1  82  2  92  3  68  4  70  5  4  6  27  7  17  8  93  9  40
  0  99  1  91  2  67  3  93  4  15  5  91  6  14  7  31  8  94  9  53
  0  45  1  46  2  69  3  66  4  70  5  92  6  84  7  45  8  80  9  86
  0  2  1  87  2  55  3  37  4  14  5  71  6  66  7  61  8  95  9  74
  0  75  1  83  2  63  3  9  4  63  5  35  6  28  7  19  8  10  9  83
  0  41  1  83  2  28  3  83  4  92  5  3  6  34  7  18  8  88  9  87
  0  77  1  55  2  32  3  57  4  91  5  77  6  85  7  27  8  21  9  18
  0  74  1  46  2  34  3  31  4  72  5  97  6  47  7  89  8  76  9  88
  0  3  1  64  2  64  3  90  4  67  5  48  6  76  7  1  8  76  9  11
  0  85  1  37  2  10  3  22  4  43  5  85  6  76  7  54  8  98  9  75
  0  75  1  63  2  46  3  35  4  17  5  17  6  48  7  55  8  50  9  1
  0  21  1  77  2  25  3  33  4  6  5  69  6  72  7  74  8  42  9  54
  0  7  1  95  2  24  3  20  4  54  5  53  6  8  7  18  8  77  9  88
  0  94  1  14  2  59  3  32  4  22  5  74  6  40  7  1  8  15  9  88
  0  43  1  9  2  95  3  50  4  27  5  22  6  58  7  72  8  43  9  46
  0  39  1  88  2  94  3  14  4  53  5  72  6  25  7  12  8  73  9  82
  0  74  1  71  2  67  3  98  4  90  5  4  6  37  7  35  8  79  9  60
  0  97  1  12  2  34  3  48  4  12  5  51  6  71  7  31  8  66  9  9
  0  65  1  89  2  41  3  64  4  75  5  28  6  25  7  39  8  76  9  55
  0  64  1  91  2  62  3  65  4  62  5  45  6  76  7  3  8  54  9  16
  0  78  1  91  2  24  3  48  4  73  5  49  6  57  7  8  8  34  9  33
  0  26  1  48  2  18  3  78  4  48  5  74  6  48  7  22  8  90  9  68
  0  3  1  36  2  83  3  39  4  51  5  2  6  76  7  25  8  15  9  1
  0  62  1  51  2  44  3  14  4  21  5  27  6  47  7  37  8  96  9  31
  0  7  1  69  2  84  3  16  4  66  5  30  6  89  7  43  8  75  9  98
  0  6  1  22  2  34  3  3  4  8  5  2  6  63  7  82  8  58  9  66
  0  89  1  13  2  76  3  7  4  44  5  65  6  21  7  86  8  82  9  33
  0  72  1  14  2  94  3  53  4  42  5  93  6  65  7  8  8  17  9  28
  0  85  1  81  2  25  3  64  4  43  5  97  6  91  7  40  8  35  9  79
  0  8  1  57  2  77  3  99  4  41  5  84  6  15  7  6  8  53  9  71
  0  45  1  52  2  1  3  33  4  17  5  65  6  48  7  25  8  60  9  21
  0  14  1  20  2  69  3  15  4  7  5  71  6  39  7  60  8  66  9  95
  0  18  1  37  2  75  3  44  4  40  5  67  6  24  7  14  8  53  9  14
  0  52  1  36  2  41  3  8  4  76  5  48  6  5  7  61  8  7  9  8
  0  82  1  22  2  84  3  44  4  81  5  62  6  10  7  25  8  72  9  25
  0  39  1  95  2  76  3  67  4  65  5  28  6  32  7  68  8  21  9  61
  0  23  1  87  2  52  3  42  4  12  5  4  6  70  7  1  8  8  9  63
  0  70  1  99  2  57  3  12  4  65  5  54  6  43  7  9  8  94  9  15
  0  31  1  20  2  94  3  47  4  91  5  54  6  32  7  71  8  94  9  98
  0  53  1  24  2  50  3  49  4  90  5  57  6  42  7  45  8  31  9  15
  0  85  1  63  2  45  3  16  4  92  5  34  6  15  7  42  8  36  9  60
  0  23  1  40  2  41  3  70  4  93  5  42  6  55  7  50  8  82  9  92
  0  57  1  2  2  70  3  32  4  24  5  37  6  4  7  59  8  52  9  26
  0  81  1  99  2  15  3  28  4  87  5  27  6  91  7  79  8  21  9  28
  0  9  1  40  2  59  3  6  4  70  5  96  6  72  7  54  8  74  9  81
  0  73  1  68  2  43  3  63  4  46  5  50  6  1  7  12  8  32  9  32
  0  6  1  42  2  22  3  43  4  83  5  89  6  7  7  65  8  43  9  82
  0  96  1  67  2  72  3  95  4  68  5  25  6  25  7  14  8  47  9  40
  0  71  1  41  2  14  3  32  4  58  5  18  6  84  7  73  8  97  9  54
  0  16  1  69  2  1  3  79  4  30  5  21  6  95  7  53  8  63  9  19
  0  26  1  24  2  82  3  48  4  2  5  91  6  16  7  21  8  48  9  33
  0  6  1  39  2  81  3  93  4  66  5  76  6  3  7  43  8  13  9  32
  0  98  1  66  2  98  3  71  4  76  5  21  6  59  7  87  8  68  9  94
  0  67  1  32  2  7  3  29  4  44  5  90  6  39  7  15  8  72  9  21
  0  25  1  58  2  16  3  74  4  53  5  74  6  41  7  52  8  62  9  61
  0  84  1  86  2  50  3  68  4  24  5  45  6  12  7  47  8  40  9  82
  0  33  1  57  2  83  3  11  4  42  5  69  6  75  7  47  8  85  9  71
  0  6  1  63  2  76  3  93  4  22  5  50  6  51  7  88  8  5  9  65
  0  14  1  43  2  83  3  33  4  63  5  2  6  37  7  8  8  23  9  30
  0  78  1  28  2  36  3  57  4  26  5  16  6  79  7  61  8  95  9  5
  0  11  1  87  2  88  3  91  4  65  5  33  6  43  7  55  8  52  9  12
  0  71  1  82  2  23  3  2  4  16  5  97  6  12  7  29  8  85  9  81
  0  68  1  39  2  59  3  26  4  37  5  81  6  61  7  67  8  53  9  66
  0  52  1  82  2  46  3  12  4  94  5  60  6  92  7  69  8  76  9  60
  0  49  1  90  2  8  3  27  4  44  5  96  6  17  7  41  8  35  9  32
  0  19  1  99  2  41  3  40  4  42  5  66  6  10  7  84  8  8  9  41
  0  85  1  92  2  16  3  31  4  86  5  11  6  96  7  29  8  98  9  89
  0  95  1  18  2  47  3  41  4  34  5  79  6  21  7  32  8  47  9  57
  0  37  1  14  2  87  3  1  4  77  5  91  6  63  7  18  8  41  9  93
  0  34  1  73  2  91  3  90  4  88  5  36  6  94  7  71  8  71  9  65
  0  61  1  76  2  50  3  66  4  65  5  48  6  20  7  80  8  84  9  59
  0  95  1  70  2  83  3  96  4  42  5  32  6  49  7  48  8  35  9  34
  0  33  1  5  2  62  3  56  4  72  5  60  6  93  7  14  8  91  9  3
  0  96  1  46  2  98  3  7  4  65  5  24  6  38  7  71  8  86  9  25
  0  58  1  72  2  75  3  41  4  7  5  25  6  36  7  49  8  70  9  62
  0  48  1  49  2  2  3  85  4  64  5  42  6  19  7  43  8  86  9  16
  0  67  1  34  2  53  3  55  4  69  5  55  6  45  7  93  8  14  9  36
  0  9  1  68  2  51  3  13  4  27  5  60  6  2  7  60  8  27  9  14
  0  92  1  78  2  68  3  83  4  77  5  73  6  65  7  37  8  12  9  28
  0  43  1  23  2  73  3  12  4  20  5  84  6  68  7  89  8  69  9  58
  0  54  1  39  2  10  3  23  4  64  5  65  6  19  7  51  8  27  9  88
  0  68  1  97  2  5  3  37  4  38  5  37  6  5  7  76  8  39  9  10
  0  20  1  48  2  71  3  53  4  27  5  7  6  79  7  33  8  31  9  73
  0  93  1  87  2  35  3  51  4  67  5  59  6  85  7  63  8  45  9  72
  0  6  1  13  2  21  3  78  4  39  5  75  6  77  7  95  8  40  9  71
  0  16  1  82  2  2  3  82  4  3  5  53  6  7  7  7  8  17  9  8
  0  32  1  65  2  50  3  32  4  47  5  8  6  10  7  6  8  92  9  81
  0  25  1  13  2  27  3  57  4  42  5  43  6  63  7  25  8  81  9  24
  0  57  1  7  2  71  3  39  4  5  5  56  6  96  7  6  8  59  9  23
  0  17  1  26  2  83  3  20  4  48  5  23  6  93  7  18  8  16  9  47
  0  53  1  43  2  6  3  96  4  40  5  67  6  95  7  85  8  84  9  13
  0  24  1  73  2  41  3  3  4  39  5  18  6  65  7  38  8  37  9  25
  0  91  1  83  2  66  3  8  4  40  5  86  6  74  7  78  8  93  9  60
  0  17  1  28  2  23  3  14  4  62  5  78  6  62  7  8  8  42  9  7
  0  51  1  61  2  52  3  75  4  92  5  46  6  98  7  17  8  8  9  42
  0  37  1  57  2  76  3  41  4  54  5  86  6  91  7  12  8  89  9  97
  0  78  1  85  2  96  3  49  4  46  5  8  6  93  7  46  8  72  9  64
  0  47  1  17  2  48  3  87  4  92  5  46  6  27  7  96  8  84  9  90
  0  48  1  31  2  35  3  82  4  50  5  63  6  71  7  99  8  68  9  34
  0  33  1  60  2  95  3  11  4  88  5  71  6  57  7  82  8  27  9  22
  0  14  1  42  2  77  3  35  4  2  5  5  6  47  7  83  8  70  9  85
  0  82  1  54  2  90  3  8  4  94  5  13  6  15  7  43  8  9  9  93
  0  42  1  88  2  22  3  33  4  6  5  27  6  79  7  10  8  80  9  40
  0  15  1  59  2  94  3  67  4  98  5  83  6  74  7  22  8  94  9  68
  0  67  1  10  2  28  3  77  4  26  5  24  6  10  7  94  8  34  9  91
  0  60  1  22  2  19  3  9  4  46  5  62  6  81  7  93  8  6  9  40
  0  27  1  30  2  38  3  46  4  87  5  86  6  81  7  98  8  70  9  41
  0  90  1  65  2  73  3  42  4  11  5  89  6  36  7  76  8  96  9  6
  0  36  1  39  2  21  3  48  4  48  5  19  6  74  7  78  8  14  9  42
  0  57  1  95  2  97  3  46  4  4  5  1  6  26  7  66  8  96  9  19
  0  32  1  62  2  66  3  20  4  60  5  22  6  69  7  77  8  92  9  6
  0  1  1  58  2  15  3  38  4  86  5  41  6  16  7  40  8  52  9  94
  0  4  1  71  2  74  3  67  4  83  5  27  6  42  7  76  8  12  9  93
  0  16  1  94  2  41  3  79  4  31  5  62  6  11  7  59  8  95  9  84
  0  56  1  99  2  92  3  94  4  27  5  60  6  55  7  79  8  48  9  90
  0  3  1  7  2  68  3  53  4  49  5  2  6  64  7  57  8  16  9  58
  0  9  1  75  2  13  3  81  4  17  5  82  6  68  7  4  8  25  9  37
  0  33  1  14  2  74  3  89  4  71  5  91  6  92  7  99  8  27  9  47
  0  10  1  82  2  22  3  92  4  38  5  29  6  25  7  7  8  8  9  66
  0  10  1  64  2  44  3  39  4  62  5  45  6  19  7  55  8  41  9  41
  0  15  1  5  2  74  3  26  4  84  5  52  6  61  7  59  8  98  9  66
  0  3  1  38  2  6  3  22  4  84  5  15  6  58  7  11  8  97  9  45
  0  70  1  30  2  35  3  45  4  10  5  34  6  43  7  55  8  46  9  77
  0  86  1  50  2  9  3  85  4  68  5  37  6  16  7  12  8  12  9  40
  0  92  1  95  2  84  3  54  4  77  5  13  6  44  7  17  8  87  9  79
  0  15  1  40  2  2  3  67  4  34  5  85  6  63  7  26  8  32  9  94
  0  37  1  26  2  20  3  92  4  45  5  70  6  11  7  25  8  82  9  35
  0  2  1  9  2  88  3  39  4  78  5  4  6  9  7  52  8  27  9  27
  0  99  1  86  2  73  3  69  4  34  5  45  6  70  7  1  8  24  9  6
  0  10  1  49  2  66  3  71  4  31  5  13  6  81  7  22  8  51  9  22
  0  90  1  36  2  36  3  73  4  62  5  72  6  88  7  4  8  19  9  35
  0  38  1  54  2  79  3  56  4  24  5  72  6  94  7  74  8  36  9  40
  0  75  1  80  2  57  3  16  4  51  5  79  6  89  7  35  8  84  9  73
  0  90  1  20  2  35  3  73  4  43  5  75  6  57  7  87  8  24  9  78
  0  70  1  48  2  58  3  90  4  31  5  81  6  68  7  43  8  95  9  11
  0  52  1  87  2  67  3  81  4  59  5  97  6  46  7  11  8  39  9  70
  0  40  1  28  2  81  3  67  4  97  5  50  6  81  7  87  8  77  9  1
  0  91  1  60  2  60  3  77  4  45  5  13  6  66  7  24  8  59  9  35
  0  40  1  56  2  62  3  56  4  11  5  55  6  99  7  6  8  45  9  23
  0  99  1  10  2  42  3  57  4  27  5  72  6  51  7  17  8  35  9  16
  0  91  1  44  2  4  3  89  4  29  5  1  6  33  7  78  8  17  9  17
  0  2  1  59  2  21  3  57  4  39  5  94  6  83  7  73  8  64  9  58
  0  80  1  67  2  70  3  28  4  5  5  7  6  83  7  98  8  57  9  66
  0  13  1  1  2  35  3  75  4  71  5  14  6  52  7  93  8  32  9  29
  0  25  1  65  2  51  3  84  4  19  5  7  6  81  7  83  8  25  9  26
  0  42  1  83  2  24  3  91  4  24  5  82  6  51  7  88  8  57  9  69
  0  66  1  40  2  54  3  13  4  5  5  67  6  9  7  89  8  47  9  26
  0  31  1  88  2  48  3  43  4  17  5  36  6  3  7  42  8  15  9  36
  0  40  1  23  2  21  3  16  4  87  5  38  6  11  7  14  8  22  9  88
  0  7  1  64  2  18  3  23  4  20  5  57  6  61  7  18  8  31  9  80
  0  69  1  62  2  91  3  63  4  58  5  94  6  57  7  99  8  32  9  46
  0  89  1  98  2  98  3  95  4  93  5  97  6  21  7  45  8  59  9  46
  0  69  1  60  2  43  3  23  4  40  5  45  6  2  7  73  8  31  9  41
  0  55  1  56  2  14  3  64  4  56  5  44  6  39  7  34  8  82  9  17
  0  55  1  46  2  85  3  50  4  31  5  93  6  51  7  79  8  13  9  46
  0  72  1  83  2  62  3  29  4  28  5  39  6  52  7  82  8  16  9  29
  0  4  1  73  2  98  3  98  4  14  5  86  6  40  7  2  8  92  9  46
  0  57  1  87  2  10  3  17  4  7  5  3  6  36  7  90  8  88  9  19
  0  91  1  68  2  30  3  16  4  81  5  89  6  73  7  69  8  59  9  56
  0  6  1  30  2  34  3  71  4  82  5  92  6  42  7  81  8  39  9  92
  0  30  1  86  2  93  3  70  4  22  5  76  6  84  7  1  8  73  9  75
  0  2  1  82  2  25  3  38  4  89  5  15  6  23  7  8  8  45  9  24
  0  58  1  33  2  40  3  10  4  38  5  12  6  27  7  34  8  10  9  94
  0  21  1  54  2  79  3  81  4  57  5  79  6  7  7  88  8  77  9  22
  0  68  1  62  2  87  3  44  4  19  5  71  6  83  7  35  8  95  9  19
  0  59  1  71  2  33  3  25  4  16  5  39  6  98  7  92  8  56  9  26
  0  69  1  68  2  34  3  8  4  84  5  27  6  67  7  88  8  68  9  63
  0  70  1  75  2  10  3  81  4  45  5  84  6  19  7  85  8  24  9  13
  0  24  1  30  2  83  3  41  4  57  5  87  6  55  7  20  8  62  9  31
  0  94  1  78  2  10  3  40  4  99  5  56  6  98  7  87  8  89  9  30
  0  99  1  55  2  73  3  6  4  50  5  87  6  73  7  93  8  10  9  88
  0  94  1  69  2  44  3  16  4  38  5  16  6  95  7  24  8  9  9  84
  0  38  1  63  2  68  3  9  4  60  5  42  6  20  7  86  8  92  9  2
  0  47  1  90  2  84  3  65  4  25  5  88  6  8  7  52  8  76  9  68
  0  15  1  86  2  60  3  7  4  11  5  25  6  93  7  41  8  97  9  82
  0  52  1  3  2  1  3  49  4  4  5  45  6  87  7  2  8  69  9  67
  0  50  1  75  2  10  3  20  4  94  5  37  6  88  7  33  8  63  9  69
  0  56  1  14  2  95  3  79  4  60  5  11  6  87  7  73  8  73  9  16
TPM
  0  1786  1  1786  2  1786  3  1786  4  1786  5  1786  6  1786  7  1786  8  1786  9  1786
PMT
  0  2  1  14  2  21  3  18  4  22  5  16  6  8  7  5  8  1  9  11
  0  1  1  13  2  17  3  21  4  1  5  5  6  22  7  15  8  14  9  19
  0  15  1  13  2  5  3  11  4  14  5  16  6  3  7  13  8  14  9  12
  0  13  1  24  2  13  3  20  4  11  5  8  6  1  7  4  8  20  9  18
  0  11  1  20  2  12  3  18  4  15  5  20  6  24  7  14  8  5  9  19
  0  11  1  1  2  3  3  8  4  17  5  19  6  9  7  7  8  2  9  19
  0  2  1  2  2  13  3  2  4  13  5  11  6  19  7  9  8  3  9  3
  0  22  1  15  2  2  3  9  4  3  5  13  6  14  7  19  8  7  9  11
  0  6  1  15  2  23  3  3  4  21  5  17  6  5  7  11  8  3  9  16
  0  3  1  6  2  13  3  20  4  13  5  4  6  5  7  18  8  17  9  23
  0  10  1  23  2  21  3  8  4  2  5  3  6  18  7  22  8  21  9  16
  0  16  1  17  2  7  3  11  4  20  5  10  6  7  7  8  8  18  9  19
