20  5
  0  79  1  44  2  44  3  4  4  27
  0  32  1  28  2  93  3  65  4  37
  0  96  1  14  2  60  3  64  4  57
  0  27  1  54  2  13  3  95  4  18
  0  12  1  62  2  78  3  26  4  30
  0  95  1  95  2  64  3  77  4  78
  0  10  1  92  2  68  3  63  4  22
  0  74  1  65  2  7  3  93  4  85
  0  75  1  3  2  61  3  17  4  92
  0  73  1  35  2  99  3  91  4  78
  0  90  1  49  2  68  3  28  4  66
  0  5  1  95  2  6  3  40  4  7
  0  45  1  46  2  49  3  41  4  71
  0  24  1  74  2  50  3  71  4  34
  0  2  1  71  2  71  3  84  4  23
  0  73  1  2  2  37  3  62  4  87
  0  49  1  40  2  23  3  61  4  12
  0  65  1  83  2  75  3  85  4  39
  0  10  1  9  2  74  3  14  4  50
  0  34  1  82  2  34  3  28  4  90
TPM
  0  678  1  678  2  678  3  678  4  678
PMT
  0  49  1  142  2  66  3  78  4  70
  0  128  1  116  2  142  3  64  4  112
  0  33  1  61  2  86  3  119  4  141
