100  5
  0  83  1  66  2  69  3  10  4  69
  0  82  1  75  2  76  3  67  4  20
  0  91  1  89  2  19  3  13  4  9
  0  58  1  15  2  71  3  62  4  73
  0  84  1  45  2  34  3  86  4  41
  0  2  1  4  2  84  3  48  4  1
  0  90  1  53  2  68  3  83  4  81
  0  64  1  8  2  29  3  55  4  36
  0  56  1  28  2  39  3  56  4  7
  0  77  1  54  2  66  3  84  4  15
  0  43  1  27  2  28  3  27  4  84
  0  44  1  2  2  3  3  33  4  10
  0  34  1  26  2  45  3  77  4  13
  0  20  1  77  2  92  3  70  4  91
  0  68  1  47  2  46  3  36  4  36
  0  21  1  24  2  1  3  61  4  19
  0  54  1  17  2  29  3  47  4  34
  0  56  1  52  2  65  3  85  4  59
  0  8  1  3  2  66  3  43  4  42
  0  42  1  7  2  5  3  42  4  2
  0  38  1  52  2  69  3  73  4  81
  0  42  1  6  2  79  3  95  4  3
  0  67  1  85  2  7  3  80  4  65
  0  59  1  63  2  28  3  41  4  65
  0  7  1  15  2  86  3  52  4  30
  0  56  1  44  2  46  3  76  4  62
  0  36  1  84  2  2  3  66  4  64
  0  31  1  90  2  86  3  95  4  64
  0  15  1  24  2  9  3  44  4  63
  0  3  1  78  2  71  3  92  4  5
  0  9  1  16  2  63  3  60  4  58
  0  79  1  70  2  90  3  15  4  95
  0  87  1  12  2  96  3  14  4  70
  0  55  1  11  2  97  3  94  4  57
  0  80  1  39  2  34  3  24  4  27
  0  78  1  84  2  75  3  68  4  72
  0  10  1  21  2  64  3  48  4  45
  0  31  1  36  2  39  3  1  4  92
  0  19  1  4  2  48  3  70  4  38
  0  46  1  65  2  16  3  18  4  8
  0  4  1  88  2  63  3  97  4  72
  0  84  1  62  2  82  3  72  4  87
  0  11  1  37  2  19  3  81  4  67
  0  49  1  32  2  8  3  59  4  21
  0  96  1  28  2  23  3  92  4  1
  0  47  1  49  2  22  3  21  4  11
  0  48  1  52  2  14  3  57  4  71
  0  71  1  13  2  6  3  56  4  54
  0  64  1  21  2  61  3  21  4  37
  0  61  1  30  2  66  3  90  4  15
  0  94  1  43  2  96  3  81  4  96
  0  91  1  29  2  48  3  98  4  63
  0  87  1  77  2  12  3  83  4  13
  0  86  1  60  2  22  3  2  4  10
  0  54  1  4  2  38  3  55  4  49
  0  62  1  95  2  6  3  15  4  3
  0  78  1  25  2  35  3  59  4  6
  0  61  1  8  2  36  3  56  4  75
  0  29  1  75  2  28  3  19  4  74
  0  7  1  78  2  46  3  12  4  42
  0  51  1  37  2  1  3  46  4  13
  0  64  1  80  2  82  3  41  4  30
  0  37  1  21  2  40  3  53  4  2
  0  57  1  91  2  92  3  30  4  72
  0  45  1  24  2  61  3  46  4  21
  0  12  1  51  2  88  3  73  4  50
  0  32  1  61  2  34  3  51  4  44
  0  5  1  44  2  17  3  40  4  86
  0  32  1  19  2  63  3  39  4  12
  0  62  1  39  2  54  3  85  4  24
  0  35  1  53  2  95  3  87  4  91
  0  47  1  57  2  3  3  10  4  52
  0  55  1  57  2  57  3  39  4  91
  0  33  1  33  2  13  3  27  4  78
  0  87  1  62  2  43  3  30  4  12
  0  34  1  17  2  59  3  21  4  2
  0  83  1  23  2  97  3  38  4  47
  0  51  1  92  2  30  3  44  4  7
  0  68  1  79  2  64  3  72  4  48
  0  69  1  25  2  85  3  17  4  8
  0  95  1  7  2  58  3  78  4  62
  0  89  1  51  2  43  3  67  4  95
  0  46  1  84  2  47  3  75  4  94
  0  95  1  79  2  99  3  16  4  34
  0  98  1  11  2  97  3  9  4  35
  0  46  1  92  2  76  3  2  4  31
  0  49  1  38  2  24  3  59  4  67
  0  89  1  90  2  92  3  3  4  58
  0  66  1  70  2  41  3  22  4  98
  0  91  1  4  2  3  3  11  4  9
  0  85  1  75  2  57  3  71  4  18
  0  37  1  89  2  72  3  5  4  20
  0  53  1  15  2  81  3  58  4  25
  0  84  1  3  2  29  3  44  4  9
  0  40  1  29  2  6  3  26  4  58
  0  61  1  27  2  97  3  3  4  42
  0  97  1  53  2  6  3  59  4  66
  0  16  1  5  2  19  3  36  4  94
  0  25  1  91  2  74  3  97  4  71
  0  31  1  50  2  30  3  31  4  18
TPM
  0  1446  1  1446  2  1446  3  1446  4  1446
PMT
  0  26  1  36  2  43  3  32  4  32
  0  25  1  38  2  43  3  42  4  22
  0  37  1  4  2  19  3  49  4  28
  0  34  1  44  2  21  3  41  4  33
  0  38  1  47  2  11  3  8  4  13
  0  32  1  36  2  14  3  45  4  18
  0  47  1  27  2  30  3  47  4  9
