50  20
  0  33  1  79  2  25  3  96  4  65  5  62  6  30  7  20  8  6  9  99  10  92  11  9  12  21  13  4  14  36  15  30  16  24  17  28  18  64  19  76
  0  89  1  39  2  41  3  46  4  51  5  1  6  13  7  76  8  88  9  83  10  17  11  32  12  12  13  10  14  69  15  97  16  11  17  76  18  44  19  3
  0  30  1  16  2  74  3  84  4  69  5  9  6  42  7  68  8  34  9  34  10  37  11  20  12  94  13  30  14  2  15  3  16  4  17  10  18  93  19  36
  0  96  1  36  2  25  3  47  4  83  5  71  6  76  7  57  8  79  9  38  10  74  11  44  12  54  13  65  14  92  15  74  16  5  17  12  18  22  19  99
  0  49  1  73  2  99  3  49  4  26  5  33  6  12  7  80  8  37  9  7  10  97  11  51  12  65  13  87  14  25  15  41  16  58  17  90  18  18  19  27
  0  56  1  66  2  49  3  84  4  15  5  18  6  29  7  94  8  37  9  42  10  60  11  47  12  22  13  93  14  37  15  81  16  2  17  25  18  2  19  23
  0  9  1  58  2  98  3  78  4  8  5  1  6  78  7  16  8  81  9  89  10  44  11  37  12  42  13  49  14  53  15  21  16  38  17  87  18  98  19  91
  0  38  1  50  2  48  3  41  4  44  5  41  6  12  7  15  8  54  9  55  10  55  11  32  12  63  13  77  14  97  15  6  16  5  17  61  18  50  19  79
  0  38  1  86  2  80  3  4  4  51  5  48  6  18  7  8  8  36  9  35  10  38  11  44  12  45  13  6  14  74  15  20  16  47  17  56  18  62  19  31
  0  30  1  44  2  6  3  66  4  35  5  21  6  22  7  53  8  1  9  75  10  8  11  51  12  56  13  93  14  28  15  26  16  13  17  89  18  30  19  60
  0  15  1  66  2  13  3  66  4  59  5  1  6  32  7  31  8  98  9  73  10  5  11  94  12  90  13  80  14  40  15  44  16  47  17  92  18  24  19  76
  0  2  1  69  2  17  3  55  4  96  5  20  6  66  7  84  8  68  9  76  10  25  11  48  12  66  13  32  14  14  15  3  16  43  17  46  18  13  19  27
  0  8  1  25  2  31  3  53  4  9  5  24  6  96  7  40  8  12  9  41  10  82  11  61  12  79  13  89  14  47  15  25  16  65  17  68  18  51  19  42
  0  74  1  76  2  91  3  99  4  72  5  27  6  61  7  32  8  28  9  73  10  13  11  71  12  24  13  36  14  10  15  38  16  73  17  7  18  62  19  85
  0  29  1  60  2  6  3  28  4  71  5  2  6  69  7  3  8  3  9  38  10  13  11  46  12  2  13  31  14  69  15  4  16  3  17  94  18  97  19  64
  0  5  1  33  2  29  3  34  4  32  5  29  6  85  7  60  8  87  9  27  10  78  11  73  12  90  13  88  14  27  15  28  16  76  17  93  18  55  19  35
  0  91  1  24  2  61  3  26  4  35  5  51  6  50  7  3  8  18  9  21  10  94  11  45  12  32  13  99  14  58  15  92  16  58  17  20  18  80  19  16
  0  68  1  57  2  38  3  50  4  76  5  11  6  4  7  48  8  58  9  72  10  80  11  80  12  50  13  14  14  80  15  93  16  73  17  17  18  77  19  99
  0  68  1  37  2  51  3  50  4  30  5  63  6  99  7  31  8  68  9  21  10  92  11  85  12  45  13  38  14  83  15  23  16  53  17  56  18  24  19  6
  0  46  1  65  2  18  3  2  4  41  5  93  6  32  7  45  8  29  9  81  10  44  11  54  12  89  13  22  14  91  15  88  16  82  17  38  18  56  19  44
  0  66  1  40  2  96  3  28  4  64  5  81  6  12  7  55  8  78  9  1  10  99  11  52  12  31  13  21  14  47  15  72  16  59  17  43  18  54  19  57
  0  29  1  65  2  97  3  85  4  10  5  96  6  65  7  4  8  41  9  56  10  30  11  33  12  94  13  79  14  43  15  89  16  83  17  69  18  68  19  69
  0  1  1  64  2  69  3  70  4  68  5  6  6  44  7  71  8  45  9  37  10  62  11  90  12  15  13  60  14  35  15  68  16  45  17  30  18  51  19  69
  0  17  1  71  2  24  3  6  4  35  5  37  6  62  7  97  8  76  9  53  10  52  11  45  12  54  13  13  14  1  15  76  16  80  17  11  18  90  19  87
  0  74  1  48  2  46  3  89  4  40  5  30  6  7  7  36  8  1  9  36  10  53  11  94  12  88  13  58  14  45  15  79  16  10  17  8  18  56  19  60
  0  30  1  56  2  14  3  19  4  63  5  56  6  83  7  22  8  50  9  43  10  67  11  16  12  63  13  41  14  74  15  79  16  74  17  6  18  11  19  80
  0  70  1  72  2  2  3  20  4  96  5  9  6  2  7  78  8  78  9  78  10  8  11  70  12  45  13  71  14  53  15  86  16  42  17  52  18  39  19  86
  0  26  1  32  2  57  3  60  4  65  5  77  6  90  7  70  8  2  9  90  10  3  11  50  12  38  13  44  14  53  15  20  16  46  17  39  18  1  19  36
  0  40  1  35  2  73  3  5  4  37  5  61  6  25  7  1  8  94  9  1  10  12  11  87  12  20  13  27  14  47  15  32  16  74  17  14  18  17  19  54
  0  19  1  59  2  84  3  53  4  75  5  98  6  92  7  98  8  7  9  82  10  54  11  91  12  34  13  55  14  87  15  22  16  35  17  59  18  33  19  73
  0  11  1  50  2  74  3  70  4  10  5  98  6  21  7  49  8  25  9  2  10  50  11  5  12  36  13  53  14  12  15  53  16  44  17  32  18  31  19  96
  0  13  1  94  2  73  3  93  4  37  5  14  6  61  7  61  8  81  9  69  10  34  11  72  12  73  13  92  14  25  15  17  16  34  17  36  18  67  19  39
  0  87  1  89  2  63  3  79  4  79  5  88  6  91  7  73  8  95  9  83  10  3  11  85  12  61  13  51  14  73  15  96  16  65  17  81  18  80  19  48
  0  35  1  65  2  36  3  25  4  51  5  65  6  87  7  41  8  99  9  50  10  76  11  38  12  73  13  19  14  9  15  20  16  88  17  47  18  82  19  93
  0  67  1  38  2  73  3  71  4  14  5  47  6  67  7  66  8  75  9  23  10  12  11  88  12  65  13  92  14  97  15  14  16  3  17  51  18  16  19  87
  0  73  1  72  2  38  3  86  4  34  5  28  6  13  7  49  8  16  9  85  10  95  11  53  12  89  13  27  14  32  15  90  16  95  17  97  18  73  19  71
  0  60  1  99  2  92  3  72  4  59  5  64  6  30  7  82  8  78  9  77  10  87  11  37  12  88  13  51  14  46  15  35  16  56  17  51  18  79  19  72
  0  30  1  28  2  91  3  47  4  80  5  26  6  95  7  14  8  96  9  39  10  10  11  93  12  55  13  66  14  42  15  72  16  17  17  66  18  95  19  31
  0  13  1  19  2  8  3  1  4  42  5  61  6  93  7  43  8  69  9  15  10  87  11  78  12  11  13  69  14  83  15  29  16  44  17  55  18  8  19  44
  0  70  1  30  2  95  3  20  4  33  5  74  6  52  7  44  8  50  9  53  10  10  11  16  12  34  13  93  14  7  15  23  16  94  17  91  18  76  19  75
  0  42  1  45  2  95  3  40  4  56  5  75  6  37  7  12  8  79  9  81  10  37  11  18  12  36  13  44  14  53  15  43  16  4  17  71  18  94  19  24
  0  86  1  52  2  36  3  54  4  57  5  66  6  43  7  81  8  71  9  55  10  91  11  6  12  78  13  60  14  37  15  10  16  74  17  81  18  68  19  64
  0  69  1  18  2  80  3  4  4  74  5  80  6  5  7  67  8  20  9  97  10  15  11  34  12  69  13  57  14  91  15  18  16  85  17  46  18  3  19  86
  0  60  1  84  2  39  3  17  4  25  5  73  6  20  7  27  8  88  9  93  10  45  11  14  12  88  13  20  14  60  15  4  16  31  17  56  18  76  19  3
  0  71  1  92  2  36  3  78  4  53  5  37  6  47  7  40  8  14  9  87  10  94  11  80  12  16  13  31  14  19  15  96  16  65  17  96  18  33  19  10
  0  38  1  88  2  87  3  45  4  98  5  90  6  27  7  53  8  17  9  9  10  92  11  67  12  85  13  85  14  59  15  42  16  9  17  25  18  22  19  8
  0  24  1  89  2  57  3  41  4  54  5  69  6  32  7  44  8  24  9  34  10  38  11  62  12  73  13  14  14  66  15  2  16  54  17  77  18  56  19  17
  0  7  1  96  2  81  3  88  4  32  5  7  6  59  7  95  8  19  9  31  10  87  11  68  12  86  13  99  14  55  15  75  16  57  17  91  18  83  19  62
  0  63  1  85  2  75  3  70  4  61  5  84  6  3  7  83  8  93  9  74  10  49  11  97  12  37  13  96  14  73  15  98  16  18  17  78  18  90  19  89
  0  82  1  30  2  68  3  27  4  64  5  8  6  79  7  26  8  68  9  12  10  76  11  65  12  85  13  47  14  60  15  1  16  80  17  89  18  73  19  49
TPM
  0  1039  1  1039  2  1039  3  1039  4  1039  5  1039  6  1039  7  1039  8  1039  9  1039  10  1039  11  1039  12  1039  13  1039  14  1039  15  1039  16  1039  17  1039  18  1039  19  1039
PMT
  0  49  1  18  2  36  3  27  4  11  5  10  6  97  7  40  8  88  9  19  10  81  11  61  12  11  13  71  14  38  15  45  16  6  17  49  18  47  19  66
  0  99  1  62  2  19  3  73  4  30  5  11  6  86  7  7  8  27  9  86  10  3  11  17  12  39  13  92  14  73  15  71  16  94  17  54  18  88  19  62
  0  30  1  42  2  38  3  26  4  30  5  71  6  24  7  44  8  49  9  6  10  2  11  4  12  22  13  99  14  19  15  15  16  76  17  61  18  23  19  22
  0  8  1  3  2  67  3  58  4  71  5  28  6  42  7  29  8  18  9  67  10  78  11  23  12  66  13  57  14  43  15  85  16  80  17  18  18  4  19  2
  0  23  1  4  2  15  3  79  4  73  5  96  6  85  7  27  8  45  9  81  10  15  11  62  12  44  13  36  14  97  15  6  16  44  17  97  18  50  19  30
