20  15
  0  44  1  15  2  77  3  73  4  49  5  85  6  2  7  97  8  56  9  60  10  35  11  61  12  50  13  97  14  74
  0  40  1  52  2  30  3  99  4  43  5  18  6  15  7  43  8  14  9  56  10  3  11  17  12  54  13  41  14  72
  0  61  1  12  2  34  3  87  4  57  5  30  6  22  7  4  8  14  9  52  10  67  11  16  12  42  13  50  14  92
  0  25  1  55  2  93  3  66  4  77  5  59  6  89  7  64  8  80  9  39  10  67  11  7  12  24  13  45  14  74
  0  9  1  44  2  25  3  13  4  97  5  19  6  68  7  42  8  67  9  76  10  63  11  13  12  90  13  53  14  72
  0  14  1  97  2  41  3  70  4  46  5  7  6  8  7  20  8  64  9  44  10  72  11  71  12  36  13  5  14  78
  0  2  1  10  2  44  3  1  4  38  5  11  6  77  7  56  8  38  9  86  10  65  11  38  12  3  13  71  14  75
  0  62  1  58  2  53  3  72  4  16  5  44  6  59  7  67  8  40  9  58  10  84  11  27  12  79  13  74  14  36
  0  32  1  2  2  40  3  77  4  20  5  40  6  87  7  70  8  73  9  37  10  41  11  69  12  25  13  82  14  1
  0  22  1  80  2  71  3  30  4  51  5  4  6  28  7  73  8  46  9  4  10  79  11  95  12  91  13  17  14  56
  0  7  1  89  2  73  3  65  4  15  5  72  6  90  7  77  8  28  9  4  10  44  11  88  12  95  13  22  14  93
  0  73  1  51  2  61  3  72  4  46  5  9  6  62  7  63  8  75  9  22  10  71  11  27  12  23  13  98  14  56
  0  49  1  20  2  44  3  16  4  24  5  82  6  69  7  62  8  94  9  40  10  85  11  78  12  3  13  24  14  65
  0  2  1  48  2  33  3  65  4  84  5  25  6  95  7  16  8  22  9  8  10  67  11  27  12  52  13  7  14  55
  0  78  1  74  2  92  3  52  4  83  5  40  6  88  7  3  8  48  9  95  10  52  11  69  12  54  13  11  14  25
  0  50  1  60  2  93  3  97  4  53  5  75  6  92  7  18  8  62  9  65  10  39  11  71  12  26  13  93  14  55
  0  69  1  50  2  91  3  70  4  50  5  99  6  43  7  85  8  74  9  16  10  86  11  95  12  68  13  21  14  3
  0  68  1  41  2  58  3  34  4  8  5  85  6  84  7  34  8  84  9  43  10  33  11  66  12  99  13  76  14  90
  0  97  1  2  2  2  3  71  4  42  5  91  6  55  7  72  8  59  9  77  10  3  11  52  12  17  13  62  14  29
  0  65  1  66  2  73  3  41  4  32  5  88  6  83  7  89  8  45  9  14  10  63  11  96  12  30  13  25  14  67
TPM
  0  678  1  678  2  678  3  678  4  678  5  678  6  678  7  678  8  678  9  678  10  678  11  678  12  678  13  678  14  678
PMT
  0  38  1  20  2  131  3  91  4  68  5  104  6  115  7  23  8  111  9  66  10  137  11  69  12  147  13  117  14  103
  0  105  1  4  2  127  3  78  4  144  5  104  6  64  7  101  8  125  9  24  10  23  11  12  12  47  13  124  14  23
  0  61  1  123  2  5  3  88  4  118  5  85  6  3  7  129  8  133  9  65  10  14  11  79  12  26  13  28  14  142
