20  20
  0  85  1  69  2  67  3  42  4  66  5  45  6  39  7  84  8  36  9  56  10  14  11  20  12  9  13  3  14  18  15  13  16  2  17  47  18  26  19  92
  0  56  1  42  2  39  3  67  4  49  5  20  6  85  7  34  8  78  9  17  10  65  11  39  12  18  13  74  14  32  15  83  16  75  17  53  18  74  19  73
  0  12  1  45  2  47  3  67  4  97  5  67  6  59  7  65  8  9  9  76  10  20  11  35  12  3  13  43  14  7  15  78  16  11  17  56  18  93  19  91
  0  45  1  68  2  64  3  51  4  16  5  93  6  96  7  43  8  87  9  16  10  84  11  22  12  31  13  68  14  51  15  47  16  54  17  96  18  49  19  59
  0  9  1  24  2  64  3  69  4  11  5  56  6  73  7  92  8  22  9  24  10  1  11  41  12  76  13  33  14  98  15  54  16  60  17  66  18  36  19  36
  0  63  1  75  2  61  3  28  4  68  5  43  6  93  7  37  8  54  9  6  10  40  11  96  12  10  13  68  14  57  15  23  16  7  17  53  18  90  19  7
  0  60  1  59  2  72  3  51  4  88  5  33  6  57  7  31  8  38  9  67  10  22  11  54  12  46  13  85  14  66  15  41  16  59  17  73  18  87  19  42
  0  6  1  70  2  8  3  84  4  30  5  34  6  91  7  1  8  99  9  22  10  81  11  71  12  65  13  87  14  19  15  12  16  30  17  52  18  47  19  61
  0  45  1  14  2  18  3  65  4  63  5  16  6  33  7  61  8  92  9  54  10  91  11  91  12  50  13  33  14  44  15  31  16  91  17  78  18  57  19  83
  0  83  1  63  2  40  3  88  4  32  5  21  6  96  7  42  8  84  9  38  10  98  11  28  12  86  13  60  14  88  15  14  16  23  17  49  18  63  19  41
  0  20  1  68  2  10  3  43  4  59  5  98  6  64  7  43  8  29  9  3  10  36  11  30  12  32  13  91  14  27  15  11  16  12  17  62  18  9  19  88
  0  67  1  3  2  62  3  18  4  71  5  1  6  87  7  20  8  17  9  83  10  32  11  84  12  47  13  89  14  91  15  80  16  41  17  36  18  3  19  34
  0  81  1  44  2  10  3  73  4  6  5  38  6  77  7  43  8  17  9  5  10  99  11  23  12  24  13  24  14  6  15  15  16  19  17  66  18  69  19  80
  0  21  1  30  2  80  3  48  4  38  5  77  6  32  7  15  8  34  9  79  10  15  11  14  12  97  13  81  14  51  15  24  16  45  17  43  18  94  19  41
  0  16  1  29  2  64  3  44  4  37  5  42  6  20  7  9  8  57  9  31  10  79  11  71  12  91  13  13  14  25  15  37  16  17  17  82  18  69  19  82
  0  11  1  26  2  75  3  96  4  33  5  30  6  32  7  69  8  73  9  66  10  52  11  14  12  35  13  5  14  38  15  76  16  19  17  61  18  16  19  87
  0  21  1  6  2  62  3  41  4  69  5  71  6  48  7  11  8  63  9  46  10  90  11  46  12  75  13  37  14  79  15  98  16  50  17  45  18  16  19  74
  0  97  1  77  2  95  3  20  4  58  5  90  6  5  7  72  8  17  9  49  10  24  11  44  12  51  13  39  14  53  15  19  16  78  17  60  18  6  19  80
  0  15  1  94  2  26  3  96  4  66  5  39  6  44  7  35  8  22  9  23  10  64  11  78  12  8  13  63  14  38  15  70  16  29  17  35  18  91  19  10
  0  9  1  40  2  94  3  69  4  99  5  22  6  87  7  7  8  23  9  46  10  21  11  6  12  69  13  47  14  50  15  50  16  53  17  22  18  5  19  25
TPM
  0  530  1  530  2  530  3  530  4  530  5  530  6  530  7  530  8  530  9  530  10  530  11  530  12  530  13  530  14  530  15  530  16  530  17  530  18  530  19  530
PMT
  0  41  1  143  2  49  3  147  4  113  5  35  6  99  7  41  8  68  9  113  10  110  11  141  12  10  13  46  14  148  15  86  16  36  17  121  18  140  19  128
  0  140  1  16  2  135  3  1  4  117  5  16  6  126  7  76  8  59  9  57  10  26  11  132  12  79  13  55  14  109  15  43  16  85  17  105  18  51  19  8
  0  100  1  57  2  103  3  84  4  83  5  121  6  45  7  7  8  135  9  127  10  142  11  19  12  91  13  74  14  118  15  46  16  83  17  119  18  144  19  101
  0  92  1  10  2  89  3  70  4  140  5  86  6  46  7  58  8  133  9  47  10  101  11  104  12  12  13  57  14  61  15  82  16  50  17  24  18  148  19  12
