50  10
  0  43  1  82  2  30  3  87  4  69  5  75  6  53  7  27  8  80  9  59
  0  87  1  24  2  88  3  70  4  79  5  22  6  64  7  56  8  90  9  38
  0  72  1  88  2  93  3  74  4  81  5  49  6  17  7  18  8  26  9  15
  0  70  1  73  2  52  3  85  4  38  5  98  6  55  7  56  8  19  9  33
  0  95  1  14  2  61  3  38  4  62  5  8  6  20  7  85  8  3  9  40
  0  20  1  75  2  48  3  53  4  23  5  55  6  10  7  23  8  19  9  75
  0  12  1  90  2  93  3  17  4  87  5  84  6  41  7  50  8  69  9  1
  0  26  1  35  2  31  3  73  4  11  5  61  6  71  7  33  8  6  9  81
  0  52  1  39  2  6  3  4  4  23  5  35  6  25  7  34  8  88  9  55
  0  33  1  78  2  21  3  4  4  66  5  63  6  8  7  56  8  60  9  31
  0  87  1  74  2  29  3  93  4  24  5  23  6  95  7  86  8  14  9  38
  0  24  1  43  2  23  3  83  4  38  5  59  6  12  7  89  8  12  9  57
  0  84  1  61  2  66  3  40  4  68  5  9  6  10  7  8  8  22  9  36
  0  3  1  72  2  10  3  72  4  47  5  87  6  17  7  55  8  17  9  4
  0  67  1  94  2  79  3  76  4  73  5  62  6  93  7  22  8  54  9  4
  0  59  1  88  2  63  3  61  4  62  5  72  6  45  7  46  8  60  9  14
  0  90  1  15  2  68  3  52  4  66  5  23  6  62  7  20  8  52  9  70
  0  12  1  93  2  86  3  58  4  90  5  54  6  17  7  20  8  43  9  17
  0  16  1  97  2  7  3  17  4  94  5  84  6  5  7  80  8  17  9  38
  0  66  1  17  2  27  3  43  4  43  5  95  6  11  7  89  8  22  9  11
  0  74  1  77  2  60  3  36  4  99  5  69  6  86  7  24  8  15  9  60
  0  41  1  17  2  91  3  26  4  58  5  47  6  46  7  68  8  17  9  66
  0  28  1  89  2  92  3  22  4  94  5  28  6  4  7  70  8  25  9  65
  0  36  1  3  2  28  3  90  4  79  5  4  6  17  7  49  8  15  9  99
  0  83  1  46  2  34  3  36  4  99  5  72  6  82  7  6  8  91  9  58
  0  60  1  25  2  98  3  88  4  16  5  5  6  9  7  35  8  15  9  91
  0  18  1  79  2  79  3  56  4  61  5  35  6  25  7  67  8  18  9  2
  0  35  1  67  2  89  3  97  4  56  5  38  6  87  7  58  8  10  9  41
  0  3  1  6  2  35  3  50  4  25  5  7  6  28  7  12  8  37  9  89
  0  32  1  17  2  22  3  91  4  92  5  55  6  22  7  42  8  92  9  91
  0  65  1  15  2  19  3  83  4  49  5  89  6  32  7  29  8  28  9  35
  0  36  1  20  2  54  3  72  4  82  5  28  6  79  7  96  8  35  9  59
  0  99  1  70  2  98  3  52  4  1  5  93  6  77  7  2  8  61  9  51
  0  17  1  34  2  94  3  57  4  56  5  73  6  33  7  59  8  74  9  61
  0  19  1  85  2  24  3  30  4  23  5  26  6  80  7  40  8  14  9  95
  0  57  1  33  2  64  3  17  4  46  5  47  6  39  7  13  8  1  9  18
  0  32  1  9  2  71  3  52  4  18  5  82  6  49  7  35  8  62  9  98
  0  85  1  33  2  87  3  28  4  94  5  78  6  85  7  43  8  47  9  66
  0  53  1  23  2  27  3  89  4  54  5  27  6  96  7  96  8  54  9  7
  0  93  1  47  2  85  3  71  4  68  5  94  6  27  7  27  8  12  9  35
  0  10  1  59  2  56  3  87  4  86  5  13  6  37  7  95  8  23  9  7
  0  40  1  78  2  1  3  80  4  93  5  58  6  42  7  55  8  61  9  43
  0  84  1  68  2  52  3  54  4  78  5  99  6  59  7  9  8  86  9  9
  0  75  1  11  2  98  3  48  4  67  5  12  6  93  7  23  8  5  9  29
  0  14  1  9  2  56  3  44  4  36  5  52  6  18  7  34  8  54  9  13
  0  39  1  70  2  98  3  22  4  36  5  21  6  66  7  66  8  36  9  34
  0  40  1  29  2  83  3  70  4  6  5  33  6  87  7  41  8  17  9  73
  0  13  1  47  2  42  3  49  4  29  5  29  6  16  7  8  8  77  9  85
  0  66  1  71  2  19  3  12  4  90  5  23  6  66  7  53  8  9  9  48
  0  27  1  8  2  6  3  72  4  93  5  90  6  58  7  37  8  74  9  53
TPM
  0  813  1  813  2  813  3  813  4  813  5  813  6  813  7  813  8  813  9  813
PMT
  0  43  1  7  2  21  3  20  4  45  5  18  6  17  7  45  8  35  9  47
  0  30  1  26  2  4  3  29  4  39  5  21  6  40  7  31  8  16  9  37
  0  32  1  17  2  1  3  31  4  40  5  3  6  39  7  10  8  17  9  22
  0  38  1  36  2  30  3  13  4  18  5  9  6  24  7  41  8  41  9  42
  0  6  1  25  2  36  3  20  4  27  5  29  6  42  7  41  8  8  9  32
  0  42  1  15  2  47  3  7  4  34  5  11  6  19  7  38  8  13  9  39
  0  32  1  45  2  15  3  35  4  14  5  11  6  2  7  4  8  48  9  7
