100  10
  0  47  1  21  2  70  3  86  4  69  5  93  6  71  7  69  8  91  9  94
  0  83  1  78  2  97  3  13  4  16  5  51  6  57  7  29  8  55  9  61
  0  16  1  35  2  46  3  10  4  28  5  40  6  90  7  8  8  46  9  53
  0  35  1  20  2  92  3  87  4  54  5  51  6  82  7  25  8  36  9  7
  0  79  1  34  2  47  3  60  4  1  5  28  6  11  7  93  8  94  9  28
  0  40  1  11  2  72  3  30  4  14  5  32  6  60  7  24  8  63  9  24
  0  91  1  99  2  38  3  13  4  73  5  33  6  49  7  95  8  95  9  48
  0  10  1  52  2  53  3  96  4  34  5  1  6  6  7  94  8  45  9  71
  0  7  1  6  2  18  3  82  4  62  5  76  6  57  7  44  8  99  9  41
  0  76  1  22  2  75  3  74  4  31  5  36  6  29  7  42  8  32  9  86
  0  75  1  82  2  36  3  18  4  1  5  22  6  79  7  65  8  74  9  4
  0  16  1  63  2  24  3  93  4  69  5  79  6  27  7  72  8  16  9  30
  0  1  1  46  2  46  3  77  4  10  5  21  6  80  7  17  8  25  9  38
  0  42  1  11  2  90  3  59  4  99  5  8  6  89  7  32  8  34  9  88
  0  19  1  5  2  12  3  91  4  1  5  51  6  43  7  22  8  13  9  29
  0  67  1  66  2  92  3  78  4  4  5  36  6  58  7  43  8  44  9  26
  0  55  1  72  2  84  3  72  4  11  5  14  6  21  7  25  8  64  9  32
  0  60  1  76  2  3  3  5  4  8  5  26  6  19  7  74  8  48  9  52
  0  63  1  59  2  28  3  28  4  83  5  59  6  95  7  12  8  36  9  5
  0  67  1  79  2  40  3  32  4  25  5  1  6  7  7  92  8  64  9  64
  0  44  1  11  2  36  3  4  4  43  5  71  6  69  7  79  8  84  9  90
  0  61  1  31  2  27  3  89  4  56  5  84  6  55  7  93  8  81  9  91
  0  9  1  23  2  85  3  39  4  25  5  36  6  97  7  42  8  53  9  47
  0  29  1  20  2  26  3  38  4  53  5  16  6  6  7  27  8  52  9  13
  0  35  1  60  2  20  3  41  4  52  5  49  6  46  7  99  8  68  9  68
  0  35  1  32  2  94  3  76  4  22  5  13  6  83  7  35  8  96  9  63
  0  24  1  38  2  55  3  76  4  83  5  69  6  18  7  30  8  11  9  53
  0  98  1  30  2  29  3  76  4  28  5  85  6  90  7  79  8  32  9  34
  0  59  1  54  2  43  3  57  4  63  5  99  6  89  7  52  8  14  9  15
  0  83  1  52  2  94  3  34  4  23  5  18  6  65  7  39  8  48  9  33
  0  27  1  87  2  41  3  81  4  56  5  64  6  52  7  86  8  91  9  26
  0  88  1  42  2  42  3  4  4  9  5  66  6  35  7  85  8  90  9  55
  0  43  1  91  2  81  3  17  4  43  5  12  6  49  7  21  8  98  9  66
  0  80  1  80  2  76  3  29  4  2  5  62  6  29  7  83  8  24  9  88
  0  11  1  45  2  27  3  75  4  6  5  52  6  47  7  26  8  84  9  85
  0  16  1  64  2  24  3  16  4  78  5  86  6  49  7  53  8  91  9  59
  0  86  1  55  2  61  3  1  4  33  5  30  6  90  7  13  8  89  9  25
  0  38  1  53  2  3  3  99  4  99  5  77  6  16  7  18  8  88  9  72
  0  34  1  8  2  46  3  68  4  34  5  71  6  27  7  9  8  93  9  52
  0  46  1  2  2  8  3  89  4  52  5  91  6  23  7  5  8  8  9  19
  0  5  1  13  2  53  3  66  4  23  5  58  6  97  7  91  8  16  9  3
  0  76  1  14  2  59  3  18  4  51  5  1  6  80  7  72  8  44  9  53
  0  58  1  8  2  47  3  12  4  20  5  37  6  30  7  19  8  20  9  22
  0  42  1  13  2  68  3  5  4  94  5  30  6  31  7  2  8  50  9  52
  0  25  1  90  2  70  3  29  4  89  5  41  6  87  7  41  8  94  9  68
  0  10  1  9  2  28  3  26  4  70  5  47  6  53  7  48  8  85  9  23
  0  54  1  12  2  71  3  71  4  2  5  91  6  48  7  70  8  86  9  16
  0  26  1  92  2  38  3  49  4  41  5  64  6  2  7  58  8  4  9  13
  0  36  1  41  2  67  3  85  4  87  5  24  6  29  7  64  8  19  9  56
  0  21  1  11  2  6  3  58  4  62  5  15  6  50  7  93  8  65  9  31
  0  50  1  93  2  33  3  39  4  30  5  27  6  74  7  40  8  27  9  10
  0  36  1  85  2  89  3  4  4  27  5  13  6  25  7  23  8  74  9  12
  0  1  1  77  2  56  3  62  4  4  5  5  6  70  7  11  8  88  9  69
  0  62  1  78  2  85  3  37  4  19  5  14  6  47  7  57  8  72  9  44
  0  47  1  93  2  10  3  74  4  66  5  4  6  59  7  41  8  28  9  55
  0  99  1  34  2  63  3  12  4  23  5  26  6  33  7  55  8  41  9  73
  0  18  1  6  2  19  3  96  4  56  5  57  6  68  7  35  8  17  9  55
  0  48  1  37  2  96  3  65  4  39  5  40  6  7  7  22  8  3  9  41
  0  86  1  58  2  34  3  72  4  44  5  39  6  68  7  20  8  27  9  66
  0  9  1  58  2  63  3  24  4  77  5  91  6  29  7  70  8  8  9  15
  0  41  1  19  2  30  3  47  4  60  5  37  6  29  7  86  8  73  9  69
  0  57  1  4  2  92  3  78  4  47  5  62  6  58  7  25  8  51  9  36
  0  71  1  56  2  96  3  70  4  78  5  77  6  47  7  89  8  71  9  3
  0  1  1  62  2  97  3  30  4  61  5  74  6  73  7  79  8  70  9  66
  0  60  1  92  2  87  3  39  4  41  5  71  6  48  7  34  8  98  9  17
  0  47  1  33  2  5  3  1  4  16  5  58  6  43  7  54  8  98  9  37
  0  52  1  86  2  50  3  80  4  42  5  51  6  97  7  88  8  26  9  24
  0  46  1  75  2  83  3  69  4  22  5  80  6  25  7  97  8  85  9  14
  0  34  1  45  2  45  3  41  4  15  5  32  6  68  7  14  8  65  9  74
  0  68  1  1  2  42  3  63  4  98  5  68  6  6  7  30  8  11  9  32
  0  57  1  54  2  27  3  54  4  89  5  11  6  54  7  78  8  41  9  28
  0  44  1  23  2  8  3  22  4  47  5  62  6  43  7  39  8  45  9  77
  0  75  1  88  2  55  3  67  4  13  5  82  6  28  7  20  8  98  9  94
  0  83  1  14  2  58  3  17  4  71  5  89  6  49  7  60  8  41  9  6
  0  88  1  39  2  52  3  79  4  43  5  44  6  69  7  65  8  80  9  72
  0  24  1  34  2  35  3  83  4  25  5  43  6  39  7  98  8  58  9  25
  0  5  1  59  2  17  3  15  4  72  5  14  6  30  7  14  8  59  9  95
  0  4  1  54  2  66  3  18  4  72  5  94  6  38  7  90  8  44  9  93
  0  72  1  38  2  74  3  12  4  30  5  77  6  4  7  57  8  96  9  77
  0  48  1  67  2  85  3  18  4  22  5  87  6  93  7  4  8  41  9  6
  0  44  1  26  2  26  3  37  4  75  5  56  6  10  7  76  8  67  9  22
  0  14  1  57  2  14  3  98  4  54  5  87  6  72  7  20  8  84  9  57
  0  61  1  91  2  97  3  29  4  78  5  48  6  25  7  53  8  69  9  6
  0  30  1  85  2  56  3  92  4  57  5  86  6  18  7  56  8  8  9  27
  0  81  1  81  2  40  3  38  4  51  5  76  6  10  7  80  8  2  9  95
  0  24  1  11  2  12  3  21  4  43  5  83  6  99  7  11  8  69  9  4
  0  95  1  95  2  13  3  23  4  72  5  72  6  12  7  57  8  99  9  26
  0  48  1  44  2  10  3  98  4  93  5  89  6  82  7  52  8  75  9  56
  0  83  1  22  2  41  3  8  4  29  5  52  6  61  7  3  8  39  9  50
  0  8  1  2  2  23  3  7  4  96  5  31  6  96  7  71  8  66  9  22
  0  26  1  83  2  52  3  23  4  56  5  81  6  63  7  33  8  58  9  61
  0  78  1  26  2  11  3  46  4  22  5  54  6  93  7  81  8  68  9  53
  0  65  1  91  2  11  3  79  4  51  5  30  6  73  7  67  8  59  9  32
  0  62  1  74  2  3  3  52  4  79  5  50  6  1  7  24  8  48  9  61
  0  79  1  2  2  30  3  46  4  2  5  51  6  13  7  82  8  88  9  13
  0  19  1  94  2  22  3  44  4  60  5  40  6  33  7  15  8  29  9  37
  0  18  1  27  2  5  3  30  4  41  5  64  6  30  7  11  8  3  9  1
  0  65  1  39  2  1  3  24  4  34  5  19  6  3  7  53  8  27  9  39
  0  99  1  57  2  7  3  84  4  30  5  1  6  54  7  57  8  72  9  68
  0  33  1  89  2  56  3  63  4  63  5  22  6  50  7  61  8  41  9  83
TPM
  0  1131  1  1131  2  1131  3  1131  4  1131  5  1131  6  1131  7  1131  8  1131  9  1131
PMT
  0  23  1  18  2  11  3  24  4  7  5  10  6  20  7  22  8  21  9  24
  0  10  1  24  2  4  3  9  4  16  5  19  6  21  7  9  8  1  9  18
  0  6  1  14  2  12  3  5  4  21  5  19  6  17  7  2  8  11  9  22
  0  23  1  11  2  22  3  18  4  6  5  10  6  3  7  5  8  14  9  13
  0  12  1  17  2  23  3  11  4  4  5  17  6  16  7  4  8  17  9  2
  0  9  1  2  2  24  3  24  4  7  5  16  6  10  7  12  8  7  9  14
  0  8  1  2  2  24  3  15  4  18  5  9  6  16  7  11  8  15  9  21
  0  6  1  11  2  4  3  19  4  23  5  22  6  24  7  24  8  5  9  11
  0  6  1  13  2  21  3  9  4  12  5  19  6  1  7  3  8  21  9  18
