20  5
  0  86  1  52  2  72  3  33  4  89
  0  17  1  5  2  13  3  92  4  21
  0  62  1  48  2  58  3  7  4  70
  0  72  1  95  2  9  3  1  4  58
  0  72  1  9  2  43  3  90  4  30
  0  87  1  10  2  73  3  81  4  54
  0  60  1  40  2  49  3  71  4  98
  0  40  1  50  2  25  3  85  4  14
  0  40  1  98  2  84  3  68  4  83
  0  50  1  5  2  41  3  97  4  2
  0  29  1  83  2  1  3  91  4  41
  0  29  1  52  2  52  3  74  4  12
  0  69  1  4  2  68  3  47  4  56
  0  88  1  84  2  6  3  90  4  77
  0  30  1  30  2  29  3  28  4  93
  0  83  1  51  2  71  3  72  4  18
  0  49  1  59  2  68  3  15  4  18
  0  11  1  74  2  28  3  16  4  12
  0  66  1  32  2  99  3  82  4  89
  0  58  1  52  2  10  3  1  4  70
TPM
  0  530  1  530  2  530  3  530  4  530
PMT
  0  29  1  49  2  46  3  9  4  40
  0  4  1  13  2  24  3  39  4  27
  0  17  1  47  2  19  3  6  4  2
  0  30  1  2  2  24  3  48  4  24
