200  10
  0  24  1  29  2  64  3  14  4  88  5  2  6  79  7  5  8  39  9  45
  0  49  1  17  2  91  3  22  4  44  5  14  6  22  7  80  8  65  9  65
  0  83  1  86  2  92  3  63  4  32  5  60  6  90  7  98  8  34  9  29
  0  50  1  42  2  60  3  11  4  91  5  49  6  89  7  74  8  73  9  55
  0  92  1  57  2  71  3  43  4  63  5  37  6  18  7  4  8  99  9  71
  0  21  1  6  2  75  3  73  4  3  5  67  6  51  7  73  8  34  9  72
  0  5  1  86  2  41  3  94  4  77  5  94  6  17  7  10  8  88  9  94
  0  66  1  5  2  45  3  93  4  68  5  38  6  46  7  43  8  27  9  83
  0  76  1  31  2  49  3  65  4  29  5  91  6  73  7  94  8  92  9  96
  0  30  1  22  2  12  3  37  4  17  5  97  6  91  7  97  8  14  9  3
  0  10  1  8  2  74  3  68  4  58  5  98  6  56  7  22  8  26  9  8
  0  99  1  24  2  99  3  21  4  48  5  65  6  33  7  18  8  80  9  62
  0  22  1  95  2  91  3  54  4  83  5  53  6  37  7  97  8  27  9  77
  0  53  1  12  2  55  3  74  4  83  5  10  6  50  7  8  8  98  9  40
  0  21  1  63  2  80  3  98  4  21  5  42  6  9  7  2  8  57  9  46
  0  70  1  37  2  61  3  24  4  80  5  5  6  80  7  74  8  86  9  43
  0  14  1  28  2  97  3  96  4  13  5  67  6  49  7  50  8  98  9  45
  0  1  1  66  2  83  3  6  4  39  5  81  6  99  7  34  8  19  9  48
  0  57  1  80  2  59  3  37  4  93  5  26  6  99  7  34  8  95  9  5
  0  67  1  85  2  93  3  84  4  8  5  93  6  53  7  75  8  97  9  57
  0  39  1  23  2  15  3  99  4  98  5  93  6  63  7  49  8  6  9  76
  0  59  1  53  2  67  3  40  4  33  5  34  6  56  7  33  8  99  9  30
  0  55  1  11  2  2  3  76  4  11  5  21  6  39  7  17  8  30  9  99
  0  27  1  52  2  63  3  43  4  40  5  65  6  82  7  53  8  59  9  79
  0  15  1  86  2  9  3  44  4  8  5  61  6  49  7  49  8  46  9  68
  0  75  1  7  2  17  3  23  4  33  5  69  6  23  7  48  8  42  9  55
  0  76  1  56  2  2  3  9  4  24  5  97  6  18  7  16  8  85  9  70
  0  56  1  51  2  11  3  23  4  41  5  24  6  81  7  89  8  34  9  55
  0  20  1  41  2  69  3  6  4  73  5  37  6  24  7  19  8  91  9  19
  0  61  1  74  2  13  3  75  4  62  5  49  6  29  7  66  8  38  9  32
  0  91  1  99  2  4  3  45  4  85  5  80  6  24  7  71  8  72  9  88
  0  86  1  78  2  87  3  51  4  65  5  92  6  49  7  13  8  60  9  81
  0  87  1  25  2  38  3  18  4  40  5  1  6  14  7  51  8  43  9  19
  0  34  1  18  2  16  3  55  4  70  5  45  6  38  7  94  8  21  9  44
  0  48  1  33  2  72  3  93  4  21  5  87  6  95  7  63  8  99  9  73
  0  45  1  17  2  89  3  94  4  10  5  5  6  43  7  90  8  35  9  41
  0  92  1  12  2  83  3  6  4  7  5  20  6  45  7  33  8  76  9  39
  0  90  1  72  2  59  3  14  4  32  5  31  6  47  7  28  8  36  9  37
  0  17  1  5  2  2  3  82  4  83  5  96  6  8  7  31  8  87  9  17
  0  75  1  97  2  58  3  94  4  12  5  55  6  46  7  36  8  37  9  96
  0  15  1  29  2  88  3  67  4  40  5  35  6  72  7  68  8  53  9  40
  0  10  1  61  2  22  3  60  4  77  5  42  6  63  7  39  8  59  9  68
  0  23  1  66  2  51  3  52  4  80  5  3  6  88  7  51  8  47  9  13
  0  76  1  21  2  77  3  15  4  63  5  14  6  5  7  15  8  73  9  38
  0  81  1  78  2  83  3  10  4  71  5  54  6  35  7  57  8  31  9  70
  0  84  1  67  2  83  3  38  4  53  5  86  6  56  7  61  8  28  9  6
  0  58  1  22  2  15  3  95  4  93  5  89  6  61  7  74  8  54  9  86
  0  82  1  23  2  34  3  89  4  69  5  83  6  54  7  67  8  61  9  92
  0  96  1  74  2  4  3  52  4  82  5  48  6  40  7  33  8  41  9  85
  0  90  1  57  2  58  3  2  4  21  5  11  6  4  7  83  8  21  9  87
  0  69  1  94  2  20  3  57  4  70  5  6  6  26  7  7  8  90  9  42
  0  61  1  14  2  78  3  77  4  29  5  26  6  21  7  24  8  42  9  78
  0  49  1  78  2  81  3  70  4  60  5  52  6  86  7  58  8  53  9  65
  0  78  1  68  2  15  3  1  4  75  5  26  6  8  7  52  8  55  9  35
  0  35  1  86  2  60  3  88  4  99  5  44  6  68  7  66  8  76  9  8
  0  57  1  59  2  50  3  34  4  52  5  37  6  9  7  37  8  23  9  31
  0  96  1  45  2  65  3  11  4  39  5  79  6  10  7  67  8  20  9  39
  0  7  1  48  2  73  3  73  4  7  5  86  6  95  7  76  8  25  9  29
  0  16  1  56  2  57  3  62  4  73  5  32  6  98  7  75  8  83  9  86
  0  60  1  25  2  95  3  69  4  8  5  80  6  70  7  19  8  51  9  70
  0  41  1  69  2  74  3  51  4  27  5  36  6  65  7  78  8  6  9  18
  0  98  1  46  2  83  3  40  4  82  5  29  6  6  7  44  8  62  9  30
  0  94  1  92  2  52  3  35  4  20  5  25  6  26  7  25  8  23  9  22
  0  3  1  76  2  61  3  32  4  96  5  78  6  47  7  77  8  24  9  35
  0  79  1  48  2  82  3  26  4  10  5  44  6  43  7  49  8  91  9  31
  0  30  1  72  2  86  3  12  4  70  5  60  6  47  7  38  8  38  9  65
  0  91  1  5  2  33  3  76  4  29  5  8  6  57  7  88  8  20  9  59
  0  89  1  32  2  73  3  88  4  66  5  54  6  8  7  66  8  20  9  67
  0  33  1  40  2  33  3  99  4  35  5  66  6  6  7  1  8  64  9  74
  0  56  1  98  2  57  3  98  4  85  5  14  6  50  7  63  8  87  9  68
  0  63  1  11  2  89  3  44  4  51  5  99  6  36  7  90  8  70  9  21
  0  65  1  77  2  89  3  11  4  49  5  38  6  50  7  41  8  73  9  57
  0  62  1  37  2  87  3  1  4  78  5  48  6  70  7  85  8  88  9  58
  0  62  1  30  2  27  3  23  4  72  5  48  6  86  7  77  8  70  9  74
  0  77  1  34  2  1  3  26  4  80  5  69  6  2  7  36  8  74  9  84
  0  5  1  31  2  44  3  69  4  34  5  23  6  2  7  13  8  69  9  38
  0  66  1  37  2  1  3  13  4  95  5  53  6  6  7  22  8  58  9  62
  0  45  1  20  2  89  3  46  4  18  5  10  6  81  7  31  8  58  9  73
  0  83  1  10  2  53  3  28  4  18  5  53  6  95  7  92  8  53  9  65
  0  35  1  68  2  64  3  37  4  69  5  82  6  86  7  21  8  78  9  47
  0  54  1  29  2  31  3  19  4  49  5  13  6  78  7  77  8  25  9  3
  0  32  1  52  2  83  3  93  4  92  5  54  6  1  7  10  8  64  9  15
  0  43  1  91  2  90  3  28  4  17  5  82  6  78  7  32  8  48  9  11
  0  99  1  4  2  70  3  93  4  94  5  38  6  82  7  3  8  17  9  32
  0  3  1  77  2  82  3  5  4  17  5  79  6  17  7  16  8  17  9  99
  0  29  1  71  2  63  3  93  4  28  5  18  6  23  7  86  8  84  9  79
  0  62  1  71  2  96  3  75  4  10  5  12  6  96  7  22  8  99  9  98
  0  35  1  24  2  64  3  40  4  12  5  87  6  57  7  70  8  41  9  23
  0  99  1  22  2  73  3  18  4  90  5  86  6  11  7  91  8  32  9  52
  0  90  1  71  2  45  3  14  4  22  5  48  6  84  7  75  8  94  9  92
  0  91  1  98  2  6  3  58  4  16  5  60  6  70  7  84  8  10  9  37
  0  99  1  85  2  87  3  15  4  77  5  89  6  82  7  98  8  71  9  53
  0  58  1  71  2  42  3  79  4  43  5  16  6  42  7  7  8  14  9  20
  0  39  1  47  2  35  3  13  4  73  5  89  6  23  7  2  8  53  9  6
  0  14  1  12  2  46  3  16  4  29  5  56  6  16  7  96  8  80  9  74
  0  15  1  58  2  67  3  25  4  31  5  2  6  38  7  17  8  50  9  40
  0  23  1  16  2  78  3  58  4  84  5  67  6  52  7  25  8  8  9  14
  0  98  1  88  2  43  3  93  4  57  5  27  6  80  7  62  8  57  9  28
  0  9  1  71  2  15  3  17  4  88  5  83  6  95  7  63  8  42  9  22
  0  54  1  36  2  48  3  73  4  55  5  77  6  82  7  2  8  26  9  23
  0  51  1  37  2  93  3  95  4  99  5  43  6  28  7  35  8  6  9  88
  0  69  1  45  2  73  3  59  4  16  5  85  6  5  7  6  8  19  9  17
  0  3  1  1  2  85  3  87  4  31  5  45  6  8  7  32  8  52  9  68
  0  48  1  94  2  90  3  98  4  67  5  18  6  24  7  86  8  74  9  55
  0  74  1  29  2  11  3  90  4  64  5  25  6  32  7  77  8  57  9  40
  0  28  1  40  2  97  3  84  4  96  5  86  6  23  7  18  8  68  9  25
  0  98  1  36  2  45  3  1  4  23  5  18  6  96  7  71  8  84  9  14
  0  32  1  9  2  68  3  19  4  38  5  80  6  54  7  67  8  49  9  54
  0  48  1  24  2  97  3  38  4  40  5  70  6  56  7  26  8  80  9  20
  0  66  1  38  2  11  3  84  4  11  5  54  6  2  7  99  8  3  9  99
  0  85  1  77  2  58  3  13  4  73  5  30  6  3  7  8  8  97  9  99
  0  21  1  30  2  33  3  81  4  46  5  42  6  74  7  20  8  58  9  4
  0  71  1  20  2  24  3  26  4  60  5  12  6  12  7  21  8  38  9  41
  0  50  1  72  2  62  3  96  4  30  5  90  6  83  7  73  8  50  9  43
  0  33  1  50  2  75  3  70  4  29  5  31  6  37  7  11  8  77  9  57
  0  14  1  15  2  68  3  24  4  63  5  24  6  3  7  25  8  83  9  18
  0  2  1  27  2  53  3  85  4  84  5  52  6  43  7  63  8  3  9  2
  0  24  1  34  2  80  3  61  4  7  5  92  6  9  7  74  8  81  9  28
  0  60  1  72  2  55  3  60  4  53  5  76  6  95  7  40  8  73  9  49
  0  31  1  11  2  21  3  31  4  66  5  62  6  54  7  91  8  16  9  58
  0  41  1  4  2  59  3  2  4  45  5  86  6  81  7  65  8  4  9  7
  0  32  1  4  2  64  3  17  4  34  5  38  6  15  7  63  8  33  9  63
  0  93  1  22  2  33  3  21  4  79  5  16  6  94  7  51  8  5  9  24
  0  85  1  98  2  16  3  8  4  90  5  48  6  13  7  97  8  36  9  9
  0  2  1  11  2  89  3  78  4  68  5  8  6  25  7  52  8  51  9  6
  0  80  1  55  2  66  3  95  4  34  5  19  6  21  7  33  8  83  9  30
  0  4  1  23  2  11  3  15  4  55  5  83  6  44  7  48  8  53  9  77
  0  78  1  94  2  52  3  56  4  99  5  14  6  78  7  27  8  20  9  5
  0  66  1  69  2  37  3  55  4  76  5  35  6  51  7  27  8  46  9  25
  0  28  1  98  2  51  3  27  4  69  5  34  6  91  7  37  8  43  9  55
  0  17  1  25  2  84  3  47  4  57  5  5  6  52  7  3  8  37  9  21
  0  33  1  2  2  74  3  53  4  98  5  79  6  93  7  21  8  73  9  20
  0  13  1  22  2  64  3  88  4  80  5  39  6  60  7  87  8  67  9  15
  0  7  1  99  2  40  3  51  4  3  5  40  6  80  7  7  8  84  9  60
  0  20  1  96  2  97  3  49  4  95  5  99  6  58  7  22  8  68  9  47
  0  57  1  23  2  38  3  42  4  78  5  54  6  57  7  25  8  4  9  9
  0  31  1  3  2  49  3  85  4  40  5  82  6  50  7  1  8  42  9  1
  0  76  1  33  2  32  3  28  4  68  5  55  6  58  7  87  8  99  9  51
  0  34  1  21  2  31  3  14  4  95  5  93  6  96  7  78  8  80  9  16
  0  36  1  31  2  41  3  24  4  77  5  96  6  17  7  59  8  15  9  8
  0  20  1  13  2  56  3  89  4  14  5  53  6  20  7  30  8  97  9  36
  0  7  1  13  2  9  3  66  4  92  5  22  6  18  7  74  8  95  9  69
  0  81  1  4  2  20  3  89  4  62  5  42  6  96  7  92  8  55  9  35
  0  56  1  89  2  49  3  62  4  94  5  27  6  39  7  73  8  45  9  85
  0  59  1  3  2  55  3  29  4  92  5  18  6  12  7  27  8  94  9  71
  0  93  1  63  2  23  3  50  4  33  5  23  6  68  7  60  8  8  9  8
  0  20  1  78  2  2  3  28  4  25  5  53  6  9  7  69  8  13  9  53
  0  62  1  33  2  94  3  84  4  18  5  99  6  67  7  27  8  26  9  60
  0  73  1  58  2  55  3  21  4  4  5  75  6  76  7  67  8  39  9  19
  0  5  1  56  2  61  3  71  4  52  5  56  6  98  7  81  8  61  9  67
  0  74  1  24  2  4  3  88  4  63  5  19  6  62  7  1  8  97  9  57
  0  44  1  7  2  59  3  2  4  91  5  31  6  53  7  67  8  71  9  64
  0  63  1  99  2  77  3  25  4  10  5  12  6  75  7  58  8  78  9  31
  0  61  1  97  2  92  3  77  4  27  5  66  6  33  7  79  8  50  9  82
  0  33  1  87  2  47  3  1  4  15  5  54  6  57  7  10  8  34  9  75
  0  57  1  56  2  37  3  22  4  12  5  81  6  79  7  9  8  11  9  69
  0  32  1  75  2  59  3  62  4  74  5  72  6  8  7  85  8  78  9  80
  0  42  1  75  2  4  3  10  4  84  5  30  6  63  7  59  8  54  9  97
  0  40  1  16  2  96  3  85  4  65  5  43  6  89  7  65  8  70  9  86
  0  70  1  78  2  84  3  76  4  56  5  92  6  54  7  31  8  41  9  64
  0  83  1  75  2  89  3  84  4  24  5  31  6  76  7  32  8  81  9  47
  0  28  1  62  2  2  3  66  4  70  5  97  6  60  7  62  8  85  9  96
  0  60  1  84  2  33  3  24  4  18  5  84  6  95  7  45  8  4  9  38
  0  46  1  25  2  39  3  56  4  43  5  90  6  90  7  72  8  13  9  95
  0  6  1  40  2  70  3  99  4  79  5  70  6  80  7  39  8  41  9  17
  0  71  1  71  2  13  3  54  4  49  5  95  6  73  7  42  8  65  9  1
  0  24  1  43  2  57  3  87  4  43  5  55  6  45  7  53  8  81  9  67
  0  54  1  64  2  33  3  46  4  17  5  31  6  67  7  35  8  48  9  57
  0  36  1  80  2  16  3  58  4  74  5  64  6  40  7  37  8  50  9  76
  0  1  1  71  2  50  3  62  4  33  5  76  6  3  7  42  8  36  9  7
  0  61  1  64  2  33  3  30  4  13  5  66  6  51  7  3  8  90  9  30
  0  17  1  3  2  80  3  70  4  78  5  9  6  73  7  93  8  96  9  40
  0  3  1  7  2  80  3  92  4  51  5  71  6  51  7  18  8  32  9  26
  0  51  1  62  2  72  3  28  4  49  5  37  6  57  7  87  8  99  9  90
  0  11  1  91  2  49  3  26  4  17  5  39  6  19  7  45  8  21  9  37
  0  81  1  52  2  46  3  41  4  31  5  26  6  29  7  14  8  9  9  39
  0  54  1  55  2  20  3  9  4  45  5  33  6  75  7  81  8  34  9  86
  0  35  1  95  2  19  3  19  4  28  5  79  6  97  7  79  8  87  9  70
  0  12  1  5  2  26  3  69  4  52  5  75  6  22  7  61  8  15  9  94
  0  25  1  67  2  98  3  19  4  67  5  10  6  88  7  71  8  54  9  11
  0  67  1  30  2  75  3  44  4  40  5  74  6  57  7  18  8  80  9  25
  0  35  1  61  2  22  3  20  4  31  5  40  6  50  7  94  8  69  9  15
  0  76  1  84  2  38  3  33  4  3  5  42  6  16  7  8  8  97  9  49
  0  95  1  25  2  42  3  73  4  85  5  91  6  33  7  85  8  59  9  96
  0  33  1  46  2  4  3  73  4  13  5  17  6  71  7  63  8  27  9  75
  0  33  1  29  2  14  3  18  4  6  5  67  6  13  7  91  8  79  9  20
  0  47  1  83  2  85  3  74  4  99  5  60  6  71  7  17  8  87  9  44
  0  78  1  73  2  30  3  53  4  31  5  37  6  27  7  49  8  88  9  91
  0  30  1  79  2  21  3  72  4  58  5  93  6  9  7  5  8  82  9  71
  0  70  1  40  2  96  3  8  4  73  5  61  6  38  7  24  8  88  9  30
  0  28  1  6  2  80  3  8  4  52  5  95  6  53  7  60  8  88  9  81
  0  95  1  29  2  59  3  61  4  83  5  40  6  74  7  73  8  46  9  79
  0  71  1  26  2  95  3  39  4  88  5  70  6  85  7  39  8  15  9  86
  0  36  1  62  2  11  3  88  4  48  5  60  6  91  7  60  8  97  9  26
  0  7  1  92  2  76  3  28  4  78  5  62  6  18  7  55  8  61  9  83
  0  36  1  28  2  51  3  37  4  57  5  66  6  47  7  31  8  14  9  15
  0  45  1  60  2  59  3  74  4  25  5  76  6  87  7  91  8  45  9  77
  0  90  1  96  2  73  3  75  4  83  5  96  6  4  7  12  8  67  9  65
  0  49  1  14  2  21  3  87  4  96  5  29  6  52  7  43  8  80  9  66
  0  23  1  44  2  2  3  45  4  46  5  54  6  92  7  17  8  23  9  67
TPM
  0  1591  1  1591  2  1591  3  1591  4  1591  5  1591  6  1591  7  1591  8  1591  9  1591
PMT
  0  24  1  14  2  64  3  12  4  76  5  48  6  54  7  114  8  18  9  40
  0  22  1  57  2  1  3  27  4  75  5  121  6  115  7  74  8  90  9  90
  0  97  1  81  2  58  3  44  4  18  5  39  6  42  7  18  8  84  9  28
  0  1  1  64  2  34  3  85  4  118  5  95  6  35  7  3  8  60  9  29
  0  52  1  39  2  3  3  123  4  15  5  28  6  42  7  124  8  41  9  39
  0  9  1  36  2  17  3  38  4  112  5  62  6  89  7  120  8  2  9  119
  0  49  1  85  2  108  3  13  4  112  5  115  6  40  7  112  8  16  9  2
  0  79  1  64  2  100  3  9  4  124  5  66  6  17  7  1  8  54  9  45
  0  22  1  103  2  49  3  85  4  54  5  99  6  34  7  122  8  24  9  10
  0  94  1  80  2  33  3  117  4  83  5  17  6  48  7  85  8  85  9  20
  0  47  1  108  2  30  3  111  4  98  5  59  6  42  7  77  8  82  9  3
  0  14  1  64  2  66  3  114  4  58  5  25  6  8  7  57  8  4  9  55
  0  76  1  30  2  33  3  16  4  104  5  4  6  58  7  38  8  9  9  23
