500  10
  0  77  1  32  2  68  3  60  4  15  5  27  6  78  7  45  8  10  9  47
  0  12  1  33  2  80  3  16  4  24  5  25  6  60  7  12  8  59  9  96
  0  52  1  50  2  44  3  92  4  20  5  14  6  2  7  46  8  1  9  20
  0  52  1  28  2  69  3  38  4  86  5  54  6  5  7  11  8  21  9  14
  0  29  1  34  2  74  3  80  4  11  5  92  6  21  7  37  8  74  9  73
  0  12  1  15  2  42  3  87  4  71  5  24  6  99  7  81  8  6  9  47
  0  72  1  20  2  88  3  98  4  43  5  58  6  3  7  80  8  51  9  53
  0  50  1  89  2  63  3  71  4  75  5  61  6  86  7  95  8  53  9  46
  0  79  1  37  2  22  3  50  4  83  5  1  6  94  7  2  8  61  9  77
  0  58  1  18  2  40  3  39  4  42  5  66  6  75  7  67  8  28  9  79
  0  97  1  57  2  22  3  42  4  92  5  52  6  16  7  55  8  48  9  15
  0  8  1  77  2  48  3  49  4  62  5  60  6  1  7  5  8  20  9  51
  0  55  1  42  2  94  3  29  4  99  5  52  6  24  7  86  8  84  9  36
  0  50  1  76  2  98  3  97  4  44  5  97  6  88  7  12  8  18  9  76
  0  99  1  61  2  75  3  66  4  88  5  54  6  85  7  85  8  34  9  83
  0  7  1  50  2  20  3  60  4  79  5  86  6  13  7  54  8  51  9  21
  0  24  1  28  2  32  3  76  4  29  5  19  6  76  7  40  8  8  9  36
  0  36  1  70  2  10  3  64  4  45  5  56  6  54  7  89  8  16  9  48
  0  35  1  90  2  65  3  38  4  84  5  61  6  3  7  28  8  6  9  61
  0  41  1  43  2  89  3  5  4  16  5  70  6  71  7  34  8  29  9  13
  0  1  1  50  2  47  3  18  4  11  5  75  6  11  7  95  8  32  9  87
  0  59  1  56  2  72  3  52  4  57  5  10  6  67  7  23  8  80  9  24
  0  68  1  10  2  10  3  32  4  15  5  22  6  17  7  31  8  28  9  31
  0  66  1  15  2  4  3  30  4  56  5  28  6  1  7  66  8  66  9  44
  0  50  1  77  2  94  3  97  4  28  5  62  6  95  7  21  8  74  9  65
  0  57  1  76  2  54  3  57  4  79  5  72  6  72  7  31  8  29  9  12
  0  10  1  62  2  99  3  4  4  42  5  92  6  94  7  47  8  40  9  28
  0  8  1  68  2  77  3  82  4  79  5  43  6  96  7  87  8  44  9  82
  0  3  1  55  2  1  3  23  4  80  5  78  6  69  7  62  8  73  9  77
  0  23  1  51  2  45  3  55  4  96  5  94  6  32  7  3  8  21  9  53
  0  53  1  73  2  32  3  40  4  19  5  23  6  47  7  48  8  88  9  62
  0  22  1  63  2  35  3  4  4  9  5  31  6  30  7  71  8  5  9  3
  0  69  1  5  2  45  3  71  4  77  5  5  6  74  7  62  8  78  9  70
  0  20  1  55  2  29  3  34  4  38  5  42  6  20  7  12  8  8  9  50
  0  27  1  93  2  94  3  90  4  46  5  69  6  4  7  4  8  49  9  53
  0  10  1  4  2  50  3  49  4  19  5  75  6  60  7  77  8  99  9  37
  0  74  1  49  2  1  3  97  4  21  5  63  6  25  7  63  8  66  9  60
  0  48  1  68  2  50  3  58  4  81  5  51  6  99  7  53  8  34  9  74
  0  46  1  62  2  9  3  85  4  45  5  43  6  44  7  48  8  64  9  11
  0  95  1  9  2  2  3  40  4  4  5  54  6  45  7  33  8  96  9  1
  0  80  1  72  2  30  3  5  4  9  5  2  6  56  7  85  8  47  9  3
  0  77  1  11  2  96  3  57  4  32  5  71  6  22  7  15  8  95  9  61
  0  73  1  10  2  32  3  23  4  33  5  87  6  90  7  36  8  84  9  37
  0  56  1  60  2  25  3  49  4  93  5  47  6  70  7  42  8  39  9  96
  0  30  1  12  2  36  3  14  4  38  5  15  6  7  7  97  8  87  9  86
  0  29  1  66  2  85  3  54  4  33  5  84  6  28  7  83  8  54  9  84
  0  82  1  88  2  8  3  54  4  2  5  86  6  56  7  63  8  14  9  66
  0  5  1  41  2  77  3  19  4  37  5  16  6  73  7  34  8  64  9  6
  0  88  1  77  2  71  3  96  4  12  5  88  6  73  7  57  8  36  9  62
  0  12  1  71  2  49  3  21  4  58  5  4  6  51  7  75  8  9  9  4
  0  34  1  32  2  79  3  36  4  10  5  7  6  38  7  81  8  68  9  34
  0  38  1  44  2  10  3  2  4  30  5  71  6  80  7  33  8  79  9  59
  0  97  1  7  2  6  3  7  4  58  5  89  6  16  7  36  8  53  9  2
  0  22  1  4  2  39  3  67  4  40  5  56  6  35  7  5  8  21  9  11
  0  53  1  55  2  61  3  70  4  76  5  66  6  87  7  90  8  30  9  74
  0  31  1  70  2  39  3  43  4  8  5  29  6  46  7  68  8  90  9  88
  0  27  1  47  2  41  3  79  4  49  5  70  6  17  7  33  8  50  9  87
  0  94  1  35  2  23  3  55  4  68  5  51  6  50  7  77  8  3  9  38
  0  14  1  71  2  55  3  26  4  77  5  42  6  15  7  12  8  15  9  51
  0  94  1  5  2  30  3  89  4  88  5  31  6  3  7  10  8  88  9  56
  0  42  1  73  2  93  3  19  4  36  5  16  6  98  7  57  8  35  9  35
  0  11  1  79  2  3  3  53  4  35  5  20  6  20  7  23  8  49  9  60
  0  30  1  54  2  39  3  37  4  59  5  1  6  64  7  40  8  49  9  24
  0  87  1  73  2  85  3  29  4  80  5  57  6  14  7  36  8  89  9  70
  0  71  1  32  2  25  3  64  4  76  5  19  6  3  7  3  8  59  9  46
  0  63  1  13  2  21  3  13  4  39  5  45  6  51  7  48  8  43  9  72
  0  53  1  23  2  97  3  89  4  46  5  63  6  44  7  81  8  45  9  37
  0  81  1  80  2  40  3  60  4  34  5  23  6  33  7  37  8  42  9  84
  0  81  1  21  2  33  3  40  4  81  5  82  6  12  7  95  8  80  9  94
  0  76  1  77  2  93  3  86  4  54  5  69  6  76  7  32  8  97  9  54
  0  77  1  60  2  17  3  81  4  62  5  5  6  3  7  71  8  82  9  47
  0  90  1  32  2  59  3  99  4  60  5  48  6  69  7  39  8  72  9  65
  0  62  1  97  2  94  3  84  4  61  5  63  6  43  7  32  8  20  9  36
  0  85  1  71  2  29  3  65  4  37  5  79  6  93  7  47  8  74  9  7
  0  48  1  61  2  34  3  70  4  55  5  81  6  76  7  71  8  7  9  78
  0  43  1  36  2  48  3  13  4  2  5  9  6  63  7  73  8  4  9  57
  0  9  1  22  2  73  3  59  4  76  5  34  6  89  7  86  8  35  9  62
  0  65  1  10  2  70  3  57  4  12  5  82  6  19  7  10  8  38  9  80
  0  78  1  18  2  41  3  98  4  31  5  87  6  79  7  46  8  22  9  9
  0  26  1  82  2  61  3  80  4  56  5  81  6  62  7  69  8  19  9  21
  0  21  1  23  2  72  3  42  4  2  5  87  6  16  7  10  8  92  9  73
  0  27  1  78  2  34  3  94  4  91  5  53  6  42  7  66  8  86  9  75
  0  69  1  30  2  50  3  1  4  90  5  49  6  57  7  30  8  95  9  91
  0  74  1  12  2  29  3  95  4  67  5  50  6  7  7  72  8  86  9  48
  0  4  1  8  2  54  3  99  4  89  5  65  6  17  7  5  8  53  9  89
  0  58  1  60  2  56  3  66  4  69  5  65  6  92  7  9  8  23  9  32
  0  45  1  45  2  4  3  94  4  72  5  42  6  97  7  63  8  68  9  2
  0  19  1  56  2  72  3  91  4  55  5  13  6  21  7  8  8  43  9  69
  0  71  1  89  2  7  3  45  4  44  5  21  6  29  7  86  8  57  9  88
  0  27  1  47  2  47  3  91  4  60  5  12  6  6  7  21  8  87  9  91
  0  80  1  40  2  58  3  47  4  6  5  50  6  91  7  19  8  71  9  20
  0  96  1  68  2  47  3  99  4  18  5  57  6  11  7  65  8  25  9  31
  0  61  1  59  2  71  3  67  4  1  5  15  6  96  7  15  8  23  9  83
  0  40  1  31  2  52  3  17  4  1  5  92  6  99  7  54  8  54  9  51
  0  46  1  20  2  6  3  31  4  66  5  42  6  58  7  8  8  47  9  41
  0  4  1  25  2  70  3  41  4  83  5  19  6  68  7  17  8  65  9  63
  0  55  1  77  2  32  3  57  4  7  5  35  6  94  7  22  8  41  9  19
  0  58  1  77  2  17  3  46  4  2  5  96  6  57  7  40  8  68  9  90
  0  57  1  60  2  66  3  52  4  40  5  94  6  18  7  59  8  78  9  22
  0  23  1  23  2  74  3  48  4  18  5  30  6  80  7  66  8  41  9  24
  0  3  1  5  2  45  3  94  4  17  5  57  6  15  7  10  8  85  9  9
  0  66  1  80  2  60  3  6  4  62  5  54  6  14  7  31  8  54  9  78
  0  21  1  74  2  28  3  68  4  90  5  33  6  29  7  93  8  24  9  55
  0  90  1  42  2  50  3  20  4  85  5  37  6  44  7  33  8  78  9  24
  0  54  1  59  2  45  3  39  4  89  5  31  6  93  7  30  8  26  9  3
  0  1  1  1  2  51  3  39  4  38  5  82  6  52  7  67  8  72  9  72
  0  4  1  14  2  46  3  80  4  36  5  14  6  74  7  69  8  61  9  72
  0  28  1  1  2  10  3  98  4  77  5  7  6  92  7  59  8  16  9  37
  0  98  1  9  2  90  3  82  4  90  5  98  6  14  7  55  8  48  9  78
  0  33  1  75  2  98  3  25  4  63  5  99  6  1  7  84  8  33  9  87
  0  95  1  94  2  99  3  10  4  32  5  29  6  11  7  8  8  30  9  83
  0  33  1  88  2  42  3  95  4  83  5  12  6  20  7  60  8  19  9  85
  0  7  1  91  2  72  3  93  4  2  5  44  6  47  7  18  8  77  9  74
  0  11  1  25  2  37  3  41  4  31  5  27  6  45  7  47  8  67  9  51
  0  78  1  68  2  2  3  59  4  58  5  51  6  67  7  13  8  89  9  48
  0  15  1  77  2  93  3  28  4  25  5  99  6  20  7  93  8  57  9  13
  0  83  1  70  2  82  3  43  4  39  5  71  6  61  7  38  8  10  9  45
  0  49  1  26  2  25  3  47  4  32  5  77  6  36  7  11  8  55  9  38
  0  9  1  7  2  68  3  45  4  14  5  2  6  8  7  52  8  74  9  68
  0  1  1  18  2  31  3  6  4  50  5  39  6  22  7  67  8  33  9  34
  0  26  1  13  2  32  3  7  4  75  5  25  6  83  7  33  8  54  9  56
  0  87  1  76  2  54  3  4  4  46  5  11  6  13  7  24  8  9  9  89
  0  2  1  34  2  41  3  25  4  15  5  58  6  41  7  41  8  68  9  28
  0  86  1  17  2  32  3  32  4  71  5  47  6  45  7  76  8  67  9  70
  0  80  1  13  2  30  3  48  4  65  5  25  6  15  7  3  8  74  9  1
  0  96  1  35  2  51  3  24  4  88  5  85  6  25  7  51  8  12  9  12
  0  24  1  75  2  67  3  93  4  7  5  81  6  96  7  88  8  67  9  47
  0  48  1  95  2  71  3  51  4  76  5  8  6  46  7  75  8  47  9  59
  0  20  1  32  2  14  3  93  4  85  5  44  6  8  7  6  8  36  9  54
  0  43  1  45  2  99  3  52  4  21  5  81  6  68  7  35  8  15  9  51
  0  85  1  52  2  39  3  68  4  72  5  88  6  47  7  39  8  64  9  83
  0  12  1  24  2  13  3  16  4  81  5  52  6  82  7  71  8  15  9  51
  0  14  1  81  2  42  3  69  4  71  5  19  6  93  7  2  8  71  9  62
  0  9  1  40  2  62  3  77  4  8  5  9  6  19  7  85  8  87  9  61
  0  52  1  95  2  83  3  50  4  54  5  43  6  94  7  83  8  34  9  49
  0  77  1  46  2  13  3  91  4  44  5  45  6  77  7  59  8  36  9  88
  0  12  1  27  2  38  3  42  4  69  5  79  6  71  7  94  8  35  9  50
  0  70  1  28  2  5  3  79  4  36  5  97  6  81  7  2  8  28  9  40
  0  46  1  96  2  13  3  72  4  77  5  89  6  11  7  64  8  21  9  74
  0  96  1  80  2  26  3  89  4  41  5  28  6  94  7  83  8  99  9  60
  0  33  1  34  2  94  3  22  4  83  5  23  6  47  7  35  8  76  9  73
  0  31  1  58  2  38  3  97  4  92  5  66  6  38  7  25  8  29  9  53
  0  68  1  87  2  29  3  24  4  84  5  6  6  29  7  49  8  40  9  87
  0  14  1  98  2  15  3  36  4  87  5  61  6  12  7  33  8  92  9  39
  0  56  1  36  2  30  3  57  4  44  5  11  6  37  7  28  8  17  9  93
  0  13  1  70  2  52  3  43  4  85  5  75  6  2  7  24  8  92  9  42
  0  22  1  57  2  85  3  61  4  72  5  97  6  2  7  95  8  77  9  40
  0  52  1  93  2  77  3  62  4  28  5  40  6  13  7  63  8  22  9  9
  0  26  1  37  2  4  3  8  4  66  5  4  6  22  7  95  8  29  9  91
  0  97  1  26  2  69  3  32  4  41  5  55  6  85  7  9  8  15  9  8
  0  34  1  90  2  7  3  89  4  36  5  22  6  4  7  90  8  5  9  51
  0  70  1  24  2  63  3  40  4  69  5  90  6  71  7  52  8  94  9  58
  0  56  1  50  2  86  3  2  4  28  5  17  6  55  7  49  8  23  9  3
  0  34  1  15  2  95  3  54  4  40  5  27  6  68  7  77  8  15  9  76
  0  96  1  44  2  59  3  42  4  19  5  34  6  3  7  74  8  89  9  94
  0  61  1  38  2  15  3  34  4  79  5  52  6  55  7  91  8  54  9  64
  0  44  1  57  2  89  3  64  4  44  5  22  6  34  7  14  8  48  9  88
  0  91  1  49  2  79  3  78  4  17  5  91  6  70  7  95  8  24  9  49
  0  8  1  54  2  82  3  25  4  72  5  76  6  72  7  46  8  22  9  4
  0  19  1  85  2  95  3  96  4  42  5  37  6  24  7  1  8  75  9  63
  0  88  1  10  2  45  3  42  4  55  5  64  6  23  7  59  8  83  9  47
  0  81  1  39  2  78  3  76  4  19  5  10  6  37  7  4  8  36  9  32
  0  16  1  72  2  78  3  50  4  13  5  92  6  76  7  48  8  43  9  22
  0  51  1  1  2  42  3  89  4  60  5  70  6  45  7  79  8  9  9  87
  0  16  1  56  2  49  3  99  4  18  5  25  6  34  7  96  8  55  9  38
  0  21  1  43  2  37  3  86  4  15  5  58  6  24  7  57  8  4  9  44
  0  74  1  36  2  50  3  55  4  99  5  74  6  99  7  34  8  79  9  72
  0  58  1  78  2  11  3  34  4  25  5  18  6  4  7  86  8  91  9  95
  0  14  1  97  2  53  3  94  4  98  5  5  6  62  7  63  8  40  9  53
  0  64  1  6  2  54  3  13  4  61  5  66  6  93  7  3  8  3  9  14
  0  5  1  63  2  3  3  91  4  4  5  39  6  38  7  16  8  80  9  67
  0  58  1  22  2  38  3  95  4  33  5  84  6  31  7  57  8  5  9  78
  0  68  1  84  2  21  3  44  4  83  5  43  6  78  7  80  8  92  9  12
  0  83  1  74  2  81  3  42  4  31  5  43  6  17  7  74  8  40  9  47
  0  56  1  91  2  2  3  2  4  91  5  39  6  40  7  94  8  74  9  43
  0  80  1  75  2  98  3  3  4  66  5  7  6  27  7  39  8  92  9  51
  0  5  1  32  2  34  3  64  4  84  5  68  6  79  7  9  8  63  9  89
  0  11  1  99  2  3  3  7  4  90  5  69  6  77  7  33  8  31  9  87
  0  87  1  33  2  77  3  83  4  14  5  3  6  19  7  69  8  14  9  31
  0  1  1  41  2  78  3  89  4  25  5  13  6  3  7  73  8  37  9  21
  0  44  1  76  2  58  3  92  4  55  5  79  6  94  7  65  8  38  9  74
  0  35  1  10  2  40  3  67  4  34  5  88  6  84  7  28  8  22  9  45
  0  36  1  71  2  98  3  20  4  99  5  5  6  98  7  33  8  38  9  55
  0  45  1  70  2  48  3  75  4  15  5  77  6  15  7  96  8  87  9  37
  0  55  1  59  2  62  3  92  4  16  5  57  6  44  7  36  8  71  9  63
  0  49  1  76  2  50  3  33  4  83  5  65  6  95  7  96  8  78  9  21
  0  8  1  87  2  94  3  7  4  57  5  71  6  39  7  40  8  43  9  65
  0  43  1  43  2  49  3  76  4  97  5  46  6  15  7  82  8  48  9  27
  0  22  1  41  2  96  3  42  4  78  5  7  6  56  7  63  8  30  9  75
  0  62  1  55  2  42  3  11  4  31  5  33  6  37  7  92  8  19  9  99
  0  70  1  13  2  37  3  46  4  78  5  10  6  2  7  66  8  49  9  95
  0  42  1  22  2  74  3  40  4  88  5  49  6  6  7  6  8  18  9  6
  0  8  1  50  2  25  3  96  4  86  5  36  6  47  7  17  8  48  9  15
  0  64  1  6  2  87  3  87  4  44  5  20  6  43  7  41  8  14  9  32
  0  45  1  19  2  71  3  39  4  57  5  81  6  76  7  41  8  80  9  63
  0  69  1  95  2  70  3  23  4  17  5  91  6  98  7  45  8  92  9  77
  0  34  1  58  2  18  3  43  4  51  5  58  6  45  7  43  8  79  9  45
  0  47  1  2  2  45  3  43  4  34  5  54  6  84  7  34  8  38  9  92
  0  16  1  33  2  17  3  40  4  3  5  90  6  68  7  64  8  53  9  89
  0  63  1  95  2  33  3  89  4  42  5  27  6  81  7  12  8  19  9  4
  0  64  1  92  2  93  3  21  4  4  5  31  6  79  7  99  8  63  9  12
  0  77  1  12  2  89  3  88  4  66  5  57  6  23  7  49  8  80  9  26
  0  35  1  94  2  11  3  8  4  68  5  18  6  32  7  8  8  62  9  58
  0  48  1  98  2  14  3  48  4  22  5  15  6  88  7  15  8  8  9  68
  0  86  1  71  2  26  3  41  4  43  5  24  6  24  7  70  8  93  9  84
  0  37  1  70  2  47  3  50  4  37  5  11  6  53  7  1  8  5  9  68
  0  43  1  26  2  15  3  30  4  83  5  75  6  74  7  93  8  84  9  98
  0  72  1  10  2  38  3  19  4  39  5  51  6  81  7  53  8  98  9  13
  0  13  1  82  2  95  3  71  4  4  5  20  6  93  7  56  8  92  9  40
  0  8  1  22  2  35  3  65  4  4  5  9  6  65  7  30  8  73  9  47
  0  87  1  55  2  75  3  29  4  90  5  2  6  1  7  50  8  74  9  11
  0  3  1  25  2  19  3  23  4  88  5  88  6  34  7  39  8  85  9  56
  0  75  1  81  2  11  3  17  4  15  5  45  6  3  7  56  8  93  9  64
  0  16  1  53  2  9  3  27  4  74  5  91  6  4  7  16  8  23  9  77
  0  55  1  51  2  46  3  54  4  89  5  78  6  27  7  62  8  82  9  10
  0  70  1  78  2  85  3  18  4  14  5  34  6  23  7  56  8  97  9  96
  0  39  1  25  2  76  3  66  4  74  5  30  6  74  7  21  8  30  9  99
  0  41  1  4  2  21  3  51  4  44  5  56  6  42  7  20  8  99  9  16
  0  4  1  6  2  54  3  50  4  91  5  87  6  42  7  86  8  64  9  9
  0  79  1  66  2  15  3  55  4  5  5  29  6  24  7  47  8  36  9  95
  0  9  1  40  2  20  3  35  4  33  5  5  6  11  7  94  8  31  9  14
  0  68  1  58  2  71  3  72  4  97  5  54  6  52  7  71  8  46  9  21
  0  8  1  34  2  39  3  8  4  68  5  91  6  29  7  63  8  10  9  33
  0  67  1  56  2  67  3  66  4  48  5  9  6  18  7  29  8  63  9  41
  0  51  1  19  2  75  3  76  4  70  5  25  6  12  7  35  8  16  9  99
  0  6  1  17  2  85  3  81  4  68  5  70  6  90  7  69  8  51  9  75
  0  99  1  13  2  32  3  97  4  24  5  55  6  43  7  94  8  65  9  58
  0  21  1  75  2  36  3  91  4  37  5  45  6  99  7  46  8  58  9  90
  0  21  1  45  2  25  3  84  4  94  5  24  6  61  7  13  8  10  9  17
  0  53  1  54  2  75  3  80  4  41  5  73  6  85  7  27  8  48  9  96
  0  29  1  51  2  2  3  83  4  58  5  83  6  47  7  18  8  74  9  93
  0  50  1  79  2  91  3  26  4  36  5  70  6  94  7  52  8  15  9  1
  0  92  1  56  2  91  3  71  4  33  5  4  6  61  7  94  8  48  9  49
  0  32  1  50  2  27  3  83  4  29  5  60  6  31  7  41  8  75  9  34
  0  20  1  91  2  55  3  18  4  45  5  7  6  95  7  51  8  13  9  78
  0  25  1  9  2  45  3  8  4  98  5  81  6  80  7  17  8  9  9  33
  0  96  1  32  2  92  3  26  4  40  5  53  6  25  7  10  8  3  9  6
  0  68  1  13  2  79  3  36  4  89  5  77  6  84  7  96  8  89  9  36
  0  37  1  35  2  90  3  18  4  13  5  86  6  85  7  21  8  43  9  26
  0  51  1  14  2  4  3  33  4  51  5  23  6  16  7  75  8  14  9  42
  0  66  1  16  2  49  3  59  4  8  5  94  6  23  7  91  8  4  9  51
  0  28  1  70  2  19  3  74  4  13  5  17  6  80  7  1  8  39  9  12
  0  58  1  8  2  7  3  23  4  34  5  56  6  57  7  77  8  62  9  90
  0  22  1  73  2  48  3  3  4  18  5  59  6  75  7  3  8  73  9  47
  0  85  1  69  2  49  3  28  4  77  5  69  6  92  7  5  8  72  9  57
  0  21  1  54  2  77  3  9  4  49  5  3  6  38  7  47  8  87  9  57
  0  56  1  55  2  78  3  33  4  18  5  93  6  51  7  82  8  66  9  66
  0  15  1  91  2  2  3  96  4  18  5  19  6  93  7  13  8  34  9  84
  0  50  1  55  2  71  3  36  4  67  5  46  6  98  7  54  8  58  9  99
  0  44  1  60  2  34  3  48  4  11  5  52  6  81  7  13  8  1  9  80
  0  78  1  64  2  70  3  31  4  12  5  25  6  24  7  84  8  12  9  20
  0  43  1  69  2  15  3  90  4  7  5  25  6  8  7  7  8  31  9  36
  0  24  1  52  2  57  3  22  4  97  5  67  6  50  7  74  8  85  9  78
  0  97  1  88  2  23  3  44  4  14  5  26  6  65  7  88  8  84  9  98
  0  41  1  23  2  25  3  81  4  8  5  55  6  20  7  72  8  91  9  50
  0  71  1  65  2  55  3  88  4  80  5  6  6  14  7  33  8  29  9  48
  0  17  1  4  2  47  3  25  4  27  5  22  6  72  7  97  8  3  9  70
  0  44  1  68  2  55  3  76  4  88  5  47  6  10  7  35  8  79  9  12
  0  28  1  2  2  96  3  15  4  59  5  37  6  97  7  12  8  14  9  83
  0  82  1  32  2  96  3  98  4  32  5  88  6  29  7  87  8  25  9  24
  0  51  1  95  2  73  3  34  4  92  5  54  6  43  7  5  8  38  9  11
  0  33  1  61  2  39  3  61  4  37  5  17  6  33  7  72  8  17  9  71
  0  91  1  78  2  45  3  89  4  91  5  66  6  12  7  63  8  85  9  98
  0  1  1  40  2  27  3  36  4  69  5  69  6  53  7  52  8  1  9  96
  0  52  1  60  2  1  3  20  4  60  5  96  6  71  7  61  8  65  9  14
  0  73  1  48  2  5  3  98  4  53  5  94  6  2  7  8  8  21  9  17
  0  63  1  84  2  80  3  41  4  36  5  11  6  56  7  78  8  3  9  84
  0  73  1  76  2  47  3  57  4  82  5  70  6  43  7  47  8  33  9  96
  0  29  1  27  2  29  3  40  4  76  5  43  6  47  7  28  8  69  9  16
  0  73  1  96  2  45  3  43  4  97  5  76  6  74  7  80  8  82  9  99
  0  71  1  87  2  75  3  2  4  60  5  66  6  55  7  77  8  51  9  23
  0  5  1  27  2  90  3  21  4  73  5  75  6  93  7  33  8  66  9  78
  0  74  1  82  2  57  3  34  4  27  5  45  6  36  7  58  8  25  9  53
  0  26  1  6  2  52  3  16  4  25  5  42  6  66  7  52  8  69  9  90
  0  62  1  2  2  22  3  16  4  2  5  52  6  20  7  18  8  7  9  10
  0  52  1  42  2  38  3  93  4  37  5  45  6  19  7  29  8  32  9  51
  0  62  1  83  2  89  3  98  4  4  5  46  6  37  7  71  8  79  9  73
  0  54  1  40  2  70  3  34  4  71  5  85  6  8  7  21  8  12  9  62
  0  30  1  33  2  48  3  24  4  18  5  29  6  56  7  27  8  47  9  6
  0  72  1  81  2  46  3  68  4  4  5  18  6  47  7  74  8  31  9  73
  0  53  1  83  2  15  3  39  4  80  5  40  6  90  7  13  8  37  9  74
  0  16  1  38  2  42  3  86  4  99  5  35  6  11  7  65  8  32  9  59
  0  48  1  55  2  97  3  32  4  31  5  52  6  25  7  31  8  68  9  18
  0  30  1  38  2  79  3  30  4  33  5  85  6  15  7  11  8  71  9  36
  0  14  1  2  2  27  3  5  4  87  5  69  6  53  7  94  8  56  9  74
  0  60  1  5  2  76  3  28  4  96  5  42  6  54  7  24  8  35  9  41
  0  17  1  13  2  53  3  66  4  89  5  58  6  68  7  57  8  7  9  7
  0  53  1  49  2  45  3  42  4  67  5  57  6  71  7  6  8  56  9  32
  0  27  1  22  2  14  3  10  4  97  5  45  6  12  7  11  8  46  9  19
  0  45  1  83  2  8  3  17  4  26  5  62  6  54  7  7  8  53  9  18
  0  5  1  59  2  30  3  5  4  31  5  76  6  83  7  22  8  66  9  38
  0  58  1  82  2  40  3  71  4  38  5  3  6  92  7  98  8  39  9  95
  0  27  1  15  2  89  3  26  4  18  5  7  6  74  7  43  8  82  9  12
  0  2  1  12  2  72  3  68  4  45  5  12  6  60  7  32  8  51  9  59
  0  6  1  27  2  12  3  88  4  48  5  79  6  60  7  95  8  55  9  48
  0  21  1  8  2  2  3  39  4  33  5  69  6  89  7  82  8  24  9  28
  0  23  1  2  2  2  3  67  4  87  5  8  6  96  7  38  8  9  9  81
  0  70  1  59  2  89  3  57  4  68  5  2  6  46  7  99  8  80  9  81
  0  96  1  27  2  55  3  22  4  68  5  60  6  63  7  49  8  29  9  59
  0  4  1  49  2  63  3  4  4  16  5  95  6  38  7  18  8  30  9  12
  0  42  1  44  2  69  3  49  4  80  5  33  6  81  7  80  8  64  9  78
  0  77  1  39  2  38  3  37  4  91  5  65  6  12  7  93  8  97  9  30
  0  7  1  78  2  43  3  43  4  30  5  38  6  86  7  88  8  32  9  12
  0  46  1  14  2  17  3  81  4  2  5  86  6  6  7  75  8  9  9  91
  0  74  1  61  2  5  3  28  4  17  5  51  6  28  7  27  8  7  9  3
  0  76  1  11  2  56  3  97  4  75  5  56  6  88  7  20  8  32  9  23
  0  86  1  71  2  94  3  86  4  77  5  3  6  48  7  61  8  58  9  31
  0  7  1  11  2  86  3  85  4  94  5  89  6  83  7  12  8  18  9  52
  0  18  1  91  2  70  3  26  4  77  5  95  6  32  7  42  8  45  9  60
  0  45  1  59  2  36  3  51  4  78  5  30  6  56  7  62  8  16  9  97
  0  90  1  62  2  35  3  19  4  50  5  86  6  53  7  50  8  5  9  32
  0  62  1  43  2  97  3  13  4  73  5  39  6  31  7  72  8  49  9  61
  0  42  1  67  2  98  3  38  4  27  5  73  6  51  7  99  8  74  9  59
  0  39  1  51  2  25  3  54  4  53  5  8  6  54  7  91  8  66  9  19
  0  58  1  94  2  18  3  60  4  87  5  62  6  9  7  47  8  44  9  47
  0  62  1  83  2  63  3  43  4  39  5  83  6  20  7  31  8  19  9  11
  0  46  1  38  2  76  3  13  4  43  5  13  6  23  7  73  8  26  9  27
  0  93  1  85  2  38  3  54  4  90  5  24  6  18  7  83  8  25  9  82
  0  7  1  60  2  9  3  85  4  29  5  83  6  90  7  6  8  91  9  89
  0  38  1  36  2  70  3  89  4  18  5  4  6  92  7  62  8  10  9  23
  0  31  1  12  2  72  3  25  4  51  5  35  6  37  7  10  8  11  9  63
  0  96  1  7  2  74  3  72  4  30  5  51  6  3  7  82  8  53  9  92
  0  30  1  82  2  18  3  6  4  36  5  47  6  73  7  77  8  86  9  48
  0  77  1  69  2  75  3  62  4  16  5  93  6  20  7  31  8  67  9  51
  0  73  1  35  2  26  3  18  4  65  5  64  6  64  7  74  8  82  9  27
  0  5  1  18  2  39  3  14  4  17  5  9  6  23  7  91  8  86  9  23
  0  98  1  36  2  93  3  35  4  4  5  87  6  17  7  31  8  77  9  8
  0  42  1  42  2  5  3  75  4  41  5  44  6  62  7  36  8  56  9  55
  0  9  1  1  2  98  3  39  4  36  5  58  6  49  7  90  8  97  9  50
  0  21  1  61  2  70  3  13  4  26  5  48  6  99  7  94  8  39  9  60
  0  75  1  98  2  74  3  31  4  90  5  10  6  96  7  48  8  13  9  10
  0  50  1  1  2  58  3  82  4  64  5  92  6  53  7  62  8  75  9  54
  0  19  1  93  2  71  3  44  4  4  5  85  6  44  7  45  8  86  9  84
  0  29  1  85  2  76  3  10  4  28  5  27  6  10  7  6  8  74  9  23
  0  26  1  28  2  89  3  28  4  50  5  45  6  11  7  2  8  36  9  40
  0  13  1  63  2  30  3  37  4  57  5  58  6  68  7  79  8  21  9  73
  0  25  1  54  2  5  3  94  4  58  5  17  6  18  7  93  8  25  9  78
  0  82  1  96  2  77  3  51  4  24  5  59  6  40  7  59  8  19  9  71
  0  43  1  78  2  26  3  35  4  67  5  44  6  24  7  23  8  94  9  42
  0  28  1  83  2  17  3  93  4  64  5  60  6  13  7  65  8  12  9  56
  0  92  1  86  2  55  3  30  4  6  5  61  6  2  7  28  8  22  9  88
  0  51  1  86  2  49  3  33  4  34  5  49  6  53  7  20  8  46  9  89
  0  79  1  42  2  41  3  36  4  3  5  92  6  80  7  34  8  45  9  72
  0  29  1  95  2  55  3  34  4  54  5  16  6  15  7  62  8  71  9  73
  0  32  1  92  2  41  3  19  4  42  5  29  6  6  7  39  8  3  9  18
  0  21  1  42  2  83  3  65  4  35  5  99  6  59  7  32  8  3  9  54
  0  76  1  24  2  39  3  50  4  45  5  72  6  65  7  80  8  72  9  76
  0  87  1  41  2  44  3  27  4  5  5  21  6  23  7  65  8  63  9  97
  0  17  1  36  2  76  3  98  4  29  5  22  6  88  7  51  8  7  9  89
  0  57  1  38  2  39  3  76  4  64  5  17  6  84  7  96  8  6  9  82
  0  8  1  47  2  2  3  87  4  69  5  42  6  30  7  29  8  8  9  8
  0  77  1  76  2  87  3  17  4  64  5  9  6  6  7  38  8  81  9  74
  0  1  1  38  2  47  3  89  4  82  5  58  6  77  7  50  8  83  9  47
  0  14  1  13  2  17  3  38  4  70  5  74  6  59  7  82  8  83  9  60
  0  27  1  93  2  74  3  83  4  93  5  48  6  63  7  56  8  65  9  64
  0  92  1  59  2  38  3  47  4  52  5  92  6  66  7  65  8  5  9  62
  0  42  1  9  2  58  3  96  4  58  5  32  6  49  7  74  8  7  9  91
  0  8  1  18  2  25  3  31  4  28  5  84  6  5  7  64  8  78  9  55
  0  24  1  68  2  7  3  8  4  54  5  80  6  29  7  15  8  69  9  67
  0  21  1  25  2  48  3  15  4  32  5  89  6  57  7  34  8  96  9  63
  0  39  1  4  2  22  3  83  4  58  5  97  6  67  7  5  8  79  9  45
  0  44  1  56  2  62  3  40  4  6  5  26  6  24  7  95  8  9  9  8
  0  80  1  2  2  55  3  64  4  81  5  41  6  56  7  83  8  99  9  68
  0  72  1  29  2  26  3  51  4  23  5  26  6  1  7  41  8  70  9  27
  0  64  1  13  2  18  3  40  4  25  5  88  6  76  7  29  8  59  9  48
  0  2  1  3  2  4  3  75  4  87  5  68  6  7  7  10  8  78  9  1
  0  37  1  79  2  38  3  65  4  76  5  61  6  82  7  94  8  37  9  81
  0  68  1  88  2  97  3  39  4  84  5  20  6  20  7  44  8  6  9  39
  0  13  1  86  2  92  3  18  4  57  5  69  6  49  7  78  8  81  9  86
  0  70  1  96  2  85  3  33  4  56  5  74  6  35  7  56  8  49  9  22
  0  69  1  7  2  42  3  88  4  3  5  36  6  56  7  44  8  20  9  57
  0  82  1  89  2  77  3  57  4  45  5  51  6  74  7  31  8  22  9  97
  0  49  1  85  2  35  3  59  4  25  5  14  6  90  7  65  8  90  9  53
  0  49  1  23  2  11  3  75  4  26  5  82  6  95  7  67  8  71  9  90
  0  61  1  98  2  95  3  17  4  82  5  99  6  97  7  85  8  99  9  81
  0  41  1  84  2  46  3  64  4  96  5  10  6  97  7  28  8  9  9  56
  0  66  1  65  2  85  3  95  4  89  5  19  6  5  7  82  8  79  9  36
  0  96  1  74  2  45  3  58  4  38  5  67  6  98  7  50  8  64  9  83
  0  95  1  8  2  91  3  57  4  93  5  26  6  10  7  3  8  12  9  2
  0  78  1  71  2  27  3  2  4  35  5  22  6  48  7  36  8  15  9  61
  0  46  1  92  2  21  3  40  4  36  5  48  6  4  7  96  8  33  9  38
  0  38  1  94  2  35  3  72  4  13  5  89  6  4  7  19  8  54  9  25
  0  39  1  80  2  66  3  45  4  75  5  64  6  53  7  65  8  44  9  95
  0  46  1  46  2  79  3  35  4  64  5  64  6  63  7  98  8  86  9  66
  0  34  1  91  2  88  3  47  4  8  5  5  6  91  7  15  8  79  9  37
  0  36  1  96  2  17  3  32  4  45  5  19  6  54  7  53  8  73  9  72
  0  47  1  41  2  36  3  25  4  47  5  5  6  71  7  60  8  19  9  62
  0  82  1  45  2  89  3  30  4  58  5  56  6  15  7  6  8  69  9  23
  0  9  1  20  2  88  3  68  4  43  5  42  6  87  7  39  8  45  9  62
  0  3  1  71  2  42  3  80  4  78  5  41  6  12  7  86  8  13  9  71
  0  59  1  12  2  91  3  12  4  24  5  72  6  71  7  16  8  75  9  45
  0  39  1  63  2  73  3  50  4  70  5  28  6  81  7  19  8  65  9  64
  0  67  1  80  2  27  3  76  4  27  5  96  6  15  7  97  8  21  9  14
  0  85  1  73  2  8  3  39  4  11  5  52  6  3  7  29  8  25  9  5
  0  18  1  65  2  44  3  42  4  40  5  59  6  69  7  91  8  62  9  89
  0  55  1  58  2  81  3  93  4  7  5  81  6  17  7  39  8  39  9  54
  0  13  1  64  2  16  3  77  4  47  5  56  6  43  7  59  8  30  9  9
  0  94  1  86  2  87  3  77  4  78  5  22  6  67  7  22  8  96  9  11
  0  76  1  3  2  34  3  93  4  86  5  81  6  81  7  65  8  36  9  32
  0  98  1  29  2  15  3  59  4  54  5  24  6  27  7  96  8  91  9  33
  0  48  1  13  2  30  3  3  4  45  5  64  6  90  7  26  8  1  9  57
  0  92  1  69  2  79  3  26  4  80  5  49  6  18  7  19  8  64  9  87
  0  26  1  66  2  91  3  97  4  43  5  68  6  77  7  89  8  61  9  15
  0  59  1  83  2  41  3  41  4  60  5  82  6  61  7  76  8  78  9  33
  0  77  1  33  2  23  3  83  4  91  5  47  6  73  7  15  8  54  9  76
  0  46  1  91  2  43  3  3  4  65  5  93  6  2  7  4  8  89  9  80
  0  26  1  82  2  52  3  27  4  28  5  86  6  90  7  34  8  24  9  38
  0  92  1  81  2  21  3  59  4  78  5  4  6  97  7  75  8  96  9  83
  0  10  1  21  2  96  3  5  4  55  5  76  6  22  7  9  8  85  9  24
  0  22  1  40  2  63  3  94  4  77  5  88  6  69  7  37  8  1  9  51
  0  34  1  40  2  33  3  65  4  44  5  91  6  80  7  11  8  46  9  41
  0  31  1  61  2  41  3  14  4  59  5  36  6  45  7  89  8  13  9  90
  0  78  1  34  2  32  3  39  4  79  5  66  6  46  7  1  8  66  9  76
  0  48  1  10  2  7  3  47  4  54  5  39  6  52  7  32  8  72  9  20
  0  49  1  92  2  62  3  58  4  40  5  12  6  54  7  76  8  11  9  15
  0  43  1  48  2  52  3  82  4  3  5  86  6  42  7  31  8  66  9  3
  0  55  1  85  2  68  3  66  4  70  5  92  6  60  7  12  8  36  9  27
  0  27  1  79  2  83  3  99  4  77  5  92  6  41  7  65  8  79  9  2
  0  63  1  96  2  67  3  45  4  68  5  64  6  45  7  20  8  85  9  44
  0  51  1  43  2  14  3  38  4  70  5  64  6  70  7  79  8  7  9  54
  0  75  1  70  2  44  3  70  4  88  5  53  6  63  7  93  8  16  9  24
  0  9  1  68  2  27  3  47  4  92  5  5  6  77  7  19  8  94  9  11
  0  7  1  80  2  14  3  77  4  59  5  4  6  43  7  26  8  62  9  81
  0  4  1  91  2  42  3  98  4  47  5  5  6  70  7  62  8  11  9  93
  0  74  1  29  2  93  3  18  4  43  5  53  6  77  7  7  8  19  9  32
  0  17  1  66  2  69  3  36  4  70  5  69  6  47  7  47  8  49  9  59
  0  18  1  44  2  8  3  9  4  93  5  93  6  88  7  30  8  96  9  58
  0  9  1  36  2  67  3  19  4  60  5  72  6  63  7  67  8  33  9  89
  0  22  1  33  2  1  3  22  4  95  5  26  6  36  7  91  8  71  9  31
  0  30  1  53  2  23  3  82  4  32  5  47  6  79  7  85  8  46  9  24
  0  1  1  92  2  51  3  71  4  84  5  26  6  13  7  39  8  55  9  15
  0  19  1  49  2  3  3  98  4  62  5  48  6  78  7  87  8  32  9  21
  0  66  1  10  2  3  3  80  4  76  5  79  6  37  7  7  8  35  9  46
  0  26  1  99  2  78  3  36  4  32  5  58  6  54  7  79  8  31  9  6
  0  2  1  91  2  51  3  39  4  69  5  50  6  46  7  50  8  70  9  76
  0  75  1  46  2  5  3  35  4  59  5  95  6  91  7  92  8  39  9  46
  0  88  1  95  2  58  3  2  4  91  5  80  6  46  7  61  8  42  9  4
  0  72  1  44  2  96  3  62  4  91  5  72  6  17  7  53  8  21  9  62
  0  88  1  69  2  88  3  61  4  97  5  53  6  71  7  37  8  97  9  45
  0  2  1  80  2  55  3  96  4  3  5  7  6  64  7  37  8  92  9  54
  0  55  1  17  2  69  3  10  4  51  5  63  6  59  7  17  8  30  9  21
  0  82  1  53  2  16  3  64  4  94  5  69  6  96  7  7  8  84  9  25
  0  35  1  36  2  44  3  82  4  38  5  60  6  41  7  26  8  85  9  40
  0  68  1  21  2  40  3  34  4  33  5  38  6  88  7  99  8  21  9  1
  0  83  1  9  2  54  3  26  4  98  5  78  6  19  7  81  8  91  9  31
  0  23  1  64  2  59  3  29  4  33  5  84  6  31  7  39  8  87  9  2
  0  9  1  40  2  74  3  48  4  80  5  65  6  49  7  50  8  45  9  49
  0  95  1  9  2  40  3  20  4  86  5  15  6  45  7  48  8  86  9  15
  0  11  1  60  2  85  3  41  4  41  5  61  6  89  7  74  8  17  9  35
  0  77  1  10  2  51  3  11  4  14  5  35  6  99  7  15  8  80  9  49
  0  75  1  57  2  55  3  83  4  52  5  3  6  54  7  85  8  32  9  33
  0  25  1  95  2  23  3  22  4  49  5  25  6  63  7  41  8  85  9  1
  0  67  1  92  2  76  3  60  4  93  5  45  6  88  7  84  8  59  9  84
  0  68  1  21  2  43  3  42  4  22  5  27  6  59  7  48  8  60  9  40
  0  94  1  11  2  64  3  59  4  35  5  38  6  67  7  66  8  25  9  43
  0  45  1  66  2  42  3  3  4  74  5  92  6  81  7  56  8  4  9  12
  0  63  1  68  2  27  3  32  4  29  5  90  6  70  7  95  8  92  9  96
  0  33  1  11  2  38  3  80  4  36  5  45  6  92  7  28  8  68  9  2
  0  37  1  17  2  42  3  34  4  92  5  2  6  89  7  83  8  24  9  79
  0  67  1  36  2  50  3  58  4  50  5  36  6  28  7  60  8  26  9  8
  0  72  1  32  2  29  3  63  4  26  5  61  6  71  7  5  8  82  9  6
  0  59  1  48  2  26  3  79  4  4  5  25  6  56  7  69  8  64  9  38
  0  94  1  67  2  85  3  85  4  2  5  41  6  7  7  66  8  46  9  78
  0  66  1  37  2  5  3  80  4  30  5  96  6  90  7  91  8  5  9  94
  0  28  1  79  2  22  3  7  4  33  5  19  6  8  7  16  8  60  9  34
  0  71  1  97  2  30  3  95  4  70  5  97  6  35  7  97  8  43  9  39
  0  7  1  44  2  20  3  15  4  88  5  19  6  45  7  41  8  26  9  31
  0  71  1  80  2  91  3  54  4  15  5  60  6  10  7  94  8  84  9  43
  0  24  1  66  2  7  3  34  4  32  5  58  6  32  7  16  8  9  9  6
  0  81  1  55  2  46  3  26  4  67  5  32  6  11  7  66  8  9  9  62
  0  89  1  60  2  8  3  35  4  77  5  29  6  75  7  74  8  28  9  34
  0  15  1  2  2  50  3  84  4  93  5  54  6  66  7  69  8  82  9  91
  0  20  1  37  2  21  3  96  4  15  5  63  6  41  7  34  8  45  9  86
  0  84  1  56  2  5  3  79  4  54  5  38  6  26  7  98  8  16  9  99
  0  66  1  36  2  31  3  41  4  37  5  50  6  82  7  95  8  62  9  66
  0  38  1  85  2  4  3  59  4  36  5  29  6  77  7  64  8  25  9  29
  0  56  1  90  2  59  3  52  4  58  5  9  6  50  7  79  8  19  9  54
  0  24  1  66  2  24  3  71  4  18  5  71  6  66  7  72  8  50  9  29
  0  15  1  4  2  13  3  64  4  37  5  35  6  80  7  99  8  11  9  10
  0  52  1  78  2  99  3  34  4  49  5  15  6  1  7  89  8  38  9  55
  0  73  1  81  2  65  3  89  4  10  5  78  6  12  7  60  8  12  9  4
  0  1  1  59  2  79  3  58  4  26  5  4  6  32  7  23  8  82  9  40
  0  8  1  48  2  12  3  4  4  17  5  18  6  94  7  37  8  47  9  81
  0  59  1  70  2  51  3  60  4  81  5  67  6  49  7  68  8  99  9  32
  0  35  1  42  2  62  3  22  4  79  5  26  6  95  7  87  8  44  9  77
  0  47  1  65  2  76  3  99  4  41  5  83  6  39  7  87  8  65  9  50
  0  75  1  68  2  60  3  35  4  47  5  67  6  92  7  78  8  79  9  21
  0  20  1  70  2  89  3  31  4  92  5  88  6  99  7  22  8  43  9  5
  0  63  1  46  2  56  3  70  4  36  5  56  6  30  7  54  8  87  9  35
  0  54  1  12  2  29  3  50  4  87  5  70  6  1  7  73  8  92  9  87
  0  55  1  86  2  65  3  15  4  13  5  61  6  74  7  61  8  90  9  85
  0  89  1  56  2  22  3  73  4  68  5  35  6  22  7  77  8  19  9  12
  0  72  1  96  2  84  3  19  4  14  5  50  6  88  7  5  8  85  9  47
  0  53  1  39  2  41  3  86  4  75  5  63  6  37  7  65  8  17  9  74
  0  66  1  73  2  60  3  47  4  89  5  98  6  18  7  22  8  81  9  93
  0  3  1  8  2  91  3  54  4  2  5  95  6  3  7  10  8  14  9  72
  0  18  1  49  2  23  3  63  4  19  5  12  6  46  7  73  8  77  9  25
  0  57  1  96  2  5  3  61  4  80  5  93  6  77  7  57  8  17  9  75
  0  79  1  9  2  24  3  51  4  35  5  36  6  82  7  4  8  30  9  92
  0  13  1  17  2  51  3  37  4  27  5  69  6  83  7  25  8  21  9  58
TPM
  0  3253  1  3253  2  3253  3  3253  4  3253  5  3253  6  3253  7  3253  8  3253  9  3253
PMT
  0  22  1  32  2  28  3  14  4  24  5  25  6  38  7  8  8  17  9  39
  0  27  1  12  2  45  3  46  4  40  5  6  6  38  7  8  8  13  9  17
  0  46  1  40  2  20  3  44  4  39  5  32  6  33  7  27  8  22  9  28
  0  49  1  45  2  17  3  26  4  3  5  3  6  1  7  27  8  38  9  22
  0  22  1  44  2  46  3  39  4  5  5  43  6  10  7  7  8  43  9  4
  0  31  1  7  2  29  3  39  4  24  5  25  6  16  7  39  8  9  9  46
  0  11  1  4  2  13  3  49  4  15  5  3  6  9  7  45  8  19  9  9
  0  6  1  9  2  18  3  5  4  37  5  16  6  18  7  3  8  19  9  20
  0  9  1  39  2  21  3  48  4  25  5  5  6  47  7  31  8  41  9  12
  0  18  1  23  2  28  3  27  4  2  5  35  6  4  7  43  8  20  9  42
  0  43  1  46  2  6  3  40  4  38  5  27  6  9  7  30  8  46  9  15
  0  44  1  17  2  7  3  18  4  24  5  38  6  30  7  9  8  18  9  3
  0  21  1  19  2  27  3  28  4  48  5  18  6  41  7  26  8  16  9  49
  0  18  1  12  2  25  3  31  4  6  5  43  6  35  7  18  8  8  9  12
  0  6  1  7  2  38  3  46  4  4  5  17  6  43  7  38  8  23  9  32
  0  16  1  29  2  29  3  27  4  39  5  24  6  5  7  33  8  33  9  22
