100  5
  0  77  1  61  2  75  3  66  4  2
  0  99  1  5  2  55  3  59  4  58
  0  62  1  7  2  87  3  24  4  57
  0  86  1  71  2  45  3  4  4  91
  0  29  1  90  2  21  3  95  4  41
  0  48  1  71  2  71  3  93  4  92
  0  86  1  77  2  20  3  22  4  6
  0  80  1  50  2  51  3  23  4  57
  0  97  1  9  2  20  3  78  4  63
  0  69  1  31  2  94  3  18  4  33
  0  62  1  63  2  91  3  15  4  65
  0  71  1  3  2  24  3  40  4  78
  0  83  1  33  2  9  3  53  4  87
  0  70  1  95  2  90  3  95  4  93
  0  96  1  39  2  54  3  10  4  33
  0  55  1  2  2  69  3  7  4  91
  0  76  1  42  2  17  3  59  4  15
  0  44  1  1  2  43  3  70  4  84
  0  8  1  45  2  21  3  50  4  19
  0  90  1  49  2  44  3  70  4  23
  0  6  1  42  2  42  3  67  4  85
  0  38  1  28  2  52  3  97  4  96
  0  92  1  94  2  81  3  27  4  75
  0  16  1  18  2  46  3  10  4  20
  0  41  1  98  2  54  3  69  4  29
  0  47  1  69  2  30  3  53  4  65
  0  72  1  71  2  95  3  70  4  62
  0  49  1  78  2  4  3  91  4  98
  0  51  1  32  2  32  3  21  4  42
  0  25  1  63  2  39  3  67  4  50
  0  68  1  62  2  36  3  68  4  27
  0  67  1  32  2  35  3  48  4  10
  0  21  1  35  2  58  3  4  4  36
  0  11  1  51  2  41  3  42  4  51
  0  78  1  48  2  62  3  66  4  12
  0  77  1  46  2  55  3  18  4  5
  0  81  1  39  2  37  3  69  4  7
  0  28  1  36  2  77  3  55  4  31
  0  86  1  61  2  54  3  42  4  97
  0  55  1  47  2  51  3  92  4  42
  0  15  1  55  2  6  3  74  4  34
  0  95  1  53  2  72  3  55  4  22
  0  91  1  60  2  34  3  57  4  70
  0  90  1  27  2  44  3  55  4  58
  0  28  1  61  2  50  3  14  4  27
  0  55  1  74  2  34  3  98  4  38
  0  56  1  98  2  61  3  25  4  54
  0  69  1  68  2  26  3  20  4  4
  0  10  1  10  2  48  3  23  4  45
  0  6  1  8  2  20  3  99  4  19
  0  23  1  86  2  78  3  60  4  48
  0  88  1  94  2  26  3  85  4  18
  0  17  1  76  2  4  3  99  4  72
  0  3  1  69  2  47  3  71  4  69
  0  13  1  67  2  25  3  87  4  69
  0  78  1  90  2  41  3  80  4  93
  0  55  1  82  2  40  3  63  4  38
  0  69  1  25  2  6  3  85  4  88
  0  43  1  52  2  74  3  29  4  83
  0  82  1  65  2  61  3  59  4  42
  0  48  1  47  2  73  3  56  4  94
  0  6  1  49  2  86  3  95  4  81
  0  7  1  95  2  49  3  4  4  74
  0  5  1  39  2  38  3  67  4  77
  0  5  1  62  2  74  3  56  4  98
  0  17  1  37  2  28  3  82  4  9
  0  98  1  7  2  10  3  87  4  81
  0  54  1  88  2  1  3  95  4  74
  0  38  1  1  2  95  3  56  4  62
  0  78  1  56  2  52  3  15  4  24
  0  98  1  14  2  36  3  47  4  20
  0  18  1  68  2  16  3  89  4  62
  0  96  1  84  2  25  3  18  4  63
  0  26  1  55  2  45  3  51  4  86
  0  30  1  40  2  46  3  30  4  44
  0  49  1  4  2  40  3  79  4  65
  0  2  1  92  2  83  3  19  4  39
  0  26  1  31  2  94  3  13  4  63
  0  58  1  58  2  4  3  62  4  38
  0  67  1  21  2  8  3  53  4  5
  0  6  1  65  2  89  3  52  4  99
  0  60  1  39  2  92  3  10  4  51
  0  3  1  23  2  37  3  16  4  22
  0  92  1  48  2  65  3  78  4  17
  0  13  1  53  2  50  3  32  4  28
  0  47  1  6  2  73  3  95  4  84
  0  72  1  6  2  51  3  19  4  24
  0  49  1  32  2  38  3  55  4  53
  0  42  1  10  2  49  3  26  4  58
  0  75  1  58  2  29  3  76  4  15
  0  44  1  82  2  2  3  36  4  60
  0  47  1  18  2  78  3  55  4  69
  0  2  1  15  2  48  3  16  4  62
  0  12  1  97  2  42  3  27  4  69
  0  57  1  41  2  88  3  45  4  5
  0  93  1  7  2  60  3  70  4  19
  0  13  1  5  2  24  3  61  4  64
  0  22  1  71  2  12  3  52  4  25
  0  81  1  11  2  55  3  67  4  56
  0  97  1  92  2  93  3  89  4  8
TPM
  0  1131  1  1131  2  1131  3  1131  4  1131
PMT
  0  23  1  21  2  124  3  13  4  81
  0  26  1  24  2  86  3  29  4  81
  0  100  1  59  2  28  3  63  4  36
  0  116  1  43  2  97  3  72  4  96
  0  42  1  116  2  53  3  93  4  92
  0  22  1  12  2  13  3  88  4  116
  0  113  1  122  2  116  3  3  4  30
  0  78  1  15  2  39  3  12  4  15
  0  65  1  119  2  56  3  120  4  59
