50  10
  0  13  1  44  2  41  3  76  4  47  5  53  6  66  7  46  8  16  9  12
  0  82  1  19  2  54  3  86  4  60  5  26  6  55  7  33  8  13  9  38
  0  79  1  34  2  32  3  87  4  67  5  65  6  96  7  79  8  14  9  41
  0  82  1  44  2  66  3  9  4  82  5  24  6  48  7  76  8  26  9  79
  0  41  1  96  2  60  3  65  4  62  5  45  6  21  7  15  8  11  9  65
  0  22  1  20  2  93  3  69  4  17  5  14  6  36  7  10  8  35  9  73
  0  44  1  65  2  92  3  16  4  81  5  17  6  12  7  50  8  54  9  88
  0  17  1  1  2  46  3  86  4  91  5  24  6  27  7  68  8  4  9  82
  0  36  1  21  2  33  3  47  4  11  5  19  6  76  7  38  8  6  9  10
  0  98  1  28  2  39  3  36  4  45  5  68  6  45  7  89  8  63  9  21
  0  27  1  70  2  77  3  82  4  33  5  80  6  15  7  60  8  18  9  85
  0  87  1  22  2  36  3  16  4  68  5  25  6  95  7  97  8  25  9  14
  0  73  1  38  2  86  3  25  4  49  5  90  6  71  7  49  8  33  9  89
  0  98  1  31  2  85  3  21  4  45  5  6  6  44  7  75  8  40  9  25
  0  16  1  96  2  6  3  86  4  6  5  14  6  80  7  90  8  79  9  41
  0  75  1  98  2  76  3  62  4  74  5  30  6  38  7  40  8  56  9  64
  0  10  1  28  2  9  3  11  4  19  5  62  6  61  7  59  8  59  9  60
  0  56  1  48  2  18  3  69  4  44  5  83  6  30  7  23  8  44  9  16
  0  53  1  6  2  45  3  60  4  87  5  45  6  15  7  90  8  84  9  62
  0  35  1  76  2  28  3  60  4  6  5  23  6  77  7  33  8  66  9  40
  0  98  1  21  2  30  3  45  4  35  5  44  6  37  7  80  8  81  9  94
  0  63  1  6  2  77  3  65  4  50  5  75  6  23  7  44  8  35  9  39
  0  81  1  8  2  92  3  7  4  31  5  87  6  32  7  64  8  75  9  96
  0  5  1  51  2  21  3  38  4  3  5  14  6  90  7  31  8  72  9  4
  0  22  1  29  2  68  3  95  4  71  5  19  6  12  7  26  8  35  9  14
  0  42  1  88  2  34  3  96  4  68  5  33  6  50  7  55  8  57  9  61
  0  90  1  34  2  21  3  5  4  24  5  88  6  92  7  33  8  25  9  10
  0  89  1  34  2  4  3  69  4  15  5  56  6  23  7  80  8  48  9  4
  0  16  1  4  2  17  3  35  4  64  5  20  6  52  7  93  8  7  9  56
  0  74  1  76  2  67  3  46  4  62  5  22  6  44  7  43  8  95  9  67
  0  88  1  32  2  78  3  14  4  66  5  5  6  85  7  88  8  80  9  88
  0  83  1  7  2  96  3  56  4  18  5  58  6  7  7  37  8  85  9  82
  0  11  1  26  2  6  3  2  4  13  5  56  6  75  7  29  8  57  9  69
  0  82  1  61  2  49  3  19  4  82  5  40  6  39  7  69  8  91  9  30
  0  58  1  1  2  40  3  42  4  49  5  12  6  80  7  21  8  10  9  79
  0  61  1  51  2  60  3  46  4  98  5  66  6  96  7  6  8  11  9  61
  0  78  1  29  2  2  3  44  4  88  5  59  6  93  7  69  8  41  9  43
  0  68  1  47  2  35  3  94  4  45  5  25  6  80  7  5  8  16  9  68
  0  36  1  50  2  24  3  11  4  44  5  45  6  27  7  28  8  55  9  57
  0  19  1  63  2  62  3  79  4  77  5  28  6  99  7  17  8  59  9  17
  0  78  1  51  2  77  3  42  4  53  5  66  6  24  7  75  8  42  9  66
  0  12  1  28  2  62  3  19  4  68  5  28  6  39  7  95  8  92  9  78
  0  86  1  94  2  53  3  86  4  1  5  73  6  13  7  7  8  92  9  24
  0  74  1  52  2  50  3  64  4  10  5  47  6  17  7  36  8  6  9  25
  0  19  1  21  2  34  3  10  4  80  5  29  6  45  7  30  8  11  9  15
  0  23  1  45  2  54  3  21  4  68  5  87  6  26  7  59  8  84  9  56
  0  89  1  80  2  88  3  7  4  39  5  96  6  79  7  30  8  98  9  40
  0  20  1  11  2  39  3  88  4  22  5  8  6  93  7  91  8  50  9  99
  0  15  1  67  2  72  3  84  4  85  5  60  6  19  7  35  8  10  9  79
  0  47  1  38  2  28  3  61  4  2  5  67  6  22  7  11  8  31  9  89
TPM
  0  913  1  913  2  913  3  913  4  913  5  913  6  913  7  913  8  913  9  913
PMT
  0  23  1  30  2  74  3  59  4  50  5  65  6  70  7  73  8  17  9  68
  0  27  1  58  2  71  3  45  4  15  5  65  6  53  7  41  8  47  9  3
  0  47  1  55  2  24  3  69  4  43  5  6  6  48  7  59  8  46  9  10
  0  23  1  43  2  10  3  10  4  57  5  62  6  8  7  21  8  34  9  31
  0  74  1  58  2  4  3  48  4  64  5  37  6  56  7  58  8  51  9  54
  0  44  1  56  2  25  3  57  4  34  5  37  6  35  7  25  8  60  9  34
