20  10
  0  12  1  76  2  66  3  30  4  92  5  38  6  33  7  10  8  12  9  71
  0  36  1  51  2  81  3  24  4  73  5  72  6  30  7  94  8  80  9  78
  0  83  1  23  2  76  3  34  4  70  5  2  6  83  7  89  8  42  9  92
  0  68  1  49  2  46  3  65  4  3  5  17  6  86  7  95  8  54  9  82
  0  53  1  11  2  35  3  14  4  10  5  41  6  74  7  72  8  86  9  31
  0  4  1  68  2  86  3  22  4  60  5  29  6  26  7  88  8  45  9  35
  0  61  1  26  2  4  3  57  4  67  5  86  6  2  7  1  8  82  9  30
  0  25  1  21  2  17  3  35  4  20  5  90  6  4  7  78  8  52  9  26
  0  38  1  91  2  58  3  90  4  30  5  37  6  6  7  46  8  59  9  78
  0  99  1  16  2  27  3  29  4  88  5  74  6  28  7  94  8  69  9  96
  0  85  1  61  2  83  3  4  4  35  5  92  6  60  7  9  8  41  9  19
  0  53  1  44  2  84  3  51  4  62  5  24  6  51  7  48  8  52  9  69
  0  21  1  17  2  3  3  2  4  25  5  22  6  45  7  90  8  21  9  39
  0  86  1  99  2  17  3  81  4  19  5  67  6  29  7  74  8  49  9  29
  0  66  1  63  2  22  3  49  4  60  5  80  6  11  7  32  8  4  9  7
  0  91  1  39  2  52  3  90  4  37  5  95  6  6  7  39  8  93  9  5
  0  77  1  62  2  13  3  89  4  11  5  49  6  74  7  8  8  9  9  16
  0  10  1  45  2  84  3  34  4  9  5  66  6  43  7  49  8  75  9  60
  0  54  1  32  2  63  3  53  4  82  5  36  6  14  7  32  8  83  9  39
  0  58  1  25  2  68  3  6  4  81  5  29  6  16  7  96  8  40  9  75
TPM
  0  595  1  595  2  595  3  595  4  595  5  595  6  595  7  595  8  595  9  595
PMT
  0  72  1  99  2  89  3  85  4  68  5  73  6  62  7  32  8  47  9  17
  0  5  1  38  2  82  3  18  4  63  5  68  6  30  7  32  8  67  9  80
  0  35  1  98  2  65  3  63  4  3  5  3  6  6  7  62  8  94  9  25
  0  63  1  81  2  9  3  54  4  61  5  9  6  51  7  43  8  33  9  89
