500  5
  0  69  1  46  2  19  3  17  4  3
  0  46  1  32  2  59  3  57  4  29
  0  97  1  40  2  54  3  68  4  84
  0  18  1  62  2  42  3  31  4  65
  0  64  1  61  2  26  3  75  4  24
  0  81  1  54  2  87  3  19  4  88
  0  81  1  4  2  51  3  30  4  2
  0  6  1  52  2  33  3  60  4  4
  0  29  1  22  2  52  3  59  4  24
  0  34  1  31  2  81  3  95  4  96
  0  87  1  85  2  33  3  4  4  2
  0  49  1  61  2  26  3  45  4  23
  0  2  1  21  2  10  3  67  4  96
  0  34  1  87  2  35  3  12  4  15
  0  14  1  9  2  70  3  85  4  71
  0  69  1  93  2  23  3  93  4  57
  0  42  1  63  2  29  3  45  4  78
  0  28  1  55  2  41  3  16  4  27
  0  48  1  79  2  99  3  90  4  45
  0  89  1  47  2  48  3  65  4  31
  0  52  1  41  2  67  3  33  4  7
  0  32  1  62  2  93  3  15  4  72
  0  11  1  19  2  99  3  17  4  68
  0  2  1  19  2  6  3  74  4  72
  0  46  1  56  2  69  3  81  4  81
  0  34  1  12  2  82  3  6  4  82
  0  24  1  29  2  84  3  52  4  71
  0  16  1  76  2  47  3  83  4  12
  0  26  1  70  2  44  3  69  4  30
  0  54  1  22  2  17  3  10  4  1
  0  23  1  52  2  22  3  61  4  70
  0  16  1  7  2  34  3  63  4  91
  0  42  1  67  2  54  3  70  4  59
  0  86  1  52  2  80  3  34  4  85
  0  44  1  62  2  55  3  45  4  84
  0  48  1  59  2  90  3  6  4  62
  0  45  1  74  2  41  3  69  4  31
  0  54  1  60  2  23  3  23  4  19
  0  76  1  97  2  89  3  54  4  49
  0  6  1  66  2  78  3  15  4  33
  0  46  1  70  2  8  3  41  4  22
  0  74  1  49  2  25  3  76  4  62
  0  39  1  18  2  58  3  82  4  45
  0  95  1  70  2  22  3  3  4  4
  0  68  1  62  2  55  3  11  4  43
  0  15  1  3  2  93  3  32  4  56
  0  38  1  63  2  94  3  99  4  85
  0  3  1  31  2  77  3  80  4  2
  0  35  1  26  2  40  3  71  4  22
  0  75  1  30  2  87  3  55  4  18
  0  11  1  15  2  68  3  82  4  34
  0  76  1  64  2  40  3  11  4  1
  0  25  1  43  2  79  3  41  4  76
  0  36  1  44  2  58  3  79  4  22
  0  48  1  17  2  54  3  57  4  32
  0  16  1  49  2  1  3  64  4  81
  0  13  1  69  2  51  3  72  4  39
  0  45  1  68  2  72  3  79  4  43
  0  70  1  99  2  52  3  57  4  72
  0  23  1  98  2  17  3  98  4  77
  0  51  1  20  2  48  3  37  4  14
  0  54  1  37  2  55  3  89  4  1
  0  96  1  99  2  85  3  71  4  40
  0  49  1  84  2  57  3  43  4  9
  0  75  1  54  2  80  3  72  4  57
  0  16  1  27  2  44  3  87  4  47
  0  18  1  86  2  21  3  27  4  4
  0  65  1  62  2  34  3  80  4  98
  0  34  1  10  2  48  3  45  4  27
  0  90  1  47  2  77  3  97  4  75
  0  70  1  29  2  6  3  28  4  41
  0  8  1  26  2  27  3  30  4  26
  0  78  1  5  2  20  3  72  4  52
  0  46  1  64  2  36  3  8  4  35
  0  86  1  66  2  11  3  63  4  20
  0  5  1  10  2  63  3  92  4  46
  0  62  1  98  2  86  3  8  4  87
  0  36  1  54  2  4  3  80  4  95
  0  43  1  70  2  25  3  35  4  78
  0  76  1  95  2  26  3  7  4  16
  0  25  1  14  2  85  3  83  4  87
  0  88  1  88  2  47  3  15  4  96
  0  47  1  2  2  48  3  73  4  57
  0  55  1  4  2  71  3  24  4  65
  0  85  1  22  2  8  3  64  4  92
  0  56  1  14  2  99  3  92  4  59
  0  32  1  6  2  53  3  50  4  5
  0  83  1  72  2  8  3  6  4  25
  0  43  1  68  2  35  3  48  4  17
  0  89  1  73  2  12  3  96  4  49
  0  54  1  6  2  41  3  4  4  38
  0  74  1  61  2  54  3  1  4  1
  0  73  1  82  2  69  3  39  4  92
  0  42  1  76  2  9  3  12  4  39
  0  2  1  72  2  4  3  24  4  31
  0  49  1  19  2  83  3  50  4  52
  0  77  1  2  2  53  3  44  4  87
  0  30  1  29  2  54  3  25  4  88
  0  65  1  96  2  58  3  81  4  75
  0  79  1  11  2  10  3  32  4  8
  0  89  1  96  2  82  3  8  4  25
  0  82  1  62  2  24  3  91  4  35
  0  34  1  83  2  19  3  83  4  27
  0  10  1  6  2  87  3  49  4  36
  0  91  1  85  2  85  3  60  4  54
  0  84  1  32  2  28  3  38  4  90
  0  7  1  40  2  32  3  90  4  31
  0  31  1  46  2  33  3  6  4  51
  0  63  1  72  2  93  3  46  4  58
  0  68  1  87  2  39  3  15  4  58
  0  43  1  38  2  83  3  44  4  89
  0  25  1  59  2  65  3  48  4  14
  0  68  1  45  2  34  3  69  4  1
  0  24  1  6  2  27  3  21  4  33
  0  92  1  66  2  51  3  67  4  27
  0  13  1  97  2  53  3  45  4  76
  0  71  1  19  2  35  3  59  4  37
  0  32  1  57  2  80  3  59  4  44
  0  58  1  3  2  60  3  53  4  53
  0  68  1  97  2  95  3  42  4  60
  0  19  1  11  2  3  3  63  4  61
  0  37  1  58  2  88  3  2  4  51
  0  13  1  73  2  74  3  42  4  23
  0  82  1  3  2  89  3  21  4  72
  0  31  1  85  2  25  3  91  4  37
  0  15  1  1  2  18  3  66  4  3
  0  54  1  79  2  21  3  65  4  69
  0  93  1  87  2  43  3  36  4  13
  0  1  1  97  2  5  3  89  4  57
  0  95  1  83  2  72  3  44  4  26
  0  65  1  9  2  37  3  99  4  37
  0  9  1  84  2  51  3  19  4  8
  0  86  1  34  2  29  3  19  4  24
  0  67  1  77  2  66  3  15  4  94
  0  38  1  56  2  87  3  49  4  37
  0  92  1  96  2  42  3  67  4  78
  0  39  1  19  2  24  3  51  4  32
  0  42  1  9  2  19  3  54  4  3
  0  48  1  33  2  77  3  75  4  32
  0  90  1  38  2  56  3  62  4  49
  0  17  1  44  2  68  3  22  4  20
  0  81  1  28  2  57  3  7  4  40
  0  4  1  31  2  82  3  20  4  85
  0  21  1  59  2  13  3  82  4  17
  0  59  1  30  2  33  3  98  4  97
  0  9  1  7  2  92  3  89  4  40
  0  12  1  66  2  55  3  89  4  55
  0  48  1  21  2  90  3  95  4  67
  0  40  1  42  2  98  3  44  4  78
  0  49  1  85  2  96  3  49  4  60
  0  25  1  30  2  79  3  16  4  17
  0  17  1  45  2  9  3  70  4  6
  0  14  1  2  2  65  3  1  4  80
  0  75  1  56  2  5  3  75  4  93
  0  61  1  14  2  89  3  98  4  33
  0  14  1  49  2  96  3  17  4  16
  0  24  1  73  2  32  3  20  4  58
  0  61  1  48  2  7  3  57  4  47
  0  18  1  91  2  66  3  90  4  12
  0  93  1  34  2  91  3  53  4  92
  0  33  1  27  2  47  3  94  4  85
  0  52  1  66  2  20  3  28  4  22
  0  18  1  72  2  91  3  90  4  25
  0  80  1  2  2  87  3  72  4  96
  0  9  1  91  2  22  3  98  4  13
  0  27  1  94  2  42  3  45  4  70
  0  57  1  48  2  8  3  48  4  76
  0  18  1  99  2  44  3  32  4  24
  0  64  1  58  2  84  3  18  4  53
  0  92  1  52  2  38  3  81  4  39
  0  41  1  22  2  16  3  5  4  31
  0  53  1  33  2  4  3  8  4  4
  0  32  1  93  2  3  3  39  4  78
  0  35  1  75  2  96  3  41  4  7
  0  42  1  72  2  21  3  6  4  59
  0  64  1  94  2  8  3  86  4  53
  0  32  1  77  2  5  3  25  4  31
  0  42  1  68  2  67  3  24  4  81
  0  96  1  92  2  2  3  85  4  54
  0  66  1  86  2  85  3  70  4  53
  0  57  1  72  2  85  3  91  4  75
  0  37  1  38  2  78  3  94  4  9
  0  30  1  18  2  52  3  84  4  17
  0  58  1  49  2  57  3  36  4  35
  0  91  1  91  2  57  3  78  4  51
  0  16  1  99  2  64  3  38  4  18
  0  89  1  18  2  37  3  66  4  26
  0  93  1  17  2  92  3  70  4  85
  0  19  1  13  2  10  3  56  4  6
  0  66  1  30  2  80  3  1  4  98
  0  13  1  35  2  61  3  37  4  38
  0  92  1  65  2  1  3  55  4  98
  0  4  1  69  2  64  3  29  4  7
  0  8  1  5  2  71  3  52  4  86
  0  54  1  69  2  22  3  84  4  79
  0  27  1  20  2  44  3  2  4  57
  0  58  1  11  2  52  3  25  4  69
  0  90  1  40  2  23  3  21  4  1
  0  63  1  69  2  18  3  1  4  26
  0  32  1  32  2  14  3  40  4  1
  0  98  1  1  2  40  3  72  4  48
  0  32  1  21  2  21  3  85  4  63
  0  88  1  64  2  31  3  30  4  85
  0  49  1  66  2  93  3  14  4  14
  0  79  1  23  2  92  3  9  4  77
  0  89  1  7  2  79  3  18  4  95
  0  26  1  41  2  90  3  87  4  30
  0  91  1  31  2  8  3  41  4  61
  0  58  1  87  2  50  3  84  4  68
  0  91  1  20  2  33  3  19  4  60
  0  62  1  67  2  95  3  19  4  39
  0  80  1  47  2  36  3  41  4  34
  0  8  1  60  2  34  3  35  4  74
  0  71  1  79  2  86  3  92  4  13
  0  72  1  5  2  58  3  2  4  46
  0  6  1  59  2  25  3  40  4  83
  0  4  1  74  2  42  3  47  4  10
  0  85  1  25  2  83  3  51  4  59
  0  67  1  63  2  84  3  9  4  11
  0  7  1  13  2  44  3  92  4  70
  0  45  1  91  2  77  3  41  4  67
  0  11  1  39  2  28  3  30  4  54
  0  8  1  92  2  16  3  89  4  57
  0  69  1  53  2  64  3  98  4  48
  0  80  1  1  2  21  3  45  4  70
  0  39  1  80  2  63  3  78  4  72
  0  28  1  16  2  88  3  33  4  41
  0  90  1  35  2  39  3  92  4  56
  0  48  1  99  2  58  3  35  4  61
  0  29  1  65  2  11  3  47  4  43
  0  34  1  38  2  91  3  20  4  44
  0  64  1  26  2  44  3  43  4  95
  0  63  1  87  2  91  3  53  4  13
  0  73  1  77  2  10  3  71  4  34
  0  72  1  5  2  20  3  76  4  6
  0  67  1  63  2  87  3  78  4  7
  0  98  1  55  2  35  3  49  4  1
  0  96  1  75  2  13  3  51  4  12
  0  76  1  77  2  69  3  96  4  45
  0  71  1  95  2  91  3  27  4  85
  0  52  1  60  2  44  3  93  4  88
  0  95  1  42  2  28  3  56  4  30
  0  55  1  49  2  8  3  77  4  28
  0  10  1  91  2  33  3  58  4  91
  0  86  1  25  2  35  3  63  4  14
  0  72  1  1  2  16  3  5  4  16
  0  56  1  39  2  18  3  3  4  77
  0  54  1  37  2  63  3  33  4  40
  0  89  1  91  2  8  3  87  4  60
  0  35  1  69  2  83  3  11  4  50
  0  36  1  8  2  9  3  61  4  48
  0  93  1  29  2  61  3  21  4  91
  0  97  1  15  2  57  3  22  4  72
  0  70  1  41  2  22  3  90  4  79
  0  22  1  9  2  26  3  77  4  2
  0  31  1  33  2  96  3  39  4  64
  0  70  1  90  2  56  3  77  4  36
  0  96  1  22  2  88  3  61  4  77
  0  21  1  58  2  20  3  7  4  51
  0  22  1  82  2  88  3  7  4  41
  0  9  1  41  2  30  3  22  4  45
  0  62  1  52  2  42  3  91  4  74
  0  47  1  78  2  43  3  15  4  65
  0  26  1  25  2  98  3  41  4  53
  0  68  1  9  2  67  3  37  4  6
  0  52  1  84  2  57  3  81  4  5
  0  48  1  66  2  94  3  40  4  54
  0  51  1  37  2  93  3  27  4  47
  0  89  1  30  2  26  3  87  4  69
  0  6  1  12  2  83  3  69  4  33
  0  65  1  75  2  25  3  10  4  77
  0  4  1  80  2  59  3  28  4  79
  0  64  1  86  2  40  3  56  4  85
  0  64  1  65  2  49  3  9  4  86
  0  43  1  27  2  71  3  67  4  38
  0  84  1  51  2  65  3  45  4  89
  0  5  1  58  2  31  3  25  4  19
  0  7  1  21  2  94  3  55  4  79
  0  83  1  72  2  90  3  21  4  57
  0  80  1  62  2  94  3  16  4  53
  0  78  1  28  2  71  3  19  4  68
  0  36  1  70  2  94  3  57  4  17
  0  19  1  91  2  6  3  30  4  50
  0  53  1  51  2  97  3  19  4  3
  0  33  1  11  2  74  3  55  4  85
  0  17  1  79  2  15  3  42  4  11
  0  31  1  81  2  81  3  74  4  35
  0  21  1  4  2  32  3  37  4  77
  0  17  1  5  2  86  3  44  4  82
  0  98  1  14  2  97  3  40  4  48
  0  43  1  78  2  6  3  96  4  56
  0  76  1  37  2  3  3  83  4  43
  0  82  1  84  2  13  3  37  4  65
  0  54  1  7  2  86  3  86  4  94
  0  80  1  25  2  27  3  90  4  2
  0  11  1  88  2  10  3  88  4  76
  0  13  1  96  2  20  3  30  4  52
  0  25  1  6  2  21  3  97  4  26
  0  52  1  56  2  79  3  84  4  42
  0  5  1  91  2  63  3  11  4  30
  0  17  1  12  2  65  3  59  4  45
  0  59  1  22  2  62  3  14  4  6
  0  15  1  90  2  15  3  49  4  24
  0  23  1  42  2  29  3  29  4  2
  0  83  1  56  2  67  3  55  4  68
  0  75  1  75  2  52  3  37  4  71
  0  24  1  21  2  83  3  14  4  88
  0  40  1  95  2  15  3  6  4  76
  0  87  1  21  2  15  3  24  4  4
  0  86  1  82  2  83  3  34  4  88
  0  58  1  69  2  74  3  83  4  13
  0  47  1  24  2  15  3  43  4  29
  0  90  1  14  2  75  3  86  4  65
  0  77  1  68  2  55  3  65  4  81
  0  12  1  39  2  80  3  88  4  81
  0  44  1  51  2  54  3  74  4  91
  0  74  1  27  2  53  3  5  4  15
  0  17  1  73  2  46  3  58  4  57
  0  56  1  69  2  58  3  2  4  43
  0  14  1  28  2  24  3  53  4  30
  0  7  1  4  2  3  3  46  4  98
  0  34  1  90  2  99  3  45  4  72
  0  30  1  88  2  1  3  15  4  98
  0  22  1  13  2  85  3  38  4  75
  0  25  1  53  2  99  3  89  4  56
  0  13  1  60  2  45  3  28  4  22
  0  15  1  17  2  34  3  48  4  41
  0  97  1  89  2  81  3  87  4  25
  0  84  1  29  2  32  3  71  4  39
  0  65  1  7  2  67  3  43  4  41
  0  93  1  67  2  16  3  46  4  36
  0  88  1  19  2  96  3  8  4  83
  0  10  1  82  2  56  3  7  4  28
  0  97  1  90  2  4  3  40  4  47
  0  1  1  34  2  84  3  84  4  13
  0  95  1  2  2  41  3  15  4  22
  0  40  1  53  2  31  3  58  4  60
  0  78  1  5  2  48  3  90  4  71
  0  22  1  87  2  8  3  64  4  2
  0  20  1  32  2  60  3  17  4  82
  0  74  1  45  2  31  3  25  4  72
  0  66  1  58  2  74  3  93  4  46
  0  89  1  98  2  5  3  13  4  43
  0  95  1  28  2  84  3  20  4  32
  0  33  1  27  2  86  3  74  4  45
  0  70  1  6  2  11  3  53  4  60
  0  89  1  58  2  56  3  82  4  58
  0  79  1  91  2  77  3  6  4  78
  0  8  1  31  2  21  3  41  4  3
  0  31  1  21  2  34  3  28  4  94
  0  74  1  88  2  21  3  25  4  41
  0  19  1  34  2  49  3  47  4  66
  0  63  1  45  2  75  3  65  4  89
  0  63  1  36  2  61  3  97  4  84
  0  42  1  37  2  25  3  92  4  28
  0  29  1  62  2  40  3  61  4  36
  0  9  1  37  2  37  3  47  4  42
  0  93  1  73  2  53  3  75  4  94
  0  34  1  5  2  98  3  81  4  47
  0  44  1  17  2  86  3  96  4  17
  0  62  1  31  2  8  3  36  4  17
  0  71  1  56  2  72  3  76  4  90
  0  60  1  69  2  56  3  31  4  52
  0  22  1  98  2  35  3  24  4  69
  0  61  1  45  2  98  3  80  4  58
  0  55  1  75  2  43  3  19  4  47
  0  49  1  74  2  69  3  26  4  94
  0  21  1  43  2  55  3  74  4  17
  0  2  1  55  2  15  3  14  4  95
  0  94  1  41  2  8  3  9  4  20
  0  85  1  14  2  68  3  85  4  99
  0  77  1  8  2  75  3  35  4  20
  0  16  1  33  2  78  3  48  4  18
  0  51  1  45  2  93  3  52  4  76
  0  83  1  37  2  60  3  27  4  26
  0  54  1  93  2  39  3  4  4  84
  0  3  1  88  2  2  3  94  4  66
  0  46  1  24  2  15  3  73  4  67
  0  2  1  37  2  68  3  29  4  45
  0  33  1  21  2  57  3  54  4  14
  0  82  1  11  2  6  3  44  4  35
  0  18  1  94  2  83  3  53  4  73
  0  13  1  12  2  25  3  53  4  68
  0  75  1  14  2  2  3  84  4  43
  0  48  1  80  2  51  3  69  4  73
  0  17  1  88  2  6  3  5  4  66
  0  67  1  1  2  61  3  82  4  92
  0  79  1  77  2  60  3  23  4  3
  0  17  1  98  2  22  3  35  4  34
  0  96  1  31  2  77  3  55  4  71
  0  21  1  45  2  88  3  82  4  62
  0  94  1  70  2  70  3  23  4  27
  0  11  1  71  2  83  3  28  4  4
  0  58  1  22  2  19  3  98  4  10
  0  15  1  22  2  68  3  14  4  56
  0  81  1  4  2  69  3  89  4  80
  0  28  1  23  2  97  3  38  4  14
  0  62  1  15  2  1  3  34  4  61
  0  38  1  41  2  93  3  33  4  50
  0  31  1  15  2  53  3  96  4  69
  0  77  1  37  2  77  3  56  4  27
  0  13  1  23  2  60  3  20  4  94
  0  92  1  21  2  56  3  65  4  8
  0  72  1  9  2  28  3  91  4  85
  0  81  1  55  2  4  3  73  4  23
  0  85  1  68  2  1  3  90  4  24
  0  50  1  72  2  54  3  39  4  17
  0  31  1  54  2  82  3  2  4  65
  0  85  1  65  2  43  3  96  4  53
  0  56  1  70  2  28  3  22  4  10
  0  75  1  49  2  66  3  14  4  63
  0  34  1  80  2  31  3  91  4  85
  0  13  1  75  2  36  3  1  4  34
  0  28  1  43  2  78  3  49  4  9
  0  50  1  70  2  14  3  44  4  92
  0  58  1  22  2  96  3  30  4  22
  0  65  1  55  2  50  3  6  4  83
  0  93  1  37  2  15  3  64  4  43
  0  23  1  92  2  55  3  57  4  41
  0  62  1  87  2  40  3  66  4  39
  0  49  1  70  2  3  3  35  4  34
  0  65  1  47  2  18  3  55  4  34
  0  60  1  1  2  15  3  37  4  3
  0  73  1  65  2  46  3  24  4  90
  0  86  1  64  2  18  3  86  4  77
  0  63  1  74  2  94  3  47  4  28
  0  98  1  61  2  34  3  42  4  70
  0  1  1  91  2  32  3  62  4  43
  0  32  1  59  2  59  3  46  4  13
  0  42  1  21  2  78  3  84  4  19
  0  96  1  18  2  70  3  11  4  83
  0  91  1  31  2  34  3  73  4  71
  0  12  1  69  2  54  3  99  4  18
  0  93  1  40  2  90  3  41  4  18
  0  46  1  62  2  25  3  12  4  51
  0  70  1  61  2  83  3  94  4  57
  0  50  1  55  2  7  3  37  4  57
  0  64  1  78  2  85  3  54  4  53
  0  99  1  95  2  41  3  58  4  47
  0  18  1  57  2  89  3  75  4  12
  0  55  1  68  2  58  3  58  4  90
  0  72  1  88  2  21  3  31  4  89
  0  14  1  50  2  15  3  92  4  80
  0  72  1  98  2  80  3  13  4  9
  0  78  1  53  2  46  3  7  4  62
  0  11  1  94  2  88  3  46  4  91
  0  17  1  53  2  20  3  97  4  9
  0  73  1  79  2  71  3  50  4  75
  0  54  1  14  2  72  3  9  4  65
  0  64  1  23  2  30  3  64  4  84
  0  48  1  57  2  19  3  10  4  27
  0  73  1  64  2  64  3  15  4  90
  0  20  1  55  2  81  3  88  4  34
  0  90  1  60  2  8  3  26  4  80
  0  40  1  46  2  27  3  25  4  63
  0  90  1  32  2  98  3  13  4  97
  0  33  1  70  2  97  3  83  4  82
  0  42  1  86  2  1  3  1  4  73
  0  29  1  10  2  49  3  32  4  63
  0  72  1  11  2  3  3  28  4  19
  0  59  1  19  2  90  3  78  4  11
  0  17  1  83  2  62  3  80  4  19
  0  7  1  47  2  3  3  6  4  27
  0  99  1  66  2  19  3  94  4  23
  0  90  1  16  2  57  3  42  4  47
  0  67  1  32  2  42  3  78  4  59
  0  75  1  23  2  92  3  52  4  58
  0  49  1  30  2  99  3  29  4  96
  0  19  1  46  2  40  3  33  4  81
  0  24  1  51  2  74  3  53  4  50
  0  47  1  10  2  15  3  88  4  22
  0  90  1  63  2  5  3  35  4  20
  0  77  1  56  2  22  3  92  4  31
  0  87  1  29  2  68  3  73  4  8
  0  98  1  76  2  90  3  93  4  21
  0  93  1  94  2  32  3  40  4  37
  0  20  1  94  2  66  3  63  4  20
  0  10  1  50  2  64  3  89  4  79
  0  93  1  8  2  65  3  61  4  35
  0  60  1  68  2  80  3  13  4  79
  0  94  1  91  2  93  3  90  4  80
  0  70  1  36  2  47  3  78  4  7
  0  11  1  71  2  27  3  52  4  3
  0  18  1  15  2  16  3  66  4  83
  0  54  1  26  2  10  3  93  4  12
  0  9  1  36  2  13  3  86  4  32
  0  49  1  59  2  11  3  25  4  16
  0  36  1  14  2  82  3  50  4  97
  0  84  1  94  2  37  3  21  4  27
  0  73  1  32  2  40  3  75  4  65
  0  97  1  72  2  24  3  70  4  59
  0  46  1  98  2  7  3  95  4  98
  0  57  1  86  2  99  3  16  4  4
  0  2  1  67  2  18  3  51  4  31
  0  1  1  31  2  80  3  13  4  39
  0  85  1  62  2  49  3  56  4  31
  0  39  1  37  2  74  3  65  4  7
  0  37  1  93  2  18  3  26  4  32
  0  37  1  23  2  42  3  34  4  57
  0  89  1  17  2  34  3  55  4  49
TPM
  0  2857  1  2857  2  2857  3  2857  4  2857
PMT
  0  23  1  3  2  2  3  4  4  11
  0  12  1  23  2  6  3  15  4  5
  0  2  1  6  2  2  3  7  4  7
  0  2  1  12  2  11  3  11  4  11
  0  2  1  8  2  9  3  12  4  22
  0  3  1  10  2  14  3  15  4  14
  0  21  1  12  2  21  3  3  4  14
  0  1  1  18  2  15  3  6  4  13
  0  11  1  16  2  8  3  20  4  12
  0  15  1  22  2  10  3  9  4  1
  0  4  1  10  2  15  3  7  4  5
  0  22  1  10  2  1  3  22  4  6
  0  2  1  6  2  16  3  12  4  1
  0  6  1  6  2  6  3  18  4  18
  0  2  1  12  2  5  3  5  4  6
  0  2  1  22  2  18  3  23  4  7
  0  23  1  7  2  22  3  2  4  9
  0  24  1  16  2  8  3  4  4  7
