50  10
  0  19  1  50  2  54  3  72  4  57  5  53  6  64  7  12  8  50  9  42
  0  42  1  93  2  89  3  61  4  84  5  71  6  28  7  46  8  39  9  66
  0  6  1  70  2  78  3  18  4  39  5  65  6  17  7  79  8  12  9  85
  0  56  1  13  2  48  3  55  4  11  5  47  6  60  7  7  8  69  9  31
  0  98  1  23  2  75  3  85  4  53  5  28  6  45  7  26  8  69  9  91
  0  48  1  27  2  97  3  34  4  24  5  34  6  77  7  62  8  14  9  60
  0  21  1  63  2  11  3  7  4  56  5  41  6  85  7  7  8  42  9  63
  0  24  1  76  2  68  3  62  4  80  5  24  6  94  7  17  8  54  9  52
  0  92  1  80  2  11  3  46  4  11  5  60  6  35  7  46  8  55  9  52
  0  75  1  44  2  63  3  77  4  9  5  34  6  24  7  94  8  57  9  32
  0  55  1  71  2  8  3  39  4  55  5  29  6  37  7  94  8  76  9  23
  0  38  1  62  2  99  3  98  4  96  5  47  6  7  7  33  8  67  9  25
  0  63  1  77  2  43  3  32  4  82  5  35  6  26  7  60  8  21  9  51
  0  33  1  39  2  17  3  99  4  6  5  19  6  94  7  86  8  99  9  63
  0  75  1  16  2  72  3  26  4  78  5  77  6  97  7  88  8  7  9  55
  0  79  1  49  2  30  3  72  4  37  5  10  6  36  7  14  8  88  9  10
  0  5  1  87  2  43  3  77  4  6  5  37  6  99  7  24  8  59  9  93
  0  3  1  81  2  79  3  33  4  85  5  72  6  7  7  93  8  35  9  60
  0  98  1  52  2  30  3  4  4  25  5  71  6  54  7  43  8  96  9  61
  0  75  1  64  2  22  3  29  4  47  5  29  6  67  7  94  8  76  9  68
  0  64  1  6  2  54  3  83  4  95  5  82  6  58  7  87  8  51  9  69
  0  55  1  84  2  35  3  68  4  81  5  84  6  55  7  98  8  65  9  82
  0  50  1  98  2  18  3  65  4  11  5  46  6  31  7  6  8  10  9  2
  0  22  1  75  2  61  3  71  4  40  5  84  6  40  7  44  8  20  9  14
  0  68  1  71  2  33  3  17  4  30  5  68  6  97  7  91  8  69  9  78
  0  20  1  60  2  97  3  12  4  97  5  9  6  94  7  52  8  6  9  56
  0  7  1  8  2  26  3  75  4  42  5  35  6  23  7  83  8  46  9  66
  0  54  1  54  2  3  3  12  4  68  5  46  6  64  7  39  8  40  9  35
  0  52  1  28  2  43  3  91  4  52  5  62  6  49  7  50  8  90  9  8
  0  10  1  60  2  92  3  83  4  78  5  9  6  36  7  39  8  41  9  62
  0  60  1  67  2  95  3  66  4  88  5  49  6  86  7  92  8  80  9  84
  0  77  1  34  2  30  3  60  4  38  5  74  6  43  7  78  8  56  9  4
  0  99  1  19  2  10  3  30  4  69  5  21  6  70  7  20  8  15  9  17
  0  11  1  85  2  42  3  39  4  30  5  68  6  48  7  87  8  42  9  12
  0  87  1  31  2  76  3  12  4  65  5  82  6  83  7  90  8  13  9  60
  0  55  1  40  2  17  3  36  4  94  5  11  6  2  7  30  8  96  9  63
  0  86  1  99  2  24  3  1  4  66  5  40  6  95  7  36  8  94  9  73
  0  15  1  89  2  56  3  26  4  6  5  3  6  62  7  99  8  34  9  4
  0  17  1  78  2  36  3  86  4  22  5  55  6  84  7  80  8  18  9  43
  0  50  1  3  2  97  3  16  4  47  5  37  6  22  7  1  8  79  9  1
  0  30  1  2  2  12  3  46  4  22  5  35  6  37  7  47  8  62  9  9
  0  21  1  59  2  28  3  73  4  38  5  32  6  86  7  18  8  24  9  52
  0  12  1  11  2  29  3  6  4  36  5  83  6  28  7  10  8  12  9  22
  0  24  1  53  2  43  3  12  4  64  5  34  6  85  7  46  8  41  9  94
  0  48  1  6  2  54  3  87  4  29  5  54  6  51  7  20  8  71  9  11
  0  83  1  67  2  40  3  6  4  31  5  51  6  27  7  23  8  87  9  13
  0  51  1  74  2  21  3  42  4  14  5  86  6  34  7  38  8  11  9  65
  0  93  1  1  2  40  3  79  4  17  5  1  6  19  7  5  8  20  9  52
  0  23  1  67  2  61  3  5  4  23  5  21  6  55  7  25  8  36  9  43
  0  23  1  26  2  72  3  1  4  14  5  74  6  10  7  58  8  5  9  75
TPM
  0  813  1  813  2  813  3  813  4  813  5  813  6  813  7  813  8  813  9  813
PMT
  0  7  1  5  2  17  3  8  4  23  5  4  6  18  7  23  8  3  9  18
  0  10  1  22  2  20  3  15  4  20  5  18  6  11  7  17  8  1  9  5
  0  17  1  13  2  3  3  3  4  5  5  3  6  24  7  3  8  22  9  24
  0  22  1  24  2  6  3  15  4  11  5  14  6  4  7  23  8  14  9  11
  0  8  1  21  2  13  3  13  4  18  5  5  6  24  7  4  8  14  9  20
  0  19  1  9  2  16  3  14  4  1  5  3  6  13  7  21  8  5  9  19
  0  1  1  8  2  8  3  22  4  14  5  13  6  23  7  14  8  9  9  21
