50  5
  0  8  1  50  2  7  3  29  4  23
  0  10  1  97  2  14  3  51  4  78
  0  51  1  85  2  36  3  18  4  86
  0  68  1  89  2  75  3  28  4  66
  0  47  1  27  2  73  3  72  4  75
  0  45  1  35  2  10  3  59  4  7
  0  1  1  77  2  71  3  23  4  5
  0  48  1  73  2  73  3  16  4  69
  0  38  1  73  2  92  3  42  4  70
  0  1  1  38  2  91  3  65  4  68
  0  75  1  50  2  48  3  14  4  27
  0  10  1  64  2  47  3  47  4  29
  0  23  1  67  2  64  3  93  4  19
  0  58  1  25  2  60  3  74  4  99
  0  36  1  43  2  84  3  78  4  63
  0  15  1  54  2  70  3  22  4  39
  0  56  1  24  2  70  3  45  4  54
  0  84  1  94  2  26  3  77  4  26
  0  37  1  9  2  22  3  85  4  21
  0  28  1  23  2  6  3  62  4  22
  0  38  1  45  2  71  3  94  4  17
  0  14  1  93  2  50  3  50  4  21
  0  35  1  75  2  29  3  66  4  70
  0  23  1  60  2  3  3  42  4  32
  0  11  1  49  2  75  3  83  4  73
  0  37  1  92  2  75  3  94  4  12
  0  86  1  69  2  91  3  35  4  87
  0  38  1  49  2  42  3  42  4  23
  0  80  1  62  2  73  3  74  4  90
  0  14  1  9  2  36  3  76  4  5
  0  84  1  97  2  47  3  26  4  58
  0  23  1  59  2  18  3  1  4  38
  0  85  1  20  2  44  3  24  4  78
  0  66  1  2  2  48  3  87  4  73
  0  92  1  45  2  36  3  29  4  36
  0  20  1  86  2  81  3  95  4  24
  0  26  1  96  2  90  3  50  4  62
  0  16  1  9  2  28  3  26  4  47
  0  71  1  28  2  85  3  66  4  59
  0  89  1  53  2  5  3  83  4  54
  0  24  1  63  2  57  3  58  4  69
  0  71  1  24  2  98  3  2  4  80
  0  17  1  5  2  46  3  54  4  80
  0  74  1  19  2  21  3  75  4  35
  0  83  1  62  2  30  3  61  4  24
  0  83  1  30  2  52  3  85  4  85
  0  51  1  47  2  41  3  11  4  73
  0  40  1  97  2  63  3  39  4  9
  0  58  1  14  2  36  3  82  4  89
  0  26  1  24  2  13  3  68  4  87
TPM
  0  913  1  913  2  913  3  913  4  913
PMT
  0  17  1  5  2  3  3  10  4  3
  0  32  1  34  2  49  3  17  4  41
  0  30  1  9  2  39  3  36  4  6
  0  30  1  3  2  49  3  1  4  49
  0  42  1  27  2  10  3  41  4  45
  0  21  1  11  2  14  3  22  4  33
