200  15
  0  27  1  12  2  28  3  27  4  28  5  96  6  12  7  90  8  41  9  65  10  95  11  48  12  13  13  92  14  51
  0  32  1  6  2  68  3  36  4  42  5  97  6  77  7  80  8  10  9  74  10  12  11  31  12  20  13  38  14  34
  0  89  1  42  2  66  3  58  4  72  5  22  6  51  7  95  8  69  9  29  10  23  11  87  12  87  13  50  14  56
  0  40  1  2  2  8  3  78  4  96  5  47  6  99  7  48  8  49  9  32  10  18  11  77  12  55  13  50  14  96
  0  98  1  15  2  24  3  68  4  16  5  25  6  99  7  53  8  86  9  11  10  92  11  11  12  15  13  22  14  44
  0  11  1  66  2  11  3  24  4  20  5  27  6  52  7  18  8  5  9  64  10  71  11  67  12  87  13  71  14  85
  0  50  1  29  2  1  3  68  4  20  5  6  6  4  7  3  8  58  9  8  10  54  11  84  12  81  13  77  14  12
  0  81  1  26  2  71  3  47  4  63  5  98  6  12  7  49  8  57  9  59  10  45  11  69  12  8  13  86  14  47
  0  94  1  24  2  25  3  34  4  29  5  47  6  33  7  60  8  45  9  98  10  68  11  23  12  34  13  49  14  82
  0  97  1  42  2  47  3  15  4  78  5  11  6  95  7  3  8  3  9  25  10  52  11  52  12  60  13  48  14  10
  0  33  1  54  2  14  3  54  4  93  5  33  6  73  7  45  8  12  9  13  10  36  11  34  12  21  13  88  14  62
  0  26  1  86  2  65  3  68  4  59  5  13  6  78  7  77  8  44  9  8  10  85  11  17  12  89  13  46  14  41
  0  40  1  16  2  95  3  91  4  34  5  29  6  91  7  48  8  33  9  92  10  99  11  22  12  57  13  43  14  77
  0  47  1  33  2  23  3  31  4  3  5  82  6  27  7  41  8  18  9  73  10  85  11  79  12  33  13  72  14  36
  0  63  1  29  2  44  3  57  4  8  5  69  6  89  7  60  8  77  9  3  10  16  11  59  12  37  13  24  14  69
  0  74  1  68  2  91  3  99  4  41  5  97  6  57  7  12  8  21  9  43  10  48  11  36  12  34  13  80  14  93
  0  18  1  71  2  93  3  18  4  16  5  52  6  51  7  23  8  49  9  28  10  27  11  24  12  34  13  55  14  57
  0  28  1  18  2  90  3  93  4  64  5  70  6  67  7  15  8  4  9  17  10  74  11  81  12  19  13  7  14  43
  0  69  1  91  2  67  3  90  4  98  5  53  6  69  7  7  8  49  9  15  10  13  11  71  12  40  13  37  14  12
  0  30  1  92  2  24  3  31  4  68  5  28  6  64  7  16  8  78  9  53  10  42  11  88  12  88  13  39  14  84
  0  38  1  8  2  97  3  29  4  13  5  3  6  12  7  32  8  77  9  19  10  73  11  35  12  14  13  99  14  33
  0  70  1  77  2  69  3  66  4  75  5  20  6  99  7  11  8  37  9  59  10  40  11  32  12  1  13  52  14  26
  0  19  1  97  2  88  3  57  4  14  5  83  6  33  7  32  8  34  9  2  10  68  11  73  12  39  13  98  14  21
  0  81  1  46  2  55  3  69  4  2  5  1  6  24  7  76  8  88  9  55  10  82  11  85  12  10  13  15  14  34
  0  66  1  14  2  44  3  15  4  25  5  65  6  60  7  9  8  86  9  14  10  37  11  64  12  31  13  46  14  7
  0  49  1  31  2  50  3  37  4  22  5  34  6  91  7  12  8  87  9  78  10  54  11  45  12  52  13  35  14  29
  0  10  1  21  2  22  3  42  4  60  5  92  6  21  7  42  8  77  9  37  10  18  11  99  12  66  13  69  14  9
  0  99  1  82  2  53  3  77  4  6  5  85  6  5  7  24  8  44  9  10  10  60  11  85  12  29  13  31  14  47
  0  8  1  33  2  70  3  70  4  42  5  68  6  31  7  91  8  60  9  35  10  98  11  75  12  50  13  54  14  32
  0  21  1  7  2  86  3  19  4  9  5  26  6  11  7  89  8  38  9  1  10  3  11  2  12  14  13  37  14  62
  0  39  1  22  2  61  3  43  4  96  5  16  6  82  7  11  8  41  9  71  10  33  11  34  12  53  13  9  14  93
  0  58  1  20  2  72  3  83  4  50  5  13  6  37  7  72  8  89  9  71  10  58  11  33  12  51  13  89  14  93
  0  60  1  13  2  60  3  81  4  9  5  70  6  34  7  17  8  34  9  53  10  94  11  94  12  36  13  65  14  65
  0  95  1  38  2  4  3  82  4  33  5  60  6  21  7  6  8  86  9  49  10  35  11  69  12  3  13  98  14  11
  0  72  1  26  2  61  3  57  4  60  5  83  6  23  7  17  8  70  9  61  10  17  11  43  12  18  13  24  14  75
  0  96  1  56  2  75  3  59  4  97  5  43  6  57  7  12  8  18  9  84  10  32  11  19  12  1  13  44  14  12
  0  81  1  43  2  40  3  11  4  31  5  85  6  72  7  36  8  36  9  70  10  42  11  61  12  87  13  91  14  55
  0  26  1  65  2  32  3  39  4  62  5  12  6  62  7  98  8  56  9  72  10  51  11  84  12  75  13  77  14  5
  0  76  1  26  2  74  3  48  4  82  5  24  6  43  7  98  8  2  9  99  10  34  11  11  12  29  13  58  14  32
  0  74  1  73  2  66  3  27  4  18  5  27  6  44  7  37  8  33  9  11  10  90  11  36  12  18  13  81  14  46
  0  54  1  30  2  67  3  87  4  77  5  63  6  81  7  21  8  52  9  17  10  23  11  86  12  64  13  5  14  57
  0  19  1  72  2  33  3  58  4  13  5  89  6  37  7  23  8  90  9  56  10  59  11  17  12  73  13  50  14  7
  0  99  1  97  2  12  3  24  4  39  5  41  6  99  7  69  8  17  9  30  10  98  11  69  12  80  13  58  14  31
  0  10  1  98  2  35  3  60  4  68  5  17  6  37  7  90  8  13  9  31  10  44  11  75  12  4  13  21  14  67
  0  24  1  92  2  9  3  12  4  43  5  97  6  31  7  32  8  56  9  82  10  61  11  60  12  3  13  4  14  90
  0  32  1  94  2  71  3  68  4  28  5  83  6  51  7  74  8  10  9  73  10  6  11  46  12  25  13  82  14  45
  0  99  1  88  2  23  3  42  4  21  5  96  6  77  7  25  8  8  9  8  10  70  11  59  12  85  13  93  14  70
  0  78  1  39  2  71  3  75  4  25  5  29  6  42  7  60  8  11  9  80  10  4  11  92  12  17  13  60  14  29
  0  47  1  74  2  97  3  5  4  70  5  8  6  97  7  87  8  74  9  45  10  50  11  17  12  74  13  94  14  52
  0  90  1  87  2  66  3  81  4  96  5  50  6  92  7  88  8  52  9  41  10  45  11  1  12  94  13  8  14  87
  0  61  1  30  2  25  3  97  4  32  5  34  6  47  7  35  8  42  9  44  10  27  11  61  12  60  13  10  14  8
  0  23  1  23  2  87  3  25  4  57  5  45  6  76  7  54  8  89  9  96  10  56  11  12  12  13  13  23  14  56
  0  86  1  95  2  30  3  78  4  50  5  34  6  89  7  48  8  92  9  55  10  5  11  55  12  60  13  40  14  62
  0  39  1  18  2  18  3  51  4  96  5  35  6  52  7  26  8  32  9  80  10  16  11  54  12  80  13  89  14  40
  0  55  1  69  2  7  3  59  4  46  5  1  6  44  7  19  8  26  9  66  10  3  11  89  12  82  13  34  14  35
  0  14  1  98  2  57  3  59  4  92  5  88  6  9  7  53  8  67  9  90  10  36  11  79  12  64  13  2  14  77
  0  24  1  12  2  27  3  11  4  50  5  36  6  81  7  97  8  8  9  99  10  69  11  64  12  34  13  50  14  13
  0  23  1  41  2  76  3  33  4  21  5  94  6  98  7  80  8  90  9  98  10  31  11  77  12  12  13  60  14  15
  0  28  1  27  2  98  3  83  4  85  5  62  6  11  7  22  8  6  9  51  10  27  11  37  12  17  13  66  14  96
  0  35  1  84  2  87  3  4  4  88  5  49  6  84  7  94  8  26  9  67  10  83  11  72  12  89  13  93  14  37
  0  88  1  35  2  68  3  34  4  28  5  69  6  1  7  6  8  86  9  51  10  81  11  17  12  67  13  9  14  37
  0  48  1  62  2  34  3  28  4  23  5  79  6  72  7  51  8  8  9  38  10  5  11  86  12  7  13  59  14  99
  0  18  1  37  2  89  3  85  4  99  5  31  6  63  7  51  8  61  9  27  10  85  11  99  12  67  13  26  14  81
  0  4  1  67  2  39  3  59  4  25  5  20  6  49  7  58  8  15  9  64  10  50  11  12  12  4  13  69  14  57
  0  25  1  34  2  96  3  91  4  44  5  12  6  47  7  76  8  82  9  71  10  77  11  9  12  22  13  79  14  19
  0  88  1  3  2  27  3  16  4  19  5  72  6  74  7  81  8  14  9  63  10  69  11  32  12  72  13  9  14  31
  0  42  1  7  2  20  3  78  4  50  5  31  6  92  7  51  8  80  9  56  10  3  11  40  12  79  13  41  14  20
  0  44  1  84  2  90  3  46  4  95  5  62  6  18  7  45  8  38  9  80  10  89  11  50  12  49  13  20  14  38
  0  31  1  34  2  28  3  5  4  76  5  34  6  67  7  38  8  32  9  29  10  14  11  81  12  69  13  30  14  16
  0  10  1  10  2  84  3  11  4  93  5  11  6  43  7  55  8  19  9  80  10  61  11  29  12  77  13  8  14  35
  0  14  1  12  2  88  3  97  4  45  5  76  6  11  7  14  8  6  9  45  10  18  11  59  12  8  13  91  14  63
  0  77  1  58  2  8  3  31  4  32  5  37  6  38  7  78  8  16  9  13  10  56  11  37  12  78  13  85  14  4
  0  56  1  71  2  19  3  59  4  99  5  48  6  5  7  24  8  20  9  47  10  96  11  38  12  64  13  46  14  68
  0  51  1  95  2  81  3  97  4  25  5  28  6  54  7  97  8  37  9  15  10  74  11  27  12  17  13  32  14  12
  0  53  1  22  2  50  3  64  4  61  5  47  6  87  7  49  8  16  9  27  10  85  11  76  12  40  13  53  14  42
  0  82  1  46  2  51  3  13  4  10  5  45  6  54  7  57  8  62  9  26  10  84  11  65  12  91  13  57  14  37
  0  39  1  74  2  80  3  13  4  75  5  86  6  86  7  46  8  87  9  4  10  82  11  39  12  70  13  58  14  5
  0  79  1  78  2  50  3  37  4  11  5  93  6  88  7  33  8  92  9  78  10  2  11  47  12  48  13  62  14  57
  0  32  1  7  2  92  3  66  4  61  5  80  6  54  7  73  8  63  9  26  10  40  11  53  12  4  13  93  14  23
  0  62  1  31  2  56  3  62  4  19  5  82  6  74  7  48  8  12  9  11  10  35  11  64  12  61  13  81  14  73
  0  18  1  74  2  54  3  66  4  83  5  79  6  33  7  60  8  37  9  26  10  77  11  59  12  93  13  81  14  72
  0  97  1  70  2  74  3  31  4  74  5  37  6  49  7  68  8  13  9  21  10  36  11  52  12  80  13  89  14  65
  0  47  1  81  2  27  3  59  4  92  5  8  6  58  7  92  8  82  9  10  10  9  11  7  12  35  13  20  14  4
  0  7  1  78  2  37  3  27  4  92  5  85  6  78  7  5  8  89  9  29  10  24  11  87  12  83  13  50  14  28
  0  42  1  79  2  56  3  70  4  70  5  43  6  90  7  75  8  24  9  73  10  38  11  17  12  88  13  43  14  65
  0  82  1  36  2  88  3  8  4  72  5  86  6  30  7  45  8  61  9  26  10  78  11  39  12  33  13  59  14  37
  0  16  1  78  2  14  3  8  4  16  5  16  6  8  7  69  8  59  9  63  10  45  11  80  12  75  13  93  14  28
  0  30  1  16  2  25  3  63  4  27  5  39  6  43  7  28  8  13  9  33  10  69  11  18  12  43  13  24  14  90
  0  76  1  47  2  83  3  35  4  7  5  93  6  29  7  68  8  83  9  97  10  78  11  20  12  43  13  60  14  15
  0  79  1  9  2  21  3  54  4  25  5  64  6  58  7  49  8  63  9  11  10  83  11  39  12  1  13  57  14  99
  0  49  1  73  2  16  3  28  4  6  5  2  6  28  7  18  8  93  9  56  10  25  11  1  12  4  13  42  14  97
  0  48  1  21  2  39  3  49  4  37  5  70  6  62  7  27  8  59  9  8  10  24  11  79  12  95  13  28  14  5
  0  77  1  52  2  30  3  86  4  85  5  54  6  57  7  84  8  96  9  3  10  4  11  84  12  42  13  66  14  54
  0  80  1  46  2  67  3  6  4  66  5  97  6  63  7  70  8  21  9  48  10  46  11  81  12  92  13  60  14  18
  0  30  1  81  2  68  3  96  4  24  5  60  6  25  7  69  8  30  9  91  10  36  11  9  12  46  13  33  14  29
  0  95  1  25  2  37  3  84  4  34  5  26  6  78  7  37  8  46  9  86  10  81  11  30  12  73  13  31  14  14
  0  61  1  35  2  50  3  83  4  81  5  15  6  35  7  51  8  8  9  77  10  41  11  30  12  78  13  34  14  8
  0  60  1  58  2  3  3  78  4  64  5  64  6  50  7  81  8  23  9  81  10  1  11  66  12  29  13  83  14  35
  0  13  1  9  2  75  3  42  4  61  5  16  6  22  7  79  8  14  9  44  10  41  11  49  12  23  13  12  14  64
  0  18  1  65  2  99  3  90  4  17  5  48  6  67  7  97  8  7  9  21  10  70  11  79  12  1  13  79  14  51
  0  29  1  63  2  80  3  74  4  76  5  52  6  6  7  32  8  55  9  52  10  52  11  49  12  64  13  17  14  31
  0  49  1  42  2  37  3  94  4  63  5  66  6  81  7  37  8  2  9  52  10  86  11  35  12  20  13  12  14  87
  0  17  1  35  2  93  3  31  4  79  5  84  6  24  7  89  8  98  9  40  10  4  11  83  12  92  13  4  14  49
  0  78  1  41  2  55  3  66  4  9  5  65  6  37  7  10  8  55  9  20  10  76  11  55  12  57  13  63  14  96
  0  90  1  67  2  89  3  70  4  10  5  48  6  54  7  90  8  55  9  94  10  24  11  98  12  48  13  12  14  19
  0  69  1  99  2  94  3  48  4  45  5  3  6  87  7  43  8  85  9  27  10  8  11  42  12  49  13  91  14  79
  0  86  1  53  2  63  3  7  4  26  5  47  6  23  7  66  8  41  9  20  10  96  11  19  12  36  13  18  14  27
  0  68  1  62  2  38  3  55  4  93  5  68  6  36  7  20  8  69  9  88  10  48  11  9  12  25  13  16  14  33
  0  2  1  2  2  34  3  66  4  9  5  39  6  79  7  59  8  81  9  73  10  74  11  74  12  52  13  32  14  59
  0  59  1  35  2  68  3  98  4  25  5  83  6  62  7  38  8  46  9  99  10  87  11  56  12  44  13  26  14  6
  0  29  1  88  2  87  3  60  4  79  5  42  6  38  7  61  8  20  9  1  10  43  11  98  12  81  13  36  14  11
  0  14  1  90  2  36  3  28  4  19  5  48  6  74  7  90  8  56  9  13  10  94  11  27  12  14  13  99  14  64
  0  35  1  65  2  35  3  31  4  5  5  80  6  41  7  11  8  96  9  34  10  39  11  66  12  76  13  8  14  87
  0  61  1  45  2  60  3  93  4  13  5  15  6  17  7  77  8  56  9  12  10  92  11  70  12  5  13  98  14  61
  0  63  1  80  2  73  3  30  4  59  5  25  6  70  7  80  8  82  9  31  10  62  11  82  12  50  13  53  14  52
  0  9  1  11  2  83  3  8  4  81  5  5  6  7  7  68  8  46  9  99  10  65  11  15  12  53  13  8  14  97
  0  16  1  80  2  90  3  39  4  61  5  42  6  98  7  88  8  58  9  61  10  14  11  88  12  44  13  95  14  83
  0  61  1  53  2  46  3  66  4  13  5  38  6  2  7  30  8  85  9  13  10  81  11  70  12  26  13  2  14  84
  0  42  1  98  2  89  3  60  4  18  5  62  6  4  7  57  8  20  9  90  10  97  11  19  12  89  13  92  14  86
  0  26  1  93  2  90  3  70  4  4  5  63  6  34  7  55  8  57  9  45  10  68  11  36  12  85  13  92  14  86
  0  9  1  96  2  11  3  35  4  38  5  30  6  77  7  52  8  86  9  45  10  58  11  50  12  79  13  35  14  11
  0  81  1  64  2  90  3  51  4  43  5  97  6  7  7  8  8  13  9  62  10  1  11  98  12  27  13  78  14  10
  0  14  1  23  2  1  3  63  4  72  5  32  6  87  7  59  8  96  9  82  10  79  11  88  12  21  13  40  14  49
  0  80  1  21  2  20  3  86  4  71  5  52  6  21  7  43  8  17  9  98  10  87  11  44  12  98  13  6  14  82
  0  42  1  95  2  27  3  38  4  79  5  22  6  6  7  21  8  72  9  54  10  99  11  8  12  34  13  87  14  85
  0  83  1  12  2  17  3  12  4  97  5  95  6  13  7  8  8  31  9  18  10  35  11  34  12  73  13  70  14  29
  0  55  1  11  2  85  3  73  4  70  5  62  6  77  7  76  8  8  9  32  10  33  11  60  12  5  13  57  14  84
  0  53  1  98  2  56  3  30  4  94  5  20  6  34  7  64  8  25  9  52  10  79  11  43  12  4  13  3  14  65
  0  90  1  88  2  4  3  37  4  24  5  61  6  28  7  49  8  60  9  92  10  99  11  98  12  20  13  63  14  25
  0  36  1  50  2  11  3  79  4  83  5  24  6  50  7  25  8  70  9  2  10  80  11  41  12  74  13  47  14  1
  0  91  1  31  2  41  3  83  4  79  5  38  6  33  7  70  8  28  9  81  10  27  11  99  12  19  13  52  14  91
  0  87  1  69  2  28  3  30  4  2  5  16  6  44  7  71  8  13  9  55  10  79  11  46  12  16  13  47  14  26
  0  67  1  46  2  83  3  17  4  38  5  36  6  80  7  43  8  44  9  94  10  46  11  69  12  9  13  92  14  26
  0  31  1  11  2  96  3  43  4  91  5  9  6  79  7  65  8  67  9  9  10  99  11  81  12  57  13  71  14  35
  0  65  1  44  2  45  3  97  4  54  5  46  6  80  7  83  8  76  9  33  10  47  11  23  12  1  13  46  14  69
  0  31  1  1  2  70  3  52  4  92  5  45  6  63  7  51  8  12  9  57  10  35  11  30  12  16  13  21  14  28
  0  82  1  1  2  12  3  42  4  35  5  52  6  76  7  16  8  51  9  75  10  5  11  40  12  89  13  29  14  56
  0  75  1  6  2  36  3  43  4  10  5  95  6  17  7  70  8  54  9  8  10  82  11  89  12  79  13  85  14  57
  0  37  1  40  2  18  3  45  4  22  5  36  6  95  7  45  8  18  9  3  10  16  11  76  12  75  13  47  14  76
  0  78  1  25  2  44  3  48  4  95  5  74  6  89  7  30  8  51  9  9  10  54  11  9  12  86  13  34  14  85
  0  85  1  7  2  37  3  72  4  49  5  59  6  50  7  40  8  94  9  52  10  42  11  60  12  23  13  64  14  68
  0  88  1  71  2  25  3  60  4  69  5  59  6  58  7  35  8  51  9  53  10  14  11  47  12  28  13  69  14  35
  0  28  1  88  2  96  3  38  4  73  5  28  6  79  7  4  8  73  9  72  10  7  11  88  12  6  13  15  14  3
  0  32  1  32  2  53  3  95  4  11  5  63  6  90  7  35  8  41  9  85  10  38  11  66  12  63  13  65  14  18
  0  87  1  51  2  83  3  76  4  44  5  14  6  46  7  35  8  47  9  97  10  87  11  53  12  17  13  5  14  63
  0  72  1  69  2  86  3  88  4  77  5  27  6  68  7  81  8  76  9  3  10  22  11  8  12  94  13  84  14  98
  0  40  1  43  2  43  3  76  4  78  5  88  6  10  7  85  8  97  9  52  10  21  11  28  12  10  13  1  14  14
  0  95  1  63  2  16  3  20  4  48  5  27  6  52  7  4  8  17  9  6  10  23  11  24  12  43  13  5  14  67
  0  26  1  56  2  43  3  96  4  98  5  60  6  65  7  14  8  36  9  92  10  18  11  61  12  4  13  45  14  76
  0  39  1  96  2  91  3  50  4  3  5  33  6  50  7  9  8  18  9  19  10  67  11  71  12  49  13  91  14  12
  0  96  1  6  2  19  3  11  4  40  5  53  6  1  7  71  8  65  9  96  10  20  11  64  12  41  13  71  14  30
  0  62  1  44  2  92  3  73  4  62  5  64  6  67  7  71  8  43  9  64  10  68  11  26  12  19  13  62  14  6
  0  34  1  99  2  27  3  57  4  98  5  78  6  94  7  58  8  77  9  90  10  68  11  30  12  18  13  20  14  47
  0  20  1  68  2  57  3  92  4  84  5  58  6  18  7  39  8  23  9  79  10  89  11  94  12  48  13  34  14  58
  0  5  1  64  2  10  3  41  4  58  5  75  6  9  7  13  8  63  9  38  10  40  11  11  12  36  13  58  14  43
  0  67  1  60  2  68  3  20  4  73  5  19  6  44  7  72  8  8  9  5  10  55  11  86  12  65  13  73  14  53
  0  12  1  64  2  72  3  28  4  12  5  35  6  73  7  11  8  99  9  7  10  98  11  93  12  83  13  43  14  1
  0  79  1  69  2  1  3  52  4  6  5  18  6  15  7  40  8  97  9  46  10  18  11  87  12  31  13  2  14  62
  0  41  1  30  2  83  3  2  4  82  5  23  6  63  7  46  8  75  9  19  10  31  11  93  12  49  13  3  14  84
  0  9  1  65  2  41  3  25  4  9  5  37  6  49  7  30  8  54  9  94  10  76  11  17  12  75  13  8  14  90
  0  19  1  84  2  11  3  79  4  35  5  26  6  98  7  4  8  25  9  99  10  89  11  55  12  69  13  42  14  58
  0  20  1  4  2  46  3  1  4  44  5  97  6  64  7  76  8  41  9  54  10  23  11  43  12  13  13  31  14  47
  0  81  1  52  2  15  3  51  4  64  5  52  6  6  7  81  8  29  9  51  10  85  11  87  12  57  13  77  14  88
  0  65  1  65  2  77  3  82  4  5  5  51  6  39  7  32  8  31  9  77  10  49  11  23  12  22  13  64  14  38
  0  42  1  36  2  21  3  9  4  49  5  96  6  55  7  49  8  95  9  2  10  28  11  71  12  70  13  66  14  45
  0  44  1  72  2  11  3  3  4  80  5  47  6  51  7  29  8  30  9  32  10  63  11  90  12  69  13  2  14  13
  0  56  1  88  2  11  3  87  4  31  5  33  6  62  7  67  8  6  9  25  10  61  11  9  12  94  13  1  14  34
  0  53  1  37  2  15  3  10  4  66  5  2  6  15  7  6  8  63  9  18  10  70  11  58  12  1  13  13  14  24
  0  88  1  21  2  39  3  1  4  7  5  83  6  14  7  71  8  80  9  24  10  12  11  85  12  18  13  14  14  74
  0  96  1  66  2  34  3  38  4  54  5  99  6  61  7  85  8  41  9  50  10  36  11  71  12  68  13  29  14  76
  0  86  1  62  2  13  3  39  4  54  5  11  6  7  7  47  8  68  9  48  10  10  11  41  12  35  13  87  14  38
  0  18  1  56  2  47  3  89  4  55  5  72  6  24  7  46  8  61  9  74  10  96  11  53  12  75  13  14  14  79
  0  22  1  9  2  1  3  57  4  39  5  19  6  60  7  59  8  95  9  38  10  86  11  63  12  42  13  11  14  11
  0  39  1  52  2  10  3  74  4  66  5  58  6  28  7  86  8  89  9  65  10  71  11  83  12  94  13  72  14  3
  0  40  1  15  2  69  3  8  4  85  5  13  6  63  7  81  8  40  9  87  10  65  11  56  12  56  13  94  14  49
  0  34  1  43  2  2  3  48  4  68  5  12  6  93  7  60  8  28  9  46  10  19  11  76  12  36  13  25  14  26
  0  47  1  54  2  14  3  35  4  65  5  71  6  21  7  57  8  15  9  8  10  92  11  38  12  16  13  42  14  60
  0  96  1  87  2  29  3  8  4  85  5  72  6  62  7  92  8  95  9  17  10  95  11  38  12  79  13  10  14  40
  0  3  1  57  2  1  3  78  4  70  5  51  6  59  7  87  8  31  9  44  10  54  11  46  12  39  13  53  14  56
  0  73  1  77  2  97  3  96  4  27  5  48  6  54  7  28  8  46  9  87  10  66  11  79  12  35  13  67  14  40
  0  2  1  6  2  18  3  33  4  37  5  40  6  15  7  29  8  58  9  31  10  82  11  55  12  77  13  6  14  23
  0  81  1  3  2  67  3  81  4  6  5  97  6  74  7  81  8  23  9  77  10  68  11  15  12  24  13  35  14  13
  0  61  1  74  2  98  3  94  4  68  5  72  6  44  7  17  8  24  9  83  10  28  11  67  12  90  13  98  14  11
  0  63  1  6  2  68  3  78  4  79  5  42  6  4  7  94  8  30  9  92  10  58  11  40  12  61  13  35  14  15
  0  3  1  62  2  68  3  54  4  51  5  8  6  46  7  72  8  93  9  98  10  42  11  82  12  92  13  52  14  15
  0  10  1  16  2  56  3  68  4  62  5  15  6  6  7  23  8  52  9  75  10  68  11  38  12  77  13  92  14  51
  0  55  1  14  2  34  3  78  4  53  5  54  6  21  7  84  8  37  9  6  10  39  11  92  12  86  13  43  14  33
  0  28  1  59  2  48  3  85  4  88  5  15  6  15  7  51  8  81  9  84  10  86  11  10  12  76  13  44  14  51
  0  70  1  49  2  28  3  18  4  14  5  21  6  7  7  50  8  76  9  5  10  24  11  24  12  16  13  18  14  43
  0  37  1  88  2  27  3  75  4  4  5  45  6  27  7  67  8  77  9  35  10  79  11  82  12  21  13  51  14  56
  0  7  1  98  2  67  3  58  4  51  5  55  6  58  7  15  8  35  9  21  10  93  11  86  12  84  13  51  14  45
  0  10  1  69  2  86  3  54  4  71  5  57  6  88  7  53  8  2  9  68  10  4  11  22  12  12  13  65  14  45
  0  34  1  24  2  94  3  94  4  33  5  69  6  67  7  76  8  19  9  49  10  66  11  45  12  56  13  86  14  92
  0  91  1  27  2  15  3  92  4  63  5  87  6  71  7  45  8  44  9  2  10  10  11  83  12  49  13  73  14  31
  0  80  1  25  2  77  3  10  4  43  5  62  6  75  7  62  8  64  9  61  10  77  11  73  12  50  13  3  14  56
  0  1  1  16  2  24  3  48  4  94  5  10  6  93  7  97  8  28  9  26  10  38  11  16  12  9  13  94  14  69
  0  61  1  27  2  68  3  3  4  83  5  57  6  61  7  77  8  63  9  6  10  77  11  16  12  51  13  7  14  55
  0  77  1  92  2  64  3  18  4  5  5  75  6  27  7  88  8  53  9  58  10  28  11  32  12  64  13  51  14  23
  0  7  1  23  2  63  3  31  4  66  5  97  6  35  7  24  8  27  9  67  10  18  11  60  12  84  13  71  14  87
  0  27  1  71  2  53  3  72  4  52  5  58  6  66  7  58  8  1  9  68  10  70  11  94  12  50  13  37  14  43
TPM
  0  2033  1  2033  2  2033  3  2033  4  2033  5  2033  6  2033  7  2033  8  2033  9  2033  10  2033  11  2033  12  2033  13  2033  14  2033
PMT
  0  148  1  60  2  65  3  104  4  99  5  15  6  6  7  10  8  148  9  125  10  131  11  16  12  35  13  106  14  15
  0  132  1  101  2  121  3  10  4  23  5  19  6  116  7  137  8  28  9  48  10  30  11  84  12  39  13  140  14  92
  0  98  1  32  2  121  3  16  4  76  5  107  6  96  7  108  8  15  9  3  10  40  11  32  12  93  13  58  14  27
  0  112  1  35  2  75  3  9  4  113  5  138  6  75  7  51  8  139  9  100  10  70  11  18  12  6  13  46  14  75
  0  148  1  27  2  125  3  109  4  80  5  76  6  139  7  135  8  88  9  99  10  9  11  47  12  74  13  56  14  60
  0  49  1  1  2  146  3  60  4  105  5  75  6  125  7  117  8  71  9  103  10  134  11  43  12  20  13  145  14  126
  0  63  1  38  2  19  3  96  4  6  5  147  6  8  7  59  8  84  9  136  10  89  11  114  12  15  13  33  14  123
  0  69  1  120  2  40  3  38  4  81  5  29  6  129  7  119  8  63  9  53  10  144  11  83  12  146  13  28  14  84
  0  103  1  11  2  14  3  130  4  140  5  52  6  125  7  37  8  85  9  31  10  68  11  60  12  126  13  42  14  52
  0  112  1  37  2  114  3  18  4  8  5  10  6  71  7  100  8  94  9  11  10  77  11  80  12  134  13  60  14  131
