20  15
  0  84  1  43  2  8  3  76  4  94  5  92  6  52  7  46  8  41  9  68  10  15  11  45  12  48  13  9  14  72
  0  76  1  75  2  67  3  88  4  32  5  34  6  49  7  79  8  66  9  27  10  49  11  37  12  54  13  87  14  10
  0  23  1  8  2  75  3  90  4  68  5  21  6  25  7  28  8  44  9  57  10  81  11  6  12  79  13  96  14  73
  0  78  1  49  2  3  3  72  4  14  5  56  6  1  7  74  8  48  9  83  10  47  11  93  12  74  13  82  14  42
  0  33  1  94  2  24  3  32  4  10  5  16  6  47  7  75  8  20  9  78  10  58  11  89  12  72  13  31  14  70
  0  95  1  45  2  90  3  93  4  25  5  30  6  70  7  20  8  63  9  69  10  48  11  49  12  33  13  5  14  5
  0  49  1  57  2  85  3  74  4  71  5  41  6  20  7  69  8  31  9  65  10  48  11  68  12  47  13  89  14  87
  0  99  1  99  2  97  3  65  4  43  5  27  6  37  7  50  8  36  9  5  10  36  11  42  12  55  13  52  14  2
  0  78  1  16  2  66  3  20  4  80  5  7  6  87  7  33  8  26  9  47  10  33  11  50  12  40  13  41  14  63
  0  12  1  38  2  62  3  57  4  36  5  50  6  3  7  23  8  87  9  24  10  52  11  63  12  70  13  80  14  98
  0  72  1  35  2  72  3  81  4  34  5  31  6  65  7  19  8  45  9  60  10  39  11  89  12  95  13  20  14  91
  0  58  1  62  2  21  3  77  4  64  5  9  6  31  7  30  8  8  9  4  10  85  11  30  12  8  13  74  14  48
  0  37  1  27  2  91  3  26  4  82  5  70  6  34  7  75  8  3  9  8  10  71  11  37  12  60  13  82  14  85
  0  99  1  60  2  6  3  99  4  85  5  94  6  47  7  98  8  82  9  47  10  63  11  46  12  98  13  40  14  36
  0  44  1  85  2  28  3  10  4  91  5  74  6  43  7  47  8  22  9  22  10  68  11  41  12  41  13  32  14  76
  0  56  1  96  2  47  3  71  4  86  5  36  6  84  7  21  8  47  9  45  10  76  11  61  12  49  13  77  14  49
  0  11  1  16  2  5  3  31  4  33  5  35  6  56  7  87  8  30  9  69  10  29  11  20  12  52  13  57  14  82
  0  75  1  67  2  89  3  49  4  52  5  11  6  26  7  29  8  5  9  25  10  95  11  44  12  78  13  43  14  14
  0  77  1  21  2  90  3  73  4  15  5  66  6  97  7  15  8  71  9  79  10  56  11  91  12  65  13  3  14  58
  0  65  1  75  2  50  3  97  4  3  5  90  6  36  7  30  8  67  9  40  10  40  11  14  12  20  13  68  14  38
TPM
  0  595  1  595  2  595  3  595  4  595  5  595  6  595  7  595  8  595  9  595  10  595  11  595  12  595  13  595  14  595
PMT
  0  60  1  56  2  56  3  39  4  12  5  56  6  44  7  4  8  23  9  57  10  18  11  55  12  54  13  48  14  13
  0  66  1  4  2  32  3  38  4  3  5  19  6  48  7  70  8  42  9  35  10  57  11  25  12  69  13  26  14  32
  0  49  1  66  2  55  3  17  4  39  5  31  6  8  7  29  8  38  9  70  10  2  11  53  12  2  13  2  14  54
  0  23  1  34  2  55  3  19  4  30  5  69  6  25  7  70  8  63  9  46  10  1  11  28  12  30  13  54  14  54
