100  15
  0  78  1  73  2  13  3  57  4  12  5  70  6  21  7  59  8  62  9  2  10  75  11  97  12  96  13  88  14  77
  0  41  1  6  2  77  3  23  4  34  5  62  6  90  7  60  8  22  9  33  10  16  11  80  12  49  13  24  14  73
  0  49  1  61  2  65  3  8  4  92  5  86  6  86  7  85  8  5  9  84  10  30  11  3  12  13  13  81  14  87
  0  40  1  58  2  29  3  87  4  10  5  41  6  66  7  45  8  72  9  58  10  63  11  58  12  44  13  26  14  68
  0  17  1  9  2  69  3  4  4  54  5  93  6  17  7  76  8  60  9  89  10  31  11  92  12  25  13  23  14  75
  0  97  1  2  2  4  3  73  4  75  5  96  6  7  7  42  8  91  9  13  10  66  11  82  12  47  13  31  14  92
  0  61  1  86  2  87  3  24  4  31  5  83  6  82  7  97  8  58  9  78  10  35  11  88  12  60  13  58  14  64
  0  40  1  75  2  5  3  68  4  10  5  16  6  33  7  19  8  89  9  67  10  11  11  6  12  70  13  48  14  35
  0  95  1  64  2  44  3  86  4  78  5  16  6  59  7  13  8  37  9  45  10  78  11  91  12  42  13  19  14  12
  0  78  1  68  2  36  3  67  4  56  5  91  6  72  7  92  8  20  9  92  10  38  11  49  12  70  13  92  14  10
  0  35  1  7  2  96  3  71  4  71  5  44  6  9  7  63  8  92  9  71  10  56  11  19  12  29  13  60  14  36
  0  50  1  72  2  69  3  56  4  1  5  43  6  2  7  54  8  88  9  24  10  28  11  8  12  87  13  7  14  61
  0  68  1  48  2  85  3  67  4  80  5  35  6  81  7  29  8  71  9  32  10  83  11  10  12  31  13  59  14  51
  0  73  1  2  2  84  3  91  4  69  5  51  6  35  7  35  8  85  9  14  10  36  11  44  12  17  13  7  14  33
  0  52  1  20  2  54  3  78  4  6  5  36  6  94  7  81  8  49  9  11  10  40  11  66  12  98  13  48  14  5
  0  64  1  73  2  64  3  47  4  57  5  84  6  33  7  76  8  44  9  12  10  45  11  6  12  78  13  3  14  19
  0  80  1  27  2  83  3  29  4  97  5  26  6  68  7  56  8  90  9  47  10  90  11  49  12  61  13  93  14  19
  0  78  1  69  2  90  3  14  4  15  5  10  6  36  7  28  8  41  9  58  10  43  11  82  12  18  13  42  14  61
  0  61  1  34  2  75  3  79  4  88  5  17  6  73  7  53  8  7  9  90  10  18  11  75  12  58  13  3  14  62
  0  28  1  39  2  62  3  71  4  51  5  80  6  48  7  52  8  24  9  64  10  88  11  23  12  53  13  98  14  32
  0  10  1  11  2  98  3  35  4  86  5  58  6  45  7  54  8  81  9  49  10  20  11  22  12  30  13  16  14  46
  0  25  1  42  2  62  3  68  4  32  5  7  6  20  7  70  8  35  9  62  10  52  11  99  12  95  13  98  14  6
  0  44  1  14  2  74  3  39  4  4  5  63  6  62  7  88  8  18  9  60  10  51  11  41  12  72  13  54  14  80
  0  30  1  85  2  62  3  79  4  73  5  29  6  88  7  25  8  24  9  68  10  91  11  57  12  87  13  4  14  99
  0  16  1  37  2  49  3  83  4  77  5  39  6  82  7  32  8  1  9  55  10  63  11  98  12  35  13  86  14  91
  0  11  1  26  2  81  3  48  4  59  5  29  6  22  7  58  8  5  9  25  10  53  11  49  12  78  13  78  14  31
  0  13  1  60  2  7  3  93  4  76  5  58  6  35  7  87  8  53  9  23  10  53  11  98  12  24  13  76  14  14
  0  76  1  67  2  36  3  23  4  47  5  45  6  54  7  22  8  50  9  7  10  24  11  59  12  51  13  77  14  2
  0  95  1  14  2  23  3  56  4  4  5  30  6  32  7  48  8  43  9  43  10  49  11  89  12  23  13  18  14  35
  0  49  1  95  2  34  3  55  4  93  5  32  6  9  7  24  8  81  9  65  10  83  11  41  12  59  13  30  14  22
  0  5  1  14  2  4  3  1  4  97  5  87  6  42  7  5  8  60  9  60  10  71  11  47  12  19  13  54  14  62
  0  70  1  18  2  15  3  14  4  16  5  76  6  68  7  12  8  56  9  74  10  70  11  44  12  31  13  39  14  93
  0  92  1  25  2  74  3  11  4  25  5  89  6  62  7  72  8  57  9  89  10  43  11  96  12  67  13  26  14  22
  0  13  1  77  2  70  3  84  4  20  5  29  6  11  7  12  8  64  9  25  10  87  11  24  12  45  13  18  14  82
  0  94  1  81  2  53  3  80  4  16  5  36  6  9  7  12  8  9  9  53  10  87  11  60  12  3  13  55  14  56
  0  85  1  34  2  27  3  26  4  91  5  35  6  52  7  28  8  40  9  11  10  9  11  36  12  9  13  38  14  26
  0  25  1  14  2  15  3  46  4  69  5  65  6  50  7  75  8  29  9  29  10  91  11  87  12  73  13  2  14  1
  0  28  1  38  2  17  3  45  4  31  5  16  6  62  7  58  8  47  9  23  10  61  11  84  12  46  13  10  14  34
  0  23  1  27  2  78  3  79  4  21  5  82  6  50  7  12  8  85  9  62  10  87  11  39  12  28  13  59  14  54
  0  6  1  37  2  3  3  89  4  93  5  58  6  31  7  7  8  73  9  34  10  86  11  56  12  59  13  9  14  41
  0  13  1  83  2  23  3  61  4  69  5  21  6  48  7  55  8  57  9  13  10  21  11  75  12  14  13  71  14  2
  0  66  1  74  2  73  3  50  4  62  5  65  6  70  7  90  8  1  9  11  10  68  11  29  12  95  13  92  14  55
  0  22  1  82  2  13  3  87  4  22  5  33  6  64  7  60  8  46  9  98  10  4  11  19  12  44  13  38  14  62
  0  85  1  60  2  32  3  76  4  13  5  19  6  86  7  93  8  88  9  74  10  84  11  91  12  53  13  1  14  45
  0  26  1  3  2  30  3  74  4  80  5  81  6  43  7  43  8  8  9  2  10  79  11  19  12  51  13  38  14  29
  0  20  1  14  2  78  3  13  4  97  5  6  6  39  7  60  8  48  9  83  10  67  11  54  12  99  13  64  14  88
  0  94  1  51  2  75  3  88  4  99  5  44  6  87  7  13  8  47  9  89  10  18  11  34  12  24  13  90  14  18
  0  35  1  43  2  33  3  76  4  77  5  35  6  25  7  12  8  77  9  31  10  17  11  18  12  12  13  89  14  31
  0  94  1  93  2  46  3  77  4  88  5  30  6  62  7  40  8  7  9  32  10  36  11  62  12  93  13  28  14  72
  0  61  1  69  2  33  3  40  4  38  5  85  6  41  7  66  8  96  9  41  10  59  11  26  12  57  13  55  14  9
  0  56  1  35  2  99  3  46  4  77  5  28  6  37  7  80  8  16  9  28  10  13  11  1  12  48  13  50  14  7
  0  38  1  31  2  45  3  24  4  15  5  63  6  39  7  1  8  63  9  9  10  14  11  45  12  22  13  79  14  29
  0  34  1  30  2  40  3  38  4  51  5  81  6  4  7  58  8  20  9  23  10  18  11  96  12  81  13  86  14  64
  0  35  1  7  2  98  3  19  4  31  5  54  6  17  7  45  8  87  9  12  10  71  11  30  12  2  13  76  14  16
  0  65  1  87  2  66  3  26  4  43  5  36  6  68  7  91  8  25  9  64  10  64  11  75  12  93  13  54  14  90
  0  65  1  2  2  94  3  21  4  31  5  69  6  73  7  80  8  38  9  8  10  77  11  31  12  22  13  61  14  1
  0  86  1  92  2  96  3  82  4  41  5  35  6  81  7  96  8  24  9  28  10  34  11  88  12  22  13  87  14  32
  0  28  1  20  2  23  3  18  4  3  5  52  6  36  7  32  8  2  9  75  10  33  11  61  12  50  13  1  14  8
  0  97  1  76  2  33  3  18  4  25  5  59  6  26  7  73  8  85  9  57  10  44  11  98  12  10  13  21  14  73
  0  43  1  84  2  67  3  50  4  48  5  9  6  26  7  79  8  98  9  67  10  13  11  65  12  13  13  6  14  90
  0  86  1  53  2  98  3  13  4  70  5  60  6  40  7  60  8  63  9  43  10  99  11  25  12  2  13  70  14  22
  0  93  1  22  2  58  3  67  4  41  5  62  6  43  7  9  8  29  9  58  10  87  11  51  12  73  13  27  14  48
  0  29  1  31  2  84  3  15  4  86  5  13  6  57  7  99  8  72  9  22  10  71  11  29  12  80  13  78  14  26
  0  67  1  30  2  86  3  2  4  79  5  61  6  39  7  43  8  15  9  93  10  71  11  23  12  52  13  75  14  22
  0  87  1  67  2  10  3  48  4  14  5  82  6  50  7  2  8  55  9  22  10  90  11  74  12  47  13  97  14  2
  0  65  1  95  2  71  3  78  4  24  5  70  6  90  7  10  8  70  9  75  10  76  11  75  12  7  13  81  14  27
  0  43  1  68  2  27  3  57  4  15  5  63  6  22  7  79  8  39  9  23  10  23  11  21  12  3  13  46  14  63
  0  97  1  48  2  6  3  41  4  23  5  7  6  75  7  14  8  4  9  23  10  64  11  47  12  53  13  8  14  85
  0  20  1  27  2  72  3  89  4  76  5  59  6  99  7  44  8  81  9  62  10  71  11  43  12  25  13  98  14  55
  0  58  1  67  2  63  3  21  4  86  5  44  6  18  7  39  8  54  9  43  10  67  11  71  12  72  13  48  14  74
  0  81  1  51  2  1  3  52  4  95  5  35  6  19  7  77  8  10  9  4  10  94  11  18  12  25  13  47  14  25
  0  64  1  35  2  29  3  86  4  9  5  35  6  67  7  38  8  14  9  88  10  23  11  98  12  61  13  93  14  64
  0  67  1  80  2  27  3  46  4  62  5  83  6  59  7  25  8  89  9  69  10  79  11  98  12  85  13  67  14  43
  0  41  1  89  2  36  3  67  4  71  5  23  6  32  7  17  8  79  9  9  10  22  11  61  12  85  13  43  14  96
  0  88  1  32  2  96  3  16  4  14  5  4  6  20  7  85  8  24  9  48  10  72  11  52  12  32  13  32  14  10
  0  66  1  35  2  50  3  85  4  39  5  15  6  93  7  53  8  16  9  11  10  20  11  91  12  14  13  49  14  93
  0  70  1  21  2  22  3  84  4  30  5  35  6  51  7  57  8  66  9  7  10  64  11  65  12  7  13  2  14  77
  0  53  1  47  2  1  3  70  4  21  5  82  6  7  7  81  8  98  9  35  10  22  11  72  12  61  13  76  14  20
  0  33  1  42  2  96  3  11  4  23  5  55  6  62  7  2  8  86  9  30  10  69  11  75  12  68  13  7  14  80
  0  50  1  20  2  56  3  2  4  89  5  87  6  20  7  52  8  79  9  11  10  86  11  98  12  98  13  73  14  43
  0  3  1  25  2  83  3  74  4  67  5  77  6  83  7  95  8  89  9  83  10  7  11  46  12  74  13  7  14  40
  0  72  1  34  2  88  3  48  4  79  5  10  6  85  7  84  8  35  9  64  10  7  11  82  12  50  13  54  14  73
  0  96  1  76  2  61  3  73  4  62  5  75  6  54  7  65  8  61  9  77  10  10  11  60  12  38  13  22  14  3
  0  95  1  93  2  34  3  61  4  64  5  42  6  7  7  28  8  75  9  26  10  72  11  95  12  44  13  17  14  80
  0  84  1  60  2  42  3  42  4  95  5  69  6  16  7  78  8  54  9  51  10  76  11  92  12  23  13  16  14  45
  0  67  1  53  2  20  3  62  4  32  5  4  6  85  7  69  8  69  9  44  10  75  11  40  12  59  13  19  14  57
  0  74  1  61  2  52  3  54  4  23  5  90  6  98  7  71  8  84  9  59  10  92  11  44  12  15  13  55  14  30
  0  44  1  31  2  92  3  1  4  42  5  88  6  78  7  58  8  14  9  88  10  42  11  70  12  38  13  18  14  45
  0  13  1  17  2  54  3  72  4  94  5  32  6  64  7  45  8  19  9  97  10  93  11  43  12  20  13  87  14  25
  0  96  1  33  2  46  3  40  4  99  5  96  6  7  7  34  8  54  9  71  10  72  11  45  12  44  13  46  14  45
  0  17  1  97  2  55  3  4  4  91  5  89  6  28  7  55  8  9  9  97  10  53  11  24  12  60  13  95  14  13
  0  55  1  21  2  72  3  37  4  31  5  54  6  85  7  67  8  40  9  69  10  14  11  42  12  40  13  76  14  41
  0  37  1  16  2  56  3  4  4  26  5  7  6  65  7  83  8  42  9  66  10  10  11  10  12  50  13  83  14  89
  0  32  1  77  2  55  3  78  4  53  5  48  6  16  7  94  8  45  9  19  10  52  11  82  12  77  13  19  14  55
  0  5  1  46  2  35  3  96  4  21  5  74  6  8  7  20  8  89  9  21  10  5  11  92  12  38  13  14  14  11
  0  68  1  75  2  9  3  43  4  29  5  40  6  36  7  73  8  24  9  20  10  66  11  32  12  35  13  74  14  39
  0  4  1  14  2  46  3  13  4  60  5  72  6  59  7  38  8  82  9  47  10  20  11  62  12  60  13  43  14  75
  0  14  1  86  2  28  3  1  4  32  5  67  6  49  7  11  8  33  9  22  10  88  11  32  12  33  13  65  14  66
  0  60  1  61  2  51  3  66  4  2  5  44  6  57  7  55  8  83  9  44  10  35  11  99  12  50  13  64  14  31
  0  10  1  20  2  82  3  83  4  68  5  38  6  49  7  33  8  24  9  60  10  80  11  5  12  50  13  67  14  25
TPM
  0  1446  1  1446  2  1446  3  1446  4  1446  5  1446  6  1446  7  1446  8  1446  9  1446  10  1446  11  1446  12  1446  13  1446  14  1446
PMT
  0  75  1  4  2  103  3  116  4  96  5  38  6  97  7  130  8  147  9  143  10  103  11  92  12  78  13  146  14  21
  0  120  1  19  2  99  3  123  4  94  5  83  6  81  7  74  8  84  9  77  10  135  11  32  12  48  13  48  14  84
  0  7  1  25  2  149  3  127  4  66  5  137  6  149  7  89  8  23  9  50  10  122  11  109  12  87  13  121  14  33
  0  99  1  122  2  84  3  120  4  107  5  131  6  105  7  15  8  13  9  126  10  138  11  90  12  33  13  138  14  94
  0  29  1  93  2  88  3  116  4  2  5  58  6  64  7  117  8  98  9  142  10  35  11  32  12  50  13  1  14  81
  0  20  1  51  2  62  3  97  4  52  5  125  6  98  7  113  8  131  9  8  10  18  11  125  12  64  13  32  14  34
  0  51  1  104  2  122  3  49  4  130  5  111  6  25  7  104  8  54  9  122  10  32  11  25  12  72  13  49  14  7
