50  20
  0  24  1  11  2  45  3  85  4  95  5  51  6  75  7  87  8  82  9  44  10  3  11  34  12  31  13  50  14  74  15  33  16  9  17  67  18  10  19  69
  0  70  1  58  2  77  3  64  4  78  5  82  6  91  7  23  8  79  9  13  10  45  11  55  12  86  13  27  14  15  15  97  16  88  17  15  18  18  19  50
  0  2  1  20  2  6  3  1  4  36  5  29  6  5  7  25  8  38  9  63  10  64  11  68  12  35  13  39  14  57  15  44  16  77  17  1  18  47  19  15
  0  81  1  52  2  22  3  34  4  1  5  27  6  41  7  74  8  80  9  74  10  75  11  55  12  71  13  64  14  9  15  55  16  17  17  29  18  43  19  81
  0  34  1  85  2  27  3  2  4  48  5  34  6  93  7  92  8  56  9  95  10  90  11  52  12  32  13  46  14  18  15  62  16  91  17  72  18  19  19  19
  0  84  1  42  2  91  3  62  4  82  5  62  6  19  7  62  8  71  9  75  10  13  11  64  12  87  13  27  14  50  15  75  16  28  17  76  18  28  19  58
  0  45  1  59  2  62  3  72  4  8  5  16  6  32  7  62  8  66  9  40  10  11  11  89  12  74  13  18  14  57  15  58  16  55  17  58  18  58  19  84
  0  7  1  37  2  35  3  11  4  71  5  94  6  60  7  48  8  50  9  86  10  49  11  16  12  8  13  46  14  23  15  16  16  94  17  23  18  57  19  36
  0  15  1  17  2  52  3  94  4  79  5  90  6  7  7  56  8  47  9  67  10  75  11  87  12  34  13  18  14  25  15  34  16  43  17  11  18  50  19  29
  0  50  1  71  2  88  3  68  4  40  5  73  6  53  7  23  8  84  9  67  10  80  11  60  12  11  13  8  14  47  15  94  16  88  17  40  18  22  19  97
  0  43  1  62  2  34  3  38  4  76  5  63  6  92  7  26  8  43  9  9  10  84  11  78  12  21  13  30  14  25  15  43  16  70  17  24  18  53  19  36
  0  77  1  88  2  84  3  88  4  10  5  29  6  70  7  1  8  47  9  34  10  27  11  48  12  64  13  84  14  22  15  4  16  62  17  57  18  44  19  51
  0  91  1  40  2  98  3  10  4  10  5  50  6  82  7  94  8  62  9  46  10  45  11  99  12  81  13  63  14  49  15  51  16  51  17  14  18  68  19  75
  0  60  1  28  2  94  3  1  4  65  5  37  6  44  7  55  8  30  9  22  10  80  11  56  12  96  13  67  14  98  15  85  16  27  17  8  18  29  19  6
  0  9  1  50  2  70  3  60  4  14  5  11  6  47  7  55  8  56  9  7  10  54  11  35  12  88  13  68  14  39  15  74  16  30  17  87  18  28  19  63
  0  23  1  19  2  98  3  58  4  44  5  69  6  59  7  23  8  37  9  67  10  79  11  83  12  38  13  10  14  90  15  63  16  96  17  86  18  49  19  83
  0  29  1  67  2  16  3  45  4  51  5  89  6  25  7  18  8  79  9  69  10  21  11  2  12  94  13  50  14  90  15  55  16  5  17  36  18  26  19  88
  0  63  1  84  2  92  3  63  4  11  5  64  6  88  7  58  8  62  9  86  10  18  11  96  12  57  13  70  14  8  15  25  16  27  17  17  18  57  19  2
  0  64  1  77  2  90  3  44  4  5  5  55  6  43  7  21  8  34  9  74  10  16  11  2  12  86  13  3  14  72  15  5  16  19  17  18  18  67  19  96
  0  51  1  44  2  15  3  30  4  12  5  2  6  57  7  42  8  49  9  61  10  88  11  26  12  68  13  71  14  24  15  68  16  23  17  12  18  38  19  5
  0  67  1  3  2  15  3  32  4  47  5  53  6  70  7  96  8  89  9  37  10  48  11  29  12  8  13  33  14  93  15  98  16  44  17  65  18  61  19  18
  0  12  1  26  2  18  3  18  4  11  5  76  6  29  7  51  8  24  9  39  10  54  11  32  12  24  13  57  14  80  15  1  16  41  17  58  18  81  19  53
  0  81  1  52  2  75  3  9  4  89  5  66  6  5  7  89  8  90  9  75  10  85  11  27  12  65  13  3  14  86  15  28  16  40  17  79  18  35  19  71
  0  92  1  94  2  63  3  8  4  6  5  84  6  39  7  82  8  22  9  29  10  46  11  15  12  85  13  60  14  13  15  92  16  58  17  95  18  95  19  71
  0  69  1  62  2  69  3  91  4  19  5  70  6  84  7  36  8  40  9  33  10  90  11  10  12  20  13  73  14  36  15  10  16  97  17  46  18  89  19  2
  0  4  1  65  2  50  3  49  4  26  5  18  6  44  7  35  8  85  9  11  10  6  11  85  12  82  13  71  14  19  15  87  16  37  17  99  18  43  19  48
  0  26  1  55  2  63  3  49  4  7  5  12  6  34  7  93  8  67  9  19  10  97  11  35  12  56  13  54  14  26  15  50  16  59  17  51  18  72  19  96
  0  48  1  43  2  72  3  52  4  13  5  59  6  12  7  43  8  46  9  47  10  44  11  95  12  47  13  24  14  44  15  74  16  58  17  82  18  17  19  93
  0  66  1  93  2  4  3  11  4  8  5  74  6  48  7  38  8  77  9  45  10  23  11  35  12  34  13  60  14  27  15  66  16  29  17  98  18  97  19  37
  0  27  1  60  2  10  3  38  4  83  5  84  6  41  7  70  8  91  9  1  10  40  11  19  12  27  13  72  14  15  15  9  16  43  17  93  18  40  19  60
  0  3  1  53  2  40  3  12  4  36  5  70  6  95  7  1  8  79  9  75  10  94  11  98  12  20  13  77  14  10  15  61  16  50  17  46  18  85  19  23
  0  29  1  19  2  51  3  53  4  65  5  75  6  11  7  59  8  8  9  67  10  68  11  89  12  89  13  89  14  89  15  91  16  57  17  21  18  2  19  5
  0  96  1  90  2  91  3  12  4  21  5  22  6  60  7  76  8  94  9  80  10  27  11  23  12  2  13  27  14  96  15  60  16  81  17  34  18  39  19  46
  0  2  1  40  2  46  3  28  4  27  5  34  6  56  7  37  8  6  9  97  10  62  11  3  12  96  13  57  14  47  15  9  16  87  17  9  18  21  19  22
  0  96  1  24  2  37  3  59  4  47  5  56  6  16  7  79  8  55  9  94  10  20  11  3  12  84  13  46  14  31  15  99  16  36  17  30  18  46  19  15
  0  1  1  25  2  90  3  98  4  77  5  6  6  91  7  75  8  32  9  43  10  96  11  62  12  68  13  78  14  5  15  24  16  13  17  76  18  46  19  25
  0  53  1  18  2  43  3  16  4  73  5  9  6  26  7  60  8  71  9  86  10  85  11  92  12  66  13  68  14  94  15  70  16  20  17  76  18  24  19  48
  0  25  1  16  2  38  3  90  4  54  5  8  6  42  7  10  8  53  9  95  10  16  11  89  12  22  13  79  14  68  15  23  16  44  17  40  18  79  19  88
  0  20  1  74  2  20  3  39  4  37  5  30  6  77  7  73  8  87  9  27  10  16  11  15  12  96  13  10  14  42  15  24  16  34  17  41  18  80  19  13
  0  29  1  63  2  53  3  41  4  91  5  65  6  27  7  12  8  28  9  42  10  85  11  90  12  99  13  29  14  17  15  25  16  52  17  52  18  39  19  39
  0  28  1  28  2  6  3  15  4  32  5  94  6  50  7  7  8  19  9  70  10  72  11  28  12  11  13  64  14  78  15  26  16  75  17  80  18  18  19  25
  0  17  1  4  2  82  3  1  4  65  5  51  6  62  7  23  8  61  9  17  10  73  11  75  12  69  13  63  14  7  15  41  16  76  17  31  18  49  19  11
  0  52  1  54  2  88  3  55  4  77  5  25  6  9  7  64  8  68  9  40  10  13  11  54  12  58  13  5  14  56  15  77  16  1  17  4  18  63  19  7
  0  21  1  43  2  69  3  68  4  25  5  33  6  97  7  36  8  32  9  67  10  69  11  34  12  10  13  12  14  23  15  92  16  13  17  11  18  57  19  55
  0  50  1  75  2  54  3  41  4  58  5  15  6  35  7  7  8  25  9  16  10  49  11  52  12  95  13  92  14  12  15  78  16  89  17  49  18  31  19  93
  0  59  1  43  2  90  3  1  4  3  5  29  6  87  7  42  8  10  9  25  10  30  11  73  12  82  13  31  14  51  15  83  16  82  17  89  18  94  19  2
  0  87  1  79  2  66  3  35  4  57  5  61  6  81  7  45  8  40  9  38  10  29  11  61  12  75  13  82  14  35  15  62  16  72  17  55  18  15  19  7
  0  71  1  12  2  31  3  69  4  9  5  66  6  87  7  28  8  51  9  77  10  55  11  2  12  73  13  50  14  83  15  34  16  86  17  89  18  53  19  81
  0  39  1  41  2  82  3  34  4  56  5  5  6  69  7  95  8  94  9  4  10  59  11  89  12  6  13  52  14  57  15  72  16  56  17  55  18  15  19  71
  0  43  1  13  2  82  3  72  4  98  5  48  6  89  7  30  8  70  9  51  10  98  11  80  12  28  13  14  14  55  15  64  16  36  17  13  18  8  19  5
TPM
  0  813  1  813  2  813  3  813  4  813  5  813  6  813  7  813  8  813  9  813  10  813  11  813  12  813  13  813  14  813  15  813  16  813  17  813  18  813  19  813
PMT
  0  95  1  64  2  117  3  121  4  36  5  85  6  4  7  107  8  43  9  102  10  70  11  81  12  122  13  26  14  109  15  8  16  16  17  72  18  115  19  6
  0  7  1  80  2  102  3  10  4  43  5  30  6  97  7  62  8  7  9  3  10  12  11  26  12  74  13  48  14  17  15  46  16  82  17  25  18  70  19  115
  0  46  1  62  2  4  3  13  4  13  5  19  6  33  7  27  8  122  9  35  10  27  11  50  12  116  13  102  14  83  15  12  16  84  17  70  18  69  19  56
  0  17  1  69  2  96  3  2  4  20  5  90  6  39  7  22  8  62  9  8  10  2  11  59  12  49  13  91  14  25  15  74  16  41  17  122  18  1  19  81
  0  86  1  88  2  33  3  28  4  59  5  123  6  10  7  7  8  24  9  8  10  75  11  66  12  85  13  56  14  75  15  36  16  67  17  26  18  102  19  63
  0  25  1  81  2  22  3  108  4  123  5  101  6  49  7  23  8  94  9  78  10  72  11  10  12  92  13  77  14  96  15  46  16  107  17  60  18  73  19  116
  0  79  1  107  2  45  3  37  4  41  5  40  6  68  7  18  8  15  9  23  10  26  11  58  12  30  13  93  14  99  15  25  16  72  17  22  18  81  19  53
