20  20
  0  87  1  68  2  99  3  25  4  63  5  30  6  40  7  17  8  70  9  6  10  2  11  66  12  11  13  2  14  85  15  47  16  77  17  63  18  66  19  5
  0  52  1  30  2  6  3  74  4  15  5  11  6  15  7  37  8  43  9  33  10  77  11  60  12  43  13  36  14  58  15  16  16  41  17  88  18  76  19  61
  0  35  1  57  2  14  3  38  4  67  5  61  6  73  7  14  8  93  9  97  10  33  11  74  12  31  13  96  14  37  15  49  16  29  17  61  18  33  19  19
  0  1  1  6  2  42  3  39  4  82  5  73  6  28  7  79  8  39  9  27  10  86  11  72  12  15  13  15  14  81  15  96  16  95  17  73  18  10  19  65
  0  49  1  25  2  48  3  85  4  44  5  55  6  26  7  97  8  67  9  1  10  35  11  25  12  90  13  86  14  55  15  87  16  64  17  64  18  62  19  63
  0  27  1  75  2  61  3  91  4  62  5  17  6  31  7  63  8  48  9  91  10  4  11  38  12  73  13  76  14  99  15  76  16  18  17  21  18  88  19  91
  0  24  1  90  2  62  3  46  4  99  5  89  6  25  7  50  8  37  9  36  10  39  11  45  12  37  13  83  14  93  15  70  16  65  17  97  18  68  19  47
  0  91  1  42  2  19  3  30  4  82  5  27  6  6  7  18  8  41  9  30  10  43  11  11  12  33  13  84  14  32  15  53  16  27  17  99  18  15  19  25
  0  38  1  62  2  63  3  37  4  65  5  24  6  77  7  67  8  52  9  84  10  72  11  34  12  9  13  18  14  65  15  93  16  84  17  98  18  9  19  13
  0  68  1  40  2  9  3  41  4  67  5  36  6  37  7  4  8  86  9  73  10  39  11  71  12  92  13  61  14  66  15  84  16  73  17  87  18  9  19  46
  0  90  1  3  2  99  3  96  4  95  5  85  6  11  7  41  8  74  9  57  10  79  11  96  12  17  13  27  14  8  15  78  16  39  17  90  18  48  19  34
  0  5  1  35  2  62  3  3  4  17  5  98  6  6  7  64  8  86  9  86  10  84  11  82  12  86  13  69  14  83  15  90  16  60  17  80  18  70  19  42
  0  37  1  16  2  13  3  39  4  68  5  87  6  62  7  25  8  98  9  89  10  11  11  65  12  25  13  81  14  4  15  94  16  16  17  81  18  67  19  85
  0  91  1  54  2  4  3  58  4  84  5  1  6  35  7  51  8  27  9  10  10  13  11  23  12  47  13  29  14  32  15  42  16  69  17  40  18  98  19  91
  0  36  1  70  2  50  3  2  4  1  5  78  6  30  7  77  8  81  9  67  10  60  11  93  12  44  13  42  14  66  15  61  16  70  17  6  18  39  19  99
  0  33  1  49  2  57  3  69  4  67  5  2  6  87  7  40  8  30  9  22  10  42  11  95  12  79  13  66  14  64  15  29  16  4  17  62  18  62  19  40
  0  96  1  54  2  24  3  63  4  60  5  23  6  74  7  89  8  67  9  89  10  60  11  38  12  32  13  45  14  73  15  25  16  49  17  79  18  53  19  98
  0  25  1  90  2  20  3  64  4  98  5  5  6  30  7  16  8  18  9  40  10  72  11  29  12  33  13  87  14  22  15  3  16  20  17  89  18  32  19  47
  0  38  1  53  2  37  3  53  4  87  5  16  6  86  7  89  8  34  9  57  10  34  11  20  12  90  13  25  14  61  15  32  16  99  17  8  18  1  19  17
  0  39  1  89  2  83  3  50  4  52  5  59  6  45  7  54  8  70  9  57  10  44  11  49  12  83  13  91  14  87  15  13  16  81  17  47  18  68  19  23
TPM
  0  595  1  595  2  595  3  595  4  595  5  595  6  595  7  595  8  595  9  595  10  595  11  595  12  595  13  595  14  595  15  595  16  595  17  595  18  595  19  595
PMT
  0  26  1  36  2  29  3  18  4  15  5  12  6  48  7  19  8  14  9  47  10  3  11  32  12  41  13  29  14  35  15  32  16  2  17  2  18  6  19  46
  0  10  1  29  2  9  3  8  4  23  5  47  6  1  7  34  8  4  9  48  10  23  11  20  12  11  13  4  14  39  15  7  16  5  17  3  18  31  19  18
  0  35  1  39  2  25  3  38  4  35  5  31  6  31  7  46  8  12  9  2  10  31  11  12  12  21  13  23  14  29  15  36  16  2  17  27  18  25  19  27
  0  36  1  46  2  48  3  7  4  27  5  46  6  41  7  25  8  30  9  6  10  43  11  39  12  25  13  35  14  9  15  27  16  23  17  45  18  17  19  7
