500  20
  0  15  1  13  2  23  3  23  4  4  5  85  6  85  7  52  8  76  9  62  10  21  11  12  12  56  13  24  14  5  15  50  16  59  17  45  18  79  19  60
  0  87  1  88  2  76  3  80  4  54  5  85  6  87  7  44  8  33  9  35  10  54  11  17  12  79  13  14  14  48  15  14  16  27  17  58  18  81  19  94
  0  85  1  60  2  34  3  70  4  97  5  5  6  26  7  76  8  4  9  23  10  47  11  83  12  35  13  54  14  22  15  61  16  57  17  24  18  91  19  27
  0  95  1  95  2  16  3  12  4  34  5  45  6  46  7  57  8  76  9  73  10  18  11  20  12  1  13  43  14  47  15  21  16  41  17  20  18  62  19  7
  0  90  1  45  2  72  3  84  4  4  5  70  6  73  7  45  8  35  9  33  10  38  11  7  12  63  13  55  14  36  15  21  16  57  17  96  18  95  19  37
  0  6  1  76  2  76  3  20  4  17  5  78  6  41  7  47  8  47  9  66  10  39  11  52  12  21  13  98  14  25  15  87  16  50  17  20  18  87  19  3
  0  77  1  52  2  70  3  85  4  80  5  21  6  92  7  12  8  20  9  99  10  2  11  69  12  30  13  39  14  38  15  94  16  71  17  31  18  70  19  17
  0  92  1  12  2  33  3  84  4  82  5  13  6  96  7  50  8  99  9  8  10  23  11  11  12  15  13  18  14  9  15  49  16  5  17  72  18  11  19  8
  0  78  1  34  2  96  3  1  4  30  5  50  6  89  7  50  8  36  9  58  10  68  11  80  12  67  13  95  14  73  15  31  16  54  17  65  18  8  19  62
  0  40  1  59  2  38  3  58  4  15  5  61  6  47  7  62  8  9  9  56  10  69  11  91  12  82  13  25  14  40  15  15  16  49  17  19  18  14  19  3
  0  27  1  16  2  44  3  71  4  75  5  25  6  38  7  77  8  3  9  77  10  7  11  46  12  21  13  18  14  96  15  38  16  86  17  11  18  59  19  76
  0  78  1  91  2  1  3  3  4  67  5  41  6  17  7  24  8  98  9  74  10  98  11  75  12  94  13  53  14  83  15  7  16  35  17  79  18  59  19  68
  0  83  1  17  2  66  3  58  4  58  5  49  6  59  7  51  8  76  9  88  10  93  11  23  12  14  13  67  14  85  15  38  16  58  17  97  18  38  19  76
  0  48  1  67  2  33  3  97  4  31  5  16  6  48  7  84  8  78  9  8  10  19  11  4  12  41  13  95  14  87  15  87  16  32  17  38  18  91  19  9
  0  70  1  11  2  76  3  18  4  30  5  43  6  57  7  54  8  70  9  55  10  43  11  52  12  35  13  69  14  8  15  10  16  66  17  42  18  77  19  86
  0  52  1  29  2  52  3  45  4  11  5  72  6  96  7  53  8  86  9  91  10  59  11  28  12  93  13  91  14  10  15  59  16  55  17  48  18  2  19  64
  0  7  1  18  2  96  3  62  4  61  5  70  6  14  7  58  8  71  9  69  10  86  11  77  12  17  13  33  14  45  15  7  16  16  17  50  18  46  19  11
  0  28  1  34  2  29  3  34  4  10  5  38  6  71  7  27  8  31  9  82  10  55  11  39  12  60  13  38  14  90  15  54  16  90  17  81  18  44  19  95
  0  53  1  28  2  68  3  5  4  47  5  80  6  35  7  66  8  66  9  77  10  17  11  46  12  30  13  13  14  72  15  59  16  23  17  55  18  18  19  86
  0  16  1  16  2  7  3  7  4  12  5  11  6  43  7  5  8  51  9  35  10  94  11  84  12  61  13  44  14  89  15  98  16  31  17  1  18  10  19  55
  0  66  1  47  2  15  3  79  4  27  5  93  6  57  7  45  8  75  9  41  10  79  11  84  12  77  13  88  14  94  15  54  16  34  17  78  18  98  19  25
  0  37  1  81  2  61  3  95  4  81  5  39  6  97  7  72  8  71  9  94  10  12  11  64  12  4  13  99  14  73  15  64  16  19  17  64  18  58  19  41
  0  48  1  90  2  65  3  49  4  4  5  13  6  12  7  27  8  85  9  27  10  28  11  60  12  5  13  94  14  42  15  6  16  39  17  30  18  12  19  22
  0  84  1  34  2  33  3  41  4  59  5  18  6  52  7  84  8  70  9  32  10  47  11  3  12  60  13  91  14  61  15  92  16  90  17  67  18  99  19  26
  0  16  1  89  2  30  3  85  4  74  5  65  6  37  7  2  8  1  9  29  10  32  11  25  12  2  13  58  14  16  15  93  16  1  17  33  18  36  19  58
  0  9  1  25  2  1  3  95  4  73  5  31  6  28  7  12  8  52  9  6  10  54  11  13  12  61  13  41  14  29  15  12  16  33  17  7  18  46  19  74
  0  68  1  43  2  32  3  44  4  68  5  80  6  56  7  83  8  86  9  20  10  40  11  37  12  26  13  89  14  95  15  90  16  85  17  87  18  3  19  82
  0  15  1  48  2  22  3  4  4  51  5  8  6  74  7  80  8  28  9  52  10  73  11  28  12  86  13  76  14  64  15  23  16  42  17  82  18  2  19  35
  0  62  1  97  2  1  3  5  4  79  5  94  6  10  7  69  8  34  9  36  10  2  11  66  12  21  13  87  14  98  15  75  16  1  17  54  18  46  19  66
  0  72  1  54  2  23  3  68  4  36  5  25  6  56  7  88  8  95  9  16  10  50  11  26  12  64  13  33  14  86  15  77  16  88  17  29  18  24  19  18
  0  94  1  49  2  15  3  7  4  23  5  85  6  34  7  61  8  15  9  96  10  46  11  78  12  44  13  88  14  1  15  15  16  40  17  84  18  12  19  51
  0  17  1  3  2  52  3  94  4  17  5  36  6  87  7  5  8  37  9  1  10  19  11  33  12  83  13  91  14  12  15  30  16  92  17  76  18  29  19  52
  0  87  1  91  2  6  3  56  4  85  5  47  6  13  7  89  8  57  9  41  10  12  11  3  12  8  13  37  14  8  15  36  16  34  17  64  18  24  19  67
  0  74  1  40  2  78  3  17  4  56  5  26  6  34  7  45  8  11  9  61  10  37  11  97  12  3  13  43  14  83  15  74  16  99  17  45  18  69  19  27
  0  87  1  81  2  16  3  20  4  81  5  81  6  71  7  4  8  18  9  19  10  41  11  83  12  12  13  95  14  87  15  82  16  7  17  7  18  5  19  44
  0  75  1  14  2  61  3  6  4  32  5  2  6  61  7  39  8  57  9  16  10  80  11  66  12  68  13  82  14  55  15  60  16  68  17  69  18  47  19  8
  0  61  1  46  2  11  3  97  4  26  5  37  6  33  7  48  8  66  9  87  10  21  11  3  12  98  13  78  14  56  15  39  16  38  17  62  18  50  19  89
  0  92  1  17  2  59  3  55  4  78  5  21  6  43  7  65  8  11  9  5  10  91  11  18  12  45  13  39  14  32  15  91  16  58  17  56  18  1  19  41
  0  9  1  16  2  55  3  76  4  4  5  67  6  30  7  22  8  69  9  62  10  87  11  97  12  2  13  21  14  18  15  51  16  33  17  65  18  66  19  59
  0  67  1  60  2  13  3  59  4  39  5  34  6  29  7  80  8  13  9  60  10  82  11  94  12  44  13  34  14  60  15  7  16  32  17  67  18  41  19  34
  0  67  1  89  2  36  3  67  4  46  5  25  6  72  7  15  8  89  9  81  10  87  11  48  12  9  13  82  14  69  15  17  16  2  17  16  18  55  19  8
  0  58  1  82  2  67  3  53  4  22  5  79  6  61  7  17  8  36  9  31  10  98  11  13  12  60  13  72  14  86  15  38  16  53  17  44  18  39  19  21
  0  40  1  30  2  48  3  22  4  20  5  84  6  72  7  33  8  81  9  11  10  86  11  54  12  27  13  73  14  49  15  66  16  33  17  85  18  63  19  14
  0  82  1  83  2  65  3  56  4  65  5  88  6  55  7  78  8  11  9  15  10  37  11  46  12  21  13  66  14  64  15  53  16  2  17  52  18  84  19  7
  0  16  1  93  2  31  3  31  4  16  5  5  6  21  7  91  8  4  9  80  10  46  11  84  12  55  13  21  14  55  15  17  16  88  17  58  18  84  19  92
  0  74  1  93  2  86  3  78  4  3  5  42  6  31  7  96  8  66  9  40  10  20  11  97  12  31  13  81  14  17  15  82  16  86  17  66  18  80  19  95
  0  3  1  88  2  66  3  1  4  47  5  7  6  31  7  7  8  27  9  47  10  46  11  17  12  61  13  57  14  7  15  13  16  97  17  4  18  17  19  91
  0  41  1  75  2  44  3  19  4  42  5  41  6  5  7  86  8  62  9  71  10  22  11  52  12  35  13  30  14  58  15  18  16  69  17  78  18  11  19  94
  0  65  1  68  2  34  3  20  4  52  5  3  6  24  7  52  8  58  9  93  10  69  11  56  12  69  13  51  14  74  15  46  16  54  17  79  18  76  19  54
  0  33  1  52  2  47  3  42  4  48  5  18  6  31  7  73  8  45  9  42  10  62  11  9  12  77  13  78  14  72  15  4  16  94  17  47  18  59  19  7
  0  72  1  47  2  12  3  97  4  7  5  37  6  79  7  10  8  59  9  52  10  46  11  28  12  52  13  61  14  54  15  56  16  24  17  62  18  70  19  86
  0  13  1  73  2  5  3  34  4  25  5  79  6  10  7  2  8  97  9  29  10  42  11  94  12  69  13  99  14  44  15  99  16  21  17  66  18  79  19  97
  0  41  1  59  2  49  3  83  4  36  5  71  6  46  7  90  8  88  9  69  10  41  11  60  12  24  13  20  14  9  15  13  16  62  17  20  18  23  19  82
  0  36  1  7  2  97  3  42  4  19  5  76  6  41  7  32  8  97  9  48  10  46  11  58  12  71  13  46  14  51  15  30  16  66  17  75  18  27  19  50
  0  3  1  37  2  82  3  80  4  44  5  97  6  96  7  46  8  29  9  91  10  14  11  46  12  47  13  57  14  57  15  82  16  26  17  1  18  57  19  48
  0  35  1  59  2  4  3  94  4  10  5  4  6  42  7  9  8  88  9  87  10  99  11  48  12  68  13  64  14  10  15  16  16  54  17  94  18  44  19  93
  0  54  1  34  2  12  3  24  4  35  5  79  6  50  7  59  8  38  9  92  10  22  11  81  12  43  13  47  14  26  15  71  16  7  17  67  18  40  19  93
  0  11  1  41  2  73  3  5  4  26  5  40  6  16  7  18  8  46  9  67  10  76  11  69  12  60  13  30  14  73  15  83  16  63  17  93  18  9  19  20
  0  41  1  64  2  41  3  50  4  50  5  29  6  40  7  7  8  1  9  19  10  87  11  92  12  7  13  90  14  55  15  49  16  56  17  50  18  70  19  20
  0  31  1  46  2  71  3  49  4  52  5  10  6  79  7  22  8  64  9  38  10  68  11  23  12  57  13  26  14  96  15  54  16  95  17  93  18  25  19  79
  0  20  1  84  2  57  3  45  4  15  5  11  6  54  7  18  8  78  9  78  10  20  11  39  12  29  13  27  14  56  15  64  16  30  17  45  18  39  19  72
  0  32  1  72  2  63  3  33  4  51  5  80  6  48  7  78  8  33  9  98  10  9  11  25  12  79  13  36  14  44  15  24  16  35  17  94  18  83  19  54
  0  48  1  1  2  85  3  75  4  76  5  79  6  12  7  5  8  78  9  58  10  87  11  97  12  25  13  76  14  32  15  24  16  25  17  28  18  31  19  88
  0  31  1  73  2  73  3  38  4  87  5  91  6  73  7  35  8  34  9  59  10  54  11  10  12  64  13  89  14  67  15  11  16  24  17  42  18  71  19  19
  0  73  1  12  2  87  3  94  4  65  5  51  6  12  7  75  8  21  9  64  10  58  11  32  12  72  13  18  14  52  15  69  16  39  17  13  18  94  19  17
  0  40  1  40  2  81  3  45  4  63  5  12  6  41  7  12  8  35  9  25  10  19  11  11  12  78  13  18  14  27  15  94  16  40  17  16  18  43  19  76
  0  19  1  79  2  19  3  43  4  52  5  99  6  29  7  28  8  17  9  8  10  83  11  41  12  48  13  90  14  80  15  27  16  18  17  31  18  58  19  26
  0  89  1  7  2  86  3  44  4  49  5  31  6  21  7  59  8  98  9  13  10  68  11  24  12  38  13  58  14  77  15  34  16  82  17  59  18  39  19  82
  0  93  1  29  2  45  3  10  4  16  5  89  6  70  7  32  8  45  9  5  10  47  11  83  12  79  13  37  14  64  15  40  16  28  17  52  18  11  19  83
  0  58  1  3  2  31  3  22  4  38  5  82  6  76  7  3  8  87  9  7  10  71  11  56  12  34  13  76  14  9  15  62  16  64  17  31  18  69  19  42
  0  95  1  88  2  14  3  99  4  12  5  37  6  88  7  78  8  45  9  27  10  65  11  95  12  95  13  66  14  74  15  82  16  16  17  28  18  35  19  31
  0  5  1  22  2  63  3  33  4  86  5  93  6  30  7  66  8  79  9  33  10  97  11  48  12  63  13  29  14  40  15  70  16  6  17  96  18  50  19  93
  0  22  1  48  2  77  3  58  4  54  5  6  6  47  7  25  8  9  9  65  10  46  11  79  12  87  13  56  14  7  15  52  16  93  17  68  18  93  19  26
  0  12  1  32  2  78  3  49  4  78  5  71  6  83  7  74  8  96  9  76  10  89  11  82  12  68  13  51  14  71  15  64  16  41  17  44  18  95  19  77
  0  92  1  62  2  83  3  95  4  2  5  30  6  43  7  13  8  82  9  36  10  7  11  75  12  74  13  84  14  36  15  52  16  12  17  55  18  79  19  75
  0  33  1  8  2  99  3  95  4  83  5  19  6  92  7  39  8  27  9  23  10  70  11  74  12  81  13  81  14  94  15  8  16  30  17  35  18  67  19  71
  0  74  1  75  2  8  3  82  4  46  5  70  6  93  7  71  8  73  9  15  10  40  11  18  12  78  13  91  14  26  15  44  16  56  17  78  18  16  19  45
  0  48  1  4  2  22  3  61  4  31  5  80  6  5  7  28  8  65  9  32  10  24  11  42  12  74  13  14  14  58  15  49  16  68  17  84  18  80  19  29
  0  12  1  80  2  53  3  29  4  10  5  1  6  64  7  94  8  61  9  2  10  43  11  71  12  2  13  72  14  3  15  87  16  33  17  11  18  15  19  49
  0  17  1  53  2  9  3  96  4  80  5  19  6  47  7  9  8  47  9  47  10  23  11  54  12  14  13  77  14  82  15  20  16  17  17  76  18  62  19  74
  0  67  1  9  2  2  3  46  4  52  5  30  6  68  7  13  8  20  9  21  10  3  11  49  12  9  13  2  14  71  15  63  16  77  17  8  18  90  19  28
  0  53  1  96  2  53  3  86  4  7  5  27  6  70  7  84  8  5  9  31  10  19  11  66  12  28  13  60  14  44  15  25  16  26  17  2  18  74  19  4
  0  62  1  54  2  23  3  87  4  76  5  49  6  12  7  31  8  40  9  41  10  32  11  6  12  21  13  91  14  2  15  70  16  55  17  45  18  34  19  98
  0  93  1  46  2  84  3  12  4  86  5  67  6  53  7  99  8  15  9  30  10  77  11  34  12  71  13  50  14  7  15  8  16  71  17  38  18  81  19  44
  0  33  1  25  2  38  3  73  4  48  5  11  6  2  7  59  8  65  9  43  10  67  11  22  12  15  13  77  14  62  15  10  16  78  17  82  18  35  19  93
  0  74  1  79  2  36  3  87  4  96  5  42  6  61  7  34  8  60  9  81  10  83  11  7  12  8  13  12  14  7  15  98  16  97  17  53  18  88  19  14
  0  80  1  27  2  42  3  94  4  18  5  46  6  5  7  18  8  26  9  5  10  24  11  63  12  23  13  36  14  12  15  53  16  25  17  59  18  71  19  76
  0  20  1  63  2  72  3  79  4  7  5  96  6  58  7  76  8  95  9  40  10  97  11  6  12  82  13  99  14  6  15  44  16  61  17  46  18  19  19  50
  0  39  1  79  2  78  3  98  4  46  5  4  6  67  7  29  8  85  9  27  10  96  11  25  12  45  13  38  14  55  15  79  16  62  17  24  18  42  19  39
  0  33  1  11  2  67  3  9  4  94  5  57  6  81  7  76  8  23  9  41  10  61  11  78  12  18  13  96  14  88  15  20  16  89  17  8  18  65  19  22
  0  44  1  64  2  75  3  53  4  43  5  29  6  87  7  85  8  91  9  80  10  34  11  48  12  63  13  25  14  38  15  10  16  78  17  93  18  70  19  81
  0  90  1  66  2  41  3  35  4  54  5  91  6  65  7  83  8  65  9  93  10  70  11  44  12  5  13  87  14  22  15  20  16  34  17  30  18  81  19  30
  0  7  1  98  2  34  3  3  4  7  5  64  6  48  7  99  8  32  9  96  10  49  11  33  12  67  13  25  14  17  15  8  16  25  17  43  18  49  19  75
  0  49  1  28  2  50  3  18  4  15  5  6  6  26  7  62  8  55  9  7  10  95  11  7  12  4  13  56  14  71  15  30  16  45  17  30  18  43  19  80
  0  96  1  49  2  72  3  87  4  72  5  93  6  2  7  41  8  97  9  78  10  8  11  18  12  81  13  95  14  73  15  72  16  56  17  27  18  54  19  4
  0  54  1  92  2  44  3  64  4  70  5  78  6  2  7  91  8  25  9  42  10  65  11  59  12  49  13  29  14  69  15  83  16  36  17  16  18  57  19  40
  0  30  1  69  2  33  3  63  4  64  5  4  6  10  7  45  8  52  9  50  10  50  11  50  12  95  13  94  14  90  15  11  16  82  17  32  18  6  19  82
  0  57  1  43  2  61  3  51  4  7  5  11  6  48  7  42  8  4  9  8  10  1  11  66  12  67  13  31  14  45  15  97  16  67  17  78  18  30  19  79
  0  64  1  73  2  34  3  87  4  58  5  88  6  50  7  13  8  7  9  32  10  90  11  31  12  17  13  95  14  77  15  82  16  27  17  64  18  90  19  68
  0  35  1  54  2  96  3  39  4  45  5  25  6  90  7  41  8  22  9  68  10  8  11  30  12  93  13  88  14  4  15  89  16  31  17  19  18  89  19  91
  0  96  1  38  2  92  3  96  4  43  5  80  6  63  7  82  8  4  9  53  10  57  11  49  12  5  13  13  14  63  15  36  16  85  17  60  18  41  19  43
  0  24  1  40  2  18  3  55  4  79  5  81  6  31  7  8  8  22  9  3  10  30  11  30  12  94  13  55  14  71  15  72  16  39  17  1  18  69  19  91
  0  72  1  37  2  85  3  55  4  99  5  10  6  71  7  92  8  4  9  86  10  97  11  89  12  33  13  80  14  36  15  25  16  3  17  36  18  65  19  79
  0  49  1  27  2  39  3  67  4  35  5  32  6  15  7  84  8  71  9  79  10  47  11  56  12  7  13  71  14  87  15  38  16  22  17  40  18  40  19  99
  0  99  1  4  2  86  3  97  4  74  5  99  6  39  7  15  8  79  9  29  10  35  11  23  12  48  13  47  14  39  15  99  16  39  17  65  18  38  19  91
  0  70  1  60  2  50  3  32  4  18  5  7  6  53  7  34  8  87  9  72  10  44  11  10  12  66  13  54  14  58  15  17  16  35  17  24  18  9  19  9
  0  67  1  34  2  41  3  42  4  66  5  91  6  5  7  80  8  16  9  95  10  81  11  84  12  34  13  7  14  33  15  82  16  59  17  88  18  48  19  62
  0  26  1  44  2  6  3  32  4  82  5  25  6  92  7  31  8  67  9  3  10  24  11  98  12  62  13  19  14  63  15  20  16  65  17  57  18  60  19  25
  0  67  1  8  2  13  3  89  4  19  5  2  6  53  7  77  8  21  9  58  10  16  11  23  12  82  13  62  14  2  15  31  16  19  17  52  18  96  19  56
  0  88  1  6  2  67  3  83  4  1  5  48  6  59  7  26  8  21  9  13  10  82  11  1  12  80  13  34  14  25  15  62  16  49  17  49  18  69  19  94
  0  32  1  52  2  75  3  2  4  14  5  5  6  60  7  32  8  32  9  12  10  1  11  39  12  78  13  21  14  23  15  71  16  55  17  79  18  60  19  9
  0  25  1  95  2  98  3  37  4  33  5  50  6  39  7  92  8  12  9  75  10  40  11  22  12  62  13  2  14  22  15  63  16  92  17  21  18  58  19  16
  0  70  1  31  2  64  3  63  4  81  5  58  6  76  7  76  8  41  9  69  10  75  11  4  12  79  13  14  14  89  15  20  16  93  17  79  18  3  19  4
  0  59  1  24  2  27  3  52  4  19  5  34  6  30  7  60  8  6  9  28  10  27  11  24  12  69  13  77  14  73  15  42  16  6  17  49  18  15  19  23
  0  9  1  65  2  90  3  25  4  3  5  47  6  85  7  92  8  17  9  87  10  88  11  52  12  7  13  59  14  92  15  87  16  49  17  71  18  46  19  23
  0  52  1  15  2  49  3  52  4  55  5  66  6  39  7  22  8  24  9  42  10  28  11  40  12  51  13  14  14  67  15  73  16  29  17  44  18  69  19  57
  0  48  1  87  2  96  3  24  4  33  5  67  6  2  7  38  8  39  9  31  10  97  11  66  12  47  13  42  14  57  15  57  16  43  17  58  18  1  19  83
  0  72  1  8  2  4  3  68  4  98  5  54  6  46  7  29  8  4  9  24  10  76  11  72  12  21  13  39  14  54  15  43  16  83  17  54  18  21  19  21
  0  15  1  26  2  85  3  90  4  19  5  37  6  38  7  52  8  36  9  59  10  22  11  38  12  53  13  38  14  36  15  53  16  20  17  22  18  42  19  57
  0  86  1  76  2  92  3  55  4  59  5  42  6  15  7  62  8  63  9  46  10  18  11  61  12  38  13  65  14  89  15  76  16  11  17  3  18  27  19  8
  0  26  1  19  2  94  3  33  4  30  5  43  6  17  7  49  8  25  9  49  10  46  11  6  12  53  13  61  14  54  15  80  16  75  17  47  18  59  19  67
  0  46  1  88  2  60  3  93  4  14  5  52  6  64  7  86  8  77  9  6  10  12  11  53  12  95  13  34  14  38  15  46  16  31  17  55  18  42  19  18
  0  60  1  60  2  28  3  5  4  91  5  10  6  51  7  82  8  69  9  48  10  91  11  80  12  68  13  48  14  20  15  57  16  84  17  85  18  42  19  67
  0  90  1  89  2  33  3  74  4  15  5  45  6  96  7  86  8  50  9  25  10  8  11  29  12  14  13  78  14  31  15  66  16  4  17  22  18  24  19  50
  0  32  1  83  2  46  3  52  4  27  5  13  6  68  7  2  8  30  9  58  10  31  11  49  12  35  13  63  14  82  15  16  16  44  17  41  18  41  19  1
  0  44  1  26  2  11  3  61  4  11  5  20  6  79  7  87  8  8  9  68  10  64  11  32  12  43  13  37  14  82  15  68  16  89  17  88  18  80  19  82
  0  72  1  61  2  15  3  44  4  9  5  9  6  3  7  80  8  33  9  51  10  69  11  64  12  34  13  50  14  53  15  98  16  16  17  96  18  69  19  46
  0  33  1  90  2  16  3  35  4  71  5  40  6  86  7  46  8  80  9  4  10  31  11  66  12  70  13  79  14  57  15  48  16  25  17  76  18  88  19  29
  0  18  1  55  2  6  3  86  4  5  5  10  6  34  7  36  8  34  9  17  10  76  11  4  12  25  13  1  14  74  15  23  16  74  17  66  18  71  19  38
  0  94  1  7  2  96  3  23  4  22  5  91  6  94  7  37  8  11  9  88  10  85  11  77  12  27  13  74  14  1  15  10  16  5  17  38  18  57  19  73
  0  7  1  81  2  51  3  6  4  43  5  79  6  87  7  17  8  97  9  36  10  75  11  27  12  87  13  64  14  56  15  34  16  65  17  74  18  43  19  72
  0  7  1  38  2  92  3  3  4  76  5  77  6  34  7  9  8  47  9  87  10  27  11  21  12  18  13  90  14  23  15  77  16  59  17  79  18  52  19  97
  0  76  1  17  2  65  3  30  4  78  5  66  6  89  7  86  8  77  9  98  10  92  11  98  12  68  13  85  14  56  15  38  16  71  17  78  18  7  19  92
  0  11  1  34  2  48  3  93  4  87  5  36  6  94  7  29  8  61  9  24  10  20  11  2  12  37  13  17  14  33  15  95  16  53  17  21  18  78  19  76
  0  72  1  29  2  11  3  41  4  64  5  65  6  80  7  75  8  5  9  34  10  52  11  2  12  36  13  70  14  29  15  17  16  76  17  8  18  49  19  55
  0  49  1  5  2  90  3  25  4  93  5  94  6  97  7  7  8  58  9  57  10  7  11  8  12  8  13  29  14  43  15  9  16  76  17  79  18  15  19  63
  0  61  1  49  2  26  3  9  4  28  5  10  6  78  7  23  8  83  9  89  10  43  11  29  12  39  13  85  14  19  15  20  16  46  17  50  18  5  19  77
  0  7  1  25  2  58  3  90  4  74  5  53  6  10  7  94  8  5  9  1  10  65  11  9  12  13  13  73  14  13  15  22  16  55  17  88  18  7  19  53
  0  47  1  60  2  10  3  10  4  60  5  99  6  8  7  97  8  89  9  32  10  27  11  57  12  75  13  94  14  19  15  44  16  8  17  54  18  8  19  72
  0  57  1  74  2  85  3  76  4  20  5  1  6  22  7  78  8  53  9  61  10  26  11  53  12  45  13  94  14  61  15  39  16  55  17  51  18  15  19  27
  0  3  1  31  2  61  3  25  4  5  5  54  6  78  7  95  8  77  9  79  10  13  11  99  12  61  13  13  14  84  15  89  16  35  17  71  18  90  19  51
  0  19  1  3  2  49  3  80  4  93  5  63  6  84  7  41  8  81  9  14  10  48  11  34  12  57  13  85  14  33  15  94  16  99  17  16  18  24  19  80
  0  96  1  72  2  73  3  18  4  56  5  1  6  19  7  28  8  96  9  70  10  82  11  45  12  13  13  8  14  93  15  98  16  48  17  30  18  42  19  21
  0  11  1  32  2  65  3  4  4  11  5  77  6  95  7  12  8  28  9  10  10  48  11  41  12  14  13  70  14  18  15  48  16  94  17  92  18  1  19  30
  0  33  1  29  2  88  3  96  4  61  5  93  6  74  7  79  8  4  9  57  10  76  11  69  12  28  13  20  14  78  15  77  16  12  17  36  18  27  19  57
  0  23  1  87  2  43  3  26  4  20  5  6  6  49  7  98  8  44  9  14  10  89  11  91  12  61  13  22  14  24  15  78  16  55  17  95  18  10  19  1
  0  94  1  99  2  4  3  59  4  33  5  63  6  51  7  56  8  98  9  35  10  31  11  42  12  80  13  19  14  4  15  95  16  41  17  9  18  48  19  57
  0  86  1  59  2  1  3  67  4  89  5  70  6  32  7  92  8  46  9  70  10  21  11  49  12  91  13  9  14  18  15  45  16  39  17  17  18  95  19  96
  0  95  1  91  2  39  3  10  4  62  5  96  6  24  7  14  8  45  9  2  10  71  11  95  12  17  13  93  14  97  15  67  16  14  17  42  18  82  19  74
  0  53  1  95  2  28  3  22  4  8  5  31  6  87  7  65  8  74  9  7  10  77  11  15  12  20  13  70  14  10  15  39  16  93  17  33  18  2  19  56
  0  39  1  4  2  53  3  67  4  45  5  53  6  97  7  62  8  18  9  47  10  73  11  94  12  58  13  66  14  55  15  20  16  94  17  8  18  60  19  40
  0  80  1  28  2  15  3  84  4  75  5  82  6  28  7  40  8  62  9  59  10  37  11  4  12  68  13  31  14  2  15  12  16  95  17  44  18  68  19  79
  0  75  1  44  2  25  3  53  4  8  5  2  6  26  7  55  8  40  9  77  10  60  11  73  12  13  13  48  14  76  15  36  16  54  17  80  18  4  19  55
  0  23  1  29  2  28  3  46  4  17  5  91  6  5  7  47  8  6  9  43  10  29  11  4  12  50  13  34  14  88  15  84  16  11  17  40  18  67  19  44
  0  75  1  72  2  85  3  52  4  41  5  4  6  82  7  59  8  41  9  64  10  76  11  61  12  90  13  15  14  79  15  79  16  8  17  91  18  26  19  76
  0  27  1  96  2  51  3  77  4  93  5  65  6  39  7  58  8  42  9  37  10  7  11  14  12  67  13  19  14  14  15  45  16  50  17  99  18  4  19  1
  0  6  1  81  2  9  3  67  4  47  5  10  6  92  7  9  8  5  9  32  10  3  11  86  12  25  13  21  14  56  15  3  16  47  17  31  18  78  19  71
  0  39  1  73  2  72  3  97  4  23  5  41  6  97  7  4  8  37  9  16  10  65  11  64  12  9  13  21  14  91  15  13  16  39  17  27  18  72  19  49
  0  10  1  7  2  53  3  44  4  81  5  5  6  21  7  36  8  41  9  69  10  38  11  59  12  5  13  46  14  97  15  38  16  88  17  57  18  66  19  65
  0  13  1  97  2  41  3  13  4  2  5  20  6  44  7  74  8  74  9  1  10  28  11  19  12  61  13  8  14  70  15  3  16  87  17  6  18  68  19  95
  0  95  1  63  2  71  3  86  4  6  5  74  6  13  7  84  8  50  9  80  10  26  11  44  12  6  13  63  14  58  15  67  16  22  17  57  18  8  19  58
  0  26  1  84  2  64  3  46  4  41  5  22  6  22  7  94  8  54  9  50  10  76  11  55  12  17  13  43  14  61  15  52  16  71  17  98  18  52  19  94
  0  31  1  21  2  59  3  44  4  54  5  2  6  93  7  5  8  96  9  62  10  54  11  5  12  32  13  54  14  93  15  69  16  67  17  31  18  54  19  38
  0  2  1  37  2  75  3  46  4  3  5  81  6  17  7  87  8  96  9  77  10  52  11  33  12  94  13  82  14  26  15  46  16  13  17  71  18  79  19  62
  0  44  1  6  2  80  3  85  4  94  5  3  6  26  7  32  8  98  9  11  10  90  11  31  12  67  13  36  14  45  15  58  16  41  17  99  18  73  19  57
  0  40  1  91  2  48  3  72  4  45  5  64  6  60  7  17  8  51  9  1  10  93  11  32  12  70  13  6  14  11  15  8  16  77  17  47  18  75  19  84
  0  30  1  34  2  30  3  58  4  1  5  85  6  17  7  40  8  7  9  61  10  92  11  57  12  24  13  40  14  81  15  93  16  22  17  62  18  75  19  7
  0  49  1  87  2  71  3  67  4  69  5  23  6  93  7  9  8  12  9  21  10  54  11  87  12  99  13  68  14  46  15  83  16  66  17  93  18  75  19  95
  0  63  1  77  2  62  3  18  4  35  5  44  6  89  7  85  8  6  9  65  10  60  11  45  12  6  13  3  14  96  15  75  16  25  17  66  18  8  19  60
  0  90  1  81  2  80  3  9  4  81  5  77  6  93  7  55  8  43  9  42  10  54  11  89  12  65  13  3  14  98  15  2  16  24  17  45  18  16  19  45
  0  17  1  60  2  80  3  49  4  29  5  85  6  6  7  25  8  12  9  89  10  55  11  66  12  71  13  4  14  71  15  24  16  90  17  20  18  99  19  6
  0  23  1  78  2  42  3  42  4  55  5  38  6  43  7  4  8  6  9  4  10  4  11  76  12  14  13  28  14  77  15  14  16  45  17  46  18  84  19  40
  0  90  1  89  2  66  3  63  4  76  5  84  6  45  7  15  8  78  9  47  10  70  11  46  12  13  13  24  14  75  15  32  16  64  17  30  18  63  19  54
  0  58  1  1  2  96  3  91  4  94  5  44  6  69  7  22  8  91  9  65  10  73  11  5  12  14  13  12  14  97  15  21  16  91  17  40  18  23  19  73
  0  39  1  10  2  86  3  76  4  33  5  68  6  45  7  95  8  14  9  70  10  54  11  12  12  26  13  39  14  43  15  9  16  96  17  79  18  52  19  34
  0  21  1  91  2  62  3  58  4  21  5  45  6  32  7  42  8  66  9  7  10  27  11  97  12  4  13  51  14  8  15  73  16  18  17  73  18  91  19  29
  0  14  1  95  2  37  3  71  4  14  5  40  6  89  7  58  8  93  9  3  10  97  11  96  12  2  13  48  14  93  15  98  16  41  17  23  18  78  19  62
  0  14  1  43  2  81  3  95  4  41  5  12  6  68  7  99  8  16  9  70  10  10  11  82  12  62  13  86  14  59  15  59  16  94  17  47  18  86  19  73
  0  3  1  74  2  54  3  39  4  12  5  26  6  61  7  83  8  93  9  26  10  73  11  49  12  14  13  27  14  12  15  80  16  62  17  25  18  79  19  2
  0  91  1  59  2  42  3  67  4  48  5  72  6  96  7  36  8  3  9  22  10  84  11  98  12  76  13  52  14  46  15  73  16  49  17  85  18  11  19  26
  0  85  1  78  2  80  3  5  4  8  5  54  6  44  7  74  8  16  9  22  10  29  11  7  12  20  13  13  14  85  15  51  16  49  17  25  18  48  19  92
  0  36  1  48  2  37  3  84  4  9  5  90  6  73  7  91  8  20  9  59  10  38  11  98  12  14  13  51  14  87  15  60  16  1  17  45  18  8  19  8
  0  87  1  28  2  83  3  25  4  92  5  72  6  87  7  59  8  29  9  62  10  43  11  55  12  60  13  29  14  97  15  90  16  31  17  35  18  17  19  73
  0  48  1  49  2  92  3  30  4  63  5  59  6  11  7  84  8  64  9  37  10  32  11  19  12  7  13  63  14  81  15  49  16  14  17  52  18  48  19  76
  0  45  1  48  2  34  3  81  4  99  5  87  6  22  7  83  8  15  9  31  10  29  11  76  12  71  13  28  14  74  15  8  16  9  17  64  18  93  19  75
  0  32  1  89  2  49  3  52  4  37  5  44  6  43  7  57  8  5  9  32  10  17  11  42  12  40  13  90  14  3  15  61  16  48  17  68  18  68  19  37
  0  71  1  16  2  41  3  45  4  40  5  39  6  34  7  77  8  16  9  73  10  4  11  66  12  3  13  80  14  92  15  62  16  83  17  82  18  61  19  8
  0  95  1  67  2  95  3  57  4  48  5  44  6  56  7  20  8  60  9  36  10  94  11  35  12  48  13  25  14  60  15  4  16  20  17  94  18  75  19  43
  0  35  1  36  2  36  3  22  4  38  5  11  6  96  7  10  8  90  9  84  10  7  11  43  12  36  13  79  14  40  15  78  16  92  17  7  18  28  19  13
  0  54  1  74  2  63  3  65  4  34  5  86  6  72  7  61  8  88  9  78  10  52  11  63  12  9  13  51  14  15  15  40  16  65  17  99  18  97  19  64
  0  41  1  52  2  28  3  86  4  85  5  63  6  55  7  20  8  82  9  25  10  78  11  29  12  15  13  88  14  34  15  28  16  57  17  25  18  37  19  9
  0  41  1  44  2  72  3  59  4  68  5  59  6  87  7  50  8  74  9  86  10  33  11  3  12  57  13  83  14  48  15  47  16  20  17  82  18  97  19  54
  0  20  1  86  2  94  3  90  4  89  5  5  6  71  7  28  8  83  9  61  10  90  11  21  12  83  13  16  14  92  15  6  16  34  17  50  18  29  19  17
  0  21  1  33  2  42  3  9  4  98  5  69  6  68  7  15  8  29  9  71  10  75  11  12  12  93  13  28  14  89  15  52  16  89  17  67  18  42  19  79
  0  20  1  11  2  49  3  52  4  38  5  87  6  22  7  37  8  14  9  54  10  41  11  36  12  22  13  19  14  67  15  75  16  67  17  99  18  65  19  62
  0  16  1  34  2  50  3  81  4  83  5  30  6  4  7  2  8  90  9  42  10  11  11  3  12  9  13  83  14  2  15  45  16  39  17  25  18  22  19  46
  0  8  1  50  2  52  3  37  4  61  5  46  6  50  7  4  8  1  9  56  10  92  11  46  12  97  13  45  14  32  15  9  16  55  17  18  18  4  19  60
  0  32  1  16  2  47  3  28  4  35  5  84  6  15  7  20  8  38  9  62  10  5  11  83  12  2  13  63  14  17  15  81  16  84  17  34  18  35  19  1
  0  78  1  19  2  81  3  5  4  7  5  50  6  84  7  97  8  67  9  62  10  82  11  79  12  19  13  95  14  20  15  92  16  21  17  17  18  34  19  83
  0  96  1  5  2  34  3  55  4  71  5  60  6  18  7  64  8  4  9  27  10  67  11  83  12  17  13  60  14  38  15  59  16  87  17  65  18  24  19  10
  0  65  1  81  2  60  3  47  4  18  5  7  6  2  7  40  8  29  9  75  10  76  11  23  12  92  13  29  14  27  15  28  16  83  17  55  18  62  19  12
  0  93  1  84  2  94  3  75  4  72  5  50  6  45  7  16  8  1  9  74  10  15  11  64  12  82  13  35  14  82  15  81  16  61  17  97  18  65  19  24
  0  59  1  53  2  41  3  8  4  19  5  79  6  49  7  25  8  90  9  10  10  84  11  85  12  92  13  90  14  66  15  8  16  41  17  52  18  63  19  60
  0  19  1  36  2  76  3  39  4  45  5  31  6  23  7  34  8  45  9  35  10  84  11  5  12  53  13  36  14  1  15  94  16  80  17  73  18  21  19  27
  0  38  1  27  2  45  3  78  4  5  5  46  6  31  7  20  8  57  9  28  10  30  11  63  12  31  13  74  14  77  15  69  16  64  17  22  18  80  19  88
  0  29  1  6  2  36  3  50  4  87  5  8  6  5  7  18  8  96  9  96  10  10  11  73  12  58  13  56  14  33  15  16  16  95  17  76  18  42  19  59
  0  93  1  31  2  56  3  76  4  39  5  88  6  40  7  47  8  43  9  5  10  80  11  64  12  38  13  20  14  98  15  38  16  82  17  46  18  79  19  96
  0  3  1  7  2  41  3  61  4  71  5  94  6  62  7  57  8  97  9  22  10  53  11  80  12  63  13  13  14  33  15  37  16  58  17  43  18  35  19  24
  0  71  1  23  2  76  3  10  4  60  5  5  6  50  7  50  8  93  9  23  10  29  11  34  12  45  13  31  14  85  15  44  16  88  17  81  18  72  19  93
  0  5  1  48  2  19  3  47  4  18  5  18  6  27  7  63  8  18  9  76  10  88  11  8  12  31  13  65  14  46  15  9  16  46  17  9  18  71  19  78
  0  17  1  8  2  31  3  15  4  86  5  66  6  69  7  36  8  11  9  3  10  32  11  49  12  77  13  38  14  95  15  29  16  48  17  88  18  79  19  56
  0  63  1  96  2  74  3  65  4  89  5  65  6  97  7  76  8  14  9  2  10  46  11  24  12  89  13  63  14  42  15  6  16  3  17  81  18  68  19  6
  0  25  1  90  2  35  3  81  4  38  5  95  6  41  7  5  8  83  9  60  10  11  11  99  12  51  13  80  14  22  15  20  16  7  17  2  18  61  19  61
  0  43  1  71  2  56  3  93  4  83  5  50  6  95  7  58  8  84  9  13  10  12  11  82  12  10  13  22  14  2  15  80  16  75  17  46  18  17  19  62
  0  93  1  65  2  17  3  60  4  55  5  77  6  10  7  55  8  30  9  97  10  95  11  46  12  78  13  29  14  89  15  2  16  15  17  21  18  99  19  6
  0  36  1  70  2  78  3  52  4  32  5  17  6  79  7  69  8  39  9  34  10  82  11  92  12  86  13  30  14  69  15  88  16  61  17  6  18  66  19  10
  0  93  1  25  2  86  3  43  4  29  5  4  6  32  7  71  8  33  9  26  10  41  11  64  12  74  13  33  14  99  15  56  16  47  17  44  18  41  19  3
  0  46  1  24  2  2  3  1  4  8  5  77  6  18  7  18  8  69  9  54  10  75  11  81  12  25  13  96  14  47  15  1  16  65  17  46  18  72  19  35
  0  32  1  11  2  81  3  33  4  33  5  48  6  58  7  99  8  2  9  17  10  87  11  70  12  75  13  2  14  38  15  93  16  44  17  25  18  87  19  61
  0  93  1  82  2  70  3  25  4  39  5  73  6  14  7  97  8  26  9  26  10  1  11  29  12  40  13  15  14  59  15  92  16  58  17  36  18  89  19  39
  0  28  1  90  2  44  3  91  4  71  5  72  6  59  7  90  8  20  9  85  10  81  11  19  12  62  13  19  14  37  15  55  16  37  17  61  18  53  19  48
  0  11  1  35  2  9  3  1  4  29  5  74  6  91  7  8  8  10  9  87  10  77  11  92  12  50  13  70  14  66  15  22  16  40  17  63  18  31  19  17
  0  1  1  67  2  77  3  70  4  18  5  64  6  11  7  42  8  14  9  11  10  55  11  95  12  85  13  83  14  89  15  5  16  6  17  19  18  68  19  28
  0  62  1  60  2  61  3  35  4  80  5  4  6  32  7  48  8  54  9  19  10  24  11  5  12  89  13  73  14  31  15  80  16  18  17  88  18  79  19  14
  0  51  1  18  2  40  3  20  4  77  5  5  6  40  7  3  8  20  9  76  10  59  11  81  12  5  13  86  14  30  15  98  16  20  17  85  18  49  19  88
  0  50  1  8  2  8  3  95  4  28  5  3  6  74  7  96  8  32  9  33  10  84  11  58  12  18  13  24  14  51  15  32  16  79  17  48  18  54  19  64
  0  56  1  67  2  10  3  81  4  40  5  66  6  23  7  75  8  58  9  53  10  50  11  97  12  27  13  16  14  55  15  39  16  97  17  50  18  15  19  46
  0  45  1  7  2  17  3  20  4  75  5  16  6  60  7  74  8  50  9  87  10  31  11  68  12  42  13  10  14  41  15  24  16  83  17  70  18  33  19  13
  0  75  1  92  2  94  3  59  4  49  5  50  6  39  7  89  8  19  9  5  10  38  11  42  12  55  13  91  14  19  15  99  16  72  17  25  18  64  19  26
  0  9  1  15  2  70  3  98  4  41  5  14  6  50  7  87  8  67  9  40  10  4  11  17  12  39  13  33  14  68  15  92  16  44  17  38  18  37  19  14
  0  51  1  51  2  6  3  79  4  76  5  40  6  85  7  59  8  47  9  30  10  88  11  93  12  42  13  42  14  72  15  49  16  59  17  88  18  14  19  35
  0  36  1  87  2  31  3  51  4  9  5  49  6  84  7  47  8  5  9  29  10  24  11  82  12  92  13  70  14  56  15  37  16  35  17  72  18  63  19  16
  0  26  1  53  2  84  3  22  4  97  5  4  6  41  7  22  8  37  9  36  10  82  11  9  12  48  13  93  14  61  15  39  16  29  17  61  18  82  19  8
  0  86  1  89  2  78  3  76  4  81  5  37  6  4  7  75  8  72  9  80  10  49  11  45  12  25  13  62  14  29  15  84  16  88  17  51  18  80  19  24
  0  59  1  54  2  83  3  37  4  76  5  11  6  92  7  59  8  36  9  36  10  27  11  90  12  10  13  10  14  81  15  82  16  94  17  22  18  38  19  36
  0  42  1  28  2  91  3  80  4  49  5  71  6  25  7  90  8  93  9  60  10  95  11  74  12  45  13  38  14  23  15  29  16  8  17  62  18  75  19  48
  0  55  1  84  2  11  3  45  4  59  5  96  6  14  7  97  8  46  9  90  10  30  11  48  12  14  13  47  14  93  15  13  16  93  17  38  18  5  19  80
  0  52  1  24  2  95  3  95  4  55  5  73  6  80  7  77  8  44  9  40  10  12  11  3  12  99  13  61  14  54  15  54  16  82  17  80  18  60  19  25
  0  92  1  6  2  21  3  19  4  71  5  40  6  6  7  92  8  42  9  66  10  25  11  27  12  71  13  56  14  86  15  22  16  89  17  47  18  14  19  58
  0  1  1  8  2  53  3  75  4  72  5  68  6  1  7  31  8  92  9  11  10  4  11  74  12  28  13  23  14  34  15  40  16  12  17  81  18  32  19  27
  0  65  1  6  2  70  3  37  4  20  5  91  6  82  7  91  8  85  9  37  10  58  11  30  12  6  13  98  14  7  15  76  16  64  17  54  18  24  19  25
  0  66  1  56  2  31  3  66  4  83  5  94  6  64  7  87  8  45  9  14  10  28  11  78  12  25  13  51  14  49  15  50  16  31  17  85  18  92  19  53
  0  22  1  18  2  23  3  34  4  3  5  16  6  26  7  75  8  58  9  10  10  22  11  16  12  42  13  8  14  31  15  28  16  32  17  67  18  88  19  19
  0  97  1  50  2  2  3  71  4  72  5  42  6  99  7  38  8  2  9  14  10  32  11  63  12  14  13  60  14  96  15  92  16  49  17  34  18  21  19  98
  0  23  1  73  2  19  3  17  4  27  5  76  6  91  7  93  8  84  9  85  10  55  11  73  12  9  13  77  14  11  15  86  16  47  17  63  18  85  19  5
  0  95  1  71  2  15  3  84  4  18  5  28  6  42  7  15  8  16  9  98  10  50  11  30  12  17  13  27  14  68  15  75  16  88  17  91  18  5  19  5
  0  91  1  85  2  92  3  75  4  32  5  47  6  65  7  61  8  77  9  46  10  96  11  89  12  36  13  73  14  59  15  89  16  28  17  83  18  99  19  88
  0  89  1  22  2  24  3  13  4  89  5  98  6  48  7  69  8  59  9  6  10  63  11  13  12  41  13  1  14  4  15  30  16  34  17  86  18  27  19  91
  0  80  1  66  2  48  3  62  4  14  5  56  6  83  7  56  8  77  9  81  10  87  11  86  12  68  13  91  14  5  15  45  16  78  17  62  18  62  19  11
  0  36  1  88  2  60  3  76  4  62  5  60  6  69  7  26  8  96  9  89  10  10  11  31  12  63  13  45  14  85  15  25  16  83  17  77  18  7  19  72
  0  40  1  74  2  97  3  64  4  66  5  60  6  9  7  85  8  9  9  37  10  42  11  45  12  80  13  33  14  92  15  60  16  23  17  87  18  46  19  35
  0  15  1  22  2  77  3  92  4  22  5  48  6  76  7  16  8  61  9  14  10  50  11  33  12  28  13  7  14  2  15  60  16  12  17  55  18  98  19  50
  0  95  1  87  2  47  3  49  4  16  5  50  6  57  7  38  8  28  9  2  10  67  11  13  12  1  13  20  14  48  15  44  16  42  17  87  18  19  19  2
  0  31  1  60  2  37  3  40  4  90  5  22  6  46  7  93  8  45  9  72  10  93  11  13  12  43  13  21  14  60  15  34  16  33  17  72  18  52  19  92
  0  23  1  18  2  42  3  95  4  74  5  88  6  87  7  15  8  95  9  21  10  35  11  85  12  37  13  37  14  92  15  5  16  18  17  57  18  52  19  70
  0  24  1  77  2  61  3  3  4  47  5  94  6  93  7  41  8  83  9  52  10  78  11  13  12  93  13  45  14  58  15  3  16  76  17  5  18  17  19  87
  0  46  1  49  2  73  3  1  4  89  5  80  6  43  7  45  8  40  9  44  10  23  11  75  12  16  13  8  14  23  15  10  16  87  17  7  18  84  19  48
  0  85  1  63  2  37  3  95  4  62  5  88  6  79  7  38  8  58  9  16  10  7  11  7  12  47  13  22  14  11  15  16  16  63  17  48  18  16  19  87
  0  25  1  11  2  31  3  78  4  6  5  68  6  49  7  81  8  37  9  4  10  97  11  62  12  20  13  98  14  33  15  45  16  92  17  49  18  43  19  87
  0  84  1  37  2  79  3  73  4  39  5  31  6  50  7  31  8  96  9  19  10  39  11  64  12  78  13  79  14  33  15  31  16  91  17  39  18  64  19  23
  0  55  1  75  2  24  3  26  4  31  5  70  6  70  7  76  8  85  9  23  10  67  11  19  12  37  13  58  14  9  15  44  16  51  17  15  18  20  19  78
  0  91  1  91  2  45  3  20  4  48  5  70  6  55  7  69  8  86  9  65  10  44  11  94  12  93  13  58  14  79  15  14  16  29  17  15  18  57  19  9
  0  81  1  99  2  43  3  83  4  8  5  35  6  22  7  37  8  3  9  57  10  75  11  24  12  14  13  85  14  66  15  2  16  19  17  96  18  6  19  10
  0  14  1  65  2  14  3  18  4  89  5  33  6  9  7  32  8  86  9  83  10  99  11  70  12  60  13  67  14  42  15  16  16  6  17  96  18  95  19  26
  0  3  1  87  2  99  3  66  4  94  5  39  6  36  7  68  8  15  9  66  10  67  11  53  12  17  13  28  14  51  15  70  16  71  17  27  18  82  19  22
  0  41  1  52  2  8  3  98  4  42  5  7  6  8  7  32  8  54  9  41  10  58  11  42  12  49  13  79  14  1  15  37  16  27  17  13  18  90  19  83
  0  98  1  83  2  97  3  83  4  47  5  12  6  87  7  88  8  56  9  13  10  98  11  55  12  94  13  16  14  94  15  36  16  82  17  93  18  64  19  33
  0  87  1  36  2  90  3  76  4  27  5  53  6  15  7  99  8  71  9  85  10  65  11  22  12  73  13  50  14  33  15  66  16  74  17  44  18  3  19  66
  0  49  1  6  2  79  3  38  4  13  5  89  6  71  7  36  8  80  9  3  10  11  11  1  12  57  13  21  14  25  15  75  16  12  17  72  18  4  19  52
  0  49  1  59  2  1  3  63  4  81  5  59  6  85  7  51  8  80  9  25  10  30  11  54  12  46  13  69  14  75  15  8  16  25  17  8  18  53  19  57
  0  71  1  99  2  21  3  1  4  27  5  6  6  45  7  46  8  69  9  48  10  54  11  24  12  46  13  52  14  36  15  97  16  3  17  1  18  45  19  69
  0  61  1  24  2  53  3  62  4  31  5  12  6  63  7  38  8  24  9  27  10  56  11  67  12  30  13  49  14  49  15  81  16  75  17  69  18  84  19  49
  0  53  1  35  2  83  3  77  4  15  5  7  6  14  7  19  8  55  9  62  10  76  11  35  12  28  13  80  14  10  15  57  16  76  17  85  18  47  19  30
  0  68  1  24  2  97  3  42  4  70  5  8  6  22  7  72  8  94  9  61  10  32  11  8  12  4  13  36  14  32  15  9  16  69  17  84  18  76  19  33
  0  1  1  23  2  21  3  46  4  6  5  4  6  85  7  64  8  45  9  89  10  56  11  22  12  80  13  92  14  96  15  64  16  47  17  30  18  46  19  89
  0  92  1  3  2  25  3  99  4  55  5  94  6  68  7  45  8  87  9  65  10  69  11  52  12  34  13  59  14  98  15  83  16  32  17  75  18  21  19  66
  0  87  1  67  2  47  3  83  4  44  5  52  6  73  7  25  8  50  9  64  10  4  11  28  12  88  13  82  14  53  15  62  16  28  17  5  18  87  19  48
  0  13  1  52  2  40  3  95  4  93  5  43  6  3  7  9  8  59  9  45  10  5  11  3  12  45  13  8  14  2  15  18  16  11  17  38  18  51  19  24
  0  13  1  55  2  51  3  67  4  17  5  63  6  57  7  89  8  31  9  1  10  10  11  12  12  53  13  67  14  34  15  90  16  55  17  41  18  7  19  68
  0  54  1  35  2  81  3  74  4  46  5  46  6  31  7  58  8  94  9  8  10  53  11  65  12  5  13  41  14  26  15  70  16  27  17  74  18  32  19  33
  0  63  1  66  2  83  3  62  4  77  5  52  6  4  7  74  8  33  9  16  10  57  11  91  12  98  13  35  14  43  15  35  16  10  17  61  18  71  19  74
  0  72  1  39  2  6  3  66  4  36  5  59  6  38  7  81  8  81  9  19  10  21  11  5  12  14  13  29  14  83  15  60  16  23  17  69  18  97  19  87
  0  81  1  24  2  80  3  89  4  86  5  7  6  36  7  99  8  44  9  79  10  84  11  67  12  87  13  30  14  34  15  47  16  53  17  37  18  75  19  30
  0  58  1  67  2  19  3  71  4  58  5  59  6  10  7  96  8  87  9  4  10  71  11  83  12  93  13  19  14  77  15  55  16  27  17  82  18  55  19  40
  0  44  1  69  2  59  3  70  4  45  5  97  6  67  7  38  8  46  9  2  10  3  11  25  12  46  13  62  14  75  15  58  16  63  17  78  18  90  19  97
  0  34  1  57  2  76  3  21  4  2  5  48  6  25  7  68  8  42  9  64  10  52  11  85  12  96  13  47  14  13  15  49  16  17  17  82  18  37  19  78
  0  41  1  73  2  62  3  60  4  52  5  16  6  89  7  50  8  84  9  47  10  80  11  21  12  90  13  53  14  70  15  65  16  77  17  56  18  78  19  86
  0  70  1  26  2  24  3  24  4  75  5  75  6  86  7  5  8  34  9  42  10  72  11  12  12  3  13  67  14  71  15  12  16  93  17  11  18  12  19  87
  0  66  1  75  2  59  3  57  4  48  5  37  6  10  7  92  8  30  9  81  10  69  11  53  12  62  13  8  14  24  15  1  16  45  17  58  18  50  19  68
  0  98  1  56  2  9  3  93  4  36  5  96  6  24  7  40  8  5  9  99  10  43  11  69  12  41  13  17  14  34  15  29  16  62  17  71  18  54  19  83
  0  9  1  56  2  4  3  93  4  82  5  25  6  54  7  18  8  58  9  48  10  97  11  5  12  70  13  23  14  79  15  83  16  85  17  66  18  90  19  86
  0  32  1  6  2  39  3  53  4  31  5  70  6  39  7  94  8  51  9  42  10  64  11  30  12  3  13  12  14  67  15  17  16  11  17  60  18  70  19  37
  0  57  1  41  2  53  3  12  4  76  5  64  6  22  7  51  8  34  9  79  10  19  11  75  12  37  13  24  14  5  15  54  16  48  17  80  18  34  19  42
  0  1  1  53  2  1  3  29  4  39  5  72  6  21  7  14  8  40  9  67  10  77  11  77  12  72  13  81  14  64  15  20  16  8  17  18  18  73  19  73
  0  3  1  33  2  34  3  14  4  95  5  17  6  96  7  43  8  93  9  37  10  7  11  93  12  56  13  31  14  29  15  86  16  84  17  58  18  1  19  58
  0  77  1  70  2  34  3  15  4  23  5  55  6  6  7  93  8  19  9  46  10  72  11  35  12  54  13  19  14  35  15  93  16  96  17  19  18  24  19  52
  0  56  1  76  2  70  3  4  4  30  5  20  6  14  7  16  8  43  9  82  10  21  11  7  12  45  13  63  14  50  15  83  16  20  17  95  18  79  19  29
  0  28  1  29  2  61  3  28  4  86  5  27  6  99  7  86  8  42  9  35  10  46  11  69  12  14  13  78  14  65  15  61  16  97  17  86  18  21  19  39
  0  62  1  59  2  71  3  98  4  77  5  12  6  85  7  76  8  59  9  80  10  14  11  53  12  18  13  66  14  82  15  54  16  40  17  38  18  82  19  50
  0  52  1  39  2  75  3  40  4  36  5  68  6  57  7  84  8  99  9  17  10  20  11  85  12  23  13  91  14  21  15  57  16  25  17  49  18  53  19  42
  0  30  1  34  2  64  3  30  4  36  5  81  6  80  7  20  8  92  9  32  10  12  11  21  12  56  13  77  14  75  15  69  16  77  17  18  18  40  19  29
  0  39  1  18  2  80  3  90  4  50  5  81  6  11  7  87  8  50  9  82  10  17  11  89  12  7  13  24  14  13  15  54  16  91  17  15  18  99  19  43
  0  62  1  83  2  96  3  23  4  99  5  65  6  60  7  17  8  84  9  43  10  33  11  79  12  84  13  15  14  73  15  2  16  4  17  26  18  63  19  77
  0  31  1  86  2  92  3  83  4  57  5  65  6  65  7  51  8  61  9  29  10  87  11  45  12  4  13  59  14  19  15  59  16  44  17  87  18  96  19  4
  0  93  1  6  2  82  3  55  4  66  5  56  6  72  7  69  8  85  9  16  10  73  11  97  12  60  13  8  14  47  15  47  16  33  17  17  18  57  19  83
  0  83  1  6  2  93  3  59  4  14  5  26  6  38  7  17  8  62  9  2  10  2  11  7  12  26  13  13  14  61  15  8  16  82  17  10  18  51  19  55
  0  36  1  40  2  16  3  2  4  42  5  61  6  99  7  63  8  79  9  84  10  51  11  43  12  61  13  47  14  68  15  25  16  27  17  43  18  92  19  66
  0  42  1  33  2  47  3  60  4  96  5  18  6  68  7  22  8  91  9  61  10  87  11  28  12  33  13  79  14  38  15  26  16  97  17  35  18  20  19  69
  0  28  1  17  2  32  3  56  4  61  5  77  6  63  7  88  8  16  9  65  10  94  11  61  12  84  13  78  14  51  15  58  16  8  17  17  18  31  19  14
  0  18  1  21  2  57  3  62  4  94  5  12  6  69  7  90  8  60  9  84  10  30  11  62  12  1  13  9  14  17  15  81  16  15  17  38  18  32  19  5
  0  93  1  42  2  33  3  36  4  7  5  6  6  89  7  51  8  49  9  54  10  1  11  36  12  50  13  16  14  41  15  43  16  79  17  11  18  11  19  96
  0  77  1  39  2  4  3  97  4  9  5  4  6  45  7  11  8  17  9  94  10  29  11  38  12  12  13  22  14  74  15  11  16  38  17  51  18  83  19  47
  0  1  1  18  2  57  3  68  4  41  5  94  6  20  7  61  8  81  9  45  10  41  11  29  12  12  13  93  14  65  15  87  16  51  17  84  18  83  19  67
  0  27  1  30  2  12  3  57  4  60  5  43  6  62  7  84  8  22  9  23  10  11  11  14  12  34  13  40  14  5  15  30  16  6  17  27  18  75  19  17
  0  38  1  78  2  19  3  56  4  39  5  17  6  92  7  1  8  17  9  84  10  28  11  10  12  69  13  47  14  39  15  42  16  70  17  43  18  16  19  43
  0  18  1  98  2  97  3  73  4  5  5  2  6  77  7  66  8  24  9  2  10  90  11  18  12  23  13  69  14  74  15  29  16  49  17  48  18  13  19  67
  0  82  1  79  2  96  3  28  4  30  5  72  6  68  7  78  8  11  9  53  10  30  11  53  12  96  13  27  14  24  15  9  16  61  17  27  18  33  19  61
  0  42  1  29  2  53  3  79  4  48  5  71  6  19  7  79  8  46  9  94  10  6  11  73  12  18  13  91  14  38  15  43  16  60  17  50  18  63  19  61
  0  87  1  1  2  77  3  64  4  46  5  27  6  19  7  60  8  40  9  83  10  57  11  27  12  68  13  38  14  49  15  23  16  67  17  36  18  36  19  24
  0  49  1  35  2  2  3  60  4  75  5  87  6  26  7  13  8  77  9  44  10  85  11  90  12  50  13  9  14  8  15  9  16  64  17  86  18  65  19  24
  0  67  1  87  2  61  3  12  4  73  5  79  6  67  7  80  8  71  9  7  10  89  11  62  12  90  13  20  14  85  15  31  16  3  17  81  18  59  19  24
  0  59  1  41  2  99  3  76  4  82  5  93  6  47  7  2  8  67  9  65  10  96  11  57  12  56  13  99  14  84  15  95  16  95  17  24  18  97  19  90
  0  91  1  24  2  17  3  76  4  16  5  66  6  89  7  45  8  33  9  29  10  66  11  97  12  50  13  46  14  72  15  38  16  11  17  68  18  95  19  42
  0  83  1  92  2  98  3  72  4  11  5  25  6  90  7  90  8  35  9  62  10  32  11  99  12  97  13  25  14  35  15  30  16  85  17  65  18  1  19  19
  0  88  1  34  2  98  3  89  4  57  5  85  6  70  7  98  8  98  9  42  10  34  11  11  12  54  13  69  14  7  15  40  16  25  17  14  18  73  19  41
  0  57  1  5  2  63  3  62  4  96  5  38  6  35  7  70  8  75  9  76  10  57  11  28  12  83  13  46  14  38  15  85  16  53  17  5  18  62  19  93
  0  50  1  18  2  17  3  71  4  37  5  64  6  11  7  89  8  78  9  62  10  49  11  28  12  89  13  84  14  87  15  39  16  38  17  91  18  85  19  28
  0  71  1  31  2  46  3  6  4  17  5  58  6  89  7  6  8  73  9  72  10  21  11  61  12  7  13  93  14  75  15  70  16  2  17  19  18  49  19  7
  0  43  1  13  2  62  3  60  4  25  5  51  6  1  7  2  8  9  9  6  10  32  11  17  12  79  13  29  14  10  15  40  16  81  17  10  18  86  19  2
  0  18  1  73  2  17  3  53  4  50  5  65  6  18  7  38  8  33  9  43  10  14  11  37  12  79  13  51  14  85  15  81  16  22  17  79  18  1  19  27
  0  33  1  97  2  96  3  31  4  13  5  41  6  39  7  82  8  54  9  84  10  88  11  59  12  50  13  16  14  24  15  24  16  99  17  22  18  30  19  85
  0  31  1  18  2  48  3  83  4  35  5  11  6  17  7  70  8  1  9  59  10  87  11  99  12  76  13  79  14  75  15  50  16  6  17  8  18  79  19  38
  0  5  1  12  2  82  3  96  4  98  5  28  6  18  7  38  8  17  9  47  10  74  11  8  12  7  13  96  14  46  15  4  16  48  17  67  18  79  19  35
  0  45  1  5  2  61  3  15  4  44  5  59  6  46  7  36  8  99  9  42  10  25  11  69  12  90  13  68  14  79  15  64  16  56  17  56  18  75  19  68
  0  98  1  23  2  86  3  83  4  88  5  98  6  53  7  18  8  46  9  44  10  25  11  18  12  7  13  49  14  26  15  71  16  77  17  39  18  57  19  33
  0  56  1  26  2  22  3  1  4  58  5  73  6  20  7  47  8  77  9  70  10  76  11  95  12  82  13  23  14  82  15  73  16  16  17  17  18  68  19  1
  0  45  1  9  2  30  3  93  4  95  5  45  6  84  7  80  8  60  9  18  10  39  11  67  12  47  13  11  14  70  15  10  16  43  17  92  18  69  19  60
  0  82  1  57  2  98  3  6  4  46  5  18  6  54  7  20  8  44  9  14  10  40  11  86  12  50  13  75  14  99  15  72  16  91  17  66  18  44  19  57
  0  12  1  87  2  94  3  49  4  59  5  19  6  19  7  34  8  70  9  37  10  20  11  53  12  57  13  27  14  25  15  95  16  5  17  75  18  67  19  50
  0  43  1  22  2  69  3  65  4  56  5  3  6  64  7  91  8  35  9  7  10  12  11  27  12  94  13  38  14  6  15  71  16  93  17  43  18  70  19  70
  0  53  1  63  2  91  3  9  4  49  5  8  6  39  7  68  8  14  9  56  10  68  11  73  12  94  13  44  14  9  15  87  16  45  17  94  18  81  19  28
  0  31  1  81  2  96  3  22  4  6  5  53  6  30  7  9  8  65  9  47  10  76  11  70  12  94  13  73  14  28  15  42  16  70  17  50  18  25  19  36
  0  65  1  16  2  76  3  81  4  97  5  54  6  62  7  58  8  89  9  99  10  34  11  85  12  50  13  25  14  9  15  81  16  84  17  12  18  1  19  21
  0  5  1  64  2  43  3  45  4  86  5  13  6  3  7  1  8  97  9  23  10  68  11  17  12  93  13  8  14  90  15  49  16  62  17  94  18  83  19  45
  0  52  1  13  2  33  3  5  4  24  5  90  6  59  7  55  8  9  9  89  10  29  11  49  12  53  13  97  14  26  15  64  16  11  17  74  18  14  19  64
  0  70  1  17  2  59  3  37  4  70  5  79  6  83  7  34  8  13  9  80  10  81  11  68  12  82  13  73  14  16  15  58  16  51  17  55  18  64  19  97
  0  93  1  55  2  3  3  16  4  69  5  23  6  32  7  53  8  35  9  96  10  86  11  48  12  95  13  42  14  84  15  33  16  7  17  71  18  7  19  75
  0  90  1  95  2  15  3  10  4  21  5  67  6  45  7  49  8  93  9  14  10  37  11  72  12  96  13  75  14  85  15  29  16  25  17  82  18  22  19  96
  0  21  1  61  2  73  3  96  4  40  5  29  6  37  7  46  8  53  9  24  10  86  11  97  12  47  13  94  14  92  15  7  16  94  17  25  18  11  19  16
  0  76  1  82  2  95  3  52  4  11  5  9  6  17  7  77  8  4  9  92  10  7  11  37  12  15  13  96  14  51  15  89  16  37  17  29  18  9  19  27
  0  97  1  69  2  28  3  7  4  52  5  2  6  77  7  55  8  22  9  23  10  30  11  29  12  89  13  97  14  57  15  15  16  71  17  13  18  15  19  34
  0  7  1  37  2  47  3  73  4  55  5  76  6  25  7  39  8  82  9  14  10  93  11  34  12  69  13  35  14  10  15  90  16  84  17  13  18  81  19  10
  0  9  1  80  2  46  3  90  4  86  5  15  6  42  7  47  8  49  9  38  10  72  11  54  12  47  13  71  14  59  15  64  16  67  17  20  18  28  19  89
  0  39  1  73  2  87  3  32  4  35  5  47  6  89  7  22  8  42  9  93  10  70  11  82  12  53  13  65  14  28  15  39  16  86  17  12  18  71  19  46
  0  57  1  32  2  60  3  75  4  52  5  22  6  8  7  26  8  67  9  89  10  16  11  18  12  30  13  22  14  87  15  96  16  1  17  23  18  99  19  54
  0  33  1  78  2  60  3  41  4  38  5  88  6  71  7  42  8  69  9  84  10  69  11  12  12  46  13  35  14  25  15  19  16  63  17  84  18  10  19  30
  0  59  1  96  2  74  3  35  4  45  5  89  6  92  7  8  8  13  9  78  10  52  11  25  12  82  13  75  14  20  15  14  16  38  17  9  18  1  19  1
  0  82  1  52  2  60  3  57  4  6  5  84  6  89  7  88  8  37  9  25  10  34  11  9  12  36  13  95  14  16  15  84  16  36  17  31  18  3  19  56
  0  55  1  22  2  31  3  54  4  27  5  59  6  67  7  86  8  16  9  26  10  65  11  50  12  35  13  50  14  69  15  98  16  65  17  14  18  53  19  69
  0  43  1  79  2  1  3  50  4  80  5  85  6  75  7  42  8  22  9  17  10  21  11  38  12  52  13  59  14  2  15  46  16  18  17  77  18  75  19  1
  0  23  1  89  2  40  3  57  4  2  5  39  6  25  7  62  8  92  9  50  10  92  11  33  12  65  13  55  14  82  15  3  16  65  17  12  18  19  19  16
  0  82  1  42  2  49  3  59  4  65  5  91  6  3  7  84  8  23  9  46  10  64  11  58  12  2  13  92  14  28  15  24  16  21  17  94  18  56  19  83
  0  94  1  18  2  61  3  29  4  1  5  30  6  2  7  70  8  49  9  65  10  37  11  47  12  63  13  20  14  94  15  31  16  95  17  13  18  49  19  39
  0  21  1  54  2  11  3  17  4  82  5  72  6  58  7  80  8  93  9  18  10  94  11  3  12  18  13  33  14  88  15  94  16  62  17  51  18  35  19  15
  0  82  1  83  2  46  3  11  4  74  5  83  6  61  7  76  8  85  9  16  10  36  11  60  12  6  13  58  14  39  15  92  16  82  17  14  18  86  19  93
  0  88  1  27  2  71  3  70  4  47  5  11  6  80  7  46  8  76  9  36  10  7  11  57  12  5  13  45  14  91  15  15  16  87  17  87  18  59  19  21
  0  15  1  86  2  31  3  82  4  86  5  85  6  28  7  61  8  12  9  44  10  94  11  63  12  33  13  60  14  21  15  44  16  8  17  59  18  19  19  84
  0  82  1  72  2  96  3  75  4  44  5  78  6  43  7  97  8  41  9  7  10  97  11  4  12  1  13  6  14  81  15  23  16  84  17  37  18  4  19  53
  0  67  1  39  2  91  3  19  4  24  5  78  6  78  7  87  8  62  9  83  10  63  11  92  12  34  13  20  14  33  15  5  16  16  17  55  18  97  19  33
  0  36  1  35  2  88  3  67  4  2  5  51  6  8  7  81  8  36  9  78  10  50  11  59  12  35  13  17  14  14  15  26  16  19  17  61  18  82  19  74
  0  13  1  83  2  50  3  37  4  1  5  6  6  98  7  39  8  26  9  92  10  79  11  27  12  39  13  87  14  43  15  64  16  16  17  94  18  11  19  40
  0  91  1  50  2  96  3  26  4  90  5  44  6  21  7  80  8  40  9  8  10  70  11  85  12  2  13  54  14  90  15  66  16  64  17  30  18  25  19  31
  0  71  1  52  2  38  3  16  4  78  5  99  6  77  7  53  8  77  9  5  10  65  11  64  12  15  13  60  14  27  15  60  16  98  17  30  18  4  19  13
  0  74  1  41  2  83  3  11  4  9  5  84  6  74  7  14  8  21  9  62  10  97  11  87  12  34  13  43  14  51  15  73  16  48  17  28  18  7  19  3
  0  63  1  44  2  23  3  3  4  85  5  89  6  78  7  24  8  13  9  30  10  75  11  86  12  72  13  99  14  62  15  44  16  54  17  62  18  67  19  91
  0  81  1  42  2  52  3  78  4  88  5  18  6  21  7  2  8  7  9  48  10  49  11  87  12  85  13  69  14  13  15  85  16  95  17  87  18  35  19  38
  0  75  1  44  2  78  3  95  4  48  5  45  6  50  7  91  8  95  9  65  10  10  11  98  12  70  13  79  14  74  15  27  16  96  17  75  18  77  19  39
  0  74  1  56  2  23  3  91  4  99  5  36  6  41  7  28  8  50  9  74  10  37  11  82  12  20  13  21  14  80  15  69  16  82  17  60  18  92  19  65
  0  33  1  73  2  22  3  16  4  25  5  53  6  6  7  17  8  9  9  58  10  77  11  54  12  38  13  69  14  49  15  5  16  96  17  92  18  88  19  25
  0  72  1  40  2  73  3  92  4  64  5  49  6  77  7  67  8  17  9  45  10  37  11  83  12  1  13  55  14  97  15  5  16  99  17  17  18  36  19  87
  0  66  1  57  2  4  3  50  4  47  5  23  6  50  7  26  8  8  9  82  10  14  11  57  12  94  13  46  14  86  15  64  16  20  17  67  18  88  19  85
  0  58  1  24  2  30  3  75  4  75  5  78  6  10  7  11  8  60  9  88  10  7  11  39  12  98  13  6  14  66  15  62  16  17  17  76  18  50  19  63
  0  4  1  46  2  52  3  86  4  66  5  22  6  67  7  49  8  86  9  57  10  64  11  49  12  77  13  37  14  21  15  76  16  73  17  6  18  5  19  64
  0  88  1  61  2  13  3  25  4  24  5  84  6  1  7  58  8  23  9  6  10  74  11  29  12  93  13  17  14  15  15  57  16  51  17  71  18  62  19  57
  0  50  1  45  2  76  3  18  4  10  5  48  6  62  7  29  8  46  9  93  10  10  11  76  12  77  13  95  14  98  15  62  16  49  17  17  18  70  19  39
  0  9  1  10  2  49  3  47  4  27  5  26  6  89  7  98  8  25  9  64  10  66  11  56  12  89  13  6  14  28  15  84  16  54  17  39  18  6  19  84
  0  89  1  96  2  24  3  40  4  37  5  24  6  61  7  21  8  71  9  74  10  63  11  38  12  81  13  6  14  3  15  46  16  90  17  99  18  42  19  21
  0  79  1  44  2  27  3  72  4  70  5  55  6  45  7  73  8  74  9  16  10  6  11  3  12  33  13  61  14  27  15  34  16  89  17  48  18  49  19  31
  0  76  1  72  2  96  3  23  4  10  5  33  6  66  7  64  8  11  9  57  10  13  11  16  12  19  13  22  14  44  15  88  16  46  17  57  18  83  19  44
  0  96  1  99  2  19  3  49  4  49  5  31  6  72  7  17  8  73  9  40  10  61  11  79  12  39  13  71  14  12  15  91  16  28  17  50  18  71  19  48
  0  53  1  15  2  19  3  62  4  61  5  81  6  69  7  47  8  63  9  21  10  22  11  85  12  14  13  35  14  2  15  99  16  48  17  45  18  91  19  32
  0  38  1  45  2  51  3  13  4  23  5  78  6  78  7  77  8  35  9  36  10  50  11  51  12  24  13  83  14  55  15  19  16  42  17  74  18  3  19  46
  0  55  1  1  2  68  3  22  4  79  5  87  6  14  7  35  8  79  9  37  10  91  11  5  12  49  13  73  14  21  15  32  16  80  17  45  18  91  19  45
  0  92  1  90  2  39  3  33  4  66  5  72  6  92  7  26  8  8  9  25  10  1  11  43  12  42  13  94  14  56  15  10  16  15  17  40  18  15  19  46
  0  31  1  37  2  57  3  43  4  86  5  10  6  26  7  1  8  53  9  68  10  73  11  91  12  28  13  34  14  72  15  64  16  62  17  80  18  79  19  10
  0  18  1  27  2  66  3  52  4  37  5  47  6  47  7  39  8  2  9  98  10  68  11  32  12  30  13  68  14  48  15  39  16  42  17  9  18  70  19  36
  0  73  1  89  2  72  3  48  4  32  5  5  6  88  7  21  8  34  9  7  10  39  11  76  12  50  13  43  14  58  15  47  16  40  17  50  18  27  19  30
  0  88  1  87  2  37  3  96  4  44  5  53  6  4  7  66  8  25  9  92  10  15  11  14  12  59  13  97  14  63  15  78  16  57  17  64  18  28  19  87
  0  44  1  43  2  71  3  18  4  91  5  9  6  84  7  58  8  40  9  36  10  9  11  39  12  86  13  53  14  85  15  54  16  77  17  4  18  36  19  80
  0  55  1  56  2  66  3  69  4  22  5  24  6  49  7  78  8  25  9  93  10  31  11  58  12  90  13  77  14  54  15  7  16  47  17  28  18  5  19  72
  0  17  1  87  2  33  3  53  4  71  5  61  6  81  7  28  8  75  9  34  10  36  11  23  12  68  13  65  14  86  15  94  16  58  17  47  18  58  19  77
  0  16  1  92  2  41  3  31  4  14  5  93  6  41  7  99  8  34  9  75  10  32  11  37  12  38  13  30  14  67  15  92  16  83  17  98  18  93  19  44
  0  22  1  47  2  70  3  16  4  15  5  54  6  88  7  40  8  55  9  91  10  44  11  37  12  77  13  83  14  1  15  16  16  91  17  69  18  62  19  33
  0  83  1  97  2  28  3  55  4  59  5  34  6  4  7  12  8  26  9  70  10  91  11  42  12  38  13  45  14  82  15  63  16  57  17  28  18  36  19  13
  0  90  1  25  2  88  3  51  4  21  5  9  6  56  7  29  8  41  9  79  10  24  11  31  12  41  13  8  14  9  15  88  16  27  17  16  18  61  19  94
  0  66  1  4  2  45  3  65  4  88  5  25  6  93  7  53  8  73  9  62  10  45  11  77  12  28  13  61  14  99  15  49  16  21  17  28  18  56  19  92
  0  20  1  92  2  11  3  97  4  67  5  93  6  40  7  57  8  75  9  38  10  87  11  62  12  38  13  45  14  30  15  67  16  71  17  78  18  99  19  57
  0  55  1  3  2  82  3  59  4  22  5  61  6  13  7  89  8  16  9  26  10  47  11  38  12  21  13  73  14  82  15  19  16  34  17  10  18  41  19  38
  0  30  1  7  2  55  3  64  4  36  5  64  6  19  7  9  8  28  9  91  10  74  11  30  12  8  13  67  14  66  15  38  16  18  17  28  18  87  19  66
  0  9  1  3  2  81  3  7  4  80  5  82  6  75  7  66  8  31  9  83  10  78  11  66  12  3  13  75  14  63  15  87  16  20  17  47  18  88  19  57
  0  38  1  49  2  66  3  6  4  52  5  40  6  67  7  54  8  45  9  13  10  14  11  5  12  67  13  83  14  10  15  45  16  72  17  72  18  2  19  91
  0  59  1  12  2  76  3  34  4  94  5  41  6  38  7  47  8  14  9  2  10  18  11  88  12  18  13  27  14  3  15  5  16  21  17  80  18  7  19  4
  0  28  1  11  2  4  3  64  4  23  5  10  6  86  7  7  8  8  9  96  10  52  11  31  12  34  13  60  14  6  15  93  16  98  17  46  18  32  19  94
  0  7  1  56  2  83  3  87  4  25  5  98  6  86  7  30  8  63  9  14  10  60  11  40  12  76  13  62  14  98  15  36  16  70  17  46  18  65  19  56
  0  39  1  98  2  91  3  3  4  86  5  67  6  91  7  52  8  93  9  80  10  24  11  13  12  51  13  61  14  68  15  45  16  56  17  32  18  96  19  65
  0  40  1  38  2  50  3  77  4  88  5  53  6  66  7  44  8  68  9  76  10  5  11  63  12  57  13  21  14  64  15  9  16  59  17  41  18  9  19  76
  0  49  1  76  2  20  3  16  4  62  5  83  6  54  7  62  8  47  9  91  10  89  11  78  12  28  13  21  14  55  15  85  16  55  17  15  18  2  19  46
  0  41  1  4  2  61  3  7  4  92  5  98  6  89  7  33  8  13  9  59  10  85  11  90  12  24  13  14  14  51  15  55  16  21  17  13  18  26  19  45
  0  70  1  37  2  98  3  20  4  17  5  1  6  2  7  92  8  53  9  24  10  23  11  33  12  75  13  54  14  96  15  73  16  12  17  64  18  62  19  41
  0  17  1  69  2  1  3  76  4  65  5  16  6  77  7  10  8  72  9  59  10  67  11  9  12  41  13  21  14  32  15  23  16  11  17  86  18  70  19  83
  0  50  1  3  2  78  3  25  4  23  5  70  6  69  7  55  8  25  9  45  10  55  11  84  12  58  13  90  14  83  15  74  16  10  17  53  18  83  19  94
  0  23  1  53  2  66  3  76  4  11  5  94  6  75  7  5  8  28  9  55  10  91  11  3  12  1  13  18  14  42  15  80  16  98  17  19  18  45  19  57
  0  77  1  62  2  18  3  94  4  38  5  11  6  18  7  81  8  81  9  40  10  82  11  57  12  47  13  44  14  12  15  79  16  71  17  2  18  90  19  63
  0  2  1  58  2  50  3  52  4  51  5  82  6  13  7  85  8  83  9  85  10  86  11  86  12  56  13  35  14  75  15  87  16  70  17  90  18  36  19  54
  0  96  1  37  2  12  3  76  4  81  5  3  6  94  7  55  8  53  9  82  10  19  11  80  12  77  13  14  14  77  15  90  16  35  17  53  18  19  19  63
  0  20  1  74  2  60  3  61  4  86  5  75  6  30  7  61  8  82  9  59  10  24  11  4  12  57  13  50  14  36  15  66  16  25  17  20  18  5  19  51
  0  26  1  73  2  72  3  22  4  16  5  11  6  62  7  35  8  74  9  35  10  13  11  66  12  16  13  13  14  34  15  8  16  31  17  90  18  60  19  96
  0  19  1  17  2  17  3  3  4  57  5  28  6  47  7  70  8  44  9  6  10  37  11  22  12  97  13  6  14  46  15  33  16  91  17  11  18  40  19  61
  0  83  1  75  2  74  3  82  4  43  5  46  6  77  7  58  8  95  9  85  10  21  11  58  12  34  13  32  14  5  15  78  16  78  17  69  18  64  19  68
  0  67  1  93  2  86  3  28  4  17  5  5  6  6  7  46  8  92  9  43  10  1  11  1  12  62  13  67  14  11  15  31  16  38  17  42  18  59  19  54
  0  20  1  59  2  45  3  90  4  99  5  47  6  27  7  20  8  90  9  14  10  31  11  71  12  86  13  35  14  48  15  41  16  70  17  91  18  98  19  72
  0  22  1  9  2  84  3  45  4  2  5  52  6  54  7  64  8  99  9  86  10  53  11  44  12  86  13  5  14  40  15  26  16  1  17  71  18  74  19  70
  0  54  1  49  2  19  3  22  4  60  5  1  6  21  7  38  8  83  9  84  10  46  11  9  12  96  13  78  14  84  15  42  16  80  17  12  18  64  19  67
  0  92  1  87  2  33  3  84  4  16  5  13  6  91  7  73  8  35  9  87  10  89  11  31  12  19  13  7  14  26  15  98  16  8  17  84  18  5  19  4
  0  22  1  93  2  45  3  34  4  47  5  92  6  43  7  97  8  67  9  77  10  27  11  59  12  44  13  72  14  74  15  39  16  67  17  67  18  61  19  31
  0  16  1  45  2  68  3  63  4  21  5  64  6  76  7  9  8  15  9  97  10  1  11  32  12  88  13  29  14  72  15  9  16  18  17  65  18  56  19  77
  0  20  1  24  2  56  3  89  4  48  5  88  6  53  7  81  8  39  9  49  10  85  11  75  12  69  13  66  14  56  15  85  16  88  17  45  18  21  19  96
  0  31  1  74  2  11  3  24  4  28  5  91  6  77  7  77  8  68  9  75  10  71  11  1  12  84  13  71  14  89  15  44  16  58  17  6  18  49  19  91
  0  68  1  32  2  81  3  66  4  37  5  45  6  51  7  71  8  38  9  17  10  38  11  36  12  69  13  68  14  39  15  88  16  21  17  79  18  88  19  68
  0  70  1  77  2  86  3  49  4  97  5  85  6  93  7  37  8  96  9  10  10  41  11  55  12  33  13  88  14  38  15  49  16  74  17  41  18  2  19  57
  0  73  1  91  2  31  3  36  4  7  5  52  6  93  7  42  8  88  9  86  10  11  11  89  12  13  13  91  14  51  15  59  16  82  17  77  18  61  19  20
  0  46  1  13  2  12  3  70  4  48  5  84  6  25  7  49  8  50  9  88  10  9  11  32  12  89  13  30  14  30  15  37  16  83  17  21  18  79  19  10
  0  92  1  2  2  26  3  35  4  95  5  14  6  67  7  27  8  54  9  3  10  11  11  72  12  56  13  41  14  43  15  40  16  68  17  80  18  84  19  74
  0  47  1  90  2  25  3  45  4  70  5  34  6  93  7  12  8  8  9  87  10  7  11  24  12  31  13  9  14  89  15  80  16  34  17  4  18  87  19  5
  0  15  1  64  2  87  3  12  4  38  5  45  6  21  7  74  8  87  9  34  10  39  11  19  12  62  13  19  14  54  15  6  16  87  17  54  18  5  19  67
  0  46  1  87  2  84  3  24  4  42  5  86  6  37  7  82  8  56  9  97  10  18  11  4  12  56  13  8  14  63  15  84  16  69  17  95  18  32  19  92
  0  39  1  95  2  85  3  56  4  7  5  19  6  52  7  75  8  2  9  85  10  74  11  43  12  33  13  75  14  27  15  58  16  5  17  10  18  79  19  84
  0  8  1  97  2  13  3  91  4  60  5  26  6  38  7  71  8  90  9  81  10  62  11  23  12  94  13  15  14  98  15  44  16  7  17  4  18  25  19  79
  0  65  1  66  2  39  3  11  4  66  5  27  6  47  7  83  8  34  9  50  10  3  11  9  12  44  13  78  14  81  15  96  16  95  17  57  18  36  19  86
  0  5  1  13  2  3  3  99  4  64  5  32  6  27  7  23  8  1  9  57  10  32  11  97  12  16  13  82  14  61  15  75  16  8  17  38  18  59  19  62
  0  85  1  70  2  72  3  63  4  37  5  84  6  82  7  2  8  22  9  82  10  9  11  75  12  82  13  22  14  44  15  64  16  99  17  86  18  1  19  16
  0  42  1  35  2  83  3  66  4  83  5  65  6  32  7  74  8  83  9  23  10  81  11  66  12  54  13  33  14  28  15  37  16  72  17  30  18  27  19  50
  0  87  1  32  2  35  3  18  4  55  5  58  6  79  7  67  8  88  9  12  10  21  11  29  12  98  13  60  14  40  15  84  16  84  17  89  18  68  19  78
  0  81  1  19  2  31  3  74  4  74  5  92  6  86  7  3  8  49  9  1  10  77  11  41  12  30  13  77  14  20  15  25  16  21  17  93  18  2  19  68
  0  60  1  35  2  69  3  50  4  52  5  29  6  16  7  4  8  27  9  77  10  13  11  90  12  56  13  82  14  28  15  74  16  18  17  2  18  41  19  15
  0  80  1  50  2  48  3  32  4  74  5  38  6  94  7  41  8  38  9  20  10  8  11  32  12  81  13  80  14  2  15  53  16  97  17  8  18  76  19  36
  0  7  1  93  2  35  3  46  4  27  5  89  6  94  7  60  8  96  9  6  10  63  11  12  12  95  13  7  14  5  15  40  16  37  17  79  18  17  19  45
  0  34  1  48  2  93  3  32  4  59  5  68  6  52  7  90  8  45  9  31  10  36  11  52  12  7  13  51  14  31  15  16  16  73  17  39  18  52  19  36
  0  62  1  46  2  98  3  14  4  35  5  63  6  64  7  36  8  22  9  9  10  70  11  45  12  96  13  13  14  58  15  50  16  38  17  13  18  30  19  99
  0  18  1  5  2  64  3  78  4  3  5  8  6  24  7  99  8  43  9  47  10  28  11  11  12  4  13  61  14  69  15  26  16  54  17  88  18  94  19  53
  0  23  1  82  2  68  3  86  4  79  5  64  6  4  7  76  8  3  9  23  10  23  11  2  12  55  13  6  14  81  15  99  16  57  17  64  18  64  19  33
  0  46  1  51  2  46  3  4  4  50  5  83  6  77  7  34  8  24  9  19  10  18  11  80  12  22  13  99  14  47  15  44  16  98  17  76  18  30  19  8
  0  76  1  5  2  93  3  98  4  7  5  81  6  56  7  59  8  22  9  69  10  26  11  82  12  55  13  10  14  35  15  40  16  70  17  40  18  98  19  8
  0  28  1  59  2  4  3  63  4  90  5  6  6  71  7  27  8  36  9  41  10  41  11  49  12  22  13  57  14  80  15  77  16  40  17  47  18  13  19  57
  0  38  1  16  2  13  3  49  4  11  5  1  6  24  7  54  8  70  9  54  10  84  11  97  12  63  13  88  14  77  15  8  16  89  17  92  18  31  19  76
  0  37  1  74  2  43  3  13  4  42  5  77  6  2  7  4  8  34  9  92  10  25  11  53  12  36  13  41  14  53  15  65  16  13  17  24  18  43  19  88
  0  97  1  44  2  65  3  40  4  43  5  54  6  13  7  75  8  69  9  94  10  45  11  67  12  11  13  8  14  42  15  20  16  75  17  56  18  48  19  32
  0  83  1  73  2  19  3  63  4  35  5  30  6  4  7  96  8  28  9  97  10  26  11  91  12  36  13  23  14  48  15  53  16  91  17  72  18  38  19  86
  0  67  1  93  2  56  3  6  4  30  5  96  6  45  7  99  8  4  9  79  10  89  11  94  12  95  13  18  14  72  15  61  16  43  17  12  18  46  19  43
  0  88  1  61  2  6  3  21  4  11  5  2  6  15  7  35  8  51  9  34  10  29  11  19  12  13  13  16  14  35  15  32  16  32  17  15  18  63  19  86
  0  44  1  29  2  73  3  9  4  93  5  25  6  13  7  78  8  57  9  59  10  89  11  34  12  86  13  73  14  18  15  42  16  85  17  82  18  23  19  71
  0  75  1  94  2  17  3  10  4  22  5  34  6  79  7  19  8  19  9  58  10  8  11  26  12  56  13  82  14  20  15  74  16  13  17  63  18  21  19  6
  0  64  1  92  2  68  3  35  4  81  5  16  6  1  7  29  8  61  9  66  10  11  11  28  12  31  13  84  14  82  15  52  16  99  17  65  18  12  19  73
  0  56  1  40  2  90  3  69  4  35  5  12  6  30  7  74  8  5  9  70  10  30  11  90  12  41  13  77  14  45  15  42  16  96  17  87  18  91  19  60
  0  81  1  48  2  89  3  53  4  3  5  3  6  59  7  96  8  43  9  71  10  83  11  32  12  73  13  96  14  27  15  76  16  19  17  83  18  77  19  73
  0  32  1  57  2  23  3  39  4  49  5  23  6  9  7  85  8  18  9  9  10  31  11  26  12  25  13  18  14  48  15  78  16  84  17  19  18  30  19  53
  0  34  1  60  2  70  3  67  4  63  5  84  6  33  7  15  8  80  9  62  10  16  11  20  12  74  13  3  14  34  15  12  16  45  17  85  18  73  19  29
  0  94  1  22  2  60  3  22  4  12  5  60  6  52  7  19  8  88  9  71  10  32  11  89  12  48  13  86  14  75  15  82  16  85  17  78  18  26  19  60
  0  36  1  6  2  73  3  44  4  24  5  56  6  51  7  33  8  69  9  64  10  80  11  66  12  44  13  86  14  24  15  52  16  2  17  58  18  42  19  72
  0  38  1  72  2  52  3  30  4  45  5  47  6  30  7  15  8  59  9  75  10  25  11  94  12  37  13  66  14  55  15  61  16  87  17  38  18  13  19  79
  0  55  1  8  2  98  3  26  4  43  5  85  6  66  7  30  8  91  9  85  10  39  11  19  12  72  13  99  14  30  15  57  16  77  17  86  18  89  19  34
  0  73  1  91  2  50  3  11  4  77  5  94  6  43  7  68  8  84  9  40  10  8  11  88  12  23  13  6  14  24  15  70  16  36  17  19  18  34  19  74
  0  18  1  16  2  36  3  21  4  45  5  5  6  55  7  12  8  85  9  92  10  37  11  42  12  74  13  64  14  25  15  6  16  86  17  34  18  96  19  43
  0  51  1  21  2  77  3  54  4  82  5  95  6  74  7  92  8  29  9  11  10  75  11  13  12  56  13  15  14  7  15  24  16  21  17  10  18  70  19  92
  0  98  1  2  2  82  3  74  4  79  5  50  6  72  7  87  8  37  9  24  10  48  11  48  12  35  13  13  14  16  15  29  16  32  17  59  18  2  19  18
  0  92  1  2  2  39  3  80  4  23  5  44  6  96  7  58  8  81  9  5  10  70  11  55  12  35  13  92  14  61  15  99  16  64  17  28  18  19  19  69
  0  37  1  98  2  12  3  29  4  98  5  17  6  66  7  24  8  60  9  24  10  77  11  9  12  62  13  55  14  76  15  22  16  71  17  63  18  33  19  34
  0  22  1  51  2  99  3  14  4  2  5  90  6  37  7  18  8  71  9  94  10  89  11  73  12  35  13  89  14  74  15  13  16  21  17  5  18  26  19  6
  0  43  1  62  2  3  3  55  4  37  5  55  6  40  7  87  8  93  9  23  10  16  11  45  12  50  13  81  14  54  15  41  16  96  17  65  18  98  19  64
  0  8  1  68  2  14  3  31  4  19  5  21  6  1  7  12  8  90  9  19  10  41  11  99  12  49  13  93  14  7  15  82  16  80  17  4  18  85  19  36
  0  24  1  72  2  24  3  70  4  90  5  98  6  83  7  65  8  5  9  33  10  61  11  4  12  43  13  88  14  22  15  78  16  15  17  14  18  31  19  18
  0  13  1  71  2  13  3  91  4  31  5  78  6  43  7  49  8  20  9  26  10  68  11  35  12  31  13  54  14  11  15  67  16  78  17  73  18  87  19  74
  0  99  1  54  2  68  3  37  4  12  5  13  6  45  7  62  8  89  9  85  10  85  11  9  12  8  13  44  14  89  15  21  16  34  17  29  18  90  19  47
  0  45  1  63  2  44  3  58  4  27  5  8  6  8  7  81  8  66  9  49  10  17  11  14  12  47  13  36  14  88  15  94  16  12  17  22  18  18  19  35
  0  46  1  45  2  56  3  42  4  9  5  91  6  75  7  86  8  91  9  95  10  59  11  97  12  14  13  82  14  73  15  87  16  60  17  66  18  23  19  36
  0  19  1  39  2  76  3  86  4  98  5  29  6  16  7  43  8  7  9  14  10  72  11  59  12  31  13  2  14  15  15  61  16  61  17  36  18  25  19  47
  0  25  1  80  2  80  3  58  4  44  5  67  6  17  7  15  8  19  9  60  10  41  11  40  12  16  13  27  14  19  15  53  16  96  17  31  18  74  19  79
  0  21  1  9  2  47  3  4  4  25  5  55  6  9  7  89  8  27  9  72  10  41  11  16  12  47  13  26  14  16  15  19  16  19  17  23  18  36  19  36
  0  31  1  14  2  21  3  85  4  49  5  66  6  52  7  33  8  71  9  84  10  12  11  35  12  47  13  46  14  80  15  45  16  50  17  4  18  62  19  35
  0  82  1  62  2  82  3  65  4  58  5  23  6  52  7  1  8  86  9  74  10  94  11  58  12  63  13  46  14  1  15  45  16  26  17  81  18  32  19  2
TPM
  0  2546  1  2546  2  2546  3  2546  4  2546  5  2546  6  2546  7  2546  8  2546  9  2546  10  2546  11  2546  12  2546  13  2546  14  2546  15  2546  16  2546  17  2546  18  2546  19  2546
PMT
  0  43  1  75  2  4  3  71  4  38  5  87  6  10  7  67  8  68  9  40  10  76  11  88  12  16  13  41  14  58  15  28  16  47  17  8  18  3  19  57
  0  59  1  66  2  58  3  95  4  21  5  74  6  95  7  76  8  69  9  67  10  70  11  94  12  22  13  38  14  51  15  87  16  13  17  13  18  76  19  64
  0  79  1  52  2  27  3  23  4  31  5  14  6  27  7  89  8  92  9  58  10  8  11  79  12  11  13  66  14  92  15  67  16  48  17  7  18  93  19  19
  0  14  1  86  2  26  3  3  4  5  5  50  6  83  7  10  8  55  9  24  10  24  11  36  12  23  13  23  14  68  15  94  16  45  17  55  18  2  19  97
  0  62  1  3  2  34  3  84  4  82  5  59  6  67  7  6  8  30  9  51  10  64  11  94  12  9  13  76  14  13  15  77  16  78  17  35  18  54  19  2
  0  11  1  41  2  96  3  89  4  75  5  31  6  31  7  41  8  89  9  10  10  44  11  55  12  14  13  11  14  73  15  27  16  78  17  52  18  52  19  45
  0  86  1  8  2  49  3  9  4  18  5  40  6  94  7  25  8  21  9  61  10  46  11  58  12  91  13  7  14  39  15  41  16  56  17  50  18  21  19  85
  0  11  1  93  2  71  3  25  4  91  5  99  6  47  7  93  8  65  9  71  10  18  11  31  12  82  13  73  14  68  15  50  16  19  17  55  18  85  19  12
  0  95  1  44  2  66  3  5  4  70  5  82  6  99  7  16  8  20  9  50  10  23  11  32  12  68  13  91  14  47  15  26  16  31  17  31  18  1  19  2
  0  75  1  65  2  38  3  17  4  17  5  39  6  20  7  88  8  4  9  66  10  55  11  61  12  59  13  41  14  49  15  4  16  88  17  51  18  26  19  44
  0  63  1  95  2  95  3  67  4  34  5  60  6  91  7  34  8  56  9  12  10  7  11  5  12  5  13  98  14  86  15  63  16  31  17  93  18  76  19  78
  0  77  1  90  2  21  3  53  4  53  5  58  6  57  7  47  8  48  9  14  10  69  11  66  12  20  13  45  14  76  15  61  16  98  17  27  18  74  19  86
  0  79  1  93  2  65  3  86  4  14  5  62  6  41  7  38  8  3  9  18  10  87  11  56  12  60  13  14  14  52  15  29  16  10  17  46  18  76  19  61
  0  16  1  94  2  81  3  28  4  64  5  54  6  77  7  67  8  61  9  86  10  14  11  74  12  4  13  75  14  3  15  63  16  26  17  62  18  77  19  17
  0  50  1  90  2  80  3  40  4  85  5  92  6  72  7  83  8  52  9  98  10  22  11  5  12  23  13  37  14  16  15  85  16  8  17  73  18  89  19  22
  0  40  1  8  2  85  3  50  4  20  5  99  6  70  7  86  8  30  9  28  10  76  11  84  12  31  13  84  14  56  15  34  16  2  17  56  18  54  19  72
  0  90  1  57  2  34  3  69  4  64  5  4  6  27  7  2  8  3  9  49  10  78  11  41  12  63  13  28  14  13  15  21  16  9  17  55  18  47  19  39
  0  77  1  7  2  18  3  32  4  40  5  67  6  95  7  21  8  71  9  99  10  23  11  8  12  24  13  8  14  81  15  79  16  1  17  78  18  72  19  46
  0  39  1  22  2  86  3  29  4  75  5  53  6  70  7  53  8  38  9  74  10  40  11  36  12  85  13  69  14  84  15  59  16  15  17  5  18  55  19  70
  0  70  1  91  2  55  3  59  4  42  5  81  6  56  7  91  8  53  9  65  10  10  11  98  12  48  13  29  14  33  15  67  16  36  17  62  18  86  19  72
