500  20
  0  67  1  1  2  38  3  17  4  22  5  86  6  43  7  42  8  61  9  35  10  1  11  64  12  38  13  26  14  96  15  75  16  68  17  5  18  68  19  38
  0  31  1  86  2  16  3  23  4  72  5  35  6  55  7  71  8  38  9  59  10  65  11  42  12  35  13  87  14  41  15  28  16  3  17  22  18  17  19  26
  0  19  1  77  2  55  3  17  4  1  5  66  6  4  7  94  8  61  9  69  10  58  11  21  12  23  13  15  14  91  15  25  16  18  17  58  18  40  19  66
  0  14  1  17  2  47  3  13  4  49  5  28  6  17  7  26  8  66  9  17  10  17  11  53  12  71  13  92  14  39  15  45  16  72  17  19  18  11  19  71
  0  59  1  20  2  3  3  3  4  33  5  21  6  93  7  67  8  8  9  34  10  69  11  8  12  21  13  34  14  81  15  3  16  48  17  98  18  87  19  21
  0  98  1  85  2  43  3  18  4  25  5  88  6  27  7  10  8  98  9  97  10  12  11  70  12  19  13  32  14  16  15  36  16  53  17  51  18  98  19  20
  0  38  1  41  2  82  3  72  4  83  5  34  6  15  7  32  8  58  9  23  10  6  11  54  12  48  13  60  14  99  15  20  16  21  17  67  18  71  19  55
  0  37  1  82  2  54  3  14  4  86  5  26  6  36  7  4  8  39  9  74  10  84  11  64  12  48  13  56  14  92  15  21  16  45  17  8  18  44  19  75
  0  95  1  67  2  47  3  1  4  28  5  94  6  88  7  68  8  42  9  28  10  99  11  9  12  62  13  26  14  37  15  80  16  97  17  66  18  29  19  22
  0  11  1  79  2  33  3  87  4  14  5  50  6  92  7  97  8  58  9  18  10  20  11  65  12  66  13  47  14  18  15  69  16  16  17  63  18  18  19  80
  0  9  1  62  2  16  3  80  4  60  5  51  6  9  7  9  8  78  9  65  10  87  11  41  12  52  13  74  14  23  15  85  16  51  17  88  18  48  19  28
  0  94  1  97  2  42  3  95  4  63  5  20  6  47  7  1  8  52  9  58  10  94  11  81  12  83  13  60  14  1  15  62  16  32  17  51  18  72  19  92
  0  41  1  78  2  31  3  43  4  13  5  88  6  40  7  62  8  15  9  33  10  6  11  22  12  35  13  48  14  62  15  14  16  70  17  89  18  92  19  68
  0  43  1  94  2  27  3  3  4  63  5  6  6  13  7  31  8  93  9  87  10  79  11  86  12  89  13  7  14  4  15  43  16  5  17  72  18  68  19  28
  0  98  1  40  2  84  3  70  4  77  5  45  6  86  7  27  8  60  9  6  10  39  11  77  12  58  13  8  14  25  15  84  16  87  17  77  18  86  19  43
  0  73  1  95  2  36  3  1  4  15  5  99  6  77  7  88  8  5  9  93  10  93  11  3  12  35  13  61  14  83  15  48  16  33  17  30  18  68  19  99
  0  93  1  62  2  94  3  69  4  30  5  51  6  3  7  74  8  33  9  51  10  32  11  42  12  14  13  77  14  97  15  4  16  97  17  46  18  53  19  60
  0  52  1  44  2  5  3  13  4  97  5  44  6  75  7  14  8  27  9  19  10  15  11  55  12  22  13  99  14  98  15  15  16  57  17  2  18  71  19  29
  0  17  1  95  2  36  3  50  4  74  5  9  6  73  7  23  8  9  9  86  10  54  11  70  12  52  13  34  14  89  15  93  16  94  17  32  18  11  19  7
  0  98  1  93  2  85  3  73  4  84  5  4  6  13  7  18  8  1  9  53  10  49  11  12  12  94  13  76  14  63  15  74  16  25  17  32  18  21  19  41
  0  7  1  2  2  32  3  67  4  73  5  92  6  40  7  86  8  79  9  62  10  18  11  50  12  2  13  11  14  90  15  93  16  9  17  4  18  28  19  18
  0  86  1  23  2  50  3  93  4  60  5  54  6  54  7  5  8  50  9  63  10  51  11  2  12  40  13  21  14  66  15  28  16  49  17  72  18  49  19  43
  0  38  1  68  2  99  3  51  4  4  5  93  6  91  7  11  8  14  9  76  10  60  11  84  12  4  13  47  14  93  15  54  16  48  17  85  18  25  19  14
  0  52  1  87  2  28  3  5  4  46  5  18  6  60  7  66  8  74  9  45  10  11  11  21  12  1  13  78  14  36  15  97  16  86  17  38  18  1  19  78
  0  6  1  42  2  52  3  21  4  7  5  80  6  99  7  80  8  31  9  21  10  70  11  56  12  42  13  60  14  64  15  7  16  51  17  10  18  47  19  26
  0  13  1  1  2  21  3  85  4  34  5  16  6  85  7  61  8  44  9  10  10  84  11  9  12  80  13  67  14  75  15  62  16  14  17  2  18  90  19  67
  0  20  1  7  2  59  3  70  4  48  5  6  6  27  7  24  8  70  9  62  10  83  11  83  12  86  13  52  14  75  15  11  16  45  17  2  18  79  19  96
  0  87  1  44  2  57  3  71  4  22  5  65  6  25  7  79  8  6  9  8  10  87  11  18  12  66  13  85  14  38  15  77  16  13  17  21  18  32  19  29
  0  7  1  84  2  55  3  50  4  86  5  32  6  74  7  79  8  78  9  48  10  28  11  41  12  40  13  48  14  88  15  93  16  6  17  90  18  24  19  73
  0  29  1  15  2  16  3  42  4  60  5  94  6  32  7  79  8  91  9  72  10  48  11  55  12  56  13  31  14  72  15  69  16  64  17  91  18  18  19  79
  0  18  1  66  2  19  3  15  4  40  5  96  6  98  7  61  8  93  9  48  10  22  11  77  12  93  13  61  14  3  15  58  16  30  17  64  18  39  19  65
  0  54  1  95  2  95  3  89  4  99  5  1  6  72  7  17  8  37  9  5  10  8  11  9  12  88  13  61  14  15  15  20  16  39  17  37  18  56  19  15
  0  39  1  83  2  94  3  60  4  74  5  6  6  74  7  92  8  44  9  25  10  36  11  3  12  83  13  98  14  47  15  79  16  9  17  41  18  21  19  1
  0  87  1  65  2  47  3  72  4  52  5  34  6  54  7  42  8  3  9  86  10  85  11  57  12  80  13  90  14  44  15  21  16  9  17  25  18  61  19  78
  0  11  1  98  2  76  3  43  4  78  5  57  6  26  7  29  8  44  9  41  10  7  11  63  12  59  13  85  14  42  15  82  16  10  17  79  18  55  19  51
  0  11  1  32  2  60  3  47  4  51  5  9  6  99  7  93  8  98  9  20  10  94  11  59  12  74  13  4  14  88  15  23  16  51  17  20  18  7  19  3
  0  56  1  38  2  49  3  78  4  62  5  98  6  98  7  60  8  4  9  87  10  9  11  97  12  57  13  32  14  7  15  98  16  68  17  20  18  18  19  44
  0  11  1  8  2  5  3  82  4  21  5  53  6  79  7  59  8  28  9  5  10  16  11  18  12  83  13  12  14  91  15  53  16  70  17  61  18  25  19  34
  0  13  1  47  2  85  3  15  4  51  5  15  6  1  7  88  8  40  9  53  10  79  11  69  12  76  13  28  14  27  15  7  16  74  17  57  18  32  19  53
  0  47  1  99  2  32  3  54  4  53  5  89  6  4  7  28  8  20  9  46  10  31  11  40  12  55  13  38  14  31  15  21  16  14  17  76  18  73  19  47
  0  65  1  84  2  94  3  2  4  88  5  41  6  97  7  96  8  98  9  21  10  4  11  87  12  65  13  62  14  83  15  48  16  83  17  44  18  83  19  75
  0  12  1  48  2  27  3  23  4  89  5  38  6  67  7  15  8  81  9  87  10  4  11  64  12  29  13  32  14  97  15  6  16  6  17  26  18  52  19  26
  0  96  1  41  2  32  3  28  4  49  5  22  6  53  7  92  8  78  9  90  10  54  11  1  12  14  13  82  14  28  15  34  16  14  17  19  18  93  19  79
  0  5  1  86  2  25  3  88  4  8  5  60  6  51  7  78  8  52  9  84  10  30  11  74  12  9  13  15  14  29  15  24  16  81  17  77  18  73  19  38
  0  35  1  94  2  66  3  43  4  53  5  84  6  46  7  33  8  62  9  49  10  86  11  80  12  48  13  82  14  19  15  25  16  65  17  80  18  44  19  49
  0  12  1  35  2  71  3  31  4  16  5  32  6  82  7  7  8  58  9  98  10  29  11  95  12  35  13  61  14  95  15  72  16  25  17  10  18  98  19  87
  0  11  1  90  2  95  3  65  4  89  5  54  6  22  7  36  8  55  9  48  10  89  11  80  12  38  13  20  14  18  15  92  16  37  17  78  18  59  19  92
  0  90  1  25  2  54  3  32  4  54  5  44  6  46  7  94  8  86  9  35  10  4  11  73  12  73  13  2  14  52  15  65  16  22  17  53  18  20  19  43
  0  21  1  63  2  31  3  67  4  44  5  99  6  14  7  63  8  32  9  35  10  99  11  76  12  3  13  66  14  38  15  71  16  52  17  43  18  48  19  45
  0  60  1  55  2  79  3  72  4  3  5  37  6  60  7  95  8  51  9  98  10  52  11  26  12  93  13  72  14  36  15  40  16  9  17  56  18  3  19  55
  0  97  1  76  2  24  3  41  4  33  5  4  6  19  7  96  8  82  9  1  10  57  11  94  12  30  13  88  14  46  15  77  16  92  17  45  18  2  19  50
  0  98  1  80  2  8  3  20  4  94  5  66  6  98  7  57  8  75  9  91  10  31  11  87  12  72  13  76  14  26  15  47  16  34  17  86  18  87  19  49
  0  84  1  7  2  57  3  45  4  48  5  71  6  27  7  85  8  73  9  68  10  35  11  10  12  98  13  60  14  28  15  21  16  33  17  83  18  41  19  14
  0  50  1  27  2  48  3  88  4  30  5  1  6  77  7  42  8  72  9  37  10  86  11  26  12  86  13  95  14  57  15  31  16  26  17  61  18  46  19  4
  0  15  1  49  2  95  3  38  4  99  5  69  6  7  7  79  8  8  9  4  10  11  11  37  12  5  13  5  14  3  15  93  16  86  17  11  18  27  19  54
  0  30  1  45  2  9  3  84  4  9  5  46  6  93  7  22  8  44  9  34  10  28  11  46  12  28  13  20  14  94  15  77  16  64  17  8  18  87  19  7
  0  7  1  57  2  81  3  86  4  74  5  88  6  47  7  46  8  95  9  65  10  99  11  94  12  1  13  73  14  1  15  39  16  58  17  84  18  28  19  17
  0  43  1  90  2  99  3  37  4  60  5  12  6  20  7  57  8  70  9  48  10  67  11  71  12  8  13  14  14  55  15  53  16  58  17  61  18  32  19  96
  0  50  1  17  2  96  3  57  4  92  5  53  6  58  7  60  8  31  9  80  10  51  11  52  12  30  13  46  14  89  15  4  16  98  17  50  18  36  19  88
  0  9  1  33  2  92  3  97  4  76  5  92  6  59  7  62  8  18  9  26  10  13  11  5  12  83  13  13  14  96  15  20  16  30  17  86  18  30  19  77
  0  13  1  50  2  77  3  92  4  74  5  41  6  28  7  85  8  71  9  56  10  84  11  64  12  82  13  74  14  64  15  69  16  68  17  58  18  48  19  73
  0  82  1  7  2  45  3  37  4  65  5  97  6  52  7  43  8  49  9  46  10  16  11  79  12  78  13  53  14  51  15  37  16  10  17  33  18  47  19  27
  0  43  1  44  2  83  3  60  4  13  5  54  6  31  7  28  8  27  9  17  10  1  11  76  12  43  13  46  14  86  15  67  16  6  17  9  18  95  19  68
  0  2  1  75  2  68  3  11  4  91  5  97  6  39  7  19  8  36  9  3  10  79  11  82  12  19  13  28  14  27  15  36  16  32  17  27  18  96  19  73
  0  86  1  25  2  26  3  94  4  54  5  11  6  96  7  79  8  55  9  81  10  34  11  21  12  52  13  86  14  89  15  75  16  6  17  34  18  38  19  3
  0  15  1  48  2  60  3  14  4  42  5  13  6  85  7  34  8  86  9  14  10  15  11  62  12  68  13  79  14  57  15  84  16  35  17  83  18  35  19  62
  0  2  1  44  2  52  3  11  4  79  5  64  6  34  7  32  8  61  9  59  10  69  11  86  12  72  13  89  14  25  15  88  16  96  17  1  18  6  19  78
  0  39  1  10  2  90  3  8  4  84  5  27  6  55  7  35  8  70  9  69  10  64  11  15  12  73  13  22  14  11  15  27  16  78  17  60  18  9  19  2
  0  90  1  16  2  82  3  1  4  99  5  67  6  12  7  85  8  4  9  88  10  14  11  76  12  63  13  78  14  81  15  85  16  35  17  55  18  6  19  69
  0  7  1  93  2  47  3  41  4  35  5  35  6  46  7  45  8  54  9  1  10  70  11  59  12  14  13  91  14  52  15  9  16  51  17  41  18  61  19  87
  0  25  1  70  2  9  3  20  4  50  5  54  6  95  7  23  8  10  9  2  10  23  11  41  12  55  13  3  14  50  15  57  16  93  17  97  18  73  19  22
  0  30  1  79  2  30  3  40  4  39  5  19  6  80  7  7  8  45  9  92  10  13  11  87  12  60  13  32  14  68  15  80  16  2  17  42  18  93  19  11
  0  87  1  45  2  46  3  38  4  93  5  62  6  39  7  82  8  92  9  21  10  81  11  95  12  40  13  59  14  47  15  36  16  64  17  76  18  94  19  24
  0  65  1  22  2  10  3  86  4  48  5  59  6  46  7  14  8  36  9  16  10  86  11  92  12  36  13  13  14  43  15  81  16  59  17  58  18  83  19  48
  0  17  1  12  2  39  3  90  4  35  5  77  6  35  7  96  8  77  9  86  10  50  11  22  12  57  13  51  14  95  15  91  16  67  17  29  18  72  19  61
  0  84  1  20  2  38  3  74  4  12  5  74  6  7  7  23  8  58  9  96  10  52  11  88  12  88  13  69  14  88  15  11  16  77  17  39  18  57  19  30
  0  54  1  19  2  29  3  95  4  32  5  21  6  18  7  21  8  34  9  16  10  54  11  41  12  92  13  72  14  63  15  17  16  60  17  47  18  56  19  50
  0  56  1  5  2  17  3  51  4  69  5  92  6  51  7  43  8  45  9  19  10  30  11  2  12  61  13  88  14  39  15  72  16  64  17  94  18  22  19  95
  0  7  1  87  2  74  3  60  4  21  5  57  6  28  7  39  8  16  9  92  10  38  11  82  12  86  13  29  14  50  15  87  16  60  17  71  18  22  19  61
  0  30  1  63  2  19  3  35  4  51  5  53  6  15  7  12  8  94  9  53  10  57  11  48  12  79  13  11  14  92  15  6  16  42  17  30  18  50  19  19
  0  4  1  18  2  25  3  69  4  45  5  38  6  28  7  57  8  1  9  93  10  75  11  17  12  37  13  87  14  45  15  11  16  68  17  18  18  16  19  8
  0  24  1  99  2  73  3  19  4  86  5  43  6  46  7  46  8  44  9  19  10  99  11  91  12  36  13  75  14  17  15  96  16  90  17  18  18  25  19  30
  0  70  1  41  2  61  3  46  4  87  5  79  6  77  7  69  8  45  9  33  10  32  11  86  12  21  13  57  14  24  15  54  16  2  17  42  18  48  19  36
  0  29  1  19  2  97  3  50  4  16  5  63  6  39  7  82  8  49  9  78  10  20  11  82  12  87  13  92  14  5  15  69  16  14  17  95  18  37  19  6
  0  3  1  94  2  76  3  7  4  16  5  68  6  61  7  9  8  38  9  55  10  87  11  9  12  13  13  98  14  17  15  44  16  33  17  24  18  44  19  75
  0  8  1  47  2  91  3  96  4  10  5  21  6  10  7  88  8  65  9  63  10  98  11  75  12  52  13  42  14  90  15  59  16  4  17  96  18  41  19  46
  0  47  1  31  2  31  3  85  4  25  5  94  6  81  7  83  8  68  9  46  10  12  11  58  12  18  13  73  14  21  15  65  16  31  17  94  18  55  19  88
  0  3  1  80  2  87  3  90  4  93  5  61  6  41  7  68  8  44  9  27  10  20  11  36  12  19  13  9  14  22  15  66  16  11  17  14  18  66  19  33
  0  90  1  62  2  47  3  49  4  97  5  25  6  90  7  87  8  88  9  77  10  98  11  37  12  4  13  13  14  79  15  23  16  15  17  85  18  23  19  92
  0  61  1  63  2  54  3  58  4  83  5  26  6  78  7  35  8  27  9  36  10  99  11  19  12  58  13  53  14  82  15  93  16  26  17  91  18  84  19  71
  0  56  1  27  2  70  3  83  4  56  5  1  6  3  7  97  8  94  9  89  10  55  11  20  12  41  13  29  14  7  15  98  16  10  17  14  18  96  19  59
  0  45  1  8  2  60  3  21  4  20  5  41  6  76  7  75  8  48  9  83  10  88  11  31  12  46  13  99  14  81  15  63  16  66  17  52  18  36  19  4
  0  98  1  95  2  85  3  74  4  35  5  69  6  36  7  50  8  6  9  98  10  49  11  88  12  53  13  48  14  78  15  81  16  10  17  97  18  15  19  8
  0  72  1  29  2  88  3  90  4  13  5  43  6  16  7  90  8  51  9  45  10  13  11  82  12  84  13  71  14  87  15  12  16  60  17  50  18  7  19  16
  0  19  1  4  2  85  3  55  4  51  5  46  6  36  7  95  8  54  9  36  10  10  11  37  12  71  13  80  14  74  15  80  16  46  17  4  18  38  19  65
  0  43  1  29  2  14  3  36  4  95  5  29  6  62  7  20  8  95  9  55  10  83  11  6  12  34  13  46  14  30  15  74  16  53  17  61  18  67  19  20
  0  68  1  18  2  98  3  45  4  81  5  8  6  35  7  40  8  78  9  22  10  85  11  69  12  89  13  23  14  74  15  25  16  66  17  26  18  35  19  20
  0  83  1  91  2  31  3  36  4  77  5  38  6  86  7  44  8  86  9  23  10  57  11  67  12  56  13  47  14  47  15  42  16  4  17  1  18  63  19  14
  0  76  1  32  2  73  3  67  4  49  5  17  6  79  7  64  8  21  9  66  10  60  11  66  12  33  13  84  14  17  15  32  16  12  17  89  18  33  19  47
  0  94  1  30  2  41  3  9  4  9  5  75  6  47  7  74  8  2  9  71  10  53  11  57  12  52  13  66  14  94  15  6  16  98  17  71  18  68  19  31
  0  70  1  97  2  17  3  46  4  16  5  81  6  11  7  29  8  42  9  4  10  24  11  45  12  35  13  54  14  10  15  73  16  9  17  99  18  16  19  22
  0  6  1  50  2  98  3  32  4  50  5  50  6  17  7  16  8  25  9  16  10  29  11  57  12  17  13  15  14  13  15  78  16  67  17  47  18  84  19  65
  0  10  1  78  2  91  3  85  4  76  5  35  6  1  7  48  8  27  9  60  10  98  11  92  12  8  13  90  14  95  15  9  16  60  17  5  18  85  19  10
  0  31  1  52  2  2  3  32  4  50  5  56  6  79  7  16  8  87  9  70  10  8  11  91  12  95  13  8  14  45  15  98  16  4  17  84  18  6  19  77
  0  23  1  44  2  67  3  33  4  64  5  64  6  43  7  64  8  6  9  48  10  23  11  84  12  33  13  49  14  79  15  6  16  49  17  6  18  76  19  43
  0  40  1  58  2  57  3  63  4  21  5  82  6  69  7  95  8  17  9  81  10  69  11  62  12  45  13  83  14  19  15  19  16  97  17  63  18  40  19  84
  0  53  1  90  2  27  3  18  4  63  5  50  6  5  7  83  8  83  9  94  10  91  11  79  12  53  13  37  14  6  15  45  16  44  17  87  18  24  19  71
  0  29  1  79  2  84  3  64  4  33  5  55  6  77  7  59  8  92  9  99  10  87  11  62  12  6  13  42  14  71  15  71  16  65  17  65  18  74  19  30
  0  10  1  96  2  35  3  75  4  19  5  55  6  32  7  10  8  65  9  1  10  49  11  4  12  64  13  98  14  97  15  2  16  13  17  82  18  94  19  97
  0  96  1  8  2  89  3  98  4  8  5  4  6  9  7  89  8  98  9  77  10  34  11  66  12  74  13  32  14  48  15  15  16  93  17  81  18  13  19  37
  0  21  1  99  2  59  3  54  4  66  5  32  6  8  7  48  8  1  9  34  10  48  11  8  12  25  13  40  14  49  15  4  16  39  17  73  18  66  19  99
  0  36  1  39  2  83  3  72  4  14  5  67  6  96  7  14  8  97  9  4  10  31  11  15  12  87  13  54  14  45  15  66  16  88  17  42  18  61  19  39
  0  1  1  22  2  42  3  98  4  54  5  70  6  72  7  93  8  23  9  45  10  49  11  11  12  63  13  71  14  70  15  86  16  52  17  13  18  71  19  22
  0  16  1  31  2  65  3  38  4  81  5  31  6  73  7  66  8  1  9  60  10  61  11  64  12  9  13  5  14  6  15  11  16  25  17  92  18  67  19  91
  0  19  1  8  2  38  3  16  4  83  5  67  6  98  7  2  8  4  9  26  10  92  11  22  12  94  13  92  14  99  15  11  16  56  17  91  18  89  19  62
  0  85  1  90  2  59  3  74  4  8  5  87  6  98  7  17  8  43  9  22  10  42  11  32  12  26  13  44  14  90  15  91  16  11  17  90  18  21  19  73
  0  71  1  7  2  6  3  28  4  47  5  38  6  20  7  44  8  8  9  90  10  15  11  47  12  41  13  7  14  59  15  75  16  69  17  19  18  3  19  25
  0  78  1  91  2  7  3  53  4  82  5  35  6  41  7  94  8  74  9  74  10  41  11  11  12  45  13  3  14  81  15  87  16  51  17  37  18  12  19  57
  0  67  1  82  2  46  3  94  4  76  5  50  6  17  7  33  8  55  9  93  10  29  11  72  12  64  13  57  14  75  15  6  16  66  17  55  18  99  19  67
  0  18  1  23  2  16  3  84  4  9  5  7  6  20  7  81  8  45  9  79  10  63  11  76  12  8  13  14  14  57  15  64  16  20  17  37  18  39  19  68
  0  16  1  51  2  14  3  33  4  96  5  94  6  60  7  42  8  93  9  73  10  54  11  33  12  97  13  11  14  52  15  19  16  30  17  55  18  46  19  25
  0  36  1  75  2  63  3  37  4  39  5  26  6  99  7  93  8  8  9  51  10  83  11  63  12  91  13  77  14  22  15  10  16  39  17  97  18  76  19  29
  0  20  1  55  2  69  3  99  4  86  5  80  6  11  7  99  8  69  9  32  10  11  11  61  12  90  13  56  14  4  15  82  16  12  17  58  18  99  19  9
  0  95  1  46  2  61  3  56  4  10  5  3  6  42  7  42  8  17  9  84  10  41  11  35  12  40  13  62  14  83  15  55  16  68  17  47  18  3  19  67
  0  74  1  64  2  93  3  71  4  41  5  72  6  75  7  61  8  16  9  44  10  60  11  14  12  50  13  48  14  35  15  41  16  88  17  2  18  90  19  98
  0  20  1  89  2  73  3  42  4  87  5  49  6  15  7  72  8  43  9  97  10  88  11  24  12  82  13  27  14  98  15  67  16  86  17  95  18  74  19  33
  0  79  1  11  2  64  3  97  4  52  5  50  6  16  7  74  8  35  9  97  10  13  11  84  12  1  13  69  14  91  15  35  16  36  17  67  18  56  19  7
  0  25  1  84  2  84  3  27  4  20  5  37  6  57  7  92  8  86  9  18  10  95  11  62  12  68  13  83  14  65  15  33  16  98  17  20  18  70  19  65
  0  45  1  55  2  75  3  34  4  78  5  2  6  18  7  10  8  95  9  64  10  79  11  96  12  42  13  36  14  54  15  90  16  2  17  60  18  27  19  25
  0  65  1  50  2  37  3  24  4  89  5  80  6  98  7  73  8  98  9  92  10  14  11  85  12  3  13  86  14  77  15  18  16  34  17  82  18  75  19  69
  0  19  1  80  2  30  3  62  4  34  5  46  6  16  7  88  8  32  9  5  10  93  11  75  12  13  13  26  14  95  15  98  16  89  17  16  18  74  19  56
  0  75  1  73  2  15  3  60  4  82  5  48  6  40  7  36  8  15  9  31  10  89  11  23  12  93  13  54  14  30  15  8  16  58  17  82  18  39  19  52
  0  5  1  26  2  68  3  86  4  81  5  95  6  73  7  77  8  51  9  1  10  78  11  2  12  67  13  39  14  92  15  76  16  47  17  44  18  14  19  25
  0  29  1  82  2  84  3  90  4  51  5  18  6  81  7  20  8  84  9  80  10  42  11  71  12  2  13  24  14  87  15  34  16  88  17  35  18  72  19  56
  0  99  1  40  2  74  3  13  4  27  5  37  6  18  7  75  8  48  9  21  10  72  11  50  12  52  13  97  14  90  15  96  16  58  17  97  18  59  19  67
  0  95  1  48  2  98  3  91  4  95  5  44  6  16  7  27  8  16  9  35  10  94  11  39  12  95  13  33  14  1  15  74  16  18  17  83  18  14  19  59
  0  28  1  72  2  22  3  12  4  23  5  52  6  34  7  76  8  23  9  19  10  17  11  2  12  90  13  62  14  32  15  19  16  47  17  76  18  45  19  8
  0  8  1  11  2  46  3  41  4  42  5  76  6  74  7  56  8  22  9  67  10  55  11  85  12  16  13  36  14  87  15  44  16  41  17  47  18  48  19  71
  0  90  1  97  2  83  3  59  4  80  5  69  6  16  7  15  8  5  9  57  10  91  11  48  12  73  13  94  14  34  15  81  16  79  17  61  18  88  19  10
  0  33  1  44  2  66  3  71  4  32  5  95  6  28  7  12  8  75  9  99  10  65  11  31  12  46  13  50  14  65  15  56  16  92  17  88  18  77  19  99
  0  8  1  68  2  98  3  58  4  86  5  41  6  65  7  89  8  88  9  73  10  13  11  67  12  59  13  42  14  26  15  90  16  82  17  79  18  25  19  14
  0  55  1  50  2  18  3  12  4  15  5  83  6  45  7  94  8  66  9  7  10  94  11  51  12  84  13  36  14  39  15  76  16  84  17  26  18  51  19  1
  0  85  1  94  2  91  3  47  4  22  5  61  6  62  7  74  8  67  9  63  10  85  11  82  12  75  13  57  14  42  15  79  16  59  17  3  18  82  19  56
  0  55  1  83  2  98  3  6  4  51  5  31  6  8  7  75  8  69  9  42  10  2  11  59  12  31  13  3  14  48  15  48  16  58  17  68  18  56  19  14
  0  71  1  66  2  46  3  80  4  93  5  3  6  75  7  7  8  81  9  8  10  12  11  9  12  29  13  47  14  68  15  57  16  14  17  72  18  29  19  62
  0  5  1  6  2  30  3  17  4  20  5  68  6  81  7  54  8  17  9  4  10  39  11  55  12  69  13  52  14  69  15  5  16  33  17  84  18  56  19  75
  0  25  1  92  2  46  3  99  4  68  5  96  6  38  7  57  8  68  9  22  10  53  11  73  12  23  13  52  14  51  15  34  16  89  17  61  18  67  19  29
  0  64  1  75  2  94  3  6  4  28  5  32  6  42  7  86  8  79  9  25  10  24  11  73  12  68  13  49  14  74  15  62  16  70  17  1  18  91  19  14
  0  97  1  87  2  57  3  81  4  15  5  37  6  80  7  77  8  15  9  43  10  57  11  23  12  78  13  63  14  58  15  27  16  99  17  62  18  80  19  87
  0  85  1  63  2  22  3  97  4  32  5  61  6  61  7  10  8  46  9  1  10  65  11  95  12  75  13  22  14  44  15  89  16  40  17  36  18  36  19  23
  0  10  1  71  2  80  3  64  4  50  5  18  6  17  7  40  8  27  9  42  10  27  11  3  12  63  13  62  14  92  15  51  16  74  17  10  18  50  19  40
  0  20  1  6  2  46  3  26  4  63  5  24  6  44  7  36  8  20  9  45  10  37  11  54  12  28  13  1  14  42  15  69  16  87  17  58  18  8  19  25
  0  42  1  18  2  47  3  62  4  93  5  3  6  81  7  47  8  93  9  73  10  58  11  34  12  29  13  95  14  73  15  89  16  13  17  37  18  13  19  88
  0  39  1  82  2  3  3  60  4  60  5  80  6  25  7  33  8  11  9  76  10  22  11  18  12  64  13  81  14  38  15  25  16  19  17  85  18  34  19  5
  0  26  1  21  2  82  3  53  4  28  5  22  6  37  7  26  8  65  9  51  10  34  11  51  12  49  13  83  14  57  15  42  16  39  17  53  18  85  19  36
  0  54  1  31  2  99  3  13  4  6  5  69  6  20  7  85  8  45  9  34  10  99  11  52  12  47  13  20  14  92  15  45  16  82  17  4  18  80  19  33
  0  48  1  1  2  17  3  58  4  63  5  6  6  24  7  5  8  35  9  60  10  59  11  39  12  67  13  55  14  35  15  62  16  64  17  65  18  40  19  71
  0  44  1  90  2  26  3  25  4  73  5  33  6  37  7  37  8  72  9  35  10  97  11  67  12  81  13  63  14  97  15  77  16  59  17  28  18  28  19  64
  0  57  1  35  2  59  3  88  4  12  5  49  6  72  7  76  8  28  9  93  10  74  11  42  12  51  13  18  14  66  15  66  16  57  17  18  18  41  19  41
  0  93  1  75  2  32  3  43  4  72  5  67  6  38  7  12  8  80  9  46  10  95  11  40  12  54  13  9  14  71  15  12  16  65  17  84  18  7  19  23
  0  73  1  30  2  23  3  88  4  65  5  98  6  72  7  27  8  91  9  27  10  7  11  52  12  55  13  57  14  81  15  33  16  18  17  80  18  29  19  92
  0  31  1  80  2  56  3  65  4  14  5  6  6  62  7  20  8  19  9  4  10  87  11  28  12  67  13  89  14  14  15  37  16  49  17  36  18  97  19  65
  0  11  1  8  2  11  3  46  4  79  5  83  6  95  7  64  8  2  9  19  10  85  11  88  12  82  13  67  14  39  15  75  16  62  17  47  18  71  19  6
  0  76  1  20  2  12  3  74  4  64  5  38  6  99  7  44  8  30  9  53  10  99  11  50  12  83  13  5  14  8  15  83  16  5  17  25  18  72  19  27
  0  1  1  45  2  50  3  97  4  68  5  67  6  76  7  18  8  65  9  49  10  18  11  46  12  58  13  14  14  32  15  5  16  9  17  83  18  63  19  3
  0  98  1  96  2  35  3  54  4  21  5  55  6  30  7  7  8  79  9  26  10  64  11  65  12  77  13  63  14  91  15  51  16  87  17  59  18  2  19  45
  0  28  1  23  2  95  3  99  4  96  5  40  6  50  7  17  8  34  9  78  10  10  11  35  12  12  13  27  14  62  15  60  16  72  17  94  18  83  19  42
  0  71  1  98  2  74  3  81  4  85  5  26  6  6  7  17  8  3  9  42  10  49  11  18  12  93  13  75  14  74  15  9  16  39  17  22  18  20  19  68
  0  63  1  24  2  74  3  97  4  88  5  32  6  42  7  58  8  27  9  51  10  54  11  97  12  58  13  28  14  57  15  37  16  66  17  31  18  14  19  89
  0  40  1  35  2  56  3  7  4  46  5  9  6  4  7  97  8  47  9  51  10  46  11  73  12  7  13  64  14  17  15  80  16  12  17  15  18  37  19  46
  0  11  1  50  2  1  3  63  4  33  5  65  6  20  7  51  8  51  9  19  10  65  11  3  12  88  13  79  14  58  15  86  16  7  17  20  18  6  19  74
  0  95  1  94  2  86  3  6  4  65  5  87  6  24  7  4  8  29  9  2  10  11  11  31  12  91  13  12  14  61  15  14  16  5  17  37  18  19  19  1
  0  59  1  78  2  35  3  17  4  6  5  36  6  97  7  44  8  37  9  1  10  82  11  30  12  73  13  83  14  50  15  95  16  28  17  31  18  10  19  24
  0  52  1  38  2  28  3  25  4  73  5  51  6  50  7  7  8  93  9  36  10  64  11  18  12  99  13  42  14  25  15  30  16  8  17  83  18  13  19  71
  0  36  1  41  2  10  3  36  4  84  5  24  6  95  7  30  8  74  9  75  10  14  11  29  12  57  13  88  14  56  15  50  16  3  17  78  18  58  19  81
  0  34  1  27  2  17  3  96  4  72  5  87  6  63  7  71  8  78  9  24  10  48  11  68  12  43  13  22  14  42  15  49  16  46  17  90  18  36  19  56
  0  72  1  44  2  3  3  37  4  83  5  40  6  63  7  36  8  61  9  99  10  51  11  59  12  77  13  46  14  89  15  86  16  62  17  39  18  4  19  2
  0  64  1  79  2  47  3  42  4  37  5  24  6  10  7  9  8  89  9  29  10  35  11  77  12  77  13  11  14  70  15  4  16  35  17  99  18  19  19  19
  0  73  1  16  2  73  3  46  4  86  5  97  6  45  7  95  8  47  9  64  10  30  11  17  12  76  13  90  14  55  15  11  16  36  17  20  18  19  19  36
  0  61  1  53  2  6  3  55  4  36  5  90  6  35  7  14  8  79  9  93  10  94  11  44  12  99  13  24  14  44  15  30  16  39  17  58  18  1  19  88
  0  90  1  79  2  48  3  43  4  88  5  20  6  21  7  96  8  93  9  78  10  54  11  35  12  21  13  51  14  15  15  10  16  82  17  45  18  43  19  87
  0  48  1  69  2  63  3  64  4  42  5  16  6  60  7  81  8  27  9  72  10  23  11  88  12  49  13  41  14  94  15  41  16  41  17  49  18  90  19  32
  0  8  1  65  2  73  3  93  4  41  5  77  6  82  7  18  8  41  9  81  10  69  11  74  12  38  13  93  14  1  15  40  16  40  17  77  18  96  19  55
  0  55  1  57  2  30  3  78  4  65  5  56  6  28  7  4  8  37  9  81  10  17  11  55  12  13  13  40  14  16  15  81  16  11  17  58  18  75  19  14
  0  26  1  53  2  12  3  60  4  9  5  55  6  82  7  39  8  72  9  93  10  1  11  86  12  44  13  98  14  92  15  95  16  71  17  74  18  38  19  58
  0  42  1  39  2  51  3  15  4  80  5  56  6  92  7  51  8  31  9  90  10  16  11  92  12  37  13  57  14  95  15  63  16  85  17  61  18  85  19  38
  0  57  1  40  2  99  3  94  4  28  5  55  6  33  7  38  8  88  9  90  10  38  11  62  12  89  13  66  14  46  15  64  16  25  17  66  18  93  19  39
  0  18  1  42  2  77  3  3  4  66  5  36  6  75  7  32  8  54  9  40  10  89  11  21  12  51  13  90  14  97  15  82  16  54  17  52  18  24  19  60
  0  29  1  45  2  69  3  8  4  72  5  25  6  58  7  68  8  96  9  16  10  85  11  64  12  2  13  50  14  82  15  54  16  94  17  78  18  28  19  50
  0  68  1  40  2  76  3  78  4  52  5  14  6  72  7  35  8  84  9  87  10  90  11  73  12  90  13  25  14  98  15  18  16  50  17  1  18  43  19  96
  0  87  1  44  2  11  3  26  4  26  5  22  6  8  7  13  8  90  9  19  10  61  11  33  12  45  13  32  14  27  15  12  16  93  17  73  18  81  19  19
  0  94  1  30  2  10  3  49  4  63  5  60  6  21  7  51  8  48  9  95  10  58  11  27  12  26  13  89  14  89  15  10  16  49  17  35  18  81  19  3
  0  13  1  35  2  6  3  30  4  63  5  4  6  25  7  27  8  50  9  27  10  56  11  85  12  76  13  17  14  10  15  14  16  24  17  29  18  56  19  97
  0  51  1  36  2  65  3  47  4  82  5  82  6  16  7  83  8  43  9  38  10  80  11  6  12  8  13  51  14  21  15  22  16  68  17  64  18  58  19  40
  0  36  1  31  2  7  3  67  4  33  5  57  6  69  7  56  8  41  9  51  10  50  11  79  12  13  13  66  14  24  15  49  16  64  17  50  18  64  19  94
  0  94  1  50  2  37  3  62  4  13  5  37  6  91  7  23  8  68  9  45  10  12  11  73  12  4  13  34  14  18  15  81  16  82  17  29  18  21  19  17
  0  68  1  95  2  78  3  52  4  47  5  51  6  97  7  37  8  18  9  15  10  82  11  76  12  3  13  59  14  32  15  69  16  53  17  9  18  30  19  80
  0  36  1  95  2  75  3  58  4  43  5  81  6  52  7  27  8  57  9  81  10  46  11  99  12  53  13  74  14  40  15  5  16  35  17  75  18  51  19  19
  0  29  1  94  2  95  3  46  4  83  5  26  6  99  7  82  8  43  9  25  10  75  11  73  12  7  13  86  14  38  15  33  16  85  17  13  18  49  19  84
  0  4  1  34  2  80  3  62  4  28  5  45  6  63  7  57  8  19  9  46  10  50  11  14  12  24  13  3  14  8  15  99  16  64  17  77  18  25  19  16
  0  86  1  91  2  91  3  16  4  83  5  9  6  92  7  44  8  2  9  64  10  23  11  20  12  81  13  76  14  10  15  23  16  16  17  12  18  98  19  65
  0  7  1  88  2  62  3  46  4  66  5  46  6  95  7  19  8  87  9  16  10  44  11  38  12  75  13  60  14  70  15  52  16  29  17  73  18  33  19  46
  0  98  1  66  2  67  3  79  4  67  5  69  6  70  7  56  8  30  9  22  10  29  11  15  12  70  13  48  14  56  15  48  16  59  17  29  18  16  19  67
  0  10  1  11  2  46  3  80  4  92  5  26  6  30  7  60  8  73  9  12  10  52  11  1  12  26  13  46  14  49  15  93  16  48  17  42  18  51  19  94
  0  70  1  69  2  58  3  26  4  47  5  93  6  4  7  62  8  44  9  51  10  99  11  91  12  2  13  3  14  71  15  28  16  9  17  31  18  16  19  52
  0  9  1  75  2  48  3  77  4  68  5  24  6  15  7  76  8  26  9  95  10  94  11  29  12  29  13  93  14  21  15  50  16  34  17  10  18  76  19  37
  0  4  1  5  2  55  3  22  4  49  5  2  6  10  7  27  8  82  9  61  10  98  11  71  12  92  13  37  14  19  15  54  16  53  17  17  18  84  19  23
  0  19  1  1  2  91  3  7  4  84  5  78  6  76  7  74  8  97  9  6  10  47  11  29  12  58  13  81  14  67  15  69  16  49  17  89  18  5  19  77
  0  63  1  49  2  76  3  94  4  45  5  88  6  63  7  17  8  45  9  38  10  58  11  12  12  57  13  98  14  86  15  36  16  5  17  55  18  11  19  16
  0  64  1  8  2  92  3  2  4  66  5  64  6  98  7  30  8  15  9  17  10  51  11  41  12  90  13  72  14  73  15  32  16  52  17  44  18  82  19  58
  0  47  1  93  2  10  3  5  4  85  5  2  6  74  7  79  8  48  9  96  10  37  11  24  12  26  13  63  14  90  15  28  16  27  17  35  18  86  19  81
  0  73  1  6  2  94  3  35  4  89  5  54  6  41  7  25  8  62  9  34  10  80  11  80  12  4  13  87  14  90  15  45  16  63  17  91  18  2  19  59
  0  60  1  25  2  92  3  85  4  40  5  43  6  17  7  87  8  78  9  67  10  45  11  83  12  66  13  49  14  33  15  36  16  77  17  61  18  56  19  48
  0  88  1  15  2  59  3  90  4  96  5  17  6  28  7  61  8  62  9  19  10  67  11  54  12  77  13  5  14  45  15  15  16  27  17  33  18  54  19  68
  0  95  1  33  2  66  3  81  4  47  5  8  6  16  7  76  8  58  9  8  10  23  11  11  12  9  13  57  14  27  15  7  16  46  17  76  18  28  19  62
  0  70  1  9  2  21  3  3  4  24  5  48  6  87  7  61  8  69  9  43  10  82  11  67  12  95  13  97  14  18  15  99  16  85  17  16  18  44  19  48
  0  27  1  51  2  71  3  53  4  64  5  57  6  90  7  54  8  14  9  53  10  70  11  41  12  88  13  51  14  64  15  1  16  14  17  10  18  36  19  9
  0  17  1  2  2  85  3  85  4  33  5  23  6  43  7  48  8  65  9  75  10  69  11  99  12  67  13  97  14  60  15  49  16  59  17  28  18  57  19  63
  0  97  1  32  2  13  3  73  4  32  5  12  6  50  7  99  8  50  9  92  10  39  11  70  12  80  13  59  14  47  15  36  16  2  17  65  18  64  19  20
  0  82  1  60  2  95  3  39  4  50  5  94  6  73  7  5  8  65  9  6  10  40  11  75  12  37  13  91  14  89  15  17  16  30  17  22  18  83  19  11
  0  24  1  43  2  67  3  94  4  38  5  85  6  56  7  38  8  34  9  77  10  78  11  87  12  49  13  14  14  78  15  31  16  39  17  37  18  20  19  59
  0  14  1  43  2  49  3  38  4  9  5  8  6  12  7  14  8  25  9  86  10  21  11  4  12  17  13  53  14  19  15  62  16  30  17  69  18  97  19  17
  0  3  1  7  2  59  3  10  4  90  5  49  6  25  7  96  8  82  9  64  10  36  11  83  12  3  13  17  14  98  15  8  16  29  17  50  18  67  19  87
  0  75  1  79  2  70  3  4  4  99  5  60  6  20  7  86  8  60  9  22  10  62  11  9  12  18  13  93  14  57  15  27  16  45  17  51  18  94  19  18
  0  21  1  63  2  87  3  84  4  94  5  22  6  5  7  47  8  55  9  83  10  19  11  45  12  51  13  46  14  89  15  96  16  30  17  48  18  22  19  14
  0  97  1  74  2  42  3  54  4  30  5  78  6  99  7  62  8  67  9  74  10  95  11  33  12  83  13  62  14  62  15  98  16  14  17  75  18  83  19  29
  0  79  1  68  2  7  3  75  4  39  5  98  6  91  7  23  8  56  9  44  10  3  11  23  12  75  13  77  14  27  15  7  16  29  17  93  18  90  19  22
  0  24  1  44  2  90  3  37  4  86  5  39  6  78  7  96  8  51  9  12  10  53  11  31  12  37  13  61  14  48  15  51  16  38  17  24  18  37  19  83
  0  16  1  22  2  67  3  26  4  89  5  2  6  14  7  22  8  42  9  67  10  11  11  93  12  97  13  55  14  93  15  84  16  37  17  14  18  78  19  81
  0  60  1  87  2  33  3  41  4  1  5  14  6  38  7  28  8  62  9  77  10  41  11  36  12  35  13  1  14  48  15  67  16  1  17  40  18  96  19  66
  0  37  1  25  2  15  3  50  4  81  5  72  6  69  7  86  8  32  9  53  10  33  11  89  12  59  13  81  14  46  15  54  16  81  17  70  18  44  19  43
  0  38  1  83  2  69  3  96  4  30  5  44  6  3  7  25  8  35  9  4  10  73  11  14  12  19  13  83  14  38  15  45  16  88  17  33  18  33  19  13
  0  55  1  69  2  36  3  89  4  29  5  88  6  15  7  72  8  31  9  74  10  15  11  19  12  9  13  40  14  39  15  37  16  4  17  62  18  15  19  9
  0  80  1  24  2  43  3  46  4  35  5  58  6  90  7  17  8  39  9  41  10  53  11  90  12  81  13  18  14  13  15  83  16  16  17  27  18  63  19  7
  0  38  1  63  2  73  3  57  4  28  5  11  6  18  7  89  8  50  9  9  10  95  11  61  12  90  13  55  14  5  15  52  16  69  17  59  18  57  19  84
  0  73  1  74  2  49  3  6  4  72  5  3  6  12  7  5  8  31  9  34  10  18  11  75  12  33  13  69  14  18  15  45  16  68  17  34  18  27  19  43
  0  52  1  83  2  83  3  59  4  81  5  70  6  62  7  30  8  45  9  91  10  3  11  51  12  43  13  80  14  92  15  1  16  80  17  70  18  8  19  23
  0  47  1  69  2  6  3  4  4  82  5  20  6  27  7  52  8  11  9  16  10  39  11  44  12  80  13  34  14  43  15  12  16  35  17  60  18  17  19  83
  0  25  1  56  2  66  3  3  4  13  5  74  6  6  7  75  8  48  9  15  10  6  11  36  12  3  13  10  14  57  15  27  16  94  17  37  18  52  19  31
  0  55  1  34  2  75  3  97  4  96  5  48  6  64  7  59  8  96  9  41  10  76  11  27  12  10  13  48  14  63  15  8  16  63  17  44  18  63  19  89
  0  4  1  74  2  33  3  77  4  1  5  54  6  4  7  85  8  16  9  42  10  23  11  16  12  14  13  36  14  13  15  66  16  50  17  63  18  64  19  77
  0  75  1  45  2  45  3  80  4  41  5  58  6  87  7  17  8  87  9  47  10  90  11  58  12  67  13  32  14  45  15  13  16  6  17  22  18  75  19  31
  0  31  1  45  2  46  3  24  4  11  5  39  6  76  7  70  8  79  9  61  10  88  11  72  12  44  13  27  14  32  15  71  16  98  17  73  18  8  19  65
  0  95  1  13  2  64  3  57  4  48  5  17  6  26  7  42  8  50  9  52  10  9  11  18  12  64  13  58  14  3  15  56  16  87  17  32  18  46  19  87
  0  13  1  68  2  6  3  83  4  41  5  60  6  47  7  37  8  1  9  75  10  70  11  68  12  9  13  38  14  15  15  17  16  41  17  4  18  82  19  95
  0  28  1  5  2  37  3  14  4  78  5  84  6  54  7  96  8  98  9  72  10  50  11  53  12  66  13  55  14  14  15  85  16  66  17  42  18  2  19  22
  0  6  1  41  2  97  3  27  4  62  5  91  6  21  7  28  8  35  9  12  10  51  11  37  12  96  13  58  14  98  15  90  16  77  17  23  18  35  19  10
  0  12  1  89  2  70  3  61  4  47  5  40  6  36  7  81  8  87  9  84  10  9  11  76  12  12  13  42  14  87  15  24  16  8  17  13  18  16  19  37
  0  4  1  6  2  92  3  64  4  79  5  15  6  32  7  29  8  1  9  69  10  57  11  46  12  9  13  82  14  40  15  64  16  49  17  86  18  23  19  13
  0  32  1  25  2  81  3  61  4  52  5  47  6  17  7  24  8  9  9  11  10  83  11  51  12  13  13  95  14  96  15  7  16  63  17  94  18  77  19  18
  0  31  1  14  2  10  3  37  4  86  5  21  6  42  7  71  8  57  9  99  10  51  11  48  12  95  13  19  14  38  15  44  16  5  17  19  18  37  19  75
  0  45  1  65  2  57  3  32  4  16  5  37  6  78  7  28  8  98  9  37  10  76  11  54  12  86  13  42  14  58  15  97  16  56  17  44  18  13  19  48
  0  43  1  35  2  24  3  93  4  34  5  42  6  94  7  99  8  81  9  15  10  78  11  9  12  7  13  25  14  26  15  2  16  55  17  32  18  78  19  22
  0  99  1  5  2  72  3  41  4  26  5  35  6  45  7  24  8  41  9  62  10  41  11  21  12  70  13  90  14  71  15  84  16  70  17  90  18  69  19  12
  0  36  1  88  2  44  3  39  4  2  5  12  6  26  7  39  8  61  9  25  10  65  11  17  12  45  13  78  14  11  15  91  16  48  17  68  18  88  19  97
  0  79  1  55  2  64  3  71  4  90  5  10  6  49  7  90  8  89  9  80  10  85  11  71  12  62  13  89  14  16  15  61  16  51  17  15  18  49  19  79
  0  57  1  8  2  34  3  75  4  78  5  60  6  38  7  25  8  88  9  14  10  83  11  80  12  25  13  73  14  74  15  41  16  43  17  82  18  42  19  15
  0  42  1  50  2  63  3  76  4  89  5  62  6  54  7  56  8  88  9  94  10  35  11  19  12  52  13  18  14  6  15  90  16  7  17  72  18  1  19  68
  0  24  1  39  2  1  3  19  4  45  5  39  6  13  7  29  8  57  9  41  10  57  11  92  12  41  13  56  14  27  15  34  16  89  17  46  18  92  19  86
  0  63  1  83  2  76  3  9  4  44  5  37  6  27  7  89  8  99  9  57  10  50  11  59  12  69  13  5  14  90  15  41  16  19  17  42  18  73  19  89
  0  52  1  67  2  33  3  92  4  66  5  76  6  3  7  58  8  71  9  74  10  43  11  95  12  37  13  82  14  20  15  59  16  21  17  92  18  74  19  30
  0  94  1  77  2  37  3  39  4  78  5  69  6  76  7  59  8  41  9  45  10  1  11  37  12  34  13  85  14  30  15  14  16  57  17  8  18  17  19  71
  0  83  1  79  2  92  3  12  4  88  5  63  6  60  7  39  8  61  9  56  10  48  11  7  12  88  13  16  14  13  15  59  16  43  17  85  18  60  19  68
  0  22  1  79  2  93  3  45  4  2  5  66  6  39  7  92  8  23  9  69  10  97  11  4  12  14  13  84  14  8  15  47  16  8  17  67  18  45  19  72
  0  30  1  48  2  74  3  43  4  45  5  75  6  34  7  78  8  97  9  2  10  19  11  43  12  83  13  47  14  98  15  41  16  39  17  25  18  75  19  92
  0  32  1  99  2  75  3  93  4  87  5  12  6  28  7  93  8  99  9  8  10  73  11  44  12  82  13  30  14  9  15  98  16  92  17  81  18  54  19  65
  0  12  1  60  2  9  3  45  4  63  5  21  6  16  7  14  8  21  9  23  10  81  11  16  12  18  13  57  14  81  15  85  16  72  17  77  18  71  19  28
  0  82  1  66  2  96  3  94  4  63  5  11  6  32  7  62  8  21  9  76  10  33  11  91  12  95  13  1  14  58  15  17  16  12  17  44  18  98  19  9
  0  12  1  65  2  26  3  92  4  80  5  21  6  49  7  34  8  72  9  91  10  33  11  9  12  90  13  96  14  17  15  24  16  5  17  44  18  50  19  59
  0  86  1  25  2  28  3  42  4  99  5  56  6  77  7  84  8  93  9  28  10  48  11  27  12  63  13  5  14  5  15  88  16  81  17  90  18  15  19  98
  0  30  1  62  2  83  3  79  4  70  5  22  6  87  7  88  8  31  9  30  10  98  11  44  12  8  13  11  14  99  15  6  16  12  17  57  18  49  19  54
  0  89  1  58  2  20  3  32  4  19  5  39  6  40  7  1  8  47  9  86  10  12  11  51  12  31  13  90  14  70  15  63  16  83  17  36  18  14  19  4
  0  51  1  13  2  36  3  8  4  69  5  41  6  11  7  80  8  58  9  28  10  35  11  20  12  92  13  87  14  20  15  41  16  8  17  9  18  80  19  61
  0  69  1  47  2  80  3  65  4  94  5  74  6  17  7  68  8  6  9  2  10  54  11  41  12  67  13  81  14  50  15  72  16  18  17  40  18  25  19  72
  0  8  1  88  2  71  3  53  4  9  5  40  6  6  7  30  8  52  9  2  10  99  11  33  12  1  13  35  14  59  15  29  16  82  17  6  18  25  19  85
  0  25  1  55  2  17  3  32  4  69  5  72  6  54  7  90  8  65  9  52  10  7  11  95  12  63  13  53  14  72  15  13  16  60  17  10  18  86  19  35
  0  58  1  51  2  2  3  12  4  61  5  29  6  88  7  32  8  95  9  72  10  70  11  87  12  45  13  98  14  61  15  64  16  34  17  65  18  88  19  52
  0  86  1  44  2  23  3  70  4  72  5  34  6  29  7  37  8  82  9  62  10  25  11  47  12  27  13  35  14  13  15  27  16  33  17  32  18  13  19  76
  0  73  1  59  2  7  3  30  4  84  5  9  6  98  7  83  8  31  9  87  10  19  11  76  12  23  13  3  14  43  15  26  16  16  17  36  18  7  19  48
  0  25  1  32  2  32  3  16  4  44  5  77  6  89  7  40  8  62  9  63  10  74  11  69  12  92  13  42  14  65  15  52  16  74  17  30  18  93  19  94
  0  16  1  8  2  40  3  18  4  77  5  33  6  36  7  1  8  18  9  60  10  51  11  52  12  50  13  24  14  71  15  50  16  86  17  46  18  12  19  45
  0  61  1  65  2  19  3  28  4  71  5  97  6  53  7  75  8  59  9  77  10  60  11  58  12  34  13  44  14  69  15  61  16  18  17  63  18  72  19  39
  0  40  1  5  2  80  3  37  4  38  5  15  6  60  7  14  8  18  9  56  10  89  11  71  12  4  13  1  14  94  15  74  16  66  17  93  18  53  19  5
  0  99  1  38  2  65  3  94  4  22  5  58  6  56  7  25  8  75  9  40  10  28  11  93  12  84  13  59  14  92  15  73  16  78  17  49  18  64  19  32
  0  94  1  66  2  55  3  78  4  30  5  51  6  50  7  42  8  71  9  94  10  24  11  27  12  69  13  66  14  27  15  80  16  2  17  56  18  70  19  63
  0  48  1  30  2  74  3  24  4  88  5  12  6  61  7  14  8  77  9  44  10  3  11  85  12  59  13  81  14  71  15  58  16  41  17  19  18  36  19  68
  0  23  1  60  2  5  3  12  4  56  5  89  6  14  7  51  8  87  9  91  10  13  11  58  12  93  13  22  14  90  15  99  16  33  17  45  18  34  19  96
  0  55  1  85  2  46  3  13  4  45  5  52  6  25  7  38  8  6  9  27  10  4  11  2  12  93  13  45  14  6  15  13  16  61  17  5  18  47  19  99
  0  80  1  62  2  10  3  28  4  37  5  23  6  51  7  95  8  36  9  36  10  40  11  41  12  45  13  32  14  16  15  11  16  72  17  73  18  31  19  76
  0  54  1  19  2  7  3  97  4  95  5  2  6  19  7  65  8  2  9  78  10  1  11  76  12  72  13  10  14  13  15  22  16  67  17  62  18  38  19  96
  0  53  1  59  2  79  3  47  4  95  5  8  6  86  7  34  8  52  9  85  10  30  11  64  12  81  13  58  14  1  15  18  16  81  17  74  18  9  19  87
  0  7  1  48  2  96  3  90  4  43  5  23  6  2  7  25  8  36  9  87  10  31  11  93  12  82  13  81  14  34  15  2  16  68  17  14  18  81  19  94
  0  84  1  74  2  88  3  26  4  48  5  28  6  41  7  33  8  41  9  4  10  20  11  81  12  20  13  22  14  13  15  7  16  63  17  36  18  81  19  51
  0  58  1  69  2  13  3  87  4  58  5  67  6  58  7  71  8  40  9  15  10  78  11  64  12  58  13  71  14  1  15  19  16  75  17  34  18  87  19  23
  0  4  1  27  2  69  3  31  4  99  5  76  6  75  7  51  8  88  9  28  10  85  11  50  12  17  13  95  14  66  15  84  16  55  17  76  18  86  19  8
  0  1  1  51  2  5  3  70  4  51  5  54  6  88  7  34  8  53  9  98  10  98  11  72  12  40  13  75  14  54  15  3  16  19  17  61  18  64  19  6
  0  68  1  22  2  71  3  2  4  54  5  76  6  78  7  1  8  85  9  62  10  26  11  43  12  53  13  30  14  41  15  97  16  30  17  43  18  96  19  92
  0  31  1  68  2  36  3  75  4  57  5  75  6  48  7  46  8  63  9  94  10  9  11  9  12  38  13  88  14  25  15  22  16  79  17  41  18  36  19  58
  0  4  1  73  2  63  3  93  4  17  5  30  6  18  7  91  8  50  9  7  10  1  11  51  12  25  13  8  14  63  15  35  16  2  17  51  18  97  19  94
  0  33  1  65  2  90  3  58  4  23  5  42  6  57  7  56  8  65  9  41  10  27  11  87  12  98  13  57  14  60  15  59  16  24  17  2  18  17  19  52
  0  57  1  56  2  1  3  97  4  16  5  2  6  44  7  60  8  59  9  18  10  30  11  63  12  42  13  32  14  45  15  11  16  39  17  44  18  9  19  86
  0  49  1  46  2  42  3  29  4  4  5  52  6  56  7  21  8  21  9  62  10  75  11  39  12  85  13  51  14  22  15  54  16  45  17  56  18  45  19  69
  0  55  1  90  2  47  3  50  4  20  5  26  6  56  7  78  8  88  9  97  10  42  11  23  12  30  13  47  14  72  15  27  16  86  17  94  18  67  19  43
  0  68  1  4  2  76  3  70  4  57  5  93  6  20  7  73  8  22  9  96  10  33  11  85  12  55  13  76  14  28  15  36  16  8  17  45  18  60  19  32
  0  64  1  56  2  51  3  12  4  73  5  55  6  13  7  37  8  56  9  16  10  83  11  73  12  40  13  84  14  59  15  20  16  86  17  32  18  72  19  43
  0  17  1  70  2  76  3  45  4  60  5  79  6  27  7  84  8  63  9  60  10  47  11  2  12  49  13  14  14  52  15  32  16  8  17  3  18  57  19  21
  0  60  1  40  2  75  3  43  4  25  5  35  6  12  7  21  8  72  9  60  10  86  11  82  12  67  13  44  14  48  15  86  16  14  17  97  18  75  19  43
  0  56  1  12  2  54  3  72  4  12  5  13  6  90  7  94  8  27  9  40  10  2  11  48  12  86  13  91  14  87  15  64  16  25  17  56  18  76  19  64
  0  6  1  17  2  95  3  44  4  72  5  5  6  19  7  59  8  97  9  26  10  83  11  41  12  72  13  12  14  75  15  89  16  14  17  40  18  38  19  43
  0  86  1  40  2  45  3  96  4  60  5  85  6  41  7  32  8  58  9  20  10  43  11  97  12  66  13  87  14  58  15  14  16  95  17  58  18  63  19  21
  0  30  1  53  2  35  3  89  4  9  5  39  6  52  7  56  8  5  9  27  10  91  11  54  12  9  13  95  14  86  15  51  16  46  17  34  18  34  19  26
  0  55  1  65  2  56  3  28  4  23  5  2  6  62  7  9  8  65  9  33  10  56  11  34  12  73  13  65  14  91  15  84  16  79  17  47  18  79  19  32
  0  20  1  52  2  76  3  37  4  78  5  18  6  28  7  7  8  48  9  45  10  42  11  8  12  59  13  6  14  13  15  18  16  33  17  34  18  19  19  81
  0  74  1  77  2  74  3  72  4  24  5  42  6  91  7  5  8  11  9  56  10  4  11  33  12  88  13  37  14  44  15  35  16  43  17  41  18  71  19  63
  0  10  1  21  2  16  3  21  4  31  5  22  6  57  7  90  8  42  9  4  10  68  11  14  12  77  13  59  14  96  15  15  16  20  17  58  18  50  19  9
  0  44  1  58  2  22  3  38  4  26  5  50  6  70  7  22  8  18  9  19  10  21  11  30  12  14  13  60  14  83  15  92  16  43  17  67  18  89  19  26
  0  87  1  78  2  76  3  23  4  96  5  67  6  3  7  50  8  39  9  84  10  57  11  42  12  34  13  17  14  83  15  77  16  37  17  5  18  60  19  7
  0  79  1  25  2  82  3  23  4  79  5  56  6  50  7  34  8  81  9  63  10  58  11  59  12  92  13  68  14  34  15  59  16  15  17  10  18  74  19  73
  0  95  1  87  2  80  3  29  4  49  5  64  6  89  7  45  8  17  9  59  10  44  11  30  12  69  13  52  14  63  15  68  16  68  17  97  18  95  19  36
  0  47  1  3  2  67  3  88  4  70  5  30  6  61  7  3  8  79  9  16  10  95  11  88  12  44  13  29  14  66  15  80  16  73  17  3  18  91  19  89
  0  48  1  18  2  79  3  64  4  91  5  16  6  73  7  96  8  79  9  68  10  78  11  75  12  57  13  49  14  67  15  65  16  26  17  64  18  5  19  70
  0  5  1  36  2  50  3  6  4  80  5  64  6  33  7  87  8  4  9  7  10  94  11  17  12  4  13  31  14  50  15  18  16  17  17  49  18  23  19  49
  0  51  1  47  2  33  3  10  4  38  5  37  6  64  7  1  8  50  9  19  10  34  11  10  12  67  13  38  14  25  15  45  16  36  17  47  18  79  19  26
  0  50  1  19  2  53  3  92  4  44  5  90  6  66  7  28  8  78  9  10  10  23  11  73  12  61  13  10  14  68  15  80  16  36  17  67  18  15  19  63
  0  23  1  85  2  49  3  1  4  6  5  15  6  8  7  34  8  82  9  23  10  79  11  51  12  40  13  53  14  74  15  39  16  21  17  39  18  65  19  68
  0  74  1  70  2  87  3  25  4  26  5  26  6  73  7  12  8  6  9  17  10  25  11  79  12  16  13  2  14  75  15  56  16  26  17  74  18  87  19  6
  0  31  1  35  2  84  3  6  4  12  5  93  6  18  7  37  8  72  9  59  10  10  11  43  12  65  13  27  14  33  15  68  16  99  17  60  18  12  19  11
  0  20  1  29  2  56  3  33  4  87  5  50  6  64  7  24  8  96  9  48  10  55  11  4  12  33  13  23  14  20  15  12  16  18  17  95  18  92  19  24
  0  29  1  84  2  90  3  88  4  76  5  96  6  75  7  74  8  79  9  74  10  24  11  66  12  63  13  18  14  18  15  68  16  84  17  60  18  93  19  82
  0  50  1  87  2  4  3  78  4  76  5  17  6  90  7  75  8  27  9  83  10  60  11  96  12  6  13  87  14  23  15  77  16  98  17  14  18  33  19  22
  0  96  1  23  2  26  3  50  4  37  5  69  6  73  7  82  8  47  9  4  10  69  11  43  12  83  13  63  14  28  15  87  16  89  17  48  18  76  19  85
  0  21  1  52  2  35  3  9  4  12  5  91  6  52  7  12  8  86  9  36  10  26  11  99  12  25  13  57  14  13  15  20  16  52  17  38  18  36  19  36
  0  98  1  1  2  22  3  50  4  57  5  67  6  23  7  96  8  40  9  39  10  34  11  13  12  93  13  68  14  80  15  71  16  41  17  63  18  46  19  28
  0  55  1  41  2  74  3  99  4  77  5  25  6  53  7  11  8  38  9  49  10  72  11  42  12  56  13  15  14  9  15  82  16  95  17  12  18  85  19  80
  0  34  1  10  2  96  3  14  4  56  5  66  6  15  7  55  8  80  9  13  10  2  11  94  12  89  13  24  14  4  15  27  16  3  17  67  18  94  19  45
  0  36  1  1  2  98  3  74  4  23  5  55  6  17  7  50  8  89  9  28  10  15  11  20  12  17  13  73  14  75  15  24  16  32  17  52  18  4  19  86
  0  3  1  98  2  42  3  13  4  33  5  3  6  37  7  91  8  91  9  22  10  60  11  27  12  2  13  56  14  84  15  66  16  93  17  76  18  55  19  94
  0  89  1  70  2  12  3  4  4  72  5  41  6  55  7  63  8  58  9  3  10  69  11  50  12  70  13  22  14  16  15  19  16  97  17  16  18  1  19  12
  0  73  1  20  2  49  3  41  4  6  5  54  6  50  7  4  8  49  9  79  10  62  11  93  12  15  13  10  14  77  15  31  16  25  17  18  18  1  19  36
  0  87  1  65  2  80  3  89  4  35  5  31  6  1  7  78  8  57  9  22  10  22  11  13  12  17  13  89  14  39  15  59  16  30  17  2  18  66  19  36
  0  62  1  10  2  2  3  55  4  45  5  41  6  16  7  6  8  38  9  3  10  51  11  27  12  85  13  56  14  60  15  6  16  40  17  19  18  96  19  92
  0  48  1  96  2  31  3  29  4  27  5  55  6  81  7  31  8  74  9  74  10  57  11  66  12  94  13  56  14  65  15  20  16  27  17  76  18  31  19  40
  0  12  1  93  2  22  3  5  4  32  5  63  6  83  7  57  8  14  9  25  10  34  11  93  12  75  13  42  14  58  15  3  16  51  17  34  18  7  19  92
  0  50  1  20  2  97  3  58  4  93  5  56  6  69  7  64  8  68  9  50  10  31  11  55  12  86  13  79  14  6  15  20  16  21  17  44  18  76  19  59
  0  76  1  30  2  69  3  48  4  3  5  74  6  37  7  82  8  75  9  40  10  20  11  61  12  82  13  57  14  15  15  31  16  98  17  90  18  59  19  93
  0  42  1  17  2  24  3  80  4  43  5  48  6  73  7  9  8  61  9  26  10  15  11  87  12  35  13  66  14  83  15  53  16  61  17  34  18  99  19  27
  0  23  1  81  2  5  3  39  4  14  5  74  6  85  7  62  8  38  9  86  10  4  11  49  12  87  13  51  14  19  15  51  16  1  17  80  18  68  19  85
  0  74  1  8  2  29  3  73  4  87  5  6  6  86  7  42  8  47  9  81  10  82  11  1  12  58  13  64  14  21  15  7  16  95  17  29  18  41  19  89
  0  29  1  16  2  1  3  3  4  6  5  46  6  27  7  11  8  17  9  53  10  16  11  52  12  95  13  58  14  98  15  6  16  21  17  68  18  12  19  77
  0  17  1  94  2  23  3  76  4  81  5  86  6  2  7  32  8  98  9  50  10  61  11  6  12  77  13  94  14  74  15  60  16  61  17  19  18  62  19  13
  0  87  1  40  2  13  3  89  4  77  5  16  6  56  7  33  8  11  9  20  10  24  11  57  12  92  13  75  14  59  15  34  16  37  17  45  18  62  19  64
  0  3  1  37  2  79  3  61  4  77  5  86  6  73  7  60  8  83  9  4  10  38  11  16  12  49  13  8  14  36  15  64  16  82  17  89  18  84  19  61
  0  21  1  70  2  9  3  11  4  63  5  44  6  31  7  64  8  4  9  28  10  89  11  34  12  6  13  58  14  80  15  67  16  14  17  98  18  76  19  73
  0  67  1  56  2  70  3  87  4  78  5  19  6  37  7  23  8  89  9  59  10  20  11  52  12  5  13  74  14  82  15  1  16  77  17  40  18  81  19  62
  0  1  1  22  2  49  3  56  4  19  5  55  6  99  7  90  8  59  9  85  10  85  11  5  12  69  13  53  14  77  15  4  16  87  17  32  18  45  19  98
  0  91  1  75  2  48  3  28  4  5  5  33  6  87  7  23  8  51  9  27  10  53  11  33  12  88  13  8  14  83  15  29  16  65  17  36  18  25  19  54
  0  75  1  44  2  30  3  90  4  12  5  90  6  78  7  47  8  30  9  1  10  64  11  4  12  94  13  57  14  8  15  67  16  54  17  92  18  90  19  6
  0  62  1  84  2  90  3  87  4  63  5  62  6  12  7  32  8  83  9  81  10  94  11  43  12  16  13  19  14  68  15  1  16  80  17  84  18  92  19  9
  0  99  1  73  2  77  3  36  4  20  5  95  6  88  7  7  8  72  9  45  10  86  11  10  12  54  13  15  14  41  15  46  16  62  17  56  18  28  19  28
  0  26  1  43  2  99  3  96  4  18  5  98  6  81  7  38  8  25  9  72  10  44  11  86  12  26  13  94  14  42  15  73  16  1  17  51  18  32  19  40
  0  69  1  27  2  97  3  29  4  34  5  40  6  52  7  37  8  61  9  56  10  4  11  63  12  61  13  42  14  82  15  14  16  13  17  19  18  80  19  36
  0  60  1  12  2  55  3  89  4  79  5  5  6  94  7  79  8  87  9  55  10  31  11  20  12  45  13  20  14  70  15  89  16  71  17  4  18  74  19  94
  0  75  1  25  2  88  3  66  4  67  5  67  6  37  7  50  8  19  9  57  10  99  11  65  12  63  13  79  14  53  15  29  16  70  17  38  18  46  19  97
  0  41  1  9  2  31  3  57  4  86  5  52  6  80  7  52  8  4  9  66  10  57  11  63  12  59  13  20  14  6  15  48  16  42  17  82  18  8  19  21
  0  43  1  41  2  4  3  25  4  76  5  73  6  63  7  29  8  48  9  23  10  83  11  58  12  40  13  84  14  26  15  19  16  71  17  94  18  29  19  9
  0  28  1  13  2  54  3  93  4  5  5  93  6  58  7  5  8  91  9  19  10  92  11  96  12  82  13  39  14  80  15  49  16  6  17  13  18  14  19  20
  0  97  1  87  2  72  3  69  4  75  5  23  6  65  7  32  8  65  9  67  10  42  11  83  12  8  13  45  14  20  15  44  16  44  17  93  18  22  19  11
  0  40  1  79  2  39  3  7  4  23  5  67  6  47  7  6  8  22  9  36  10  36  11  38  12  48  13  51  14  53  15  27  16  50  17  38  18  47  19  78
  0  23  1  32  2  75  3  36  4  71  5  88  6  10  7  82  8  49  9  64  10  53  11  28  12  25  13  35  14  48  15  40  16  38  17  86  18  45  19  91
  0  58  1  1  2  61  3  30  4  64  5  29  6  44  7  5  8  85  9  11  10  23  11  99  12  89  13  98  14  8  15  55  16  9  17  85  18  81  19  82
  0  31  1  44  2  81  3  97  4  96  5  29  6  70  7  41  8  92  9  4  10  42  11  41  12  14  13  87  14  23  15  49  16  51  17  34  18  40  19  64
  0  13  1  95  2  95  3  95  4  97  5  21  6  48  7  66  8  76  9  2  10  94  11  26  12  36  13  67  14  16  15  47  16  21  17  75  18  9  19  13
  0  38  1  70  2  36  3  18  4  51  5  94  6  55  7  57  8  51  9  72  10  12  11  45  12  80  13  15  14  18  15  24  16  70  17  96  18  29  19  24
  0  93  1  21  2  8  3  5  4  56  5  62  6  39  7  82  8  75  9  57  10  19  11  16  12  18  13  83  14  48  15  21  16  96  17  42  18  93  19  22
  0  49  1  46  2  6  3  74  4  49  5  62  6  95  7  97  8  18  9  72  10  12  11  19  12  43  13  47  14  84  15  17  16  16  17  54  18  14  19  97
  0  55  1  27  2  7  3  69  4  62  5  84  6  26  7  79  8  40  9  70  10  77  11  22  12  66  13  52  14  47  15  58  16  94  17  3  18  85  19  90
  0  42  1  36  2  82  3  73  4  72  5  8  6  88  7  65  8  83  9  63  10  75  11  63  12  66  13  11  14  30  15  50  16  91  17  61  18  46  19  57
  0  37  1  39  2  46  3  40  4  63  5  83  6  36  7  87  8  6  9  68  10  96  11  33  12  32  13  25  14  55  15  40  16  93  17  47  18  85  19  67
  0  63  1  5  2  38  3  39  4  30  5  2  6  97  7  91  8  15  9  47  10  10  11  51  12  6  13  31  14  40  15  70  16  41  17  29  18  49  19  35
  0  85  1  66  2  89  3  13  4  66  5  18  6  69  7  9  8  82  9  31  10  40  11  42  12  2  13  88  14  92  15  63  16  83  17  65  18  70  19  86
  0  30  1  19  2  44  3  90  4  28  5  44  6  2  7  12  8  38  9  69  10  41  11  56  12  52  13  69  14  74  15  75  16  12  17  41  18  91  19  99
  0  79  1  45  2  23  3  19  4  80  5  22  6  7  7  58  8  74  9  35  10  62  11  84  12  24  13  3  14  7  15  36  16  52  17  2  18  76  19  74
  0  33  1  85  2  41  3  91  4  37  5  24  6  16  7  27  8  26  9  66  10  16  11  64  12  86  13  96  14  3  15  35  16  23  17  5  18  23  19  29
  0  67  1  18  2  36  3  93  4  72  5  64  6  76  7  82  8  87  9  45  10  8  11  72  12  42  13  49  14  56  15  61  16  85  17  44  18  29  19  26
  0  54  1  10  2  61  3  90  4  72  5  13  6  51  7  36  8  90  9  34  10  61  11  64  12  40  13  88  14  7  15  79  16  43  17  20  18  62  19  58
  0  11  1  36  2  45  3  30  4  23  5  32  6  70  7  70  8  57  9  17  10  79  11  94  12  33  13  33  14  74  15  96  16  69  17  40  18  42  19  74
  0  85  1  1  2  20  3  35  4  82  5  93  6  43  7  65  8  87  9  28  10  98  11  24  12  59  13  57  14  36  15  79  16  70  17  96  18  44  19  7
  0  26  1  98  2  84  3  8  4  83  5  43  6  28  7  34  8  73  9  46  10  49  11  10  12  47  13  93  14  70  15  94  16  3  17  48  18  63  19  31
  0  51  1  93  2  47  3  70  4  36  5  11  6  31  7  59  8  18  9  4  10  12  11  39  12  79  13  15  14  15  15  3  16  21  17  91  18  21  19  88
  0  44  1  18  2  48  3  12  4  54  5  94  6  62  7  78  8  19  9  40  10  38  11  18  12  65  13  66  14  94  15  26  16  10  17  19  18  81  19  17
  0  41  1  9  2  88  3  20  4  21  5  61  6  91  7  71  8  46  9  78  10  79  11  75  12  6  13  65  14  18  15  55  16  24  17  81  18  24  19  7
  0  66  1  26  2  87  3  22  4  53  5  42  6  55  7  48  8  10  9  27  10  43  11  8  12  51  13  60  14  63  15  87  16  63  17  8  18  86  19  64
  0  50  1  44  2  57  3  46  4  46  5  15  6  37  7  25  8  16  9  26  10  56  11  82  12  91  13  32  14  86  15  96  16  23  17  61  18  71  19  29
  0  32  1  95  2  68  3  94  4  1  5  7  6  2  7  57  8  40  9  89  10  24  11  90  12  15  13  78  14  32  15  83  16  18  17  16  18  86  19  12
  0  23  1  98  2  40  3  88  4  57  5  56  6  60  7  56  8  76  9  10  10  9  11  91  12  36  13  12  14  16  15  47  16  78  17  86  18  47  19  33
  0  92  1  15  2  80  3  16  4  8  5  15  6  9  7  3  8  38  9  37  10  48  11  16  12  82  13  61  14  30  15  94  16  39  17  67  18  84  19  69
  0  1  1  19  2  62  3  95  4  45  5  76  6  42  7  45  8  17  9  38  10  19  11  97  12  79  13  61  14  82  15  64  16  86  17  32  18  22  19  52
  0  85  1  67  2  8  3  45  4  69  5  74  6  60  7  50  8  28  9  3  10  87  11  65  12  75  13  66  14  52  15  28  16  46  17  17  18  8  19  74
  0  82  1  91  2  13  3  18  4  73  5  77  6  10  7  19  8  1  9  54  10  28  11  15  12  6  13  18  14  49  15  13  16  94  17  91  18  39  19  88
  0  27  1  70  2  50  3  29  4  66  5  71  6  25  7  14  8  90  9  75  10  74  11  29  12  84  13  75  14  1  15  44  16  60  17  81  18  92  19  19
  0  85  1  51  2  14  3  4  4  7  5  18  6  59  7  44  8  13  9  62  10  52  11  26  12  55  13  49  14  2  15  5  16  29  17  4  18  55  19  9
  0  94  1  19  2  5  3  10  4  69  5  11  6  33  7  8  8  41  9  63  10  13  11  61  12  66  13  38  14  91  15  66  16  62  17  17  18  29  19  69
  0  15  1  32  2  62  3  61  4  45  5  89  6  26  7  93  8  9  9  75  10  42  11  99  12  37  13  32  14  63  15  28  16  24  17  15  18  34  19  26
  0  30  1  81  2  3  3  3  4  57  5  74  6  98  7  81  8  7  9  86  10  45  11  26  12  31  13  41  14  8  15  77  16  42  17  9  18  57  19  55
  0  41  1  43  2  13  3  8  4  62  5  21  6  15  7  1  8  72  9  3  10  7  11  95  12  54  13  66  14  50  15  55  16  63  17  65  18  99  19  63
  0  42  1  16  2  3  3  61  4  30  5  24  6  5  7  37  8  8  9  98  10  81  11  8  12  47  13  12  14  22  15  88  16  77  17  11  18  29  19  53
  0  78  1  80  2  29  3  98  4  57  5  16  6  89  7  90  8  75  9  63  10  87  11  55  12  33  13  18  14  93  15  30  16  23  17  13  18  45  19  88
  0  16  1  17  2  37  3  24  4  40  5  28  6  47  7  28  8  54  9  48  10  72  11  19  12  46  13  52  14  56  15  97  16  95  17  2  18  10  19  37
  0  77  1  62  2  80  3  38  4  8  5  24  6  12  7  92  8  55  9  34  10  96  11  62  12  55  13  95  14  11  15  37  16  21  17  87  18  95  19  46
  0  29  1  1  2  19  3  37  4  18  5  18  6  21  7  40  8  40  9  64  10  51  11  81  12  38  13  6  14  22  15  21  16  60  17  84  18  56  19  20
  0  15  1  8  2  5  3  71  4  28  5  35  6  45  7  39  8  79  9  27  10  1  11  95  12  2  13  54  14  38  15  59  16  75  17  70  18  31  19  55
  0  74  1  14  2  5  3  68  4  19  5  79  6  83  7  48  8  47  9  73  10  22  11  90  12  27  13  52  14  90  15  12  16  51  17  6  18  32  19  77
  0  96  1  33  2  22  3  61  4  35  5  16  6  5  7  39  8  37  9  99  10  71  11  55  12  97  13  32  14  14  15  99  16  67  17  16  18  63  19  96
  0  88  1  81  2  11  3  88  4  57  5  78  6  54  7  61  8  56  9  49  10  15  11  58  12  39  13  35  14  45  15  61  16  58  17  14  18  93  19  43
  0  64  1  90  2  5  3  35  4  23  5  69  6  71  7  37  8  22  9  92  10  86  11  75  12  70  13  22  14  24  15  7  16  9  17  94  18  68  19  81
  0  87  1  76  2  88  3  46  4  65  5  7  6  83  7  46  8  63  9  96  10  83  11  43  12  55  13  23  14  66  15  73  16  77  17  48  18  26  19  96
  0  10  1  31  2  4  3  28  4  41  5  29  6  62  7  48  8  26  9  3  10  85  11  18  12  3  13  70  14  1  15  62  16  23  17  69  18  76  19  99
  0  7  1  31  2  51  3  19  4  47  5  72  6  73  7  29  8  1  9  60  10  73  11  54  12  47  13  99  14  90  15  29  16  14  17  54  18  32  19  21
  0  90  1  2  2  34  3  95  4  76  5  82  6  49  7  86  8  45  9  89  10  88  11  40  12  8  13  7  14  76  15  58  16  17  17  10  18  17  19  48
  0  49  1  68  2  64  3  44  4  39  5  13  6  54  7  85  8  66  9  72  10  38  11  41  12  22  13  85  14  17  15  27  16  94  17  36  18  84  19  56
  0  58  1  76  2  13  3  15  4  50  5  31  6  42  7  56  8  79  9  2  10  63  11  54  12  91  13  5  14  97  15  57  16  79  17  29  18  23  19  39
  0  40  1  77  2  87  3  34  4  82  5  41  6  16  7  3  8  59  9  22  10  8  11  66  12  75  13  86  14  68  15  6  16  83  17  35  18  31  19  18
  0  90  1  9  2  57  3  58  4  10  5  73  6  27  7  44  8  52  9  50  10  55  11  63  12  40  13  82  14  89  15  32  16  71  17  53  18  88  19  98
  0  84  1  6  2  72  3  70  4  99  5  23  6  2  7  30  8  21  9  67  10  28  11  52  12  44  13  86  14  21  15  52  16  3  17  46  18  56  19  10
  0  30  1  28  2  34  3  64  4  36  5  24  6  56  7  74  8  26  9  2  10  69  11  73  12  1  13  19  14  83  15  79  16  23  17  31  18  82  19  33
  0  37  1  96  2  19  3  80  4  72  5  89  6  50  7  10  8  80  9  66  10  41  11  19  12  72  13  56  14  70  15  81  16  60  17  55  18  96  19  10
  0  23  1  61  2  69  3  68  4  50  5  66  6  95  7  61  8  26  9  5  10  11  11  97  12  72  13  15  14  92  15  28  16  47  17  63  18  20  19  88
  0  68  1  50  2  86  3  95  4  32  5  74  6  1  7  86  8  12  9  53  10  28  11  94  12  81  13  1  14  74  15  8  16  89  17  22  18  19  19  43
  0  79  1  79  2  13  3  35  4  33  5  31  6  37  7  31  8  79  9  51  10  80  11  30  12  6  13  79  14  54  15  20  16  47  17  67  18  88  19  84
  0  51  1  12  2  62  3  91  4  54  5  86  6  50  7  97  8  91  9  29  10  11  11  10  12  42  13  39  14  38  15  93  16  86  17  76  18  44  19  30
  0  21  1  90  2  58  3  56  4  47  5  10  6  52  7  30  8  46  9  67  10  25  11  13  12  6  13  47  14  18  15  71  16  38  17  78  18  36  19  28
  0  42  1  5  2  82  3  3  4  61  5  13  6  66  7  50  8  66  9  3  10  7  11  77  12  58  13  15  14  58  15  74  16  58  17  65  18  42  19  21
  0  48  1  48  2  25  3  42  4  63  5  96  6  14  7  16  8  65  9  33  10  48  11  71  12  38  13  31  14  97  15  21  16  74  17  72  18  2  19  19
  0  68  1  79  2  18  3  30  4  22  5  53  6  60  7  72  8  22  9  43  10  38  11  48  12  58  13  31  14  32  15  75  16  77  17  15  18  68  19  10
  0  10  1  1  2  81  3  81  4  95  5  65  6  69  7  24  8  9  9  37  10  76  11  42  12  54  13  99  14  74  15  54  16  77  17  28  18  22  19  22
  0  34  1  6  2  6  3  22  4  73  5  84  6  16  7  49  8  68  9  80  10  4  11  48  12  82  13  29  14  7  15  98  16  42  17  32  18  63  19  27
  0  78  1  71  2  48  3  98  4  48  5  74  6  73  7  24  8  33  9  60  10  74  11  77  12  3  13  91  14  59  15  12  16  77  17  18  18  74  19  32
  0  16  1  89  2  43  3  34  4  34  5  59  6  68  7  43  8  18  9  29  10  97  11  3  12  89  13  84  14  1  15  99  16  39  17  37  18  13  19  20
  0  32  1  63  2  29  3  75  4  52  5  6  6  68  7  46  8  45  9  90  10  28  11  26  12  67  13  59  14  11  15  78  16  55  17  28  18  90  19  17
  0  79  1  20  2  39  3  81  4  33  5  32  6  46  7  86  8  80  9  40  10  93  11  33  12  60  13  47  14  73  15  38  16  21  17  24  18  51  19  9
  0  40  1  3  2  28  3  65  4  31  5  28  6  34  7  99  8  74  9  69  10  74  11  9  12  96  13  43  14  10  15  54  16  93  17  12  18  22  19  35
  0  89  1  55  2  18  3  59  4  40  5  18  6  68  7  66  8  60  9  93  10  80  11  44  12  12  13  3  14  49  15  18  16  83  17  53  18  38  19  23
  0  60  1  9  2  94  3  85  4  52  5  5  6  81  7  67  8  42  9  71  10  92  11  56  12  46  13  76  14  88  15  4  16  36  17  73  18  54  19  46
  0  37  1  32  2  77  3  51  4  5  5  84  6  94  7  82  8  60  9  15  10  55  11  83  12  19  13  71  14  5  15  2  16  46  17  81  18  76  19  25
  0  39  1  1  2  48  3  88  4  97  5  17  6  12  7  79  8  48  9  13  10  49  11  47  12  29  13  26  14  18  15  89  16  46  17  85  18  92  19  93
  0  65  1  9  2  14  3  21  4  96  5  75  6  34  7  90  8  89  9  22  10  70  11  88  12  33  13  35  14  7  15  9  16  51  17  11  18  93  19  8
  0  17  1  25  2  43  3  20  4  33  5  33  6  26  7  75  8  56  9  89  10  99  11  16  12  65  13  56  14  48  15  86  16  80  17  33  18  88  19  70
  0  9  1  44  2  89  3  80  4  65  5  56  6  12  7  24  8  82  9  13  10  41  11  17  12  23  13  95  14  7  15  97  16  55  17  81  18  78  19  83
  0  44  1  26  2  98  3  48  4  88  5  96  6  90  7  38  8  92  9  54  10  51  11  42  12  42  13  35  14  13  15  77  16  61  17  91  18  34  19  72
  0  26  1  95  2  65  3  42  4  85  5  9  6  86  7  98  8  18  9  70  10  7  11  44  12  7  13  68  14  96  15  22  16  32  17  87  18  78  19  39
  0  96  1  43  2  81  3  87  4  46  5  53  6  68  7  16  8  39  9  12  10  70  11  28  12  85  13  56  14  78  15  28  16  61  17  40  18  4  19  22
  0  57  1  66  2  89  3  48  4  30  5  37  6  30  7  1  8  52  9  11  10  47  11  63  12  96  13  99  14  14  15  75  16  88  17  28  18  39  19  88
  0  5  1  35  2  44  3  96  4  25  5  8  6  91  7  26  8  48  9  61  10  57  11  51  12  25  13  10  14  59  15  44  16  89  17  95  18  61  19  83
  0  72  1  66  2  36  3  91  4  33  5  19  6  61  7  52  8  50  9  58  10  57  11  48  12  53  13  23  14  7  15  16  16  75  17  86  18  19  19  97
  0  81  1  41  2  24  3  50  4  84  5  10  6  99  7  35  8  50  9  56  10  76  11  97  12  78  13  73  14  85  15  13  16  85  17  90  18  13  19  51
  0  29  1  14  2  7  3  4  4  67  5  84  6  33  7  57  8  30  9  48  10  78  11  9  12  37  13  42  14  55  15  67  16  14  17  46  18  45  19  86
  0  65  1  72  2  93  3  8  4  23  5  74  6  37  7  23  8  75  9  1  10  34  11  85  12  35  13  33  14  24  15  22  16  22  17  71  18  28  19  25
  0  45  1  69  2  86  3  34  4  28  5  23  6  80  7  34  8  6  9  67  10  83  11  19  12  77  13  46  14  52  15  9  16  19  17  29  18  34  19  27
  0  59  1  30  2  67  3  54  4  92  5  28  6  95  7  28  8  78  9  83  10  21  11  55  12  44  13  45  14  61  15  59  16  9  17  36  18  4  19  65
  0  66  1  95  2  52  3  10  4  19  5  23  6  22  7  28  8  45  9  21  10  21  11  36  12  37  13  55  14  30  15  37  16  40  17  76  18  62  19  4
  0  87  1  64  2  68  3  20  4  13  5  92  6  26  7  73  8  71  9  31  10  8  11  56  12  17  13  19  14  42  15  97  16  10  17  94  18  95  19  27
  0  46  1  49  2  45  3  69  4  45  5  47  6  17  7  95  8  31  9  31  10  13  11  91  12  90  13  3  14  53  15  19  16  99  17  49  18  1  19  74
  0  46  1  51  2  50  3  85  4  91  5  99  6  92  7  75  8  60  9  97  10  96  11  1  12  27  13  38  14  54  15  56  16  57  17  72  18  2  19  78
  0  31  1  12  2  90  3  88  4  17  5  32  6  84  7  87  8  20  9  71  10  10  11  71  12  4  13  38  14  66  15  18  16  40  17  69  18  98  19  95
  0  69  1  15  2  70  3  73  4  59  5  30  6  98  7  32  8  91  9  93  10  31  11  12  12  21  13  10  14  88  15  51  16  83  17  34  18  98  19  96
  0  51  1  38  2  78  3  77  4  54  5  25  6  67  7  96  8  24  9  28  10  4  11  69  12  25  13  73  14  93  15  8  16  78  17  85  18  28  19  39
  0  99  1  68  2  30  3  8  4  95  5  87  6  53  7  93  8  99  9  32  10  59  11  44  12  36  13  45  14  35  15  14  16  47  17  41  18  43  19  49
  0  21  1  48  2  5  3  64  4  4  5  45  6  66  7  93  8  82  9  89  10  95  11  29  12  75  13  50  14  99  15  61  16  65  17  76  18  80  19  87
  0  61  1  97  2  54  3  65  4  79  5  13  6  7  7  13  8  67  9  14  10  55  11  88  12  21  13  71  14  48  15  6  16  72  17  48  18  17  19  57
  0  36  1  45  2  56  3  61  4  51  5  84  6  19  7  49  8  51  9  78  10  19  11  62  12  54  13  45  14  99  15  26  16  53  17  77  18  23  19  10
  0  44  1  63  2  47  3  6  4  30  5  11  6  34  7  76  8  85  9  46  10  97  11  56  12  66  13  76  14  65  15  1  16  97  17  18  18  41  19  31
  0  90  1  66  2  67  3  6  4  52  5  37  6  39  7  27  8  89  9  1  10  17  11  52  12  41  13  5  14  36  15  77  16  66  17  48  18  13  19  19
  0  88  1  49  2  89  3  81  4  63  5  26  6  80  7  24  8  25  9  87  10  98  11  49  12  36  13  82  14  80  15  63  16  20  17  78  18  40  19  97
  0  88  1  59  2  22  3  92  4  64  5  51  6  17  7  64  8  64  9  37  10  87  11  33  12  13  13  9  14  2  15  56  16  82  17  59  18  61  19  13
  0  83  1  27  2  97  3  30  4  50  5  40  6  58  7  37  8  11  9  22  10  98  11  6  12  13  13  53  14  70  15  91  16  57  17  7  18  59  19  8
  0  69  1  99  2  11  3  73  4  82  5  25  6  66  7  37  8  44  9  60  10  66  11  56  12  60  13  66  14  23  15  81  16  14  17  23  18  56  19  89
  0  64  1  63  2  37  3  48  4  86  5  3  6  1  7  21  8  3  9  76  10  11  11  31  12  43  13  32  14  89  15  57  16  8  17  43  18  43  19  14
  0  32  1  34  2  59  3  54  4  83  5  30  6  36  7  95  8  21  9  84  10  81  11  38  12  14  13  46  14  4  15  55  16  3  17  48  18  51  19  54
  0  24  1  55  2  96  3  43  4  62  5  95  6  79  7  55  8  89  9  52  10  21  11  8  12  92  13  6  14  4  15  11  16  19  17  37  18  72  19  44
  0  76  1  49  2  91  3  59  4  78  5  57  6  74  7  89  8  15  9  49  10  59  11  78  12  79  13  36  14  17  15  35  16  14  17  25  18  89  19  98
  0  17  1  88  2  12  3  73  4  38  5  22  6  64  7  41  8  73  9  5  10  48  11  86  12  5  13  12  14  95  15  87  16  68  17  29  18  49  19  49
  0  41  1  86  2  67  3  84  4  71  5  8  6  48  7  77  8  4  9  26  10  80  11  75  12  69  13  31  14  56  15  98  16  44  17  47  18  9  19  65
  0  90  1  42  2  51  3  60  4  38  5  35  6  54  7  16  8  79  9  40  10  58  11  62  12  64  13  61  14  17  15  74  16  38  17  53  18  44  19  29
  0  47  1  72  2  63  3  32  4  15  5  7  6  21  7  5  8  51  9  67  10  4  11  13  12  54  13  56  14  51  15  88  16  28  17  56  18  80  19  92
  0  99  1  14  2  55  3  90  4  32  5  95  6  53  7  55  8  57  9  51  10  35  11  27  12  77  13  10  14  2  15  72  16  9  17  86  18  99  19  45
  0  61  1  90  2  21  3  21  4  87  5  47  6  89  7  77  8  38  9  79  10  38  11  27  12  7  13  19  14  22  15  28  16  55  17  30  18  22  19  43
  0  47  1  75  2  29  3  92  4  39  5  53  6  10  7  58  8  97  9  86  10  10  11  4  12  43  13  43  14  31  15  35  16  51  17  12  18  86  19  13
  0  45  1  80  2  42  3  84  4  64  5  69  6  66  7  4  8  8  9  27  10  70  11  62  12  64  13  94  14  8  15  32  16  92  17  89  18  55  19  8
  0  16  1  69  2  99  3  2  4  29  5  70  6  7  7  8  8  47  9  42  10  40  11  68  12  41  13  6  14  61  15  86  16  28  17  26  18  23  19  77
  0  29  1  68  2  46  3  43  4  3  5  73  6  32  7  31  8  11  9  73  10  55  11  99  12  87  13  40  14  42  15  89  16  15  17  42  18  23  19  97
  0  16  1  25  2  23  3  94  4  32  5  70  6  13  7  17  8  40  9  91  10  53  11  41  12  22  13  58  14  1  15  26  16  98  17  71  18  39  19  61
  0  82  1  31  2  79  3  68  4  27  5  53  6  36  7  51  8  60  9  45  10  56  11  75  12  35  13  43  14  84  15  31  16  37  17  62  18  67  19  14
  0  34  1  17  2  45  3  22  4  54  5  17  6  85  7  58  8  24  9  45  10  40  11  73  12  8  13  61  14  48  15  8  16  34  17  6  18  7  19  6
  0  89  1  87  2  84  3  17  4  23  5  74  6  51  7  94  8  90  9  37  10  47  11  72  12  31  13  97  14  12  15  78  16  56  17  89  18  54  19  94
  0  91  1  43  2  26  3  5  4  5  5  29  6  35  7  66  8  1  9  40  10  8  11  3  12  91  13  96  14  85  15  5  16  37  17  91  18  27  19  88
  0  40  1  23  2  25  3  50  4  41  5  73  6  94  7  2  8  24  9  39  10  61  11  97  12  54  13  13  14  63  15  73  16  2  17  72  18  64  19  55
  0  8  1  46  2  18  3  24  4  17  5  23  6  42  7  31  8  73  9  64  10  89  11  97  12  48  13  17  14  27  15  57  16  65  17  32  18  61  19  16
  0  15  1  49  2  64  3  38  4  2  5  93  6  93  7  79  8  43  9  99  10  11  11  39  12  24  13  55  14  43  15  86  16  83  17  34  18  35  19  95
  0  67  1  54  2  95  3  88  4  91  5  87  6  29  7  64  8  90  9  3  10  6  11  79  12  54  13  25  14  22  15  94  16  63  17  23  18  37  19  10
  0  87  1  87  2  3  3  42  4  8  5  48  6  15  7  39  8  71  9  20  10  49  11  7  12  92  13  21  14  78  15  14  16  58  17  71  18  59  19  99
TPM
  0  3253  1  3253  2  3253  3  3253  4  3253  5  3253  6  3253  7  3253  8  3253  9  3253  10  3253  11  3253  12  3253  13  3253  14  3253  15  3253  16  3253  17  3253  18  3253  19  3253
PMT
  0  24  1  16  2  12  3  20  4  8  5  22  6  23  7  13  8  3  9  8  10  22  11  7  12  2  13  21  14  5  15  12  16  2  17  12  18  23  19  15
  0  6  1  22  2  17  3  19  4  16  5  5  6  12  7  2  8  13  9  19  10  24  11  12  12  12  13  9  14  9  15  11  16  22  17  22  18  10  19  3
  0  12  1  12  2  6  3  21  4  21  5  3  6  22  7  23  8  14  9  7  10  15  11  17  12  13  13  18  14  21  15  8  16  8  17  24  18  21  19  19
  0  24  1  21  2  18  3  14  4  2  5  22  6  10  7  6  8  13  9  21  10  6  11  15  12  6  13  23  14  21  15  5  16  7  17  14  18  24  19  20
  0  20  1  23  2  8  3  3  4  6  5  6  6  20  7  1  8  22  9  2  10  15  11  9  12  5  13  11  14  18  15  7  16  2  17  8  18  16  19  3
  0  24  1  17  2  2  3  6  4  6  5  21  6  2  7  9  8  11  9  18  10  18  11  15  12  24  13  4  14  11  15  15  16  20  17  2  18  12  19  7
  0  17  1  19  2  1  3  14  4  17  5  18  6  7  7  3  8  23  9  6  10  9  11  5  12  17  13  10  14  15  15  3  16  18  17  10  18  21  19  10
  0  17  1  24  2  2  3  12  4  3  5  23  6  16  7  9  8  5  9  4  10  20  11  12  12  9  13  13  14  9  15  1  16  1  17  15  18  6  19  9
  0  20  1  16  2  2  3  4  4  18  5  7  6  12  7  12  8  9  9  14  10  24  11  2  12  9  13  8  14  8  15  4  16  3  17  20  18  20  19  20
  0  3  1  15  2  18  3  6  4  24  5  15  6  12  7  6  8  23  9  17  10  1  11  16  12  22  13  3  14  13  15  18  16  20  17  20  18  11  19  17
  0  5  1  12  2  2  3  2  4  2  5  9  6  9  7  21  8  19  9  18  10  4  11  19  12  18  13  18  14  5  15  4  16  3  17  7  18  3  19  13
  0  10  1  6  2  12  3  11  4  4  5  13  6  21  7  5  8  8  9  15  10  4  11  4  12  14  13  3  14  9  15  20  16  13  17  15  18  15  19  13
  0  21  1  3  2  3  3  8  4  3  5  3  6  3  7  23  8  13  9  18  10  16  11  1  12  9  13  8  14  1  15  13  16  13  17  6  18  10  19  2
  0  6  1  14  2  8  3  9  4  10  5  10  6  24  7  16  8  14  9  3  10  24  11  15  12  23  13  20  14  9  15  21  16  18  17  9  18  12  19  9
  0  13  1  5  2  9  3  15  4  24  5  15  6  15  7  12  8  18  9  4  10  17  11  4  12  4  13  19  14  18  15  21  16  19  17  5  18  19  19  16
  0  4  1  17  2  21  3  2  4  13  5  4  6  23  7  6  8  21  9  12  10  9  11  7  12  19  13  18  14  5  15  5  16  15  17  13  18  15  19  7
