20  10
  0  2  1  85  2  77  3  60  4  80  5  60  6  33  7  26  8  87  9  36
  0  5  1  96  2  51  3  28  4  24  5  80  6  11  7  72  8  27  9  26
  0  69  1  74  2  66  3  85  4  41  5  45  6  55  7  2  8  98  9  16
  0  21  1  15  2  32  3  57  4  50  5  27  6  85  7  29  8  31  9  72
  0  29  1  50  2  42  3  77  4  74  5  54  6  29  7  12  8  50  9  72
  0  71  1  60  2  91  3  72  4  45  5  79  6  13  7  21  8  16  9  97
  0  68  1  71  2  22  3  92  4  17  5  77  6  40  7  45  8  39  9  92
  0  37  1  48  2  90  3  11  4  45  5  39  6  78  7  49  8  31  9  61
  0  87  1  75  2  23  3  82  4  10  5  41  6  39  7  36  8  42  9  76
  0  17  1  49  2  57  3  37  4  36  5  70  6  75  7  29  8  95  9  32
  0  63  1  47  2  79  3  86  4  69  5  93  6  23  7  14  8  56  9  73
  0  63  1  94  2  85  3  85  4  41  5  75  6  78  7  40  8  77  9  93
  0  45  1  80  2  57  3  29  4  67  5  6  6  74  7  93  8  65  9  89
  0  38  1  87  2  96  3  62  4  38  5  76  6  52  7  16  8  10  9  65
  0  67  1  7  2  63  3  84  4  46  5  4  6  60  7  6  8  65  9  96
  0  42  1  44  2  29  3  53  4  59  5  42  6  63  7  93  8  50  9  13
  0  84  1  29  2  66  3  94  4  86  5  77  6  45  7  66  8  15  9  44
  0  67  1  90  2  34  3  49  4  71  5  13  6  11  7  24  8  94  9  21
  0  53  1  13  2  66  3  40  4  88  5  55  6  73  7  27  8  75  9  37
  0  77  1  87  2  69  3  18  4  57  5  18  6  99  7  2  8  84  9  60
TPM
  0  530  1  530  2  530  3  530  4  530  5  530  6  530  7  530  8  530  9  530
PMT
  0  16  1  66  2  63  3  15  4  32  5  16  6  20  7  50  8  45  9  27
  0  24  1  41  2  29  3  41  4  25  5  67  6  6  7  71  8  57  9  42
  0  72  1  67  2  54  3  64  4  69  5  13  6  46  7  5  8  10  9  10
  0  68  1  17  2  18  3  3  4  58  5  11  6  33  7  48  8  52  9  33
