20  15
  0  58  1  74  2  11  3  5  4  26  5  3  6  58  7  23  8  97  9  80  10  89  11  28  12  56  13  1  14  93
  0  64  1  52  2  6  3  9  4  52  5  98  6  92  7  60  8  41  9  79  10  64  11  70  12  99  13  60  14  20
  0  42  1  42  2  51  3  64  4  83  5  89  6  53  7  92  8  18  9  7  10  96  11  47  12  84  13  72  14  38
  0  84  1  49  2  78  3  88  4  87  5  48  6  57  7  91  8  94  9  59  10  74  11  51  12  58  13  70  14  59
  0  11  1  47  2  78  3  46  4  4  5  36  6  44  7  42  8  47  9  67  10  87  11  59  12  36  13  76  14  4
  0  70  1  68  2  2  3  25  4  72  5  10  6  39  7  61  8  72  9  59  10  97  11  93  12  26  13  1  14  70
  0  17  1  2  2  41  3  37  4  33  5  34  6  61  7  42  8  55  9  11  10  39  11  33  12  80  13  86  14  23
  0  46  1  20  2  29  3  64  4  72  5  15  6  50  7  26  8  46  9  69  10  47  11  39  12  27  13  75  14  88
  0  77  1  86  2  17  3  7  4  48  5  7  6  70  7  74  8  49  9  53  10  49  11  95  12  22  13  82  14  56
  0  17  1  99  2  97  3  27  4  54  5  49  6  58  7  7  8  92  9  29  10  10  11  66  12  83  13  28  14  96
  0  61  1  80  2  63  3  53  4  1  5  58  6  36  7  11  8  53  9  11  10  77  11  52  12  30  13  50  14  44
  0  1  1  18  2  10  3  39  4  36  5  40  6  56  7  57  8  57  9  84  10  56  11  94  12  46  13  14  14  35
  0  76  1  10  2  52  3  48  4  73  5  84  6  18  7  41  8  14  9  42  10  37  11  65  12  36  13  35  14  69
  0  77  1  14  2  59  3  15  4  48  5  48  6  32  7  93  8  45  9  26  10  8  11  29  12  77  13  81  14  82
  0  47  1  6  2  97  3  57  4  94  5  62  6  55  7  56  8  37  9  41  10  2  11  35  12  75  13  33  14  2
  0  15  1  13  2  33  3  94  4  20  5  41  6  41  7  64  8  18  9  42  10  33  11  6  12  88  13  13  14  65
  0  30  1  64  2  68  3  51  4  60  5  21  6  81  7  23  8  90  9  8  10  49  11  47  12  28  13  60  14  14
  0  90  1  31  2  16  3  72  4  25  5  10  6  32  7  38  8  28  9  61  10  90  11  61  12  33  13  51  14  15
  0  8  1  8  2  65  3  48  4  53  5  81  6  88  7  70  8  50  9  54  10  90  11  46  12  64  13  49  14  25
  0  30  1  96  2  87  3  64  4  77  5  33  6  10  7  39  8  36  9  89  10  70  11  43  12  13  13  46  14  61
TPM
  0  530  1  530  2  530  3  530  4  530  5  530  6  530  7  530  8  530  9  530  10  530  11  530  12  530  13  530  14  530
PMT
  0  40  1  64  2  116  3  102  4  140  5  6  6  66  7  80  8  103  9  96  10  124  11  12  12  6  13  56  14  20
  0  54  1  55  2  139  3  90  4  75  5  38  6  79  7  73  8  149  9  32  10  91  11  41  12  88  13  72  14  16
  0  18  1  50  2  5  3  99  4  125  5  130  6  7  7  28  8  86  9  118  10  64  11  77  12  14  13  95  14  13
  0  24  1  70  2  2  3  19  4  59  5  58  6  124  7  30  8  15  9  68  10  83  11  78  12  35  13  39  14  15
