100  5
  0  96  1  69  2  32  3  87  4  16
  0  15  1  5  2  71  3  5  4  40
  0  45  1  75  2  3  3  38  4  42
  0  41  1  80  2  49  3  66  4  33
  0  52  1  76  2  26  3  55  4  2
  0  8  1  97  2  21  3  61  4  44
  0  30  1  4  2  32  3  4  4  90
  0  44  1  42  2  52  3  74  4  84
  0  83  1  82  2  33  3  57  4  66
  0  40  1  70  2  43  3  95  4  76
  0  10  1  81  2  42  3  60  4  50
  0  9  1  62  2  95  3  45  4  27
  0  19  1  19  2  79  3  54  4  69
  0  71  1  32  2  15  3  36  4  76
  0  44  1  43  2  87  3  59  4  36
  0  22  1  84  2  1  3  29  4  96
  0  71  1  96  2  84  3  11  4  14
  0  79  1  62  2  62  3  14  4  15
  0  38  1  83  2  63  3  83  4  60
  0  86  1  10  2  10  3  35  4  31
  0  30  1  93  2  39  3  98  4  68
  0  69  1  31  2  93  3  61  4  79
  0  9  1  93  2  49  3  57  4  6
  0  25  1  80  2  35  3  58  4  31
  0  24  1  46  2  62  3  66  4  53
  0  67  1  14  2  31  3  83  4  21
  0  98  1  22  2  66  3  51  4  75
  0  81  1  62  2  24  3  65  4  46
  0  58  1  28  2  45  3  51  4  3
  0  64  1  8  2  30  3  64  4  68
  0  29  1  8  2  46  3  83  4  77
  0  99  1  4  2  91  3  21  4  41
  0  59  1  72  2  41  3  21  4  94
  0  34  1  67  2  97  3  86  4  49
  0  58  1  8  2  96  3  82  4  21
  0  13  1  39  2  94  3  43  4  34
  0  92  1  59  2  61  3  61  4  13
  0  35  1  11  2  61  3  90  4  62
  0  12  1  1  2  33  3  92  4  4
  0  62  1  72  2  65  3  25  4  29
  0  40  1  85  2  96  3  55  4  55
  0  72  1  61  2  50  3  99  4  83
  0  86  1  48  2  1  3  26  4  36
  0  39  1  41  2  23  3  59  4  80
  0  45  1  78  2  60  3  18  4  38
  0  78  1  43  2  79  3  64  4  11
  0  52  1  36  2  9  3  86  4  39
  0  19  1  68  2  14  3  39  4  59
  0  55  1  32  2  33  3  82  4  34
  0  28  1  31  2  62  3  31  4  82
  0  93  1  37  2  57  3  26  4  86
  0  27  1  37  2  85  3  42  4  12
  0  43  1  70  2  48  3  53  4  57
  0  21  1  15  2  79  3  31  4  14
  0  70  1  63  2  14  3  8  4  98
  0  50  1  45  2  60  3  18  4  30
  0  65  1  65  2  51  3  63  4  73
  0  79  1  54  2  92  3  29  4  39
  0  98  1  96  2  89  3  87  4  9
  0  93  1  34  2  71  3  22  4  70
  0  94  1  66  2  19  3  14  4  11
  0  38  1  18  2  65  3  91  4  59
  0  64  1  18  2  9  3  35  4  41
  0  43  1  1  2  5  3  75  4  1
  0  41  1  24  2  34  3  75  4  93
  0  41  1  23  2  45  3  71  4  33
  0  31  1  76  2  67  3  56  4  91
  0  86  1  20  2  18  3  46  4  45
  0  42  1  1  2  34  3  78  4  10
  0  70  1  44  2  12  3  2  4  55
  0  5  1  67  2  38  3  90  4  89
  0  88  1  51  2  52  3  77  4  74
  0  84  1  18  2  80  3  32  4  17
  0  55  1  42  2  85  3  45  4  5
  0  60  1  7  2  72  3  98  4  83
  0  40  1  99  2  63  3  9  4  55
  0  96  1  72  2  42  3  34  4  15
  0  56  1  27  2  80  3  65  4  78
  0  52  1  23  2  70  3  49  4  81
  0  26  1  68  2  27  3  69  4  40
  0  22  1  20  2  55  3  68  4  64
  0  6  1  68  2  9  3  92  4  21
  0  57  1  12  2  65  3  89  4  35
  0  68  1  99  2  96  3  26  4  95
  0  49  1  18  2  24  3  10  4  10
  0  66  1  15  2  96  3  4  4  23
  0  16  1  7  2  20  3  50  4  49
  0  51  1  11  2  15  3  36  4  64
  0  83  1  63  2  77  3  72  4  45
  0  26  1  73  2  66  3  54  4  56
  0  89  1  79  2  22  3  8  4  65
  0  29  1  64  2  21  3  29  4  35
  0  65  1  81  2  71  3  69  4  43
  0  44  1  78  2  77  3  8  4  57
  0  32  1  67  2  54  3  25  4  31
  0  76  1  28  2  93  3  95  4  47
  0  70  1  42  2  39  3  82  4  12
  0  23  1  41  2  52  3  80  4  80
  0  46  1  82  2  50  3  34  4  71
  0  35  1  26  2  17  3  1  4  71
TPM
  0  1131  1  1131  2  1131  3  1131  4  1131
PMT
  0  32  1  2  2  47  3  26  4  32
  0  28  1  25  2  10  3  34  4  44
  0  41  1  30  2  38  3  12  4  9
  0  26  1  27  2  39  3  7  4  15
  0  43  1  13  2  29  3  17  4  8
  0  48  1  46  2  21  3  18  4  23
  0  46  1  29  2  47  3  31  4  29
  0  15  1  31  2  9  3  18  4  22
  0  38  1  1  2  31  3  40  4  16
