200  10
  0  54  1  30  2  62  3  92  4  90  5  1  6  71  7  79  8  18  9  59
  0  35  1  13  2  94  3  75  4  58  5  84  6  86  7  73  8  31  9  27
  0  41  1  27  2  77  3  31  4  44  5  57  6  51  7  90  8  59  9  64
  0  90  1  42  2  94  3  42  4  74  5  26  6  22  7  42  8  51  9  87
  0  64  1  95  2  30  3  1  4  31  5  9  6  47  7  82  8  33  9  80
  0  59  1  14  2  47  3  18  4  22  5  7  6  92  7  53  8  51  9  80
  0  34  1  77  2  80  3  19  4  40  5  37  6  60  7  36  8  45  9  78
  0  68  1  80  2  5  3  33  4  11  5  33  6  38  7  59  8  47  9  91
  0  99  1  3  2  74  3  53  4  20  5  40  6  33  7  25  8  11  9  2
  0  36  1  25  2  25  3  8  4  30  5  68  6  14  7  60  8  38  9  38
  0  24  1  56  2  41  3  78  4  23  5  38  6  5  7  79  8  59  9  86
  0  55  1  32  2  72  3  20  4  51  5  62  6  25  7  61  8  23  9  92
  0  26  1  75  2  67  3  70  4  56  5  12  6  10  7  75  8  20  9  72
  0  91  1  98  2  75  3  12  4  30  5  27  6  40  7  44  8  60  9  14
  0  49  1  93  2  63  3  99  4  24  5  23  6  36  7  8  8  84  9  34
  0  53  1  44  2  97  3  16  4  28  5  65  6  59  7  84  8  83  9  1
  0  45  1  46  2  78  3  36  4  79  5  66  6  43  7  99  8  6  9  47
  0  42  1  11  2  66  3  19  4  58  5  68  6  7  7  18  8  46  9  8
  0  80  1  3  2  27  3  41  4  20  5  25  6  20  7  60  8  73  9  60
  0  12  1  78  2  60  3  69  4  23  5  19  6  69  7  35  8  31  9  95
  0  7  1  7  2  41  3  46  4  79  5  43  6  24  7  87  8  57  9  24
  0  66  1  32  2  53  3  99  4  95  5  70  6  18  7  69  8  67  9  9
  0  46  1  14  2  49  3  24  4  18  5  44  6  24  7  69  8  38  9  20
  0  93  1  41  2  58  3  47  4  62  5  97  6  66  7  81  8  36  9  84
  0  95  1  75  2  55  3  4  4  97  5  47  6  53  7  48  8  51  9  80
  0  12  1  62  2  32  3  56  4  45  5  26  6  53  7  86  8  48  9  59
  0  37  1  11  2  72  3  88  4  11  5  56  6  36  7  45  8  9  9  94
  0  68  1  61  2  24  3  20  4  39  5  96  6  68  7  55  8  41  9  14
  0  11  1  54  2  18  3  76  4  94  5  40  6  47  7  51  8  84  9  27
  0  31  1  13  2  74  3  88  4  56  5  17  6  49  7  87  8  11  9  69
  0  98  1  75  2  90  3  97  4  26  5  19  6  15  7  34  8  79  9  23
  0  45  1  34  2  21  3  49  4  68  5  9  6  4  7  56  8  94  9  41
  0  15  1  9  2  82  3  7  4  17  5  22  6  78  7  32  8  86  9  55
  0  55  1  52  2  37  3  61  4  64  5  50  6  70  7  50  8  51  9  93
  0  99  1  40  2  96  3  5  4  39  5  88  6  68  7  17  8  38  9  34
  0  26  1  16  2  27  3  89  4  79  5  67  6  88  7  69  8  19  9  65
  0  73  1  41  2  58  3  77  4  30  5  26  6  50  7  50  8  7  9  3
  0  86  1  3  2  58  3  83  4  71  5  44  6  55  7  60  8  43  9  60
  0  84  1  42  2  70  3  71  4  87  5  42  6  70  7  73  8  71  9  79
  0  1  1  76  2  89  3  89  4  30  5  32  6  93  7  82  8  2  9  8
  0  69  1  80  2  29  3  42  4  40  5  22  6  92  7  2  8  91  9  15
  0  35  1  99  2  37  3  88  4  56  5  80  6  47  7  53  8  74  9  56
  0  4  1  86  2  94  3  51  4  51  5  9  6  99  7  2  8  50  9  83
  0  68  1  8  2  74  3  3  4  56  5  42  6  89  7  9  8  28  9  49
  0  5  1  69  2  12  3  99  4  96  5  20  6  7  7  91  8  38  9  22
  0  79  1  97  2  85  3  18  4  14  5  99  6  4  7  70  8  19  9  75
  0  31  1  21  2  96  3  14  4  21  5  1  6  19  7  86  8  8  9  90
  0  87  1  86  2  82  3  2  4  56  5  23  6  73  7  23  8  38  9  30
  0  75  1  63  2  44  3  31  4  70  5  87  6  20  7  62  8  27  9  13
  0  57  1  43  2  74  3  24  4  25  5  64  6  89  7  21  8  35  9  9
  0  54  1  1  2  32  3  43  4  46  5  57  6  75  7  36  8  84  9  23
  0  63  1  98  2  57  3  7  4  99  5  42  6  73  7  97  8  18  9  3
  0  35  1  36  2  6  3  97  4  26  5  63  6  89  7  73  8  46  9  24
  0  95  1  94  2  46  3  63  4  62  5  69  6  49  7  42  8  95  9  8
  0  56  1  82  2  90  3  76  4  65  5  92  6  46  7  66  8  63  9  43
  0  58  1  13  2  71  3  4  4  74  5  31  6  41  7  48  8  22  9  35
  0  37  1  85  2  60  3  82  4  57  5  89  6  28  7  46  8  79  9  29
  0  63  1  6  2  22  3  7  4  24  5  17  6  62  7  78  8  52  9  92
  0  70  1  5  2  38  3  12  4  16  5  46  6  96  7  39  8  82  9  26
  0  47  1  17  2  92  3  91  4  58  5  60  6  22  7  81  8  23  9  80
  0  56  1  53  2  44  3  2  4  21  5  37  6  62  7  54  8  96  9  35
  0  58  1  60  2  81  3  52  4  98  5  43  6  79  7  55  8  24  9  18
  0  18  1  82  2  87  3  64  4  27  5  47  6  91  7  69  8  31  9  29
  0  85  1  5  2  32  3  15  4  26  5  66  6  4  7  54  8  99  9  94
  0  95  1  47  2  76  3  62  4  40  5  47  6  26  7  78  8  5  9  88
  0  27  1  66  2  27  3  44  4  60  5  97  6  35  7  68  8  30  9  3
  0  31  1  11  2  1  3  78  4  92  5  77  6  15  7  75  8  25  9  79
  0  26  1  24  2  73  3  13  4  86  5  40  6  48  7  37  8  52  9  16
  0  69  1  67  2  99  3  82  4  93  5  75  6  76  7  17  8  96  9  85
  0  16  1  3  2  29  3  96  4  98  5  88  6  54  7  70  8  39  9  3
  0  51  1  72  2  25  3  5  4  23  5  45  6  41  7  88  8  68  9  61
  0  55  1  79  2  82  3  74  4  54  5  68  6  12  7  81  8  44  9  95
  0  71  1  43  2  59  3  64  4  89  5  44  6  53  7  46  8  70  9  84
  0  47  1  26  2  53  3  31  4  77  5  73  6  24  7  71  8  60  9  54
  0  16  1  45  2  57  3  20  4  86  5  62  6  23  7  27  8  83  9  6
  0  65  1  86  2  4  3  1  4  44  5  36  6  34  7  97  8  85  9  92
  0  23  1  75  2  7  3  24  4  12  5  92  6  59  7  45  8  37  9  32
  0  38  1  35  2  67  3  7  4  27  5  16  6  57  7  41  8  60  9  62
  0  17  1  28  2  40  3  16  4  22  5  31  6  21  7  15  8  41  9  95
  0  61  1  91  2  29  3  65  4  6  5  76  6  14  7  35  8  40  9  12
  0  4  1  81  2  36  3  78  4  56  5  50  6  76  7  69  8  2  9  89
  0  40  1  80  2  28  3  71  4  60  5  89  6  36  7  21  8  13  9  52
  0  50  1  61  2  90  3  37  4  38  5  37  6  54  7  64  8  56  9  72
  0  86  1  40  2  53  3  89  4  86  5  86  6  74  7  69  8  66  9  14
  0  61  1  49  2  55  3  88  4  42  5  95  6  14  7  87  8  38  9  72
  0  13  1  48  2  55  3  8  4  31  5  47  6  32  7  38  8  80  9  72
  0  41  1  61  2  60  3  75  4  91  5  40  6  91  7  12  8  70  9  47
  0  98  1  5  2  10  3  25  4  20  5  94  6  91  7  99  8  86  9  68
  0  3  1  98  2  83  3  56  4  10  5  39  6  83  7  67  8  26  9  83
  0  34  1  83  2  81  3  93  4  18  5  38  6  14  7  29  8  27  9  58
  0  51  1  58  2  23  3  26  4  52  5  85  6  70  7  11  8  17  9  22
  0  57  1  65  2  89  3  31  4  58  5  82  6  24  7  47  8  94  9  70
  0  68  1  47  2  84  3  85  4  93  5  4  6  11  7  26  8  91  9  67
  0  34  1  80  2  81  3  61  4  35  5  87  6  29  7  66  8  60  9  48
  0  65  1  40  2  99  3  89  4  40  5  11  6  42  7  80  8  67  9  12
  0  57  1  53  2  38  3  71  4  23  5  65  6  8  7  62  8  86  9  12
  0  85  1  81  2  28  3  85  4  84  5  9  6  73  7  27  8  12  9  62
  0  64  1  21  2  92  3  71  4  85  5  28  6  77  7  96  8  8  9  60
  0  66  1  4  2  9  3  43  4  50  5  59  6  58  7  13  8  56  9  81
  0  87  1  47  2  33  3  10  4  91  5  33  6  41  7  39  8  25  9  8
  0  6  1  37  2  79  3  44  4  63  5  69  6  77  7  45  8  8  9  59
  0  99  1  80  2  5  3  82  4  32  5  91  6  50  7  80  8  23  9  19
  0  82  1  12  2  52  3  59  4  59  5  7  6  81  7  32  8  87  9  80
  0  18  1  20  2  48  3  16  4  21  5  35  6  48  7  31  8  39  9  81
  0  22  1  84  2  33  3  52  4  25  5  95  6  55  7  75  8  18  9  67
  0  66  1  76  2  36  3  41  4  14  5  52  6  70  7  38  8  21  9  44
  0  22  1  52  2  29  3  80  4  9  5  88  6  25  7  11  8  27  9  88
  0  24  1  53  2  91  3  71  4  92  5  38  6  27  7  80  8  51  9  99
  0  64  1  16  2  60  3  79  4  76  5  97  6  1  7  5  8  53  9  87
  0  5  1  83  2  96  3  60  4  80  5  31  6  92  7  8  8  48  9  92
  0  85  1  15  2  84  3  54  4  72  5  34  6  34  7  51  8  67  9  63
  0  40  1  97  2  34  3  88  4  96  5  23  6  68  7  49  8  37  9  75
  0  81  1  49  2  99  3  15  4  24  5  99  6  38  7  43  8  34  9  92
  0  66  1  1  2  20  3  22  4  66  5  55  6  2  7  99  8  82  9  57
  0  64  1  59  2  84  3  26  4  5  5  10  6  87  7  6  8  86  9  3
  0  41  1  95  2  9  3  33  4  41  5  55  6  73  7  56  8  13  9  12
  0  3  1  25  2  77  3  59  4  33  5  60  6  13  7  3  8  2  9  11
  0  34  1  74  2  89  3  72  4  94  5  68  6  87  7  67  8  64  9  24
  0  12  1  3  2  29  3  77  4  72  5  62  6  35  7  70  8  72  9  3
  0  62  1  60  2  99  3  50  4  99  5  92  6  34  7  21  8  59  9  19
  0  74  1  22  2  55  3  71  4  73  5  96  6  25  7  38  8  25  9  15
  0  80  1  80  2  34  3  33  4  9  5  7  6  92  7  75  8  58  9  81
  0  5  1  4  2  88  3  38  4  60  5  78  6  69  7  26  8  42  9  31
  0  39  1  4  2  8  3  4  4  81  5  68  6  7  7  15  8  75  9  71
  0  91  1  70  2  9  3  76  4  50  5  19  6  86  7  45  8  71  9  25
  0  56  1  59  2  16  3  11  4  40  5  21  6  52  7  83  8  45  9  88
  0  82  1  60  2  79  3  35  4  69  5  39  6  22  7  36  8  35  9  98
  0  91  1  33  2  98  3  14  4  43  5  16  6  64  7  22  8  62  9  35
  0  94  1  74  2  47  3  27  4  4  5  63  6  10  7  11  8  74  9  5
  0  6  1  8  2  90  3  16  4  5  5  64  6  13  7  28  8  51  9  99
  0  63  1  8  2  64  3  13  4  85  5  91  6  94  7  3  8  91  9  44
  0  32  1  89  2  32  3  7  4  18  5  57  6  29  7  93  8  35  9  39
  0  60  1  43  2  49  3  17  4  7  5  42  6  33  7  21  8  72  9  79
  0  18  1  32  2  55  3  92  4  30  5  29  6  27  7  11  8  99  9  44
  0  51  1  25  2  86  3  4  4  34  5  14  6  27  7  77  8  7  9  21
  0  1  1  58  2  76  3  66  4  93  5  46  6  81  7  27  8  76  9  13
  0  66  1  22  2  41  3  61  4  29  5  90  6  68  7  26  8  32  9  47
  0  11  1  48  2  71  3  46  4  12  5  46  6  35  7  5  8  1  9  64
  0  12  1  52  2  35  3  53  4  20  5  3  6  80  7  31  8  72  9  92
  0  45  1  20  2  93  3  95  4  7  5  66  6  63  7  32  8  7  9  73
  0  38  1  37  2  4  3  25  4  88  5  25  6  90  7  62  8  51  9  2
  0  38  1  46  2  75  3  84  4  12  5  31  6  23  7  49  8  68  9  6
  0  43  1  3  2  44  3  4  4  40  5  52  6  74  7  74  8  94  9  32
  0  18  1  68  2  20  3  81  4  72  5  85  6  47  7  21  8  99  9  74
  0  83  1  40  2  9  3  5  4  88  5  6  6  52  7  27  8  50  9  62
  0  37  1  8  2  67  3  60  4  72  5  98  6  69  7  63  8  72  9  68
  0  16  1  96  2  18  3  35  4  81  5  47  6  32  7  43  8  98  9  29
  0  11  1  82  2  14  3  70  4  50  5  70  6  97  7  90  8  19  9  5
  0  97  1  65  2  86  3  77  4  27  5  7  6  24  7  17  8  32  9  9
  0  1  1  80  2  79  3  21  4  70  5  24  6  63  7  62  8  18  9  12
  0  4  1  86  2  92  3  62  4  7  5  58  6  73  7  29  8  9  9  4
  0  24  1  51  2  95  3  44  4  38  5  52  6  10  7  22  8  90  9  48
  0  58  1  85  2  28  3  95  4  94  5  89  6  82  7  11  8  34  9  21
  0  85  1  7  2  28  3  68  4  6  5  64  6  12  7  80  8  55  9  13
  0  84  1  99  2  22  3  81  4  7  5  50  6  32  7  76  8  12  9  26
  0  57  1  57  2  65  3  4  4  93  5  50  6  28  7  75  8  7  9  98
  0  99  1  81  2  11  3  47  4  49  5  88  6  11  7  19  8  59  9  30
  0  47  1  11  2  46  3  19  4  14  5  38  6  26  7  98  8  30  9  91
  0  37  1  78  2  5  3  86  4  48  5  89  6  8  7  30  8  4  9  40
  0  43  1  19  2  96  3  65  4  91  5  52  6  48  7  99  8  60  9  31
  0  63  1  14  2  70  3  61  4  73  5  94  6  45  7  88  8  82  9  67
  0  13  1  43  2  98  3  75  4  9  5  54  6  87  7  79  8  51  9  74
  0  7  1  35  2  34  3  26  4  93  5  58  6  43  7  41  8  18  9  95
  0  4  1  81  2  20  3  52  4  13  5  52  6  2  7  48  8  9  9  28
  0  37  1  99  2  82  3  77  4  16  5  55  6  42  7  55  8  47  9  28
  0  74  1  75  2  75  3  2  4  70  5  5  6  94  7  10  8  3  9  36
  0  55  1  6  2  84  3  30  4  10  5  79  6  37  7  26  8  27  9  88
  0  41  1  76  2  83  3  3  4  61  5  43  6  17  7  92  8  71  9  62
  0  72  1  99  2  98  3  74  4  9  5  68  6  84  7  64  8  33  9  34
  0  27  1  62  2  68  3  2  4  42  5  10  6  93  7  45  8  74  9  76
  0  99  1  14  2  23  3  83  4  48  5  46  6  91  7  89  8  36  9  3
  0  57  1  23  2  91  3  77  4  14  5  65  6  64  7  53  8  57  9  40
  0  79  1  10  2  94  3  45  4  71  5  93  6  13  7  35  8  17  9  11
  0  25  1  47  2  31  3  14  4  82  5  22  6  90  7  66  8  36  9  67
  0  18  1  40  2  59  3  61  4  18  5  54  6  83  7  92  8  54  9  64
  0  13  1  94  2  33  3  77  4  3  5  10  6  85  7  28  8  24  9  90
  0  9  1  55  2  60  3  34  4  88  5  64  6  92  7  93  8  4  9  62
  0  78  1  31  2  13  3  97  4  28  5  79  6  43  7  41  8  37  9  54
  0  51  1  98  2  23  3  19  4  27  5  45  6  69  7  86  8  41  9  93
  0  4  1  44  2  78  3  67  4  24  5  84  6  97  7  31  8  71  9  26
  0  13  1  97  2  21  3  32  4  80  5  7  6  14  7  55  8  46  9  58
  0  79  1  97  2  85  3  41  4  2  5  26  6  30  7  82  8  34  9  6
  0  77  1  18  2  71  3  34  4  20  5  52  6  28  7  99  8  43  9  71
  0  82  1  73  2  74  3  97  4  87  5  28  6  86  7  39  8  58  9  43
  0  85  1  44  2  80  3  24  4  43  5  67  6  12  7  61  8  39  9  23
  0  55  1  96  2  38  3  64  4  43  5  80  6  9  7  31  8  54  9  28
  0  65  1  27  2  33  3  16  4  80  5  56  6  23  7  76  8  6  9  6
  0  1  1  74  2  6  3  51  4  85  5  83  6  70  7  40  8  57  9  91
  0  88  1  64  2  11  3  94  4  77  5  40  6  31  7  76  8  6  9  34
  0  55  1  73  2  63  3  32  4  78  5  61  6  54  7  26  8  90  9  35
  0  21  1  54  2  76  3  56  4  30  5  42  6  6  7  80  8  69  9  12
  0  92  1  13  2  42  3  71  4  2  5  33  6  57  7  87  8  41  9  93
  0  52  1  11  2  56  3  88  4  94  5  10  6  17  7  43  8  52  9  29
  0  75  1  66  2  23  3  74  4  12  5  72  6  68  7  96  8  26  9  69
  0  2  1  26  2  12  3  48  4  96  5  68  6  47  7  49  8  45  9  90
  0  75  1  78  2  71  3  21  4  49  5  79  6  74  7  70  8  93  9  21
  0  63  1  46  2  82  3  31  4  8  5  93  6  34  7  85  8  12  9  9
  0  98  1  55  2  86  3  12  4  59  5  44  6  85  7  47  8  87  9  81
  0  20  1  69  2  31  3  55  4  72  5  40  6  98  7  4  8  73  9  16
  0  98  1  82  2  10  3  28  4  36  5  92  6  83  7  76  8  62  9  30
TPM
  0  1786  1  1786  2  1786  3  1786  4  1786  5  1786  6  1786  7  1786  8  1786  9  1786
PMT
  0  43  1  107  2  60  3  121  4  123  5  113  6  27  7  97  8  86  9  77
  0  103  1  84  2  80  3  108  4  2  5  32  6  57  7  72  8  47  9  86
  0  30  1  42  2  84  3  52  4  58  5  103  6  104  7  21  8  77  9  39
  0  16  1  28  2  114  3  61  4  86  5  6  6  93  7  88  8  39  9  63
  0  58  1  38  2  18  3  61  4  91  5  53  6  92  7  81  8  79  9  97
  0  91  1  45  2  17  3  5  4  98  5  47  6  76  7  111  8  111  9  87
  0  81  1  1  2  117  3  64  4  31  5  42  6  34  7  47  8  7  9  63
  0  84  1  112  2  55  3  46  4  102  5  87  6  55  7  94  8  39  9  36
  0  103  1  22  2  96  3  20  4  109  5  116  6  76  7  47  8  92  9  106
  0  50  1  27  2  29  3  86  4  17  5  106  6  69  7  110  8  69  9  11
  0  50  1  22  2  66  3  64  4  32  5  33  6  10  7  90  8  109  9  79
  0  66  1  57  2  51  3  10  4  121  5  91  6  64  7  74  8  103  9  42
