500  10
  0  41  1  33  2  37  3  33  4  69  5  70  6  96  7  84  8  83  9  86
  0  53  1  72  2  46  3  60  4  6  5  68  6  33  7  80  8  28  9  78
  0  19  1  74  2  7  3  29  4  88  5  51  6  88  7  89  8  9  9  65
  0  13  1  22  2  50  3  6  4  90  5  98  6  41  7  75  8  81  9  31
  0  93  1  87  2  51  3  9  4  29  5  25  6  27  7  18  8  3  9  22
  0  86  1  22  2  99  3  68  4  31  5  93  6  48  7  47  8  51  9  52
  0  83  1  46  2  66  3  30  4  38  5  23  6  96  7  78  8  64  9  2
  0  23  1  98  2  8  3  24  4  16  5  26  6  76  7  96  8  46  9  43
  0  82  1  8  2  17  3  72  4  63  5  92  6  73  7  79  8  82  9  74
  0  82  1  94  2  90  3  24  4  81  5  30  6  89  7  96  8  50  9  43
  0  19  1  47  2  43  3  88  4  76  5  37  6  92  7  45  8  28  9  72
  0  79  1  16  2  78  3  48  4  3  5  41  6  98  7  78  8  31  9  66
  0  36  1  48  2  89  3  56  4  54  5  5  6  28  7  48  8  80  9  82
  0  75  1  93  2  52  3  28  4  66  5  11  6  88  7  64  8  6  9  69
  0  40  1  19  2  95  3  67  4  83  5  96  6  57  7  72  8  60  9  79
  0  5  1  45  2  92  3  77  4  60  5  56  6  11  7  66  8  23  9  70
  0  72  1  84  2  22  3  64  4  73  5  83  6  20  7  85  8  74  9  38
  0  54  1  86  2  83  3  71  4  16  5  86  6  78  7  54  8  17  9  40
  0  63  1  68  2  97  3  12  4  77  5  68  6  58  7  97  8  14  9  53
  0  39  1  40  2  18  3  49  4  64  5  23  6  58  7  69  8  30  9  37
  0  2  1  85  2  14  3  63  4  41  5  38  6  11  7  22  8  37  9  65
  0  46  1  55  2  90  3  39  4  12  5  72  6  52  7  20  8  23  9  65
  0  29  1  83  2  97  3  57  4  58  5  69  6  6  7  69  8  42  9  66
  0  28  1  99  2  77  3  31  4  39  5  54  6  11  7  95  8  6  9  76
  0  19  1  21  2  36  3  57  4  86  5  3  6  52  7  39  8  18  9  29
  0  69  1  29  2  35  3  45  4  74  5  80  6  23  7  85  8  75  9  36
  0  30  1  72  2  42  3  17  4  47  5  92  6  58  7  93  8  5  9  90
  0  74  1  13  2  74  3  57  4  3  5  21  6  60  7  95  8  27  9  33
  0  16  1  86  2  90  3  38  4  27  5  94  6  94  7  26  8  31  9  78
  0  29  1  89  2  86  3  7  4  7  5  35  6  96  7  83  8  78  9  98
  0  49  1  42  2  43  3  51  4  41  5  55  6  91  7  54  8  85  9  70
  0  43  1  82  2  27  3  78  4  57  5  29  6  12  7  60  8  35  9  67
  0  91  1  78  2  49  3  29  4  43  5  7  6  55  7  15  8  51  9  13
  0  81  1  70  2  84  3  38  4  90  5  70  6  48  7  42  8  72  9  97
  0  98  1  3  2  11  3  24  4  67  5  87  6  14  7  18  8  14  9  41
  0  25  1  38  2  2  3  60  4  43  5  84  6  92  7  35  8  23  9  19
  0  72  1  84  2  26  3  91  4  64  5  36  6  46  7  6  8  12  9  89
  0  43  1  22  2  3  3  86  4  42  5  1  6  97  7  88  8  83  9  5
  0  67  1  6  2  44  3  27  4  48  5  43  6  48  7  20  8  95  9  69
  0  48  1  22  2  63  3  99  4  48  5  29  6  57  7  66  8  90  9  51
  0  37  1  14  2  26  3  34  4  62  5  37  6  48  7  64  8  14  9  56
  0  65  1  70  2  23  3  91  4  26  5  82  6  5  7  91  8  25  9  34
  0  72  1  10  2  67  3  4  4  65  5  52  6  61  7  31  8  45  9  26
  0  58  1  57  2  21  3  79  4  71  5  72  6  8  7  89  8  44  9  76
  0  51  1  56  2  35  3  82  4  45  5  9  6  53  7  9  8  38  9  16
  0  62  1  55  2  12  3  78  4  22  5  53  6  60  7  32  8  53  9  30
  0  25  1  86  2  32  3  35  4  45  5  92  6  57  7  8  8  31  9  99
  0  46  1  4  2  85  3  52  4  44  5  87  6  13  7  37  8  61  9  69
  0  2  1  71  2  75  3  46  4  62  5  16  6  54  7  66  8  66  9  25
  0  89  1  40  2  7  3  86  4  48  5  50  6  85  7  7  8  86  9  44
  0  91  1  44  2  72  3  20  4  31  5  4  6  21  7  18  8  19  9  26
  0  36  1  85  2  37  3  59  4  6  5  3  6  41  7  81  8  7  9  48
  0  42  1  12  2  12  3  59  4  16  5  35  6  94  7  28  8  2  9  20
  0  87  1  19  2  11  3  19  4  41  5  11  6  41  7  62  8  71  9  85
  0  68  1  95  2  17  3  37  4  75  5  25  6  21  7  54  8  25  9  59
  0  25  1  11  2  86  3  70  4  40  5  66  6  89  7  14  8  11  9  51
  0  47  1  77  2  19  3  2  4  73  5  40  6  73  7  65  8  7  9  77
  0  78  1  89  2  82  3  37  4  92  5  58  6  40  7  61  8  16  9  59
  0  57  1  49  2  55  3  73  4  36  5  69  6  67  7  26  8  80  9  73
  0  85  1  61  2  60  3  67  4  62  5  94  6  31  7  45  8  91  9  83
  0  61  1  93  2  98  3  7  4  95  5  11  6  6  7  46  8  38  9  4
  0  13  1  14  2  45  3  74  4  45  5  63  6  65  7  78  8  66  9  83
  0  56  1  34  2  62  3  55  4  71  5  24  6  28  7  33  8  95  9  91
  0  19  1  70  2  73  3  51  4  67  5  2  6  57  7  47  8  49  9  51
  0  69  1  35  2  59  3  44  4  60  5  76  6  44  7  18  8  90  9  58
  0  85  1  67  2  97  3  87  4  36  5  89  6  98  7  27  8  51  9  85
  0  47  1  56  2  81  3  42  4  53  5  82  6  95  7  18  8  30  9  48
  0  66  1  84  2  23  3  82  4  29  5  10  6  36  7  19  8  5  9  77
  0  65  1  65  2  50  3  88  4  98  5  94  6  49  7  79  8  50  9  2
  0  94  1  52  2  26  3  37  4  5  5  20  6  49  7  20  8  73  9  83
  0  89  1  85  2  53  3  14  4  75  5  19  6  23  7  2  8  73  9  84
  0  78  1  95  2  82  3  54  4  60  5  42  6  69  7  88  8  1  9  94
  0  22  1  19  2  49  3  67  4  39  5  53  6  20  7  34  8  49  9  88
  0  64  1  10  2  29  3  2  4  59  5  64  6  91  7  61  8  68  9  47
  0  34  1  75  2  20  3  31  4  75  5  72  6  94  7  6  8  31  9  70
  0  38  1  67  2  1  3  93  4  29  5  97  6  57  7  42  8  55  9  22
  0  79  1  9  2  9  3  89  4  51  5  8  6  82  7  20  8  28  9  74
  0  21  1  3  2  46  3  18  4  84  5  49  6  13  7  63  8  7  9  37
  0  22  1  13  2  62  3  82  4  59  5  87  6  76  7  41  8  14  9  63
  0  42  1  30  2  6  3  95  4  25  5  99  6  76  7  87  8  72  9  23
  0  28  1  65  2  59  3  59  4  99  5  53  6  30  7  26  8  8  9  66
  0  29  1  81  2  92  3  58  4  24  5  87  6  62  7  6  8  61  9  32
  0  8  1  95  2  14  3  12  4  33  5  62  6  8  7  99  8  37  9  93
  0  34  1  70  2  26  3  89  4  92  5  40  6  52  7  47  8  16  9  43
  0  7  1  14  2  68  3  62  4  8  5  22  6  26  7  83  8  62  9  1
  0  78  1  34  2  1  3  38  4  7  5  27  6  6  7  14  8  28  9  30
  0  80  1  49  2  20  3  21  4  43  5  45  6  53  7  3  8  21  9  84
  0  2  1  89  2  1  3  36  4  9  5  88  6  48  7  84  8  24  9  32
  0  3  1  69  2  51  3  45  4  20  5  12  6  55  7  46  8  5  9  53
  0  32  1  17  2  68  3  48  4  35  5  88  6  90  7  77  8  2  9  36
  0  90  1  69  2  51  3  66  4  15  5  57  6  12  7  52  8  6  9  1
  0  24  1  53  2  12  3  53  4  26  5  95  6  55  7  55  8  97  9  46
  0  54  1  77  2  45  3  66  4  75  5  54  6  37  7  46  8  70  9  76
  0  26  1  61  2  9  3  28  4  26  5  76  6  18  7  98  8  14  9  27
  0  87  1  95  2  83  3  21  4  13  5  41  6  80  7  50  8  62  9  30
  0  74  1  11  2  15  3  79  4  67  5  70  6  90  7  2  8  34  9  25
  0  71  1  76  2  38  3  33  4  86  5  5  6  92  7  34  8  14  9  73
  0  29  1  69  2  16  3  62  4  12  5  71  6  12  7  64  8  14  9  3
  0  58  1  16  2  26  3  33  4  85  5  47  6  76  7  1  8  19  9  94
  0  86  1  12  2  71  3  58  4  79  5  40  6  99  7  66  8  17  9  62
  0  47  1  94  2  47  3  18  4  26  5  66  6  69  7  96  8  8  9  3
  0  56  1  84  2  27  3  15  4  93  5  14  6  6  7  62  8  25  9  15
  0  76  1  9  2  7  3  53  4  39  5  48  6  15  7  3  8  88  9  98
  0  68  1  87  2  3  3  66  4  37  5  96  6  67  7  42  8  70  9  46
  0  89  1  77  2  62  3  57  4  14  5  47  6  24  7  60  8  55  9  6
  0  44  1  50  2  94  3  88  4  56  5  52  6  31  7  18  8  39  9  74
  0  56  1  8  2  16  3  49  4  3  5  89  6  40  7  11  8  3  9  94
  0  76  1  27  2  31  3  60  4  13  5  14  6  32  7  55  8  60  9  88
  0  49  1  50  2  40  3  29  4  20  5  49  6  52  7  72  8  92  9  81
  0  71  1  39  2  70  3  21  4  31  5  91  6  8  7  62  8  77  9  47
  0  11  1  1  2  6  3  7  4  99  5  62  6  16  7  83  8  54  9  1
  0  51  1  24  2  45  3  65  4  96  5  56  6  12  7  77  8  59  9  32
  0  59  1  4  2  57  3  19  4  63  5  84  6  87  7  67  8  21  9  76
  0  46  1  76  2  82  3  6  4  24  5  7  6  48  7  45  8  7  9  26
  0  20  1  66  2  45  3  95  4  38  5  15  6  73  7  18  8  44  9  29
  0  95  1  9  2  54  3  88  4  71  5  62  6  31  7  67  8  60  9  36
  0  80  1  17  2  19  3  54  4  24  5  26  6  50  7  9  8  21  9  13
  0  46  1  34  2  33  3  54  4  92  5  44  6  62  7  58  8  8  9  85
  0  4  1  30  2  32  3  37  4  90  5  91  6  11  7  56  8  34  9  56
  0  24  1  67  2  66  3  68  4  45  5  15  6  55  7  47  8  54  9  52
  0  50  1  15  2  21  3  33  4  60  5  86  6  46  7  17  8  91  9  52
  0  12  1  11  2  92  3  76  4  87  5  10  6  71  7  8  8  4  9  18
  0  95  1  59  2  57  3  37  4  95  5  8  6  52  7  78  8  10  9  27
  0  58  1  33  2  57  3  47  4  47  5  83  6  32  7  9  8  58  9  69
  0  39  1  46  2  75  3  30  4  28  5  37  6  37  7  78  8  85  9  81
  0  1  1  95  2  5  3  6  4  40  5  28  6  27  7  8  8  42  9  48
  0  36  1  92  2  36  3  8  4  53  5  50  6  64  7  75  8  43  9  81
  0  83  1  63  2  55  3  85  4  64  5  60  6  38  7  48  8  3  9  52
  0  16  1  2  2  81  3  73  4  13  5  42  6  51  7  33  8  54  9  38
  0  95  1  7  2  94  3  42  4  12  5  86  6  37  7  11  8  39  9  34
  0  55  1  90  2  80  3  69  4  32  5  12  6  23  7  6  8  68  9  18
  0  61  1  95  2  30  3  99  4  53  5  67  6  36  7  40  8  75  9  51
  0  15  1  61  2  66  3  24  4  63  5  42  6  63  7  41  8  98  9  58
  0  67  1  17  2  89  3  39  4  6  5  66  6  98  7  62  8  69  9  47
  0  76  1  23  2  40  3  33  4  85  5  57  6  46  7  26  8  56  9  86
  0  94  1  89  2  82  3  36  4  89  5  49  6  32  7  31  8  18  9  98
  0  15  1  71  2  68  3  12  4  34  5  52  6  19  7  41  8  23  9  66
  0  98  1  54  2  34  3  14  4  19  5  48  6  32  7  96  8  20  9  30
  0  16  1  92  2  96  3  64  4  70  5  18  6  72  7  15  8  4  9  18
  0  55  1  46  2  53  3  70  4  89  5  44  6  40  7  74  8  82  9  87
  0  15  1  53  2  84  3  75  4  27  5  7  6  26  7  79  8  4  9  87
  0  59  1  94  2  25  3  88  4  66  5  97  6  30  7  55  8  2  9  40
  0  97  1  80  2  7  3  26  4  68  5  23  6  4  7  67  8  23  9  71
  0  59  1  7  2  20  3  44  4  76  5  43  6  57  7  92  8  45  9  24
  0  28  1  46  2  77  3  65  4  55  5  23  6  93  7  21  8  55  9  94
  0  40  1  21  2  45  3  68  4  55  5  40  6  7  7  42  8  13  9  71
  0  63  1  27  2  13  3  9  4  24  5  57  6  98  7  73  8  38  9  29
  0  9  1  39  2  18  3  32  4  12  5  23  6  44  7  67  8  68  9  71
  0  73  1  75  2  25  3  40  4  94  5  2  6  34  7  49  8  3  9  85
  0  41  1  77  2  3  3  48  4  10  5  11  6  53  7  5  8  54  9  64
  0  98  1  46  2  4  3  36  4  77  5  49  6  27  7  80  8  91  9  13
  0  82  1  97  2  57  3  33  4  73  5  63  6  5  7  69  8  31  9  68
  0  78  1  57  2  44  3  39  4  51  5  60  6  18  7  40  8  70  9  95
  0  21  1  96  2  79  3  44  4  64  5  86  6  99  7  51  8  16  9  83
  0  62  1  69  2  29  3  52  4  13  5  97  6  76  7  36  8  49  9  31
  0  82  1  73  2  46  3  4  4  2  5  42  6  79  7  11  8  5  9  27
  0  80  1  33  2  55  3  33  4  39  5  93  6  81  7  20  8  66  9  32
  0  95  1  9  2  84  3  70  4  3  5  97  6  90  7  97  8  3  9  89
  0  19  1  18  2  77  3  96  4  7  5  20  6  18  7  8  8  24  9  65
  0  43  1  14  2  25  3  15  4  87  5  23  6  48  7  34  8  92  9  22
  0  48  1  34  2  11  3  68  4  53  5  65  6  1  7  5  8  74  9  52
  0  96  1  37  2  16  3  30  4  56  5  29  6  51  7  45  8  28  9  88
  0  83  1  11  2  4  3  50  4  84  5  37  6  28  7  92  8  89  9  75
  0  91  1  38  2  4  3  44  4  34  5  6  6  23  7  28  8  21  9  49
  0  92  1  79  2  81  3  74  4  55  5  38  6  12  7  20  8  59  9  62
  0  91  1  68  2  22  3  54  4  61  5  90  6  79  7  88  8  60  9  56
  0  63  1  1  2  19  3  69  4  83  5  93  6  61  7  98  8  16  9  51
  0  63  1  18  2  9  3  91  4  55  5  79  6  69  7  83  8  88  9  73
  0  98  1  4  2  93  3  66  4  68  5  25  6  90  7  2  8  70  9  54
  0  45  1  9  2  81  3  61  4  70  5  77  6  26  7  60  8  19  9  56
  0  17  1  46  2  28  3  4  4  27  5  95  6  90  7  14  8  3  9  78
  0  79  1  55  2  28  3  42  4  47  5  34  6  15  7  68  8  69  9  54
  0  55  1  14  2  23  3  28  4  72  5  77  6  91  7  79  8  56  9  66
  0  56  1  20  2  75  3  46  4  18  5  9  6  90  7  94  8  41  9  23
  0  14  1  5  2  34  3  86  4  91  5  99  6  90  7  53  8  17  9  54
  0  75  1  28  2  71  3  42  4  7  5  73  6  75  7  41  8  80  9  50
  0  90  1  80  2  52  3  65  4  5  5  6  6  38  7  40  8  82  9  86
  0  34  1  32  2  75  3  14  4  48  5  47  6  27  7  40  8  91  9  42
  0  94  1  71  2  88  3  12  4  96  5  11  6  87  7  90  8  45  9  17
  0  86  1  25  2  36  3  17  4  10  5  99  6  80  7  97  8  93  9  16
  0  22  1  65  2  73  3  53  4  74  5  29  6  73  7  74  8  59  9  76
  0  42  1  49  2  33  3  27  4  91  5  1  6  44  7  86  8  34  9  4
  0  52  1  35  2  10  3  93  4  85  5  32  6  59  7  65  8  45  9  16
  0  92  1  60  2  70  3  18  4  41  5  77  6  13  7  42  8  12  9  63
  0  99  1  63  2  59  3  57  4  79  5  52  6  66  7  98  8  71  9  29
  0  90  1  23  2  79  3  99  4  4  5  7  6  23  7  31  8  59  9  35
  0  5  1  75  2  43  3  6  4  28  5  30  6  94  7  80  8  6  9  17
  0  15  1  66  2  54  3  3  4  90  5  81  6  47  7  94  8  98  9  17
  0  71  1  95  2  77  3  41  4  23  5  83  6  71  7  70  8  20  9  63
  0  92  1  16  2  28  3  10  4  56  5  91  6  31  7  80  8  67  9  21
  0  81  1  86  2  88  3  96  4  12  5  42  6  8  7  68  8  12  9  25
  0  74  1  74  2  76  3  39  4  91  5  31  6  94  7  30  8  67  9  48
  0  37  1  24  2  70  3  45  4  48  5  74  6  44  7  67  8  58  9  44
  0  70  1  41  2  83  3  55  4  88  5  21  6  56  7  73  8  9  9  99
  0  15  1  34  2  81  3  97  4  58  5  7  6  9  7  51  8  20  9  54
  0  1  1  65  2  27  3  51  4  29  5  96  6  62  7  44  8  21  9  86
  0  27  1  90  2  91  3  62  4  69  5  96  6  22  7  65  8  55  9  34
  0  19  1  87  2  60  3  30  4  9  5  21  6  29  7  39  8  77  9  42
  0  37  1  40  2  29  3  1  4  29  5  31  6  32  7  74  8  34  9  16
  0  1  1  16  2  90  3  85  4  93  5  93  6  11  7  55  8  50  9  16
  0  68  1  7  2  89  3  80  4  16  5  46  6  48  7  87  8  38  9  76
  0  27  1  27  2  2  3  41  4  62  5  92  6  69  7  94  8  69  9  17
  0  86  1  5  2  1  3  24  4  45  5  89  6  18  7  25  8  92  9  45
  0  81  1  14  2  44  3  20  4  99  5  55  6  17  7  32  8  92  9  48
  0  75  1  51  2  59  3  12  4  78  5  82  6  61  7  36  8  68  9  17
  0  57  1  93  2  12  3  46  4  40  5  91  6  25  7  58  8  81  9  26
  0  14  1  53  2  80  3  58  4  21  5  47  6  54  7  25  8  57  9  58
  0  34  1  61  2  67  3  91  4  55  5  84  6  51  7  60  8  41  9  87
  0  31  1  19  2  39  3  8  4  62  5  96  6  37  7  6  8  1  9  42
  0  77  1  54  2  89  3  32  4  61  5  9  6  23  7  7  8  84  9  34
  0  99  1  19  2  70  3  90  4  83  5  22  6  71  7  19  8  15  9  39
  0  66  1  56  2  54  3  68  4  85  5  95  6  55  7  34  8  15  9  61
  0  85  1  88  2  75  3  47  4  46  5  10  6  87  7  79  8  65  9  63
  0  49  1  59  2  68  3  24  4  98  5  12  6  29  7  61  8  41  9  66
  0  78  1  54  2  52  3  13  4  22  5  75  6  91  7  27  8  74  9  55
  0  95  1  59  2  30  3  40  4  23  5  26  6  25  7  80  8  77  9  45
  0  55  1  26  2  31  3  12  4  52  5  6  6  17  7  7  8  48  9  24
  0  75  1  66  2  65  3  14  4  67  5  84  6  9  7  98  8  80  9  3
  0  64  1  76  2  4  3  13  4  25  5  32  6  43  7  93  8  83  9  12
  0  1  1  35  2  83  3  50  4  42  5  34  6  4  7  17  8  25  9  63
  0  28  1  20  2  59  3  39  4  15  5  91  6  31  7  56  8  77  9  39
  0  2  1  57  2  36  3  37  4  66  5  38  6  97  7  98  8  36  9  36
  0  90  1  40  2  76  3  39  4  33  5  35  6  21  7  4  8  41  9  32
  0  26  1  79  2  89  3  54  4  57  5  85  6  78  7  36  8  15  9  71
  0  79  1  44  2  32  3  58  4  62  5  94  6  10  7  62  8  18  9  66
  0  76  1  24  2  30  3  71  4  77  5  5  6  76  7  26  8  31  9  27
  0  45  1  42  2  23  3  60  4  97  5  27  6  8  7  92  8  21  9  64
  0  41  1  29  2  57  3  9  4  72  5  5  6  83  7  27  8  64  9  19
  0  91  1  59  2  19  3  9  4  98  5  82  6  26  7  36  8  73  9  14
  0  62  1  46  2  61  3  61  4  21  5  19  6  51  7  35  8  28  9  29
  0  23  1  62  2  83  3  89  4  39  5  70  6  53  7  32  8  99  9  33
  0  60  1  49  2  64  3  95  4  92  5  25  6  11  7  23  8  97  9  95
  0  74  1  35  2  34  3  37  4  97  5  24  6  27  7  75  8  93  9  68
  0  10  1  46  2  79  3  88  4  69  5  68  6  46  7  12  8  29  9  4
  0  77  1  31  2  31  3  4  4  24  5  87  6  4  7  90  8  90  9  9
  0  19  1  3  2  17  3  70  4  88  5  6  6  28  7  83  8  48  9  58
  0  4  1  13  2  23  3  76  4  96  5  71  6  74  7  40  8  85  9  63
  0  82  1  19  2  48  3  62  4  10  5  40  6  91  7  46  8  34  9  7
  0  79  1  28  2  67  3  37  4  31  5  46  6  96  7  91  8  90  9  16
  0  95  1  4  2  99  3  52  4  13  5  39  6  98  7  9  8  28  9  36
  0  55  1  97  2  23  3  10  4  6  5  84  6  32  7  22  8  33  9  75
  0  43  1  56  2  31  3  41  4  74  5  34  6  31  7  35  8  56  9  68
  0  86  1  14  2  80  3  56  4  40  5  61  6  4  7  33  8  20  9  69
  0  11  1  47  2  41  3  35  4  85  5  39  6  9  7  77  8  35  9  24
  0  50  1  73  2  66  3  6  4  14  5  74  6  19  7  86  8  24  9  53
  0  89  1  41  2  80  3  93  4  15  5  67  6  22  7  14  8  91  9  40
  0  12  1  91  2  54  3  20  4  19  5  41  6  31  7  6  8  80  9  43
  0  57  1  26  2  83  3  37  4  18  5  3  6  9  7  28  8  36  9  46
  0  6  1  64  2  48  3  48  4  4  5  90  6  13  7  97  8  80  9  76
  0  55  1  26  2  38  3  84  4  43  5  60  6  53  7  25  8  50  9  38
  0  6  1  1  2  39  3  16  4  15  5  56  6  83  7  80  8  15  9  71
  0  9  1  23  2  59  3  76  4  9  5  61  6  47  7  60  8  92  9  14
  0  91  1  13  2  44  3  40  4  77  5  29  6  12  7  31  8  96  9  43
  0  55  1  98  2  36  3  91  4  23  5  91  6  62  7  15  8  31  9  53
  0  40  1  44  2  72  3  83  4  57  5  41  6  73  7  84  8  71  9  78
  0  68  1  90  2  69  3  80  4  88  5  12  6  23  7  73  8  47  9  53
  0  93  1  95  2  89  3  83  4  87  5  77  6  50  7  56  8  86  9  95
  0  2  1  18  2  10  3  57  4  17  5  53  6  64  7  58  8  72  9  55
  0  96  1  41  2  62  3  12  4  66  5  34  6  92  7  55  8  80  9  39
  0  86  1  6  2  75  3  29  4  22  5  22  6  37  7  38  8  68  9  23
  0  83  1  74  2  14  3  55  4  62  5  88  6  78  7  14  8  29  9  71
  0  63  1  41  2  9  3  66  4  93  5  69  6  75  7  21  8  40  9  67
  0  70  1  16  2  21  3  26  4  61  5  34  6  45  7  72  8  28  9  76
  0  22  1  11  2  90  3  22  4  63  5  28  6  51  7  90  8  49  9  8
  0  92  1  69  2  28  3  46  4  58  5  89  6  85  7  60  8  28  9  86
  0  87  1  28  2  28  3  64  4  91  5  8  6  63  7  48  8  81  9  31
  0  67  1  15  2  60  3  48  4  84  5  6  6  21  7  81  8  42  9  84
  0  71  1  32  2  84  3  86  4  75  5  6  6  59  7  69  8  60  9  92
  0  94  1  70  2  70  3  98  4  1  5  16  6  91  7  4  8  78  9  54
  0  78  1  24  2  26  3  95  4  32  5  69  6  78  7  88  8  35  9  46
  0  17  1  60  2  38  3  42  4  23  5  2  6  44  7  87  8  88  9  81
  0  45  1  79  2  84  3  6  4  99  5  24  6  53  7  72  8  65  9  24
  0  95  1  77  2  11  3  11  4  40  5  80  6  88  7  19  8  28  9  26
  0  30  1  31  2  69  3  79  4  94  5  54  6  17  7  42  8  94  9  91
  0  89  1  26  2  65  3  44  4  45  5  25  6  64  7  33  8  61  9  5
  0  8  1  36  2  92  3  92  4  79  5  82  6  7  7  54  8  82  9  46
  0  26  1  72  2  9  3  33  4  9  5  75  6  38  7  38  8  60  9  76
  0  16  1  54  2  67  3  20  4  50  5  16  6  65  7  51  8  29  9  37
  0  16  1  54  2  67  3  65  4  34  5  16  6  12  7  66  8  90  9  18
  0  69  1  13  2  4  3  75  4  48  5  27  6  57  7  49  8  18  9  24
  0  41  1  21  2  26  3  39  4  92  5  2  6  30  7  33  8  71  9  7
  0  35  1  27  2  22  3  36  4  44  5  95  6  75  7  12  8  62  9  19
  0  19  1  97  2  3  3  82  4  33  5  78  6  2  7  73  8  53  9  74
  0  32  1  1  2  33  3  37  4  65  5  47  6  98  7  30  8  35  9  41
  0  30  1  8  2  98  3  81  4  98  5  30  6  88  7  69  8  61  9  89
  0  11  1  31  2  82  3  36  4  42  5  32  6  24  7  20  8  3  9  16
  0  47  1  91  2  34  3  11  4  99  5  29  6  4  7  10  8  86  9  84
  0  1  1  93  2  44  3  64  4  16  5  58  6  78  7  90  8  2  9  83
  0  25  1  2  2  65  3  26  4  37  5  97  6  45  7  43  8  26  9  34
  0  57  1  78  2  4  3  16  4  26  5  60  6  94  7  51  8  36  9  92
  0  16  1  65  2  60  3  51  4  58  5  84  6  56  7  1  8  10  9  40
  0  38  1  97  2  89  3  47  4  59  5  61  6  1  7  66  8  73  9  6
  0  27  1  51  2  49  3  71  4  3  5  30  6  62  7  8  8  59  9  98
  0  84  1  93  2  14  3  90  4  50  5  83  6  56  7  69  8  69  9  32
  0  53  1  72  2  4  3  25  4  64  5  72  6  53  7  26  8  59  9  49
  0  88  1  18  2  54  3  93  4  41  5  83  6  37  7  88  8  49  9  72
  0  24  1  15  2  98  3  42  4  71  5  1  6  9  7  68  8  59  9  16
  0  76  1  60  2  83  3  52  4  56  5  38  6  52  7  66  8  34  9  41
  0  58  1  68  2  53  3  85  4  75  5  83  6  68  7  90  8  15  9  14
  0  46  1  32  2  10  3  85  4  52  5  3  6  43  7  57  8  75  9  88
  0  28  1  18  2  80  3  75  4  90  5  14  6  2  7  67  8  41  9  64
  0  15  1  62  2  10  3  72  4  34  5  23  6  95  7  35  8  45  9  49
  0  56  1  2  2  60  3  20  4  25  5  45  6  48  7  71  8  47  9  40
  0  90  1  37  2  62  3  62  4  56  5  52  6  78  7  60  8  3  9  2
  0  11  1  46  2  36  3  76  4  90  5  25  6  97  7  50  8  58  9  59
  0  62  1  98  2  96  3  17  4  53  5  28  6  67  7  71  8  14  9  77
  0  66  1  50  2  96  3  16  4  3  5  33  6  60  7  45  8  63  9  67
  0  70  1  86  2  27  3  38  4  63  5  5  6  39  7  14  8  12  9  96
  0  49  1  62  2  87  3  60  4  86  5  92  6  39  7  6  8  26  9  87
  0  5  1  82  2  48  3  9  4  39  5  31  6  27  7  9  8  20  9  93
  0  77  1  79  2  67  3  26  4  49  5  11  6  91  7  99  8  59  9  44
  0  46  1  99  2  88  3  44  4  63  5  41  6  89  7  37  8  79  9  62
  0  75  1  63  2  3  3  80  4  3  5  58  6  62  7  99  8  51  9  62
  0  44  1  19  2  65  3  14  4  9  5  81  6  21  7  82  8  39  9  48
  0  20  1  43  2  73  3  6  4  40  5  2  6  10  7  28  8  81  9  23
  0  91  1  63  2  81  3  11  4  15  5  99  6  5  7  59  8  15  9  45
  0  34  1  63  2  16  3  26  4  88  5  54  6  60  7  73  8  77  9  13
  0  52  1  69  2  51  3  58  4  65  5  64  6  5  7  28  8  24  9  92
  0  56  1  97  2  41  3  30  4  97  5  91  6  75  7  99  8  93  9  95
  0  44  1  98  2  68  3  77  4  93  5  2  6  20  7  58  8  42  9  77
  0  43  1  10  2  5  3  13  4  51  5  56  6  97  7  39  8  21  9  10
  0  78  1  87  2  19  3  77  4  49  5  46  6  69  7  10  8  47  9  74
  0  72  1  69  2  1  3  1  4  89  5  62  6  16  7  16  8  46  9  52
  0  21  1  30  2  32  3  26  4  94  5  66  6  79  7  26  8  45  9  96
  0  69  1  29  2  24  3  50  4  88  5  49  6  83  7  49  8  28  9  14
  0  16  1  50  2  8  3  3  4  37  5  98  6  71  7  75  8  94  9  22
  0  71  1  31  2  20  3  23  4  44  5  59  6  49  7  44  8  58  9  74
  0  87  1  13  2  66  3  62  4  86  5  98  6  99  7  69  8  67  9  36
  0  94  1  2  2  97  3  84  4  32  5  39  6  7  7  45  8  27  9  64
  0  20  1  55  2  9  3  63  4  11  5  8  6  71  7  51  8  21  9  97
  0  78  1  31  2  2  3  72  4  70  5  85  6  69  7  37  8  1  9  64
  0  74  1  62  2  80  3  12  4  32  5  69  6  38  7  42  8  64  9  6
  0  7  1  77  2  58  3  34  4  90  5  86  6  18  7  93  8  93  9  91
  0  87  1  11  2  89  3  43  4  70  5  66  6  77  7  64  8  51  9  48
  0  52  1  33  2  29  3  39  4  85  5  31  6  85  7  29  8  87  9  95
  0  67  1  50  2  2  3  55  4  51  5  60  6  60  7  8  8  18  9  45
  0  81  1  14  2  56  3  97  4  11  5  80  6  74  7  95  8  22  9  64
  0  88  1  1  2  32  3  42  4  8  5  37  6  97  7  90  8  54  9  21
  0  3  1  5  2  73  3  56  4  43  5  33  6  19  7  18  8  75  9  6
  0  36  1  87  2  91  3  96  4  58  5  8  6  20  7  32  8  99  9  65
  0  78  1  44  2  14  3  45  4  29  5  30  6  39  7  85  8  95  9  68
  0  58  1  35  2  70  3  92  4  42  5  10  6  97  7  43  8  57  9  73
  0  8  1  27  2  53  3  4  4  71  5  64  6  53  7  22  8  62  9  8
  0  30  1  93  2  61  3  57  4  37  5  15  6  47  7  6  8  3  9  68
  0  46  1  83  2  43  3  94  4  43  5  5  6  34  7  7  8  74  9  13
  0  39  1  76  2  44  3  91  4  98  5  31  6  58  7  85  8  25  9  55
  0  47  1  37  2  54  3  1  4  22  5  54  6  42  7  26  8  6  9  47
  0  29  1  31  2  5  3  6  4  83  5  53  6  36  7  5  8  14  9  48
  0  20  1  64  2  12  3  60  4  85  5  88  6  55  7  69  8  77  9  76
  0  86  1  53  2  46  3  71  4  58  5  18  6  52  7  79  8  93  9  77
  0  36  1  5  2  2  3  73  4  16  5  46  6  79  7  2  8  29  9  80
  0  45  1  43  2  21  3  14  4  4  5  40  6  45  7  76  8  55  9  72
  0  43  1  96  2  77  3  97  4  96  5  79  6  35  7  85  8  83  9  73
  0  28  1  51  2  85  3  95  4  55  5  56  6  15  7  63  8  58  9  60
  0  64  1  36  2  93  3  10  4  2  5  76  6  14  7  14  8  52  9  84
  0  85  1  54  2  59  3  52  4  60  5  99  6  97  7  54  8  75  9  48
  0  83  1  72  2  62  3  11  4  14  5  12  6  74  7  96  8  24  9  60
  0  72  1  83  2  52  3  96  4  27  5  73  6  26  7  59  8  23  9  63
  0  48  1  14  2  81  3  86  4  19  5  93  6  28  7  6  8  16  9  5
  0  72  1  61  2  62  3  6  4  88  5  5  6  95  7  12  8  97  9  68
  0  56  1  85  2  2  3  57  4  61  5  11  6  14  7  66  8  98  9  66
  0  85  1  50  2  91  3  33  4  33  5  96  6  2  7  16  8  99  9  92
  0  79  1  63  2  21  3  86  4  66  5  1  6  74  7  63  8  19  9  26
  0  14  1  5  2  12  3  32  4  53  5  2  6  30  7  44  8  26  9  31
  0  61  1  95  2  34  3  24  4  50  5  83  6  77  7  72  8  80  9  62
  0  18  1  73  2  81  3  82  4  18  5  93  6  84  7  79  8  65  9  98
  0  87  1  56  2  63  3  95  4  82  5  40  6  59  7  68  8  57  9  82
  0  36  1  16  2  93  3  42  4  76  5  12  6  11  7  75  8  9  9  57
  0  15  1  19  2  55  3  89  4  77  5  34  6  61  7  59  8  41  9  57
  0  82  1  8  2  18  3  72  4  39  5  90  6  46  7  93  8  80  9  45
  0  7  1  35  2  16  3  76  4  19  5  94  6  97  7  26  8  71  9  91
  0  67  1  54  2  53  3  17  4  9  5  20  6  90  7  10  8  50  9  71
  0  2  1  47  2  26  3  68  4  40  5  16  6  84  7  95  8  72  9  22
  0  2  1  47  2  6  3  28  4  42  5  77  6  93  7  39  8  58  9  63
  0  45  1  81  2  50  3  24  4  34  5  35  6  5  7  73  8  4  9  23
  0  86  1  21  2  69  3  56  4  68  5  42  6  99  7  97  8  93  9  75
  0  17  1  1  2  37  3  28  4  48  5  10  6  91  7  91  8  19  9  54
  0  98  1  1  2  57  3  67  4  2  5  83  6  84  7  95  8  91  9  91
  0  67  1  7  2  72  3  10  4  88  5  87  6  62  7  73  8  54  9  1
  0  15  1  49  2  29  3  50  4  24  5  68  6  89  7  49  8  43  9  98
  0  31  1  17  2  31  3  98  4  51  5  41  6  21  7  9  8  19  9  66
  0  48  1  50  2  94  3  14  4  13  5  48  6  41  7  39  8  35  9  88
  0  78  1  77  2  46  3  98  4  42  5  36  6  30  7  87  8  50  9  33
  0  76  1  86  2  6  3  96  4  48  5  1  6  80  7  65  8  55  9  33
  0  45  1  60  2  79  3  58  4  61  5  18  6  13  7  50  8  47  9  4
  0  91  1  99  2  58  3  49  4  38  5  61  6  81  7  68  8  46  9  34
  0  13  1  71  2  73  3  50  4  61  5  60  6  18  7  33  8  14  9  73
  0  7  1  47  2  55  3  36  4  14  5  54  6  11  7  14  8  79  9  43
  0  67  1  71  2  12  3  96  4  94  5  9  6  90  7  32  8  61  9  5
  0  92  1  89  2  28  3  93  4  16  5  94  6  50  7  68  8  83  9  5
  0  35  1  67  2  28  3  3  4  33  5  98  6  11  7  13  8  47  9  15
  0  23  1  57  2  2  3  26  4  55  5  57  6  4  7  20  8  58  9  63
  0  84  1  46  2  14  3  69  4  7  5  49  6  90  7  30  8  66  9  78
  0  65  1  9  2  42  3  20  4  21  5  4  6  52  7  96  8  52  9  41
  0  41  1  56  2  53  3  33  4  87  5  45  6  55  7  39  8  13  9  16
  0  45  1  66  2  42  3  40  4  81  5  21  6  26  7  7  8  82  9  75
  0  44  1  42  2  63  3  19  4  44  5  76  6  44  7  17  8  72  9  24
  0  50  1  77  2  24  3  93  4  81  5  20  6  3  7  6  8  22  9  82
  0  67  1  1  2  8  3  10  4  16  5  77  6  95  7  25  8  26  9  56
  0  79  1  58  2  55  3  7  4  49  5  92  6  67  7  49  8  2  9  63
  0  45  1  22  2  40  3  93  4  94  5  1  6  24  7  72  8  64  9  75
  0  43  1  12  2  23  3  49  4  54  5  21  6  75  7  96  8  81  9  95
  0  11  1  10  2  72  3  12  4  10  5  15  6  74  7  70  8  51  9  23
  0  53  1  25  2  10  3  74  4  86  5  94  6  15  7  73  8  92  9  55
  0  28  1  22  2  82  3  35  4  52  5  4  6  42  7  83  8  80  9  80
  0  89  1  77  2  51  3  97  4  51  5  80  6  58  7  5  8  66  9  76
  0  50  1  52  2  10  3  39  4  94  5  13  6  79  7  19  8  10  9  28
  0  7  1  38  2  86  3  4  4  80  5  40  6  40  7  79  8  84  9  39
  0  77  1  57  2  98  3  52  4  77  5  69  6  8  7  14  8  89  9  9
  0  28  1  15  2  30  3  62  4  32  5  3  6  17  7  12  8  34  9  36
  0  70  1  1  2  83  3  2  4  75  5  78  6  54  7  1  8  85  9  62
  0  43  1  88  2  6  3  1  4  13  5  29  6  86  7  97  8  38  9  70
  0  32  1  56  2  40  3  76  4  72  5  48  6  33  7  68  8  84  9  93
  0  94  1  50  2  48  3  48  4  43  5  32  6  67  7  95  8  97  9  70
  0  3  1  8  2  32  3  88  4  89  5  28  6  65  7  54  8  41  9  73
  0  36  1  15  2  53  3  71  4  59  5  31  6  74  7  74  8  79  9  48
  0  92  1  25  2  31  3  96  4  62  5  46  6  7  7  25  8  73  9  3
  0  79  1  89  2  19  3  40  4  17  5  56  6  46  7  6  8  13  9  5
  0  64  1  10  2  99  3  22  4  59  5  72  6  20  7  34  8  44  9  77
  0  85  1  11  2  26  3  16  4  39  5  44  6  95  7  93  8  98  9  82
  0  44  1  41  2  48  3  77  4  76  5  57  6  15  7  63  8  78  9  41
  0  41  1  90  2  46  3  37  4  27  5  73  6  96  7  73  8  30  9  23
  0  6  1  64  2  20  3  85  4  59  5  25  6  42  7  94  8  92  9  6
  0  41  1  16  2  70  3  49  4  25  5  37  6  30  7  23  8  93  9  42
  0  80  1  89  2  59  3  55  4  39  5  10  6  20  7  58  8  47  9  86
  0  77  1  17  2  97  3  10  4  2  5  56  6  54  7  54  8  89  9  82
  0  63  1  22  2  62  3  43  4  80  5  58  6  12  7  57  8  51  9  75
  0  75  1  81  2  35  3  52  4  7  5  74  6  60  7  99  8  79  9  73
  0  37  1  14  2  25  3  20  4  71  5  62  6  4  7  66  8  63  9  51
  0  56  1  76  2  83  3  99  4  89  5  88  6  43  7  95  8  83  9  5
  0  22  1  22  2  31  3  28  4  13  5  73  6  47  7  56  8  90  9  99
  0  10  1  25  2  27  3  58  4  13  5  16  6  91  7  37  8  47  9  16
  0  28  1  10  2  46  3  74  4  89  5  17  6  51  7  88  8  64  9  85
  0  93  1  33  2  41  3  38  4  83  5  85  6  74  7  43  8  71  9  44
  0  76  1  25  2  15  3  25  4  20  5  14  6  55  7  75  8  40  9  22
  0  6  1  63  2  78  3  66  4  86  5  10  6  84  7  72  8  79  9  84
  0  92  1  46  2  71  3  76  4  20  5  72  6  8  7  18  8  71  9  98
  0  96  1  11  2  26  3  7  4  2  5  93  6  56  7  73  8  47  9  49
  0  11  1  75  2  7  3  26  4  34  5  7  6  35  7  50  8  35  9  86
  0  6  1  25  2  10  3  90  4  23  5  53  6  85  7  42  8  32  9  44
  0  40  1  21  2  66  3  64  4  13  5  2  6  79  7  60  8  16  9  22
  0  57  1  70  2  10  3  25  4  26  5  76  6  3  7  58  8  73  9  92
  0  70  1  96  2  64  3  67  4  43  5  29  6  31  7  64  8  78  9  36
  0  33  1  43  2  11  3  36  4  52  5  44  6  73  7  83  8  56  9  61
  0  17  1  41  2  32  3  56  4  61  5  68  6  93  7  49  8  81  9  95
  0  9  1  68  2  85  3  63  4  91  5  77  6  54  7  64  8  54  9  91
  0  51  1  13  2  40  3  51  4  97  5  17  6  51  7  23  8  11  9  46
  0  44  1  39  2  17  3  8  4  91  5  7  6  2  7  75  8  89  9  31
  0  56  1  39  2  79  3  42  4  39  5  66  6  23  7  28  8  47  9  96
  0  29  1  2  2  73  3  99  4  36  5  61  6  9  7  79  8  85  9  6
  0  89  1  6  2  57  3  47  4  15  5  95  6  37  7  6  8  79  9  83
  0  46  1  71  2  5  3  52  4  44  5  11  6  54  7  7  8  97  9  99
  0  61  1  22  2  67  3  45  4  26  5  97  6  52  7  24  8  38  9  86
  0  7  1  33  2  40  3  96  4  8  5  45  6  44  7  70  8  44  9  16
  0  59  1  4  2  46  3  75  4  89  5  46  6  93  7  4  8  16  9  4
  0  56  1  80  2  78  3  29  4  58  5  51  6  7  7  74  8  73  9  50
  0  70  1  47  2  90  3  74  4  55  5  75  6  13  7  1  8  82  9  96
  0  63  1  87  2  21  3  13  4  25  5  7  6  65  7  76  8  42  9  84
  0  76  1  97  2  41  3  68  4  19  5  4  6  67  7  36  8  26  9  70
  0  35  1  7  2  77  3  13  4  42  5  34  6  92  7  17  8  90  9  87
  0  42  1  32  2  25  3  51  4  56  5  63  6  70  7  85  8  73  9  43
  0  31  1  48  2  49  3  52  4  94  5  67  6  40  7  28  8  36  9  97
  0  7  1  95  2  26  3  18  4  23  5  83  6  88  7  48  8  74  9  19
  0  59  1  90  2  77  3  29  4  33  5  20  6  71  7  74  8  20  9  90
  0  47  1  93  2  29  3  22  4  15  5  47  6  62  7  87  8  40  9  77
  0  82  1  14  2  89  3  31  4  84  5  66  6  57  7  2  8  88  9  88
  0  85  1  97  2  40  3  99  4  79  5  39  6  70  7  91  8  87  9  37
  0  62  1  58  2  6  3  19  4  30  5  69  6  14  7  83  8  89  9  51
  0  55  1  23  2  3  3  50  4  25  5  26  6  1  7  93  8  22  9  57
  0  25  1  56  2  77  3  89  4  55  5  15  6  80  7  4  8  95  9  44
  0  38  1  11  2  41  3  84  4  60  5  54  6  55  7  81  8  55  9  85
  0  26  1  84  2  63  3  32  4  68  5  51  6  81  7  2  8  17  9  97
  0  45  1  84  2  6  3  86  4  63  5  52  6  28  7  41  8  51  9  63
  0  42  1  41  2  73  3  28  4  47  5  21  6  10  7  83  8  54  9  86
  0  8  1  94  2  20  3  24  4  76  5  67  6  28  7  45  8  39  9  50
  0  28  1  35  2  45  3  63  4  68  5  47  6  22  7  63  8  83  9  94
  0  99  1  53  2  23  3  27  4  55  5  88  6  27  7  77  8  41  9  34
  0  99  1  44  2  9  3  72  4  23  5  11  6  51  7  85  8  5  9  45
  0  92  1  33  2  77  3  18  4  30  5  19  6  75  7  40  8  93  9  20
  0  50  1  95  2  76  3  3  4  25  5  29  6  61  7  65  8  74  9  22
  0  32  1  77  2  92  3  47  4  56  5  4  6  87  7  98  8  79  9  39
  0  2  1  44  2  51  3  80  4  64  5  21  6  96  7  21  8  15  9  98
  0  85  1  42  2  55  3  75  4  67  5  38  6  14  7  59  8  81  9  1
  0  39  1  80  2  48  3  32  4  62  5  19  6  14  7  90  8  68  9  46
  0  92  1  76  2  95  3  19  4  38  5  96  6  35  7  71  8  30  9  84
  0  5  1  88  2  68  3  66  4  30  5  71  6  98  7  79  8  30  9  10
  0  21  1  6  2  20  3  36  4  45  5  61  6  60  7  18  8  9  9  58
  0  22  1  18  2  63  3  42  4  41  5  30  6  88  7  53  8  90  9  57
  0  5  1  72  2  85  3  11  4  75  5  52  6  5  7  29  8  38  9  44
  0  91  1  58  2  99  3  64  4  66  5  30  6  67  7  74  8  69  9  36
  0  31  1  48  2  5  3  90  4  1  5  73  6  70  7  21  8  55  9  92
  0  82  1  25  2  84  3  89  4  27  5  95  6  6  7  79  8  13  9  3
  0  89  1  41  2  92  3  63  4  49  5  29  6  81  7  62  8  47  9  24
  0  95  1  95  2  37  3  27  4  75  5  46  6  54  7  4  8  89  9  16
  0  4  1  28  2  13  3  76  4  24  5  87  6  24  7  10  8  21  9  46
  0  89  1  53  2  96  3  79  4  5  5  66  6  18  7  23  8  20  9  88
  0  8  1  11  2  72  3  53  4  47  5  78  6  94  7  73  8  13  9  64
  0  84  1  24  2  12  3  44  4  38  5  72  6  62  7  64  8  99  9  50
  0  48  1  73  2  70  3  48  4  42  5  59  6  74  7  92  8  66  9  40
  0  86  1  25  2  61  3  78  4  61  5  98  6  43  7  8  8  26  9  72
TPM
  0  2546  1  2546  2  2546  3  2546  4  2546  5  2546  6  2546  7  2546  8  2546  9  2546
PMT
  0  4  1  79  2  14  3  36  4  72  5  93  6  63  7  33  8  33  9  61
  0  2  1  47  2  78  3  2  4  94  5  67  6  48  7  78  8  27  9  49
  0  70  1  43  2  38  3  43  4  6  5  18  6  48  7  54  8  73  9  39
  0  31  1  47  2  93  3  67  4  17  5  26  6  94  7  1  8  46  9  33
  0  53  1  66  2  6  3  64  4  64  5  89  6  1  7  92  8  75  9  31
  0  61  1  27  2  20  3  67  4  83  5  74  6  33  7  62  8  48  9  73
  0  49  1  20  2  76  3  13  4  87  5  45  6  6  7  50  8  99  9  59
  0  96  1  7  2  35  3  13  4  14  5  98  6  27  7  19  8  30  9  19
  0  25  1  3  2  56  3  98  4  16  5  18  6  82  7  6  8  21  9  94
  0  98  1  45  2  46  3  14  4  29  5  89  6  30  7  23  8  72  9  49
  0  21  1  35  2  75  3  48  4  74  5  77  6  53  7  78  8  47  9  90
  0  25  1  44  2  35  3  77  4  63  5  21  6  78  7  68  8  47  9  84
  0  37  1  39  2  68  3  89  4  5  5  9  6  55  7  7  8  5  9  7
  0  82  1  45  2  10  3  61  4  95  5  6  6  59  7  84  8  79  9  65
  0  73  1  25  2  30  3  78  4  83  5  35  6  15  7  32  8  38  9  64
  0  41  1  14  2  38  3  66  4  50  5  59  6  29  7  10  8  28  9  3
  0  35  1  96  2  80  3  43  4  29  5  46  6  20  7  87  8  66  9  3
  0  73  1  55  2  15  3  65  4  89  5  37  6  88  7  48  8  18  9  54
  0  40  1  21  2  77  3  55  4  70  5  94  6  63  7  40  8  84  9  45
  0  16  1  21  2  82  3  90  4  85  5  31  6  57  7  62  8  64  9  59
