200  10
  0  11  1  54  2  57  3  42  4  92  5  44  6  53  7  74  8  28  9  99
  0  67  1  41  2  70  3  59  4  60  5  3  6  58  7  90  8  60  9  7
  0  53  1  4  2  83  3  51  4  74  5  4  6  72  7  94  8  68  9  28
  0  45  1  71  2  82  3  33  4  6  5  80  6  61  7  27  8  74  9  67
  0  56  1  64  2  15  3  23  4  33  5  37  6  80  7  46  8  26  9  43
  0  11  1  65  2  39  3  10  4  32  5  9  6  34  7  6  8  65  9  65
  0  34  1  66  2  37  3  76  4  32  5  11  6  28  7  57  8  87  9  41
  0  38  1  35  2  48  3  37  4  36  5  43  6  41  7  96  8  7  9  24
  0  97  1  73  2  46  3  18  4  31  5  26  6  45  7  48  8  60  9  77
  0  63  1  25  2  66  3  34  4  97  5  27  6  10  7  32  8  79  9  41
  0  58  1  1  2  66  3  66  4  97  5  67  6  13  7  97  8  13  9  27
  0  28  1  72  2  94  3  73  4  62  5  25  6  71  7  55  8  70  9  87
  0  92  1  91  2  61  3  36  4  15  5  82  6  19  7  62  8  56  9  85
  0  43  1  36  2  23  3  45  4  79  5  60  6  34  7  97  8  3  9  67
  0  83  1  88  2  86  3  85  4  26  5  79  6  78  7  81  8  67  9  19
  0  55  1  54  2  5  3  14  4  31  5  44  6  49  7  32  8  41  9  83
  0  1  1  7  2  29  3  76  4  95  5  30  6  2  7  24  8  29  9  68
  0  42  1  13  2  4  3  15  4  74  5  18  6  90  7  75  8  45  9  13
  0  89  1  60  2  50  3  84  4  13  5  8  6  21  7  79  8  48  9  74
  0  59  1  44  2  61  3  73  4  72  5  30  6  55  7  34  8  59  9  72
  0  91  1  15  2  41  3  81  4  34  5  5  6  37  7  77  8  76  9  86
  0  35  1  79  2  73  3  41  4  6  5  21  6  70  7  29  8  55  9  53
  0  7  1  71  2  18  3  60  4  45  5  13  6  36  7  97  8  42  9  54
  0  79  1  27  2  70  3  66  4  88  5  98  6  51  7  31  8  70  9  33
  0  61  1  86  2  49  3  73  4  18  5  46  6  74  7  16  8  71  9  32
  0  36  1  58  2  35  3  53  4  15  5  3  6  50  7  93  8  11  9  15
  0  63  1  10  2  88  3  18  4  53  5  48  6  50  7  76  8  48  9  36
  0  21  1  11  2  11  3  93  4  16  5  20  6  86  7  76  8  12  9  28
  0  46  1  64  2  40  3  72  4  54  5  25  6  97  7  2  8  60  9  33
  0  11  1  46  2  88  3  37  4  19  5  82  6  66  7  82  8  64  9  8
  0  28  1  32  2  89  3  93  4  79  5  70  6  88  7  77  8  7  9  57
  0  71  1  23  2  66  3  69  4  23  5  56  6  3  7  56  8  67  9  44
  0  52  1  90  2  78  3  91  4  53  5  97  6  2  7  66  8  75  9  83
  0  51  1  69  2  11  3  1  4  25  5  22  6  13  7  26  8  47  9  35
  0  68  1  32  2  13  3  75  4  44  5  85  6  16  7  51  8  31  9  91
  0  73  1  74  2  87  3  72  4  84  5  84  6  55  7  69  8  69  9  24
  0  85  1  63  2  5  3  21  4  30  5  95  6  32  7  96  8  43  9  14
  0  1  1  18  2  28  3  65  4  93  5  69  6  26  7  47  8  25  9  83
  0  5  1  43  2  22  3  97  4  21  5  32  6  22  7  87  8  56  9  51
  0  57  1  17  2  41  3  30  4  94  5  3  6  31  7  41  8  62  9  73
  0  92  1  34  2  81  3  82  4  5  5  42  6  75  7  92  8  3  9  83
  0  36  1  62  2  3  3  94  4  65  5  73  6  93  7  64  8  15  9  99
  0  82  1  63  2  1  3  13  4  24  5  83  6  69  7  41  8  76  9  29
  0  23  1  67  2  73  3  30  4  51  5  17  6  82  7  66  8  19  9  45
  0  99  1  20  2  9  3  77  4  18  5  1  6  10  7  20  8  37  9  13
  0  10  1  52  2  26  3  46  4  39  5  88  6  56  7  22  8  53  9  42
  0  42  1  24  2  70  3  52  4  86  5  92  6  94  7  43  8  9  9  63
  0  89  1  32  2  85  3  74  4  81  5  4  6  58  7  84  8  15  9  15
  0  69  1  64  2  84  3  8  4  40  5  59  6  11  7  30  8  98  9  37
  0  46  1  97  2  15  3  60  4  13  5  57  6  20  7  57  8  28  9  17
  0  93  1  79  2  51  3  67  4  64  5  64  6  66  7  96  8  44  9  40
  0  88  1  92  2  2  3  52  4  38  5  63  6  44  7  84  8  57  9  29
  0  52  1  19  2  25  3  79  4  1  5  42  6  11  7  70  8  53  9  3
  0  88  1  26  2  15  3  79  4  71  5  71  6  80  7  98  8  55  9  97
  0  12  1  33  2  91  3  44  4  31  5  54  6  2  7  46  8  21  9  23
  0  21  1  85  2  56  3  49  4  44  5  45  6  16  7  45  8  75  9  38
  0  53  1  57  2  45  3  90  4  12  5  50  6  18  7  73  8  19  9  84
  0  16  1  28  2  11  3  97  4  37  5  20  6  45  7  93  8  27  9  20
  0  16  1  94  2  46  3  9  4  87  5  7  6  33  7  32  8  92  9  14
  0  71  1  64  2  78  3  89  4  89  5  62  6  86  7  98  8  60  9  12
  0  2  1  22  2  89  3  93  4  4  5  40  6  89  7  28  8  20  9  39
  0  98  1  78  2  41  3  41  4  78  5  15  6  64  7  64  8  99  9  63
  0  75  1  64  2  12  3  11  4  72  5  18  6  42  7  30  8  9  9  51
  0  71  1  31  2  89  3  9  4  96  5  81  6  70  7  35  8  63  9  33
  0  21  1  6  2  22  3  49  4  71  5  26  6  64  7  26  8  43  9  93
  0  26  1  41  2  25  3  81  4  64  5  96  6  72  7  4  8  48  9  11
  0  10  1  54  2  24  3  82  4  85  5  36  6  36  7  62  8  99  9  29
  0  27  1  59  2  3  3  53  4  33  5  93  6  45  7  31  8  53  9  74
  0  19  1  57  2  73  3  55  4  15  5  22  6  47  7  99  8  99  9  53
  0  82  1  56  2  85  3  76  4  90  5  28  6  28  7  91  8  78  9  91
  0  98  1  38  2  98  3  88  4  8  5  84  6  92  7  3  8  66  9  57
  0  96  1  99  2  26  3  15  4  77  5  73  6  32  7  12  8  28  9  55
  0  69  1  20  2  42  3  51  4  96  5  4  6  50  7  36  8  96  9  57
  0  75  1  4  2  87  3  48  4  48  5  58  6  69  7  50  8  87  9  4
  0  1  1  29  2  45  3  49  4  38  5  23  6  52  7  50  8  79  9  47
  0  29  1  55  2  82  3  1  4  55  5  14  6  65  7  46  8  79  9  81
  0  9  1  11  2  53  3  19  4  1  5  18  6  97  7  66  8  10  9  47
  0  34  1  56  2  80  3  89  4  52  5  77  6  68  7  31  8  86  9  21
  0  72  1  96  2  24  3  50  4  30  5  39  6  72  7  93  8  82  9  31
  0  56  1  49  2  23  3  25  4  14  5  40  6  84  7  72  8  20  9  67
  0  38  1  14  2  71  3  49  4  99  5  2  6  73  7  48  8  67  9  84
  0  46  1  4  2  40  3  97  4  35  5  50  6  92  7  22  8  74  9  73
  0  97  1  8  2  63  3  31  4  33  5  68  6  36  7  50  8  1  9  11
  0  42  1  72  2  55  3  38  4  67  5  10  6  19  7  50  8  65  9  31
  0  27  1  25  2  74  3  99  4  28  5  55  6  39  7  20  8  39  9  85
  0  65  1  68  2  30  3  44  4  82  5  26  6  76  7  6  8  78  9  19
  0  28  1  99  2  38  3  53  4  49  5  50  6  15  7  93  8  61  9  38
  0  85  1  5  2  76  3  88  4  90  5  93  6  93  7  50  8  63  9  84
  0  28  1  6  2  79  3  29  4  57  5  30  6  97  7  41  8  27  9  94
  0  71  1  95  2  53  3  77  4  38  5  38  6  98  7  27  8  36  9  90
  0  14  1  89  2  94  3  56  4  83  5  8  6  90  7  52  8  10  9  30
  0  86  1  26  2  7  3  10  4  73  5  34  6  25  7  75  8  94  9  91
  0  97  1  90  2  25  3  14  4  83  5  53  6  21  7  12  8  69  9  90
  0  77  1  24  2  28  3  51  4  53  5  78  6  58  7  9  8  47  9  25
  0  61  1  12  2  39  3  83  4  12  5  65  6  33  7  99  8  42  9  10
  0  59  1  2  2  40  3  43  4  25  5  89  6  35  7  5  8  18  9  18
  0  18  1  8  2  13  3  49  4  19  5  86  6  25  7  74  8  46  9  14
  0  9  1  44  2  49  3  86  4  4  5  55  6  68  7  87  8  71  9  72
  0  80  1  83  2  82  3  2  4  47  5  95  6  33  7  22  8  41  9  82
  0  11  1  59  2  89  3  90  4  41  5  55  6  66  7  81  8  74  9  53
  0  33  1  40  2  2  3  26  4  87  5  12  6  13  7  95  8  91  9  37
  0  26  1  32  2  76  3  66  4  52  5  29  6  49  7  90  8  88  9  93
  0  47  1  5  2  36  3  94  4  18  5  98  6  90  7  62  8  15  9  42
  0  66  1  32  2  45  3  2  4  27  5  68  6  6  7  19  8  53  9  20
  0  84  1  19  2  61  3  91  4  32  5  51  6  61  7  32  8  16  9  61
  0  7  1  67  2  15  3  61  4  77  5  40  6  26  7  33  8  14  9  25
  0  70  1  93  2  69  3  37  4  45  5  7  6  64  7  51  8  44  9  6
  0  59  1  96  2  39  3  84  4  70  5  95  6  10  7  47  8  4  9  63
  0  54  1  41  2  80  3  92  4  18  5  12  6  74  7  71  8  26  9  44
  0  91  1  30  2  7  3  82  4  52  5  1  6  38  7  58  8  69  9  40
  0  62  1  44  2  21  3  56  4  38  5  30  6  70  7  22  8  41  9  86
  0  73  1  85  2  14  3  54  4  76  5  97  6  46  7  87  8  15  9  22
  0  20  1  24  2  29  3  97  4  58  5  76  6  85  7  64  8  65  9  54
  0  72  1  81  2  28  3  73  4  78  5  85  6  52  7  95  8  7  9  83
  0  17  1  21  2  66  3  68  4  81  5  24  6  41  7  96  8  99  9  88
  0  39  1  81  2  97  3  14  4  59  5  79  6  26  7  60  8  42  9  76
  0  7  1  90  2  82  3  3  4  28  5  5  6  22  7  28  8  42  9  69
  0  49  1  23  2  94  3  23  4  81  5  89  6  82  7  65  8  96  9  84
  0  97  1  86  2  40  3  97  4  38  5  95  6  42  7  61  8  72  9  44
  0  94  1  94  2  85  3  56  4  84  5  19  6  59  7  19  8  94  9  86
  0  54  1  82  2  97  3  17  4  95  5  84  6  19  7  35  8  80  9  91
  0  40  1  41  2  69  3  21  4  61  5  78  6  11  7  1  8  64  9  60
  0  27  1  53  2  20  3  81  4  59  5  36  6  41  7  22  8  36  9  67
  0  91  1  21  2  29  3  14  4  75  5  75  6  5  7  19  8  79  9  97
  0  82  1  10  2  46  3  28  4  60  5  5  6  98  7  86  8  72  9  4
  0  38  1  29  2  80  3  36  4  93  5  11  6  27  7  9  8  88  9  92
  0  83  1  72  2  58  3  49  4  91  5  84  6  33  7  41  8  70  9  58
  0  64  1  78  2  29  3  23  4  67  5  88  6  29  7  20  8  97  9  45
  0  69  1  24  2  3  3  50  4  90  5  61  6  94  7  61  8  26  9  52
  0  42  1  90  2  44  3  26  4  92  5  47  6  60  7  63  8  49  9  87
  0  7  1  56  2  79  3  86  4  3  5  29  6  30  7  49  8  48  9  18
  0  57  1  32  2  38  3  29  4  24  5  41  6  76  7  17  8  4  9  22
  0  33  1  35  2  93  3  58  4  72  5  90  6  44  7  48  8  38  9  62
  0  27  1  25  2  90  3  87  4  31  5  39  6  26  7  21  8  40  9  22
  0  6  1  22  2  29  3  85  4  2  5  29  6  94  7  50  8  22  9  12
  0  2  1  87  2  64  3  24  4  11  5  23  6  38  7  97  8  13  9  43
  0  20  1  42  2  97  3  91  4  64  5  45  6  25  7  60  8  57  9  87
  0  78  1  97  2  2  3  24  4  12  5  1  6  76  7  80  8  32  9  59
  0  76  1  75  2  72  3  62  4  74  5  80  6  37  7  94  8  22  9  51
  0  51  1  82  2  89  3  6  4  18  5  63  6  31  7  43  8  70  9  81
  0  96  1  14  2  2  3  52  4  52  5  88  6  60  7  31  8  62  9  83
  0  83  1  84  2  52  3  57  4  99  5  56  6  57  7  62  8  94  9  63
  0  24  1  24  2  64  3  72  4  20  5  2  6  71  7  45  8  61  9  17
  0  79  1  44  2  83  3  78  4  44  5  44  6  85  7  47  8  79  9  87
  0  54  1  87  2  21  3  73  4  25  5  27  6  70  7  90  8  45  9  20
  0  79  1  5  2  53  3  60  4  6  5  77  6  70  7  26  8  69  9  76
  0  89  1  21  2  62  3  96  4  93  5  56  6  18  7  16  8  46  9  5
  0  24  1  38  2  30  3  82  4  42  5  6  6  35  7  74  8  72  9  89
  0  10  1  1  2  66  3  77  4  36  5  73  6  84  7  21  8  92  9  18
  0  48  1  29  2  12  3  30  4  34  5  92  6  44  7  17  8  9  9  89
  0  89  1  35  2  4  3  10  4  62  5  7  6  72  7  95  8  88  9  10
  0  95  1  90  2  63  3  47  4  6  5  20  6  12  7  48  8  58  9  82
  0  27  1  61  2  71  3  9  4  91  5  40  6  10  7  98  8  91  9  26
  0  81  1  72  2  88  3  82  4  76  5  86  6  9  7  44  8  64  9  89
  0  52  1  65  2  30  3  34  4  55  5  98  6  25  7  56  8  33  9  38
  0  36  1  1  2  1  3  88  4  29  5  52  6  52  7  67  8  5  9  83
  0  29  1  44  2  76  3  54  4  28  5  62  6  54  7  11  8  17  9  21
  0  94  1  66  2  60  3  89  4  69  5  71  6  75  7  87  8  27  9  92
  0  68  1  69  2  81  3  71  4  32  5  75  6  37  7  30  8  84  9  48
  0  39  1  28  2  90  3  26  4  10  5  8  6  8  7  59  8  97  9  82
  0  26  1  13  2  69  3  38  4  9  5  55  6  7  7  60  8  50  9  42
  0  93  1  17  2  98  3  36  4  7  5  49  6  28  7  42  8  40  9  46
  0  43  1  38  2  32  3  18  4  49  5  24  6  76  7  87  8  41  9  27
  0  23  1  59  2  61  3  36  4  20  5  48  6  59  7  54  8  38  9  66
  0  49  1  86  2  80  3  2  4  20  5  4  6  76  7  45  8  83  9  55
  0  6  1  36  2  44  3  15  4  5  5  50  6  18  7  85  8  45  9  32
  0  55  1  93  2  95  3  56  4  37  5  57  6  5  7  75  8  36  9  98
  0  61  1  64  2  76  3  40  4  21  5  2  6  41  7  8  8  8  9  28
  0  84  1  26  2  32  3  69  4  70  5  74  6  80  7  25  8  45  9  50
  0  63  1  61  2  92  3  54  4  31  5  48  6  59  7  84  8  7  9  29
  0  27  1  20  2  74  3  35  4  79  5  17  6  25  7  53  8  86  9  56
  0  68  1  26  2  4  3  13  4  42  5  46  6  68  7  36  8  84  9  54
  0  22  1  57  2  53  3  80  4  9  5  74  6  99  7  64  8  20  9  72
  0  39  1  53  2  87  3  70  4  78  5  68  6  41  7  27  8  79  9  77
  0  93  1  23  2  77  3  25  4  6  5  18  6  83  7  2  8  48  9  35
  0  42  1  56  2  77  3  37  4  16  5  75  6  73  7  91  8  20  9  95
  0  3  1  21  2  38  3  24  4  32  5  24  6  74  7  61  8  86  9  74
  0  48  1  75  2  15  3  57  4  7  5  65  6  41  7  87  8  34  9  5
  0  82  1  31  2  81  3  57  4  80  5  19  6  27  7  15  8  70  9  12
  0  66  1  87  2  78  3  75  4  67  5  49  6  44  7  73  8  67  9  19
  0  76  1  62  2  68  3  34  4  16  5  73  6  77  7  50  8  51  9  16
  0  94  1  53  2  11  3  3  4  31  5  90  6  37  7  26  8  40  9  50
  0  97  1  12  2  60  3  45  4  9  5  28  6  20  7  70  8  67  9  32
  0  60  1  53  2  14  3  83  4  59  5  22  6  75  7  61  8  66  9  37
  0  66  1  41  2  95  3  81  4  35  5  47  6  23  7  97  8  93  9  75
  0  84  1  19  2  67  3  41  4  76  5  31  6  42  7  13  8  11  9  62
  0  12  1  33  2  61  3  86  4  39  5  31  6  11  7  90  8  89  9  76
  0  96  1  43  2  6  3  47  4  91  5  54  6  21  7  85  8  88  9  29
  0  35  1  82  2  65  3  36  4  5  5  16  6  43  7  65  8  18  9  12
  0  86  1  32  2  50  3  32  4  78  5  46  6  31  7  90  8  94  9  73
  0  64  1  48  2  47  3  41  4  78  5  62  6  65  7  71  8  99  9  55
  0  62  1  41  2  86  3  55  4  65  5  4  6  51  7  25  8  38  9  26
  0  64  1  52  2  15  3  20  4  21  5  3  6  22  7  68  8  11  9  43
  0  55  1  86  2  24  3  74  4  46  5  64  6  80  7  60  8  26  9  63
  0  65  1  16  2  80  3  99  4  11  5  98  6  45  7  5  8  60  9  26
  0  89  1  49  2  97  3  5  4  94  5  97  6  24  7  40  8  1  9  97
  0  34  1  66  2  16  3  32  4  4  5  24  6  73  7  1  8  98  9  62
  0  9  1  94  2  76  3  49  4  78  5  78  6  10  7  11  8  39  9  6
  0  1  1  49  2  80  3  28  4  24  5  87  6  48  7  72  8  26  9  59
  0  31  1  85  2  97  3  33  4  74  5  90  6  53  7  35  8  63  9  1
TPM
  0  1591  1  1591  2  1591  3  1591  4  1591  5  1591  6  1591  7  1591  8  1591  9  1591
PMT
  0  7  1  24  2  56  3  47  4  41  5  40  6  71  7  42  8  20  9  66
  0  45  1  41  2  41  3  68  4  32  5  11  6  28  7  47  8  21  9  61
  0  42  1  71  2  19  3  68  4  30  5  7  6  6  7  22  8  28  9  14
  0  72  1  50  2  57  3  60  4  11  5  72  6  66  7  38  8  55  9  18
  0  30  1  16  2  72  3  62  4  13  5  18  6  45  7  14  8  18  9  29
  0  6  1  72  2  7  3  3  4  73  5  63  6  25  7  45  8  50  9  70
  0  26  1  38  2  8  3  48  4  40  5  47  6  30  7  44  8  20  9  60
  0  39  1  56  2  53  3  70  4  11  5  6  6  1  7  64  8  52  9  4
  0  41  1  51  2  69  3  16  4  30  5  46  6  53  7  28  8  70  9  31
  0  61  1  13  2  28  3  63  4  68  5  10  6  62  7  59  8  70  9  34
  0  63  1  4  2  56  3  13  4  58  5  66  6  41  7  18  8  21  9  65
  0  44  1  2  2  70  3  37  4  10  5  69  6  55  7  47  8  45  9  27
  0  55  1  7  2  43  3  9  4  40  5  30  6  57  7  69  8  72  9  57
