50  5
  0  36  1  10  2  30  3  76  4  64
  0  99  1  39  2  79  3  7  4  49
  0  60  1  60  2  43  3  32  4  72
  0  71  1  77  2  47  3  92  4  36
  0  57  1  92  2  25  3  73  4  78
  0  96  1  82  2  14  3  17  4  48
  0  9  1  15  2  86  3  21  4  57
  0  26  1  31  2  71  3  87  4  68
  0  83  1  81  2  78  3  18  4  51
  0  41  1  97  2  10  3  27  4  23
  0  50  1  15  2  14  3  76  4  9
  0  44  1  25  2  47  3  93  4  76
  0  95  1  4  2  51  3  30  4  17
  0  19  1  68  2  22  3  74  4  49
  0  92  1  70  2  59  3  99  4  61
  0  50  1  88  2  68  3  72  4  97
  0  23  1  18  2  21  3  30  4  15
  0  4  1  1  2  27  3  88  4  67
  0  54  1  77  2  45  3  74  4  97
  0  4  1  56  2  39  3  75  4  11
  0  68  1  95  2  4  3  21  4  53
  0  78  1  19  2  91  3  61  4  35
  0  39  1  27  2  60  3  83  4  98
  0  39  1  86  2  90  3  20  4  7
  0  27  1  24  2  29  3  37  4  96
  0  9  1  32  2  50  3  11  4  99
  0  4  1  12  2  40  3  31  4  61
  0  2  1  9  2  27  3  24  4  94
  0  77  1  68  2  76  3  83  4  6
  0  54  1  90  2  69  3  7  4  10
  0  75  1  11  2  21  3  15  4  50
  0  94  1  84  2  65  3  79  4  78
  0  63  1  1  2  93  3  13  4  67
  0  34  1  91  2  38  3  96  4  83
  0  13  1  36  2  48  3  5  4  3
  0  49  1  8  2  47  3  20  4  21
  0  3  1  94  2  63  3  14  4  79
  0  70  1  12  2  10  3  44  4  10
  0  3  1  92  2  72  3  26  4  98
  0  71  1  81  2  39  3  12  4  4
  0  13  1  21  2  88  3  10  4  84
  0  89  1  76  2  2  3  86  4  62
  0  22  1  60  2  56  3  35  4  71
  0  36  1  38  2  57  3  71  4  61
  0  13  1  13  2  5  3  91  4  74
  0  42  1  88  2  17  3  61  4  41
  0  29  1  15  2  82  3  45  4  16
  0  31  1  97  2  73  3  94  4  13
  0  43  1  81  2  48  3  27  4  99
  0  77  1  73  2  41  3  58  4  70
TPM
  0  1039  1  1039  2  1039  3  1039  4  1039
PMT
  0  52  1  50  2  28  3  57  4  27
  0  71  1  81  2  96  3  45  4  48
  0  41  1  91  2  37  3  33  4  54
  0  95  1  25  2  34  3  4  4  16
  0  93  1  49  2  51  3  70  4  62
