200  10
  0  51  1  71  2  2  3  98  4  16  5  95  6  97  7  12  8  8  9  23
  0  81  1  77  2  30  3  47  4  28  5  5  6  3  7  99  8  11  9  89
  0  79  1  25  2  94  3  1  4  15  5  93  6  39  7  49  8  13  9  72
  0  29  1  88  2  58  3  31  4  69  5  28  6  93  7  68  8  2  9  63
  0  6  1  87  2  34  3  57  4  28  5  50  6  83  7  20  8  69  9  85
  0  84  1  68  2  44  3  37  4  7  5  81  6  34  7  76  8  83  9  59
  0  34  1  16  2  44  3  61  4  50  5  93  6  7  7  92  8  49  9  20
  0  78  1  45  2  84  3  1  4  47  5  26  6  49  7  87  8  92  9  19
  0  21  1  12  2  28  3  75  4  10  5  98  6  58  7  18  8  22  9  90
  0  21  1  6  2  90  3  92  4  33  5  9  6  49  7  43  8  71  9  58
  0  48  1  70  2  60  3  7  4  31  5  78  6  30  7  99  8  20  9  77
  0  83  1  23  2  96  3  57  4  87  5  16  6  52  7  64  8  57  9  36
  0  59  1  23  2  22  3  24  4  89  5  32  6  72  7  5  8  61  9  8
  0  46  1  24  2  21  3  60  4  81  5  7  6  67  7  27  8  63  9  80
  0  80  1  8  2  33  3  10  4  23  5  50  6  32  7  30  8  7  9  8
  0  14  1  73  2  64  3  55  4  31  5  28  6  53  7  33  8  92  9  81
  0  84  1  62  2  37  3  21  4  61  5  47  6  77  7  9  8  58  9  53
  0  7  1  50  2  85  3  36  4  71  5  15  6  18  7  62  8  57  9  91
  0  76  1  24  2  37  3  74  4  94  5  64  6  70  7  21  8  19  9  62
  0  72  1  29  2  6  3  27  4  82  5  14  6  29  7  12  8  85  9  86
  0  6  1  54  2  95  3  76  4  3  5  92  6  79  7  33  8  87  9  11
  0  89  1  6  2  25  3  28  4  42  5  89  6  47  7  23  8  40  9  82
  0  36  1  60  2  45  3  95  4  99  5  65  6  42  7  98  8  45  9  54
  0  45  1  21  2  51  3  27  4  43  5  7  6  14  7  75  8  90  9  14
  0  26  1  58  2  77  3  10  4  83  5  55  6  43  7  80  8  59  9  98
  0  15  1  80  2  68  3  36  4  93  5  84  6  32  7  88  8  6  9  7
  0  97  1  95  2  94  3  99  4  74  5  61  6  37  7  73  8  16  9  54
  0  88  1  68  2  18  3  12  4  98  5  76  6  45  7  61  8  55  9  13
  0  4  1  53  2  48  3  61  4  95  5  68  6  54  7  61  8  55  9  52
  0  87  1  98  2  36  3  76  4  76  5  20  6  97  7  42  8  43  9  91
  0  20  1  68  2  10  3  63  4  36  5  25  6  55  7  10  8  68  9  23
  0  96  1  62  2  96  3  46  4  67  5  57  6  10  7  8  8  11  9  46
  0  13  1  56  2  30  3  72  4  76  5  57  6  35  7  86  8  76  9  51
  0  5  1  58  2  49  3  28  4  41  5  23  6  43  7  96  8  77  9  45
  0  73  1  35  2  86  3  14  4  89  5  31  6  77  7  80  8  18  9  73
  0  5  1  18  2  35  3  47  4  99  5  54  6  95  7  21  8  14  9  11
  0  11  1  64  2  38  3  54  4  43  5  14  6  23  7  31  8  89  9  70
  0  23  1  54  2  47  3  15  4  45  5  56  6  76  7  55  8  62  9  29
  0  39  1  57  2  24  3  12  4  44  5  17  6  93  7  6  8  39  9  68
  0  60  1  12  2  36  3  52  4  40  5  41  6  53  7  76  8  44  9  27
  0  17  1  36  2  73  3  38  4  38  5  1  6  94  7  89  8  87  9  64
  0  77  1  81  2  9  3  19  4  11  5  25  6  50  7  1  8  31  9  21
  0  11  1  21  2  23  3  19  4  29  5  83  6  81  7  66  8  48  9  36
  0  47  1  10  2  54  3  26  4  38  5  32  6  62  7  47  8  59  9  19
  0  94  1  97  2  60  3  2  4  76  5  90  6  58  7  8  8  51  9  82
  0  61  1  26  2  84  3  23  4  49  5  66  6  4  7  19  8  12  9  57
  0  7  1  84  2  27  3  36  4  19  5  22  6  54  7  5  8  96  9  35
  0  64  1  60  2  5  3  90  4  21  5  32  6  4  7  72  8  10  9  71
  0  35  1  89  2  57  3  81  4  93  5  35  6  92  7  97  8  16  9  16
  0  53  1  26  2  25  3  82  4  28  5  19  6  19  7  47  8  84  9  56
  0  83  1  59  2  37  3  36  4  68  5  71  6  48  7  3  8  68  9  36
  0  63  1  82  2  78  3  92  4  21  5  79  6  37  7  42  8  5  9  64
  0  56  1  28  2  10  3  66  4  12  5  63  6  48  7  31  8  51  9  74
  0  17  1  22  2  29  3  39  4  5  5  74  6  72  7  67  8  6  9  24
  0  60  1  25  2  64  3  67  4  49  5  12  6  79  7  44  8  79  9  46
  0  40  1  25  2  58  3  3  4  58  5  56  6  88  7  29  8  34  9  1
  0  2  1  17  2  68  3  66  4  3  5  14  6  99  7  15  8  44  9  97
  0  36  1  87  2  85  3  50  4  13  5  11  6  2  7  10  8  87  9  35
  0  46  1  71  2  54  3  47  4  93  5  83  6  53  7  54  8  94  9  51
  0  86  1  17  2  45  3  37  4  80  5  90  6  39  7  42  8  51  9  2
  0  48  1  79  2  56  3  72  4  62  5  95  6  60  7  52  8  78  9  94
  0  25  1  41  2  31  3  62  4  5  5  4  6  71  7  10  8  25  9  5
  0  78  1  72  2  57  3  24  4  44  5  41  6  24  7  26  8  37  9  2
  0  93  1  89  2  89  3  24  4  60  5  35  6  24  7  13  8  9  9  91
  0  16  1  21  2  99  3  86  4  86  5  82  6  51  7  78  8  41  9  15
  0  82  1  32  2  8  3  7  4  50  5  26  6  52  7  79  8  91  9  37
  0  59  1  93  2  61  3  39  4  13  5  37  6  20  7  20  8  18  9  26
  0  12  1  85  2  34  3  87  4  45  5  29  6  34  7  16  8  52  9  60
  0  91  1  28  2  9  3  45  4  59  5  38  6  18  7  82  8  11  9  51
  0  8  1  22  2  31  3  37  4  90  5  20  6  1  7  22  8  82  9  50
  0  5  1  28  2  75  3  50  4  44  5  39  6  22  7  56  8  56  9  69
  0  72  1  49  2  49  3  73  4  65  5  35  6  29  7  18  8  68  9  13
  0  51  1  95  2  19  3  12  4  43  5  71  6  20  7  8  8  74  9  75
  0  70  1  33  2  60  3  83  4  55  5  56  6  48  7  65  8  16  9  89
  0  1  1  66  2  74  3  49  4  82  5  72  6  89  7  75  8  22  9  72
  0  59  1  93  2  94  3  3  4  3  5  70  6  51  7  58  8  88  9  88
  0  95  1  89  2  86  3  60  4  73  5  27  6  61  7  35  8  35  9  2
  0  42  1  86  2  78  3  53  4  23  5  74  6  95  7  40  8  94  9  23
  0  60  1  95  2  98  3  58  4  48  5  5  6  59  7  92  8  72  9  77
  0  37  1  54  2  64  3  52  4  7  5  5  6  49  7  61  8  53  9  75
  0  83  1  29  2  39  3  32  4  67  5  96  6  85  7  46  8  33  9  85
  0  71  1  18  2  79  3  52  4  49  5  1  6  11  7  79  8  17  9  8
  0  90  1  31  2  9  3  6  4  20  5  48  6  84  7  21  8  3  9  63
  0  43  1  22  2  60  3  72  4  74  5  48  6  5  7  80  8  30  9  94
  0  78  1  17  2  86  3  82  4  28  5  75  6  22  7  69  8  69  9  50
  0  31  1  78  2  52  3  39  4  46  5  50  6  40  7  54  8  51  9  49
  0  66  1  76  2  93  3  80  4  24  5  4  6  41  7  87  8  95  9  13
  0  26  1  55  2  55  3  33  4  83  5  21  6  71  7  73  8  82  9  72
  0  2  1  86  2  83  3  98  4  67  5  43  6  96  7  5  8  42  9  46
  0  12  1  11  2  86  3  18  4  20  5  11  6  18  7  39  8  58  9  37
  0  8  1  21  2  45  3  74  4  26  5  32  6  82  7  22  8  86  9  20
  0  44  1  75  2  70  3  2  4  81  5  96  6  12  7  7  8  7  9  91
  0  82  1  90  2  52  3  11  4  22  5  71  6  88  7  33  8  79  9  40
  0  73  1  14  2  73  3  51  4  61  5  4  6  88  7  5  8  81  9  57
  0  64  1  61  2  76  3  2  4  32  5  56  6  59  7  32  8  25  9  11
  0  26  1  44  2  57  3  54  4  30  5  35  6  47  7  94  8  17  9  24
  0  31  1  14  2  58  3  71  4  86  5  70  6  49  7  4  8  86  9  39
  0  51  1  79  2  12  3  14  4  96  5  33  6  30  7  53  8  78  9  97
  0  9  1  58  2  4  3  99  4  99  5  95  6  83  7  54  8  49  9  14
  0  75  1  20  2  85  3  13  4  12  5  92  6  10  7  67  8  83  9  43
  0  95  1  17  2  44  3  25  4  47  5  64  6  76  7  7  8  95  9  44
  0  27  1  20  2  30  3  72  4  92  5  8  6  84  7  70  8  25  9  22
  0  30  1  25  2  83  3  13  4  45  5  34  6  62  7  95  8  66  9  49
  0  43  1  98  2  36  3  17  4  84  5  13  6  6  7  68  8  36  9  22
  0  50  1  23  2  19  3  58  4  21  5  95  6  45  7  22  8  24  9  29
  0  43  1  72  2  6  3  95  4  16  5  53  6  2  7  22  8  59  9  32
  0  44  1  45  2  6  3  53  4  64  5  12  6  76  7  46  8  34  9  55
  0  49  1  31  2  7  3  32  4  95  5  3  6  76  7  91  8  18  9  5
  0  68  1  17  2  6  3  25  4  7  5  63  6  95  7  51  8  35  9  63
  0  84  1  82  2  94  3  4  4  55  5  98  6  77  7  69  8  98  9  10
  0  95  1  22  2  42  3  49  4  62  5  56  6  23  7  78  8  55  9  44
  0  66  1  28  2  10  3  75  4  55  5  81  6  75  7  35  8  98  9  71
  0  14  1  93  2  41  3  63  4  36  5  92  6  71  7  34  8  9  9  53
  0  8  1  70  2  65  3  34  4  90  5  43  6  7  7  27  8  95  9  42
  0  81  1  58  2  49  3  69  4  78  5  41  6  10  7  25  8  72  9  89
  0  52  1  38  2  96  3  89  4  63  5  24  6  47  7  3  8  39  9  68
  0  34  1  23  2  36  3  79  4  34  5  33  6  22  7  44  8  18  9  21
  0  35  1  84  2  42  3  58  4  26  5  16  6  42  7  45  8  67  9  23
  0  67  1  74  2  35  3  34  4  31  5  77  6  10  7  44  8  72  9  44
  0  43  1  16  2  65  3  33  4  92  5  70  6  6  7  25  8  17  9  36
  0  62  1  60  2  87  3  29  4  87  5  87  6  58  7  60  8  9  9  15
  0  98  1  26  2  48  3  9  4  78  5  99  6  53  7  26  8  64  9  40
  0  22  1  44  2  71  3  98  4  57  5  33  6  63  7  58  8  98  9  88
  0  7  1  63  2  96  3  12  4  26  5  29  6  36  7  13  8  9  9  6
  0  26  1  72  2  52  3  64  4  15  5  81  6  63  7  30  8  88  9  49
  0  40  1  58  2  66  3  55  4  13  5  49  6  99  7  68  8  11  9  42
  0  45  1  74  2  73  3  28  4  65  5  87  6  51  7  74  8  64  9  19
  0  42  1  61  2  78  3  35  4  56  5  55  6  80  7  51  8  24  9  83
  0  52  1  9  2  75  3  77  4  43  5  48  6  57  7  6  8  23  9  77
  0  73  1  5  2  91  3  2  4  52  5  88  6  3  7  47  8  90  9  86
  0  18  1  11  2  24  3  45  4  93  5  16  6  10  7  96  8  75  9  47
  0  45  1  71  2  47  3  10  4  35  5  11  6  52  7  12  8  96  9  13
  0  97  1  97  2  67  3  11  4  97  5  58  6  28  7  62  8  32  9  92
  0  96  1  19  2  3  3  15  4  22  5  81  6  33  7  24  8  93  9  69
  0  40  1  70  2  63  3  65  4  66  5  2  6  10  7  5  8  60  9  58
  0  24  1  27  2  32  3  60  4  83  5  7  6  39  7  7  8  40  9  24
  0  65  1  72  2  49  3  58  4  92  5  77  6  5  7  4  8  2  9  61
  0  62  1  37  2  33  3  91  4  68  5  93  6  91  7  82  8  20  9  36
  0  93  1  20  2  34  3  10  4  73  5  89  6  90  7  23  8  4  9  74
  0  75  1  7  2  4  3  79  4  55  5  25  6  22  7  66  8  44  9  54
  0  41  1  28  2  48  3  46  4  24  5  48  6  97  7  44  8  93  9  92
  0  9  1  17  2  47  3  47  4  24  5  30  6  10  7  8  8  34  9  73
  0  94  1  64  2  75  3  1  4  37  5  55  6  47  7  71  8  91  9  66
  0  12  1  80  2  33  3  19  4  59  5  27  6  96  7  54  8  45  9  60
  0  32  1  20  2  47  3  90  4  76  5  14  6  91  7  66  8  65  9  33
  0  36  1  52  2  28  3  47  4  33  5  55  6  45  7  81  8  85  9  82
  0  64  1  86  2  81  3  39  4  97  5  22  6  79  7  90  8  51  9  89
  0  51  1  44  2  55  3  94  4  34  5  33  6  3  7  11  8  36  9  4
  0  7  1  75  2  94  3  40  4  35  5  63  6  90  7  75  8  96  9  89
  0  55  1  75  2  69  3  54  4  29  5  94  6  94  7  22  8  72  9  32
  0  99  1  5  2  13  3  57  4  3  5  95  6  92  7  55  8  12  9  51
  0  58  1  36  2  36  3  44  4  83  5  96  6  60  7  24  8  45  9  26
  0  49  1  54  2  69  3  3  4  97  5  17  6  31  7  19  8  22  9  99
  0  74  1  31  2  69  3  23  4  74  5  16  6  1  7  45  8  75  9  99
  0  52  1  67  2  61  3  64  4  98  5  41  6  55  7  67  8  62  9  13
  0  42  1  28  2  49  3  96  4  67  5  47  6  6  7  42  8  65  9  92
  0  17  1  31  2  1  3  46  4  1  5  35  6  34  7  96  8  64  9  11
  0  58  1  40  2  37  3  15  4  50  5  96  6  74  7  64  8  37  9  79
  0  14  1  79  2  79  3  61  4  32  5  80  6  15  7  26  8  15  9  19
  0  13  1  4  2  58  3  85  4  42  5  22  6  48  7  4  8  41  9  33
  0  1  1  6  2  47  3  84  4  44  5  65  6  31  7  50  8  86  9  8
  0  34  1  41  2  4  3  49  4  9  5  64  6  23  7  18  8  5  9  88
  0  8  1  57  2  55  3  47  4  59  5  30  6  67  7  84  8  82  9  62
  0  96  1  17  2  3  3  90  4  70  5  75  6  14  7  13  8  9  9  50
  0  93  1  59  2  27  3  47  4  31  5  13  6  31  7  31  8  35  9  64
  0  55  1  16  2  34  3  84  4  75  5  27  6  75  7  26  8  20  9  43
  0  84  1  13  2  52  3  95  4  53  5  66  6  87  7  84  8  52  9  73
  0  95  1  28  2  95  3  4  4  73  5  72  6  12  7  34  8  99  9  15
  0  71  1  23  2  12  3  24  4  5  5  51  6  58  7  53  8  1  9  30
  0  22  1  89  2  53  3  29  4  12  5  77  6  26  7  84  8  80  9  19
  0  28  1  79  2  99  3  24  4  32  5  21  6  7  7  74  8  74  9  47
  0  18  1  27  2  24  3  40  4  47  5  60  6  97  7  27  8  89  9  47
  0  68  1  93  2  68  3  97  4  99  5  55  6  32  7  28  8  81  9  39
  0  60  1  18  2  75  3  87  4  34  5  86  6  77  7  83  8  39  9  94
  0  63  1  54  2  44  3  36  4  73  5  8  6  59  7  6  8  52  9  1
  0  58  1  34  2  50  3  64  4  36  5  27  6  48  7  4  8  18  9  68
  0  71  1  69  2  64  3  53  4  91  5  71  6  12  7  71  8  51  9  63
  0  56  1  57  2  35  3  31  4  84  5  68  6  90  7  62  8  74  9  73
  0  73  1  84  2  53  3  48  4  57  5  84  6  73  7  16  8  39  9  59
  0  30  1  79  2  33  3  60  4  56  5  30  6  39  7  28  8  49  9  43
  0  7  1  25  2  24  3  69  4  61  5  21  6  98  7  9  8  33  9  88
  0  43  1  10  2  31  3  9  4  65  5  34  6  40  7  92  8  9  9  89
  0  25  1  77  2  77  3  98  4  96  5  44  6  25  7  85  8  42  9  72
  0  61  1  70  2  41  3  29  4  81  5  21  6  27  7  38  8  97  9  97
  0  50  1  14  2  43  3  93  4  55  5  24  6  86  7  40  8  86  9  22
  0  45  1  52  2  73  3  81  4  22  5  24  6  80  7  94  8  87  9  91
  0  90  1  41  2  68  3  35  4  85  5  31  6  45  7  82  8  32  9  69
  0  44  1  37  2  79  3  12  4  81  5  36  6  45  7  1  8  12  9  25
  0  25  1  1  2  63  3  92  4  66  5  67  6  77  7  8  8  89  9  34
  0  86  1  49  2  39  3  91  4  89  5  24  6  14  7  82  8  10  9  12
  0  89  1  68  2  52  3  84  4  45  5  1  6  88  7  83  8  60  9  33
  0  37  1  55  2  24  3  53  4  20  5  84  6  99  7  2  8  8  9  62
  0  20  1  29  2  93  3  95  4  6  5  97  6  46  7  30  8  38  9  31
  0  45  1  44  2  28  3  60  4  87  5  54  6  65  7  44  8  22  9  12
  0  26  1  30  2  59  3  5  4  88  5  97  6  48  7  79  8  82  9  18
  0  30  1  57  2  57  3  90  4  3  5  99  6  71  7  59  8  61  9  57
  0  8  1  17  2  97  3  3  4  88  5  43  6  66  7  21  8  42  9  53
  0  66  1  33  2  32  3  26  4  76  5  54  6  65  7  49  8  58  9  17
  0  38  1  24  2  12  3  19  4  75  5  76  6  38  7  63  8  82  9  93
  0  60  1  17  2  15  3  77  4  90  5  89  6  27  7  82  8  59  9  15
TPM
  0  2033  1  2033  2  2033  3  2033  4  2033  5  2033  6  2033  7  2033  8  2033  9  2033
PMT
  0  52  1  61  2  25  3  66  4  22  5  54  6  67  7  69  8  28  9  14
  0  28  1  13  2  4  3  71  4  54  5  24  6  28  7  66  8  37  9  16
  0  37  1  27  2  50  3  19  4  65  5  34  6  18  7  69  8  10  9  11
  0  63  1  19  2  24  3  23  4  45  5  41  6  28  7  32  8  2  9  15
  0  22  1  7  2  35  3  60  4  26  5  59  6  63  7  31  8  70  9  56
  0  8  1  29  2  34  3  36  4  9  5  8  6  69  7  37  8  54  9  59
  0  24  1  33  2  12  3  74  4  73  5  33  6  8  7  31  8  26  9  22
  0  12  1  28  2  3  3  16  4  21  5  70  6  69  7  69  8  51  9  35
  0  66  1  21  2  20  3  14  4  8  5  4  6  18  7  4  8  29  9  8
  0  69  1  3  2  59  3  39  4  56  5  31  6  23  7  9  8  57  9  66
