500  20
  0  16  1  81  2  6  3  73  4  56  5  81  6  26  7  10  8  33  9  93  10  4  11  70  12  31  13  15  14  21  15  66  16  89  17  36  18  44  19  20
  0  44  1  10  2  25  3  34  4  92  5  64  6  84  7  76  8  94  9  29  10  24  11  17  12  66  13  35  14  33  15  26  16  53  17  98  18  86  19  25
  0  84  1  99  2  39  3  43  4  34  5  14  6  75  7  16  8  47  9  63  10  66  11  52  12  11  13  93  14  34  15  28  16  78  17  91  18  43  19  97
  0  60  1  96  2  53  3  32  4  64  5  81  6  5  7  17  8  33  9  90  10  28  11  80  12  13  13  79  14  2  15  23  16  60  17  77  18  82  19  71
  0  55  1  67  2  2  3  89  4  92  5  76  6  88  7  8  8  66  9  92  10  69  11  49  12  63  13  65  14  56  15  76  16  29  17  62  18  20  19  87
  0  90  1  72  2  12  3  19  4  22  5  91  6  70  7  51  8  8  9  30  10  52  11  19  12  38  13  11  14  50  15  63  16  24  17  79  18  86  19  93
  0  40  1  19  2  15  3  37  4  16  5  40  6  53  7  89  8  42  9  9  10  27  11  5  12  54  13  22  14  19  15  84  16  24  17  35  18  21  19  47
  0  57  1  10  2  64  3  97  4  79  5  45  6  54  7  28  8  76  9  89  10  44  11  5  12  90  13  65  14  30  15  43  16  17  17  42  18  33  19  60
  0  38  1  43  2  16  3  65  4  85  5  83  6  51  7  25  8  39  9  45  10  27  11  6  12  70  13  70  14  68  15  98  16  20  17  10  18  3  19  67
  0  51  1  56  2  97  3  64  4  17  5  62  6  59  7  25  8  45  9  6  10  57  11  31  12  12  13  75  14  24  15  90  16  78  17  62  18  30  19  87
  0  93  1  98  2  54  3  97  4  93  5  77  6  86  7  64  8  56  9  36  10  31  11  91  12  84  13  93  14  4  15  96  16  26  17  79  18  41  19  18
  0  62  1  80  2  58  3  93  4  17  5  3  6  34  7  26  8  59  9  30  10  99  11  23  12  25  13  10  14  65  15  73  16  56  17  13  18  11  19  88
  0  46  1  40  2  19  3  36  4  43  5  79  6  42  7  25  8  30  9  26  10  11  11  34  12  14  13  28  14  36  15  92  16  61  17  14  18  71  19  48
  0  87  1  22  2  21  3  80  4  75  5  34  6  17  7  55  8  69  9  70  10  1  11  16  12  4  13  31  14  90  15  64  16  29  17  56  18  9  19  78
  0  54  1  52  2  97  3  61  4  27  5  26  6  62  7  26  8  15  9  86  10  11  11  57  12  56  13  38  14  78  15  15  16  95  17  62  18  61  19  46
  0  27  1  59  2  89  3  43  4  99  5  5  6  17  7  64  8  76  9  29  10  23  11  85  12  27  13  45  14  28  15  63  16  13  17  65  18  79  19  38
  0  2  1  85  2  68  3  81  4  89  5  39  6  75  7  79  8  45  9  28  10  48  11  24  12  6  13  3  14  78  15  20  16  65  17  47  18  14  19  53
  0  51  1  69  2  23  3  74  4  85  5  30  6  23  7  82  8  66  9  50  10  99  11  31  12  7  13  67  14  10  15  73  16  45  17  54  18  34  19  29
  0  90  1  3  2  21  3  42  4  66  5  38  6  41  7  44  8  85  9  33  10  41  11  72  12  52  13  11  14  67  15  78  16  77  17  74  18  97  19  36
  0  61  1  1  2  7  3  54  4  70  5  76  6  41  7  15  8  15  9  74  10  99  11  23  12  7  13  95  14  17  15  32  16  51  17  15  18  20  19  69
  0  9  1  25  2  7  3  91  4  12  5  51  6  36  7  30  8  54  9  81  10  64  11  19  12  58  13  49  14  51  15  11  16  92  17  44  18  19  19  13
  0  22  1  55  2  36  3  19  4  76  5  56  6  70  7  3  8  86  9  99  10  28  11  98  12  35  13  77  14  61  15  6  16  95  17  54  18  27  19  63
  0  78  1  96  2  28  3  1  4  98  5  43  6  58  7  53  8  30  9  94  10  40  11  2  12  23  13  15  14  27  15  78  16  88  17  73  18  11  19  36
  0  79  1  71  2  49  3  84  4  27  5  32  6  2  7  36  8  2  9  45  10  61  11  17  12  19  13  1  14  92  15  30  16  8  17  43  18  22  19  88
  0  96  1  38  2  50  3  40  4  7  5  38  6  79  7  62  8  41  9  74  10  64  11  94  12  22  13  23  14  36  15  36  16  3  17  19  18  69  19  33
  0  59  1  16  2  78  3  26  4  52  5  18  6  54  7  30  8  92  9  26  10  4  11  72  12  66  13  76  14  39  15  17  16  94  17  72  18  17  19  35
  0  41  1  26  2  48  3  15  4  87  5  61  6  13  7  9  8  39  9  58  10  54  11  70  12  32  13  19  14  39  15  32  16  63  17  8  18  6  19  2
  0  44  1  79  2  40  3  15  4  68  5  97  6  42  7  44  8  43  9  28  10  86  11  62  12  2  13  33  14  80  15  11  16  34  17  9  18  75  19  13
  0  69  1  59  2  86  3  51  4  18  5  75  6  23  7  74  8  44  9  71  10  36  11  23  12  35  13  8  14  35  15  74  16  91  17  81  18  40  19  62
  0  38  1  82  2  52  3  10  4  44  5  40  6  69  7  72  8  98  9  1  10  86  11  10  12  87  13  20  14  46  15  3  16  44  17  65  18  33  19  96
  0  95  1  47  2  27  3  46  4  21  5  28  6  63  7  64  8  82  9  94  10  58  11  39  12  2  13  74  14  2  15  46  16  97  17  32  18  22  19  67
  0  7  1  85  2  82  3  11  4  42  5  28  6  56  7  79  8  72  9  38  10  88  11  43  12  25  13  13  14  57  15  2  16  42  17  71  18  69  19  46
  0  44  1  94  2  67  3  65  4  85  5  8  6  40  7  42  8  98  9  30  10  40  11  39  12  61  13  28  14  68  15  81  16  41  17  59  18  84  19  64
  0  99  1  3  2  33  3  59  4  50  5  87  6  2  7  97  8  19  9  84  10  69  11  37  12  38  13  27  14  84  15  63  16  76  17  51  18  95  19  68
  0  93  1  97  2  19  3  8  4  51  5  5  6  20  7  36  8  51  9  79  10  47  11  64  12  51  13  35  14  27  15  91  16  93  17  26  18  29  19  16
  0  55  1  27  2  48  3  2  4  83  5  26  6  72  7  76  8  93  9  35  10  14  11  97  12  33  13  34  14  50  15  69  16  48  17  8  18  82  19  43
  0  93  1  42  2  2  3  14  4  87  5  73  6  53  7  90  8  86  9  23  10  3  11  17  12  40  13  71  14  63  15  58  16  59  17  17  18  36  19  80
  0  88  1  56  2  64  3  6  4  79  5  79  6  23  7  98  8  4  9  44  10  72  11  20  12  51  13  91  14  53  15  74  16  3  17  21  18  14  19  5
  0  68  1  15  2  84  3  38  4  42  5  6  6  41  7  76  8  99  9  11  10  29  11  73  12  46  13  74  14  32  15  67  16  1  17  14  18  18  19  43
  0  56  1  32  2  76  3  38  4  62  5  60  6  52  7  33  8  22  9  44  10  33  11  86  12  87  13  74  14  28  15  91  16  15  17  33  18  77  19  76
  0  96  1  12  2  48  3  80  4  82  5  15  6  28  7  61  8  72  9  55  10  13  11  31  12  24  13  5  14  51  15  18  16  24  17  69  18  93  19  5
  0  4  1  75  2  52  3  90  4  97  5  15  6  84  7  67  8  93  9  68  10  39  11  33  12  3  13  10  14  37  15  55  16  48  17  64  18  78  19  66
  0  77  1  59  2  82  3  64  4  9  5  13  6  25  7  34  8  91  9  30  10  19  11  31  12  40  13  10  14  36  15  70  16  62  17  85  18  98  19  31
  0  97  1  42  2  64  3  69  4  25  5  85  6  85  7  77  8  27  9  76  10  32  11  63  12  10  13  24  14  93  15  23  16  96  17  16  18  94  19  12
  0  75  1  41  2  13  3  77  4  55  5  6  6  68  7  83  8  52  9  79  10  13  11  27  12  27  13  96  14  59  15  60  16  30  17  8  18  24  19  51
  0  35  1  65  2  59  3  35  4  68  5  83  6  10  7  62  8  55  9  91  10  27  11  27  12  48  13  91  14  8  15  40  16  7  17  87  18  53  19  87
  0  46  1  26  2  62  3  72  4  67  5  92  6  5  7  34  8  42  9  34  10  34  11  9  12  19  13  14  14  48  15  65  16  59  17  12  18  91  19  16
  0  34  1  28  2  61  3  7  4  36  5  59  6  79  7  37  8  84  9  41  10  15  11  43  12  29  13  93  14  79  15  64  16  83  17  1  18  46  19  69
  0  43  1  14  2  39  3  10  4  61  5  65  6  9  7  40  8  98  9  23  10  91  11  92  12  67  13  32  14  6  15  33  16  26  17  12  18  50  19  17
  0  11  1  20  2  97  3  12  4  95  5  90  6  91  7  74  8  28  9  7  10  4  11  96  12  73  13  81  14  9  15  40  16  75  17  27  18  71  19  45
  0  9  1  69  2  60  3  77  4  70  5  20  6  39  7  35  8  61  9  5  10  87  11  53  12  42  13  38  14  67  15  54  16  49  17  62  18  20  19  53
  0  31  1  13  2  65  3  97  4  30  5  63  6  57  7  11  8  10  9  73  10  85  11  70  12  22  13  42  14  43  15  34  16  42  17  24  18  10  19  97
  0  44  1  82  2  4  3  45  4  65  5  74  6  9  7  37  8  96  9  96  10  82  11  25  12  8  13  31  14  90  15  7  16  68  17  73  18  46  19  59
  0  44  1  40  2  22  3  6  4  75  5  72  6  79  7  99  8  66  9  91  10  38  11  53  12  33  13  79  14  56  15  21  16  3  17  74  18  29  19  26
  0  58  1  19  2  92  3  92  4  59  5  91  6  10  7  9  8  2  9  17  10  79  11  53  12  89  13  29  14  71  15  42  16  16  17  30  18  6  19  91
  0  5  1  83  2  13  3  87  4  45  5  20  6  49  7  33  8  9  9  45  10  52  11  87  12  57  13  91  14  57  15  34  16  63  17  36  18  22  19  40
  0  2  1  84  2  9  3  81  4  92  5  3  6  46  7  74  8  97  9  22  10  52  11  99  12  7  13  73  14  95  15  40  16  55  17  14  18  30  19  61
  0  69  1  58  2  26  3  91  4  28  5  19  6  82  7  5  8  85  9  21  10  97  11  88  12  96  13  59  14  31  15  64  16  31  17  91  18  76  19  96
  0  83  1  97  2  45  3  94  4  2  5  49  6  15  7  98  8  96  9  64  10  93  11  12  12  4  13  49  14  16  15  9  16  11  17  42  18  65  19  37
  0  72  1  17  2  76  3  94  4  73  5  11  6  85  7  45  8  17  9  88  10  14  11  6  12  42  13  43  14  7  15  20  16  3  17  15  18  71  19  4
  0  60  1  61  2  77  3  18  4  66  5  19  6  10  7  12  8  55  9  44  10  99  11  39  12  53  13  9  14  70  15  50  16  75  17  1  18  61  19  95
  0  92  1  49  2  31  3  98  4  51  5  84  6  53  7  97  8  6  9  85  10  38  11  48  12  92  13  83  14  67  15  40  16  41  17  30  18  14  19  73
  0  18  1  45  2  75  3  95  4  39  5  95  6  59  7  97  8  7  9  75  10  88  11  13  12  36  13  95  14  21  15  75  16  97  17  87  18  95  19  26
  0  89  1  93  2  54  3  75  4  3  5  99  6  92  7  63  8  46  9  11  10  57  11  69  12  61  13  4  14  78  15  68  16  27  17  89  18  95  19  32
  0  26  1  75  2  45  3  23  4  56  5  13  6  95  7  38  8  73  9  54  10  44  11  80  12  16  13  83  14  31  15  80  16  52  17  67  18  28  19  1
  0  33  1  54  2  87  3  77  4  60  5  18  6  87  7  95  8  92  9  17  10  1  11  97  12  52  13  27  14  55  15  75  16  95  17  49  18  87  19  88
  0  79  1  30  2  98  3  12  4  29  5  14  6  52  7  11  8  63  9  34  10  94  11  91  12  84  13  16  14  71  15  75  16  92  17  27  18  78  19  90
  0  98  1  21  2  66  3  94  4  60  5  45  6  85  7  49  8  29  9  19  10  52  11  32  12  26  13  94  14  59  15  48  16  54  17  56  18  69  19  64
  0  17  1  34  2  57  3  1  4  18  5  16  6  99  7  43  8  47  9  7  10  23  11  47  12  88  13  53  14  55  15  70  16  83  17  36  18  49  19  46
  0  64  1  98  2  61  3  73  4  29  5  70  6  19  7  93  8  4  9  1  10  5  11  90  12  49  13  91  14  27  15  23  16  81  17  38  18  78  19  62
  0  20  1  72  2  85  3  30  4  86  5  86  6  99  7  26  8  14  9  93  10  5  11  99  12  44  13  30  14  9  15  20  16  13  17  18  18  65  19  29
  0  69  1  45  2  50  3  91  4  56  5  23  6  61  7  74  8  59  9  32  10  39  11  17  12  14  13  79  14  28  15  85  16  4  17  1  18  4  19  14
  0  1  1  1  2  57  3  64  4  39  5  17  6  10  7  80  8  11  9  36  10  83  11  13  12  27  13  7  14  70  15  21  16  90  17  28  18  59  19  2
  0  64  1  10  2  30  3  90  4  41  5  22  6  8  7  35  8  31  9  94  10  39  11  39  12  51  13  31  14  55  15  26  16  57  17  31  18  98  19  67
  0  61  1  63  2  53  3  79  4  34  5  14  6  97  7  83  8  62  9  1  10  70  11  77  12  46  13  46  14  22  15  70  16  19  17  31  18  75  19  73
  0  44  1  79  2  50  3  55  4  29  5  44  6  92  7  93  8  38  9  5  10  31  11  90  12  14  13  77  14  48  15  38  16  32  17  11  18  36  19  34
  0  42  1  22  2  86  3  99  4  84  5  84  6  4  7  44  8  75  9  81  10  79  11  77  12  99  13  79  14  51  15  71  16  57  17  92  18  11  19  5
  0  52  1  35  2  80  3  65  4  24  5  93  6  38  7  77  8  45  9  53  10  60  11  81  12  55  13  60  14  43  15  93  16  92  17  27  18  86  19  1
  0  45  1  81  2  63  3  95  4  38  5  35  6  25  7  44  8  16  9  14  10  94  11  22  12  6  13  84  14  44  15  5  16  55  17  69  18  88  19  60
  0  80  1  13  2  15  3  85  4  85  5  75  6  26  7  11  8  17  9  42  10  99  11  32  12  70  13  83  14  62  15  57  16  82  17  98  18  28  19  84
  0  44  1  38  2  73  3  37  4  36  5  78  6  37  7  28  8  78  9  97  10  61  11  28  12  27  13  76  14  13  15  56  16  76  17  16  18  61  19  30
  0  36  1  65  2  96  3  30  4  3  5  75  6  12  7  63  8  40  9  39  10  83  11  53  12  38  13  82  14  23  15  65  16  14  17  7  18  95  19  52
  0  73  1  13  2  11  3  96  4  58  5  42  6  40  7  56  8  27  9  19  10  22  11  56  12  62  13  90  14  47  15  88  16  97  17  85  18  40  19  96
  0  98  1  37  2  87  3  65  4  50  5  53  6  66  7  50  8  41  9  23  10  76  11  97  12  27  13  87  14  88  15  61  16  28  17  24  18  52  19  99
  0  94  1  10  2  29  3  21  4  41  5  79  6  43  7  4  8  24  9  81  10  70  11  13  12  29  13  88  14  5  15  85  16  93  17  47  18  68  19  61
  0  55  1  45  2  56  3  86  4  34  5  34  6  41  7  90  8  74  9  49  10  75  11  52  12  96  13  5  14  45  15  80  16  48  17  58  18  95  19  73
  0  53  1  68  2  22  3  45  4  87  5  2  6  72  7  29  8  37  9  48  10  41  11  95  12  24  13  55  14  31  15  40  16  97  17  3  18  11  19  31
  0  19  1  60  2  4  3  31  4  4  5  9  6  79  7  22  8  95  9  14  10  39  11  95  12  69  13  93  14  10  15  3  16  10  17  3  18  94  19  63
  0  8  1  30  2  42  3  74  4  50  5  98  6  20  7  83  8  28  9  83  10  35  11  7  12  65  13  13  14  6  15  6  16  49  17  14  18  87  19  55
  0  25  1  1  2  24  3  70  4  59  5  40  6  43  7  74  8  17  9  27  10  50  11  10  12  90  13  57  14  72  15  48  16  68  17  85  18  60  19  44
  0  43  1  5  2  45  3  18  4  99  5  76  6  16  7  94  8  22  9  3  10  69  11  17  12  13  13  35  14  24  15  1  16  22  17  32  18  27  19  22
  0  12  1  28  2  83  3  38  4  30  5  80  6  81  7  93  8  45  9  91  10  10  11  48  12  69  13  36  14  69  15  39  16  90  17  34  18  42  19  71
  0  67  1  48  2  69  3  73  4  68  5  98  6  32  7  89  8  61  9  32  10  62  11  84  12  79  13  71  14  13  15  71  16  25  17  40  18  61  19  12
  0  80  1  52  2  46  3  26  4  40  5  83  6  30  7  25  8  91  9  85  10  61  11  58  12  91  13  10  14  79  15  14  16  33  17  37  18  62  19  42
  0  90  1  42  2  45  3  78  4  87  5  36  6  25  7  84  8  34  9  68  10  51  11  32  12  8  13  72  14  69  15  8  16  98  17  93  18  47  19  5
  0  37  1  41  2  22  3  31  4  56  5  37  6  34  7  56  8  80  9  58  10  49  11  64  12  30  13  2  14  65  15  97  16  89  17  18  18  77  19  2
  0  74  1  83  2  33  3  11  4  92  5  16  6  97  7  26  8  92  9  51  10  34  11  83  12  44  13  28  14  40  15  16  16  82  17  69  18  16  19  45
  0  18  1  36  2  44  3  65  4  9  5  90  6  11  7  11  8  18  9  23  10  99  11  2  12  20  13  93  14  37  15  30  16  33  17  16  18  70  19  15
  0  81  1  80  2  98  3  44  4  14  5  85  6  6  7  91  8  46  9  35  10  51  11  50  12  85  13  8  14  25  15  54  16  63  17  30  18  61  19  62
  0  90  1  74  2  88  3  13  4  3  5  95  6  37  7  97  8  62  9  64  10  47  11  10  12  28  13  45  14  46  15  47  16  30  17  68  18  75  19  86
  0  85  1  49  2  12  3  68  4  57  5  75  6  83  7  43  8  37  9  75  10  95  11  77  12  7  13  9  14  13  15  16  16  13  17  77  18  53  19  50
  0  43  1  21  2  8  3  48  4  7  5  48  6  75  7  27  8  57  9  45  10  79  11  82  12  93  13  20  14  15  15  23  16  37  17  5  18  37  19  44
  0  81  1  24  2  85  3  53  4  49  5  76  6  11  7  42  8  97  9  14  10  49  11  49  12  72  13  8  14  53  15  68  16  98  17  31  18  82  19  95
  0  46  1  96  2  16  3  13  4  22  5  40  6  23  7  65  8  63  9  25  10  20  11  72  12  57  13  13  14  98  15  65  16  82  17  40  18  93  19  75
  0  61  1  68  2  37  3  82  4  79  5  12  6  3  7  11  8  91  9  73  10  57  11  42  12  28  13  21  14  54  15  61  16  78  17  95  18  44  19  72
  0  9  1  29  2  87  3  42  4  32  5  17  6  96  7  66  8  56  9  80  10  39  11  51  12  69  13  95  14  70  15  65  16  29  17  83  18  97  19  17
  0  81  1  94  2  85  3  33  4  17  5  28  6  35  7  64  8  32  9  58  10  31  11  46  12  76  13  74  14  17  15  73  16  80  17  49  18  40  19  85
  0  1  1  88  2  97  3  56  4  40  5  38  6  50  7  40  8  15  9  37  10  1  11  31  12  74  13  54  14  47  15  10  16  11  17  42  18  67  19  9
  0  7  1  91  2  82  3  17  4  4  5  84  6  3  7  83  8  85  9  64  10  80  11  27  12  29  13  71  14  89  15  28  16  55  17  27  18  24  19  74
  0  65  1  52  2  90  3  96  4  80  5  50  6  19  7  89  8  88  9  2  10  32  11  34  12  86  13  45  14  42  15  41  16  59  17  44  18  63  19  94
  0  38  1  53  2  67  3  73  4  39  5  49  6  6  7  57  8  49  9  84  10  82  11  63  12  43  13  72  14  71  15  60  16  21  17  19  18  73  19  69
  0  16  1  59  2  79  3  31  4  10  5  61  6  98  7  2  8  46  9  4  10  36  11  28  12  38  13  48  14  46  15  82  16  10  17  56  18  6  19  85
  0  18  1  19  2  62  3  27  4  39  5  3  6  64  7  71  8  22  9  36  10  75  11  21  12  36  13  82  14  31  15  42  16  76  17  67  18  87  19  9
  0  99  1  75  2  75  3  7  4  90  5  20  6  54  7  89  8  3  9  43  10  21  11  5  12  13  13  30  14  46  15  14  16  82  17  15  18  12  19  78
  0  21  1  17  2  89  3  90  4  78  5  50  6  76  7  59  8  43  9  83  10  87  11  98  12  88  13  40  14  62  15  58  16  12  17  76  18  27  19  7
  0  63  1  70  2  53  3  60  4  44  5  6  6  60  7  99  8  32  9  44  10  77  11  33  12  59  13  16  14  70  15  5  16  55  17  59  18  79  19  30
  0  23  1  16  2  25  3  33  4  13  5  38  6  91  7  8  8  22  9  67  10  95  11  21  12  21  13  16  14  74  15  48  16  80  17  22  18  77  19  83
  0  80  1  90  2  42  3  88  4  89  5  24  6  73  7  63  8  60  9  18  10  70  11  50  12  86  13  62  14  68  15  1  16  7  17  75  18  83  19  84
  0  52  1  80  2  85  3  97  4  83  5  70  6  27  7  16  8  46  9  47  10  17  11  93  12  52  13  15  14  12  15  97  16  70  17  75  18  45  19  46
  0  71  1  48  2  52  3  67  4  66  5  7  6  35  7  19  8  36  9  23  10  76  11  18  12  41  13  41  14  16  15  77  16  47  17  39  18  22  19  62
  0  26  1  34  2  41  3  83  4  5  5  46  6  8  7  17  8  68  9  41  10  29  11  6  12  46  13  88  14  96  15  83  16  47  17  26  18  84  19  30
  0  1  1  14  2  28  3  40  4  32  5  17  6  4  7  78  8  86  9  41  10  42  11  38  12  61  13  28  14  59  15  35  16  31  17  76  18  75  19  4
  0  57  1  31  2  64  3  74  4  30  5  88  6  47  7  49  8  76  9  81  10  24  11  2  12  33  13  48  14  19  15  84  16  80  17  11  18  60  19  95
  0  60  1  10  2  41  3  46  4  50  5  62  6  24  7  55  8  52  9  58  10  79  11  18  12  21  13  93  14  84  15  60  16  47  17  15  18  17  19  66
  0  55  1  28  2  5  3  31  4  98  5  87  6  47  7  86  8  47  9  68  10  92  11  98  12  13  13  90  14  43  15  41  16  50  17  60  18  36  19  76
  0  25  1  14  2  3  3  19  4  48  5  19  6  20  7  45  8  6  9  45  10  88  11  91  12  46  13  7  14  25  15  39  16  93  17  58  18  33  19  80
  0  1  1  70  2  3  3  35  4  66  5  47  6  40  7  26  8  76  9  31  10  39  11  60  12  40  13  25  14  52  15  68  16  37  17  33  18  93  19  92
  0  97  1  73  2  17  3  30  4  66  5  49  6  24  7  73  8  49  9  50  10  18  11  6  12  18  13  41  14  86  15  30  16  30  17  53  18  95  19  60
  0  1  1  76  2  23  3  93  4  19  5  40  6  52  7  32  8  94  9  3  10  27  11  38  12  95  13  8  14  25  15  40  16  93  17  73  18  92  19  12
  0  29  1  19  2  59  3  1  4  84  5  40  6  38  7  82  8  93  9  97  10  46  11  51  12  55  13  86  14  24  15  89  16  15  17  70  18  47  19  73
  0  34  1  33  2  35  3  95  4  58  5  67  6  9  7  30  8  61  9  90  10  61  11  54  12  30  13  82  14  41  15  8  16  91  17  67  18  45  19  71
  0  30  1  85  2  93  3  59  4  26  5  38  6  21  7  88  8  18  9  91  10  5  11  59  12  75  13  70  14  28  15  56  16  23  17  89  18  31  19  62
  0  62  1  98  2  10  3  29  4  80  5  25  6  61  7  68  8  41  9  62  10  90  11  49  12  95  13  33  14  15  15  96  16  59  17  1  18  41  19  56
  0  46  1  43  2  10  3  59  4  50  5  96  6  12  7  87  8  14  9  24  10  27  11  48  12  46  13  83  14  60  15  91  16  42  17  90  18  44  19  28
  0  40  1  4  2  54  3  46  4  29  5  72  6  54  7  26  8  60  9  31  10  55  11  86  12  55  13  30  14  70  15  42  16  92  17  36  18  87  19  31
  0  36  1  33  2  4  3  52  4  21  5  22  6  81  7  23  8  10  9  92  10  29  11  30  12  5  13  9  14  8  15  70  16  52  17  49  18  27  19  62
  0  90  1  73  2  79  3  99  4  29  5  19  6  12  7  79  8  50  9  48  10  52  11  9  12  77  13  94  14  35  15  90  16  51  17  79  18  89  19  31
  0  11  1  5  2  78  3  24  4  58  5  33  6  21  7  4  8  68  9  22  10  19  11  71  12  68  13  63  14  75  15  40  16  87  17  42  18  81  19  44
  0  74  1  36  2  96  3  16  4  8  5  1  6  68  7  29  8  61  9  11  10  42  11  51  12  6  13  65  14  75  15  57  16  34  17  72  18  59  19  7
  0  66  1  66  2  86  3  72  4  72  5  25  6  51  7  82  8  83  9  94  10  46  11  12  12  26  13  39  14  9  15  27  16  81  17  57  18  18  19  87
  0  33  1  59  2  43  3  44  4  87  5  78  6  22  7  80  8  69  9  61  10  82  11  16  12  16  13  68  14  57  15  34  16  36  17  70  18  57  19  26
  0  98  1  38  2  95  3  57  4  73  5  36  6  71  7  90  8  35  9  83  10  72  11  36  12  4  13  57  14  45  15  96  16  81  17  12  18  41  19  47
  0  12  1  73  2  44  3  44  4  69  5  30  6  25  7  77  8  53  9  4  10  93  11  95  12  52  13  96  14  36  15  59  16  91  17  44  18  62  19  34
  0  87  1  14  2  87  3  96  4  71  5  26  6  41  7  24  8  48  9  94  10  76  11  8  12  18  13  21  14  96  15  81  16  63  17  68  18  59  19  76
  0  75  1  14  2  2  3  44  4  94  5  57  6  96  7  97  8  66  9  22  10  53  11  60  12  42  13  96  14  90  15  42  16  89  17  76  18  73  19  67
  0  77  1  24  2  90  3  20  4  49  5  56  6  84  7  93  8  15  9  13  10  96  11  53  12  10  13  82  14  69  15  51  16  8  17  72  18  26  19  51
  0  87  1  65  2  14  3  47  4  82  5  92  6  78  7  97  8  72  9  8  10  27  11  93  12  94  13  57  14  67  15  39  16  76  17  68  18  49  19  24
  0  26  1  8  2  44  3  84  4  23  5  77  6  32  7  23  8  9  9  58  10  93  11  4  12  56  13  9  14  8  15  53  16  76  17  78  18  21  19  40
  0  88  1  10  2  34  3  95  4  55  5  20  6  13  7  25  8  78  9  89  10  27  11  90  12  81  13  11  14  80  15  97  16  40  17  58  18  67  19  89
  0  44  1  96  2  86  3  39  4  78  5  27  6  92  7  10  8  74  9  44  10  54  11  97  12  66  13  59  14  70  15  95  16  52  17  97  18  48  19  35
  0  41  1  86  2  50  3  91  4  46  5  93  6  53  7  72  8  42  9  71  10  1  11  12  12  96  13  30  14  17  15  43  16  71  17  33  18  25  19  25
  0  11  1  93  2  87  3  49  4  92  5  24  6  58  7  39  8  5  9  42  10  21  11  32  12  59  13  68  14  44  15  97  16  72  17  43  18  82  19  38
  0  68  1  54  2  1  3  74  4  80  5  68  6  14  7  2  8  55  9  80  10  53  11  86  12  1  13  46  14  99  15  27  16  11  17  59  18  64  19  2
  0  71  1  69  2  95  3  77  4  34  5  81  6  33  7  57  8  91  9  59  10  55  11  76  12  18  13  32  14  81  15  88  16  42  17  83  18  28  19  5
  0  63  1  59  2  22  3  55  4  43  5  33  6  39  7  13  8  21  9  10  10  2  11  81  12  39  13  59  14  56  15  38  16  75  17  13  18  33  19  97
  0  19  1  57  2  32  3  22  4  46  5  18  6  5  7  94  8  62  9  12  10  28  11  41  12  33  13  1  14  72  15  71  16  20  17  2  18  26  19  42
  0  84  1  11  2  28  3  7  4  30  5  55  6  10  7  78  8  99  9  85  10  58  11  21  12  53  13  64  14  42  15  59  16  64  17  17  18  76  19  55
  0  52  1  54  2  7  3  5  4  11  5  74  6  39  7  49  8  96  9  12  10  49  11  99  12  17  13  84  14  46  15  29  16  96  17  64  18  82  19  65
  0  35  1  65  2  16  3  5  4  74  5  23  6  84  7  26  8  45  9  22  10  45  11  63  12  58  13  75  14  74  15  87  16  50  17  89  18  54  19  80
  0  20  1  37  2  69  3  25  4  93  5  43  6  6  7  30  8  27  9  58  10  19  11  69  12  12  13  55  14  10  15  5  16  47  17  91  18  30  19  9
  0  17  1  14  2  9  3  37  4  59  5  5  6  63  7  83  8  16  9  93  10  43  11  34  12  19  13  67  14  17  15  5  16  48  17  88  18  99  19  16
  0  41  1  74  2  88  3  61  4  72  5  97  6  39  7  52  8  17  9  38  10  20  11  48  12  67  13  63  14  8  15  20  16  64  17  35  18  25  19  91
  0  74  1  72  2  27  3  56  4  9  5  6  6  91  7  80  8  70  9  11  10  66  11  18  12  90  13  11  14  75  15  13  16  65  17  73  18  97  19  56
  0  15  1  49  2  64  3  36  4  39  5  30  6  30  7  85  8  20  9  23  10  31  11  8  12  6  13  52  14  24  15  67  16  83  17  67  18  65  19  44
  0  8  1  88  2  91  3  97  4  61  5  32  6  88  7  96  8  46  9  3  10  75  11  2  12  52  13  22  14  43  15  16  16  35  17  64  18  7  19  29
  0  1  1  88  2  73  3  32  4  94  5  99  6  44  7  65  8  23  9  83  10  79  11  40  12  68  13  91  14  5  15  41  16  70  17  67  18  55  19  89
  0  81  1  45  2  57  3  50  4  25  5  70  6  10  7  80  8  16  9  3  10  15  11  77  12  17  13  18  14  66  15  66  16  34  17  16  18  97  19  27
  0  87  1  98  2  44  3  63  4  15  5  76  6  80  7  59  8  70  9  7  10  23  11  68  12  41  13  1  14  23  15  39  16  10  17  22  18  84  19  77
  0  99  1  73  2  78  3  79  4  12  5  60  6  41  7  13  8  25  9  46  10  84  11  1  12  23  13  73  14  42  15  61  16  70  17  89  18  39  19  93
  0  43  1  8  2  60  3  12  4  7  5  5  6  47  7  84  8  67  9  16  10  60  11  3  12  61  13  91  14  64  15  15  16  58  17  28  18  53  19  75
  0  77  1  72  2  5  3  17  4  55  5  78  6  26  7  31  8  13  9  67  10  46  11  8  12  7  13  89  14  55  15  98  16  65  17  35  18  3  19  76
  0  42  1  8  2  98  3  8  4  35  5  63  6  86  7  85  8  66  9  98  10  74  11  60  12  8  13  15  14  51  15  79  16  94  17  3  18  18  19  23
  0  80  1  34  2  14  3  95  4  10  5  38  6  17  7  12  8  14  9  8  10  53  11  82  12  59  13  66  14  32  15  91  16  12  17  81  18  3  19  23
  0  75  1  14  2  99  3  75  4  39  5  33  6  13  7  68  8  33  9  46  10  11  11  40  12  68  13  3  14  96  15  75  16  35  17  99  18  74  19  34
  0  53  1  76  2  61  3  47  4  29  5  75  6  65  7  7  8  40  9  30  10  19  11  84  12  60  13  78  14  43  15  29  16  6  17  29  18  73  19  43
  0  47  1  23  2  67  3  33  4  30  5  77  6  96  7  93  8  96  9  88  10  78  11  50  12  97  13  36  14  83  15  91  16  43  17  32  18  69  19  58
  0  28  1  82  2  81  3  54  4  26  5  63  6  40  7  32  8  47  9  39  10  11  11  36  12  94  13  64  14  22  15  9  16  76  17  50  18  62  19  21
  0  42  1  79  2  96  3  47  4  63  5  19  6  72  7  14  8  75  9  47  10  89  11  99  12  40  13  97  14  87  15  42  16  13  17  99  18  43  19  96
  0  11  1  40  2  3  3  58  4  18  5  13  6  76  7  23  8  75  9  1  10  84  11  56  12  53  13  14  14  20  15  11  16  79  17  96  18  74  19  86
  0  84  1  46  2  39  3  40  4  98  5  29  6  75  7  84  8  92  9  86  10  30  11  36  12  53  13  50  14  17  15  97  16  38  17  25  18  7  19  82
  0  54  1  99  2  1  3  25  4  43  5  96  6  59  7  33  8  80  9  81  10  32  11  61  12  10  13  68  14  2  15  37  16  84  17  14  18  31  19  46
  0  70  1  84  2  95  3  66  4  38  5  25  6  19  7  18  8  65  9  73  10  56  11  47  12  97  13  6  14  93  15  79  16  58  17  95  18  45  19  3
  0  7  1  22  2  84  3  65  4  75  5  66  6  33  7  1  8  35  9  81  10  84  11  16  12  82  13  21  14  54  15  3  16  36  17  58  18  69  19  59
  0  86  1  42  2  40  3  28  4  46  5  67  6  91  7  97  8  76  9  44  10  28  11  14  12  12  13  9  14  63  15  2  16  86  17  9  18  56  19  92
  0  47  1  50  2  12  3  11  4  1  5  84  6  44  7  65  8  27  9  82  10  25  11  39  12  75  13  32  14  44  15  87  16  1  17  22  18  69  19  83
  0  11  1  39  2  79  3  60  4  51  5  68  6  98  7  51  8  33  9  77  10  68  11  27  12  74  13  26  14  34  15  74  16  27  17  28  18  21  19  72
  0  97  1  73  2  36  3  50  4  87  5  55  6  22  7  40  8  19  9  95  10  44  11  69  12  5  13  40  14  91  15  38  16  91  17  69  18  13  19  69
  0  85  1  66  2  34  3  67  4  29  5  5  6  18  7  76  8  99  9  71  10  62  11  47  12  42  13  40  14  49  15  62  16  60  17  41  18  99  19  50
  0  17  1  4  2  80  3  14  4  37  5  73  6  75  7  43  8  8  9  19  10  26  11  91  12  98  13  86  14  89  15  30  16  78  17  71  18  75  19  12
  0  84  1  94  2  63  3  12  4  64  5  35  6  7  7  24  8  14  9  30  10  73  11  37  12  66  13  50  14  87  15  1  16  18  17  27  18  64  19  75
  0  79  1  60  2  53  3  27  4  10  5  61  6  40  7  84  8  52  9  99  10  62  11  5  12  86  13  45  14  43  15  89  16  75  17  47  18  45  19  57
  0  53  1  78  2  10  3  67  4  1  5  30  6  21  7  40  8  88  9  54  10  10  11  35  12  98  13  78  14  3  15  61  16  39  17  28  18  62  19  49
  0  35  1  52  2  82  3  5  4  38  5  33  6  38  7  9  8  91  9  7  10  97  11  62  12  63  13  55  14  45  15  62  16  8  17  23  18  80  19  71
  0  28  1  73  2  85  3  24  4  59  5  98  6  80  7  58  8  89  9  40  10  3  11  95  12  68  13  82  14  82  15  86  16  7  17  31  18  8  19  96
  0  40  1  80  2  92  3  15  4  16  5  45  6  86  7  93  8  34  9  3  10  11  11  58  12  42  13  63  14  84  15  45  16  69  17  81  18  87  19  57
  0  46  1  61  2  79  3  46  4  55  5  31  6  56  7  53  8  92  9  77  10  30  11  81  12  54  13  75  14  51  15  68  16  60  17  46  18  11  19  84
  0  84  1  30  2  3  3  91  4  74  5  71  6  20  7  5  8  40  9  29  10  18  11  75  12  78  13  72  14  78  15  75  16  51  17  27  18  41  19  35
  0  30  1  76  2  3  3  94  4  77  5  39  6  92  7  51  8  33  9  69  10  65  11  11  12  23  13  53  14  92  15  87  16  97  17  5  18  26  19  9
  0  92  1  82  2  64  3  5  4  36  5  67  6  58  7  8  8  75  9  89  10  22  11  85  12  82  13  92  14  46  15  69  16  57  17  56  18  31  19  71
  0  51  1  42  2  67  3  98  4  67  5  12  6  61  7  91  8  21  9  39  10  56  11  64  12  55  13  22  14  13  15  14  16  55  17  55  18  46  19  23
  0  1  1  29  2  26  3  88  4  50  5  56  6  98  7  38  8  52  9  50  10  74  11  10  12  15  13  3  14  7  15  25  16  96  17  33  18  35  19  74
  0  82  1  10  2  86  3  83  4  64  5  65  6  44  7  50  8  51  9  57  10  42  11  47  12  59  13  41  14  29  15  53  16  64  17  62  18  20  19  38
  0  27  1  85  2  29  3  27  4  9  5  8  6  41  7  21  8  47  9  35  10  87  11  32  12  55  13  19  14  10  15  76  16  63  17  70  18  36  19  34
  0  25  1  9  2  13  3  63  4  41  5  12  6  50  7  13  8  88  9  69  10  90  11  5  12  54  13  64  14  92  15  57  16  98  17  23  18  98  19  67
  0  12  1  23  2  35  3  87  4  46  5  33  6  42  7  55  8  6  9  36  10  61  11  67  12  58  13  62  14  97  15  2  16  92  17  18  18  54  19  31
  0  21  1  99  2  10  3  77  4  16  5  27  6  61  7  14  8  32  9  33  10  78  11  97  12  43  13  91  14  39  15  92  16  91  17  79  18  19  19  35
  0  49  1  95  2  86  3  23  4  17  5  80  6  6  7  47  8  21  9  24  10  51  11  94  12  89  13  40  14  98  15  96  16  99  17  56  18  24  19  85
  0  42  1  33  2  51  3  94  4  50  5  25  6  8  7  23  8  65  9  54  10  95  11  32  12  62  13  26  14  74  15  55  16  48  17  42  18  17  19  33
  0  88  1  81  2  96  3  21  4  58  5  42  6  98  7  5  8  3  9  69  10  68  11  38  12  44  13  33  14  55  15  95  16  98  17  97  18  95  19  83
  0  69  1  14  2  49  3  64  4  21  5  41  6  84  7  90  8  83  9  40  10  81  11  48  12  16  13  36  14  92  15  50  16  23  17  19  18  69  19  43
  0  28  1  27  2  73  3  12  4  34  5  58  6  1  7  87  8  16  9  69  10  1  11  2  12  41  13  80  14  74  15  49  16  8  17  93  18  69  19  36
  0  38  1  80  2  19  3  30  4  82  5  18  6  82  7  50  8  11  9  49  10  93  11  58  12  88  13  26  14  16  15  27  16  91  17  47  18  68  19  9
  0  82  1  93  2  66  3  36  4  50  5  40  6  88  7  10  8  13  9  75  10  78  11  73  12  7  13  84  14  20  15  67  16  26  17  47  18  60  19  17
  0  82  1  77  2  72  3  96  4  4  5  3  6  68  7  78  8  81  9  52  10  9  11  51  12  40  13  10  14  80  15  67  16  99  17  41  18  29  19  66
  0  36  1  19  2  56  3  59  4  69  5  85  6  45  7  3  8  38  9  35  10  62  11  70  12  33  13  9  14  29  15  6  16  2  17  34  18  95  19  37
  0  49  1  40  2  42  3  56  4  86  5  47  6  80  7  8  8  24  9  99  10  52  11  43  12  83  13  94  14  41  15  31  16  88  17  34  18  26  19  30
  0  73  1  79  2  69  3  59  4  89  5  16  6  5  7  35  8  19  9  34  10  62  11  52  12  22  13  91  14  61  15  18  16  79  17  24  18  43  19  91
  0  92  1  91  2  37  3  65  4  70  5  11  6  68  7  98  8  10  9  90  10  63  11  90  12  42  13  69  14  10  15  57  16  11  17  33  18  62  19  36
  0  95  1  57  2  24  3  47  4  13  5  2  6  26  7  81  8  31  9  48  10  94  11  82  12  5  13  60  14  79  15  61  16  17  17  17  18  68  19  50
  0  59  1  34  2  30  3  84  4  11  5  80  6  56  7  65  8  88  9  58  10  85  11  61  12  86  13  95  14  34  15  25  16  16  17  79  18  69  19  44
  0  13  1  16  2  6  3  68  4  94  5  13  6  99  7  58  8  55  9  1  10  65  11  51  12  50  13  55  14  66  15  56  16  6  17  79  18  27  19  12
  0  48  1  57  2  77  3  66  4  47  5  83  6  40  7  62  8  7  9  47  10  92  11  53  12  56  13  14  14  91  15  67  16  30  17  17  18  35  19  86
  0  23  1  87  2  82  3  42  4  73  5  57  6  85  7  6  8  10  9  23  10  84  11  50  12  48  13  54  14  61  15  5  16  47  17  89  18  86  19  14
  0  47  1  42  2  69  3  10  4  48  5  16  6  14  7  19  8  9  9  9  10  44  11  78  12  64  13  44  14  33  15  40  16  7  17  61  18  70  19  85
  0  65  1  53  2  38  3  62  4  79  5  43  6  81  7  35  8  59  9  26  10  11  11  11  12  79  13  16  14  41  15  65  16  34  17  85  18  77  19  94
  0  63  1  86  2  7  3  65  4  33  5  75  6  31  7  41  8  9  9  98  10  74  11  95  12  71  13  4  14  41  15  53  16  64  17  78  18  3  19  16
  0  67  1  41  2  48  3  61  4  28  5  33  6  23  7  23  8  16  9  76  10  36  11  88  12  59  13  12  14  23  15  83  16  91  17  25  18  80  19  15
  0  22  1  18  2  20  3  90  4  84  5  97  6  92  7  58  8  61  9  78  10  9  11  9  12  59  13  24  14  27  15  49  16  2  17  72  18  95  19  36
  0  54  1  29  2  84  3  23  4  93  5  11  6  11  7  69  8  9  9  75  10  85  11  10  12  71  13  79  14  1  15  77  16  20  17  46  18  39  19  37
  0  57  1  28  2  5  3  75  4  35  5  1  6  73  7  35  8  92  9  28  10  16  11  12  12  69  13  76  14  65  15  46  16  97  17  75  18  12  19  60
  0  60  1  48  2  43  3  48  4  62  5  58  6  80  7  11  8  50  9  49  10  68  11  77  12  75  13  74  14  16  15  78  16  1  17  39  18  6  19  55
  0  74  1  7  2  5  3  9  4  38  5  37  6  67  7  34  8  35  9  59  10  85  11  95  12  33  13  6  14  45  15  33  16  88  17  45  18  93  19  1
  0  6  1  96  2  16  3  91  4  70  5  28  6  88  7  84  8  67  9  44  10  39  11  26  12  3  13  30  14  59  15  36  16  92  17  20  18  22  19  88
  0  1  1  81  2  13  3  17  4  17  5  48  6  79  7  39  8  20  9  42  10  45  11  8  12  73  13  68  14  63  15  20  16  30  17  66  18  87  19  59
  0  59  1  60  2  85  3  35  4  18  5  33  6  42  7  53  8  27  9  24  10  9  11  36  12  25  13  24  14  95  15  65  16  14  17  13  18  29  19  22
  0  15  1  67  2  10  3  42  4  2  5  30  6  36  7  30  8  75  9  29  10  98  11  71  12  4  13  71  14  50  15  51  16  42  17  66  18  89  19  73
  0  89  1  35  2  50  3  34  4  68  5  34  6  54  7  87  8  31  9  79  10  74  11  10  12  12  13  52  14  32  15  68  16  92  17  39  18  4  19  14
  0  58  1  18  2  30  3  91  4  39  5  1  6  34  7  17  8  81  9  91  10  7  11  61  12  89  13  32  14  15  15  62  16  28  17  23  18  30  19  27
  0  85  1  64  2  86  3  12  4  31  5  41  6  28  7  99  8  8  9  41  10  85  11  92  12  65  13  3  14  8  15  90  16  10  17  10  18  34  19  53
  0  23  1  88  2  68  3  33  4  91  5  77  6  18  7  30  8  28  9  64  10  85  11  31  12  1  13  25  14  37  15  10  16  77  17  95  18  82  19  5
  0  67  1  72  2  40  3  10  4  15  5  15  6  78  7  41  8  67  9  98  10  41  11  56  12  38  13  47  14  21  15  53  16  19  17  27  18  18  19  70
  0  32  1  98  2  4  3  49  4  8  5  56  6  89  7  64  8  39  9  89  10  53  11  99  12  49  13  55  14  77  15  41  16  60  17  50  18  9  19  18
  0  74  1  8  2  44  3  99  4  79  5  74  6  81  7  43  8  53  9  24  10  20  11  45  12  30  13  28  14  85  15  33  16  46  17  92  18  4  19  12
  0  86  1  9  2  65  3  55  4  87  5  3  6  48  7  84  8  84  9  68  10  88  11  97  12  97  13  17  14  24  15  32  16  84  17  89  18  35  19  72
  0  34  1  1  2  74  3  42  4  50  5  20  6  55  7  32  8  64  9  7  10  35  11  65  12  70  13  56  14  16  15  91  16  74  17  17  18  50  19  66
  0  6  1  93  2  25  3  58  4  14  5  43  6  59  7  81  8  73  9  27  10  40  11  62  12  57  13  79  14  75  15  75  16  51  17  5  18  56  19  2
  0  15  1  13  2  33  3  14  4  28  5  47  6  72  7  82  8  63  9  90  10  26  11  40  12  74  13  15  14  46  15  78  16  7  17  44  18  23  19  50
  0  46  1  34  2  23  3  87  4  77  5  70  6  65  7  85  8  23  9  78  10  50  11  95  12  63  13  60  14  45  15  25  16  77  17  13  18  71  19  50
  0  59  1  2  2  65  3  82  4  72  5  84  6  1  7  39  8  67  9  16  10  83  11  17  12  88  13  72  14  80  15  71  16  8  17  72  18  28  19  40
  0  91  1  99  2  22  3  71  4  77  5  42  6  10  7  40  8  21  9  96  10  21  11  72  12  32  13  20  14  2  15  1  16  15  17  17  18  57  19  23
  0  96  1  93  2  4  3  38  4  68  5  19  6  81  7  91  8  18  9  75  10  96  11  33  12  13  13  92  14  76  15  86  16  38  17  87  18  66  19  79
  0  41  1  56  2  98  3  75  4  3  5  5  6  13  7  27  8  52  9  94  10  6  11  13  12  1  13  51  14  43  15  47  16  36  17  63  18  64  19  75
  0  36  1  56  2  47  3  85  4  76  5  44  6  38  7  2  8  31  9  64  10  44  11  38  12  5  13  64  14  53  15  38  16  55  17  3  18  23  19  20
  0  65  1  61  2  55  3  95  4  95  5  3  6  57  7  52  8  25  9  10  10  37  11  3  12  49  13  83  14  2  15  44  16  8  17  6  18  50  19  77
  0  49  1  81  2  71  3  88  4  63  5  8  6  4  7  91  8  29  9  50  10  3  11  65  12  68  13  25  14  37  15  58  16  4  17  1  18  94  19  40
  0  51  1  76  2  77  3  6  4  98  5  11  6  27  7  81  8  59  9  92  10  78  11  76  12  95  13  85  14  70  15  81  16  48  17  84  18  38  19  18
  0  21  1  72  2  67  3  74  4  8  5  58  6  99  7  88  8  56  9  35  10  99  11  71  12  14  13  95  14  36  15  66  16  87  17  84  18  35  19  99
  0  22  1  85  2  9  3  64  4  80  5  62  6  57  7  40  8  75  9  11  10  15  11  50  12  87  13  84  14  75  15  85  16  63  17  98  18  14  19  77
  0  92  1  39  2  14  3  86  4  95  5  15  6  31  7  20  8  75  9  39  10  85  11  24  12  15  13  27  14  46  15  6  16  19  17  37  18  47  19  68
  0  42  1  16  2  66  3  73  4  41  5  89  6  34  7  63  8  48  9  46  10  72  11  17  12  57  13  79  14  71  15  1  16  59  17  92  18  53  19  50
  0  78  1  96  2  79  3  8  4  93  5  24  6  17  7  69  8  39  9  74  10  47  11  44  12  30  13  39  14  89  15  24  16  53  17  81  18  92  19  2
  0  8  1  65  2  83  3  99  4  6  5  66  6  5  7  5  8  53  9  5  10  61  11  96  12  72  13  70  14  67  15  31  16  44  17  50  18  68  19  23
  0  72  1  77  2  61  3  23  4  4  5  40  6  56  7  91  8  52  9  40  10  48  11  16  12  20  13  84  14  81  15  21  16  99  17  48  18  39  19  68
  0  7  1  40  2  86  3  48  4  89  5  60  6  42  7  1  8  86  9  40  10  65  11  39  12  60  13  87  14  87  15  36  16  8  17  87  18  6  19  15
  0  25  1  37  2  41  3  52  4  96  5  97  6  16  7  77  8  9  9  11  10  96  11  37  12  35  13  99  14  29  15  44  16  20  17  57  18  42  19  50
  0  73  1  94  2  96  3  88  4  51  5  86  6  20  7  92  8  73  9  67  10  50  11  85  12  17  13  33  14  60  15  81  16  80  17  62  18  60  19  66
  0  12  1  79  2  93  3  31  4  32  5  2  6  61  7  78  8  13  9  41  10  52  11  38  12  89  13  76  14  67  15  45  16  3  17  95  18  49  19  77
  0  12  1  77  2  69  3  46  4  28  5  75  6  35  7  3  8  49  9  97  10  6  11  88  12  92  13  21  14  42  15  49  16  76  17  76  18  22  19  92
  0  74  1  80  2  3  3  50  4  53  5  14  6  8  7  85  8  77  9  72  10  60  11  51  12  19  13  31  14  16  15  92  16  21  17  3  18  45  19  38
  0  12  1  88  2  67  3  44  4  46  5  37  6  50  7  66  8  30  9  68  10  24  11  84  12  68  13  32  14  68  15  1  16  16  17  99  18  63  19  85
  0  50  1  18  2  32  3  53  4  71  5  54  6  11  7  69  8  12  9  43  10  13  11  40  12  11  13  86  14  75  15  36  16  72  17  73  18  20  19  35
  0  38  1  37  2  50  3  99  4  16  5  42  6  69  7  27  8  61  9  90  10  3  11  24  12  98  13  67  14  40  15  96  16  31  17  88  18  46  19  74
  0  77  1  11  2  5  3  86  4  21  5  3  6  84  7  69  8  80  9  10  10  49  11  80  12  26  13  54  14  51  15  36  16  97  17  48  18  71  19  96
  0  5  1  5  2  16  3  80  4  11  5  98  6  55  7  74  8  41  9  89  10  83  11  58  12  51  13  13  14  35  15  80  16  51  17  15  18  68  19  48
  0  87  1  67  2  33  3  10  4  6  5  9  6  49  7  44  8  51  9  72  10  85  11  1  12  96  13  28  14  10  15  37  16  83  17  27  18  45  19  53
  0  28  1  25  2  57  3  20  4  23  5  42  6  62  7  53  8  41  9  64  10  22  11  81  12  18  13  9  14  59  15  3  16  67  17  99  18  39  19  26
  0  70  1  30  2  68  3  59  4  19  5  9  6  16  7  77  8  20  9  8  10  68  11  77  12  1  13  78  14  69  15  13  16  44  17  82  18  90  19  61
  0  64  1  56  2  57  3  78  4  4  5  31  6  11  7  17  8  88  9  43  10  82  11  33  12  10  13  24  14  21  15  16  16  86  17  58  18  80  19  85
  0  31  1  35  2  84  3  68  4  50  5  48  6  92  7  40  8  20  9  6  10  69  11  88  12  29  13  60  14  11  15  48  16  84  17  73  18  68  19  86
  0  27  1  68  2  13  3  72  4  79  5  46  6  89  7  45  8  47  9  53  10  76  11  49  12  36  13  40  14  43  15  23  16  53  17  43  18  71  19  57
  0  17  1  74  2  92  3  47  4  71  5  11  6  36  7  4  8  10  9  13  10  6  11  22  12  24  13  19  14  34  15  98  16  49  17  76  18  68  19  44
  0  81  1  35  2  91  3  53  4  61  5  96  6  92  7  15  8  65  9  90  10  20  11  72  12  55  13  38  14  2  15  71  16  66  17  4  18  10  19  58
  0  35  1  67  2  93  3  12  4  3  5  51  6  21  7  20  8  43  9  85  10  93  11  38  12  3  13  8  14  38  15  90  16  42  17  15  18  75  19  96
  0  28  1  29  2  21  3  43  4  18  5  36  6  79  7  26  8  17  9  1  10  27  11  28  12  23  13  90  14  96  15  19  16  70  17  37  18  16  19  96
  0  48  1  33  2  47  3  79  4  57  5  40  6  45  7  49  8  21  9  45  10  30  11  92  12  64  13  13  14  30  15  80  16  41  17  97  18  57  19  2
  0  61  1  29  2  3  3  28  4  45  5  77  6  76  7  84  8  17  9  62  10  36  11  37  12  5  13  66  14  59  15  46  16  25  17  64  18  64  19  24
  0  47  1  76  2  88  3  9  4  79  5  8  6  72  7  45  8  22  9  40  10  12  11  14  12  70  13  77  14  73  15  78  16  82  17  62  18  87  19  24
  0  15  1  26  2  65  3  7  4  14  5  23  6  3  7  42  8  17  9  77  10  67  11  8  12  80  13  36  14  80  15  24  16  63  17  95  18  43  19  50
  0  14  1  70  2  64  3  6  4  47  5  99  6  96  7  97  8  20  9  18  10  81  11  33  12  18  13  41  14  58  15  18  16  32  17  29  18  95  19  1
  0  77  1  41  2  45  3  96  4  86  5  93  6  29  7  96  8  87  9  73  10  6  11  61  12  28  13  84  14  79  15  47  16  27  17  13  18  48  19  9
  0  52  1  56  2  6  3  79  4  66  5  37  6  42  7  37  8  76  9  99  10  3  11  78  12  84  13  79  14  10  15  87  16  38  17  53  18  54  19  58
  0  6  1  50  2  98  3  94  4  35  5  66  6  70  7  35  8  78  9  1  10  25  11  33  12  83  13  27  14  1  15  12  16  79  17  53  18  11  19  80
  0  19  1  40  2  33  3  60  4  48  5  81  6  94  7  80  8  18  9  61  10  70  11  20  12  55  13  49  14  27  15  19  16  62  17  90  18  94  19  91
  0  6  1  8  2  45  3  96  4  24  5  22  6  5  7  52  8  61  9  47  10  32  11  17  12  91  13  43  14  41  15  57  16  12  17  99  18  51  19  74
  0  14  1  2  2  86  3  67  4  57  5  8  6  66  7  52  8  93  9  21  10  53  11  67  12  40  13  45  14  47  15  25  16  91  17  67  18  50  19  1
  0  98  1  87  2  42  3  67  4  82  5  90  6  28  7  8  8  50  9  52  10  52  11  71  12  25  13  98  14  8  15  64  16  13  17  79  18  64  19  66
  0  72  1  8  2  94  3  36  4  51  5  86  6  86  7  45  8  13  9  34  10  64  11  34  12  60  13  59  14  48  15  4  16  40  17  55  18  38  19  74
  0  74  1  19  2  91  3  76  4  55  5  15  6  36  7  50  8  9  9  29  10  38  11  83  12  99  13  92  14  12  15  3  16  39  17  69  18  44  19  87
  0  21  1  28  2  70  3  5  4  98  5  60  6  27  7  49  8  67  9  96  10  62  11  50  12  24  13  46  14  81  15  92  16  17  17  51  18  65  19  41
  0  14  1  36  2  74  3  78  4  34  5  7  6  43  7  94  8  35  9  96  10  17  11  82  12  58  13  95  14  86  15  43  16  49  17  1  18  26  19  78
  0  28  1  66  2  36  3  50  4  73  5  43  6  58  7  28  8  32  9  48  10  86  11  30  12  78  13  95  14  31  15  77  16  90  17  68  18  71  19  67
  0  6  1  34  2  25  3  63  4  73  5  21  6  26  7  53  8  28  9  9  10  63  11  19  12  41  13  1  14  42  15  21  16  31  17  82  18  73  19  89
  0  28  1  87  2  88  3  86  4  38  5  16  6  36  7  56  8  46  9  86  10  27  11  5  12  51  13  13  14  8  15  62  16  25  17  30  18  99  19  20
  0  37  1  24  2  26  3  47  4  86  5  29  6  6  7  30  8  36  9  2  10  3  11  87  12  42  13  85  14  50  15  56  16  8  17  17  18  87  19  45
  0  30  1  57  2  82  3  15  4  99  5  27  6  24  7  16  8  77  9  85  10  11  11  1  12  58  13  99  14  74  15  94  16  97  17  68  18  99  19  76
  0  61  1  3  2  41  3  34  4  17  5  2  6  50  7  61  8  88  9  38  10  55  11  24  12  33  13  68  14  59  15  32  16  18  17  34  18  53  19  61
  0  4  1  89  2  58  3  33  4  59  5  5  6  36  7  41  8  70  9  23  10  40  11  83  12  13  13  51  14  3  15  41  16  6  17  32  18  60  19  1
  0  62  1  27  2  76  3  25  4  3  5  94  6  20  7  19  8  3  9  58  10  96  11  37  12  85  13  83  14  38  15  27  16  88  17  22  18  10  19  20
  0  54  1  89  2  90  3  2  4  28  5  76  6  24  7  24  8  67  9  13  10  48  11  50  12  95  13  49  14  60  15  31  16  45  17  1  18  77  19  64
  0  82  1  85  2  74  3  83  4  10  5  49  6  40  7  73  8  77  9  47  10  65  11  16  12  60  13  52  14  59  15  7  16  79  17  71  18  60  19  97
  0  70  1  20  2  76  3  62  4  35  5  82  6  87  7  78  8  23  9  41  10  85  11  83  12  21  13  66  14  28  15  42  16  74  17  5  18  49  19  37
  0  42  1  90  2  42  3  64  4  55  5  83  6  97  7  2  8  69  9  94  10  86  11  80  12  88  13  67  14  4  15  65  16  13  17  21  18  8  19  53
  0  56  1  56  2  45  3  17  4  14  5  16  6  18  7  56  8  83  9  9  10  48  11  59  12  77  13  77  14  51  15  53  16  63  17  45  18  6  19  19
  0  37  1  67  2  1  3  90  4  7  5  8  6  82  7  64  8  42  9  69  10  41  11  94  12  25  13  80  14  3  15  33  16  87  17  12  18  26  19  71
  0  49  1  60  2  12  3  58  4  65  5  46  6  71  7  22  8  68  9  88  10  27  11  12  12  50  13  76  14  19  15  50  16  15  17  33  18  64  19  42
  0  20  1  48  2  77  3  90  4  66  5  33  6  50  7  27  8  6  9  97  10  54  11  33  12  89  13  95  14  12  15  31  16  68  17  48  18  55  19  59
  0  10  1  55  2  49  3  65  4  12  5  70  6  77  7  79  8  11  9  75  10  90  11  55  12  26  13  93  14  78  15  83  16  73  17  23  18  23  19  20
  0  60  1  81  2  24  3  90  4  34  5  90  6  15  7  48  8  32  9  52  10  21  11  9  12  86  13  73  14  9  15  88  16  57  17  63  18  34  19  5
  0  3  1  5  2  2  3  41  4  21  5  53  6  74  7  66  8  99  9  51  10  5  11  60  12  79  13  33  14  77  15  91  16  18  17  60  18  83  19  58
  0  85  1  37  2  62  3  65  4  54  5  61  6  84  7  17  8  54  9  34  10  66  11  49  12  5  13  30  14  33  15  9  16  51  17  90  18  66  19  84
  0  54  1  5  2  21  3  21  4  21  5  86  6  78  7  89  8  84  9  58  10  75  11  84  12  41  13  97  14  40  15  71  16  28  17  27  18  2  19  14
  0  5  1  25  2  72  3  41  4  39  5  2  6  14  7  48  8  45  9  81  10  27  11  33  12  5  13  61  14  46  15  5  16  79  17  43  18  10  19  36
  0  84  1  77  2  43  3  30  4  90  5  45  6  85  7  26  8  78  9  67  10  30  11  68  12  41  13  41  14  70  15  8  16  35  17  5  18  70  19  23
  0  12  1  18  2  98  3  59  4  78  5  85  6  97  7  37  8  77  9  64  10  74  11  84  12  76  13  50  14  34  15  72  16  14  17  99  18  1  19  77
  0  37  1  68  2  85  3  96  4  31  5  53  6  97  7  80  8  31  9  68  10  23  11  74  12  46  13  4  14  92  15  63  16  58  17  33  18  39  19  74
  0  74  1  78  2  95  3  92  4  28  5  48  6  92  7  66  8  68  9  99  10  59  11  25  12  88  13  4  14  30  15  40  16  73  17  94  18  15  19  90
  0  72  1  56  2  86  3  21  4  23  5  59  6  91  7  94  8  84  9  49  10  77  11  95  12  61  13  76  14  19  15  17  16  14  17  81  18  56  19  42
  0  98  1  96  2  4  3  20  4  80  5  37  6  68  7  68  8  1  9  65  10  1  11  71  12  13  13  74  14  75  15  56  16  3  17  16  18  49  19  57
  0  58  1  66  2  69  3  8  4  60  5  14  6  7  7  15  8  15  9  98  10  60  11  8  12  30  13  54  14  46  15  66  16  15  17  21  18  52  19  77
  0  77  1  27  2  53  3  57  4  14  5  66  6  92  7  51  8  28  9  23  10  88  11  5  12  34  13  8  14  12  15  46  16  30  17  9  18  44  19  50
  0  23  1  88  2  34  3  47  4  69  5  53  6  71  7  19  8  52  9  98  10  79  11  88  12  2  13  6  14  93  15  84  16  44  17  15  18  43  19  53
  0  21  1  40  2  4  3  41  4  29  5  83  6  50  7  70  8  57  9  47  10  38  11  82  12  35  13  78  14  1  15  21  16  10  17  85  18  32  19  82
  0  13  1  1  2  92  3  50  4  5  5  92  6  61  7  90  8  80  9  41  10  23  11  86  12  91  13  43  14  57  15  25  16  14  17  94  18  74  19  67
  0  65  1  74  2  11  3  75  4  57  5  35  6  81  7  67  8  23  9  59  10  52  11  16  12  71  13  47  14  78  15  38  16  48  17  41  18  17  19  16
  0  8  1  8  2  25  3  52  4  29  5  21  6  84  7  64  8  21  9  30  10  20  11  50  12  10  13  3  14  10  15  95  16  4  17  64  18  91  19  98
  0  68  1  95  2  28  3  29  4  63  5  46  6  69  7  54  8  29  9  71  10  41  11  1  12  19  13  14  14  36  15  26  16  7  17  77  18  88  19  19
  0  36  1  70  2  67  3  59  4  76  5  8  6  99  7  10  8  94  9  10  10  42  11  7  12  83  13  30  14  22  15  81  16  80  17  96  18  44  19  26
  0  77  1  64  2  35  3  88  4  13  5  97  6  41  7  63  8  80  9  30  10  46  11  1  12  8  13  80  14  41  15  61  16  86  17  30  18  68  19  84
  0  60  1  56  2  37  3  58  4  91  5  12  6  69  7  86  8  72  9  85  10  27  11  9  12  54  13  69  14  19  15  22  16  99  17  40  18  18  19  93
  0  89  1  10  2  2  3  73  4  38  5  20  6  15  7  48  8  93  9  72  10  20  11  91  12  37  13  26  14  79  15  96  16  97  17  4  18  77  19  9
  0  47  1  88  2  84  3  84  4  54  5  94  6  36  7  48  8  93  9  55  10  40  11  23  12  55  13  62  14  70  15  51  16  89  17  32  18  2  19  42
  0  83  1  3  2  83  3  2  4  70  5  80  6  64  7  42  8  89  9  85  10  19  11  62  12  70  13  72  14  33  15  60  16  5  17  17  18  48  19  14
  0  20  1  3  2  77  3  36  4  82  5  48  6  38  7  1  8  81  9  53  10  66  11  86  12  75  13  53  14  5  15  88  16  13  17  21  18  85  19  90
  0  39  1  47  2  42  3  16  4  65  5  90  6  31  7  71  8  66  9  73  10  37  11  67  12  9  13  74  14  93  15  91  16  58  17  41  18  61  19  41
  0  90  1  8  2  15  3  57  4  21  5  21  6  52  7  25  8  25  9  87  10  28  11  16  12  98  13  95  14  62  15  87  16  14  17  85  18  83  19  77
  0  32  1  68  2  5  3  60  4  1  5  8  6  49  7  27  8  52  9  28  10  66  11  39  12  53  13  7  14  99  15  51  16  5  17  63  18  12  19  88
  0  74  1  58  2  75  3  68  4  6  5  49  6  66  7  47  8  54  9  92  10  40  11  68  12  28  13  69  14  74  15  43  16  43  17  74  18  99  19  55
  0  17  1  11  2  49  3  19  4  60  5  53  6  18  7  94  8  43  9  8  10  93  11  57  12  37  13  52  14  6  15  73  16  78  17  43  18  11  19  17
  0  82  1  30  2  96  3  57  4  12  5  6  6  90  7  69  8  89  9  88  10  93  11  66  12  88  13  5  14  77  15  51  16  64  17  39  18  13  19  42
  0  86  1  39  2  25  3  10  4  98  5  27  6  91  7  34  8  20  9  24  10  23  11  70  12  55  13  11  14  92  15  85  16  76  17  74  18  15  19  95
  0  4  1  1  2  78  3  25  4  86  5  42  6  88  7  60  8  73  9  43  10  72  11  70  12  19  13  12  14  54  15  27  16  49  17  76  18  2  19  30
  0  15  1  55  2  1  3  33  4  83  5  34  6  16  7  19  8  46  9  34  10  32  11  77  12  56  13  1  14  94  15  75  16  11  17  64  18  89  19  23
  0  54  1  35  2  32  3  85  4  55  5  42  6  51  7  91  8  88  9  38  10  98  11  18  12  30  13  13  14  11  15  80  16  37  17  88  18  95  19  53
  0  77  1  7  2  46  3  73  4  25  5  20  6  78  7  36  8  46  9  31  10  59  11  65  12  30  13  73  14  68  15  22  16  44  17  10  18  5  19  86
  0  25  1  85  2  43  3  29  4  18  5  85  6  92  7  41  8  46  9  51  10  11  11  8  12  60  13  82  14  81  15  43  16  97  17  27  18  62  19  4
  0  59  1  15  2  46  3  67  4  83  5  6  6  7  7  35  8  67  9  58  10  24  11  98  12  72  13  32  14  88  15  73  16  10  17  78  18  53  19  94
  0  94  1  89  2  81  3  30  4  18  5  11  6  83  7  48  8  66  9  30  10  72  11  50  12  99  13  1  14  67  15  59  16  53  17  67  18  17  19  13
  0  39  1  97  2  39  3  15  4  54  5  31  6  84  7  37  8  23  9  10  10  73  11  73  12  26  13  60  14  75  15  93  16  6  17  8  18  16  19  50
  0  35  1  74  2  31  3  24  4  1  5  88  6  13  7  22  8  38  9  85  10  14  11  65  12  6  13  99  14  2  15  24  16  2  17  71  18  75  19  81
  0  56  1  12  2  99  3  58  4  44  5  7  6  6  7  98  8  12  9  52  10  65  11  16  12  12  13  47  14  56  15  52  16  77  17  93  18  41  19  90
  0  93  1  73  2  57  3  33  4  48  5  2  6  80  7  15  8  53  9  86  10  4  11  46  12  90  13  31  14  54  15  84  16  6  17  64  18  29  19  72
  0  58  1  88  2  37  3  9  4  16  5  74  6  60  7  35  8  28  9  45  10  83  11  50  12  32  13  35  14  52  15  79  16  77  17  4  18  67  19  79
  0  55  1  44  2  3  3  46  4  91  5  28  6  24  7  38  8  30  9  56  10  49  11  67  12  97  13  25  14  57  15  97  16  70  17  19  18  53  19  53
  0  32  1  84  2  37  3  36  4  26  5  62  6  51  7  95  8  40  9  70  10  72  11  13  12  62  13  54  14  4  15  73  16  7  17  76  18  70  19  57
  0  89  1  93  2  16  3  63  4  19  5  33  6  72  7  52  8  10  9  83  10  36  11  60  12  55  13  67  14  74  15  37  16  2  17  39  18  48  19  2
  0  15  1  30  2  29  3  9  4  36  5  63  6  34  7  97  8  66  9  65  10  24  11  29  12  20  13  79  14  21  15  68  16  40  17  47  18  48  19  42
  0  75  1  12  2  9  3  89  4  44  5  66  6  35  7  93  8  48  9  34  10  86  11  41  12  11  13  77  14  87  15  64  16  46  17  59  18  15  19  61
  0  81  1  97  2  84  3  96  4  9  5  2  6  4  7  13  8  14  9  68  10  72  11  40  12  15  13  84  14  66  15  48  16  27  17  64  18  29  19  97
  0  9  1  7  2  51  3  85  4  74  5  67  6  20  7  76  8  69  9  67  10  61  11  88  12  50  13  90  14  24  15  50  16  7  17  41  18  49  19  59
  0  26  1  61  2  52  3  20  4  85  5  23  6  97  7  22  8  17  9  61  10  39  11  90  12  86  13  8  14  76  15  32  16  80  17  22  18  19  19  46
  0  93  1  52  2  87  3  77  4  50  5  73  6  82  7  34  8  19  9  66  10  87  11  90  12  94  13  52  14  15  15  56  16  51  17  84  18  86  19  71
  0  8  1  69  2  15  3  67  4  40  5  75  6  37  7  6  8  39  9  26  10  97  11  72  12  11  13  19  14  1  15  1  16  43  17  91  18  72  19  43
  0  10  1  35  2  93  3  23  4  70  5  35  6  9  7  28  8  85  9  69  10  15  11  36  12  79  13  16  14  79  15  74  16  88  17  34  18  58  19  57
  0  92  1  29  2  88  3  60  4  22  5  10  6  4  7  12  8  73  9  4  10  75  11  26  12  2  13  92  14  86  15  92  16  36  17  64  18  2  19  11
  0  66  1  15  2  56  3  29  4  90  5  41  6  25  7  9  8  8  9  3  10  6  11  65  12  17  13  43  14  46  15  13  16  36  17  7  18  92  19  38
  0  68  1  83  2  43  3  78  4  72  5  75  6  34  7  66  8  10  9  61  10  81  11  87  12  83  13  96  14  82  15  42  16  86  17  1  18  12  19  21
  0  31  1  84  2  94  3  32  4  19  5  47  6  43  7  37  8  69  9  31  10  63  11  83  12  37  13  18  14  98  15  52  16  61  17  9  18  45  19  37
  0  41  1  10  2  58  3  38  4  31  5  32  6  60  7  43  8  92  9  62  10  74  11  11  12  49  13  74  14  83  15  89  16  39  17  80  18  72  19  38
  0  48  1  43  2  4  3  30  4  72  5  7  6  35  7  49  8  62  9  5  10  76  11  24  12  11  13  58  14  61  15  46  16  14  17  74  18  50  19  77
  0  17  1  11  2  16  3  31  4  13  5  56  6  74  7  94  8  52  9  50  10  51  11  27  12  3  13  43  14  97  15  34  16  51  17  66  18  15  19  22
  0  29  1  68  2  31  3  71  4  34  5  19  6  39  7  96  8  41  9  19  10  8  11  63  12  53  13  42  14  9  15  84  16  27  17  2  18  19  19  31
  0  64  1  24  2  11  3  14  4  74  5  68  6  24  7  31  8  30  9  26  10  71  11  73  12  72  13  89  14  54  15  51  16  59  17  68  18  61  19  76
  0  35  1  96  2  87  3  1  4  75  5  68  6  95  7  28  8  57  9  72  10  10  11  9  12  14  13  37  14  9  15  11  16  11  17  95  18  58  19  31
  0  50  1  28  2  9  3  63  4  61  5  50  6  39  7  64  8  67  9  47  10  19  11  71  12  19  13  81  14  34  15  63  16  41  17  15  18  92  19  67
  0  26  1  19  2  88  3  64  4  73  5  86  6  19  7  31  8  68  9  43  10  69  11  21  12  37  13  31  14  2  15  96  16  22  17  20  18  23  19  33
  0  70  1  60  2  22  3  72  4  31  5  83  6  92  7  99  8  91  9  19  10  82  11  62  12  15  13  80  14  39  15  63  16  47  17  33  18  38  19  89
  0  10  1  65  2  24  3  65  4  96  5  5  6  93  7  33  8  38  9  58  10  87  11  12  12  16  13  75  14  1  15  71  16  11  17  53  18  98  19  40
  0  48  1  37  2  21  3  23  4  60  5  85  6  91  7  93  8  74  9  3  10  80  11  4  12  7  13  57  14  81  15  4  16  18  17  35  18  98  19  84
  0  53  1  13  2  63  3  76  4  81  5  26  6  6  7  59  8  11  9  78  10  87  11  85  12  18  13  34  14  31  15  10  16  60  17  52  18  24  19  72
  0  24  1  86  2  82  3  91  4  39  5  52  6  98  7  54  8  73  9  23  10  4  11  14  12  66  13  21  14  22  15  33  16  81  17  8  18  10  19  30
  0  87  1  89  2  86  3  17  4  89  5  92  6  9  7  37  8  66  9  87  10  55  11  43  12  99  13  36  14  2  15  73  16  93  17  23  18  27  19  10
  0  20  1  80  2  62  3  34  4  35  5  10  6  83  7  13  8  57  9  83  10  4  11  81  12  8  13  52  14  20  15  91  16  35  17  9  18  21  19  69
  0  91  1  86  2  52  3  75  4  37  5  71  6  14  7  70  8  64  9  81  10  11  11  40  12  93  13  35  14  2  15  11  16  75  17  93  18  11  19  74
  0  89  1  76  2  99  3  8  4  46  5  72  6  7  7  43  8  9  9  91  10  1  11  23  12  6  13  34  14  28  15  65  16  6  17  72  18  18  19  6
  0  55  1  79  2  94  3  93  4  16  5  30  6  16  7  61  8  60  9  76  10  14  11  2  12  86  13  76  14  30  15  11  16  82  17  97  18  61  19  81
  0  47  1  65  2  57  3  65  4  35  5  5  6  38  7  36  8  8  9  86  10  28  11  4  12  75  13  6  14  14  15  90  16  90  17  20  18  72  19  54
  0  21  1  53  2  47  3  6  4  91  5  35  6  47  7  89  8  7  9  10  10  93  11  92  12  70  13  66  14  64  15  18  16  66  17  60  18  85  19  36
  0  76  1  24  2  85  3  90  4  44  5  88  6  1  7  34  8  5  9  74  10  7  11  11  12  47  13  6  14  12  15  25  16  81  17  71  18  24  19  45
  0  17  1  34  2  9  3  39  4  82  5  48  6  69  7  49  8  40  9  54  10  18  11  43  12  79  13  57  14  45  15  94  16  87  17  97  18  84  19  97
  0  27  1  77  2  28  3  2  4  85  5  5  6  51  7  23  8  64  9  65  10  53  11  82  12  18  13  33  14  8  15  61  16  67  17  75  18  89  19  83
  0  58  1  27  2  29  3  57  4  18  5  26  6  87  7  44  8  39  9  40  10  88  11  36  12  9  13  27  14  11  15  51  16  40  17  12  18  58  19  90
  0  81  1  62  2  49  3  6  4  21  5  8  6  85  7  76  8  95  9  29  10  13  11  95  12  80  13  9  14  55  15  10  16  24  17  32  18  11  19  71
  0  40  1  61  2  29  3  78  4  85  5  36  6  5  7  34  8  73  9  76  10  66  11  45  12  8  13  72  14  45  15  22  16  48  17  99  18  33  19  75
  0  17  1  3  2  96  3  9  4  21  5  20  6  82  7  56  8  63  9  42  10  34  11  8  12  41  13  46  14  21  15  30  16  75  17  30  18  26  19  76
  0  6  1  37  2  59  3  31  4  50  5  67  6  95  7  39  8  28  9  87  10  38  11  28  12  66  13  5  14  68  15  3  16  55  17  66  18  38  19  77
  0  34  1  85  2  96  3  86  4  99  5  19  6  73  7  73  8  78  9  48  10  63  11  57  12  15  13  22  14  62  15  18  16  49  17  85  18  74  19  67
  0  96  1  90  2  80  3  81  4  60  5  56  6  27  7  6  8  15  9  46  10  96  11  82  12  68  13  56  14  57  15  45  16  80  17  45  18  90  19  69
  0  78  1  45  2  74  3  5  4  38  5  48  6  47  7  4  8  76  9  28  10  77  11  18  12  97  13  66  14  38  15  56  16  97  17  94  18  40  19  97
  0  89  1  47  2  78  3  8  4  31  5  15  6  95  7  19  8  55  9  24  10  72  11  52  12  41  13  90  14  89  15  2  16  67  17  21  18  32  19  12
  0  38  1  61  2  19  3  4  4  83  5  13  6  83  7  53  8  63  9  70  10  47  11  11  12  28  13  44  14  48  15  14  16  18  17  82  18  14  19  47
  0  7  1  99  2  14  3  34  4  16  5  65  6  8  7  80  8  55  9  36  10  79  11  91  12  72  13  14  14  34  15  38  16  13  17  65  18  83  19  46
  0  21  1  46  2  58  3  29  4  34  5  1  6  15  7  90  8  58  9  46  10  31  11  70  12  23  13  51  14  5  15  5  16  34  17  65  18  96  19  25
  0  11  1  76  2  95  3  21  4  51  5  79  6  78  7  38  8  55  9  99  10  2  11  88  12  19  13  2  14  51  15  86  16  71  17  72  18  35  19  52
  0  17  1  57  2  88  3  30  4  99  5  98  6  30  7  30  8  10  9  3  10  97  11  71  12  1  13  16  14  36  15  3  16  78  17  16  18  30  19  22
  0  83  1  29  2  95  3  9  4  87  5  30  6  77  7  71  8  61  9  99  10  10  11  40  12  87  13  29  14  47  15  70  16  41  17  1  18  72  19  50
  0  42  1  1  2  19  3  8  4  51  5  18  6  96  7  67  8  90  9  45  10  82  11  7  12  82  13  6  14  20  15  12  16  42  17  36  18  56  19  22
  0  81  1  15  2  84  3  22  4  98  5  40  6  88  7  34  8  61  9  55  10  6  11  84  12  10  13  98  14  43  15  71  16  43  17  31  18  23  19  69
  0  57  1  53  2  54  3  16  4  43  5  25  6  23  7  79  8  79  9  41  10  77  11  26  12  71  13  40  14  50  15  94  16  12  17  35  18  15  19  70
  0  77  1  98  2  5  3  28  4  75  5  48  6  19  7  55  8  19  9  97  10  5  11  94  12  81  13  89  14  81  15  68  16  63  17  16  18  48  19  70
  0  77  1  80  2  4  3  27  4  23  5  83  6  45  7  76  8  21  9  20  10  48  11  25  12  18  13  8  14  33  15  53  16  86  17  17  18  68  19  99
  0  75  1  46  2  74  3  50  4  97  5  68  6  21  7  91  8  49  9  49  10  36  11  20  12  98  13  2  14  64  15  17  16  88  17  45  18  50  19  18
  0  52  1  65  2  30  3  49  4  20  5  96  6  54  7  8  8  70  9  85  10  81  11  99  12  69  13  96  14  13  15  73  16  74  17  68  18  51  19  8
  0  17  1  35  2  21  3  39  4  88  5  68  6  62  7  41  8  80  9  13  10  93  11  91  12  65  13  7  14  24  15  93  16  25  17  19  18  26  19  16
  0  39  1  47  2  22  3  99  4  15  5  54  6  44  7  27  8  13  9  30  10  70  11  45  12  87  13  21  14  33  15  16  16  75  17  57  18  67  19  94
  0  64  1  63  2  47  3  99  4  53  5  44  6  14  7  10  8  84  9  68  10  1  11  80  12  86  13  14  14  19  15  96  16  83  17  17  18  40  19  99
  0  46  1  60  2  95  3  33  4  91  5  94  6  98  7  15  8  69  9  59  10  24  11  25  12  66  13  63  14  30  15  69  16  40  17  38  18  1  19  54
  0  58  1  77  2  27  3  77  4  90  5  6  6  76  7  39  8  6  9  69  10  16  11  7  12  41  13  29  14  66  15  1  16  67  17  83  18  37  19  76
  0  63  1  78  2  42  3  33  4  70  5  66  6  5  7  54  8  83  9  19  10  10  11  81  12  12  13  16  14  47  15  62  16  11  17  61  18  67  19  27
  0  68  1  87  2  32  3  92  4  97  5  71  6  41  7  79  8  58  9  53  10  64  11  21  12  35  13  36  14  6  15  67  16  18  17  19  18  79  19  35
  0  76  1  75  2  84  3  48  4  20  5  95  6  1  7  66  8  89  9  31  10  33  11  13  12  17  13  35  14  94  15  24  16  47  17  85  18  98  19  3
  0  20  1  9  2  92  3  40  4  43  5  62  6  67  7  32  8  9  9  52  10  9  11  20  12  40  13  65  14  90  15  15  16  65  17  65  18  22  19  97
  0  52  1  79  2  87  3  98  4  53  5  63  6  55  7  97  8  55  9  33  10  38  11  6  12  13  13  92  14  29  15  6  16  29  17  7  18  51  19  80
  0  97  1  89  2  91  3  41  4  32  5  6  6  11  7  41  8  39  9  13  10  39  11  39  12  8  13  87  14  14  15  39  16  40  17  16  18  12  19  35
  0  19  1  41  2  80  3  24  4  7  5  88  6  74  7  66  8  17  9  29  10  49  11  18  12  2  13  42  14  72  15  60  16  41  17  81  18  50  19  89
  0  37  1  65  2  77  3  51  4  46  5  47  6  65  7  40  8  94  9  23  10  7  11  85  12  69  13  99  14  65  15  96  16  77  17  19  18  27  19  44
  0  16  1  6  2  27  3  2  4  92  5  12  6  42  7  64  8  89  9  40  10  35  11  23  12  67  13  90  14  57  15  72  16  43  17  65  18  67  19  61
  0  94  1  5  2  26  3  24  4  69  5  63  6  52  7  61  8  10  9  43  10  78  11  40  12  15  13  25  14  17  15  39  16  99  17  85  18  35  19  65
  0  31  1  92  2  11  3  8  4  42  5  93  6  93  7  17  8  54  9  64  10  14  11  10  12  73  13  69  14  3  15  51  16  16  17  52  18  24  19  60
  0  97  1  63  2  18  3  33  4  88  5  90  6  25  7  92  8  14  9  44  10  32  11  5  12  55  13  15  14  43  15  10  16  82  17  19  18  96  19  73
  0  20  1  79  2  68  3  48  4  23  5  16  6  17  7  96  8  38  9  46  10  78  11  36  12  40  13  18  14  27  15  74  16  91  17  21  18  26  19  72
  0  78  1  54  2  58  3  48  4  81  5  47  6  17  7  98  8  19  9  50  10  73  11  11  12  61  13  60  14  67  15  87  16  94  17  32  18  89  19  15
  0  97  1  94  2  39  3  32  4  45  5  84  6  85  7  95  8  63  9  46  10  64  11  41  12  98  13  72  14  85  15  89  16  63  17  92  18  41  19  42
  0  87  1  11  2  23  3  71  4  84  5  70  6  15  7  93  8  94  9  92  10  90  11  87  12  88  13  8  14  48  15  95  16  29  17  81  18  67  19  3
  0  26  1  13  2  56  3  15  4  36  5  45  6  31  7  48  8  86  9  19  10  40  11  14  12  34  13  61  14  44  15  75  16  77  17  86  18  87  19  80
  0  89  1  64  2  35  3  22  4  39  5  59  6  65  7  71  8  16  9  64  10  41  11  80  12  82  13  79  14  86  15  60  16  9  17  7  18  54  19  70
  0  69  1  58  2  62  3  85  4  10  5  3  6  28  7  19  8  11  9  1  10  31  11  16  12  2  13  1  14  80  15  53  16  9  17  88  18  74  19  11
  0  37  1  28  2  72  3  88  4  22  5  21  6  13  7  93  8  96  9  82  10  64  11  29  12  65  13  8  14  74  15  32  16  76  17  75  18  61  19  77
  0  38  1  20  2  61  3  19  4  14  5  45  6  33  7  42  8  91  9  99  10  78  11  62  12  32  13  8  14  19  15  62  16  13  17  25  18  59  19  86
  0  33  1  82  2  12  3  23  4  57  5  26  6  65  7  30  8  3  9  59  10  26  11  97  12  96  13  62  14  65  15  59  16  63  17  31  18  42  19  77
  0  13  1  59  2  98  3  78  4  48  5  77  6  37  7  15  8  9  9  92  10  25  11  58  12  11  13  12  14  96  15  79  16  62  17  37  18  42  19  57
  0  63  1  71  2  1  3  9  4  5  5  62  6  98  7  59  8  48  9  78  10  3  11  71  12  31  13  97  14  79  15  14  16  40  17  49  18  77  19  37
  0  45  1  41  2  75  3  82  4  81  5  59  6  60  7  50  8  33  9  30  10  34  11  91  12  42  13  68  14  59  15  12  16  65  17  68  18  90  19  91
  0  22  1  99  2  57  3  66  4  39  5  11  6  84  7  22  8  70  9  74  10  86  11  94  12  41  13  98  14  48  15  83  16  52  17  7  18  91  19  15
  0  49  1  56  2  88  3  16  4  32  5  47  6  68  7  87  8  62  9  42  10  38  11  82  12  97  13  92  14  89  15  29  16  59  17  58  18  96  19  60
  0  11  1  44  2  3  3  30  4  96  5  11  6  51  7  36  8  91  9  22  10  24  11  77  12  29  13  33  14  75  15  11  16  33  17  43  18  92  19  90
  0  63  1  60  2  8  3  8  4  46  5  48  6  32  7  54  8  50  9  62  10  21  11  86  12  38  13  87  14  65  15  62  16  97  17  35  18  63  19  68
  0  22  1  64  2  36  3  72  4  20  5  40  6  83  7  61  8  50  9  30  10  91  11  55  12  20  13  12  14  38  15  94  16  94  17  43  18  60  19  61
  0  2  1  12  2  80  3  60  4  40  5  74  6  5  7  88  8  10  9  43  10  31  11  59  12  25  13  80  14  52  15  57  16  3  17  22  18  22  19  53
  0  1  1  22  2  18  3  88  4  65  5  1  6  38  7  25  8  29  9  43  10  97  11  97  12  37  13  56  14  22  15  44  16  11  17  12  18  47  19  80
  0  82  1  22  2  73  3  39  4  42  5  8  6  43  7  17  8  93  9  86  10  22  11  72  12  7  13  70  14  23  15  78  16  15  17  47  18  86  19  28
  0  93  1  7  2  11  3  37  4  10  5  13  6  10  7  99  8  51  9  48  10  16  11  86  12  49  13  71  14  80  15  89  16  70  17  70  18  22  19  64
  0  38  1  8  2  34  3  9  4  99  5  67  6  51  7  85  8  68  9  81  10  32  11  87  12  89  13  76  14  12  15  79  16  11  17  60  18  28  19  92
  0  71  1  67  2  29  3  33  4  25  5  6  6  10  7  45  8  64  9  84  10  50  11  37  12  16  13  21  14  27  15  51  16  17  17  44  18  42  19  50
  0  8  1  51  2  94  3  38  4  75  5  87  6  59  7  53  8  59  9  42  10  83  11  86  12  88  13  95  14  97  15  22  16  9  17  53  18  92  19  89
  0  38  1  52  2  33  3  1  4  40  5  27  6  92  7  93  8  6  9  68  10  32  11  86  12  95  13  16  14  62  15  64  16  70  17  63  18  55  19  9
  0  11  1  67  2  3  3  52  4  29  5  96  6  32  7  31  8  79  9  57  10  28  11  60  12  62  13  66  14  21  15  47  16  56  17  91  18  42  19  27
  0  21  1  50  2  52  3  86  4  81  5  51  6  97  7  5  8  47  9  15  10  50  11  28  12  52  13  6  14  31  15  56  16  25  17  75  18  35  19  18
  0  4  1  73  2  85  3  46  4  65  5  10  6  11  7  94  8  42  9  42  10  7  11  47  12  24  13  38  14  28  15  20  16  95  17  45  18  29  19  48
  0  39  1  45  2  35  3  17  4  2  5  94  6  36  7  70  8  17  9  71  10  5  11  12  12  26  13  73  14  7  15  86  16  35  17  52  18  42  19  86
  0  9  1  72  2  38  3  51  4  84  5  17  6  81  7  31  8  49  9  99  10  57  11  36  12  38  13  43  14  51  15  8  16  13  17  34  18  4  19  66
  0  55  1  67  2  36  3  23  4  76  5  40  6  1  7  72  8  15  9  54  10  5  11  95  12  2  13  39  14  10  15  37  16  79  17  14  18  29  19  41
  0  40  1  32  2  54  3  59  4  90  5  88  6  82  7  61  8  70  9  86  10  41  11  19  12  95  13  84  14  19  15  35  16  67  17  73  18  51  19  47
  0  8  1  63  2  28  3  18  4  94  5  63  6  12  7  3  8  96  9  93  10  83  11  49  12  45  13  73  14  60  15  62  16  4  17  50  18  58  19  63
  0  93  1  81  2  77  3  3  4  3  5  80  6  37  7  11  8  93  9  86  10  7  11  5  12  73  13  19  14  90  15  80  16  99  17  29  18  58  19  51
  0  27  1  59  2  51  3  30  4  28  5  67  6  87  7  40  8  42  9  85  10  54  11  26  12  32  13  10  14  59  15  94  16  47  17  56  18  71  19  87
  0  33  1  6  2  91  3  92  4  30  5  48  6  15  7  32  8  59  9  87  10  82  11  85  12  72  13  55  14  36  15  34  16  30  17  74  18  18  19  39
  0  26  1  40  2  90  3  89  4  70  5  29  6  54  7  74  8  12  9  46  10  96  11  79  12  46  13  71  14  95  15  7  16  53  17  66  18  69  19  50
  0  46  1  50  2  38  3  8  4  43  5  63  6  35  7  90  8  81  9  66  10  3  11  59  12  37  13  51  14  32  15  18  16  24  17  58  18  52  19  20
  0  82  1  30  2  83  3  78  4  77  5  39  6  82  7  97  8  76  9  78  10  66  11  41  12  70  13  94  14  96  15  25  16  53  17  4  18  43  19  3
  0  89  1  30  2  65  3  49  4  11  5  42  6  89  7  6  8  44  9  81  10  62  11  15  12  55  13  21  14  99  15  53  16  52  17  78  18  84  19  65
  0  90  1  80  2  65  3  33  4  71  5  63  6  54  7  45  8  30  9  38  10  47  11  52  12  48  13  67  14  98  15  11  16  43  17  27  18  21  19  70
  0  11  1  48  2  12  3  40  4  34  5  75  6  5  7  45  8  79  9  71  10  5  11  62  12  45  13  53  14  70  15  84  16  23  17  59  18  25  19  77
  0  4  1  64  2  33  3  96  4  34  5  93  6  64  7  97  8  87  9  9  10  27  11  57  12  40  13  70  14  52  15  83  16  29  17  87  18  56  19  78
  0  52  1  16  2  17  3  92  4  47  5  70  6  29  7  78  8  33  9  54  10  42  11  31  12  16  13  22  14  78  15  70  16  3  17  37  18  97  19  13
  0  55  1  79  2  54  3  40  4  80  5  24  6  51  7  29  8  60  9  88  10  6  11  48  12  44  13  22  14  63  15  11  16  62  17  93  18  38  19  27
  0  39  1  80  2  62  3  18  4  14  5  88  6  59  7  83  8  97  9  41  10  2  11  15  12  14  13  21  14  95  15  16  16  11  17  50  18  1  19  64
  0  54  1  51  2  1  3  30  4  14  5  16  6  58  7  26  8  12  9  72  10  37  11  64  12  13  13  35  14  59  15  53  16  54  17  78  18  45  19  24
  0  42  1  63  2  50  3  10  4  89  5  1  6  87  7  10  8  46  9  53  10  10  11  81  12  46  13  86  14  83  15  73  16  1  17  38  18  87  19  94
  0  76  1  47  2  10  3  56  4  61  5  81  6  29  7  51  8  98  9  50  10  1  11  54  12  43  13  75  14  88  15  58  16  68  17  80  18  15  19  74
  0  32  1  2  2  11  3  68  4  78  5  45  6  92  7  6  8  28  9  40  10  4  11  28  12  94  13  46  14  87  15  91  16  20  17  43  18  87  19  29
  0  21  1  96  2  86  3  17  4  89  5  62  6  30  7  70  8  90  9  7  10  4  11  88  12  47  13  28  14  52  15  20  16  1  17  16  18  60  19  31
  0  2  1  89  2  32  3  87  4  62  5  86  6  46  7  87  8  60  9  12  10  71  11  6  12  98  13  51  14  59  15  28  16  54  17  24  18  60  19  9
  0  58  1  17  2  28  3  55  4  4  5  29  6  8  7  28  8  71  9  27  10  17  11  29  12  12  13  68  14  68  15  86  16  34  17  76  18  7  19  87
  0  85  1  39  2  37  3  99  4  20  5  87  6  70  7  80  8  91  9  72  10  34  11  87  12  27  13  38  14  8  15  8  16  46  17  66  18  68  19  90
  0  57  1  45  2  83  3  56  4  28  5  73  6  77  7  89  8  20  9  11  10  36  11  60  12  31  13  45  14  60  15  33  16  78  17  17  18  65  19  45
  0  41  1  38  2  78  3  72  4  14  5  84  6  6  7  3  8  53  9  64  10  45  11  4  12  31  13  76  14  82  15  48  16  7  17  12  18  95  19  13
  0  90  1  73  2  46  3  2  4  66  5  11  6  39  7  28  8  78  9  90  10  86  11  68  12  23  13  60  14  87  15  80  16  90  17  61  18  31  19  25
  0  33  1  12  2  70  3  66  4  74  5  68  6  26  7  12  8  83  9  10  10  29  11  26  12  73  13  40  14  92  15  36  16  92  17  81  18  91  19  11
  0  29  1  98  2  70  3  74  4  41  5  95  6  30  7  79  8  90  9  61  10  40  11  86  12  31  13  62  14  98  15  79  16  76  17  3  18  25  19  36
  0  79  1  4  2  54  3  46  4  53  5  73  6  79  7  12  8  45  9  68  10  53  11  8  12  48  13  69  14  51  15  61  16  81  17  14  18  39  19  91
TPM
  0  3253  1  3253  2  3253  3  3253  4  3253  5  3253  6  3253  7  3253  8  3253  9  3253  10  3253  11  3253  12  3253  13  3253  14  3253  15  3253  16  3253  17  3253  18  3253  19  3253
PMT
  0  2  1  101  2  47  3  37  4  31  5  48  6  1  7  66  8  54  9  7  10  126  11  124  12  145  13  68  14  25  15  68  16  108  17  36  18  79  19  9
  0  136  1  68  2  126  3  66  4  96  5  107  6  82  7  9  8  20  9  147  10  37  11  131  12  104  13  77  14  77  15  4  16  19  17  5  18  105  19  96
  0  85  1  55  2  6  3  138  4  33  5  2  6  51  7  70  8  48  9  51  10  11  11  30  12  45  13  74  14  93  15  77  16  13  17  18  18  8  19  92
  0  133  1  72  2  93  3  137  4  2  5  110  6  134  7  19  8  71  9  30  10  32  11  66  12  78  13  149  14  120  15  120  16  34  17  76  18  141  19  37
  0  136  1  51  2  119  3  124  4  143  5  126  6  127  7  90  8  37  9  54  10  31  11  86  12  65  13  112  14  1  15  116  16  86  17  126  18  125  19  106
  0  1  1  138  2  130  3  137  4  63  5  52  6  6  7  59  8  76  9  132  10  82  11  6  12  98  13  64  14  82  15  76  16  79  17  23  18  109  19  3
  0  92  1  46  2  22  3  1  4  141  5  6  6  83  7  108  8  88  9  32  10  20  11  34  12  116  13  139  14  34  15  22  16  83  17  33  18  91  19  59
  0  60  1  33  2  65  3  93  4  44  5  102  6  91  7  10  8  1  9  110  10  97  11  17  12  114  13  28  14  144  15  107  16  63  17  113  18  26  19  82
  0  125  1  19  2  8  3  56  4  29  5  90  6  2  7  34  8  43  9  120  10  51  11  38  12  12  13  111  14  87  15  43  16  22  17  12  18  109  19  86
  0  106  1  79  2  30  3  36  4  52  5  95  6  105  7  48  8  104  9  67  10  65  11  81  12  101  13  113  14  48  15  18  16  148  17  141  18  28  19  40
  0  8  1  100  2  149  3  31  4  79  5  120  6  101  7  125  8  17  9  73  10  15  11  60  12  40  13  18  14  28  15  114  16  13  17  103  18  54  19  24
  0  66  1  119  2  93  3  76  4  7  5  24  6  16  7  106  8  32  9  92  10  133  11  61  12  57  13  118  14  45  15  37  16  89  17  137  18  17  19  89
  0  100  1  98  2  55  3  24  4  98  5  110  6  91  7  11  8  120  9  113  10  132  11  53  12  21  13  92  14  109  15  118  16  68  17  43  18  6  19  95
  0  38  1  137  2  73  3  116  4  128  5  79  6  138  7  17  8  136  9  107  10  146  11  58  12  129  13  35  14  95  15  109  16  27  17  35  18  101  19  86
  0  55  1  95  2  26  3  121  4  16  5  131  6  69  7  33  8  1  9  146  10  29  11  101  12  123  13  117  14  79  15  81  16  25  17  94  18  75  19  51
  0  145  1  148  2  11  3  86  4  51  5  112  6  69  7  41  8  69  9  20  10  118  11  103  12  113  13  79  14  14  15  25  16  74  17  102  18  30  19  25
