50  5
  0  80  1  78  2  57  3  91  4  51
  0  45  1  70  2  81  3  69  4  93
  0  47  1  49  2  43  3  12  4  4
  0  2  1  16  2  8  3  47  4  4
  0  76  1  83  2  25  3  41  4  27
  0  49  1  58  2  64  3  92  4  68
  0  40  1  98  2  99  3  48  4  65
  0  61  1  75  2  28  3  23  4  33
  0  35  1  16  2  62  3  71  4  65
  0  84  1  21  2  67  3  14  4  21
  0  78  1  71  2  44  3  1  4  62
  0  45  1  27  2  26  3  25  4  27
  0  60  1  40  2  74  3  99  4  56
  0  24  1  28  2  8  3  21  4  18
  0  2  1  64  2  23  3  45  4  84
  0  38  1  36  2  17  3  36  4  17
  0  81  1  47  2  19  3  79  4  22
  0  6  1  51  2  42  3  75  4  91
  0  41  1  36  2  55  3  16  4  41
  0  42  1  49  2  94  3  21  4  3
  0  91  1  20  2  68  3  65  4  11
  0  59  1  55  2  38  3  30  4  76
  0  17  1  69  2  62  3  97  4  56
  0  67  1  44  2  64  3  52  4  24
  0  72  1  27  2  36  3  22  4  61
  0  95  1  81  2  29  3  17  4  42
  0  97  1  5  2  6  3  9  4  34
  0  80  1  67  2  85  3  40  4  90
  0  87  1  47  2  32  3  56  4  41
  0  78  1  59  2  57  3  60  4  11
  0  76  1  39  2  6  3  52  4  63
  0  45  1  25  2  99  3  41  4  66
  0  39  1  46  2  89  3  50  4  93
  0  31  1  62  2  14  3  48  4  93
  0  33  1  49  2  12  3  37  4  50
  0  15  1  39  2  90  3  70  4  55
  0  35  1  51  2  90  3  97  4  49
  0  39  1  5  2  1  3  56  4  71
  0  64  1  71  2  33  3  80  4  4
  0  62  1  2  2  99  3  68  4  29
  0  99  1  2  2  53  3  1  4  72
  0  71  1  43  2  87  3  20  4  30
  0  11  1  48  2  45  3  61  4  8
  0  63  1  70  2  99  3  68  4  17
  0  31  1  72  2  98  3  67  4  53
  0  14  1  23  2  44  3  89  4  3
  0  18  1  42  2  57  3  71  4  48
  0  62  1  99  2  98  3  84  4  30
  0  82  1  88  2  76  3  7  4  81
  0  86  1  96  2  60  3  23  4  94
TPM
  0  913  1  913  2  913  3  913  4  913
PMT
  0  89  1  54  2  87  3  83  4  92
  0  85  1  96  2  11  3  7  4  84
  0  31  1  94  2  28  3  33  4  43
  0  9  1  88  2  87  3  89  4  86
  0  48  1  99  2  68  3  54  4  41
  0  86  1  52  2  43  3  75  4  69
