100  15
  0  61  1  2  2  72  3  72  4  9  5  32  6  54  7  78  8  38  9  86  10  56  11  47  12  57  13  14  14  79
  0  79  1  45  2  6  3  81  4  86  5  47  6  68  7  46  8  61  9  67  10  36  11  17  12  55  13  12  14  76
  0  64  1  38  2  91  3  46  4  94  5  68  6  78  7  75  8  39  9  32  10  86  11  4  12  56  13  14  14  15
  0  96  1  58  2  2  3  69  4  95  5  30  6  47  7  63  8  12  9  8  10  34  11  49  12  43  13  38  14  26
  0  45  1  80  2  22  3  87  4  50  5  36  6  36  7  13  8  56  9  6  10  63  11  94  12  21  13  60  14  88
  0  26  1  37  2  99  3  36  4  17  5  23  6  46  7  63  8  55  9  26  10  47  11  25  12  63  13  96  14  8
  0  72  1  23  2  94  3  83  4  71  5  57  6  17  7  1  8  31  9  12  10  67  11  77  12  80  13  63  14  19
  0  78  1  56  2  43  3  14  4  14  5  56  6  70  7  18  8  61  9  94  10  12  11  30  12  90  13  66  14  29
  0  97  1  2  2  79  3  76  4  98  5  16  6  45  7  50  8  89  9  70  10  20  11  14  12  30  13  19  14  25
  0  51  1  28  2  34  3  22  4  16  5  81  6  56  7  91  8  71  9  89  10  48  11  44  12  57  13  68  14  35
  0  83  1  25  2  10  3  53  4  75  5  6  6  41  7  33  8  11  9  31  10  88  11  79  12  52  13  2  14  56
  0  37  1  14  2  84  3  66  4  53  5  7  6  82  7  22  8  71  9  51  10  92  11  90  12  15  13  41  14  71
  0  27  1  49  2  10  3  58  4  61  5  38  6  34  7  20  8  51  9  18  10  64  11  31  12  52  13  60  14  87
  0  1  1  56  2  14  3  48  4  3  5  21  6  15  7  88  8  70  9  60  10  30  11  72  12  72  13  97  14  71
  0  20  1  74  2  85  3  80  4  63  5  52  6  50  7  86  8  87  9  15  10  2  11  77  12  38  13  44  14  40
  0  49  1  88  2  74  3  35  4  8  5  12  6  60  7  51  8  47  9  3  10  97  11  69  12  28  13  31  14  12
  0  3  1  29  2  27  3  23  4  24  5  50  6  43  7  43  8  44  9  76  10  27  11  78  12  14  13  47  14  96
  0  29  1  32  2  82  3  29  4  25  5  90  6  56  7  69  8  25  9  85  10  33  11  43  12  69  13  66  14  89
  0  30  1  76  2  22  3  1  4  13  5  15  6  13  7  58  8  32  9  81  10  83  11  43  12  97  13  84  14  52
  0  90  1  37  2  9  3  29  4  98  5  90  6  94  7  20  8  70  9  71  10  80  11  23  12  4  13  62  14  80
  0  13  1  65  2  10  3  96  4  91  5  1  6  37  7  84  8  19  9  78  10  95  11  30  12  76  13  68  14  7
  0  99  1  26  2  95  3  89  4  69  5  51  6  39  7  61  8  62  9  11  10  39  11  49  12  21  13  32  14  44
  0  67  1  15  2  18  3  31  4  40  5  64  6  67  7  45  8  68  9  9  10  8  11  65  12  81  13  68  14  4
  0  86  1  16  2  75  3  91  4  76  5  15  6  62  7  39  8  45  9  37  10  49  11  51  12  28  13  16  14  58
  0  54  1  90  2  27  3  46  4  35  5  90  6  26  7  38  8  24  9  52  10  80  11  1  12  35  13  45  14  21
  0  89  1  14  2  86  3  48  4  56  5  49  6  76  7  11  8  2  9  54  10  60  11  23  12  13  13  21  14  78
  0  71  1  18  2  97  3  31  4  66  5  37  6  61  7  74  8  4  9  40  10  58  11  39  12  58  13  14  14  56
  0  25  1  27  2  98  3  27  4  5  5  80  6  72  7  45  8  61  9  4  10  66  11  77  12  28  13  30  14  52
  0  95  1  11  2  94  3  36  4  44  5  3  6  67  7  37  8  41  9  38  10  43  11  56  12  87  13  28  14  91
  0  41  1  19  2  85  3  97  4  18  5  35  6  32  7  50  8  45  9  72  10  27  11  56  12  98  13  12  14  96
  0  78  1  3  2  47  3  19  4  48  5  66  6  44  7  98  8  70  9  88  10  64  11  64  12  47  13  35  14  47
  0  41  1  78  2  13  3  67  4  86  5  12  6  80  7  97  8  9  9  52  10  85  11  65  12  95  13  60  14  7
  0  78  1  14  2  97  3  41  4  43  5  73  6  78  7  76  8  18  9  59  10  74  11  20  12  63  13  64  14  50
  0  92  1  96  2  3  3  28  4  99  5  41  6  61  7  31  8  35  9  45  10  29  11  39  12  90  13  7  14  13
  0  45  1  60  2  20  3  28  4  21  5  82  6  45  7  25  8  14  9  46  10  56  11  78  12  36  13  49  14  20
  0  72  1  21  2  5  3  12  4  36  5  52  6  11  7  76  8  23  9  1  10  46  11  80  12  37  13  19  14  49
  0  25  1  55  2  67  3  94  4  98  5  91  6  91  7  79  8  11  9  95  10  66  11  69  12  22  13  2  14  68
  0  84  1  58  2  52  3  60  4  15  5  91  6  70  7  73  8  95  9  2  10  58  11  50  12  88  13  75  14  28
  0  62  1  38  2  91  3  23  4  22  5  10  6  98  7  57  8  62  9  27  10  92  11  89  12  29  13  57  14  46
  0  26  1  44  2  23  3  49  4  92  5  2  6  29  7  53  8  34  9  23  10  42  11  43  12  32  13  87  14  55
  0  71  1  51  2  92  3  24  4  26  5  43  6  33  7  68  8  23  9  78  10  90  11  56  12  39  13  82  14  80
  0  31  1  32  2  1  3  91  4  48  5  8  6  10  7  12  8  17  9  36  10  55  11  38  12  75  13  21  14  85
  0  9  1  49  2  79  3  5  4  95  5  62  6  89  7  70  8  58  9  97  10  94  11  12  12  44  13  38  14  93
  0  30  1  80  2  29  3  50  4  24  5  99  6  37  7  94  8  46  9  89  10  13  11  97  12  67  13  64  14  61
  0  51  1  38  2  87  3  90  4  84  5  39  6  11  7  95  8  92  9  85  10  88  11  88  12  58  13  14  14  96
  0  83  1  93  2  62  3  70  4  1  5  45  6  48  7  13  8  52  9  18  10  69  11  68  12  16  13  19  14  3
  0  55  1  6  2  46  3  81  4  85  5  12  6  38  7  57  8  38  9  59  10  88  11  95  12  47  13  96  14  77
  0  44  1  32  2  41  3  74  4  88  5  77  6  12  7  30  8  77  9  34  10  47  11  27  12  76  13  12  14  87
  0  98  1  96  2  71  3  52  4  11  5  87  6  44  7  61  8  64  9  14  10  34  11  73  12  76  13  34  14  90
  0  42  1  37  2  63  3  38  4  99  5  65  6  90  7  8  8  41  9  86  10  64  11  25  12  63  13  20  14  89
  0  19  1  54  2  56  3  85  4  83  5  82  6  49  7  5  8  86  9  98  10  56  11  13  12  14  13  51  14  1
  0  61  1  9  2  7  3  43  4  34  5  15  6  85  7  91  8  31  9  55  10  83  11  70  12  17  13  3  14  31
  0  38  1  55  2  20  3  8  4  32  5  6  6  66  7  20  8  57  9  56  10  21  11  99  12  78  13  12  14  50
  0  92  1  51  2  63  3  24  4  40  5  19  6  18  7  67  8  67  9  71  10  47  11  91  12  45  13  5  14  92
  0  45  1  71  2  70  3  51  4  77  5  2  6  85  7  98  8  7  9  25  10  29  11  43  12  39  13  54  14  64
  0  19  1  73  2  87  3  63  4  56  5  89  6  52  7  12  8  82  9  9  10  49  11  21  12  51  13  74  14  47
  0  83  1  1  2  86  3  92  4  49  5  78  6  88  7  54  8  98  9  5  10  95  11  98  12  50  13  41  14  13
  0  65  1  18  2  94  3  71  4  14  5  18  6  77  7  93  8  19  9  86  10  93  11  61  12  76  13  50  14  35
  0  43  1  25  2  72  3  1  4  19  5  93  6  51  7  64  8  81  9  49  10  72  11  65  12  35  13  78  14  6
  0  6  1  98  2  51  3  16  4  51  5  90  6  39  7  40  8  94  9  57  10  81  11  30  12  19  13  53  14  32
  0  66  1  65  2  21  3  29  4  5  5  8  6  91  7  61  8  2  9  64  10  19  11  32  12  28  13  26  14  31
  0  43  1  73  2  66  3  35  4  42  5  2  6  52  7  35  8  21  9  2  10  1  11  33  12  42  13  48  14  30
  0  23  1  38  2  70  3  85  4  12  5  22  6  88  7  83  8  13  9  71  10  69  11  60  12  95  13  15  14  6
  0  33  1  1  2  10  3  27  4  29  5  43  6  84  7  91  8  11  9  65  10  4  11  19  12  16  13  7  14  68
  0  67  1  96  2  14  3  58  4  58  5  16  6  5  7  81  8  96  9  45  10  48  11  89  12  67  13  59  14  38
  0  72  1  69  2  31  3  67  4  36  5  37  6  78  7  29  8  38  9  71  10  94  11  2  12  24  13  53  14  86
  0  98  1  93  2  36  3  92  4  80  5  92  6  21  7  53  8  70  9  99  10  77  11  58  12  21  13  71  14  56
  0  96  1  8  2  43  3  99  4  71  5  63  6  17  7  66  8  74  9  78  10  75  11  96  12  21  13  22  14  5
  0  13  1  84  2  59  3  13  4  21  5  91  6  81  7  80  8  47  9  70  10  62  11  82  12  45  13  44  14  13
  0  58  1  39  2  33  3  96  4  29  5  1  6  3  7  27  8  85  9  75  10  53  11  62  12  85  13  94  14  60
  0  60  1  59  2  48  3  10  4  73  5  87  6  9  7  72  8  85  9  2  10  19  11  17  12  17  13  49  14  87
  0  70  1  61  2  83  3  67  4  57  5  31  6  99  7  94  8  78  9  7  10  16  11  20  12  27  13  32  14  70
  0  61  1  33  2  10  3  89  4  58  5  88  6  59  7  39  8  9  9  10  10  69  11  73  12  14  13  19  14  52
  0  33  1  61  2  60  3  64  4  69  5  36  6  81  7  70  8  84  9  24  10  51  11  56  12  22  13  49  14  86
  0  26  1  45  2  63  3  12  4  21  5  86  6  85  7  72  8  65  9  58  10  50  11  84  12  17  13  53  14  5
  0  80  1  72  2  83  3  92  4  86  5  77  6  25  7  84  8  48  9  5  10  78  11  53  12  76  13  39  14  53
  0  9  1  98  2  59  3  40  4  39  5  21  6  3  7  30  8  19  9  41  10  75  11  96  12  79  13  76  14  19
  0  38  1  60  2  80  3  62  4  61  5  80  6  75  7  11  8  52  9  2  10  24  11  60  12  42  13  66  14  10
  0  27  1  3  2  41  3  4  4  36  5  98  6  96  7  36  8  22  9  90  10  91  11  1  12  6  13  69  14  66
  0  69  1  76  2  62  3  44  4  75  5  87  6  44  7  91  8  2  9  36  10  38  11  16  12  4  13  92  14  97
  0  66  1  11  2  95  3  97  4  82  5  24  6  39  7  79  8  12  9  84  10  2  11  25  12  82  13  83  14  4
  0  57  1  2  2  47  3  95  4  99  5  15  6  96  7  1  8  20  9  64  10  95  11  81  12  60  13  5  14  7
  0  92  1  33  2  78  3  39  4  34  5  10  6  63  7  52  8  36  9  55  10  35  11  45  12  25  13  80  14  17
  0  47  1  52  2  6  3  92  4  93  5  91  6  65  7  28  8  54  9  34  10  94  11  8  12  35  13  33  14  87
  0  90  1  80  2  83  3  99  4  47  5  55  6  35  7  44  8  11  9  64  10  75  11  12  12  83  13  49  14  31
  0  94  1  62  2  77  3  64  4  23  5  71  6  97  7  88  8  10  9  32  10  34  11  4  12  85  13  99  14  51
  0  33  1  73  2  41  3  98  4  19  5  13  6  38  7  22  8  1  9  50  10  48  11  6  12  91  13  48  14  47
  0  77  1  17  2  93  3  35  4  86  5  86  6  80  7  86  8  47  9  16  10  26  11  72  12  98  13  10  14  25
  0  90  1  28  2  84  3  65  4  67  5  61  6  89  7  53  8  36  9  4  10  40  11  12  12  92  13  5  14  98
  0  80  1  84  2  64  3  39  4  89  5  95  6  14  7  1  8  16  9  9  10  32  11  13  12  43  13  89  14  85
  0  33  1  60  2  97  3  99  4  46  5  95  6  28  7  96  8  15  9  62  10  47  11  68  12  72  13  55  14  57
  0  62  1  94  2  36  3  26  4  94  5  10  6  87  7  48  8  22  9  18  10  30  11  30  12  44  13  26  14  32
  0  19  1  12  2  38  3  51  4  13  5  51  6  35  7  87  8  27  9  55  10  50  11  49  12  96  13  81  14  21
  0  45  1  49  2  57  3  60  4  58  5  70  6  6  7  1  8  79  9  45  10  5  11  83  12  86  13  61  14  78
  0  10  1  1  2  91  3  68  4  72  5  71  6  94  7  21  8  26  9  54  10  11  11  19  12  81  13  85  14  32
  0  12  1  20  2  83  3  73  4  45  5  61  6  3  7  87  8  84  9  40  10  48  11  80  12  79  13  76  14  15
  0  33  1  28  2  26  3  97  4  33  5  24  6  66  7  11  8  74  9  97  10  52  11  95  12  75  13  93  14  29
  0  8  1  19  2  32  3  11  4  13  5  28  6  58  7  42  8  41  9  20  10  72  11  16  12  64  13  97  14  90
  0  7  1  8  2  97  3  89  4  43  5  9  6  65  7  23  8  32  9  71  10  51  11  22  12  4  13  4  14  58
  0  12  1  45  2  15  3  45  4  13  5  41  6  15  7  8  8  4  9  34  10  56  11  75  12  59  13  71  14  86
TPM
  0  1131  1  1131  2  1131  3  1131  4  1131  5  1131  6  1131  7  1131  8  1131  9  1131  10  1131  11  1131  12  1131  13  1131  14  1131
PMT
  0  83  1  10  2  20  3  23  4  27  5  61  6  41  7  60  8  5  9  88  10  67  11  70  12  97  13  86  14  29
  0  56  1  44  2  34  3  15  4  70  5  17  6  29  7  68  8  11  9  2  10  66  11  47  12  49  13  38  14  89
  0  9  1  65  2  68  3  34  4  91  5  79  6  14  7  43  8  5  9  17  10  64  11  18  12  49  13  37  14  54
  0  34  1  35  2  23  3  63  4  46  5  57  6  4  7  62  8  55  9  57  10  58  11  94  12  10  13  78  14  31
  0  57  1  56  2  89  3  37  4  31  5  89  6  32  7  64  8  70  9  36  10  27  11  83  12  51  13  86  14  40
  0  19  1  32  2  60  3  84  4  60  5  90  6  60  7  22  8  6  9  29  10  69  11  78  12  57  13  67  14  69
  0  6  1  29  2  55  3  7  4  30  5  30  6  93  7  26  8  82  9  26  10  31  11  43  12  8  13  2  14  68
  0  45  1  83  2  71  3  14  4  12  5  1  6  16  7  46  8  16  9  92  10  33  11  86  12  48  13  13  14  44
  0  93  1  62  2  87  3  83  4  24  5  38  6  6  7  59  8  24  9  21  10  19  11  77  12  47  13  68  14  58
