200  20
  0  57  1  53  2  60  3  95  4  60  5  68  6  38  7  29  8  64  9  10  10  46  11  6  12  25  13  58  14  97  15  66  16  41  17  18  18  57  19  41
  0  96  1  33  2  7  3  37  4  95  5  32  6  44  7  75  8  71  9  95  10  76  11  92  12  14  13  55  14  85  15  34  16  39  17  68  18  94  19  87
  0  1  1  48  2  41  3  48  4  24  5  16  6  56  7  11  8  83  9  24  10  2  11  24  12  94  13  58  14  96  15  59  16  61  17  19  18  60  19  67
  0  12  1  51  2  33  3  43  4  15  5  47  6  71  7  14  8  49  9  64  10  8  11  14  12  80  13  32  14  33  15  15  16  61  17  24  18  45  19  34
  0  65  1  27  2  63  3  32  4  9  5  48  6  10  7  67  8  32  9  12  10  92  11  81  12  42  13  62  14  69  15  14  16  33  17  68  18  50  19  97
  0  40  1  87  2  70  3  59  4  1  5  44  6  68  7  34  8  8  9  22  10  14  11  71  12  99  13  90  14  90  15  92  16  21  17  95  18  38  19  19
  0  27  1  90  2  78  3  85  4  41  5  5  6  12  7  21  8  75  9  54  10  35  11  29  12  75  13  39  14  29  15  34  16  50  17  11  18  24  19  64
  0  98  1  74  2  14  3  68  4  42  5  71  6  8  7  17  8  26  9  60  10  28  11  26  12  54  13  79  14  81  15  80  16  51  17  78  18  85  19  84
  0  92  1  34  2  13  3  36  4  31  5  91  6  77  7  7  8  7  9  6  10  98  11  98  12  33  13  64  14  97  15  73  16  83  17  23  18  17  19  1
  0  33  1  75  2  75  3  60  4  9  5  49  6  88  7  2  8  78  9  1  10  20  11  37  12  71  13  34  14  49  15  30  16  98  17  85  18  64  19  3
  0  35  1  46  2  21  3  62  4  73  5  94  6  19  7  48  8  59  9  92  10  94  11  20  12  64  13  43  14  30  15  53  16  77  17  17  18  17  19  13
  0  93  1  11  2  46  3  15  4  39  5  74  6  85  7  5  8  81  9  35  10  89  11  5  12  91  13  95  14  45  15  13  16  48  17  89  18  34  19  57
  0  37  1  24  2  96  3  35  4  58  5  36  6  90  7  90  8  35  9  41  10  10  11  16  12  29  13  66  14  93  15  64  16  59  17  71  18  39  19  37
  0  1  1  22  2  3  3  55  4  19  5  62  6  50  7  41  8  48  9  91  10  1  11  75  12  30  13  55  14  53  15  87  16  63  17  95  18  10  19  19
  0  45  1  30  2  34  3  41  4  85  5  47  6  96  7  39  8  39  9  37  10  4  11  83  12  88  13  99  14  6  15  52  16  52  17  2  18  45  19  70
  0  29  1  66  2  78  3  85  4  85  5  21  6  72  7  6  8  47  9  36  10  89  11  41  12  60  13  35  14  86  15  54  16  24  17  53  18  90  19  98
  0  22  1  76  2  51  3  88  4  91  5  89  6  54  7  54  8  13  9  12  10  63  11  58  12  10  13  98  14  26  15  78  16  93  17  51  18  38  19  94
  0  88  1  41  2  85  3  17  4  22  5  52  6  88  7  53  8  70  9  4  10  11  11  14  12  89  13  92  14  28  15  76  16  71  17  88  18  52  19  74
  0  12  1  37  2  65  3  91  4  73  5  92  6  7  7  51  8  80  9  69  10  11  11  48  12  79  13  64  14  3  15  65  16  62  17  24  18  89  19  69
  0  17  1  38  2  95  3  61  4  64  5  83  6  59  7  53  8  4  9  57  10  57  11  86  12  50  13  67  14  37  15  95  16  69  17  73  18  83  19  10
  0  12  1  95  2  28  3  38  4  28  5  29  6  1  7  64  8  99  9  38  10  63  11  64  12  17  13  18  14  84  15  26  16  8  17  40  18  45  19  12
  0  77  1  32  2  78  3  21  4  18  5  39  6  92  7  22  8  7  9  87  10  22  11  68  12  95  13  46  14  5  15  22  16  56  17  30  18  88  19  46
  0  45  1  27  2  14  3  35  4  89  5  23  6  19  7  98  8  20  9  52  10  62  11  23  12  95  13  17  14  75  15  65  16  92  17  31  18  72  19  60
  0  62  1  99  2  89  3  47  4  74  5  30  6  29  7  40  8  97  9  32  10  25  11  5  12  94  13  69  14  67  15  12  16  17  17  54  18  40  19  81
  0  40  1  2  2  64  3  44  4  77  5  85  6  59  7  65  8  43  9  70  10  42  11  30  12  76  13  97  14  54  15  76  16  33  17  55  18  70  19  15
  0  4  1  70  2  25  3  88  4  37  5  88  6  79  7  54  8  46  9  34  10  92  11  82  12  46  13  67  14  83  15  14  16  52  17  84  18  93  19  26
  0  25  1  28  2  95  3  85  4  52  5  85  6  85  7  92  8  93  9  21  10  70  11  50  12  37  13  50  14  52  15  7  16  48  17  54  18  32  19  59
  0  88  1  4  2  23  3  16  4  54  5  23  6  24  7  52  8  66  9  29  10  94  11  8  12  84  13  20  14  52  15  12  16  58  17  91  18  54  19  41
  0  18  1  24  2  50  3  35  4  76  5  46  6  21  7  23  8  93  9  78  10  33  11  52  12  18  13  25  14  78  15  8  16  23  17  38  18  70  19  66
  0  80  1  5  2  27  3  31  4  57  5  8  6  59  7  28  8  25  9  63  10  35  11  74  12  7  13  57  14  7  15  40  16  12  17  6  18  98  19  62
  0  27  1  22  2  17  3  94  4  74  5  79  6  7  7  88  8  46  9  76  10  82  11  42  12  66  13  67  14  9  15  72  16  65  17  98  18  87  19  86
  0  50  1  67  2  2  3  53  4  1  5  8  6  12  7  19  8  49  9  44  10  6  11  6  12  91  13  89  14  43  15  80  16  61  17  70  18  58  19  97
  0  59  1  99  2  96  3  49  4  14  5  44  6  11  7  67  8  24  9  45  10  38  11  70  12  91  13  91  14  31  15  45  16  78  17  57  18  17  19  9
  0  10  1  48  2  11  3  91  4  21  5  31  6  2  7  34  8  43  9  21  10  86  11  82  12  35  13  60  14  27  15  41  16  24  17  31  18  53  19  10
  0  33  1  46  2  36  3  98  4  76  5  45  6  98  7  27  8  58  9  83  10  47  11  27  12  26  13  75  14  36  15  18  16  37  17  42  18  7  19  14
  0  54  1  73  2  43  3  97  4  85  5  11  6  61  7  53  8  12  9  94  10  9  11  48  12  84  13  42  14  35  15  20  16  90  17  54  18  86  19  81
  0  96  1  60  2  6  3  77  4  46  5  52  6  56  7  37  8  48  9  62  10  96  11  13  12  87  13  91  14  84  15  6  16  63  17  96  18  67  19  4
  0  9  1  74  2  1  3  92  4  59  5  24  6  13  7  18  8  86  9  68  10  74  11  3  12  90  13  55  14  72  15  45  16  33  17  75  18  94  19  63
  0  56  1  78  2  42  3  55  4  4  5  60  6  66  7  78  8  59  9  58  10  87  11  94  12  57  13  75  14  7  15  9  16  26  17  24  18  75  19  9
  0  80  1  58  2  44  3  87  4  74  5  33  6  4  7  95  8  62  9  15  10  28  11  66  12  49  13  22  14  34  15  96  16  25  17  83  18  48  19  93
  0  4  1  32  2  40  3  10  4  17  5  77  6  53  7  22  8  43  9  20  10  56  11  40  12  54  13  11  14  79  15  45  16  23  17  51  18  31  19  82
  0  23  1  7  2  84  3  75  4  5  5  69  6  94  7  29  8  39  9  84  10  88  11  38  12  63  13  49  14  23  15  16  16  59  17  27  18  19  19  13
  0  57  1  39  2  12  3  94  4  51  5  36  6  67  7  89  8  50  9  65  10  64  11  37  12  21  13  60  14  45  15  74  16  89  17  42  18  70  19  74
  0  98  1  8  2  49  3  6  4  48  5  38  6  7  7  63  8  70  9  45  10  35  11  21  12  6  13  48  14  30  15  84  16  79  17  65  18  94  19  45
  0  7  1  25  2  89  3  75  4  73  5  54  6  39  7  8  8  61  9  7  10  36  11  87  12  18  13  21  14  92  15  96  16  4  17  21  18  41  19  83
  0  50  1  18  2  82  3  45  4  13  5  63  6  21  7  58  8  12  9  48  10  49  11  42  12  85  13  74  14  68  15  96  16  14  17  38  18  51  19  77
  0  62  1  78  2  90  3  58  4  75  5  7  6  83  7  24  8  17  9  14  10  51  11  92  12  14  13  7  14  94  15  41  16  94  17  45  18  23  19  96
  0  84  1  54  2  21  3  18  4  17  5  55  6  39  7  83  8  86  9  30  10  15  11  42  12  28  13  13  14  60  15  6  16  18  17  71  18  87  19  2
  0  12  1  30  2  40  3  89  4  89  5  41  6  58  7  20  8  54  9  98  10  2  11  10  12  99  13  75  14  3  15  20  16  70  17  1  18  19  19  1
  0  53  1  21  2  15  3  20  4  82  5  13  6  99  7  86  8  50  9  42  10  73  11  57  12  54  13  79  14  86  15  53  16  20  17  20  18  9  19  55
  0  83  1  74  2  50  3  44  4  21  5  23  6  87  7  3  8  55  9  44  10  97  11  93  12  88  13  70  14  90  15  84  16  36  17  29  18  88  19  86
  0  45  1  64  2  9  3  24  4  45  5  63  6  44  7  49  8  61  9  13  10  35  11  73  12  65  13  68  14  83  15  79  16  77  17  28  18  70  19  29
  0  18  1  11  2  46  3  94  4  81  5  9  6  31  7  69  8  91  9  52  10  32  11  24  12  39  13  5  14  65  15  41  16  29  17  82  18  47  19  24
  0  83  1  61  2  76  3  63  4  70  5  23  6  49  7  25  8  61  9  41  10  47  11  66  12  46  13  22  14  8  15  16  16  33  17  36  18  75  19  64
  0  38  1  25  2  64  3  54  4  31  5  51  6  16  7  59  8  86  9  30  10  2  11  6  12  72  13  76  14  25  15  67  16  57  17  24  18  17  19  25
  0  31  1  37  2  16  3  93  4  65  5  93  6  5  7  53  8  61  9  24  10  16  11  20  12  55  13  29  14  45  15  59  16  85  17  9  18  32  19  33
  0  37  1  96  2  93  3  8  4  26  5  38  6  23  7  89  8  75  9  5  10  84  11  56  12  6  13  6  14  77  15  96  16  41  17  40  18  36  19  84
  0  96  1  13  2  97  3  39  4  13  5  94  6  60  7  60  8  30  9  8  10  91  11  29  12  41  13  65  14  85  15  26  16  57  17  98  18  65  19  89
  0  63  1  40  2  77  3  29  4  71  5  61  6  32  7  69  8  76  9  67  10  75  11  72  12  83  13  16  14  16  15  88  16  66  17  97  18  22  19  6
  0  57  1  93  2  69  3  18  4  97  5  17  6  14  7  36  8  92  9  79  10  97  11  84  12  48  13  56  14  46  15  84  16  76  17  36  18  81  19  11
  0  15  1  78  2  74  3  61  4  81  5  14  6  16  7  89  8  64  9  58  10  69  11  80  12  23  13  36  14  46  15  80  16  42  17  28  18  93  19  99
  0  73  1  72  2  19  3  51  4  45  5  18  6  68  7  98  8  36  9  83  10  32  11  32  12  39  13  71  14  61  15  77  16  63  17  58  18  96  19  20
  0  40  1  41  2  69  3  1  4  47  5  24  6  99  7  5  8  53  9  67  10  16  11  61  12  55  13  40  14  76  15  22  16  60  17  40  18  47  19  78
  0  25  1  78  2  88  3  48  4  69  5  40  6  40  7  31  8  15  9  73  10  10  11  20  12  21  13  58  14  14  15  17  16  15  17  64  18  14  19  85
  0  46  1  3  2  49  3  46  4  7  5  16  6  72  7  88  8  87  9  81  10  14  11  66  12  85  13  13  14  58  15  84  16  66  17  72  18  91  19  15
  0  39  1  50  2  54  3  82  4  19  5  65  6  21  7  10  8  73  9  87  10  69  11  26  12  75  13  94  14  37  15  63  16  10  17  1  18  58  19  1
  0  10  1  46  2  26  3  34  4  24  5  3  6  50  7  73  8  30  9  53  10  74  11  5  12  49  13  53  14  85  15  61  16  37  17  64  18  37  19  94
  0  36  1  43  2  53  3  39  4  36  5  99  6  2  7  6  8  63  9  70  10  38  11  65  12  99  13  82  14  67  15  88  16  9  17  82  18  75  19  54
  0  97  1  61  2  22  3  58  4  76  5  15  6  7  7  68  8  67  9  3  10  34  11  20  12  79  13  1  14  50  15  42  16  58  17  69  18  39  19  46
  0  77  1  66  2  67  3  47  4  19  5  85  6  47  7  70  8  72  9  6  10  45  11  76  12  46  13  71  14  46  15  17  16  62  17  40  18  75  19  70
  0  90  1  71  2  10  3  66  4  42  5  50  6  49  7  62  8  17  9  52  10  24  11  44  12  77  13  4  14  54  15  67  16  18  17  94  18  4  19  49
  0  15  1  49  2  73  3  95  4  94  5  54  6  32  7  5  8  64  9  2  10  97  11  95  12  77  13  9  14  90  15  45  16  31  17  2  18  39  19  36
  0  21  1  90  2  6  3  39  4  3  5  66  6  56  7  9  8  36  9  96  10  1  11  32  12  95  13  8  14  75  15  74  16  95  17  73  18  46  19  28
  0  55  1  44  2  34  3  28  4  86  5  96  6  28  7  6  8  14  9  86  10  12  11  4  12  21  13  22  14  14  15  55  16  8  17  9  18  82  19  8
  0  2  1  20  2  26  3  55  4  41  5  96  6  68  7  84  8  45  9  90  10  26  11  77  12  19  13  82  14  94  15  9  16  66  17  65  18  99  19  25
  0  23  1  55  2  58  3  16  4  7  5  80  6  49  7  96  8  58  9  56  10  96  11  61  12  32  13  41  14  98  15  88  16  41  17  53  18  70  19  5
  0  77  1  61  2  91  3  25  4  55  5  3  6  43  7  38  8  54  9  85  10  11  11  16  12  56  13  79  14  73  15  32  16  7  17  92  18  94  19  54
  0  37  1  3  2  12  3  23  4  35  5  82  6  60  7  38  8  50  9  34  10  2  11  24  12  64  13  38  14  34  15  25  16  78  17  58  18  93  19  75
  0  74  1  78  2  93  3  22  4  73  5  50  6  53  7  18  8  87  9  84  10  6  11  97  12  40  13  15  14  90  15  4  16  7  17  9  18  80  19  37
  0  84  1  15  2  83  3  35  4  18  5  65  6  25  7  17  8  16  9  76  10  10  11  34  12  45  13  8  14  5  15  21  16  99  17  80  18  94  19  46
  0  55  1  74  2  16  3  82  4  75  5  28  6  52  7  74  8  30  9  32  10  56  11  55  12  28  13  92  14  38  15  41  16  89  17  86  18  10  19  20
  0  9  1  52  2  11  3  88  4  68  5  81  6  29  7  25  8  23  9  2  10  97  11  98  12  55  13  76  14  35  15  46  16  68  17  48  18  63  19  61
  0  80  1  11  2  11  3  94  4  25  5  85  6  90  7  53  8  68  9  38  10  13  11  39  12  13  13  52  14  64  15  69  16  39  17  55  18  78  19  74
  0  98  1  67  2  60  3  65  4  72  5  2  6  50  7  8  8  55  9  52  10  42  11  49  12  20  13  46  14  92  15  89  16  85  17  32  18  67  19  89
  0  83  1  52  2  33  3  60  4  98  5  13  6  90  7  66  8  40  9  29  10  90  11  47  12  42  13  49  14  85  15  44  16  31  17  53  18  23  19  71
  0  88  1  86  2  62  3  82  4  2  5  85  6  78  7  7  8  84  9  88  10  96  11  76  12  3  13  58  14  47  15  53  16  50  17  40  18  62  19  26
  0  41  1  48  2  29  3  50  4  35  5  41  6  78  7  38  8  91  9  33  10  94  11  22  12  35  13  68  14  45  15  60  16  66  17  23  18  70  19  48
  0  60  1  34  2  6  3  47  4  34  5  76  6  9  7  69  8  64  9  13  10  3  11  53  12  5  13  4  14  84  15  27  16  22  17  56  18  42  19  61
  0  58  1  36  2  81  3  28  4  73  5  84  6  64  7  42  8  44  9  95  10  97  11  44  12  15  13  67  14  28  15  44  16  24  17  28  18  47  19  44
  0  53  1  77  2  86  3  10  4  78  5  31  6  74  7  51  8  13  9  28  10  83  11  34  12  69  13  54  14  75  15  41  16  97  17  92  18  47  19  44
  0  53  1  87  2  15  3  63  4  14  5  8  6  94  7  16  8  56  9  25  10  66  11  94  12  44  13  52  14  40  15  16  16  4  17  12  18  44  19  29
  0  81  1  12  2  11  3  84  4  7  5  73  6  45  7  94  8  17  9  22  10  69  11  40  12  4  13  29  14  6  15  2  16  88  17  94  18  39  19  20
  0  55  1  77  2  52  3  22  4  75  5  26  6  42  7  50  8  7  9  71  10  62  11  2  12  63  13  81  14  35  15  50  16  87  17  75  18  38  19  7
  0  53  1  69  2  61  3  63  4  90  5  92  6  78  7  91  8  32  9  86  10  97  11  23  12  85  13  88  14  61  15  9  16  3  17  55  18  21  19  49
  0  4  1  84  2  26  3  41  4  62  5  31  6  66  7  73  8  71  9  37  10  75  11  76  12  42  13  4  14  2  15  2  16  3  17  98  18  69  19  97
  0  5  1  64  2  8  3  95  4  49  5  58  6  30  7  22  8  93  9  69  10  59  11  5  12  2  13  65  14  60  15  54  16  42  17  77  18  18  19  8
  0  53  1  30  2  57  3  86  4  34  5  63  6  24  7  4  8  15  9  12  10  38  11  17  12  28  13  27  14  8  15  21  16  87  17  82  18  71  19  10
  0  31  1  68  2  89  3  69  4  96  5  78  6  15  7  77  8  33  9  54  10  4  11  12  12  71  13  23  14  58  15  2  16  93  17  59  18  12  19  74
  0  90  1  42  2  74  3  78  4  88  5  97  6  37  7  86  8  81  9  51  10  73  11  5  12  11  13  22  14  96  15  53  16  70  17  31  18  66  19  83
  0  29  1  18  2  40  3  53  4  98  5  78  6  32  7  70  8  98  9  70  10  98  11  77  12  84  13  45  14  94  15  46  16  37  17  14  18  38  19  88
  0  49  1  49  2  3  3  22  4  43  5  67  6  15  7  22  8  97  9  75  10  17  11  76  12  86  13  44  14  44  15  8  16  50  17  54  18  5  19  24
  0  43  1  45  2  73  3  34  4  38  5  22  6  38  7  14  8  87  9  39  10  54  11  32  12  51  13  57  14  99  15  57  16  53  17  18  18  33  19  2
  0  40  1  11  2  98  3  92  4  29  5  29  6  37  7  58  8  79  9  6  10  83  11  76  12  31  13  5  14  72  15  23  16  84  17  18  18  73  19  11
  0  21  1  54  2  30  3  28  4  84  5  53  6  83  7  91  8  78  9  51  10  89  11  73  12  49  13  82  14  65  15  1  16  41  17  90  18  37  19  95
  0  78  1  79  2  50  3  24  4  85  5  40  6  87  7  79  8  44  9  26  10  96  11  97  12  77  13  61  14  13  15  97  16  85  17  7  18  50  19  87
  0  73  1  19  2  75  3  80  4  64  5  76  6  3  7  5  8  73  9  64  10  67  11  19  12  78  13  20  14  62  15  46  16  40  17  11  18  58  19  1
  0  27  1  81  2  28  3  68  4  66  5  82  6  50  7  67  8  30  9  85  10  70  11  91  12  3  13  41  14  32  15  19  16  16  17  30  18  19  19  40
  0  39  1  8  2  51  3  35  4  50  5  68  6  55  7  6  8  43  9  49  10  78  11  36  12  31  13  67  14  16  15  50  16  57  17  59  18  90  19  73
  0  34  1  51  2  91  3  33  4  48  5  11  6  55  7  45  8  23  9  21  10  49  11  73  12  17  13  98  14  15  15  57  16  3  17  57  18  40  19  47
  0  58  1  56  2  92  3  97  4  44  5  11  6  33  7  2  8  85  9  54  10  87  11  58  12  50  13  62  14  41  15  22  16  5  17  88  18  87  19  74
  0  91  1  75  2  58  3  8  4  48  5  36  6  85  7  9  8  85  9  19  10  6  11  97  12  61  13  3  14  96  15  53  16  45  17  84  18  83  19  16
  0  50  1  52  2  91  3  73  4  73  5  71  6  18  7  52  8  81  9  6  10  28  11  77  12  18  13  62  14  33  15  74  16  40  17  36  18  90  19  19
  0  84  1  77  2  17  3  68  4  44  5  32  6  38  7  27  8  98  9  6  10  91  11  18  12  14  13  55  14  58  15  78  16  34  17  26  18  1  19  3
  0  99  1  65  2  24  3  84  4  89  5  99  6  91  7  41  8  61  9  38  10  60  11  26  12  27  13  54  14  14  15  54  16  11  17  56  18  17  19  5
  0  60  1  39  2  14  3  65  4  6  5  87  6  43  7  39  8  4  9  68  10  44  11  33  12  97  13  40  14  75  15  82  16  80  17  46  18  75  19  8
  0  48  1  2  2  27  3  75  4  79  5  64  6  15  7  30  8  81  9  57  10  82  11  26  12  73  13  91  14  29  15  49  16  15  17  92  18  3  19  31
  0  92  1  40  2  78  3  84  4  27  5  71  6  34  7  18  8  54  9  10  10  53  11  6  12  97  13  5  14  23  15  20  16  46  17  20  18  14  19  54
  0  88  1  88  2  38  3  90  4  73  5  19  6  46  7  93  8  97  9  34  10  97  11  36  12  51  13  72  14  13  15  83  16  52  17  74  18  4  19  91
  0  63  1  41  2  20  3  99  4  71  5  47  6  84  7  23  8  70  9  28  10  82  11  70  12  79  13  73  14  38  15  55  16  80  17  19  18  97  19  53
  0  73  1  98  2  86  3  44  4  66  5  96  6  31  7  39  8  52  9  30  10  38  11  66  12  49  13  37  14  99  15  88  16  97  17  50  18  46  19  51
  0  36  1  89  2  67  3  3  4  15  5  6  6  86  7  35  8  7  9  37  10  44  11  19  12  26  13  89  14  34  15  53  16  65  17  36  18  92  19  41
  0  20  1  94  2  44  3  60  4  44  5  40  6  38  7  3  8  66  9  51  10  46  11  82  12  64  13  3  14  92  15  59  16  70  17  48  18  42  19  2
  0  53  1  63  2  72  3  12  4  2  5  32  6  1  7  69  8  16  9  12  10  35  11  63  12  64  13  90  14  78  15  49  16  67  17  38  18  13  19  4
  0  31  1  13  2  25  3  3  4  17  5  59  6  59  7  29  8  36  9  36  10  12  11  87  12  9  13  32  14  96  15  87  16  14  17  72  18  54  19  6
  0  23  1  38  2  73  3  64  4  5  5  13  6  51  7  68  8  29  9  63  10  25  11  90  12  12  13  14  14  23  15  2  16  93  17  48  18  44  19  85
  0  14  1  74  2  56  3  79  4  53  5  24  6  56  7  33  8  36  9  76  10  60  11  84  12  32  13  26  14  96  15  82  16  77  17  26  18  24  19  10
  0  25  1  94  2  3  3  90  4  90  5  57  6  82  7  82  8  33  9  52  10  2  11  85  12  22  13  37  14  87  15  23  16  52  17  65  18  18  19  68
  0  11  1  30  2  87  3  34  4  25  5  81  6  73  7  40  8  32  9  64  10  9  11  23  12  45  13  54  14  99  15  66  16  14  17  63  18  48  19  52
  0  14  1  50  2  61  3  68  4  92  5  69  6  69  7  23  8  63  9  27  10  75  11  48  12  39  13  40  14  6  15  92  16  26  17  5  18  46  19  43
  0  33  1  34  2  69  3  16  4  63  5  13  6  99  7  12  8  92  9  74  10  65  11  26  12  53  13  15  14  30  15  54  16  70  17  86  18  16  19  41
  0  33  1  26  2  47  3  57  4  90  5  32  6  86  7  4  8  96  9  94  10  35  11  78  12  56  13  11  14  21  15  54  16  46  17  82  18  9  19  55
  0  3  1  51  2  80  3  29  4  8  5  17  6  91  7  48  8  16  9  74  10  93  11  95  12  96  13  23  14  80  15  15  16  96  17  54  18  3  19  21
  0  37  1  40  2  36  3  18  4  94  5  41  6  32  7  61  8  48  9  24  10  62  11  56  12  82  13  76  14  44  15  91  16  72  17  20  18  5  19  37
  0  2  1  90  2  20  3  65  4  75  5  25  6  48  7  73  8  53  9  74  10  29  11  5  12  87  13  31  14  24  15  15  16  53  17  39  18  20  19  18
  0  12  1  42  2  22  3  8  4  34  5  53  6  6  7  53  8  82  9  84  10  8  11  91  12  16  13  59  14  65  15  84  16  85  17  86  18  49  19  16
  0  21  1  79  2  42  3  23  4  28  5  48  6  48  7  6  8  52  9  93  10  55  11  63  12  70  13  85  14  74  15  37  16  26  17  4  18  17  19  62
  0  11  1  64  2  12  3  63  4  60  5  78  6  50  7  46  8  27  9  3  10  10  11  61  12  23  13  77  14  19  15  52  16  75  17  69  18  34  19  10
  0  25  1  60  2  61  3  94  4  45  5  51  6  34  7  2  8  87  9  71  10  32  11  72  12  69  13  11  14  9  15  90  16  52  17  15  18  47  19  2
  0  90  1  18  2  82  3  59  4  47  5  96  6  38  7  75  8  86  9  68  10  85  11  29  12  20  13  66  14  10  15  66  16  47  17  78  18  42  19  93
  0  17  1  21  2  6  3  48  4  11  5  69  6  63  7  88  8  20  9  6  10  81  11  58  12  58  13  20  14  46  15  91  16  47  17  86  18  82  19  85
  0  59  1  13  2  81  3  48  4  99  5  10  6  26  7  90  8  75  9  54  10  65  11  37  12  70  13  34  14  93  15  58  16  26  17  81  18  18  19  61
  0  8  1  58  2  28  3  83  4  98  5  43  6  6  7  75  8  38  9  16  10  33  11  81  12  27  13  67  14  78  15  35  16  39  17  57  18  87  19  37
  0  20  1  10  2  98  3  88  4  72  5  17  6  55  7  82  8  44  9  83  10  92  11  91  12  74  13  52  14  14  15  1  16  69  17  65  18  95  19  58
  0  2  1  73  2  74  3  70  4  65  5  89  6  9  7  41  8  29  9  49  10  21  11  36  12  57  13  21  14  62  15  39  16  11  17  92  18  50  19  6
  0  34  1  7  2  83  3  47  4  91  5  34  6  19  7  91  8  18  9  12  10  72  11  23  12  80  13  69  14  91  15  68  16  87  17  36  18  81  19  97
  0  73  1  91  2  7  3  71  4  54  5  11  6  3  7  11  8  36  9  6  10  40  11  24  12  4  13  78  14  62  15  76  16  46  17  23  18  72  19  97
  0  81  1  51  2  23  3  82  4  84  5  32  6  71  7  97  8  45  9  54  10  81  11  23  12  90  13  64  14  76  15  86  16  67  17  45  18  93  19  60
  0  64  1  23  2  86  3  38  4  99  5  21  6  78  7  13  8  37  9  8  10  57  11  15  12  84  13  99  14  57  15  83  16  85  17  14  18  4  19  88
  0  30  1  90  2  73  3  16  4  13  5  17  6  13  7  84  8  42  9  37  10  35  11  74  12  75  13  28  14  55  15  57  16  9  17  51  18  58  19  71
  0  79  1  47  2  6  3  98  4  41  5  16  6  16  7  8  8  21  9  84  10  77  11  80  12  72  13  83  14  94  15  56  16  85  17  67  18  50  19  24
  0  12  1  45  2  54  3  76  4  13  5  27  6  11  7  99  8  56  9  82  10  3  11  51  12  3  13  72  14  6  15  63  16  57  17  7  18  63  19  65
  0  90  1  35  2  85  3  21  4  43  5  71  6  60  7  10  8  71  9  7  10  73  11  22  12  99  13  71  14  5  15  18  16  83  17  46  18  22  19  90
  0  6  1  24  2  90  3  32  4  47  5  81  6  90  7  78  8  23  9  22  10  89  11  4  12  59  13  76  14  21  15  61  16  50  17  82  18  62  19  25
  0  43  1  93  2  21  3  53  4  18  5  65  6  66  7  87  8  60  9  33  10  58  11  62  12  59  13  77  14  77  15  78  16  71  17  45  18  51  19  74
  0  22  1  58  2  15  3  99  4  55  5  39  6  78  7  66  8  40  9  45  10  70  11  30  12  89  13  60  14  82  15  51  16  68  17  21  18  45  19  5
  0  78  1  52  2  88  3  57  4  61  5  44  6  95  7  36  8  45  9  4  10  26  11  37  12  24  13  57  14  83  15  66  16  73  17  76  18  54  19  5
  0  2  1  78  2  28  3  39  4  14  5  5  6  97  7  6  8  40  9  75  10  73  11  21  12  38  13  90  14  87  15  24  16  92  17  16  18  52  19  36
  0  52  1  69  2  7  3  12  4  89  5  5  6  65  7  45  8  68  9  60  10  46  11  53  12  60  13  2  14  58  15  48  16  33  17  1  18  58  19  65
  0  14  1  15  2  12  3  23  4  3  5  57  6  27  7  18  8  72  9  83  10  34  11  89  12  92  13  21  14  37  15  98  16  66  17  34  18  60  19  15
  0  63  1  82  2  55  3  99  4  79  5  25  6  59  7  36  8  76  9  87  10  9  11  36  12  56  13  68  14  46  15  27  16  1  17  79  18  82  19  5
  0  61  1  31  2  1  3  91  4  78  5  12  6  11  7  60  8  93  9  22  10  90  11  82  12  41  13  56  14  80  15  35  16  65  17  57  18  5  19  62
  0  89  1  77  2  44  3  82  4  27  5  12  6  89  7  86  8  25  9  4  10  32  11  55  12  57  13  39  14  91  15  21  16  37  17  62  18  73  19  13
  0  97  1  90  2  9  3  93  4  52  5  14  6  27  7  61  8  59  9  2  10  47  11  73  12  31  13  52  14  12  15  26  16  72  17  64  18  80  19  82
  0  29  1  98  2  53  3  50  4  97  5  83  6  20  7  36  8  9  9  65  10  23  11  33  12  94  13  9  14  91  15  21  16  10  17  10  18  96  19  88
  0  44  1  54  2  14  3  95  4  75  5  64  6  10  7  46  8  26  9  91  10  84  11  33  12  36  13  53  14  27  15  78  16  59  17  34  18  78  19  83
  0  49  1  82  2  10  3  53  4  89  5  89  6  44  7  73  8  89  9  17  10  96  11  32  12  40  13  10  14  9  15  39  16  7  17  36  18  88  19  81
  0  15  1  6  2  95  3  87  4  29  5  77  6  34  7  34  8  59  9  57  10  35  11  86  12  27  13  47  14  33  15  66  16  78  17  91  18  95  19  90
  0  35  1  29  2  35  3  16  4  9  5  56  6  15  7  96  8  29  9  60  10  48  11  25  12  51  13  62  14  31  15  28  16  56  17  97  18  58  19  21
  0  50  1  14  2  32  3  57  4  25  5  61  6  46  7  21  8  42  9  19  10  5  11  48  12  50  13  61  14  20  15  74  16  49  17  79  18  87  19  43
  0  55  1  99  2  44  3  32  4  38  5  63  6  37  7  69  8  30  9  65  10  84  11  51  12  27  13  62  14  92  15  84  16  40  17  99  18  53  19  23
  0  54  1  21  2  54  3  51  4  5  5  47  6  61  7  46  8  99  9  56  10  62  11  37  12  16  13  87  14  78  15  13  16  68  17  55  18  85  19  59
  0  27  1  50  2  97  3  42  4  23  5  53  6  13  7  46  8  84  9  5  10  9  11  39  12  75  13  91  14  54  15  38  16  32  17  43  18  72  19  79
  0  37  1  63  2  49  3  20  4  54  5  29  6  10  7  35  8  22  9  31  10  74  11  78  12  87  13  41  14  87  15  22  16  9  17  34  18  66  19  97
  0  83  1  90  2  20  3  90  4  57  5  71  6  43  7  82  8  30  9  23  10  66  11  30  12  78  13  69  14  36  15  16  16  27  17  96  18  44  19  26
  0  69  1  27  2  31  3  40  4  16  5  49  6  42  7  26  8  97  9  47  10  5  11  79  12  75  13  42  14  45  15  57  16  38  17  45  18  82  19  88
  0  60  1  83  2  58  3  62  4  78  5  39  6  86  7  31  8  5  9  35  10  41  11  69  12  69  13  26  14  5  15  90  16  81  17  6  18  53  19  95
  0  37  1  31  2  55  3  16  4  15  5  13  6  95  7  79  8  47  9  43  10  63  11  93  12  48  13  39  14  64  15  47  16  33  17  35  18  41  19  55
  0  74  1  60  2  13  3  9  4  70  5  58  6  75  7  9  8  18  9  61  10  14  11  80  12  18  13  18  14  21  15  12  16  68  17  28  18  32  19  51
  0  3  1  42  2  3  3  68  4  83  5  27  6  5  7  64  8  75  9  13  10  17  11  60  12  35  13  55  14  21  15  42  16  10  17  94  18  47  19  7
  0  19  1  86  2  17  3  41  4  67  5  38  6  82  7  56  8  18  9  83  10  68  11  27  12  10  13  62  14  43  15  17  16  20  17  3  18  97  19  99
  0  77  1  22  2  7  3  3  4  1  5  77  6  79  7  29  8  13  9  55  10  51  11  29  12  48  13  73  14  58  15  41  16  53  17  14  18  96  19  22
  0  58  1  43  2  68  3  19  4  66  5  70  6  53  7  73  8  75  9  45  10  65  11  48  12  52  13  10  14  80  15  20  16  97  17  50  18  54  19  84
  0  96  1  5  2  46  3  53  4  29  5  35  6  36  7  55  8  82  9  65  10  96  11  62  12  99  13  44  14  50  15  96  16  55  17  78  18  32  19  9
  0  32  1  49  2  30  3  14  4  49  5  19  6  86  7  33  8  68  9  71  10  62  11  81  12  63  13  51  14  16  15  89  16  51  17  2  18  48  19  65
  0  98  1  7  2  91  3  14  4  66  5  92  6  80  7  86  8  52  9  43  10  99  11  23  12  36  13  33  14  18  15  7  16  60  17  85  18  47  19  45
  0  68  1  6  2  72  3  51  4  8  5  50  6  72  7  81  8  67  9  27  10  95  11  60  12  88  13  48  14  70  15  98  16  95  17  64  18  78  19  73
  0  18  1  67  2  8  3  52  4  96  5  34  6  54  7  44  8  13  9  42  10  61  11  43  12  68  13  91  14  5  15  82  16  13  17  2  18  53  19  5
  0  94  1  84  2  79  3  37  4  74  5  93  6  93  7  18  8  40  9  6  10  16  11  2  12  7  13  97  14  30  15  62  16  89  17  12  18  65  19  53
  0  74  1  18  2  7  3  95  4  50  5  34  6  31  7  23  8  48  9  51  10  22  11  67  12  14  13  66  14  5  15  2  16  18  17  44  18  2  19  57
  0  64  1  34  2  16  3  71  4  59  5  29  6  71  7  53  8  50  9  42  10  83  11  66  12  54  13  34  14  35  15  55  16  15  17  11  18  75  19  76
  0  76  1  88  2  70  3  12  4  71  5  86  6  75  7  66  8  23  9  96  10  12  11  86  12  49  13  37  14  51  15  40  16  4  17  97  18  58  19  59
  0  83  1  26  2  37  3  28  4  97  5  10  6  77  7  57  8  71  9  70  10  13  11  6  12  47  13  50  14  15  15  12  16  74  17  79  18  98  19  52
  0  28  1  40  2  16  3  56  4  87  5  72  6  49  7  26  8  62  9  88  10  49  11  46  12  54  13  81  14  59  15  85  16  88  17  58  18  38  19  19
  0  47  1  29  2  68  3  31  4  97  5  18  6  99  7  74  8  98  9  97  10  81  11  86  12  15  13  62  14  82  15  99  16  88  17  68  18  86  19  2
  0  41  1  30  2  24  3  12  4  93  5  47  6  84  7  96  8  53  9  89  10  1  11  40  12  82  13  76  14  22  15  31  16  57  17  18  18  94  19  41
  0  79  1  17  2  35  3  7  4  1  5  44  6  58  7  35  8  75  9  22  10  91  11  99  12  38  13  96  14  92  15  87  16  95  17  83  18  47  19  27
  0  53  1  8  2  25  3  6  4  32  5  69  6  3  7  40  8  42  9  21  10  98  11  82  12  20  13  32  14  70  15  56  16  44  17  63  18  66  19  62
  0  81  1  3  2  46  3  10  4  40  5  8  6  89  7  37  8  19  9  71  10  85  11  49  12  92  13  12  14  45  15  80  16  62  17  38  18  90  19  53
  0  57  1  46  2  34  3  6  4  84  5  57  6  99  7  86  8  42  9  91  10  5  11  63  12  60  13  49  14  80  15  79  16  22  17  28  18  78  19  58
  0  85  1  9  2  38  3  44  4  12  5  97  6  73  7  14  8  57  9  80  10  21  11  22  12  99  13  55  14  50  15  49  16  4  17  28  18  38  19  59
TPM
  0  2033  1  2033  2  2033  3  2033  4  2033  5  2033  6  2033  7  2033  8  2033  9  2033  10  2033  11  2033  12  2033  13  2033  14  2033  15  2033  16  2033  17  2033  18  2033  19  2033
PMT
  0  16  1  48  2  25  3  2  4  36  5  35  6  39  7  7  8  24  9  34  10  23  11  40  12  41  13  9  14  22  15  1  16  45  17  27  18  1  19  19
  0  6  1  33  2  37  3  27  4  26  5  28  6  13  7  41  8  34  9  1  10  1  11  20  12  42  13  21  14  27  15  15  16  1  17  24  18  38  19  38
  0  36  1  41  2  4  3  34  4  30  5  19  6  23  7  8  8  26  9  34  10  45  11  33  12  19  13  18  14  45  15  10  16  44  17  2  18  31  19  6
  0  21  1  25  2  4  3  3  4  10  5  43  6  22  7  38  8  17  9  14  10  31  11  45  12  20  13  37  14  3  15  7  16  17  17  16  18  44  19  45
  0  25  1  10  2  42  3  48  4  29  5  49  6  28  7  20  8  35  9  45  10  45  11  36  12  20  13  37  14  36  15  18  16  43  17  40  18  13  19  27
  0  40  1  17  2  35  3  15  4  38  5  44  6  4  7  24  8  41  9  40  10  7  11  21  12  43  13  43  14  3  15  6  16  7  17  18  18  5  19  1
  0  24  1  34  2  34  3  18  4  26  5  44  6  11  7  13  8  39  9  38  10  41  11  30  12  30  13  27  14  46  15  18  16  5  17  8  18  5  19  15
  0  24  1  43  2  35  3  43  4  48  5  19  6  21  7  35  8  28  9  48  10  21  11  20  12  32  13  11  14  38  15  1  16  13  17  16  18  38  19  36
  0  14  1  9  2  36  3  37  4  5  5  25  6  36  7  1  8  22  9  46  10  15  11  28  12  19  13  35  14  3  15  26  16  27  17  21  18  35  19  11
  0  25  1  1  2  46  3  29  4  24  5  42  6  13  7  4  8  38  9  29  10  29  11  41  12  2  13  21  14  15  15  30  16  37  17  27  18  49  19  38
