20  10
  0  25  1  98  2  8  3  90  4  14  5  70  6  2  7  22  8  49  9  58
  0  85  1  98  2  57  3  60  4  24  5  28  6  44  7  89  8  90  9  73
  0  4  1  48  2  91  3  37  4  33  5  43  6  24  7  65  8  88  9  41
  0  10  1  86  2  90  3  76  4  7  5  11  6  19  7  56  8  4  9  33
  0  94  1  28  2  34  3  46  4  25  5  6  6  63  7  45  8  41  9  68
  0  52  1  52  2  84  3  68  4  85  5  45  6  7  7  35  8  27  9  24
  0  84  1  38  2  30  3  68  4  74  5  53  6  27  7  76  8  50  9  57
  0  75  1  62  2  10  3  27  4  14  5  85  6  29  7  28  8  89  9  13
  0  4  1  21  2  31  3  50  4  26  5  10  6  95  7  98  8  56  9  22
  0  6  1  97  2  3  3  91  4  54  5  88  6  29  7  78  8  55  9  5
  0  28  1  51  2  47  3  55  4  52  5  21  6  98  7  70  8  82  9  91
  0  63  1  33  2  77  3  70  4  76  5  1  6  27  7  60  8  3  9  95
  0  5  1  18  2  73  3  32  4  16  5  52  6  72  7  77  8  47  9  96
  0  52  1  95  2  83  3  88  4  1  5  12  6  64  7  24  8  87  9  91
  0  67  1  81  2  51  3  16  4  50  5  33  6  14  7  17  8  2  9  79
  0  41  1  92  2  68  3  83  4  69  5  9  6  60  7  89  8  74  9  74
  0  58  1  48  2  58  3  28  4  63  5  87  6  72  7  92  8  82  9  93
  0  9  1  68  2  25  3  5  4  17  5  79  6  45  7  24  8  44  9  98
  0  78  1  96  2  94  3  2  4  50  5  23  6  57  7  40  8  37  9  94
  0  50  1  26  2  31  3  69  4  87  5  69  6  27  7  38  8  47  9  14
TPM
  0  530  1  530  2  530  3  530  4  530  5  530  6  530  7  530  8  530  9  530
PMT
  0  29  1  32  2  15  3  55  4  65  5  85  6  31  7  48  8  27  9  49
  0  48  1  26  2  1  3  11  4  2  5  93  6  42  7  88  8  29  9  70
  0  11  1  78  2  95  3  85  4  76  5  90  6  32  7  65  8  50  9  99
  0  62  1  50  2  17  3  88  4  84  5  39  6  58  7  71  8  59  9  55
