200  15
  0  44  1  87  2  68  3  25  4  76  5  64  6  65  7  45  8  11  9  96  10  36  11  72  12  1  13  43  14  40
  0  87  1  37  2  35  3  87  4  81  5  56  6  7  7  57  8  5  9  51  10  35  11  86  12  40  13  8  14  16
  0  97  1  93  2  10  3  7  4  87  5  86  6  3  7  9  8  13  9  11  10  97  11  82  12  23  13  61  14  38
  0  6  1  43  2  68  3  99  4  32  5  2  6  92  7  69  8  93  9  45  10  54  11  17  12  65  13  10  14  8
  0  86  1  90  2  18  3  87  4  42  5  15  6  24  7  80  8  48  9  97  10  44  11  8  12  94  13  94  14  23
  0  11  1  61  2  22  3  33  4  90  5  8  6  50  7  12  8  29  9  25  10  91  11  70  12  96  13  74  14  79
  0  47  1  37  2  29  3  45  4  71  5  55  6  50  7  44  8  73  9  80  10  9  11  1  12  48  13  68  14  8
  0  52  1  64  2  50  3  57  4  17  5  74  6  63  7  51  8  32  9  65  10  15  11  89  12  20  13  61  14  58
  0  88  1  80  2  52  3  86  4  64  5  26  6  38  7  73  8  58  9  96  10  84  11  16  12  70  13  35  14  42
  0  61  1  7  2  92  3  76  4  18  5  54  6  11  7  8  8  82  9  35  10  89  11  62  12  36  13  18  14  40
  0  71  1  97  2  85  3  91  4  82  5  24  6  66  7  77  8  71  9  2  10  1  11  45  12  58  13  72  14  7
  0  60  1  67  2  84  3  27  4  75  5  91  6  59  7  16  8  20  9  52  10  22  11  78  12  6  13  53  14  32
  0  56  1  62  2  81  3  4  4  57  5  57  6  93  7  23  8  43  9  37  10  3  11  83  12  31  13  33  14  45
  0  97  1  81  2  82  3  92  4  70  5  66  6  80  7  42  8  28  9  49  10  55  11  99  12  43  13  15  14  33
  0  40  1  3  2  35  3  39  4  98  5  1  6  58  7  41  8  46  9  66  10  45  11  40  12  39  13  44  14  14
  0  72  1  49  2  93  3  49  4  54  5  13  6  83  7  87  8  5  9  64  10  84  11  95  12  24  13  24  14  86
  0  90  1  95  2  77  3  5  4  78  5  71  6  57  7  46  8  9  9  28  10  99  11  45  12  60  13  16  14  65
  0  91  1  27  2  46  3  24  4  21  5  50  6  72  7  52  8  23  9  16  10  70  11  92  12  98  13  39  14  28
  0  70  1  76  2  67  3  86  4  70  5  52  6  97  7  2  8  17  9  28  10  91  11  23  12  17  13  55  14  17
  0  88  1  41  2  18  3  65  4  10  5  76  6  98  7  15  8  79  9  58  10  19  11  43  12  17  13  67  14  47
  0  3  1  64  2  64  3  23  4  22  5  69  6  75  7  20  8  92  9  22  10  65  11  68  12  54  13  51  14  60
  0  4  1  80  2  78  3  5  4  96  5  35  6  86  7  64  8  4  9  65  10  61  11  5  12  34  13  24  14  4
  0  25  1  15  2  46  3  27  4  5  5  13  6  41  7  78  8  1  9  36  10  54  11  65  12  15  13  23  14  10
  0  58  1  96  2  5  3  56  4  99  5  70  6  83  7  58  8  70  9  96  10  69  11  10  12  53  13  95  14  64
  0  75  1  13  2  9  3  94  4  69  5  2  6  70  7  22  8  30  9  19  10  9  11  89  12  59  13  14  14  7
  0  77  1  32  2  10  3  91  4  78  5  90  6  64  7  28  8  19  9  69  10  27  11  35  12  88  13  45  14  31
  0  58  1  40  2  81  3  44  4  60  5  85  6  13  7  72  8  15  9  6  10  5  11  65  12  9  13  28  14  75
  0  93  1  7  2  55  3  62  4  91  5  14  6  54  7  65  8  77  9  44  10  26  11  19  12  89  13  91  14  11
  0  60  1  19  2  47  3  22  4  89  5  20  6  25  7  96  8  53  9  19  10  67  11  3  12  97  13  62  14  65
  0  52  1  61  2  73  3  9  4  7  5  3  6  12  7  34  8  70  9  4  10  41  11  62  12  9  13  70  14  65
  0  30  1  44  2  31  3  86  4  44  5  6  6  9  7  81  8  46  9  44  10  9  11  14  12  35  13  34  14  55
  0  26  1  92  2  26  3  61  4  72  5  31  6  20  7  23  8  95  9  22  10  70  11  68  12  51  13  4  14  56
  0  2  1  29  2  66  3  54  4  22  5  48  6  57  7  18  8  15  9  90  10  72  11  51  12  35  13  27  14  2
  0  5  1  36  2  42  3  57  4  68  5  10  6  51  7  22  8  12  9  53  10  90  11  52  12  8  13  59  14  98
  0  64  1  38  2  3  3  27  4  67  5  63  6  88  7  61  8  22  9  20  10  47  11  30  12  53  13  49  14  29
  0  22  1  27  2  3  3  13  4  65  5  77  6  56  7  32  8  17  9  52  10  37  11  90  12  65  13  98  14  43
  0  17  1  72  2  17  3  9  4  81  5  74  6  52  7  54  8  72  9  32  10  96  11  4  12  8  13  1  14  38
  0  78  1  23  2  59  3  47  4  96  5  75  6  25  7  23  8  25  9  40  10  21  11  23  12  77  13  94  14  5
  0  38  1  43  2  20  3  53  4  12  5  5  6  56  7  59  8  90  9  65  10  9  11  11  12  72  13  95  14  64
  0  28  1  79  2  85  3  92  4  94  5  76  6  40  7  25  8  15  9  15  10  68  11  37  12  62  13  59  14  51
  0  90  1  20  2  48  3  86  4  85  5  20  6  75  7  45  8  62  9  38  10  6  11  93  12  17  13  91  14  60
  0  54  1  48  2  53  3  30  4  26  5  48  6  77  7  3  8  68  9  76  10  4  11  24  12  35  13  13  14  84
  0  13  1  9  2  64  3  37  4  7  5  55  6  73  7  45  8  10  9  32  10  46  11  37  12  69  13  92  14  8
  0  17  1  4  2  71  3  54  4  40  5  45  6  61  7  43  8  53  9  93  10  1  11  61  12  29  13  76  14  36
  0  47  1  74  2  65  3  32  4  70  5  6  6  95  7  41  8  76  9  98  10  95  11  50  12  70  13  55  14  8
  0  76  1  82  2  70  3  68  4  71  5  42  6  73  7  82  8  64  9  68  10  64  11  91  12  38  13  22  14  96
  0  48  1  35  2  11  3  66  4  20  5  38  6  24  7  95  8  97  9  44  10  33  11  42  12  88  13  68  14  11
  0  58  1  97  2  14  3  28  4  85  5  49  6  12  7  34  8  57  9  98  10  11  11  52  12  46  13  16  14  64
  0  18  1  86  2  65  3  58  4  62  5  38  6  10  7  75  8  5  9  94  10  96  11  72  12  15  13  35  14  21
  0  35  1  58  2  86  3  65  4  34  5  23  6  37  7  66  8  81  9  19  10  15  11  54  12  89  13  64  14  30
  0  62  1  46  2  21  3  45  4  8  5  87  6  47  7  16  8  93  9  24  10  59  11  13  12  78  13  40  14  37
  0  33  1  2  2  85  3  16  4  47  5  92  6  22  7  35  8  49  9  67  10  5  11  47  12  91  13  11  14  92
  0  12  1  44  2  3  3  34  4  17  5  93  6  5  7  61  8  3  9  68  10  57  11  99  12  93  13  80  14  29
  0  70  1  51  2  84  3  18  4  34  5  3  6  20  7  9  8  22  9  19  10  86  11  24  12  35  13  35  14  53
  0  31  1  24  2  43  3  10  4  87  5  59  6  6  7  18  8  39  9  78  10  54  11  11  12  12  13  49  14  81
  0  47  1  37  2  94  3  49  4  34  5  30  6  81  7  51  8  52  9  97  10  35  11  21  12  63  13  39  14  62
  0  61  1  84  2  79  3  90  4  43  5  45  6  40  7  39  8  3  9  79  10  45  11  93  12  17  13  3  14  95
  0  51  1  60  2  84  3  94  4  51  5  61  6  24  7  78  8  9  9  7  10  65  11  94  12  21  13  73  14  37
  0  37  1  9  2  69  3  90  4  21  5  13  6  38  7  63  8  65  9  71  10  36  11  7  12  7  13  20  14  93
  0  49  1  74  2  19  3  29  4  82  5  91  6  85  7  57  8  87  9  77  10  80  11  31  12  47  13  83  14  96
  0  1  1  11  2  72  3  26  4  68  5  98  6  25  7  15  8  90  9  71  10  40  11  35  12  48  13  99  14  61
  0  29  1  77  2  3  3  40  4  98  5  53  6  52  7  22  8  53  9  45  10  57  11  20  12  44  13  97  14  59
  0  3  1  37  2  15  3  33  4  25  5  2  6  29  7  54  8  58  9  29  10  5  11  74  12  20  13  96  14  94
  0  28  1  96  2  50  3  50  4  57  5  10  6  67  7  62  8  26  9  80  10  15  11  73  12  58  13  73  14  30
  0  95  1  31  2  42  3  75  4  16  5  96  6  2  7  57  8  87  9  24  10  94  11  96  12  22  13  69  14  37
  0  1  1  47  2  33  3  52  4  68  5  82  6  56  7  29  8  37  9  48  10  55  11  64  12  42  13  29  14  13
  0  84  1  50  2  27  3  63  4  41  5  2  6  96  7  43  8  34  9  43  10  43  11  95  12  4  13  67  14  25
  0  53  1  99  2  77  3  90  4  26  5  21  6  30  7  33  8  85  9  67  10  51  11  68  12  12  13  70  14  11
  0  38  1  37  2  72  3  2  4  10  5  27  6  92  7  64  8  34  9  54  10  82  11  45  12  61  13  75  14  60
  0  97  1  34  2  13  3  92  4  39  5  22  6  86  7  44  8  36  9  53  10  77  11  26  12  86  13  43  14  87
  0  98  1  8  2  64  3  44  4  38  5  63  6  73  7  63  8  40  9  69  10  98  11  61  12  33  13  81  14  67
  0  91  1  39  2  51  3  7  4  34  5  77  6  80  7  56  8  67  9  18  10  47  11  78  12  9  13  26  14  52
  0  58  1  96  2  51  3  27  4  12  5  40  6  55  7  95  8  62  9  83  10  79  11  80  12  46  13  39  14  98
  0  4  1  56  2  92  3  19  4  99  5  44  6  96  7  91  8  80  9  19  10  89  11  86  12  80  13  38  14  3
  0  20  1  91  2  63  3  71  4  30  5  67  6  25  7  30  8  74  9  43  10  37  11  70  12  56  13  21  14  24
  0  7  1  19  2  94  3  82  4  45  5  75  6  25  7  81  8  77  9  51  10  98  11  51  12  44  13  49  14  13
  0  46  1  28  2  84  3  78  4  69  5  64  6  39  7  39  8  85  9  9  10  25  11  33  12  69  13  75  14  69
  0  69  1  67  2  32  3  58  4  70  5  67  6  38  7  91  8  13  9  97  10  45  11  46  12  78  13  9  14  95
  0  54  1  77  2  10  3  95  4  25  5  22  6  56  7  50  8  84  9  58  10  14  11  72  12  10  13  75  14  46
  0  22  1  69  2  63  3  2  4  24  5  10  6  81  7  93  8  81  9  47  10  60  11  7  12  67  13  45  14  47
  0  59  1  75  2  3  3  64  4  21  5  67  6  71  7  62  8  63  9  23  10  74  11  50  12  70  13  9  14  12
  0  63  1  69  2  1  3  58  4  97  5  40  6  40  7  93  8  10  9  11  10  3  11  26  12  70  13  63  14  4
  0  91  1  13  2  86  3  85  4  47  5  25  6  65  7  44  8  80  9  73  10  96  11  96  12  17  13  47  14  54
  0  2  1  86  2  70  3  53  4  77  5  87  6  26  7  85  8  82  9  53  10  70  11  31  12  52  13  13  14  55
  0  63  1  13  2  8  3  67  4  87  5  2  6  91  7  65  8  13  9  77  10  37  11  61  12  26  13  6  14  23
  0  88  1  5  2  31  3  70  4  57  5  27  6  83  7  63  8  59  9  30  10  95  11  62  12  11  13  31  14  1
  0  93  1  32  2  37  3  46  4  89  5  87  6  73  7  65  8  90  9  49  10  27  11  61  12  51  13  64  14  84
  0  6  1  4  2  24  3  98  4  70  5  72  6  64  7  35  8  24  9  40  10  65  11  54  12  74  13  18  14  12
  0  50  1  36  2  56  3  29  4  58  5  50  6  12  7  28  8  70  9  91  10  51  11  99  12  57  13  35  14  58
  0  56  1  69  2  71  3  73  4  8  5  53  6  90  7  79  8  15  9  34  10  72  11  28  12  72  13  28  14  55
  0  46  1  86  2  94  3  70  4  90  5  80  6  37  7  68  8  24  9  31  10  17  11  63  12  33  13  98  14  44
  0  83  1  24  2  41  3  42  4  97  5  48  6  4  7  23  8  56  9  57  10  17  11  94  12  73  13  84  14  62
  0  12  1  21  2  99  3  80  4  32  5  34  6  87  7  30  8  24  9  38  10  55  11  19  12  66  13  37  14  46
  0  82  1  14  2  38  3  37  4  56  5  30  6  2  7  44  8  83  9  3  10  29  11  45  12  59  13  3  14  41
  0  22  1  79  2  52  3  98  4  54  5  74  6  94  7  77  8  40  9  26  10  8  11  93  12  8  13  98  14  86
  0  36  1  51  2  48  3  86  4  74  5  15  6  72  7  21  8  18  9  79  10  26  11  26  12  64  13  60  14  14
  0  58  1  60  2  2  3  23  4  86  5  64  6  18  7  79  8  80  9  72  10  41  11  28  12  18  13  61  14  61
  0  58  1  59  2  56  3  62  4  48  5  68  6  14  7  98  8  92  9  69  10  5  11  73  12  19  13  66  14  13
  0  96  1  36  2  74  3  87  4  38  5  49  6  42  7  34  8  20  9  40  10  50  11  11  12  87  13  2  14  20
  0  67  1  74  2  69  3  78  4  62  5  44  6  96  7  54  8  22  9  60  10  53  11  93  12  38  13  49  14  57
  0  35  1  21  2  23  3  65  4  78  5  48  6  97  7  76  8  33  9  74  10  18  11  34  12  27  13  4  14  76
  0  20  1  21  2  30  3  80  4  86  5  56  6  90  7  13  8  61  9  30  10  12  11  95  12  23  13  75  14  15
  0  29  1  43  2  82  3  32  4  87  5  21  6  13  7  37  8  95  9  76  10  64  11  92  12  98  13  70  14  2
  0  84  1  6  2  65  3  66  4  63  5  87  6  47  7  15  8  48  9  37  10  69  11  69  12  39  13  27  14  4
  0  59  1  53  2  36  3  86  4  99  5  81  6  13  7  7  8  33  9  21  10  3  11  79  12  30  13  45  14  71
  0  94  1  27  2  5  3  76  4  28  5  40  6  78  7  83  8  70  9  91  10  9  11  35  12  7  13  34  14  7
  0  4  1  30  2  57  3  89  4  98  5  7  6  15  7  3  8  98  9  10  10  9  11  37  12  38  13  76  14  12
  0  31  1  74  2  80  3  20  4  38  5  90  6  3  7  66  8  78  9  31  10  61  11  40  12  22  13  78  14  16
  0  77  1  62  2  3  3  68  4  43  5  83  6  43  7  29  8  96  9  23  10  21  11  98  12  24  13  91  14  74
  0  14  1  80  2  96  3  72  4  37  5  60  6  77  7  51  8  96  9  8  10  65  11  69  12  3  13  25  14  3
  0  90  1  97  2  41  3  99  4  25  5  20  6  54  7  12  8  99  9  88  10  51  11  66  12  33  13  26  14  76
  0  62  1  34  2  95  3  98  4  31  5  55  6  8  7  95  8  36  9  64  10  22  11  66  12  35  13  16  14  65
  0  26  1  40  2  45  3  10  4  54  5  56  6  2  7  18  8  92  9  74  10  98  11  26  12  26  13  50  14  65
  0  27  1  78  2  95  3  92  4  83  5  14  6  70  7  41  8  64  9  33  10  48  11  35  12  99  13  81  14  77
  0  62  1  99  2  38  3  90  4  68  5  70  6  36  7  16  8  85  9  26  10  26  11  90  12  72  13  90  14  5
  0  88  1  22  2  19  3  55  4  10  5  77  6  99  7  67  8  97  9  73  10  16  11  47  12  67  13  73  14  57
  0  34  1  79  2  78  3  39  4  68  5  81  6  36  7  52  8  94  9  8  10  61  11  45  12  83  13  97  14  55
  0  41  1  14  2  89  3  86  4  2  5  48  6  93  7  65  8  21  9  84  10  38  11  23  12  1  13  74  14  69
  0  87  1  32  2  42  3  23  4  11  5  2  6  40  7  13  8  79  9  87  10  28  11  6  12  37  13  6  14  59
  0  57  1  82  2  41  3  14  4  59  5  19  6  59  7  11  8  6  9  85  10  83  11  83  12  64  13  86  14  92
  0  18  1  47  2  89  3  67  4  64  5  83  6  80  7  87  8  88  9  53  10  76  11  65  12  22  13  29  14  48
  0  72  1  13  2  48  3  90  4  64  5  10  6  96  7  54  8  58  9  11  10  73  11  21  12  80  13  70  14  92
  0  88  1  97  2  41  3  17  4  92  5  15  6  96  7  36  8  86  9  77  10  64  11  39  12  61  13  35  14  53
  0  44  1  56  2  41  3  67  4  71  5  20  6  92  7  42  8  96  9  4  10  47  11  32  12  96  13  4  14  64
  0  39  1  86  2  77  3  54  4  74  5  14  6  11  7  35  8  76  9  46  10  6  11  38  12  32  13  82  14  17
  0  1  1  84  2  59  3  49  4  42  5  8  6  47  7  9  8  13  9  90  10  48  11  58  12  57  13  69  14  45
  0  19  1  44  2  74  3  53  4  32  5  32  6  13  7  93  8  59  9  95  10  77  11  77  12  89  13  18  14  70
  0  61  1  77  2  27  3  70  4  31  5  43  6  39  7  84  8  16  9  1  10  22  11  76  12  39  13  81  14  4
  0  34  1  57  2  1  3  86  4  50  5  46  6  54  7  37  8  12  9  32  10  57  11  70  12  15  13  88  14  66
  0  46  1  70  2  26  3  30  4  33  5  54  6  60  7  79  8  26  9  15  10  39  11  37  12  25  13  57  14  49
  0  17  1  84  2  50  3  44  4  37  5  17  6  28  7  63  8  74  9  5  10  94  11  26  12  23  13  44  14  42
  0  32  1  42  2  39  3  40  4  96  5  14  6  97  7  66  8  92  9  26  10  32  11  74  12  97  13  64  14  33
  0  31  1  54  2  81  3  78  4  56  5  86  6  68  7  17  8  58  9  49  10  49  11  5  12  46  13  91  14  76
  0  8  1  50  2  57  3  98  4  90  5  99  6  63  7  18  8  59  9  28  10  20  11  77  12  19  13  9  14  94
  0  29  1  66  2  34  3  27  4  71  5  49  6  5  7  34  8  83  9  29  10  82  11  92  12  61  13  40  14  17
  0  66  1  41  2  58  3  71  4  9  5  92  6  82  7  83  8  86  9  83  10  12  11  50  12  78  13  55  14  78
  0  23  1  52  2  77  3  52  4  43  5  33  6  58  7  43  8  63  9  8  10  27  11  50  12  29  13  28  14  20
  0  47  1  21  2  7  3  40  4  5  5  75  6  26  7  61  8  76  9  40  10  98  11  5  12  7  13  30  14  51
  0  8  1  39  2  89  3  11  4  61  5  27  6  73  7  35  8  89  9  88  10  13  11  98  12  89  13  37  14  18
  0  35  1  61  2  91  3  36  4  90  5  98  6  59  7  72  8  43  9  16  10  17  11  32  12  1  13  25  14  55
  0  57  1  64  2  8  3  59  4  42  5  35  6  31  7  34  8  77  9  89  10  91  11  96  12  46  13  69  14  19
  0  4  1  55  2  39  3  49  4  76  5  4  6  16  7  45  8  45  9  10  10  90  11  43  12  32  13  38  14  63
  0  40  1  24  2  7  3  91  4  58  5  32  6  80  7  7  8  38  9  23  10  49  11  51  12  63  13  62  14  73
  0  51  1  11  2  22  3  38  4  10  5  71  6  34  7  31  8  2  9  7  10  92  11  77  12  93  13  8  14  32
  0  47  1  30  2  98  3  39  4  46  5  50  6  85  7  82  8  67  9  31  10  39  11  53  12  21  13  67  14  85
  0  61  1  19  2  46  3  14  4  21  5  51  6  63  7  45  8  32  9  88  10  84  11  13  12  40  13  99  14  73
  0  52  1  11  2  64  3  12  4  99  5  84  6  31  7  5  8  43  9  67  10  30  11  29  12  87  13  92  14  63
  0  80  1  10  2  54  3  17  4  27  5  28  6  88  7  70  8  60  9  12  10  69  11  9  12  25  13  96  14  31
  0  43  1  45  2  93  3  45  4  10  5  92  6  93  7  2  8  5  9  62  10  14  11  79  12  61  13  47  14  43
  0  16  1  87  2  30  3  69  4  84  5  20  6  36  7  5  8  70  9  59  10  8  11  40  12  77  13  91  14  2
  0  90  1  21  2  12  3  22  4  26  5  93  6  15  7  24  8  82  9  88  10  1  11  77  12  3  13  41  14  14
  0  48  1  62  2  3  3  41  4  50  5  71  6  77  7  93  8  86  9  48  10  68  11  71  12  56  13  26  14  22
  0  98  1  14  2  30  3  69  4  51  5  9  6  21  7  98  8  29  9  31  10  21  11  4  12  41  13  49  14  44
  0  9  1  10  2  17  3  8  4  46  5  15  6  69  7  98  8  41  9  16  10  62  11  12  12  44  13  46  14  4
  0  91  1  1  2  56  3  81  4  50  5  47  6  43  7  8  8  26  9  83  10  12  11  6  12  14  13  61  14  37
  0  23  1  98  2  72  3  31  4  59  5  41  6  43  7  34  8  14  9  14  10  66  11  80  12  18  13  2  14  17
  0  17  1  91  2  85  3  44  4  55  5  45  6  89  7  30  8  10  9  17  10  63  11  57  12  39  13  12  14  19
  0  34  1  89  2  87  3  54  4  52  5  25  6  98  7  25  8  99  9  65  10  2  11  53  12  27  13  95  14  75
  0  76  1  62  2  3  3  8  4  82  5  16  6  51  7  63  8  87  9  4  10  12  11  29  12  36  13  11  14  99
  0  84  1  44  2  51  3  88  4  79  5  22  6  6  7  5  8  82  9  26  10  28  11  16  12  50  13  31  14  80
  0  81  1  30  2  45  3  16  4  13  5  84  6  85  7  12  8  61  9  19  10  85  11  59  12  49  13  31  14  19
  0  15  1  97  2  29  3  49  4  3  5  13  6  77  7  44  8  18  9  44  10  75  11  10  12  51  13  29  14  68
  0  37  1  66  2  74  3  47  4  68  5  67  6  45  7  2  8  22  9  61  10  68  11  12  12  26  13  98  14  62
  0  7  1  67  2  28  3  50  4  18  5  47  6  34  7  29  8  9  9  86  10  11  11  83  12  64  13  45  14  98
  0  88  1  62  2  38  3  7  4  23  5  61  6  59  7  69  8  87  9  80  10  46  11  27  12  20  13  64  14  52
  0  28  1  28  2  35  3  11  4  87  5  89  6  98  7  1  8  48  9  93  10  44  11  41  12  37  13  28  14  55
  0  2  1  7  2  18  3  34  4  78  5  7  6  91  7  77  8  81  9  28  10  15  11  91  12  40  13  2  14  26
  0  17  1  11  2  65  3  64  4  89  5  57  6  16  7  59  8  84  9  24  10  8  11  53  12  99  13  30  14  82
  0  43  1  75  2  51  3  20  4  78  5  78  6  78  7  54  8  57  9  71  10  51  11  9  12  93  13  47  14  12
  0  14  1  62  2  31  3  48  4  33  5  27  6  39  7  88  8  17  9  21  10  63  11  83  12  32  13  43  14  37
  0  96  1  67  2  63  3  71  4  67  5  90  6  70  7  89  8  35  9  21  10  12  11  88  12  34  13  36  14  78
  0  9  1  96  2  24  3  67  4  91  5  14  6  63  7  12  8  48  9  65  10  77  11  48  12  90  13  98  14  98
  0  86  1  64  2  17  3  41  4  82  5  11  6  24  7  80  8  35  9  53  10  20  11  59  12  60  13  47  14  51
  0  90  1  12  2  80  3  54  4  24  5  44  6  97  7  58  8  95  9  53  10  77  11  24  12  68  13  28  14  91
  0  37  1  41  2  96  3  32  4  87  5  90  6  61  7  81  8  96  9  57  10  50  11  52  12  83  13  7  14  24
  0  32  1  70  2  11  3  26  4  11  5  72  6  42  7  59  8  75  9  33  10  77  11  25  12  81  13  77  14  43
  0  62  1  64  2  21  3  54  4  74  5  40  6  36  7  32  8  24  9  91  10  64  11  97  12  34  13  63  14  53
  0  82  1  36  2  99  3  15  4  94  5  44  6  96  7  67  8  35  9  45  10  66  11  91  12  62  13  39  14  10
  0  16  1  36  2  67  3  75  4  23  5  87  6  13  7  30  8  14  9  15  10  59  11  69  12  6  13  84  14  44
  0  61  1  30  2  87  3  45  4  78  5  58  6  95  7  75  8  79  9  77  10  94  11  95  12  33  13  88  14  15
  0  47  1  10  2  6  3  66  4  73  5  62  6  67  7  50  8  90  9  91  10  2  11  23  12  19  13  63  14  2
  0  11  1  77  2  14  3  95  4  9  5  12  6  65  7  25  8  27  9  21  10  43  11  71  12  46  13  71  14  61
  0  81  1  5  2  41  3  21  4  88  5  35  6  23  7  32  8  29  9  9  10  78  11  56  12  4  13  72  14  19
  0  43  1  35  2  74  3  67  4  84  5  4  6  12  7  13  8  29  9  91  10  58  11  67  12  19  13  43  14  46
  0  94  1  55  2  29  3  11  4  49  5  80  6  84  7  26  8  76  9  63  10  36  11  86  12  32  13  5  14  53
  0  11  1  40  2  96  3  88  4  84  5  88  6  32  7  89  8  48  9  39  10  6  11  86  12  18  13  94  14  85
  0  13  1  84  2  53  3  37  4  89  5  19  6  41  7  21  8  88  9  7  10  4  11  4  12  66  13  65  14  2
  0  60  1  8  2  21  3  27  4  35  5  49  6  55  7  56  8  11  9  59  10  52  11  93  12  6  13  89  14  92
  0  68  1  63  2  27  3  83  4  97  5  54  6  25  7  23  8  25  9  67  10  75  11  27  12  92  13  73  14  52
  0  86  1  22  2  92  3  53  4  15  5  86  6  86  7  4  8  9  9  21  10  71  11  2  12  38  13  94  14  7
  0  31  1  25  2  45  3  20  4  60  5  1  6  45  7  69  8  97  9  25  10  46  11  43  12  91  13  19  14  43
  0  59  1  74  2  46  3  19  4  17  5  3  6  41  7  93  8  3  9  40  10  78  11  74  12  58  13  76  14  5
  0  75  1  57  2  94  3  17  4  69  5  68  6  12  7  22  8  73  9  70  10  73  11  36  12  92  13  66  14  63
  0  98  1  69  2  21  3  66  4  99  5  8  6  93  7  92  8  79  9  83  10  54  11  48  12  99  13  48  14  11
  0  24  1  36  2  81  3  78  4  15  5  27  6  75  7  65  8  10  9  70  10  28  11  60  12  17  13  71  14  88
  0  48  1  93  2  62  3  98  4  89  5  14  6  61  7  90  8  28  9  88  10  42  11  57  12  31  13  22  14  22
  0  11  1  65  2  59  3  95  4  74  5  59  6  76  7  73  8  86  9  15  10  7  11  99  12  15  13  67  14  95
  0  58  1  98  2  98  3  60  4  93  5  75  6  63  7  52  8  2  9  61  10  70  11  83  12  75  13  79  14  45
  0  52  1  97  2  71  3  53  4  74  5  30  6  28  7  59  8  18  9  30  10  15  11  65  12  81  13  96  14  7
  0  37  1  80  2  29  3  26  4  21  5  19  6  55  7  55  8  13  9  72  10  50  11  1  12  18  13  94  14  56
TPM
  0  1786  1  1786  2  1786  3  1786  4  1786  5  1786  6  1786  7  1786  8  1786  9  1786  10  1786  11  1786  12  1786  13  1786  14  1786
PMT
  0  78  1  27  2  36  3  88  4  78  5  1  6  38  7  70  8  30  9  9  10  29  11  31  12  62  13  11  14  42
  0  79  1  40  2  35  3  40  4  25  5  12  6  14  7  2  8  93  9  9  10  78  11  12  12  91  13  80  14  11
  0  66  1  95  2  48  3  30  4  68  5  66  6  17  7  28  8  95  9  29  10  83  11  9  12  48  13  66  14  18
  0  89  1  21  2  3  3  14  4  50  5  47  6  93  7  38  8  71  9  17  10  37  11  21  12  71  13  62  14  72
  0  60  1  37  2  70  3  39  4  44  5  25  6  47  7  7  8  14  9  53  10  67  11  3  12  6  13  31  14  69
  0  83  1  61  2  85  3  77  4  51  5  91  6  88  7  76  8  93  9  26  10  82  11  48  12  1  13  89  14  72
  0  68  1  93  2  87  3  28  4  4  5  62  6  88  7  4  8  73  9  96  10  35  11  87  12  52  13  69  14  28
  0  15  1  36  2  89  3  61  4  31  5  97  6  42  7  2  8  77  9  3  10  87  11  33  12  33  13  58  14  76
  0  28  1  32  2  23  3  17  4  3  5  60  6  92  7  74  8  66  9  80  10  47  11  29  12  82  13  39  14  26
  0  90  1  93  2  72  3  43  4  48  5  75  6  97  7  94  8  27  9  37  10  66  11  3  12  48  13  60  14  2
  0  85  1  45  2  63  3  74  4  72  5  57  6  31  7  58  8  85  9  18  10  26  11  88  12  71  13  4  14  1
  0  11  1  39  2  11  3  62  4  86  5  37  6  81  7  51  8  9  9  8  10  88  11  52  12  22  13  56  14  56
