200  5
  0  67  1  15  2  49  3  37  4  62
  0  61  1  88  2  76  3  80  4  2
  0  40  1  18  2  63  3  29  4  14
  0  73  1  73  2  85  3  84  4  77
  0  40  1  17  2  96  3  48  4  14
  0  2  1  14  2  77  3  4  4  74
  0  68  1  34  2  49  3  37  4  10
  0  32  1  46  2  14  3  45  4  95
  0  25  1  18  2  26  3  26  4  61
  0  9  1  30  2  45  3  54  4  76
  0  24  1  75  2  18  3  76  4  27
  0  87  1  51  2  95  3  4  4  11
  0  97  1  38  2  49  3  1  4  13
  0  40  1  52  2  98  3  80  4  68
  0  47  1  40  2  65  3  63  4  91
  0  85  1  89  2  17  3  31  4  80
  0  59  1  4  2  35  3  80  4  92
  0  16  1  12  2  85  3  23  4  52
  0  49  1  70  2  63  3  69  4  32
  0  13  1  77  2  8  3  24  4  55
  0  88  1  23  2  24  3  42  4  1
  0  14  1  45  2  28  3  44  4  12
  0  52  1  45  2  50  3  71  4  76
  0  77  1  20  2  92  3  79  4  79
  0  46  1  41  2  47  3  28  4  1
  0  63  1  29  2  14  3  1  4  16
  0  47  1  99  2  5  3  46  4  57
  0  90  1  16  2  86  3  22  4  17
  0  83  1  72  2  31  3  12  4  32
  0  79  1  83  2  32  3  66  4  37
  0  14  1  61  2  26  3  80  4  21
  0  88  1  75  2  33  3  52  4  57
  0  78  1  38  2  20  3  16  4  80
  0  76  1  77  2  35  3  87  4  48
  0  83  1  51  2  29  3  1  4  6
  0  62  1  44  2  23  3  69  4  92
  0  16  1  46  2  45  3  84  4  57
  0  32  1  22  2  92  3  17  4  16
  0  16  1  2  2  47  3  40  4  19
  0  69  1  80  2  23  3  69  4  79
  0  79  1  9  2  20  3  58  4  69
  0  17  1  16  2  83  3  67  4  90
  0  22  1  91  2  64  3  90  4  59
  0  56  1  26  2  5  3  25  4  11
  0  20  1  66  2  37  3  15  4  83
  0  86  1  95  2  8  3  82  4  65
  0  68  1  86  2  45  3  23  4  44
  0  3  1  53  2  61  3  5  4  73
  0  22  1  70  2  8  3  43  4  21
  0  10  1  91  2  45  3  4  4  51
  0  35  1  46  2  42  3  60  4  32
  0  72  1  99  2  35  3  78  4  62
  0  78  1  54  2  59  3  78  4  28
  0  91  1  99  2  78  3  95  4  95
  0  15  1  35  2  66  3  41  4  68
  0  44  1  12  2  13  3  30  4  76
  0  52  1  70  2  80  3  35  4  4
  0  94  1  21  2  57  3  49  4  38
  0  73  1  46  2  76  3  9  4  82
  0  34  1  59  2  62  3  53  4  15
  0  76  1  1  2  90  3  80  4  97
  0  80  1  22  2  76  3  74  4  81
  0  13  1  31  2  24  3  6  4  19
  0  49  1  92  2  86  3  24  4  60
  0  25  1  47  2  63  3  57  4  95
  0  19  1  27  2  89  3  59  4  25
  0  1  1  72  2  38  3  78  4  79
  0  31  1  54  2  59  3  64  4  1
  0  62  1  66  2  32  3  51  4  58
  0  45  1  33  2  90  3  56  4  72
  0  64  1  79  2  58  3  4  4  4
  0  73  1  71  2  47  3  34  4  40
  0  39  1  17  2  62  3  46  4  87
  0  52  1  29  2  13  3  10  4  45
  0  66  1  65  2  41  3  86  4  28
  0  35  1  85  2  25  3  33  4  92
  0  11  1  9  2  64  3  23  4  20
  0  48  1  32  2  58  3  52  4  24
  0  95  1  37  2  96  3  20  4  86
  0  61  1  94  2  62  3  88  4  62
  0  81  1  98  2  76  3  97  4  92
  0  35  1  95  2  38  3  24  4  24
  0  53  1  26  2  34  3  74  4  49
  0  5  1  18  2  17  3  58  4  56
  0  1  1  51  2  58  3  90  4  20
  0  61  1  47  2  77  3  95  4  73
  0  10  1  22  2  22  3  78  4  19
  0  9  1  11  2  73  3  80  4  74
  0  80  1  67  2  58  3  89  4  66
  0  67  1  48  2  46  3  2  4  37
  0  71  1  94  2  94  3  98  4  17
  0  68  1  86  2  15  3  46  4  87
  0  89  1  67  2  45  3  43  4  25
  0  37  1  96  2  93  3  6  4  32
  0  78  1  17  2  51  3  26  4  36
  0  18  1  15  2  4  3  87  4  78
  0  59  1  36  2  36  3  85  4  24
  0  10  1  20  2  97  3  62  4  97
  0  10  1  17  2  39  3  47  4  49
  0  85  1  22  2  23  3  86  4  29
  0  98  1  15  2  38  3  93  4  24
  0  15  1  3  2  77  3  51  4  25
  0  97  1  38  2  17  3  35  4  93
  0  22  1  93  2  97  3  65  4  60
  0  2  1  72  2  93  3  22  4  72
  0  38  1  77  2  15  3  83  4  78
  0  43  1  74  2  28  3  93  4  60
  0  92  1  70  2  94  3  1  4  67
  0  7  1  87  2  11  3  71  4  39
  0  49  1  60  2  78  3  23  4  43
  0  5  1  98  2  51  3  49  4  77
  0  95  1  79  2  83  3  87  4  7
  0  22  1  44  2  97  3  73  4  44
  0  11  1  95  2  60  3  57  4  71
  0  99  1  21  2  82  3  71  4  60
  0  32  1  33  2  88  3  32  4  17
  0  45  1  1  2  40  3  11  4  41
  0  80  1  68  2  60  3  17  4  47
  0  39  1  42  2  84  3  52  4  58
  0  51  1  13  2  79  3  47  4  98
  0  35  1  98  2  94  3  2  4  39
  0  75  1  80  2  81  3  41  4  62
  0  79  1  77  2  8  3  92  4  25
  0  55  1  95  2  67  3  99  4  72
  0  3  1  14  2  90  3  13  4  61
  0  32  1  8  2  17  3  12  4  83
  0  70  1  68  2  47  3  71  4  7
  0  8  1  4  2  21  3  8  4  87
  0  46  1  71  2  49  3  84  4  70
  0  13  1  66  2  46  3  26  4  52
  0  33  1  22  2  22  3  87  4  6
  0  15  1  78  2  10  3  7  4  59
  0  36  1  76  2  71  3  87  4  24
  0  32  1  85  2  70  3  67  4  47
  0  80  1  28  2  69  3  13  4  66
  0  48  1  11  2  25  3  20  4  55
  0  32  1  27  2  54  3  29  4  21
  0  95  1  48  2  56  3  3  4  4
  0  94  1  55  2  91  3  82  4  8
  0  35  1  84  2  69  3  7  4  53
  0  83  1  14  2  37  3  88  4  74
  0  79  1  31  2  55  3  16  4  64
  0  93  1  14  2  4  3  26  4  78
  0  50  1  12  2  82  3  82  4  48
  0  40  1  30  2  83  3  59  4  1
  0  96  1  88  2  43  3  40  4  15
  0  70  1  51  2  71  3  3  4  20
  0  60  1  58  2  59  3  20  4  81
  0  90  1  34  2  50  3  10  4  19
  0  29  1  43  2  73  3  70  4  14
  0  76  1  15  2  35  3  99  4  64
  0  13  1  97  2  82  3  75  4  4
  0  86  1  48  2  7  3  93  4  13
  0  14  1  69  2  43  3  62  4  35
  0  87  1  82  2  51  3  11  4  98
  0  89  1  47  2  62  3  17  4  17
  0  36  1  76  2  97  3  82  4  70
  0  17  1  4  2  36  3  34  4  75
  0  80  1  68  2  13  3  90  4  69
  0  43  1  56  2  69  3  32  4  46
  0  64  1  85  2  63  3  96  4  31
  0  37  1  4  2  56  3  43  4  97
  0  91  1  36  2  13  3  75  4  16
  0  90  1  70  2  85  3  46  4  36
  0  71  1  80  2  67  3  44  4  93
  0  14  1  40  2  93  3  12  4  11
  0  52  1  85  2  80  3  85  4  54
  0  45  1  73  2  31  3  79  4  72
  0  54  1  51  2  87  3  16  4  69
  0  39  1  3  2  83  3  95  4  99
  0  10  1  1  2  87  3  73  4  52
  0  96  1  95  2  29  3  26  4  73
  0  54  1  98  2  77  3  85  4  68
  0  3  1  44  2  34  3  40  4  76
  0  92  1  56  2  14  3  84  4  52
  0  76  1  35  2  14  3  31  4  13
  0  47  1  52  2  93  3  99  4  75
  0  2  1  2  2  48  3  72  4  97
  0  63  1  42  2  22  3  18  4  56
  0  75  1  22  2  3  3  93  4  48
  0  4  1  30  2  61  3  86  4  47
  0  5  1  56  2  67  3  9  4  67
  0  76  1  40  2  65  3  30  4  70
  0  87  1  40  2  78  3  35  4  81
  0  68  1  23  2  13  3  93  4  19
  0  68  1  39  2  96  3  77  4  45
  0  37  1  59  2  52  3  19  4  55
  0  97  1  66  2  64  3  99  4  75
  0  49  1  87  2  14  3  33  4  30
  0  16  1  88  2  1  3  1  4  93
  0  22  1  34  2  15  3  56  4  61
  0  52  1  12  2  75  3  78  4  96
  0  8  1  84  2  89  3  20  4  87
  0  39  1  94  2  83  3  73  4  60
  0  10  1  17  2  80  3  82  4  22
  0  67  1  57  2  87  3  75  4  58
  0  92  1  2  2  85  3  5  4  34
  0  91  1  23  2  78  3  31  4  80
  0  28  1  29  2  25  3  72  4  40
  0  65  1  25  2  57  3  53  4  92
TPM
  0  2033  1  2033  2  2033  3  2033  4  2033
PMT
  0  30  1  18  2  19  3  20  4  45
  0  39  1  39  2  14  3  3  4  9
  0  17  1  31  2  31  3  15  4  48
  0  23  1  18  2  35  3  20  4  31
  0  36  1  23  2  21  3  28  4  40
  0  26  1  27  2  8  3  47  4  6
  0  27  1  18  2  4  3  40  4  31
  0  16  1  16  2  14  3  33  4  4
  0  35  1  37  2  21  3  49  4  36
  0  38  1  42  2  35  3  11  4  40
