500  15
  0  24  1  68  2  36  3  57  4  51  5  65  6  47  7  22  8  75  9  12  10  41  11  21  12  78  13  71  14  66
  0  83  1  22  2  95  3  62  4  8  5  32  6  34  7  83  8  99  9  38  10  92  11  84  12  75  13  3  14  4
  0  98  1  86  2  26  3  45  4  35  5  21  6  29  7  22  8  43  9  24  10  20  11  24  12  60  13  29  14  13
  0  89  1  23  2  84  3  56  4  62  5  96  6  41  7  82  8  16  9  76  10  1  11  93  12  71  13  52  14  69
  0  27  1  52  2  33  3  58  4  95  5  37  6  93  7  22  8  73  9  6  10  74  11  25  12  67  13  99  14  41
  0  79  1  27  2  31  3  11  4  8  5  43  6  15  7  67  8  91  9  67  10  10  11  55  12  45  13  38  14  93
  0  3  1  5  2  98  3  3  4  14  5  25  6  51  7  23  8  49  9  27  10  60  11  92  12  66  13  38  14  27
  0  73  1  96  2  19  3  83  4  97  5  73  6  62  7  71  8  81  9  51  10  19  11  20  12  79  13  71  14  74
  0  27  1  16  2  62  3  95  4  13  5  19  6  85  7  99  8  99  9  28  10  63  11  39  12  32  13  80  14  46
  0  86  1  47  2  74  3  13  4  74  5  60  6  60  7  7  8  17  9  18  10  34  11  46  12  14  13  40  14  7
  0  75  1  41  2  53  3  93  4  30  5  34  6  78  7  30  8  46  9  55  10  39  11  23  12  26  13  90  14  94
  0  89  1  42  2  1  3  16  4  30  5  56  6  57  7  47  8  62  9  59  10  96  11  49  12  90  13  82  14  4
  0  91  1  96  2  23  3  3  4  49  5  72  6  86  7  98  8  17  9  40  10  44  11  21  12  53  13  23  14  52
  0  48  1  20  2  56  3  84  4  18  5  59  6  58  7  66  8  59  9  50  10  15  11  30  12  84  13  19  14  16
  0  14  1  45  2  2  3  71  4  70  5  27  6  84  7  95  8  83  9  49  10  66  11  21  12  78  13  84  14  18
  0  89  1  85  2  11  3  40  4  40  5  4  6  83  7  43  8  78  9  61  10  58  11  87  12  1  13  69  14  24
  0  72  1  17  2  19  3  29  4  60  5  74  6  74  7  88  8  71  9  4  10  54  11  27  12  78  13  16  14  2
  0  89  1  96  2  29  3  93  4  12  5  55  6  20  7  35  8  51  9  72  10  98  11  37  12  13  13  92  14  72
  0  80  1  13  2  42  3  48  4  7  5  78  6  25  7  72  8  94  9  68  10  58  11  30  12  5  13  59  14  17
  0  37  1  16  2  41  3  42  4  92  5  72  6  16  7  26  8  95  9  12  10  82  11  91  12  28  13  62  14  64
  0  13  1  54  2  16  3  8  4  51  5  9  6  11  7  51  8  13  9  47  10  90  11  58  12  33  13  4  14  20
  0  53  1  61  2  68  3  77  4  99  5  95  6  77  7  44  8  20  9  79  10  87  11  70  12  46  13  82  14  67
  0  85  1  39  2  9  3  40  4  82  5  24  6  12  7  43  8  91  9  35  10  9  11  6  12  24  13  56  14  24
  0  49  1  60  2  1  3  6  4  64  5  90  6  82  7  89  8  26  9  58  10  55  11  8  12  35  13  49  14  20
  0  68  1  15  2  31  3  43  4  56  5  92  6  36  7  35  8  23  9  42  10  35  11  53  12  59  13  72  14  60
  0  66  1  96  2  86  3  63  4  74  5  57  6  48  7  15  8  68  9  43  10  25  11  88  12  85  13  63  14  97
  0  87  1  86  2  9  3  62  4  98  5  68  6  45  7  47  8  85  9  69  10  74  11  40  12  55  13  60  14  77
  0  92  1  64  2  4  3  58  4  31  5  43  6  33  7  37  8  15  9  58  10  89  11  66  12  8  13  37  14  6
  0  65  1  58  2  26  3  40  4  4  5  97  6  66  7  85  8  77  9  7  10  91  11  16  12  45  13  18  14  92
  0  43  1  37  2  33  3  2  4  89  5  51  6  93  7  89  8  15  9  80  10  28  11  82  12  39  13  55  14  52
  0  32  1  47  2  96  3  16  4  8  5  81  6  93  7  4  8  86  9  53  10  71  11  48  12  65  13  22  14  3
  0  1  1  13  2  22  3  79  4  79  5  41  6  52  7  60  8  79  9  70  10  43  11  36  12  23  13  1  14  67
  0  98  1  82  2  30  3  69  4  4  5  92  6  76  7  17  8  57  9  60  10  90  11  9  12  59  13  15  14  70
  0  89  1  4  2  60  3  10  4  52  5  9  6  37  7  53  8  30  9  9  10  90  11  28  12  23  13  69  14  6
  0  74  1  81  2  72  3  66  4  10  5  68  6  98  7  30  8  77  9  63  10  10  11  41  12  85  13  74  14  84
  0  23  1  22  2  81  3  94  4  14  5  4  6  17  7  90  8  35  9  10  10  67  11  58  12  23  13  83  14  41
  0  56  1  52  2  22  3  47  4  41  5  19  6  80  7  70  8  55  9  89  10  59  11  45  12  8  13  14  14  54
  0  54  1  10  2  58  3  85  4  17  5  9  6  21  7  39  8  37  9  59  10  19  11  82  12  17  13  9  14  69
  0  33  1  69  2  89  3  7  4  10  5  87  6  61  7  98  8  77  9  37  10  13  11  54  12  69  13  92  14  48
  0  44  1  56  2  35  3  6  4  77  5  79  6  73  7  72  8  90  9  90  10  64  11  9  12  56  13  46  14  38
  0  1  1  15  2  50  3  61  4  74  5  87  6  55  7  83  8  73  9  12  10  61  11  61  12  73  13  27  14  59
  0  46  1  65  2  92  3  28  4  87  5  62  6  7  7  73  8  85  9  96  10  74  11  56  12  82  13  2  14  35
  0  77  1  1  2  13  3  44  4  84  5  53  6  31  7  79  8  31  9  75  10  13  11  7  12  19  13  68  14  6
  0  29  1  80  2  52  3  31  4  13  5  83  6  65  7  80  8  41  9  87  10  46  11  83  12  70  13  63  14  9
  0  59  1  62  2  54  3  80  4  64  5  34  6  61  7  65  8  92  9  40  10  56  11  59  12  99  13  79  14  66
  0  17  1  39  2  6  3  86  4  67  5  59  6  56  7  13  8  3  9  76  10  50  11  96  12  7  13  25  14  21
  0  63  1  93  2  71  3  68  4  56  5  61  6  11  7  57  8  85  9  98  10  8  11  96  12  7  13  88  14  44
  0  70  1  42  2  98  3  70  4  19  5  31  6  52  7  2  8  67  9  80  10  19  11  79  12  69  13  23  14  75
  0  1  1  15  2  35  3  20  4  89  5  1  6  62  7  35  8  49  9  82  10  36  11  38  12  39  13  46  14  7
  0  78  1  46  2  66  3  15  4  39  5  58  6  53  7  73  8  78  9  48  10  88  11  30  12  14  13  35  14  7
  0  42  1  18  2  80  3  85  4  85  5  4  6  31  7  29  8  57  9  99  10  15  11  74  12  68  13  52  14  61
  0  57  1  32  2  96  3  95  4  97  5  78  6  94  7  26  8  13  9  69  10  26  11  29  12  55  13  80  14  74
  0  99  1  41  2  83  3  59  4  22  5  13  6  46  7  93  8  74  9  41  10  23  11  65  12  81  13  90  14  15
  0  90  1  64  2  67  3  11  4  72  5  69  6  41  7  54  8  54  9  60  10  21  11  80  12  78  13  14  14  99
  0  29  1  65  2  46  3  21  4  24  5  81  6  72  7  19  8  75  9  69  10  66  11  48  12  47  13  44  14  63
  0  85  1  85  2  86  3  54  4  85  5  24  6  90  7  34  8  20  9  87  10  42  11  14  12  24  13  66  14  31
  0  9  1  49  2  46  3  37  4  61  5  62  6  94  7  24  8  69  9  75  10  59  11  48  12  14  13  79  14  15
  0  62  1  12  2  10  3  65  4  57  5  47  6  89  7  2  8  96  9  47  10  98  11  52  12  13  13  2  14  86
  0  91  1  86  2  61  3  26  4  82  5  22  6  44  7  57  8  78  9  83  10  37  11  96  12  10  13  74  14  89
  0  84  1  16  2  48  3  19  4  8  5  17  6  1  7  77  8  30  9  27  10  90  11  51  12  92  13  50  14  55
  0  4  1  93  2  19  3  53  4  59  5  46  6  62  7  35  8  10  9  63  10  8  11  17  12  90  13  42  14  64
  0  29  1  30  2  35  3  40  4  41  5  16  6  20  7  79  8  99  9  89  10  25  11  34  12  32  13  82  14  57
  0  7  1  90  2  62  3  51  4  16  5  49  6  26  7  24  8  88  9  75  10  87  11  10  12  67  13  37  14  33
  0  19  1  88  2  25  3  37  4  22  5  79  6  87  7  71  8  82  9  67  10  17  11  45  12  64  13  10  14  38
  0  63  1  97  2  75  3  73  4  86  5  85  6  49  7  1  8  25  9  68  10  40  11  23  12  18  13  97  14  95
  0  15  1  57  2  75  3  74  4  7  5  74  6  55  7  27  8  42  9  93  10  24  11  74  12  2  13  18  14  8
  0  90  1  84  2  6  3  61  4  36  5  89  6  47  7  42  8  88  9  39  10  61  11  80  12  72  13  43  14  58
  0  96  1  79  2  78  3  46  4  10  5  40  6  53  7  71  8  67  9  78  10  65  11  32  12  73  13  67  14  84
  0  97  1  86  2  65  3  4  4  11  5  42  6  94  7  59  8  80  9  87  10  4  11  7  12  76  13  62  14  16
  0  81  1  80  2  46  3  59  4  15  5  68  6  63  7  29  8  75  9  20  10  10  11  29  12  30  13  72  14  51
  0  91  1  76  2  85  3  2  4  75  5  84  6  69  7  79  8  85  9  36  10  86  11  10  12  68  13  52  14  51
  0  6  1  80  2  66  3  67  4  58  5  27  6  69  7  85  8  21  9  14  10  17  11  77  12  54  13  78  14  11
  0  40  1  73  2  70  3  74  4  98  5  22  6  14  7  78  8  60  9  57  10  67  11  3  12  29  13  16  14  54
  0  31  1  7  2  1  3  50  4  12  5  18  6  14  7  24  8  43  9  46  10  17  11  91  12  54  13  65  14  94
  0  24  1  94  2  1  3  53  4  99  5  56  6  68  7  90  8  22  9  88  10  52  11  6  12  26  13  79  14  36
  0  33  1  39  2  9  3  2  4  32  5  86  6  13  7  46  8  64  9  46  10  97  11  87  12  28  13  87  14  98
  0  67  1  41  2  68  3  74  4  59  5  97  6  56  7  85  8  40  9  19  10  96  11  81  12  4  13  1  14  74
  0  16  1  1  2  10  3  97  4  57  5  36  6  80  7  28  8  46  9  77  10  31  11  38  12  49  13  38  14  76
  0  52  1  89  2  35  3  29  4  15  5  52  6  56  7  9  8  89  9  4  10  70  11  87  12  85  13  77  14  59
  0  60  1  52  2  96  3  76  4  13  5  10  6  56  7  46  8  21  9  89  10  72  11  54  12  6  13  99  14  75
  0  12  1  30  2  62  3  5  4  79  5  12  6  66  7  36  8  76  9  86  10  29  11  40  12  34  13  50  14  84
  0  56  1  56  2  51  3  25  4  38  5  86  6  32  7  55  8  94  9  9  10  25  11  61  12  37  13  30  14  52
  0  78  1  8  2  16  3  3  4  24  5  51  6  78  7  61  8  30  9  42  10  39  11  23  12  78  13  4  14  18
  0  28  1  46  2  56  3  19  4  85  5  84  6  89  7  14  8  76  9  16  10  66  11  40  12  56  13  12  14  64
  0  74  1  1  2  75  3  38  4  43  5  52  6  65  7  68  8  73  9  72  10  12  11  96  12  5  13  7  14  20
  0  87  1  22  2  15  3  70  4  71  5  60  6  19  7  51  8  33  9  6  10  74  11  74  12  76  13  93  14  79
  0  85  1  63  2  70  3  56  4  43  5  17  6  78  7  83  8  45  9  32  10  69  11  59  12  21  13  30  14  74
  0  23  1  9  2  66  3  62  4  73  5  11  6  55  7  84  8  52  9  68  10  83  11  76  12  74  13  16  14  35
  0  65  1  48  2  3  3  28  4  16  5  91  6  86  7  50  8  92  9  46  10  47  11  47  12  36  13  57  14  69
  0  83  1  84  2  49  3  81  4  99  5  68  6  37  7  72  8  19  9  82  10  32  11  10  12  88  13  1  14  49
  0  27  1  61  2  86  3  17  4  61  5  31  6  21  7  50  8  59  9  2  10  47  11  34  12  81  13  53  14  8
  0  20  1  67  2  6  3  13  4  62  5  47  6  28  7  82  8  10  9  12  10  31  11  35  12  52  13  74  14  30
  0  21  1  85  2  94  3  82  4  30  5  32  6  35  7  30  8  12  9  46  10  68  11  96  12  93  13  86  14  84
  0  23  1  80  2  24  3  30  4  51  5  76  6  30  7  94  8  75  9  62  10  65  11  35  12  18  13  13  14  49
  0  85  1  20  2  40  3  95  4  9  5  34  6  6  7  35  8  74  9  67  10  27  11  63  12  74  13  13  14  70
  0  89  1  21  2  59  3  16  4  64  5  72  6  84  7  30  8  19  9  86  10  48  11  79  12  48  13  3  14  64
  0  74  1  7  2  96  3  4  4  28  5  11  6  61  7  57  8  64  9  65  10  7  11  64  12  21  13  56  14  85
  0  89  1  7  2  73  3  79  4  3  5  41  6  56  7  11  8  75  9  69  10  89  11  63  12  36  13  20  14  73
  0  26  1  12  2  67  3  51  4  85  5  63  6  16  7  79  8  43  9  3  10  95  11  55  12  36  13  27  14  59
  0  50  1  64  2  23  3  20  4  14  5  76  6  21  7  45  8  37  9  63  10  6  11  28  12  96  13  43  14  13
  0  81  1  25  2  67  3  60  4  31  5  58  6  56  7  8  8  2  9  76  10  49  11  29  12  27  13  34  14  42
  0  46  1  26  2  40  3  24  4  67  5  18  6  32  7  57  8  19  9  81  10  61  11  50  12  60  13  77  14  93
  0  19  1  31  2  78  3  59  4  40  5  68  6  89  7  45  8  41  9  83  10  46  11  89  12  75  13  2  14  26
  0  26  1  81  2  90  3  15  4  91  5  29  6  34  7  94  8  94  9  89  10  32  11  68  12  9  13  92  14  35
  0  31  1  25  2  59  3  31  4  40  5  2  6  10  7  50  8  59  9  76  10  97  11  67  12  73  13  34  14  19
  0  94  1  99  2  48  3  88  4  17  5  36  6  39  7  96  8  91  9  36  10  13  11  70  12  29  13  86  14  73
  0  15  1  33  2  38  3  33  4  13  5  33  6  6  7  48  8  94  9  80  10  44  11  62  12  11  13  69  14  73
  0  41  1  78  2  89  3  91  4  18  5  73  6  60  7  14  8  90  9  93  10  67  11  16  12  44  13  22  14  13
  0  84  1  75  2  40  3  63  4  89  5  56  6  3  7  40  8  32  9  64  10  62  11  90  12  37  13  56  14  91
  0  33  1  98  2  62  3  54  4  76  5  88  6  42  7  21  8  43  9  84  10  22  11  41  12  48  13  96  14  91
  0  94  1  16  2  70  3  50  4  94  5  45  6  15  7  25  8  27  9  40  10  89  11  87  12  34  13  68  14  22
  0  58  1  78  2  34  3  66  4  71  5  48  6  51  7  12  8  28  9  94  10  67  11  2  12  79  13  9  14  75
  0  31  1  2  2  63  3  8  4  18  5  57  6  7  7  5  8  80  9  68  10  64  11  1  12  61  13  25  14  81
  0  60  1  69  2  15  3  34  4  80  5  57  6  61  7  63  8  20  9  25  10  75  11  36  12  18  13  31  14  80
  0  19  1  50  2  60  3  67  4  32  5  86  6  66  7  74  8  6  9  76  10  95  11  9  12  65  13  74  14  45
  0  52  1  28  2  73  3  41  4  16  5  50  6  16  7  18  8  46  9  6  10  94  11  30  12  79  13  58  14  64
  0  51  1  12  2  47  3  31  4  14  5  28  6  28  7  86  8  18  9  1  10  22  11  1  12  5  13  65  14  61
  0  95  1  53  2  18  3  47  4  67  5  84  6  97  7  44  8  13  9  55  10  59  11  82  12  95  13  67  14  33
  0  57  1  57  2  56  3  32  4  19  5  34  6  11  7  66  8  8  9  73  10  39  11  55  12  87  13  27  14  92
  0  52  1  58  2  83  3  12  4  40  5  67  6  63  7  41  8  41  9  59  10  78  11  44  12  54  13  99  14  53
  0  17  1  20  2  99  3  31  4  56  5  68  6  11  7  34  8  60  9  13  10  54  11  44  12  59  13  76  14  38
  0  14  1  85  2  76  3  37  4  38  5  61  6  6  7  66  8  40  9  37  10  73  11  66  12  54  13  23  14  7
  0  69  1  2  2  97  3  24  4  33  5  3  6  71  7  20  8  52  9  62  10  60  11  40  12  75  13  33  14  73
  0  24  1  8  2  27  3  46  4  44  5  58  6  42  7  54  8  74  9  73  10  34  11  89  12  66  13  63  14  12
  0  90  1  11  2  2  3  86  4  66  5  21  6  79  7  71  8  39  9  53  10  23  11  10  12  94  13  67  14  7
  0  2  1  40  2  78  3  33  4  37  5  76  6  54  7  57  8  62  9  61  10  74  11  70  12  37  13  4  14  36
  0  72  1  57  2  14  3  81  4  9  5  59  6  22  7  82  8  38  9  20  10  9  11  10  12  56  13  22  14  41
  0  61  1  11  2  48  3  81  4  40  5  54  6  27  7  18  8  2  9  47  10  47  11  63  12  5  13  89  14  1
  0  76  1  46  2  45  3  28  4  23  5  54  6  7  7  78  8  97  9  78  10  83  11  15  12  46  13  97  14  35
  0  6  1  64  2  31  3  74  4  2  5  84  6  29  7  11  8  83  9  52  10  76  11  16  12  29  13  57  14  36
  0  15  1  36  2  90  3  5  4  57  5  95  6  11  7  85  8  11  9  13  10  71  11  70  12  69  13  3  14  28
  0  96  1  94  2  25  3  16  4  32  5  14  6  26  7  99  8  86  9  45  10  6  11  96  12  65  13  28  14  22
  0  53  1  6  2  82  3  9  4  19  5  64  6  13  7  65  8  35  9  50  10  38  11  38  12  56  13  17  14  23
  0  16  1  47  2  55  3  21  4  98  5  40  6  64  7  70  8  16  9  41  10  72  11  98  12  94  13  12  14  48
  0  28  1  24  2  76  3  25  4  80  5  45  6  25  7  23  8  41  9  73  10  18  11  45  12  9  13  36  14  5
  0  70  1  50  2  66  3  11  4  95  5  53  6  8  7  68  8  76  9  13  10  99  11  89  12  70  13  19  14  65
  0  95  1  1  2  32  3  14  4  64  5  74  6  48  7  26  8  59  9  26  10  98  11  88  12  45  13  86  14  42
  0  98  1  10  2  81  3  33  4  53  5  39  6  7  7  81  8  87  9  21  10  57  11  34  12  38  13  86  14  80
  0  50  1  35  2  83  3  95  4  36  5  56  6  69  7  4  8  74  9  93  10  61  11  60  12  68  13  15  14  66
  0  12  1  62  2  24  3  3  4  92  5  30  6  53  7  66  8  51  9  46  10  33  11  9  12  45  13  58  14  25
  0  38  1  26  2  41  3  33  4  52  5  99  6  12  7  96  8  59  9  35  10  4  11  45  12  61  13  62  14  60
  0  85  1  95  2  78  3  90  4  20  5  54  6  45  7  75  8  31  9  42  10  57  11  40  12  95  13  30  14  22
  0  30  1  88  2  17  3  49  4  42  5  94  6  17  7  74  8  8  9  63  10  15  11  58  12  28  13  38  14  78
  0  12  1  11  2  70  3  11  4  63  5  55  6  98  7  73  8  72  9  81  10  30  11  29  12  29  13  9  14  86
  0  72  1  15  2  26  3  86  4  57  5  11  6  5  7  63  8  30  9  77  10  48  11  67  12  30  13  36  14  92
  0  85  1  19  2  32  3  80  4  70  5  54  6  64  7  80  8  84  9  9  10  5  11  35  12  78  13  3  14  37
  0  48  1  73  2  13  3  95  4  47  5  12  6  58  7  96  8  79  9  89  10  86  11  62  12  35  13  4  14  14
  0  99  1  95  2  59  3  79  4  93  5  61  6  19  7  32  8  1  9  96  10  6  11  47  12  68  13  2  14  87
  0  55  1  23  2  6  3  82  4  19  5  83  6  20  7  89  8  83  9  9  10  22  11  32  12  18  13  75  14  45
  0  49  1  89  2  52  3  85  4  88  5  47  6  14  7  67  8  81  9  14  10  10  11  33  12  3  13  17  14  83
  0  23  1  50  2  91  3  99  4  79  5  95  6  44  7  42  8  98  9  77  10  59  11  71  12  88  13  58  14  95
  0  62  1  35  2  64  3  94  4  65  5  60  6  62  7  94  8  53  9  42  10  58  11  34  12  51  13  22  14  18
  0  82  1  66  2  16  3  44  4  31  5  50  6  22  7  56  8  33  9  78  10  63  11  67  12  77  13  27  14  36
  0  43  1  29  2  59  3  33  4  90  5  79  6  81  7  73  8  25  9  86  10  17  11  53  12  81  13  91  14  5
  0  95  1  7  2  49  3  28  4  75  5  26  6  6  7  27  8  35  9  62  10  20  11  48  12  23  13  81  14  93
  0  42  1  23  2  67  3  67  4  3  5  49  6  55  7  9  8  14  9  28  10  78  11  76  12  57  13  97  14  16
  0  49  1  67  2  89  3  30  4  60  5  75  6  72  7  39  8  63  9  52  10  72  11  70  12  26  13  49  14  11
  0  76  1  27  2  98  3  11  4  23  5  99  6  20  7  66  8  64  9  63  10  47  11  77  12  85  13  5  14  70
  0  96  1  60  2  32  3  61  4  40  5  57  6  98  7  10  8  53  9  9  10  65  11  22  12  39  13  95  14  63
  0  27  1  85  2  42  3  60  4  5  5  61  6  6  7  53  8  37  9  45  10  11  11  35  12  34  13  29  14  63
  0  4  1  1  2  98  3  44  4  32  5  25  6  84  7  65  8  87  9  30  10  43  11  41  12  86  13  97  14  92
  0  12  1  32  2  70  3  36  4  99  5  42  6  82  7  38  8  24  9  95  10  73  11  24  12  68  13  31  14  99
  0  39  1  89  2  93  3  33  4  78  5  30  6  3  7  20  8  62  9  37  10  86  11  27  12  42  13  28  14  16
  0  16  1  41  2  47  3  22  4  16  5  75  6  6  7  84  8  80  9  6  10  90  11  30  12  44  13  16  14  92
  0  73  1  36  2  19  3  98  4  81  5  2  6  39  7  17  8  63  9  27  10  15  11  67  12  96  13  89  14  27
  0  41  1  58  2  79  3  45  4  91  5  11  6  44  7  42  8  45  9  61  10  61  11  32  12  25  13  3  14  59
  0  11  1  25  2  97  3  11  4  29  5  81  6  67  7  85  8  8  9  31  10  95  11  45  12  85  13  56  14  56
  0  1  1  52  2  38  3  30  4  63  5  17  6  90  7  68  8  79  9  5  10  41  11  14  12  14  13  84  14  59
  0  97  1  27  2  77  3  86  4  52  5  56  6  81  7  88  8  38  9  6  10  40  11  36  12  47  13  98  14  16
  0  11  1  44  2  39  3  48  4  56  5  62  6  14  7  18  8  48  9  49  10  93  11  55  12  44  13  46  14  43
  0  34  1  29  2  36  3  46  4  57  5  82  6  2  7  80  8  39  9  27  10  68  11  33  12  18  13  26  14  29
  0  27  1  54  2  47  3  77  4  78  5  21  6  18  7  2  8  45  9  65  10  26  11  99  12  3  13  15  14  43
  0  24  1  77  2  51  3  78  4  80  5  14  6  71  7  2  8  24  9  56  10  20  11  64  12  26  13  81  14  47
  0  28  1  15  2  92  3  47  4  89  5  12  6  88  7  53  8  28  9  8  10  43  11  24  12  44  13  55  14  69
  0  27  1  54  2  81  3  61  4  10  5  62  6  33  7  23  8  17  9  15  10  10  11  31  12  89  13  22  14  63
  0  10  1  65  2  3  3  45  4  78  5  43  6  69  7  44  8  34  9  7  10  72  11  53  12  64  13  12  14  77
  0  39  1  1  2  67  3  32  4  13  5  64  6  83  7  39  8  31  9  59  10  65  11  74  12  65  13  22  14  67
  0  81  1  25  2  22  3  31  4  44  5  22  6  86  7  91  8  26  9  8  10  72  11  18  12  23  13  27  14  36
  0  99  1  64  2  64  3  48  4  34  5  58  6  80  7  73  8  49  9  78  10  56  11  6  12  68  13  19  14  11
  0  14  1  23  2  83  3  43  4  69  5  32  6  76  7  13  8  40  9  46  10  7  11  76  12  62  13  98  14  31
  0  30  1  53  2  8  3  95  4  34  5  10  6  52  7  52  8  6  9  97  10  83  11  55  12  25  13  40  14  52
  0  65  1  79  2  64  3  78  4  22  5  40  6  47  7  84  8  59  9  48  10  81  11  59  12  66  13  62  14  51
  0  38  1  32  2  79  3  83  4  8  5  22  6  38  7  29  8  76  9  63  10  78  11  63  12  67  13  54  14  94
  0  36  1  19  2  17  3  20  4  99  5  8  6  54  7  25  8  95  9  28  10  84  11  25  12  74  13  87  14  68
  0  18  1  85  2  5  3  46  4  4  5  65  6  25  7  52  8  57  9  94  10  84  11  73  12  51  13  21  14  80
  0  66  1  62  2  61  3  48  4  59  5  92  6  19  7  36  8  91  9  97  10  1  11  30  12  75  13  99  14  4
  0  85  1  82  2  34  3  8  4  39  5  73  6  48  7  5  8  36  9  54  10  59  11  38  12  82  13  1  14  39
  0  39  1  6  2  92  3  61  4  79  5  96  6  58  7  75  8  89  9  38  10  4  11  48  12  94  13  84  14  90
  0  98  1  73  2  12  3  87  4  39  5  53  6  61  7  98  8  70  9  80  10  66  11  50  12  5  13  41  14  2
  0  91  1  22  2  6  3  28  4  39  5  68  6  50  7  95  8  66  9  58  10  49  11  44  12  19  13  53  14  52
  0  12  1  19  2  7  3  7  4  27  5  70  6  3  7  53  8  68  9  88  10  42  11  41  12  95  13  22  14  40
  0  25  1  2  2  29  3  46  4  32  5  30  6  22  7  94  8  27  9  55  10  16  11  44  12  6  13  33  14  24
  0  80  1  96  2  59  3  83  4  77  5  49  6  92  7  24  8  33  9  35  10  31  11  92  12  49  13  5  14  55
  0  11  1  2  2  62  3  68  4  26  5  20  6  48  7  2  8  62  9  93  10  60  11  61  12  23  13  52  14  39
  0  36  1  62  2  85  3  94  4  1  5  40  6  24  7  65  8  70  9  50  10  77  11  21  12  98  13  43  14  93
  0  61  1  25  2  14  3  15  4  65  5  13  6  30  7  14  8  3  9  31  10  93  11  57  12  94  13  75  14  86
  0  14  1  97  2  36  3  34  4  13  5  59  6  36  7  77  8  28  9  42  10  26  11  60  12  21  13  29  14  97
  0  56  1  88  2  67  3  41  4  86  5  93  6  96  7  73  8  20  9  66  10  67  11  7  12  52  13  15  14  70
  0  38  1  89  2  76  3  1  4  67  5  1  6  97  7  48  8  91  9  16  10  33  11  83  12  24  13  71  14  88
  0  72  1  30  2  30  3  62  4  55  5  86  6  41  7  42  8  60  9  16  10  11  11  78  12  33  13  23  14  86
  0  38  1  23  2  62  3  94  4  1  5  39  6  15  7  77  8  62  9  64  10  21  11  10  12  45  13  16  14  33
  0  7  1  46  2  58  3  73  4  44  5  58  6  24  7  99  8  49  9  53  10  7  11  31  12  46  13  13  14  11
  0  70  1  49  2  33  3  83  4  42  5  50  6  60  7  71  8  18  9  40  10  19  11  56  12  5  13  46  14  37
  0  86  1  23  2  2  3  94  4  90  5  83  6  64  7  32  8  43  9  68  10  41  11  9  12  33  13  37  14  4
  0  99  1  31  2  46  3  3  4  49  5  78  6  44  7  86  8  44  9  28  10  64  11  22  12  69  13  18  14  48
  0  45  1  45  2  61  3  62  4  96  5  77  6  68  7  92  8  36  9  54  10  53  11  31  12  1  13  79  14  80
  0  79  1  96  2  32  3  47  4  46  5  17  6  72  7  29  8  16  9  17  10  54  11  10  12  95  13  12  14  3
  0  88  1  84  2  58  3  69  4  27  5  25  6  41  7  76  8  86  9  10  10  89  11  10  12  66  13  80  14  74
  0  25  1  35  2  28  3  67  4  66  5  30  6  67  7  69  8  29  9  51  10  76  11  37  12  8  13  88  14  3
  0  60  1  99  2  52  3  74  4  71  5  72  6  91  7  83  8  89  9  11  10  33  11  18  12  36  13  97  14  62
  0  60  1  64  2  93  3  30  4  82  5  92  6  23  7  73  8  11  9  46  10  84  11  58  12  26  13  25  14  36
  0  5  1  30  2  72  3  28  4  38  5  3  6  2  7  82  8  81  9  15  10  8  11  41  12  93  13  80  14  71
  0  30  1  91  2  63  3  30  4  24  5  42  6  66  7  82  8  88  9  88  10  77  11  40  12  42  13  58  14  39
  0  42  1  83  2  70  3  73  4  12  5  46  6  22  7  82  8  2  9  92  10  46  11  94  12  68  13  64  14  48
  0  34  1  73  2  35  3  78  4  36  5  89  6  44  7  93  8  31  9  79  10  11  11  9  12  69  13  52  14  45
  0  52  1  66  2  34  3  8  4  66  5  78  6  1  7  99  8  25  9  53  10  54  11  59  12  52  13  3  14  50
  0  20  1  72  2  94  3  2  4  52  5  13  6  76  7  19  8  68  9  53  10  53  11  57  12  4  13  88  14  90
  0  91  1  75  2  40  3  35  4  26  5  83  6  46  7  45  8  19  9  24  10  11  11  81  12  75  13  1  14  89
  0  18  1  42  2  83  3  36  4  52  5  1  6  36  7  58  8  34  9  51  10  3  11  35  12  37  13  25  14  44
  0  1  1  48  2  74  3  54  4  13  5  52  6  30  7  97  8  31  9  22  10  4  11  44  12  91  13  57  14  16
  0  3  1  65  2  22  3  39  4  71  5  7  6  75  7  97  8  57  9  47  10  10  11  77  12  41  13  95  14  14
  0  24  1  72  2  40  3  48  4  27  5  42  6  61  7  95  8  37  9  50  10  14  11  12  12  50  13  74  14  24
  0  2  1  57  2  14  3  11  4  98  5  45  6  37  7  45  8  9  9  99  10  98  11  81  12  54  13  48  14  66
  0  40  1  40  2  26  3  96  4  19  5  1  6  79  7  38  8  69  9  26  10  23  11  56  12  59  13  66  14  12
  0  18  1  9  2  59  3  13  4  45  5  73  6  32  7  70  8  76  9  8  10  71  11  99  12  56  13  36  14  73
  0  69  1  52  2  18  3  1  4  39  5  83  6  73  7  16  8  73  9  80  10  15  11  75  12  47  13  46  14  99
  0  91  1  99  2  65  3  93  4  3  5  33  6  74  7  25  8  10  9  35  10  20  11  46  12  63  13  72  14  42
  0  53  1  22  2  6  3  60  4  23  5  5  6  2  7  67  8  59  9  5  10  57  11  47  12  73  13  55  14  49
  0  62  1  38  2  43  3  81  4  97  5  70  6  30  7  96  8  41  9  53  10  18  11  66  12  41  13  9  14  56
  0  76  1  80  2  48  3  7  4  80  5  39  6  95  7  89  8  85  9  46  10  49  11  82  12  84  13  54  14  16
  0  52  1  54  2  62  3  50  4  29  5  84  6  85  7  76  8  67  9  19  10  50  11  70  12  47  13  97  14  51
  0  37  1  2  2  50  3  13  4  4  5  85  6  73  7  29  8  21  9  19  10  96  11  81  12  41  13  64  14  22
  0  57  1  6  2  31  3  68  4  18  5  79  6  8  7  92  8  88  9  94  10  64  11  44  12  70  13  7  14  87
  0  72  1  99  2  69  3  27  4  18  5  90  6  75  7  70  8  23  9  59  10  30  11  82  12  71  13  98  14  50
  0  66  1  38  2  51  3  5  4  32  5  81  6  14  7  40  8  91  9  48  10  53  11  53  12  2  13  51  14  35
  0  13  1  33  2  41  3  75  4  39  5  36  6  84  7  82  8  87  9  22  10  25  11  47  12  97  13  97  14  81
  0  87  1  12  2  7  3  14  4  69  5  68  6  71  7  65  8  49  9  18  10  42  11  51  12  19  13  25  14  82
  0  54  1  40  2  59  3  77  4  61  5  7  6  75  7  9  8  41  9  68  10  35  11  53  12  33  13  98  14  45
  0  6  1  28  2  2  3  82  4  6  5  35  6  84  7  48  8  44  9  76  10  39  11  67  12  73  13  59  14  10
  0  30  1  40  2  95  3  46  4  40  5  15  6  98  7  61  8  1  9  2  10  57  11  46  12  84  13  29  14  60
  0  11  1  39  2  78  3  49  4  59  5  41  6  84  7  97  8  9  9  89  10  19  11  52  12  10  13  15  14  51
  0  87  1  42  2  32  3  30  4  54  5  78  6  65  7  44  8  28  9  46  10  35  11  48  12  88  13  24  14  70
  0  67  1  74  2  67  3  91  4  11  5  13  6  42  7  81  8  67  9  5  10  91  11  36  12  43  13  14  14  3
  0  56  1  93  2  11  3  20  4  40  5  39  6  39  7  27  8  67  9  63  10  30  11  5  12  93  13  58  14  71
  0  25  1  99  2  34  3  5  4  43  5  60  6  27  7  22  8  96  9  24  10  76  11  65  12  26  13  24  14  40
  0  64  1  75  2  58  3  68  4  58  5  37  6  10  7  77  8  94  9  43  10  99  11  73  12  94  13  23  14  84
  0  20  1  26  2  88  3  48  4  49  5  34  6  1  7  46  8  74  9  9  10  32  11  5  12  40  13  98  14  38
  0  85  1  9  2  89  3  96  4  56  5  95  6  21  7  76  8  40  9  82  10  96  11  44  12  34  13  76  14  19
  0  24  1  14  2  93  3  55  4  66  5  62  6  84  7  6  8  92  9  96  10  31  11  42  12  23  13  82  14  85
  0  30  1  96  2  49  3  27  4  60  5  49  6  57  7  47  8  44  9  9  10  76  11  19  12  52  13  13  14  64
  0  74  1  8  2  70  3  82  4  21  5  46  6  23  7  60  8  62  9  22  10  59  11  7  12  98  13  23  14  7
  0  35  1  42  2  94  3  9  4  37  5  45  6  28  7  33  8  40  9  47  10  33  11  94  12  10  13  76  14  6
  0  91  1  5  2  74  3  73  4  64  5  85  6  18  7  65  8  39  9  29  10  56  11  40  12  31  13  13  14  6
  0  81  1  87  2  61  3  40  4  33  5  22  6  68  7  95  8  27  9  59  10  50  11  70  12  50  13  84  14  75
  0  74  1  29  2  92  3  87  4  81  5  38  6  45  7  14  8  75  9  64  10  9  11  26  12  93  13  77  14  26
  0  99  1  8  2  86  3  30  4  79  5  12  6  95  7  20  8  56  9  82  10  75  11  53  12  6  13  43  14  16
  0  17  1  56  2  55  3  30  4  87  5  67  6  6  7  29  8  94  9  54  10  65  11  78  12  41  13  79  14  50
  0  7  1  55  2  96  3  88  4  35  5  64  6  31  7  92  8  39  9  27  10  10  11  89  12  74  13  56  14  95
  0  44  1  8  2  19  3  77  4  90  5  48  6  14  7  20  8  54  9  82  10  30  11  88  12  33  13  24  14  56
  0  86  1  55  2  60  3  14  4  76  5  55  6  58  7  86  8  73  9  16  10  30  11  8  12  34  13  75  14  7
  0  21  1  78  2  3  3  61  4  9  5  12  6  76  7  58  8  73  9  38  10  40  11  42  12  9  13  92  14  99
  0  99  1  91  2  17  3  89  4  29  5  88  6  59  7  44  8  21  9  53  10  87  11  21  12  39  13  63  14  28
  0  75  1  39  2  18  3  82  4  98  5  72  6  91  7  75  8  37  9  63  10  32  11  38  12  76  13  61  14  30
  0  41  1  64  2  89  3  97  4  10  5  84  6  59  7  55  8  11  9  17  10  20  11  88  12  73  13  44  14  48
  0  36  1  86  2  3  3  19  4  27  5  7  6  67  7  89  8  61  9  32  10  22  11  4  12  19  13  55  14  76
  0  99  1  27  2  98  3  4  4  59  5  39  6  73  7  25  8  57  9  78  10  40  11  61  12  84  13  78  14  51
  0  28  1  47  2  6  3  1  4  46  5  79  6  46  7  21  8  91  9  24  10  4  11  88  12  9  13  50  14  27
  0  45  1  56  2  23  3  77  4  30  5  69  6  55  7  92  8  88  9  45  10  86  11  12  12  4  13  93  14  78
  0  73  1  62  2  13  3  30  4  93  5  55  6  70  7  35  8  85  9  64  10  7  11  43  12  91  13  99  14  99
  0  6  1  15  2  83  3  35  4  8  5  94  6  93  7  90  8  10  9  51  10  3  11  32  12  66  13  97  14  2
  0  55  1  96  2  87  3  68  4  42  5  3  6  56  7  31  8  17  9  82  10  70  11  46  12  3  13  70  14  86
  0  61  1  26  2  9  3  5  4  67  5  30  6  37  7  31  8  42  9  71  10  36  11  23  12  39  13  23  14  77
  0  67  1  79  2  13  3  67  4  2  5  49  6  61  7  77  8  92  9  5  10  6  11  3  12  37  13  48  14  16
  0  89  1  41  2  20  3  43  4  28  5  80  6  13  7  63  8  3  9  79  10  25  11  94  12  31  13  27  14  85
  0  10  1  55  2  43  3  30  4  63  5  51  6  56  7  8  8  17  9  73  10  39  11  48  12  32  13  58  14  40
  0  21  1  38  2  40  3  93  4  63  5  34  6  66  7  94  8  56  9  56  10  2  11  70  12  85  13  19  14  74
  0  98  1  5  2  32  3  94  4  34  5  89  6  26  7  42  8  60  9  66  10  56  11  18  12  71  13  28  14  65
  0  94  1  45  2  84  3  12  4  22  5  74  6  25  7  9  8  58  9  59  10  56  11  33  12  41  13  76  14  64
  0  78  1  28  2  85  3  27  4  83  5  48  6  38  7  41  8  49  9  68  10  83  11  67  12  30  13  47  14  5
  0  5  1  56  2  42  3  34  4  31  5  30  6  90  7  3  8  86  9  4  10  72  11  52  12  89  13  19  14  36
  0  5  1  95  2  84  3  36  4  52  5  53  6  8  7  26  8  45  9  10  10  9  11  87  12  60  13  73  14  88
  0  4  1  93  2  38  3  28  4  10  5  99  6  21  7  38  8  60  9  84  10  71  11  80  12  10  13  17  14  53
  0  40  1  9  2  5  3  10  4  26  5  29  6  74  7  55  8  2  9  95  10  30  11  69  12  4  13  92  14  91
  0  66  1  83  2  40  3  30  4  79  5  83  6  94  7  53  8  87  9  34  10  2  11  18  12  51  13  29  14  5
  0  59  1  67  2  27  3  88  4  64  5  32  6  67  7  15  8  43  9  76  10  14  11  83  12  60  13  39  14  63
  0  9  1  40  2  51  3  71  4  14  5  47  6  78  7  98  8  71  9  17  10  31  11  64  12  46  13  87  14  41
  0  65  1  23  2  48  3  69  4  8  5  13  6  10  7  82  8  49  9  87  10  62  11  28  12  42  13  71  14  91
  0  80  1  40  2  93  3  32  4  51  5  7  6  91  7  15  8  76  9  30  10  1  11  26  12  26  13  31  14  80
  0  68  1  3  2  31  3  63  4  19  5  19  6  16  7  29  8  7  9  78  10  89  11  25  12  53  13  92  14  37
  0  3  1  66  2  3  3  15  4  39  5  60  6  10  7  48  8  49  9  45  10  14  11  7  12  26  13  34  14  14
  0  83  1  49  2  25  3  40  4  95  5  59  6  70  7  93  8  82  9  89  10  59  11  31  12  83  13  84  14  48
  0  23  1  3  2  75  3  20  4  60  5  96  6  67  7  78  8  91  9  53  10  68  11  86  12  23  13  38  14  71
  0  5  1  9  2  27  3  55  4  9  5  8  6  54  7  74  8  63  9  93  10  43  11  55  12  13  13  46  14  1
  0  10  1  92  2  43  3  90  4  47  5  72  6  51  7  17  8  35  9  7  10  80  11  82  12  38  13  26  14  35
  0  7  1  46  2  18  3  93  4  15  5  60  6  61  7  1  8  30  9  9  10  26  11  40  12  35  13  95  14  50
  0  26  1  89  2  24  3  50  4  46  5  8  6  32  7  37  8  22  9  37  10  32  11  28  12  83  13  98  14  58
  0  92  1  73  2  74  3  42  4  66  5  22  6  54  7  83  8  16  9  61  10  70  11  90  12  48  13  70  14  94
  0  86  1  91  2  68  3  74  4  35  5  94  6  96  7  11  8  3  9  14  10  61  11  44  12  80  13  91  14  24
  0  65  1  34  2  53  3  58  4  78  5  32  6  58  7  18  8  2  9  1  10  90  11  77  12  51  13  83  14  83
  0  47  1  63  2  15  3  99  4  65  5  54  6  33  7  16  8  27  9  9  10  89  11  91  12  4  13  51  14  34
  0  8  1  47  2  48  3  78  4  12  5  5  6  32  7  73  8  13  9  76  10  68  11  46  12  94  13  82  14  73
  0  85  1  52  2  50  3  79  4  72  5  73  6  6  7  7  8  92  9  18  10  44  11  61  12  81  13  50  14  31
  0  99  1  81  2  52  3  21  4  13  5  14  6  14  7  25  8  26  9  5  10  68  11  61  12  13  13  12  14  27
  0  54  1  65  2  24  3  35  4  80  5  87  6  58  7  53  8  71  9  86  10  68  11  17  12  22  13  80  14  25
  0  56  1  68  2  53  3  42  4  64  5  29  6  28  7  68  8  43  9  22  10  28  11  50  12  72  13  8  14  49
  0  48  1  73  2  16  3  83  4  61  5  80  6  60  7  32  8  81  9  16  10  42  11  24  12  99  13  44  14  5
  0  29  1  22  2  66  3  87  4  8  5  70  6  49  7  79  8  64  9  79  10  23  11  99  12  79  13  14  14  88
  0  22  1  42  2  62  3  13  4  37  5  8  6  92  7  99  8  29  9  56  10  57  11  79  12  90  13  25  14  8
  0  47  1  9  2  22  3  35  4  27  5  4  6  81  7  51  8  73  9  99  10  93  11  92  12  13  13  53  14  3
  0  83  1  95  2  78  3  5  4  21  5  8  6  30  7  46  8  44  9  65  10  51  11  10  12  11  13  1  14  87
  0  72  1  97  2  84  3  20  4  26  5  84  6  73  7  79  8  22  9  5  10  69  11  35  12  86  13  59  14  17
  0  74  1  93  2  31  3  84  4  24  5  7  6  46  7  14  8  56  9  34  10  77  11  19  12  8  13  41  14  72
  0  74  1  96  2  27  3  56  4  29  5  94  6  58  7  47  8  28  9  22  10  1  11  82  12  33  13  53  14  21
  0  42  1  72  2  51  3  25  4  9  5  60  6  73  7  66  8  20  9  74  10  19  11  32  12  85  13  61  14  1
  0  99  1  82  2  35  3  77  4  26  5  53  6  70  7  58  8  89  9  57  10  6  11  83  12  18  13  67  14  25
  0  43  1  70  2  7  3  59  4  65  5  47  6  54  7  45  8  16  9  52  10  80  11  21  12  68  13  27  14  93
  0  61  1  55  2  37  3  87  4  56  5  84  6  81  7  42  8  9  9  8  10  40  11  8  12  7  13  61  14  98
  0  78  1  68  2  12  3  13  4  31  5  95  6  95  7  86  8  85  9  70  10  6  11  88  12  25  13  77  14  2
  0  35  1  60  2  49  3  12  4  9  5  43  6  50  7  70  8  83  9  58  10  61  11  11  12  82  13  51  14  23
  0  99  1  96  2  65  3  52  4  88  5  29  6  98  7  38  8  13  9  46  10  6  11  84  12  71  13  46  14  9
  0  52  1  57  2  95  3  78  4  20  5  35  6  68  7  11  8  69  9  78  10  97  11  20  12  56  13  4  14  41
  0  94  1  35  2  85  3  90  4  11  5  28  6  21  7  99  8  1  9  84  10  87  11  5  12  1  13  50  14  10
  0  52  1  44  2  46  3  22  4  76  5  70  6  33  7  10  8  72  9  62  10  4  11  51  12  67  13  29  14  40
  0  95  1  91  2  4  3  11  4  52  5  85  6  31  7  13  8  78  9  6  10  37  11  68  12  83  13  18  14  36
  0  44  1  89  2  83  3  99  4  48  5  27  6  72  7  95  8  12  9  39  10  79  11  76  12  83  13  24  14  12
  0  69  1  69  2  63  3  61  4  5  5  11  6  80  7  14  8  73  9  86  10  51  11  32  12  15  13  64  14  58
  0  20  1  63  2  54  3  48  4  65  5  6  6  35  7  49  8  2  9  42  10  44  11  47  12  50  13  39  14  77
  0  30  1  27  2  8  3  16  4  55  5  30  6  77  7  79  8  92  9  35  10  21  11  92  12  47  13  64  14  50
  0  85  1  66  2  20  3  16  4  87  5  93  6  80  7  47  8  73  9  11  10  14  11  34  12  80  13  78  14  44
  0  43  1  92  2  94  3  84  4  93  5  66  6  90  7  27  8  63  9  56  10  60  11  34  12  86  13  42  14  96
  0  89  1  65  2  85  3  58  4  2  5  10  6  59  7  6  8  59  9  67  10  21  11  77  12  80  13  27  14  38
  0  99  1  25  2  91  3  77  4  41  5  35  6  60  7  22  8  57  9  35  10  58  11  64  12  95  13  22  14  18
  0  5  1  51  2  95  3  91  4  55  5  79  6  29  7  43  8  4  9  33  10  82  11  67  12  22  13  63  14  4
  0  8  1  94  2  95  3  57  4  94  5  18  6  86  7  3  8  23  9  95  10  15  11  87  12  20  13  19  14  61
  0  39  1  94  2  19  3  79  4  74  5  66  6  25  7  68  8  40  9  99  10  67  11  94  12  87  13  8  14  10
  0  26  1  9  2  98  3  94  4  71  5  8  6  69  7  37  8  44  9  89  10  79  11  17  12  93  13  69  14  59
  0  24  1  62  2  49  3  30  4  84  5  74  6  16  7  37  8  64  9  62  10  51  11  42  12  10  13  81  14  58
  0  6  1  9  2  68  3  49  4  54  5  45  6  52  7  43  8  41  9  2  10  22  11  75  12  11  13  27  14  92
  0  17  1  49  2  72  3  49  4  43  5  68  6  67  7  45  8  14  9  58  10  81  11  91  12  53  13  20  14  6
  0  51  1  34  2  35  3  29  4  38  5  5  6  61  7  19  8  86  9  32  10  42  11  13  12  24  13  15  14  81
  0  83  1  82  2  20  3  18  4  44  5  17  6  41  7  88  8  94  9  25  10  64  11  90  12  26  13  81  14  16
  0  60  1  44  2  36  3  2  4  29  5  74  6  31  7  83  8  38  9  51  10  40  11  45  12  15  13  14  14  49
  0  39  1  37  2  57  3  4  4  16  5  51  6  13  7  9  8  85  9  1  10  60  11  64  12  63  13  6  14  82
  0  55  1  83  2  79  3  26  4  36  5  3  6  78  7  34  8  83  9  16  10  38  11  43  12  99  13  56  14  7
  0  86  1  90  2  58  3  8  4  31  5  66  6  98  7  93  8  36  9  10  10  50  11  51  12  21  13  36  14  8
  0  79  1  78  2  28  3  77  4  70  5  70  6  23  7  30  8  32  9  86  10  82  11  63  12  47  13  56  14  72
  0  38  1  74  2  50  3  39  4  56  5  6  6  6  7  52  8  9  9  49  10  63  11  54  12  30  13  14  14  96
  0  32  1  98  2  98  3  77  4  14  5  97  6  14  7  7  8  36  9  26  10  94  11  2  12  56  13  12  14  82
  0  20  1  85  2  66  3  83  4  64  5  78  6  93  7  26  8  93  9  12  10  43  11  76  12  33  13  18  14  52
  0  99  1  74  2  65  3  36  4  56  5  84  6  18  7  17  8  70  9  80  10  89  11  87  12  31  13  36  14  80
  0  73  1  95  2  27  3  87  4  18  5  6  6  28  7  89  8  10  9  45  10  21  11  68  12  46  13  93  14  72
  0  23  1  66  2  51  3  3  4  69  5  24  6  53  7  43  8  45  9  86  10  84  11  49  12  62  13  60  14  63
  0  36  1  75  2  86  3  69  4  32  5  47  6  70  7  21  8  79  9  47  10  20  11  26  12  28  13  13  14  17
  0  76  1  96  2  39  3  49  4  43  5  93  6  96  7  65  8  98  9  34  10  91  11  36  12  83  13  87  14  9
  0  43  1  71  2  38  3  6  4  19  5  22  6  56  7  51  8  5  9  17  10  93  11  22  12  13  13  11  14  71
  0  8  1  3  2  58  3  11  4  78  5  7  6  82  7  25  8  21  9  66  10  9  11  79  12  52  13  69  14  76
  0  81  1  51  2  86  3  91  4  67  5  84  6  62  7  1  8  83  9  10  10  3  11  88  12  87  13  81  14  59
  0  26  1  19  2  85  3  6  4  31  5  11  6  99  7  68  8  12  9  38  10  37  11  35  12  10  13  38  14  15
  0  66  1  57  2  32  3  81  4  90  5  19  6  36  7  66  8  35  9  88  10  62  11  52  12  47  13  40  14  16
  0  84  1  1  2  81  3  54  4  49  5  78  6  44  7  77  8  8  9  91  10  4  11  39  12  59  13  80  14  32
  0  12  1  64  2  86  3  99  4  54  5  63  6  10  7  9  8  48  9  52  10  82  11  1  12  5  13  28  14  24
  0  83  1  71  2  90  3  60  4  67  5  74  6  73  7  24  8  3  9  85  10  50  11  60  12  64  13  95  14  21
  0  12  1  16  2  37  3  79  4  62  5  64  6  78  7  29  8  48  9  69  10  94  11  91  12  77  13  85  14  88
  0  6  1  17  2  37  3  88  4  49  5  34  6  60  7  90  8  99  9  97  10  73  11  94  12  24  13  84  14  33
  0  43  1  77  2  42  3  11  4  91  5  35  6  6  7  90  8  46  9  84  10  62  11  71  12  58  13  74  14  18
  0  23  1  52  2  76  3  16  4  27  5  38  6  9  7  96  8  17  9  29  10  42  11  7  12  78  13  56  14  66
  0  1  1  82  2  78  3  5  4  85  5  70  6  91  7  1  8  4  9  3  10  17  11  3  12  60  13  40  14  7
  0  39  1  30  2  26  3  2  4  50  5  11  6  88  7  32  8  13  9  98  10  78  11  27  12  86  13  11  14  97
  0  10  1  64  2  73  3  17  4  62  5  98  6  56  7  60  8  93  9  42  10  20  11  9  12  59  13  27  14  1
  0  60  1  99  2  68  3  64  4  41  5  6  6  57  7  90  8  65  9  19  10  97  11  67  12  66  13  39  14  86
  0  18  1  69  2  83  3  47  4  92  5  74  6  22  7  73  8  72  9  52  10  92  11  19  12  94  13  96  14  61
  0  74  1  94  2  73  3  86  4  90  5  99  6  48  7  95  8  50  9  49  10  7  11  89  12  96  13  6  14  88
  0  33  1  66  2  92  3  90  4  95  5  92  6  74  7  24  8  45  9  66  10  50  11  23  12  20  13  88  14  45
  0  40  1  21  2  27  3  5  4  80  5  4  6  78  7  41  8  58  9  69  10  98  11  80  12  70  13  71  14  40
  0  93  1  32  2  89  3  23  4  45  5  14  6  52  7  20  8  61  9  70  10  87  11  34  12  12  13  61  14  51
  0  2  1  64  2  93  3  52  4  43  5  45  6  39  7  76  8  52  9  20  10  16  11  87  12  94  13  79  14  23
  0  32  1  49  2  89  3  69  4  6  5  20  6  42  7  51  8  49  9  95  10  25  11  50  12  66  13  53  14  76
  0  62  1  95  2  4  3  23  4  94  5  82  6  46  7  80  8  64  9  22  10  74  11  94  12  98  13  75  14  51
  0  45  1  38  2  77  3  46  4  26  5  55  6  89  7  93  8  99  9  73  10  72  11  32  12  59  13  30  14  63
  0  20  1  69  2  28  3  6  4  38  5  67  6  65  7  54  8  32  9  30  10  29  11  44  12  55  13  49  14  18
  0  21  1  98  2  74  3  97  4  52  5  43  6  14  7  27  8  65  9  50  10  85  11  6  12  93  13  86  14  88
  0  14  1  24  2  53  3  15  4  68  5  71  6  41  7  22  8  8  9  22  10  69  11  61  12  65  13  35  14  49
  0  93  1  15  2  78  3  91  4  69  5  89  6  43  7  50  8  37  9  4  10  71  11  66  12  20  13  34  14  77
  0  61  1  62  2  35  3  59  4  89  5  37  6  3  7  21  8  45  9  84  10  11  11  56  12  91  13  93  14  62
  0  78  1  57  2  67  3  67  4  63  5  2  6  30  7  13  8  71  9  73  10  61  11  89  12  59  13  88  14  73
  0  2  1  76  2  4  3  55  4  60  5  43  6  87  7  65  8  57  9  22  10  78  11  33  12  41  13  41  14  8
  0  1  1  66  2  45  3  23  4  35  5  82  6  58  7  23  8  61  9  72  10  1  11  14  12  26  13  69  14  93
  0  33  1  67  2  9  3  30  4  8  5  71  6  91  7  14  8  25  9  29  10  65  11  82  12  63  13  20  14  52
  0  74  1  94  2  5  3  82  4  96  5  39  6  85  7  3  8  8  9  67  10  68  11  79  12  33  13  64  14  45
  0  12  1  56  2  89  3  78  4  14  5  69  6  10  7  39  8  60  9  72  10  1  11  59  12  68  13  49  14  20
  0  74  1  78  2  68  3  99  4  81  5  72  6  81  7  40  8  37  9  3  10  21  11  70  12  57  13  56  14  8
  0  19  1  14  2  67  3  40  4  13  5  31  6  34  7  14  8  94  9  14  10  33  11  86  12  35  13  86  14  16
  0  7  1  59  2  3  3  38  4  48  5  40  6  57  7  57  8  40  9  7  10  34  11  88  12  71  13  85  14  36
  0  31  1  6  2  62  3  1  4  71  5  54  6  32  7  2  8  43  9  71  10  91  11  78  12  8  13  86  14  65
  0  47  1  66  2  78  3  92  4  86  5  32  6  54  7  4  8  10  9  14  10  99  11  67  12  46  13  1  14  96
  0  87  1  15  2  39  3  46  4  77  5  51  6  40  7  20  8  46  9  21  10  73  11  39  12  74  13  41  14  17
  0  66  1  53  2  75  3  84  4  29  5  23  6  86  7  42  8  41  9  50  10  68  11  79  12  75  13  93  14  71
  0  13  1  98  2  70  3  5  4  26  5  85  6  39  7  87  8  74  9  73  10  24  11  68  12  13  13  4  14  63
  0  38  1  23  2  83  3  76  4  8  5  43  6  60  7  51  8  38  9  35  10  77  11  9  12  16  13  47  14  75
  0  1  1  33  2  29  3  41  4  50  5  18  6  42  7  22  8  22  9  10  10  55  11  65  12  3  13  76  14  12
  0  41  1  22  2  30  3  25  4  62  5  36  6  84  7  22  8  14  9  71  10  53  11  61  12  44  13  76  14  83
  0  67  1  93  2  54  3  80  4  88  5  55  6  61  7  70  8  47  9  91  10  92  11  92  12  49  13  60  14  92
  0  28  1  73  2  15  3  61  4  6  5  50  6  88  7  53  8  45  9  12  10  70  11  73  12  21  13  50  14  39
  0  24  1  56  2  52  3  15  4  59  5  91  6  62  7  34  8  60  9  77  10  10  11  68  12  14  13  89  14  3
  0  35  1  72  2  59  3  62  4  79  5  37  6  80  7  64  8  13  9  68  10  31  11  7  12  49  13  44  14  6
  0  18  1  72  2  89  3  69  4  66  5  12  6  70  7  68  8  55  9  36  10  23  11  57  12  5  13  67  14  44
  0  27  1  49  2  84  3  93  4  55  5  98  6  77  7  49  8  95  9  60  10  50  11  43  12  86  13  13  14  10
  0  63  1  51  2  61  3  67  4  85  5  12  6  35  7  46  8  86  9  42  10  3  11  81  12  45  13  27  14  16
  0  41  1  38  2  12  3  1  4  14  5  74  6  56  7  61  8  39  9  44  10  20  11  67  12  79  13  58  14  55
  0  42  1  49  2  8  3  74  4  61  5  63  6  90  7  22  8  42  9  70  10  50  11  68  12  75  13  57  14  44
  0  10  1  33  2  82  3  42  4  26  5  55  6  44  7  7  8  51  9  87  10  87  11  15  12  48  13  47  14  43
  0  16  1  84  2  13  3  4  4  49  5  71  6  80  7  14  8  56  9  89  10  27  11  23  12  51  13  31  14  75
  0  14  1  56  2  26  3  55  4  23  5  3  6  27  7  90  8  9  9  51  10  80  11  71  12  31  13  95  14  1
  0  92  1  48  2  37  3  22  4  54  5  50  6  54  7  14  8  64  9  84  10  3  11  57  12  88  13  35  14  24
  0  39  1  39  2  63  3  39  4  99  5  90  6  32  7  57  8  50  9  70  10  58  11  38  12  39  13  65  14  69
  0  70  1  25  2  31  3  65  4  66  5  18  6  1  7  3  8  84  9  49  10  41  11  56  12  21  13  20  14  82
  0  24  1  48  2  28  3  32  4  85  5  70  6  57  7  51  8  20  9  43  10  8  11  39  12  54  13  69  14  69
  0  79  1  89  2  65  3  97  4  21  5  30  6  65  7  22  8  96  9  16  10  97  11  3  12  24  13  24  14  73
  0  22  1  25  2  98  3  48  4  61  5  58  6  22  7  48  8  26  9  60  10  35  11  87  12  86  13  24  14  74
  0  17  1  69  2  82  3  69  4  54  5  18  6  56  7  42  8  17  9  88  10  92  11  83  12  46  13  76  14  5
  0  96  1  92  2  59  3  84  4  53  5  95  6  28  7  49  8  77  9  89  10  33  11  47  12  65  13  19  14  51
  0  37  1  8  2  22  3  85  4  97  5  75  6  54  7  13  8  60  9  63  10  24  11  71  12  47  13  36  14  79
  0  47  1  63  2  96  3  78  4  81  5  92  6  76  7  5  8  44  9  72  10  24  11  34  12  8  13  51  14  37
  0  55  1  44  2  70  3  62  4  98  5  17  6  12  7  61  8  29  9  38  10  92  11  22  12  11  13  26  14  27
  0  45  1  40  2  69  3  57  4  61  5  5  6  88  7  37  8  40  9  38  10  51  11  27  12  95  13  41  14  84
  0  17  1  15  2  15  3  82  4  2  5  54  6  27  7  16  8  63  9  72  10  87  11  73  12  43  13  9  14  22
  0  10  1  8  2  22  3  66  4  74  5  31  6  43  7  15  8  32  9  62  10  10  11  1  12  19  13  45  14  89
  0  87  1  94  2  98  3  5  4  8  5  60  6  89  7  18  8  62  9  82  10  53  11  41  12  82  13  26  14  36
  0  78  1  21  2  82  3  70  4  15  5  92  6  71  7  9  8  5  9  21  10  15  11  71  12  37  13  44  14  43
  0  91  1  69  2  75  3  72  4  56  5  51  6  40  7  49  8  75  9  1  10  26  11  72  12  38  13  91  14  15
  0  30  1  27  2  52  3  92  4  4  5  7  6  13  7  48  8  42  9  99  10  27  11  8  12  90  13  26  14  65
  0  66  1  45  2  65  3  60  4  23  5  55  6  60  7  36  8  16  9  95  10  84  11  63  12  13  13  90  14  32
  0  33  1  28  2  45  3  6  4  13  5  42  6  36  7  13  8  42  9  58  10  48  11  94  12  2  13  27  14  67
  0  43  1  24  2  9  3  73  4  94  5  54  6  71  7  81  8  86  9  80  10  31  11  24  12  24  13  81  14  86
  0  93  1  8  2  67  3  12  4  59  5  93  6  7  7  94  8  43  9  95  10  70  11  42  12  27  13  67  14  38
  0  4  1  3  2  2  3  35  4  59  5  5  6  45  7  6  8  79  9  88  10  20  11  47  12  77  13  35  14  84
  0  45  1  81  2  90  3  96  4  83  5  3  6  84  7  46  8  47  9  94  10  90  11  68  12  4  13  16  14  92
  0  74  1  56  2  33  3  5  4  34  5  5  6  50  7  39  8  12  9  32  10  29  11  20  12  53  13  36  14  45
  0  7  1  39  2  55  3  2  4  41  5  86  6  61  7  79  8  62  9  50  10  8  11  10  12  44  13  53  14  85
  0  88  1  36  2  56  3  92  4  78  5  35  6  32  7  33  8  60  9  5  10  25  11  16  12  21  13  16  14  86
  0  84  1  16  2  90  3  44  4  32  5  23  6  57  7  23  8  66  9  69  10  59  11  27  12  31  13  24  14  72
  0  78  1  99  2  67  3  23  4  35  5  95  6  76  7  6  8  48  9  8  10  13  11  57  12  44  13  6  14  76
  0  23  1  29  2  72  3  68  4  19  5  38  6  5  7  88  8  3  9  10  10  56  11  42  12  66  13  29  14  18
  0  46  1  46  2  81  3  69  4  52  5  96  6  16  7  29  8  31  9  82  10  87  11  4  12  76  13  78  14  66
  0  12  1  37  2  84  3  94  4  17  5  76  6  97  7  43  8  21  9  16  10  91  11  9  12  77  13  16  14  6
  0  43  1  39  2  2  3  36  4  8  5  55  6  42  7  79  8  85  9  70  10  18  11  78  12  17  13  86  14  65
  0  76  1  19  2  8  3  64  4  48  5  10  6  74  7  10  8  10  9  63  10  39  11  89  12  90  13  40  14  63
  0  50  1  23  2  88  3  24  4  38  5  15  6  9  7  60  8  26  9  65  10  17  11  12  12  83  13  62  14  59
  0  11  1  39  2  84  3  60  4  34  5  42  6  64  7  4  8  39  9  33  10  17  11  84  12  34  13  66  14  17
  0  80  1  40  2  54  3  90  4  16  5  69  6  23  7  58  8  46  9  23  10  92  11  29  12  63  13  59  14  43
  0  53  1  96  2  20  3  2  4  64  5  84  6  92  7  71  8  82  9  17  10  47  11  5  12  53  13  79  14  91
  0  72  1  42  2  64  3  19  4  80  5  8  6  10  7  36  8  43  9  42  10  87  11  22  12  25  13  21  14  60
  0  32  1  85  2  20  3  67  4  46  5  5  6  4  7  18  8  51  9  75  10  54  11  95  12  70  13  81  14  34
  0  98  1  16  2  5  3  84  4  85  5  2  6  24  7  2  8  88  9  47  10  7  11  43  12  9  13  75  14  98
  0  65  1  27  2  63  3  65  4  85  5  67  6  12  7  42  8  17  9  20  10  40  11  97  12  33  13  95  14  23
  0  13  1  47  2  79  3  21  4  30  5  19  6  94  7  80  8  31  9  23  10  1  11  91  12  44  13  42  14  94
  0  42  1  89  2  67  3  66  4  3  5  10  6  23  7  53  8  27  9  54  10  45  11  79  12  56  13  1  14  74
  0  80  1  55  2  44  3  60  4  39  5  38  6  84  7  69  8  1  9  35  10  87  11  52  12  31  13  22  14  2
  0  19  1  36  2  17  3  63  4  5  5  62  6  12  7  18  8  57  9  36  10  91  11  29  12  55  13  24  14  57
  0  70  1  35  2  20  3  58  4  18  5  15  6  79  7  11  8  78  9  11  10  68  11  35  12  28  13  94  14  93
  0  52  1  49  2  55  3  33  4  34  5  85  6  35  7  83  8  65  9  57  10  65  11  85  12  94  13  95  14  41
  0  9  1  66  2  9  3  73  4  92  5  62  6  69  7  31  8  85  9  96  10  87  11  70  12  23  13  38  14  31
  0  82  1  38  2  66  3  75  4  37  5  93  6  70  7  15  8  89  9  80  10  55  11  64  12  75  13  32  14  13
  0  33  1  23  2  24  3  72  4  42  5  48  6  84  7  36  8  30  9  5  10  22  11  68  12  61  13  28  14  47
  0  91  1  22  2  74  3  46  4  6  5  91  6  48  7  31  8  37  9  5  10  77  11  86  12  83  13  49  14  66
  0  59  1  15  2  60  3  49  4  92  5  26  6  14  7  21  8  89  9  87  10  28  11  8  12  41  13  12  14  18
  0  13  1  79  2  33  3  69  4  56  5  31  6  79  7  26  8  77  9  70  10  87  11  6  12  85  13  17  14  70
  0  90  1  69  2  12  3  54  4  46  5  92  6  70  7  42  8  89  9  55  10  11  11  63  12  84  13  89  14  73
  0  28  1  46  2  8  3  18  4  86  5  87  6  39  7  39  8  61  9  29  10  12  11  41  12  13  13  63  14  76
  0  71  1  48  2  36  3  68  4  90  5  78  6  4  7  52  8  46  9  2  10  54  11  15  12  56  13  49  14  18
  0  75  1  36  2  31  3  5  4  47  5  18  6  66  7  38  8  61  9  52  10  87  11  72  12  41  13  82  14  44
  0  16  1  86  2  31  3  61  4  7  5  96  6  55  7  20  8  89  9  57  10  40  11  47  12  14  13  66  14  45
  0  70  1  40  2  68  3  25  4  49  5  25  6  14  7  92  8  77  9  26  10  88  11  81  12  57  13  46  14  59
  0  40  1  50  2  1  3  34  4  61  5  72  6  90  7  40  8  24  9  2  10  8  11  58  12  8  13  86  14  93
  0  77  1  2  2  91  3  60  4  46  5  24  6  25  7  5  8  47  9  14  10  13  11  3  12  13  13  73  14  37
  0  60  1  58  2  69  3  40  4  48  5  10  6  9  7  54  8  49  9  37  10  69  11  37  12  7  13  37  14  34
  0  91  1  42  2  16  3  59  4  16  5  81  6  64  7  94  8  14  9  15  10  34  11  9  12  52  13  62  14  51
  0  6  1  55  2  49  3  33  4  31  5  62  6  84  7  81  8  5  9  96  10  13  11  76  12  26  13  27  14  79
  0  99  1  40  2  98  3  24  4  54  5  58  6  85  7  4  8  55  9  84  10  87  11  95  12  14  13  65  14  68
  0  48  1  49  2  88  3  5  4  61  5  80  6  96  7  2  8  31  9  95  10  61  11  2  12  80  13  97  14  84
  0  61  1  65  2  79  3  77  4  8  5  27  6  63  7  49  8  80  9  20  10  26  11  22  12  31  13  59  14  78
  0  28  1  20  2  47  3  77  4  67  5  41  6  71  7  98  8  42  9  86  10  5  11  73  12  75  13  86  14  24
  0  94  1  92  2  21  3  49  4  34  5  32  6  81  7  57  8  18  9  87  10  24  11  19  12  62  13  21  14  43
  0  84  1  71  2  98  3  55  4  89  5  35  6  19  7  87  8  71  9  86  10  54  11  80  12  17  13  12  14  24
  0  81  1  85  2  11  3  56  4  71  5  61  6  52  7  22  8  48  9  44  10  92  11  37  12  72  13  87  14  26
  0  75  1  35  2  25  3  86  4  37  5  14  6  54  7  44  8  51  9  27  10  72  11  46  12  25  13  87  14  76
  0  87  1  69  2  31  3  75  4  40  5  40  6  72  7  75  8  45  9  97  10  2  11  34  12  65  13  70  14  27
  0  5  1  55  2  64  3  35  4  1  5  70  6  62  7  23  8  63  9  58  10  7  11  10  12  9  13  78  14  57
  0  50  1  85  2  51  3  56  4  93  5  76  6  30  7  65  8  70  9  12  10  52  11  43  12  95  13  95  14  14
  0  68  1  23  2  46  3  63  4  46  5  82  6  5  7  20  8  48  9  96  10  85  11  53  12  62  13  49  14  34
  0  90  1  58  2  52  3  42  4  31  5  11  6  44  7  40  8  79  9  13  10  1  11  38  12  39  13  75  14  52
  0  19  1  18  2  18  3  38  4  81  5  43  6  66  7  35  8  99  9  84  10  31  11  42  12  33  13  33  14  24
  0  22  1  21  2  85  3  45  4  14  5  40  6  31  7  44  8  68  9  88  10  38  11  18  12  87  13  63  14  98
  0  43  1  55  2  10  3  59  4  15  5  88  6  79  7  61  8  51  9  59  10  17  11  65  12  99  13  52  14  65
  0  30  1  33  2  69  3  64  4  72  5  44  6  94  7  67  8  32  9  47  10  67  11  16  12  8  13  77  14  45
  0  44  1  49  2  29  3  52  4  99  5  22  6  63  7  29  8  98  9  62  10  9  11  39  12  60  13  15  14  4
  0  11  1  86  2  99  3  64  4  97  5  78  6  60  7  85  8  94  9  9  10  91  11  97  12  55  13  83  14  41
  0  44  1  76  2  82  3  37  4  47  5  56  6  37  7  90  8  73  9  52  10  96  11  67  12  32  13  72  14  3
  0  37  1  51  2  90  3  45  4  26  5  23  6  75  7  97  8  59  9  10  10  53  11  42  12  44  13  52  14  63
  0  27  1  43  2  29  3  72  4  25  5  33  6  46  7  43  8  91  9  50  10  64  11  91  12  26  13  74  14  94
TPM
  0  2546  1  2546  2  2546  3  2546  4  2546  5  2546  6  2546  7  2546  8  2546  9  2546  10  2546  11  2546  12  2546  13  2546  14  2546
PMT
  0  17  1  21  2  21  3  2  4  13  5  9  6  5  7  12  8  9  9  19  10  20  11  16  12  11  13  11  14  1
  0  13  1  9  2  12  3  17  4  1  5  4  6  16  7  9  8  2  9  14  10  14  11  22  12  16  13  5  14  8
  0  14  1  13  2  14  3  7  4  17  5  22  6  12  7  24  8  5  9  3  10  19  11  22  12  10  13  2  14  22
  0  21  1  12  2  6  3  6  4  6  5  8  6  21  7  18  8  10  9  18  10  10  11  23  12  9  13  24  14  2
  0  12  1  15  2  16  3  13  4  17  5  3  6  12  7  21  8  4  9  5  10  21  11  5  12  15  13  9  14  12
  0  1  1  10  2  7  3  13  4  17  5  2  6  23  7  20  8  17  9  3  10  7  11  23  12  24  13  8  14  16
  0  17  1  9  2  6  3  12  4  7  5  3  6  16  7  22  8  7  9  8  10  20  11  7  12  3  13  3  14  3
  0  7  1  7  2  5  3  23  4  8  5  13  6  20  7  15  8  19  9  9  10  22  11  17  12  16  13  20  14  13
  0  24  1  23  2  22  3  24  4  10  5  7  6  11  7  9  8  3  9  22  10  19  11  5  12  17  13  24  14  2
  0  13  1  5  2  1  3  23  4  9  5  20  6  14  7  15  8  9  9  23  10  14  11  14  12  12  13  21  14  5
  0  8  1  5  2  22  3  23  4  15  5  14  6  5  7  7  8  24  9  5  10  22  11  1  12  24  13  3  14  19
  0  14  1  6  2  12  3  10  4  4  5  17  6  10  7  19  8  13  9  19  10  20  11  5  12  21  13  13  14  2
  0  22  1  3  2  20  3  11  4  17  5  14  6  17  7  18  8  9  9  18  10  12  11  7  12  23  13  24  14  17
  0  2  1  3  2  16  3  7  4  8  5  22  6  11  7  17  8  7  9  23  10  16  11  18  12  14  13  15  14  23
  0  24  1  20  2  24  3  1  4  22  5  1  6  15  7  23  8  6  9  6  10  23  11  20  12  6  13  5  14  9
  0  3  1  23  2  21  3  12  4  9  5  4  6  20  7  13  8  22  9  6  10  1  11  19  12  10  13  21  14  21
  0  14  1  19  2  2  3  9  4  4  5  2  6  10  7  2  8  14  9  9  10  3  11  22  12  9  13  16  14  9
  0  7  1  9  2  11  3  13  4  17  5  16  6  7  7  2  8  22  9  17  10  15  11  13  12  18  13  7  14  2
  0  12  1  18  2  18  3  24  4  11  5  3  6  7  7  19  8  11  9  23  10  1  11  10  12  10  13  15  14  12
  0  10  1  18  2  19  3  8  4  19  5  13  6  12  7  7  8  10  9  14  10  23  11  13  12  1  13  21  14  15
