500  5
  0  19  1  88  2  21  3  93  4  78
  0  97  1  65  2  3  3  6  4  75
  0  29  1  37  2  56  3  66  4  51
  0  46  1  60  2  2  3  61  4  72
  0  25  1  35  2  89  3  1  4  97
  0  69  1  61  2  87  3  11  4  1
  0  13  1  21  2  62  3  55  4  98
  0  5  1  27  2  35  3  75  4  57
  0  78  1  70  2  83  3  2  4  71
  0  48  1  73  2  50  3  34  4  79
  0  40  1  36  2  43  3  7  4  48
  0  35  1  97  2  73  3  83  4  76
  0  6  1  10  2  62  3  50  4  60
  0  97  1  60  2  41  3  65  4  24
  0  67  1  56  2  19  3  39  4  77
  0  36  1  96  2  70  3  47  4  49
  0  76  1  67  2  16  3  13  4  86
  0  71  1  43  2  99  3  87  4  36
  0  19  1  19  2  15  3  50  4  59
  0  76  1  30  2  31  3  67  4  60
  0  70  1  88  2  55  3  95  4  1
  0  86  1  30  2  74  3  86  4  43
  0  8  1  60  2  56  3  51  4  98
  0  99  1  22  2  12  3  71  4  17
  0  72  1  9  2  9  3  59  4  60
  0  63  1  1  2  17  3  43  4  60
  0  32  1  48  2  52  3  19  4  69
  0  75  1  6  2  59  3  56  4  27
  0  78  1  89  2  61  3  50  4  1
  0  3  1  48  2  20  3  51  4  73
  0  50  1  13  2  60  3  80  4  89
  0  23  1  44  2  6  3  52  4  39
  0  31  1  78  2  7  3  16  4  54
  0  67  1  63  2  96  3  23  4  41
  0  66  1  79  2  92  3  48  4  84
  0  38  1  95  2  86  3  64  4  22
  0  10  1  66  2  19  3  12  4  71
  0  81  1  94  2  9  3  54  4  47
  0  49  1  64  2  83  3  69  4  92
  0  99  1  52  2  51  3  10  4  59
  0  49  1  56  2  64  3  95  4  31
  0  70  1  24  2  96  3  82  4  54
  0  96  1  82  2  65  3  64  4  33
  0  43  1  31  2  78  3  52  4  92
  0  58  1  69  2  1  3  64  4  47
  0  3  1  35  2  65  3  55  4  52
  0  3  1  68  2  90  3  66  4  50
  0  15  1  79  2  22  3  96  4  47
  0  64  1  47  2  37  3  4  4  17
  0  7  1  72  2  35  3  73  4  80
  0  83  1  29  2  10  3  73  4  82
  0  63  1  26  2  40  3  24  4  4
  0  4  1  14  2  54  3  29  4  60
  0  73  1  22  2  53  3  8  4  83
  0  90  1  64  2  97  3  94  4  25
  0  15  1  97  2  94  3  36  4  18
  0  40  1  32  2  8  3  46  4  43
  0  69  1  42  2  34  3  83  4  31
  0  96  1  30  2  73  3  47  4  99
  0  46  1  76  2  18  3  68  4  3
  0  66  1  48  2  61  3  74  4  99
  0  17  1  42  2  72  3  73  4  94
  0  42  1  26  2  79  3  18  4  39
  0  50  1  76  2  83  3  97  4  5
  0  39  1  14  2  32  3  90  4  71
  0  24  1  91  2  30  3  70  4  80
  0  77  1  35  2  89  3  25  4  39
  0  54  1  44  2  22  3  20  4  57
  0  43  1  36  2  30  3  91  4  51
  0  64  1  86  2  24  3  9  4  56
  0  37  1  54  2  71  3  18  4  59
  0  55  1  37  2  83  3  6  4  89
  0  76  1  79  2  30  3  93  4  93
  0  35  1  22  2  33  3  63  4  6
  0  30  1  78  2  38  3  16  4  59
  0  51  1  19  2  33  3  54  4  26
  0  25  1  41  2  20  3  10  4  16
  0  58  1  49  2  20  3  43  4  26
  0  37  1  36  2  40  3  72  4  3
  0  2  1  79  2  16  3  76  4  89
  0  47  1  57  2  94  3  71  4  22
  0  90  1  11  2  41  3  56  4  28
  0  41  1  93  2  90  3  8  4  73
  0  55  1  66  2  42  3  20  4  10
  0  94  1  16  2  98  3  82  4  12
  0  57  1  69  2  59  3  28  4  17
  0  44  1  58  2  43  3  50  4  76
  0  98  1  92  2  82  3  83  4  1
  0  43  1  89  2  43  3  37  4  55
  0  37  1  96  2  21  3  74  4  63
  0  32  1  74  2  32  3  85  4  28
  0  43  1  52  2  68  3  95  4  40
  0  6  1  3  2  32  3  22  4  56
  0  49  1  86  2  47  3  79  4  79
  0  98  1  69  2  69  3  97  4  50
  0  47  1  50  2  27  3  60  4  93
  0  49  1  7  2  94  3  90  4  24
  0  26  1  80  2  34  3  28  4  82
  0  45  1  97  2  61  3  51  4  22
  0  15  1  50  2  9  3  80  4  34
  0  44  1  32  2  96  3  89  4  31
  0  73  1  48  2  87  3  89  4  85
  0  4  1  7  2  58  3  46  4  61
  0  61  1  76  2  96  3  31  4  73
  0  16  1  13  2  76  3  60  4  25
  0  55  1  61  2  25  3  45  4  71
  0  59  1  99  2  84  3  54  4  40
  0  5  1  31  2  75  3  18  4  2
  0  70  1  40  2  35  3  50  4  26
  0  42  1  29  2  16  3  26  4  18
  0  76  1  79  2  98  3  13  4  44
  0  33  1  10  2  21  3  71  4  89
  0  22  1  67  2  68  3  12  4  26
  0  25  1  8  2  59  3  83  4  99
  0  35  1  8  2  74  3  27  4  37
  0  61  1  35  2  47  3  43  4  13
  0  41  1  77  2  34  3  72  4  66
  0  75  1  94  2  98  3  14  4  70
  0  43  1  98  2  15  3  19  4  1
  0  66  1  32  2  87  3  5  4  1
  0  7  1  85  2  71  3  99  4  64
  0  99  1  59  2  32  3  26  4  2
  0  91  1  33  2  26  3  23  4  40
  0  76  1  18  2  30  3  74  4  14
  0  16  1  37  2  36  3  93  4  20
  0  36  1  90  2  83  3  94  4  48
  0  50  1  75  2  29  3  7  4  93
  0  50  1  85  2  25  3  23  4  4
  0  98  1  34  2  10  3  86  4  15
  0  70  1  51  2  14  3  60  4  49
  0  21  1  16  2  78  3  69  4  83
  0  68  1  88  2  17  3  22  4  11
  0  41  1  79  2  87  3  35  4  86
  0  78  1  64  2  8  3  66  4  82
  0  19  1  70  2  7  3  62  4  77
  0  11  1  75  2  95  3  47  4  10
  0  8  1  41  2  70  3  14  4  46
  0  30  1  84  2  65  3  31  4  49
  0  22  1  25  2  32  3  14  4  80
  0  28  1  21  2  56  3  41  4  96
  0  19  1  69  2  8  3  76  4  66
  0  96  1  19  2  67  3  10  4  43
  0  23  1  92  2  83  3  55  4  53
  0  96  1  47  2  96  3  11  4  83
  0  16  1  11  2  63  3  24  4  59
  0  53  1  11  2  10  3  84  4  31
  0  76  1  19  2  36  3  92  4  24
  0  20  1  49  2  31  3  4  4  45
  0  51  1  17  2  99  3  89  4  16
  0  78  1  93  2  30  3  92  4  60
  0  7  1  68  2  68  3  67  4  63
  0  37  1  46  2  58  3  82  4  33
  0  36  1  37  2  18  3  51  4  97
  0  75  1  67  2  49  3  83  4  51
  0  50  1  60  2  65  3  88  4  14
  0  31  1  43  2  37  3  13  4  53
  0  74  1  26  2  82  3  19  4  72
  0  74  1  85  2  19  3  53  4  58
  0  20  1  54  2  42  3  44  4  10
  0  49  1  60  2  55  3  12  4  63
  0  57  1  33  2  17  3  55  4  52
  0  92  1  25  2  49  3  12  4  97
  0  27  1  85  2  70  3  11  4  22
  0  87  1  68  2  75  3  38  4  48
  0  69  1  43  2  65  3  30  4  77
  0  62  1  89  2  43  3  69  4  83
  0  99  1  15  2  16  3  40  4  11
  0  99  1  45  2  26  3  12  4  76
  0  74  1  65  2  47  3  21  4  40
  0  50  1  76  2  75  3  56  4  5
  0  76  1  34  2  20  3  68  4  84
  0  21  1  24  2  42  3  92  4  40
  0  49  1  24  2  44  3  6  4  63
  0  25  1  83  2  87  3  7  4  52
  0  74  1  48  2  92  3  82  4  81
  0  31  1  23  2  90  3  71  4  37
  0  93  1  83  2  99  3  9  4  59
  0  54  1  61  2  85  3  71  4  70
  0  48  1  26  2  9  3  57  4  28
  0  91  1  59  2  30  3  32  4  42
  0  37  1  96  2  32  3  99  4  36
  0  33  1  30  2  61  3  46  4  92
  0  99  1  77  2  93  3  25  4  50
  0  33  1  77  2  83  3  1  4  87
  0  20  1  76  2  79  3  61  4  38
  0  75  1  6  2  78  3  22  4  85
  0  98  1  12  2  65  3  50  4  25
  0  70  1  80  2  38  3  90  4  37
  0  17  1  32  2  24  3  53  4  30
  0  27  1  20  2  94  3  96  4  5
  0  28  1  89  2  72  3  25  4  8
  0  81  1  12  2  86  3  2  4  25
  0  29  1  11  2  71  3  72  4  55
  0  68  1  14  2  98  3  12  4  59
  0  55  1  59  2  24  3  98  4  79
  0  74  1  32  2  81  3  44  4  6
  0  72  1  28  2  88  3  58  4  45
  0  23  1  48  2  2  3  87  4  12
  0  10  1  39  2  15  3  17  4  82
  0  24  1  3  2  69  3  78  4  27
  0  21  1  97  2  14  3  4  4  42
  0  94  1  71  2  99  3  89  4  66
  0  2  1  8  2  90  3  29  4  49
  0  58  1  57  2  14  3  11  4  13
  0  4  1  86  2  93  3  81  4  71
  0  99  1  10  2  95  3  38  4  35
  0  22  1  95  2  10  3  90  4  48
  0  26  1  27  2  39  3  73  4  42
  0  47  1  48  2  21  3  66  4  73
  0  49  1  94  2  59  3  40  4  81
  0  3  1  81  2  82  3  60  4  90
  0  66  1  47  2  48  3  77  4  42
  0  22  1  14  2  62  3  49  4  85
  0  17  1  37  2  54  3  18  4  61
  0  31  1  63  2  10  3  84  4  70
  0  75  1  73  2  91  3  33  4  32
  0  29  1  49  2  23  3  50  4  30
  0  96  1  4  2  56  3  52  4  38
  0  53  1  46  2  49  3  14  4  44
  0  35  1  65  2  94  3  55  4  96
  0  35  1  10  2  60  3  79  4  39
  0  22  1  67  2  53  3  76  4  23
  0  89  1  45  2  69  3  78  4  70
  0  40  1  34  2  73  3  10  4  68
  0  50  1  34  2  53  3  14  4  48
  0  13  1  28  2  98  3  71  4  79
  0  69  1  36  2  83  3  41  4  46
  0  56  1  53  2  93  3  74  4  48
  0  1  1  76  2  12  3  74  4  15
  0  70  1  35  2  47  3  64  4  82
  0  55  1  68  2  66  3  90  4  35
  0  80  1  77  2  48  3  96  4  90
  0  36  1  66  2  47  3  33  4  51
  0  31  1  44  2  12  3  31  4  25
  0  97  1  31  2  99  3  48  4  67
  0  93  1  25  2  64  3  5  4  46
  0  76  1  29  2  55  3  74  4  79
  0  53  1  4  2  8  3  32  4  24
  0  52  1  59  2  98  3  90  4  46
  0  24  1  7  2  67  3  82  4  16
  0  6  1  29  2  89  3  3  4  56
  0  96  1  44  2  79  3  67  4  40
  0  62  1  84  2  6  3  33  4  96
  0  59  1  31  2  51  3  10  4  82
  0  37  1  6  2  18  3  58  4  6
  0  25  1  22  2  21  3  5  4  50
  0  57  1  89  2  72  3  6  4  49
  0  87  1  88  2  48  3  50  4  8
  0  19  1  16  2  85  3  90  4  71
  0  28  1  36  2  43  3  16  4  9
  0  48  1  20  2  50  3  26  4  37
  0  40  1  14  2  83  3  26  4  15
  0  79  1  97  2  34  3  5  4  80
  0  48  1  17  2  40  3  47  4  89
  0  14  1  59  2  64  3  47  4  46
  0  66  1  76  2  62  3  2  4  99
  0  89  1  35  2  59  3  60  4  64
  0  79  1  73  2  60  3  84  4  16
  0  3  1  70  2  50  3  38  4  52
  0  86  1  39  2  36  3  83  4  38
  0  14  1  72  2  83  3  15  4  94
  0  32  1  15  2  91  3  5  4  98
  0  89  1  54  2  64  3  30  4  30
  0  70  1  4  2  25  3  10  4  74
  0  88  1  14  2  93  3  32  4  19
  0  17  1  19  2  11  3  14  4  39
  0  82  1  86  2  6  3  15  4  28
  0  57  1  9  2  4  3  53  4  23
  0  24  1  12  2  68  3  82  4  11
  0  82  1  90  2  45  3  25  4  86
  0  50  1  42  2  6  3  8  4  35
  0  19  1  67  2  90  3  11  4  4
  0  30  1  15  2  90  3  20  4  69
  0  95  1  37  2  68  3  15  4  39
  0  22  1  91  2  85  3  92  4  76
  0  13  1  57  2  70  3  19  4  4
  0  18  1  51  2  21  3  23  4  21
  0  65  1  58  2  25  3  65  4  32
  0  77  1  45  2  67  3  10  4  34
  0  95  1  88  2  59  3  21  4  37
  0  28  1  49  2  73  3  8  4  22
  0  45  1  22  2  26  3  88  4  61
  0  36  1  94  2  7  3  70  4  65
  0  77  1  28  2  94  3  91  4  25
  0  60  1  28  2  37  3  65  4  68
  0  62  1  82  2  98  3  75  4  16
  0  8  1  47  2  70  3  87  4  59
  0  56  1  49  2  86  3  83  4  52
  0  49  1  10  2  9  3  91  4  45
  0  59  1  48  2  69  3  29  4  43
  0  56  1  66  2  86  3  78  4  78
  0  46  1  30  2  96  3  49  4  41
  0  78  1  36  2  49  3  89  4  73
  0  46  1  23  2  1  3  67  4  51
  0  11  1  74  2  40  3  61  4  51
  0  93  1  23  2  98  3  55  4  62
  0  35  1  96  2  70  3  76  4  57
  0  96  1  61  2  22  3  6  4  28
  0  95  1  62  2  76  3  58  4  15
  0  53  1  76  2  54  3  6  4  78
  0  57  1  84  2  22  3  27  4  21
  0  50  1  19  2  28  3  60  4  31
  0  93  1  23  2  62  3  79  4  47
  0  55  1  73  2  13  3  15  4  76
  0  11  1  59  2  27  3  26  4  83
  0  81  1  96  2  30  3  25  4  81
  0  43  1  7  2  84  3  47  4  8
  0  95  1  9  2  99  3  17  4  47
  0  13  1  64  2  87  3  19  4  36
  0  57  1  93  2  82  3  14  4  68
  0  38  1  47  2  16  3  82  4  94
  0  25  1  43  2  70  3  5  4  15
  0  73  1  38  2  65  3  75  4  95
  0  13  1  28  2  19  3  78  4  22
  0  93  1  33  2  65  3  70  4  83
  0  18  1  90  2  33  3  14  4  14
  0  43  1  20  2  3  3  23  4  49
  0  81  1  93  2  77  3  35  4  55
  0  71  1  1  2  84  3  70  4  98
  0  55  1  21  2  70  3  13  4  84
  0  62  1  19  2  41  3  90  4  39
  0  85  1  49  2  92  3  65  4  47
  0  7  1  80  2  8  3  38  4  48
  0  42  1  97  2  26  3  66  4  26
  0  69  1  29  2  48  3  84  4  27
  0  66  1  65  2  89  3  72  4  23
  0  62  1  34  2  52  3  78  4  1
  0  52  1  86  2  9  3  70  4  14
  0  10  1  83  2  67  3  90  4  37
  0  7  1  85  2  97  3  6  4  75
  0  98  1  44  2  90  3  46  4  7
  0  64  1  78  2  50  3  82  4  1
  0  48  1  87  2  48  3  59  4  95
  0  82  1  55  2  79  3  91  4  5
  0  55  1  56  2  81  3  60  4  83
  0  30  1  44  2  27  3  95  4  32
  0  76  1  79  2  23  3  29  4  75
  0  31  1  40  2  41  3  26  4  88
  0  60  1  86  2  26  3  93  4  12
  0  4  1  98  2  98  3  35  4  56
  0  73  1  1  2  30  3  94  4  43
  0  39  1  41  2  60  3  23  4  9
  0  31  1  39  2  69  3  75  4  18
  0  6  1  33  2  65  3  60  4  14
  0  61  1  84  2  9  3  22  4  66
  0  86  1  63  2  63  3  25  4  84
  0  15  1  97  2  82  3  89  4  45
  0  7  1  67  2  16  3  21  4  18
  0  52  1  80  2  12  3  65  4  2
  0  90  1  4  2  24  3  6  4  1
  0  1  1  87  2  85  3  81  4  29
  0  59  1  14  2  26  3  86  4  84
  0  97  1  86  2  15  3  40  4  4
  0  28  1  66  2  70  3  35  4  31
  0  96  1  20  2  91  3  83  4  31
  0  8  1  49  2  40  3  50  4  61
  0  68  1  49  2  16  3  64  4  9
  0  61  1  19  2  26  3  96  4  83
  0  33  1  65  2  95  3  40  4  2
  0  52  1  51  2  34  3  82  4  65
  0  34  1  59  2  40  3  55  4  85
  0  71  1  50  2  18  3  47  4  31
  0  71  1  23  2  30  3  87  4  77
  0  51  1  47  2  45  3  72  4  26
  0  24  1  48  2  24  3  56  4  56
  0  69  1  86  2  24  3  77  4  93
  0  4  1  73  2  58  3  17  4  17
  0  92  1  60  2  14  3  3  4  93
  0  84  1  57  2  23  3  39  4  30
  0  59  1  80  2  55  3  25  4  93
  0  79  1  40  2  88  3  18  4  54
  0  58  1  74  2  89  3  24  4  76
  0  61  1  55  2  58  3  79  4  13
  0  58  1  89  2  76  3  24  4  94
  0  90  1  88  2  13  3  1  4  12
  0  66  1  44  2  67  3  39  4  85
  0  74  1  5  2  22  3  27  4  65
  0  11  1  85  2  26  3  4  4  3
  0  16  1  53  2  21  3  31  4  95
  0  65  1  9  2  78  3  13  4  27
  0  69  1  10  2  88  3  8  4  37
  0  34  1  85  2  88  3  75  4  81
  0  88  1  53  2  37  3  19  4  80
  0  20  1  14  2  54  3  51  4  62
  0  55  1  1  2  11  3  27  4  2
  0  95  1  85  2  20  3  65  4  9
  0  40  1  43  2  71  3  71  4  40
  0  5  1  23  2  20  3  40  4  18
  0  66  1  36  2  82  3  69  4  59
  0  12  1  29  2  30  3  74  4  92
  0  56  1  25  2  96  3  64  4  99
  0  97  1  85  2  92  3  19  4  29
  0  8  1  22  2  19  3  97  4  86
  0  4  1  57  2  86  3  92  4  8
  0  13  1  88  2  87  3  29  4  96
  0  48  1  96  2  2  3  38  4  44
  0  70  1  82  2  73  3  20  4  56
  0  64  1  20  2  88  3  84  4  25
  0  5  1  83  2  72  3  29  4  90
  0  41  1  56  2  47  3  27  4  14
  0  28  1  37  2  91  3  65  4  43
  0  20  1  27  2  4  3  15  4  42
  0  72  1  27  2  11  3  95  4  48
  0  9  1  16  2  59  3  55  4  52
  0  47  1  60  2  73  3  74  4  2
  0  80  1  93  2  2  3  4  4  54
  0  1  1  94  2  64  3  37  4  7
  0  39  1  71  2  37  3  89  4  55
  0  83  1  29  2  93  3  19  4  82
  0  17  1  94  2  1  3  20  4  96
  0  33  1  67  2  50  3  33  4  78
  0  93  1  46  2  64  3  61  4  81
  0  34  1  92  2  6  3  90  4  1
  0  26  1  32  2  25  3  43  4  68
  0  20  1  19  2  82  3  95  4  56
  0  35  1  59  2  46  3  97  4  58
  0  67  1  15  2  27  3  38  4  7
  0  39  1  88  2  35  3  62  4  10
  0  23  1  62  2  37  3  45  4  36
  0  17  1  89  2  8  3  89  4  66
  0  61  1  67  2  74  3  16  4  98
  0  15  1  12  2  71  3  96  4  97
  0  13  1  96  2  16  3  40  4  56
  0  96  1  60  2  40  3  97  4  95
  0  18  1  83  2  1  3  99  4  84
  0  5  1  58  2  37  3  42  4  81
  0  47  1  34  2  61  3  54  4  30
  0  66  1  27  2  98  3  8  4  97
  0  32  1  98  2  65  3  81  4  81
  0  86  1  84  2  99  3  90  4  60
  0  16  1  71  2  85  3  92  4  16
  0  28  1  29  2  84  3  7  4  68
  0  29  1  30  2  15  3  23  4  14
  0  8  1  84  2  94  3  70  4  97
  0  85  1  59  2  86  3  89  4  51
  0  28  1  36  2  58  3  22  4  33
  0  6  1  88  2  75  3  61  4  47
  0  82  1  80  2  57  3  10  4  5
  0  87  1  77  2  76  3  28  4  50
  0  56  1  19  2  76  3  54  4  25
  0  39  1  1  2  82  3  79  4  63
  0  28  1  38  2  8  3  13  4  51
  0  22  1  8  2  49  3  77  4  31
  0  66  1  92  2  36  3  7  4  72
  0  45  1  6  2  78  3  84  4  70
  0  39  1  55  2  84  3  11  4  69
  0  77  1  83  2  51  3  39  4  30
  0  59  1  50  2  82  3  60  4  38
  0  1  1  45  2  85  3  60  4  97
  0  45  1  53  2  88  3  19  4  78
  0  98  1  38  2  40  3  38  4  25
  0  60  1  53  2  13  3  78  4  82
  0  58  1  60  2  13  3  97  4  33
  0  79  1  56  2  74  3  15  4  37
  0  26  1  93  2  44  3  14  4  57
  0  57  1  60  2  72  3  36  4  30
  0  31  1  71  2  56  3  94  4  78
  0  68  1  45  2  28  3  26  4  93
  0  13  1  52  2  60  3  88  4  38
  0  96  1  19  2  29  3  84  4  78
  0  10  1  89  2  12  3  95  4  50
  0  16  1  29  2  86  3  76  4  5
  0  92  1  97  2  41  3  17  4  76
  0  56  1  30  2  75  3  25  4  61
  0  46  1  9  2  95  3  24  4  51
  0  54  1  51  2  12  3  49  4  34
  0  34  1  99  2  70  3  53  4  66
  0  20  1  80  2  3  3  35  4  68
  0  23  1  50  2  58  3  96  4  70
  0  56  1  49  2  16  3  44  4  54
  0  24  1  86  2  32  3  79  4  12
  0  53  1  95  2  26  3  72  4  75
  0  75  1  79  2  17  3  44  4  14
  0  53  1  7  2  93  3  55  4  13
  0  58  1  44  2  6  3  83  4  85
  0  36  1  48  2  67  3  60  4  44
  0  57  1  13  2  67  3  81  4  56
  0  13  1  89  2  22  3  91  4  33
  0  40  1  21  2  53  3  90  4  44
  0  95  1  41  2  30  3  20  4  94
  0  53  1  72  2  25  3  85  4  64
  0  41  1  49  2  25  3  9  4  71
  0  93  1  86  2  85  3  73  4  56
  0  73  1  51  2  7  3  4  4  39
  0  71  1  70  2  14  3  84  4  49
  0  30  1  18  2  13  3  35  4  36
  0  66  1  51  2  9  3  99  4  7
  0  89  1  72  2  25  3  44  4  75
  0  97  1  25  2  24  3  65  4  28
  0  72  1  58  2  44  3  7  4  48
  0  72  1  40  2  99  3  95  4  74
  0  4  1  35  2  99  3  39  4  31
  0  63  1  42  2  73  3  46  4  16
  0  2  1  20  2  80  3  35  4  1
  0  85  1  99  2  66  3  25  4  26
  0  79  1  68  2  59  3  12  4  25
  0  69  1  11  2  62  3  86  4  72
  0  31  1  22  2  16  3  92  4  42
  0  3  1  62  2  72  3  29  4  41
  0  12  1  28  2  70  3  29  4  8
TPM
  0  2546  1  2546  2  2546  3  2546  4  2546
PMT
  0  113  1  120  2  12  3  17  4  93
  0  10  1  80  2  6  3  88  4  122
  0  32  1  124  2  58  3  76  4  103
  0  83  1  25  2  81  3  95  4  77
  0  12  1  46  2  122  3  120  4  119
  0  117  1  48  2  41  3  64  4  116
  0  50  1  60  2  15  3  10  4  87
  0  38  1  112  2  60  3  5  4  115
  0  105  1  86  2  100  3  5  4  1
  0  64  1  111  2  119  3  7  4  58
  0  98  1  104  2  103  3  6  4  15
  0  123  1  59  2  58  3  6  4  56
  0  70  1  51  2  9  3  6  4  1
  0  115  1  56  2  87  3  110  4  76
  0  4  1  90  2  49  3  79  4  33
  0  29  1  65  2  32  3  102  4  19
  0  29  1  114  2  112  3  30  4  21
  0  5  1  31  2  13  3  31  4  15
  0  62  1  43  2  81  3  95  4  36
  0  10  1  118  2  88  3  37  4  64
