500  15
  0  81  1  14  2  28  3  92  4  4  5  91  6  22  7  80  8  30  9  60  10  46  11  46  12  68  13  77  14  16
  0  69  1  18  2  25  3  80  4  81  5  43  6  24  7  6  8  50  9  30  10  21  11  68  12  6  13  63  14  93
  0  19  1  48  2  14  3  8  4  24  5  1  6  32  7  18  8  85  9  83  10  94  11  78  12  88  13  38  14  30
  0  38  1  49  2  18  3  31  4  4  5  46  6  16  7  50  8  9  9  57  10  17  11  89  12  33  13  40  14  84
  0  75  1  44  2  33  3  9  4  57  5  56  6  54  7  93  8  75  9  37  10  31  11  52  12  86  13  11  14  85
  0  34  1  43  2  19  3  67  4  13  5  67  6  57  7  94  8  94  9  57  10  88  11  45  12  43  13  32  14  5
  0  35  1  17  2  80  3  87  4  40  5  70  6  93  7  90  8  69  9  65  10  82  11  39  12  90  13  91  14  13
  0  24  1  64  2  96  3  5  4  38  5  48  6  69  7  96  8  75  9  60  10  36  11  45  12  98  13  25  14  44
  0  29  1  34  2  36  3  65  4  78  5  62  6  14  7  38  8  32  9  9  10  41  11  10  12  13  13  53  14  93
  0  80  1  60  2  1  3  18  4  38  5  70  6  2  7  10  8  33  9  22  10  13  11  1  12  60  13  99  14  12
  0  47  1  14  2  36  3  34  4  98  5  44  6  28  7  92  8  72  9  42  10  19  11  72  12  60  13  23  14  32
  0  46  1  63  2  77  3  2  4  35  5  12  6  23  7  49  8  6  9  21  10  71  11  79  12  85  13  91  14  89
  0  17  1  38  2  60  3  24  4  91  5  34  6  49  7  18  8  45  9  94  10  80  11  42  12  31  13  4  14  38
  0  2  1  14  2  23  3  20  4  15  5  91  6  39  7  83  8  69  9  12  10  35  11  93  12  82  13  39  14  76
  0  31  1  45  2  98  3  30  4  5  5  19  6  16  7  75  8  83  9  6  10  2  11  73  12  46  13  22  14  78
  0  94  1  9  2  44  3  39  4  31  5  77  6  3  7  67  8  34  9  38  10  43  11  85  12  64  13  82  14  87
  0  2  1  32  2  37  3  53  4  56  5  77  6  18  7  24  8  13  9  13  10  68  11  75  12  29  13  21  14  26
  0  92  1  5  2  95  3  25  4  52  5  98  6  53  7  45  8  28  9  48  10  59  11  51  12  65  13  55  14  55
  0  92  1  37  2  2  3  62  4  46  5  39  6  7  7  9  8  32  9  38  10  68  11  17  12  39  13  46  14  18
  0  22  1  18  2  92  3  85  4  26  5  57  6  26  7  87  8  14  9  28  10  52  11  37  12  66  13  71  14  7
  0  64  1  61  2  70  3  6  4  6  5  40  6  17  7  31  8  77  9  92  10  75  11  37  12  53  13  71  14  3
  0  91  1  13  2  45  3  69  4  85  5  30  6  65  7  1  8  71  9  14  10  75  11  28  12  17  13  21  14  21
  0  14  1  89  2  13  3  22  4  9  5  97  6  16  7  6  8  27  9  58  10  2  11  36  12  71  13  74  14  19
  0  74  1  37  2  34  3  20  4  54  5  70  6  61  7  79  8  59  9  68  10  90  11  87  12  39  13  39  14  38
  0  67  1  4  2  67  3  88  4  60  5  68  6  46  7  41  8  64  9  59  10  75  11  51  12  21  13  83  14  37
  0  79  1  98  2  37  3  88  4  49  5  2  6  96  7  56  8  39  9  8  10  17  11  93  12  92  13  31  14  46
  0  54  1  7  2  27  3  7  4  88  5  29  6  22  7  20  8  66  9  91  10  16  11  67  12  82  13  42  14  85
  0  23  1  86  2  58  3  13  4  86  5  77  6  62  7  77  8  12  9  9  10  62  11  23  12  12  13  32  14  85
  0  71  1  76  2  57  3  94  4  35  5  40  6  6  7  88  8  72  9  84  10  98  11  32  12  69  13  61  14  85
  0  65  1  52  2  77  3  30  4  93  5  59  6  62  7  88  8  53  9  26  10  28  11  54  12  99  13  64  14  81
  0  56  1  77  2  46  3  48  4  32  5  45  6  8  7  25  8  18  9  96  10  43  11  59  12  17  13  70  14  57
  0  36  1  45  2  57  3  86  4  10  5  71  6  44  7  24  8  19  9  83  10  50  11  82  12  61  13  65  14  51
  0  5  1  28  2  62  3  80  4  98  5  20  6  55  7  83  8  45  9  98  10  92  11  32  12  25  13  31  14  40
  0  43  1  42  2  48  3  41  4  53  5  61  6  23  7  9  8  47  9  71  10  25  11  88  12  36  13  41  14  18
  0  58  1  38  2  50  3  15  4  64  5  8  6  81  7  88  8  97  9  6  10  30  11  10  12  69  13  28  14  64
  0  74  1  34  2  11  3  23  4  21  5  74  6  92  7  57  8  58  9  39  10  13  11  50  12  61  13  4  14  42
  0  54  1  93  2  96  3  12  4  38  5  74  6  98  7  73  8  53  9  89  10  28  11  89  12  28  13  24  14  56
  0  68  1  67  2  56  3  9  4  62  5  28  6  42  7  64  8  17  9  63  10  97  11  52  12  31  13  93  14  26
  0  98  1  52  2  29  3  71  4  87  5  48  6  41  7  97  8  20  9  93  10  82  11  98  12  10  13  86  14  85
  0  19  1  34  2  87  3  97  4  27  5  20  6  13  7  20  8  61  9  52  10  66  11  75  12  58  13  33  14  66
  0  16  1  28  2  13  3  5  4  35  5  26  6  83  7  51  8  62  9  43  10  5  11  85  12  44  13  30  14  1
  0  26  1  36  2  87  3  53  4  72  5  75  6  32  7  67  8  4  9  95  10  92  11  98  12  84  13  97  14  1
  0  62  1  62  2  13  3  92  4  56  5  85  6  95  7  17  8  84  9  51  10  39  11  34  12  50  13  69  14  21
  0  36  1  54  2  12  3  91  4  37  5  32  6  61  7  79  8  2  9  97  10  4  11  81  12  16  13  86  14  17
  0  43  1  22  2  17  3  37  4  66  5  58  6  10  7  33  8  93  9  97  10  33  11  3  12  41  13  54  14  71
  0  65  1  5  2  10  3  19  4  26  5  50  6  85  7  62  8  44  9  47  10  56  11  3  12  8  13  40  14  74
  0  17  1  9  2  30  3  58  4  68  5  84  6  39  7  78  8  23  9  39  10  70  11  8  12  20  13  91  14  70
  0  55  1  6  2  94  3  93  4  81  5  39  6  28  7  89  8  70  9  4  10  62  11  73  12  7  13  19  14  36
  0  64  1  73  2  12  3  10  4  87  5  86  6  82  7  77  8  77  9  19  10  17  11  46  12  23  13  76  14  77
  0  25  1  62  2  49  3  12  4  82  5  94  6  23  7  54  8  52  9  72  10  39  11  88  12  9  13  9  14  52
  0  29  1  37  2  81  3  85  4  13  5  68  6  51  7  22  8  23  9  63  10  8  11  59  12  82  13  46  14  9
  0  23  1  86  2  40  3  84  4  16  5  65  6  53  7  22  8  43  9  99  10  10  11  45  12  55  13  18  14  28
  0  64  1  79  2  59  3  84  4  50  5  45  6  84  7  37  8  63  9  17  10  47  11  68  12  44  13  96  14  83
  0  86  1  42  2  54  3  72  4  98  5  39  6  96  7  65  8  34  9  96  10  90  11  5  12  89  13  34  14  94
  0  62  1  16  2  8  3  66  4  83  5  80  6  64  7  51  8  9  9  66  10  75  11  66  12  6  13  92  14  79
  0  39  1  49  2  62  3  93  4  66  5  5  6  91  7  59  8  96  9  30  10  54  11  51  12  52  13  95  14  55
  0  51  1  48  2  65  3  20  4  65  5  79  6  19  7  51  8  48  9  67  10  88  11  13  12  46  13  1  14  49
  0  14  1  91  2  9  3  82  4  23  5  93  6  46  7  98  8  33  9  12  10  87  11  97  12  43  13  21  14  55
  0  92  1  49  2  88  3  21  4  39  5  40  6  20  7  72  8  28  9  52  10  59  11  20  12  48  13  31  14  43
  0  92  1  20  2  87  3  40  4  43  5  57  6  68  7  29  8  67  9  17  10  66  11  94  12  4  13  27  14  33
  0  53  1  65  2  12  3  88  4  24  5  33  6  65  7  27  8  13  9  90  10  22  11  63  12  88  13  2  14  32
  0  77  1  40  2  51  3  56  4  43  5  67  6  93  7  15  8  50  9  45  10  93  11  64  12  60  13  42  14  42
  0  96  1  56  2  1  3  87  4  65  5  67  6  15  7  17  8  97  9  82  10  44  11  66  12  52  13  91  14  60
  0  66  1  4  2  14  3  19  4  26  5  92  6  90  7  98  8  25  9  68  10  70  11  46  12  78  13  93  14  10
  0  18  1  66  2  7  3  47  4  25  5  66  6  58  7  56  8  5  9  19  10  60  11  60  12  70  13  24  14  20
  0  71  1  30  2  35  3  48  4  98  5  71  6  6  7  59  8  12  9  44  10  17  11  3  12  85  13  91  14  63
  0  1  1  37  2  20  3  3  4  77  5  44  6  95  7  82  8  93  9  4  10  18  11  2  12  44  13  66  14  6
  0  72  1  67  2  62  3  87  4  89  5  70  6  93  7  93  8  18  9  78  10  69  11  92  12  62  13  69  14  1
  0  1  1  79  2  28  3  91  4  78  5  41  6  47  7  82  8  88  9  59  10  68  11  33  12  61  13  39  14  16
  0  57  1  24  2  14  3  87  4  52  5  54  6  78  7  94  8  64  9  93  10  28  11  72  12  98  13  19  14  67
  0  94  1  73  2  50  3  47  4  64  5  48  6  57  7  36  8  78  9  4  10  88  11  58  12  76  13  45  14  26
  0  21  1  9  2  43  3  53  4  37  5  13  6  54  7  85  8  13  9  67  10  74  11  82  12  43  13  56  14  16
  0  80  1  55  2  71  3  14  4  73  5  74  6  40  7  8  8  53  9  7  10  51  11  48  12  87  13  78  14  4
  0  17  1  84  2  51  3  26  4  81  5  84  6  21  7  25  8  8  9  68  10  68  11  55  12  91  13  83  14  7
  0  39  1  9  2  16  3  61  4  64  5  82  6  64  7  59  8  35  9  99  10  94  11  36  12  65  13  57  14  88
  0  59  1  34  2  2  3  93  4  47  5  44  6  86  7  62  8  33  9  49  10  79  11  24  12  85  13  43  14  82
  0  26  1  3  2  28  3  47  4  48  5  33  6  10  7  91  8  70  9  90  10  73  11  78  12  44  13  70  14  43
  0  77  1  96  2  79  3  47  4  31  5  91  6  40  7  9  8  20  9  90  10  31  11  58  12  63  13  6  14  67
  0  37  1  20  2  45  3  54  4  24  5  71  6  83  7  36  8  12  9  6  10  2  11  44  12  22  13  26  14  94
  0  21  1  27  2  52  3  29  4  56  5  16  6  11  7  1  8  76  9  33  10  96  11  31  12  58  13  66  14  78
  0  98  1  82  2  65  3  72  4  87  5  23  6  23  7  5  8  8  9  47  10  46  11  41  12  23  13  83  14  95
  0  48  1  75  2  61  3  77  4  30  5  10  6  45  7  9  8  24  9  24  10  14  11  5  12  84  13  4  14  52
  0  36  1  71  2  23  3  62  4  74  5  16  6  5  7  10  8  18  9  42  10  92  11  58  12  59  13  63  14  56
  0  65  1  54  2  82  3  46  4  32  5  77  6  59  7  70  8  42  9  91  10  31  11  50  12  28  13  79  14  99
  0  85  1  35  2  75  3  15  4  29  5  3  6  31  7  22  8  58  9  54  10  94  11  56  12  92  13  75  14  67
  0  91  1  85  2  31  3  3  4  88  5  99  6  35  7  29  8  90  9  49  10  82  11  24  12  68  13  48  14  6
  0  82  1  12  2  11  3  21  4  36  5  8  6  2  7  63  8  24  9  69  10  17  11  35  12  36  13  98  14  43
  0  18  1  57  2  97  3  47  4  15  5  90  6  53  7  62  8  38  9  55  10  75  11  95  12  38  13  61  14  50
  0  71  1  49  2  13  3  44  4  73  5  11  6  16  7  76  8  59  9  69  10  61  11  34  12  54  13  71  14  21
  0  94  1  64  2  19  3  84  4  1  5  39  6  38  7  13  8  92  9  91  10  72  11  1  12  67  13  62  14  22
  0  52  1  64  2  56  3  73  4  35  5  66  6  24  7  96  8  57  9  74  10  50  11  9  12  70  13  95  14  56
  0  20  1  21  2  46  3  57  4  28  5  77  6  76  7  16  8  10  9  11  10  46  11  81  12  32  13  27  14  23
  0  13  1  86  2  44  3  77  4  20  5  10  6  88  7  5  8  71  9  59  10  49  11  79  12  59  13  33  14  1
  0  35  1  15  2  76  3  6  4  35  5  8  6  6  7  33  8  50  9  89  10  32  11  70  12  82  13  54  14  77
  0  19  1  96  2  19  3  22  4  77  5  33  6  64  7  2  8  79  9  34  10  80  11  65  12  25  13  97  14  1
  0  58  1  21  2  36  3  28  4  76  5  38  6  16  7  82  8  29  9  19  10  95  11  32  12  91  13  23  14  94
  0  68  1  32  2  80  3  47  4  57  5  58  6  89  7  50  8  73  9  8  10  86  11  82  12  77  13  75  14  63
  0  61  1  25  2  66  3  21  4  80  5  5  6  93  7  77  8  21  9  33  10  88  11  74  12  44  13  68  14  66
  0  44  1  3  2  12  3  82  4  36  5  35  6  16  7  63  8  11  9  24  10  15  11  98  12  57  13  28  14  42
  0  36  1  88  2  29  3  11  4  99  5  9  6  55  7  59  8  43  9  77  10  60  11  92  12  86  13  7  14  72
  0  87  1  25  2  57  3  54  4  10  5  80  6  30  7  22  8  87  9  47  10  68  11  28  12  37  13  62  14  12
  0  2  1  16  2  84  3  71  4  85  5  74  6  69  7  16  8  47  9  14  10  75  11  88  12  19  13  77  14  43
  0  95  1  15  2  31  3  22  4  29  5  23  6  17  7  41  8  28  9  69  10  74  11  54  12  84  13  11  14  73
  0  97  1  37  2  84  3  95  4  45  5  25  6  44  7  62  8  45  9  91  10  45  11  2  12  82  13  56  14  60
  0  85  1  89  2  88  3  51  4  2  5  3  6  71  7  9  8  21  9  45  10  16  11  42  12  87  13  72  14  78
  0  97  1  40  2  20  3  94  4  12  5  37  6  32  7  11  8  43  9  54  10  65  11  8  12  38  13  59  14  95
  0  20  1  22  2  99  3  73  4  7  5  18  6  58  7  2  8  42  9  39  10  44  11  35  12  97  13  8  14  42
  0  26  1  61  2  91  3  33  4  57  5  12  6  67  7  53  8  51  9  34  10  46  11  62  12  30  13  54  14  19
  0  33  1  83  2  14  3  20  4  83  5  53  6  39  7  99  8  18  9  41  10  45  11  66  12  40  13  19  14  1
  0  31  1  65  2  79  3  41  4  70  5  36  6  52  7  88  8  88  9  16  10  92  11  45  12  46  13  33  14  5
  0  41  1  81  2  78  3  56  4  71  5  46  6  85  7  5  8  45  9  35  10  55  11  33  12  29  13  71  14  95
  0  69  1  71  2  83  3  89  4  35  5  23  6  88  7  10  8  61  9  96  10  63  11  52  12  39  13  40  14  60
  0  44  1  17  2  3  3  20  4  57  5  60  6  18  7  69  8  35  9  17  10  56  11  13  12  4  13  80  14  87
  0  59  1  30  2  21  3  76  4  35  5  55  6  37  7  5  8  80  9  4  10  55  11  76  12  32  13  50  14  62
  0  61  1  34  2  7  3  60  4  87  5  30  6  38  7  82  8  74  9  34  10  46  11  91  12  71  13  73  14  53
  0  71  1  58  2  64  3  96  4  73  5  2  6  57  7  12  8  64  9  80  10  52  11  46  12  18  13  37  14  85
  0  54  1  21  2  94  3  38  4  64  5  92  6  70  7  12  8  1  9  48  10  58  11  62  12  13  13  45  14  63
  0  8  1  52  2  87  3  28  4  45  5  80  6  91  7  55  8  25  9  17  10  39  11  41  12  89  13  48  14  49
  0  60  1  66  2  66  3  63  4  73  5  71  6  93  7  33  8  42  9  63  10  29  11  25  12  81  13  52  14  16
  0  10  1  72  2  61  3  8  4  95  5  25  6  88  7  98  8  4  9  64  10  14  11  33  12  20  13  69  14  53
  0  7  1  60  2  97  3  69  4  46  5  29  6  73  7  56  8  5  9  67  10  17  11  85  12  17  13  14  14  51
  0  78  1  15  2  29  3  10  4  30  5  82  6  53  7  24  8  8  9  4  10  2  11  77  12  98  13  33  14  6
  0  46  1  83  2  99  3  79  4  71  5  41  6  13  7  45  8  18  9  46  10  40  11  45  12  26  13  81  14  64
  0  59  1  70  2  92  3  55  4  61  5  58  6  58  7  99  8  9  9  46  10  40  11  78  12  40  13  61  14  60
  0  96  1  35  2  48  3  92  4  85  5  48  6  73  7  79  8  41  9  26  10  74  11  17  12  74  13  78  14  24
  0  56  1  82  2  42  3  37  4  23  5  64  6  81  7  69  8  46  9  38  10  95  11  57  12  53  13  39  14  41
  0  7  1  78  2  13  3  82  4  44  5  72  6  10  7  19  8  65  9  33  10  64  11  78  12  57  13  72  14  15
  0  46  1  83  2  15  3  86  4  85  5  45  6  73  7  51  8  74  9  65  10  43  11  35  12  39  13  67  14  38
  0  36  1  88  2  21  3  33  4  76  5  64  6  2  7  91  8  98  9  63  10  80  11  2  12  74  13  95  14  25
  0  45  1  4  2  88  3  99  4  65  5  1  6  49  7  82  8  25  9  9  10  43  11  40  12  50  13  85  14  54
  0  33  1  15  2  50  3  30  4  33  5  9  6  90  7  36  8  80  9  93  10  59  11  62  12  21  13  39  14  20
  0  61  1  80  2  90  3  13  4  11  5  86  6  16  7  58  8  31  9  34  10  36  11  13  12  2  13  56  14  22
  0  44  1  42  2  57  3  28  4  97  5  78  6  93  7  90  8  67  9  91  10  39  11  99  12  86  13  15  14  61
  0  49  1  9  2  47  3  74  4  92  5  50  6  82  7  77  8  78  9  99  10  71  11  77  12  40  13  22  14  78
  0  47  1  62  2  20  3  95  4  84  5  50  6  26  7  11  8  70  9  63  10  25  11  63  12  29  13  8  14  53
  0  31  1  44  2  87  3  5  4  17  5  1  6  63  7  55  8  37  9  30  10  63  11  71  12  46  13  89  14  47
  0  76  1  19  2  16  3  28  4  82  5  95  6  10  7  80  8  15  9  66  10  56  11  17  12  91  13  23  14  96
  0  90  1  17  2  37  3  83  4  60  5  32  6  18  7  98  8  37  9  97  10  72  11  17  12  84  13  31  14  72
  0  39  1  46  2  1  3  77  4  38  5  25  6  58  7  12  8  68  9  43  10  78  11  50  12  59  13  39  14  1
  0  82  1  84  2  98  3  19  4  71  5  64  6  26  7  68  8  91  9  54  10  79  11  84  12  51  13  34  14  58
  0  41  1  5  2  91  3  99  4  2  5  28  6  56  7  15  8  32  9  3  10  43  11  90  12  63  13  31  14  11
  0  21  1  94  2  91  3  32  4  61  5  81  6  87  7  40  8  94  9  54  10  66  11  96  12  79  13  53  14  96
  0  98  1  1  2  73  3  40  4  8  5  49  6  68  7  55  8  86  9  8  10  45  11  18  12  64  13  99  14  48
  0  42  1  62  2  56  3  25  4  38  5  71  6  79  7  12  8  53  9  36  10  30  11  85  12  59  13  4  14  53
  0  72  1  99  2  45  3  30  4  7  5  10  6  43  7  11  8  73  9  58  10  13  11  65  12  97  13  93  14  4
  0  77  1  45  2  79  3  84  4  38  5  49  6  52  7  32  8  36  9  96  10  50  11  47  12  42  13  15  14  77
  0  95  1  45  2  47  3  15  4  32  5  66  6  28  7  87  8  50  9  78  10  73  11  51  12  91  13  3  14  48
  0  57  1  80  2  54  3  97  4  5  5  69  6  63  7  33  8  1  9  36  10  85  11  10  12  73  13  40  14  98
  0  55  1  17  2  39  3  24  4  14  5  58  6  34  7  32  8  33  9  85  10  73  11  22  12  4  13  61  14  48
  0  85  1  11  2  22  3  58  4  87  5  84  6  41  7  30  8  27  9  50  10  88  11  5  12  62  13  5  14  33
  0  49  1  15  2  74  3  62  4  45  5  86  6  39  7  14  8  50  9  48  10  24  11  54  12  55  13  87  14  87
  0  30  1  77  2  30  3  59  4  93  5  47  6  63  7  15  8  79  9  95  10  31  11  83  12  63  13  50  14  76
  0  19  1  53  2  81  3  58  4  1  5  86  6  71  7  56  8  27  9  27  10  95  11  41  12  12  13  82  14  34
  0  99  1  28  2  13  3  46  4  6  5  26  6  65  7  2  8  91  9  34  10  72  11  22  12  72  13  20  14  8
  0  84  1  15  2  72  3  70  4  13  5  49  6  20  7  54  8  20  9  80  10  11  11  6  12  11  13  36  14  14
  0  2  1  40  2  57  3  10  4  81  5  91  6  33  7  98  8  20  9  22  10  10  11  15  12  36  13  80  14  55
  0  59  1  45  2  12  3  39  4  67  5  38  6  89  7  58  8  74  9  17  10  39  11  37  12  57  13  27  14  51
  0  61  1  56  2  77  3  4  4  38  5  5  6  17  7  21  8  82  9  25  10  29  11  53  12  83  13  68  14  52
  0  64  1  83  2  5  3  40  4  33  5  90  6  89  7  21  8  30  9  9  10  64  11  16  12  21  13  28  14  68
  0  28  1  96  2  45  3  74  4  19  5  46  6  92  7  63  8  20  9  10  10  79  11  9  12  53  13  86  14  2
  0  35  1  65  2  86  3  60  4  70  5  92  6  42  7  84  8  9  9  98  10  20  11  73  12  48  13  79  14  4
  0  81  1  75  2  10  3  46  4  20  5  8  6  71  7  86  8  52  9  21  10  1  11  6  12  97  13  13  14  41
  0  56  1  83  2  90  3  86  4  82  5  93  6  76  7  43  8  33  9  14  10  75  11  66  12  18  13  79  14  43
  0  30  1  72  2  55  3  45  4  41  5  18  6  17  7  9  8  19  9  39  10  22  11  95  12  85  13  28  14  64
  0  58  1  32  2  46  3  71  4  40  5  87  6  5  7  90  8  50  9  73  10  89  11  48  12  24  13  32  14  52
  0  4  1  23  2  72  3  55  4  29  5  75  6  49  7  50  8  70  9  32  10  88  11  12  12  84  13  87  14  15
  0  64  1  56  2  22  3  55  4  81  5  37  6  25  7  6  8  29  9  62  10  30  11  99  12  94  13  33  14  70
  0  17  1  20  2  75  3  20  4  7  5  26  6  14  7  98  8  31  9  5  10  17  11  44  12  41  13  9  14  99
  0  79  1  43  2  72  3  5  4  39  5  26  6  33  7  77  8  17  9  43  10  49  11  20  12  58  13  82  14  25
  0  90  1  16  2  58  3  91  4  74  5  23  6  19  7  5  8  43  9  77  10  44  11  60  12  91  13  17  14  79
  0  31  1  3  2  39  3  38  4  81  5  90  6  6  7  50  8  21  9  15  10  23  11  65  12  80  13  75  14  87
  0  16  1  53  2  21  3  41  4  6  5  4  6  32  7  80  8  82  9  56  10  80  11  11  12  11  13  18  14  34
  0  33  1  46  2  72  3  7  4  14  5  81  6  90  7  45  8  71  9  24  10  5  11  2  12  80  13  2  14  59
  0  43  1  78  2  39  3  46  4  98  5  13  6  24  7  67  8  34  9  97  10  64  11  90  12  13  13  27  14  18
  0  96  1  84  2  79  3  21  4  24  5  99  6  35  7  71  8  69  9  55  10  46  11  30  12  93  13  13  14  61
  0  46  1  40  2  40  3  96  4  24  5  67  6  75  7  79  8  90  9  61  10  14  11  38  12  17  13  64  14  56
  0  88  1  17  2  38  3  85  4  54  5  24  6  70  7  47  8  20  9  17  10  57  11  55  12  97  13  43  14  41
  0  51  1  69  2  55  3  98  4  83  5  18  6  87  7  75  8  81  9  71  10  99  11  36  12  58  13  22  14  83
  0  76  1  52  2  92  3  21  4  4  5  78  6  60  7  14  8  93  9  90  10  63  11  43  12  63  13  33  14  49
  0  24  1  45  2  49  3  41  4  52  5  32  6  91  7  27  8  81  9  23  10  21  11  3  12  56  13  10  14  7
  0  28  1  95  2  73  3  68  4  65  5  10  6  75  7  11  8  9  9  87  10  68  11  49  12  46  13  88  14  69
  0  27  1  85  2  24  3  50  4  60  5  46  6  22  7  57  8  86  9  13  10  97  11  59  12  76  13  69  14  81
  0  75  1  48  2  94  3  73  4  48  5  99  6  69  7  26  8  54  9  27  10  22  11  83  12  68  13  19  14  32
  0  6  1  25  2  29  3  46  4  84  5  44  6  70  7  87  8  15  9  11  10  89  11  74  12  68  13  29  14  6
  0  51  1  10  2  92  3  24  4  14  5  27  6  36  7  67  8  97  9  77  10  62  11  75  12  26  13  75  14  58
  0  69  1  66  2  61  3  52  4  79  5  29  6  34  7  62  8  86  9  1  10  45  11  50  12  25  13  20  14  64
  0  71  1  43  2  11  3  90  4  92  5  27  6  40  7  55  8  20  9  19  10  77  11  34  12  42  13  7  14  57
  0  79  1  2  2  51  3  78  4  36  5  41  6  74  7  90  8  91  9  84  10  46  11  53  12  89  13  52  14  18
  0  63  1  93  2  20  3  2  4  92  5  85  6  76  7  2  8  82  9  47  10  27  11  30  12  67  13  31  14  56
  0  71  1  58  2  50  3  55  4  86  5  78  6  24  7  53  8  57  9  45  10  65  11  35  12  12  13  45  14  91
  0  15  1  94  2  25  3  6  4  7  5  69  6  26  7  72  8  17  9  45  10  9  11  78  12  29  13  1  14  61
  0  67  1  88  2  22  3  79  4  78  5  71  6  79  7  61  8  35  9  22  10  26  11  65  12  49  13  84  14  72
  0  12  1  56  2  57  3  85  4  37  5  88  6  56  7  9  8  19  9  42  10  54  11  5  12  45  13  16  14  46
  0  58  1  83  2  7  3  41  4  13  5  81  6  99  7  99  8  6  9  5  10  92  11  47  12  28  13  79  14  32
  0  49  1  43  2  20  3  55  4  17  5  19  6  36  7  67  8  89  9  63  10  67  11  98  12  2  13  78  14  74
  0  14  1  39  2  57  3  91  4  75  5  39  6  99  7  30  8  81  9  82  10  21  11  67  12  32  13  4  14  64
  0  75  1  85  2  88  3  68  4  66  5  21  6  54  7  27  8  68  9  9  10  22  11  50  12  46  13  62  14  43
  0  18  1  39  2  18  3  18  4  78  5  76  6  66  7  25  8  41  9  99  10  37  11  58  12  55  13  93  14  6
  0  33  1  85  2  98  3  76  4  11  5  15  6  86  7  53  8  46  9  43  10  87  11  18  12  65  13  63  14  16
  0  65  1  30  2  25  3  37  4  61  5  37  6  28  7  62  8  33  9  63  10  93  11  73  12  14  13  61  14  18
  0  7  1  78  2  48  3  95  4  51  5  55  6  66  7  79  8  43  9  13  10  93  11  2  12  54  13  39  14  27
  0  73  1  17  2  55  3  85  4  54  5  26  6  64  7  94  8  41  9  5  10  96  11  40  12  21  13  41  14  2
  0  22  1  90  2  17  3  29  4  34  5  49  6  95  7  64  8  53  9  84  10  34  11  28  12  16  13  40  14  37
  0  53  1  8  2  28  3  74  4  93  5  4  6  12  7  21  8  41  9  35  10  77  11  93  12  39  13  59  14  82
  0  1  1  27  2  63  3  37  4  15  5  51  6  42  7  52  8  50  9  36  10  12  11  77  12  91  13  88  14  53
  0  94  1  14  2  83  3  5  4  52  5  96  6  54  7  49  8  52  9  93  10  89  11  50  12  24  13  50  14  9
  0  45  1  42  2  57  3  55  4  6  5  91  6  74  7  51  8  97  9  61  10  89  11  88  12  31  13  34  14  77
  0  49  1  66  2  5  3  69  4  90  5  13  6  45  7  73  8  28  9  55  10  86  11  75  12  2  13  72  14  93
  0  30  1  18  2  45  3  67  4  25  5  94  6  65  7  70  8  52  9  52  10  95  11  88  12  50  13  32  14  43
  0  55  1  88  2  28  3  35  4  14  5  96  6  75  7  17  8  85  9  77  10  18  11  26  12  74  13  53  14  54
  0  84  1  27  2  21  3  41  4  24  5  23  6  26  7  87  8  52  9  62  10  87  11  88  12  1  13  92  14  24
  0  63  1  27  2  70  3  54  4  9  5  60  6  61  7  93  8  76  9  3  10  25  11  65  12  41  13  38  14  26
  0  74  1  16  2  12  3  91  4  42  5  18  6  68  7  77  8  88  9  19  10  71  11  36  12  4  13  10  14  46
  0  86  1  60  2  71  3  6  4  35  5  35  6  36  7  65  8  93  9  71  10  71  11  47  12  94  13  76  14  30
  0  35  1  6  2  43  3  42  4  24  5  78  6  48  7  53  8  83  9  2  10  49  11  11  12  25  13  33  14  6
  0  79  1  38  2  34  3  66  4  32  5  47  6  29  7  27  8  24  9  89  10  55  11  44  12  78  13  25  14  3
  0  31  1  28  2  33  3  29  4  19  5  80  6  39  7  9  8  24  9  14  10  97  11  65  12  55  13  25  14  10
  0  74  1  80  2  75  3  53  4  52  5  8  6  10  7  67  8  60  9  58  10  44  11  95  12  93  13  35  14  53
  0  6  1  31  2  35  3  97  4  17  5  61  6  24  7  64  8  19  9  29  10  89  11  32  12  57  13  44  14  56
  0  63  1  18  2  57  3  99  4  89  5  37  6  7  7  10  8  59  9  24  10  64  11  86  12  38  13  66  14  58
  0  77  1  92  2  52  3  39  4  74  5  11  6  44  7  21  8  33  9  19  10  69  11  11  12  95  13  5  14  30
  0  10  1  15  2  64  3  35  4  54  5  18  6  27  7  5  8  17  9  51  10  25  11  22  12  3  13  7  14  7
  0  4  1  98  2  11  3  29  4  26  5  65  6  20  7  55  8  40  9  77  10  82  11  56  12  44  13  55  14  27
  0  90  1  4  2  41  3  98  4  8  5  44  6  16  7  70  8  8  9  44  10  53  11  73  12  37  13  13  14  61
  0  45  1  19  2  31  3  67  4  80  5  37  6  81  7  22  8  24  9  34  10  2  11  52  12  65  13  78  14  40
  0  86  1  2  2  14  3  86  4  14  5  84  6  12  7  24  8  67  9  75  10  66  11  11  12  37  13  70  14  20
  0  89  1  56  2  59  3  5  4  91  5  18  6  42  7  29  8  69  9  97  10  23  11  62  12  96  13  17  14  33
  0  76  1  99  2  57  3  69  4  64  5  6  6  9  7  55  8  33  9  46  10  12  11  38  12  50  13  34  14  41
  0  99  1  82  2  95  3  28  4  41  5  59  6  48  7  5  8  60  9  57  10  34  11  59  12  35  13  69  14  62
  0  95  1  91  2  31  3  12  4  48  5  13  6  91  7  11  8  5  9  3  10  68  11  80  12  30  13  40  14  21
  0  9  1  92  2  71  3  25  4  14  5  42  6  16  7  42  8  84  9  84  10  3  11  12  12  19  13  50  14  61
  0  1  1  5  2  66  3  10  4  12  5  11  6  64  7  47  8  15  9  71  10  86  11  27  12  52  13  89  14  76
  0  51  1  54  2  5  3  66  4  57  5  35  6  78  7  94  8  39  9  77  10  6  11  16  12  50  13  22  14  58
  0  88  1  85  2  14  3  4  4  53  5  11  6  75  7  75  8  37  9  23  10  12  11  75  12  36  13  34  14  59
  0  33  1  84  2  22  3  42  4  59  5  90  6  84  7  92  8  64  9  6  10  2  11  51  12  36  13  58  14  88
  0  57  1  84  2  71  3  75  4  79  5  7  6  38  7  76  8  70  9  29  10  25  11  20  12  29  13  33  14  40
  0  42  1  4  2  65  3  63  4  84  5  87  6  80  7  46  8  39  9  63  10  93  11  21  12  27  13  16  14  20
  0  74  1  11  2  26  3  25  4  70  5  80  6  86  7  32  8  50  9  47  10  33  11  41  12  15  13  52  14  73
  0  75  1  85  2  70  3  36  4  35  5  97  6  55  7  8  8  47  9  62  10  65  11  3  12  34  13  16  14  69
  0  86  1  23  2  25  3  20  4  74  5  2  6  35  7  33  8  33  9  68  10  70  11  20  12  89  13  28  14  18
  0  67  1  18  2  50  3  60  4  53  5  50  6  88  7  51  8  34  9  37  10  10  11  24  12  64  13  56  14  97
  0  89  1  18  2  43  3  29  4  75  5  26  6  88  7  33  8  90  9  48  10  34  11  76  12  34  13  50  14  52
  0  49  1  71  2  45  3  99  4  30  5  56  6  27  7  74  8  65  9  63  10  2  11  21  12  86  13  64  14  94
  0  58  1  42  2  69  3  93  4  29  5  45  6  91  7  44  8  93  9  30  10  39  11  25  12  19  13  84  14  26
  0  51  1  27  2  9  3  43  4  98  5  19  6  6  7  63  8  38  9  79  10  2  11  47  12  23  13  20  14  66
  0  69  1  74  2  31  3  71  4  8  5  51  6  51  7  97  8  41  9  3  10  54  11  3  12  60  13  44  14  29
  0  92  1  81  2  94  3  6  4  60  5  22  6  72  7  41  8  86  9  76  10  42  11  74  12  27  13  95  14  46
  0  8  1  11  2  76  3  78  4  88  5  34  6  84  7  76  8  82  9  32  10  93  11  33  12  73  13  54  14  8
  0  68  1  20  2  71  3  90  4  8  5  69  6  97  7  27  8  45  9  93  10  6  11  88  12  99  13  6  14  69
  0  78  1  1  2  74  3  49  4  75  5  40  6  30  7  22  8  8  9  89  10  58  11  15  12  19  13  76  14  92
  0  82  1  15  2  46  3  64  4  61  5  92  6  79  7  89  8  62  9  4  10  28  11  71  12  16  13  98  14  81
  0  61  1  49  2  40  3  98  4  21  5  83  6  6  7  48  8  47  9  76  10  9  11  44  12  79  13  34  14  90
  0  81  1  93  2  83  3  88  4  6  5  46  6  72  7  78  8  52  9  26  10  43  11  23  12  64  13  29  14  86
  0  3  1  65  2  67  3  82  4  1  5  38  6  65  7  82  8  61  9  52  10  19  11  81  12  48  13  23  14  8
  0  95  1  80  2  6  3  97  4  45  5  15  6  59  7  64  8  85  9  90  10  30  11  28  12  70  13  81  14  32
  0  88  1  12  2  1  3  36  4  86  5  83  6  61  7  95  8  37  9  88  10  83  11  59  12  13  13  65  14  11
  0  46  1  73  2  28  3  65  4  13  5  63  6  52  7  55  8  3  9  31  10  53  11  26  12  71  13  33  14  21
  0  6  1  39  2  36  3  4  4  94  5  87  6  26  7  58  8  93  9  35  10  82  11  14  12  69  13  31  14  87
  0  5  1  11  2  64  3  67  4  78  5  23  6  74  7  89  8  85  9  47  10  13  11  72  12  96  13  28  14  95
  0  67  1  19  2  44  3  29  4  19  5  95  6  87  7  20  8  26  9  10  10  51  11  97  12  60  13  39  14  65
  0  91  1  89  2  20  3  86  4  60  5  45  6  16  7  29  8  71  9  13  10  21  11  6  12  51  13  31  14  8
  0  94  1  77  2  48  3  32  4  76  5  76  6  50  7  41  8  81  9  44  10  70  11  37  12  61  13  13  14  42
  0  18  1  69  2  19  3  54  4  75  5  5  6  51  7  29  8  29  9  66  10  91  11  12  12  28  13  22  14  61
  0  61  1  49  2  77  3  51  4  81  5  73  6  6  7  88  8  9  9  14  10  84  11  74  12  80  13  32  14  29
  0  89  1  15  2  71  3  33  4  51  5  7  6  82  7  56  8  86  9  1  10  25  11  15  12  30  13  1  14  73
  0  63  1  68  2  32  3  54  4  74  5  7  6  59  7  2  8  63  9  8  10  36  11  8  12  4  13  37  14  15
  0  83  1  34  2  20  3  81  4  92  5  55  6  83  7  60  8  97  9  61  10  49  11  11  12  35  13  59  14  90
  0  34  1  18  2  74  3  82  4  26  5  24  6  39  7  94  8  66  9  21  10  5  11  7  12  35  13  36  14  47
  0  64  1  74  2  76  3  35  4  81  5  56  6  45  7  91  8  69  9  17  10  23  11  64  12  52  13  70  14  8
  0  82  1  84  2  7  3  20  4  76  5  95  6  41  7  33  8  75  9  22  10  74  11  79  12  16  13  92  14  77
  0  35  1  25  2  95  3  96  4  89  5  65  6  31  7  67  8  62  9  45  10  19  11  70  12  6  13  38  14  45
  0  56  1  12  2  72  3  31  4  51  5  29  6  66  7  82  8  87  9  25  10  39  11  52  12  46  13  73  14  6
  0  3  1  95  2  58  3  51  4  79  5  59  6  98  7  37  8  9  9  59  10  47  11  73  12  2  13  99  14  36
  0  81  1  7  2  10  3  39  4  16  5  56  6  39  7  94  8  19  9  99  10  91  11  13  12  36  13  9  14  30
  0  42  1  12  2  11  3  87  4  82  5  38  6  70  7  79  8  71  9  36  10  41  11  88  12  75  13  82  14  43
  0  76  1  53  2  19  3  52  4  34  5  98  6  3  7  95  8  82  9  58  10  84  11  88  12  92  13  81  14  26
  0  72  1  67  2  69  3  97  4  22  5  14  6  2  7  2  8  34  9  12  10  75  11  27  12  33  13  27  14  89
  0  33  1  29  2  59  3  40  4  4  5  28  6  97  7  22  8  24  9  91  10  30  11  58  12  88  13  72  14  43
  0  86  1  19  2  80  3  85  4  87  5  52  6  71  7  2  8  32  9  57  10  41  11  50  12  70  13  50  14  75
  0  60  1  6  2  36  3  99  4  95  5  24  6  12  7  12  8  35  9  60  10  72  11  94  12  72  13  27  14  37
  0  56  1  12  2  50  3  75  4  30  5  3  6  71  7  93  8  32  9  40  10  11  11  25  12  70  13  30  14  12
  0  22  1  39  2  86  3  8  4  54  5  56  6  24  7  79  8  49  9  15  10  41  11  83  12  42  13  62  14  36
  0  93  1  10  2  30  3  78  4  70  5  11  6  74  7  26  8  43  9  64  10  7  11  82  12  93  13  24  14  9
  0  24  1  51  2  36  3  80  4  22  5  52  6  99  7  56  8  68  9  24  10  48  11  84  12  77  13  84  14  29
  0  61  1  89  2  82  3  62  4  64  5  40  6  11  7  87  8  25  9  50  10  68  11  33  12  30  13  48  14  56
  0  74  1  52  2  42  3  34  4  63  5  37  6  91  7  63  8  41  9  16  10  47  11  23  12  65  13  95  14  69
  0  75  1  29  2  64  3  39  4  13  5  29  6  14  7  7  8  8  9  24  10  51  11  60  12  58  13  97  14  72
  0  17  1  97  2  2  3  2  4  37  5  5  6  50  7  30  8  38  9  38  10  92  11  7  12  62  13  84  14  86
  0  60  1  6  2  87  3  42  4  54  5  30  6  97  7  20  8  17  9  1  10  67  11  86  12  81  13  32  14  71
  0  80  1  35  2  37  3  35  4  30  5  69  6  97  7  97  8  20  9  63  10  17  11  42  12  25  13  62  14  8
  0  64  1  22  2  20  3  39  4  74  5  68  6  20  7  47  8  48  9  21  10  91  11  60  12  66  13  96  14  99
  0  26  1  9  2  31  3  52  4  16  5  5  6  83  7  72  8  54  9  47  10  71  11  22  12  98  13  13  14  57
  0  69  1  66  2  62  3  9  4  52  5  86  6  8  7  11  8  58  9  12  10  69  11  95  12  43  13  38  14  50
  0  23  1  48  2  95  3  19  4  25  5  91  6  30  7  66  8  91  9  37  10  73  11  80  12  82  13  77  14  66
  0  56  1  62  2  76  3  10  4  23  5  13  6  65  7  30  8  82  9  70  10  73  11  89  12  61  13  83  14  55
  0  98  1  38  2  90  3  30  4  81  5  93  6  64  7  53  8  17  9  97  10  83  11  98  12  62  13  21  14  5
  0  79  1  18  2  50  3  63  4  87  5  98  6  38  7  24  8  99  9  13  10  10  11  55  12  80  13  80  14  20
  0  1  1  96  2  23  3  15  4  71  5  1  6  14  7  73  8  79  9  70  10  77  11  96  12  89  13  96  14  68
  0  85  1  68  2  64  3  66  4  41  5  34  6  64  7  82  8  43  9  59  10  31  11  46  12  26  13  69  14  98
  0  26  1  35  2  40  3  20  4  5  5  40  6  92  7  79  8  12  9  40  10  25  11  8  12  79  13  82  14  43
  0  82  1  75  2  89  3  79  4  50  5  37  6  47  7  4  8  28  9  99  10  20  11  63  12  65  13  3  14  83
  0  22  1  57  2  5  3  95  4  71  5  58  6  52  7  41  8  32  9  39  10  83  11  23  12  83  13  65  14  53
  0  95  1  76  2  13  3  9  4  42  5  20  6  36  7  70  8  57  9  47  10  57  11  79  12  93  13  7  14  43
  0  20  1  57  2  24  3  91  4  36  5  80  6  39  7  29  8  87  9  16  10  17  11  11  12  27  13  96  14  63
  0  73  1  92  2  94  3  26  4  52  5  31  6  46  7  49  8  7  9  20  10  30  11  96  12  85  13  37  14  38
  0  85  1  38  2  99  3  42  4  84  5  45  6  78  7  69  8  67  9  31  10  47  11  33  12  29  13  86  14  29
  0  81  1  1  2  96  3  56  4  59  5  30  6  74  7  46  8  2  9  4  10  27  11  54  12  92  13  32  14  10
  0  79  1  68  2  24  3  55  4  7  5  53  6  18  7  71  8  29  9  32  10  54  11  48  12  80  13  32  14  99
  0  12  1  63  2  40  3  56  4  32  5  66  6  90  7  25  8  60  9  93  10  5  11  94  12  47  13  56  14  45
  0  87  1  78  2  1  3  49  4  73  5  32  6  70  7  25  8  38  9  30  10  22  11  38  12  75  13  44  14  52
  0  21  1  13  2  92  3  95  4  84  5  20  6  9  7  11  8  9  9  52  10  98  11  55  12  45  13  13  14  97
  0  21  1  57  2  45  3  3  4  85  5  87  6  9  7  40  8  84  9  15  10  62  11  87  12  35  13  49  14  83
  0  69  1  41  2  81  3  3  4  92  5  79  6  69  7  6  8  90  9  38  10  55  11  54  12  84  13  50  14  8
  0  21  1  94  2  60  3  68  4  43  5  49  6  7  7  36  8  34  9  84  10  8  11  97  12  6  13  19  14  79
  0  24  1  6  2  52  3  40  4  61  5  58  6  33  7  57  8  96  9  56  10  72  11  65  12  89  13  73  14  24
  0  37  1  73  2  62  3  34  4  97  5  87  6  68  7  43  8  27  9  92  10  78  11  2  12  61  13  70  14  89
  0  9  1  12  2  16  3  49  4  9  5  54  6  81  7  15  8  91  9  61  10  12  11  38  12  82  13  69  14  94
  0  55  1  28  2  14  3  20  4  56  5  96  6  72  7  96  8  58  9  66  10  97  11  4  12  99  13  60  14  31
  0  49  1  33  2  47  3  21  4  74  5  95  6  35  7  5  8  32  9  65  10  6  11  12  12  5  13  47  14  81
  0  94  1  71  2  45  3  16  4  18  5  17  6  96  7  46  8  37  9  45  10  6  11  61  12  58  13  55  14  80
  0  64  1  66  2  70  3  60  4  33  5  40  6  43  7  2  8  9  9  28  10  74  11  48  12  69  13  19  14  15
  0  5  1  64  2  47  3  43  4  91  5  17  6  24  7  32  8  56  9  27  10  57  11  55  12  51  13  24  14  39
  0  83  1  30  2  47  3  81  4  92  5  92  6  73  7  40  8  62  9  4  10  94  11  69  12  39  13  58  14  36
  0  80  1  23  2  58  3  56  4  97  5  51  6  45  7  65  8  47  9  28  10  81  11  69  12  15  13  16  14  89
  0  12  1  58  2  68  3  83  4  79  5  54  6  92  7  57  8  81  9  29  10  65  11  13  12  37  13  94  14  28
  0  40  1  15  2  86  3  56  4  82  5  18  6  82  7  58  8  56  9  5  10  42  11  61  12  99  13  83  14  5
  0  91  1  66  2  39  3  23  4  34  5  6  6  59  7  28  8  69  9  81  10  80  11  56  12  82  13  18  14  62
  0  79  1  13  2  88  3  73  4  12  5  86  6  77  7  42  8  98  9  48  10  77  11  86  12  2  13  85  14  10
  0  64  1  35  2  12  3  77  4  76  5  30  6  51  7  84  8  23  9  7  10  39  11  91  12  99  13  9  14  41
  0  81  1  82  2  15  3  35  4  51  5  39  6  25  7  34  8  71  9  52  10  12  11  24  12  63  13  69  14  57
  0  48  1  91  2  88  3  30  4  79  5  71  6  55  7  64  8  35  9  35  10  36  11  62  12  42  13  20  14  78
  0  14  1  59  2  47  3  91  4  6  5  8  6  29  7  93  8  78  9  61  10  19  11  7  12  47  13  9  14  69
  0  20  1  81  2  93  3  98  4  16  5  24  6  67  7  48  8  61  9  2  10  47  11  2  12  96  13  29  14  36
  0  96  1  60  2  37  3  55  4  31  5  64  6  70  7  13  8  71  9  78  10  19  11  75  12  99  13  97  14  96
  0  47  1  54  2  13  3  83  4  58  5  61  6  89  7  71  8  19  9  59  10  41  11  6  12  93  13  52  14  38
  0  4  1  1  2  56  3  1  4  83  5  40  6  28  7  61  8  43  9  4  10  81  11  93  12  77  13  33  14  21
  0  48  1  16  2  4  3  74  4  30  5  12  6  78  7  88  8  36  9  35  10  46  11  9  12  96  13  29  14  26
  0  81  1  26  2  51  3  35  4  32  5  59  6  95  7  19  8  10  9  24  10  70  11  4  12  12  13  95  14  78
  0  31  1  17  2  13  3  25  4  62  5  92  6  63  7  57  8  82  9  64  10  61  11  94  12  33  13  51  14  89
  0  13  1  41  2  13  3  57  4  94  5  59  6  61  7  6  8  58  9  94  10  23  11  76  12  14  13  6  14  69
  0  99  1  32  2  15  3  48  4  83  5  6  6  28  7  70  8  9  9  45  10  95  11  48  12  58  13  43  14  32
  0  91  1  38  2  88  3  81  4  93  5  62  6  28  7  14  8  81  9  17  10  91  11  65  12  90  13  27  14  48
  0  74  1  11  2  77  3  38  4  73  5  2  6  80  7  7  8  26  9  71  10  72  11  43  12  37  13  78  14  1
  0  88  1  69  2  87  3  19  4  77  5  35  6  1  7  5  8  3  9  58  10  32  11  78  12  58  13  23  14  15
  0  65  1  63  2  44  3  43  4  61  5  88  6  44  7  90  8  58  9  39  10  3  11  60  12  69  13  55  14  23
  0  69  1  45  2  53  3  38  4  50  5  67  6  86  7  33  8  34  9  81  10  40  11  73  12  54  13  81  14  56
  0  54  1  72  2  65  3  63  4  19  5  29  6  37  7  59  8  6  9  54  10  6  11  79  12  23  13  5  14  20
  0  28  1  63  2  11  3  30  4  70  5  4  6  40  7  73  8  15  9  55  10  23  11  21  12  21  13  61  14  90
  0  27  1  27  2  45  3  17  4  83  5  63  6  73  7  78  8  51  9  20  10  84  11  60  12  43  13  66  14  73
  0  72  1  52  2  44  3  63  4  68  5  79  6  90  7  99  8  68  9  88  10  50  11  25  12  22  13  84  14  93
  0  41  1  84  2  23  3  48  4  71  5  78  6  56  7  97  8  54  9  55  10  10  11  27  12  52  13  1  14  23
  0  5  1  60  2  33  3  6  4  27  5  26  6  88  7  98  8  76  9  33  10  1  11  20  12  67  13  10  14  13
  0  68  1  67  2  57  3  83  4  85  5  35  6  9  7  64  8  8  9  10  10  74  11  74  12  71  13  25  14  24
  0  96  1  32  2  61  3  11  4  59  5  24  6  37  7  46  8  88  9  74  10  8  11  78  12  51  13  33  14  33
  0  25  1  4  2  98  3  18  4  69  5  33  6  38  7  47  8  26  9  57  10  42  11  60  12  22  13  2  14  58
  0  50  1  62  2  93  3  89  4  68  5  71  6  23  7  60  8  76  9  17  10  67  11  78  12  74  13  81  14  87
  0  52  1  1  2  29  3  28  4  36  5  84  6  60  7  82  8  12  9  76  10  86  11  17  12  45  13  22  14  51
  0  56  1  45  2  25  3  75  4  64  5  45  6  23  7  10  8  98  9  73  10  84  11  24  12  96  13  63  14  82
  0  59  1  30  2  57  3  15  4  28  5  48  6  73  7  69  8  34  9  82  10  48  11  60  12  52  13  81  14  87
  0  84  1  89  2  6  3  69  4  63  5  13  6  9  7  86  8  83  9  14  10  63  11  34  12  40  13  51  14  27
  0  67  1  52  2  98  3  46  4  88  5  7  6  70  7  51  8  36  9  40  10  12  11  84  12  91  13  71  14  75
  0  62  1  23  2  48  3  34  4  72  5  22  6  68  7  75  8  52  9  28  10  75  11  91  12  94  13  16  14  61
  0  75  1  84  2  9  3  17  4  55  5  60  6  42  7  99  8  53  9  51  10  84  11  28  12  37  13  43  14  99
  0  21  1  10  2  50  3  85  4  29  5  51  6  29  7  55  8  29  9  4  10  48  11  21  12  85  13  71  14  71
  0  5  1  7  2  70  3  71  4  88  5  25  6  57  7  44  8  72  9  2  10  16  11  89  12  10  13  27  14  73
  0  12  1  33  2  62  3  97  4  10  5  95  6  58  7  78  8  99  9  76  10  26  11  86  12  74  13  49  14  67
  0  2  1  74  2  92  3  70  4  4  5  68  6  93  7  39  8  3  9  23  10  92  11  15  12  44  13  34  14  35
  0  98  1  6  2  48  3  64  4  85  5  83  6  85  7  53  8  78  9  23  10  60  11  53  12  30  13  59  14  37
  0  27  1  36  2  51  3  86  4  76  5  88  6  40  7  31  8  90  9  33  10  57  11  74  12  71  13  27  14  70
  0  77  1  19  2  64  3  37  4  10  5  70  6  21  7  1  8  96  9  43  10  48  11  63  12  38  13  9  14  97
  0  98  1  68  2  4  3  73  4  11  5  91  6  66  7  35  8  38  9  91  10  31  11  99  12  60  13  26  14  39
  0  16  1  70  2  40  3  50  4  12  5  91  6  57  7  38  8  36  9  82  10  37  11  31  12  39  13  47  14  11
  0  25  1  77  2  30  3  28  4  61  5  23  6  88  7  75  8  76  9  24  10  51  11  59  12  46  13  41  14  21
  0  57  1  80  2  48  3  66  4  70  5  51  6  92  7  15  8  51  9  61  10  40  11  56  12  81  13  68  14  39
  0  94  1  11  2  42  3  5  4  23  5  99  6  13  7  93  8  14  9  24  10  29  11  8  12  31  13  21  14  54
  0  76  1  17  2  98  3  38  4  79  5  25  6  41  7  79  8  24  9  72  10  55  11  42  12  79  13  43  14  78
  0  86  1  47  2  92  3  19  4  57  5  6  6  92  7  97  8  5  9  56  10  39  11  27  12  56  13  77  14  20
  0  37  1  52  2  38  3  97  4  35  5  16  6  56  7  60  8  52  9  23  10  82  11  48  12  33  13  90  14  40
  0  61  1  52  2  2  3  77  4  2  5  69  6  27  7  94  8  98  9  57  10  19  11  50  12  33  13  74  14  95
  0  63  1  60  2  48  3  24  4  72  5  82  6  98  7  70  8  12  9  29  10  31  11  2  12  14  13  48  14  51
  0  24  1  46  2  24  3  7  4  12  5  58  6  50  7  46  8  63  9  75  10  46  11  46  12  67  13  74  14  86
  0  58  1  94  2  35  3  87  4  68  5  33  6  39  7  61  8  76  9  22  10  69  11  34  12  30  13  70  14  25
  0  99  1  76  2  67  3  64  4  39  5  20  6  97  7  33  8  39  9  87  10  37  11  40  12  86  13  54  14  93
  0  93  1  12  2  71  3  7  4  3  5  32  6  90  7  27  8  14  9  93  10  6  11  42  12  41  13  24  14  30
  0  16  1  87  2  47  3  79  4  54  5  95  6  10  7  46  8  23  9  57  10  39  11  80  12  78  13  71  14  16
  0  2  1  78  2  37  3  40  4  9  5  93  6  12  7  20  8  82  9  36  10  84  11  11  12  76  13  66  14  27
  0  93  1  38  2  58  3  38  4  59  5  29  6  25  7  83  8  35  9  19  10  34  11  3  12  88  13  65  14  73
  0  39  1  75  2  31  3  32  4  97  5  23  6  66  7  26  8  51  9  72  10  89  11  73  12  53  13  12  14  27
  0  83  1  20  2  80  3  84  4  49  5  75  6  21  7  98  8  29  9  8  10  10  11  45  12  61  13  53  14  99
  0  34  1  65  2  4  3  52  4  14  5  97  6  32  7  32  8  44  9  81  10  45  11  7  12  34  13  34  14  38
  0  69  1  52  2  42  3  96  4  70  5  32  6  74  7  65  8  41  9  61  10  22  11  90  12  23  13  10  14  17
  0  8  1  53  2  29  3  58  4  15  5  78  6  49  7  52  8  61  9  60  10  40  11  45  12  59  13  35  14  14
  0  97  1  68  2  23  3  93  4  49  5  28  6  92  7  64  8  51  9  34  10  47  11  93  12  69  13  90  14  58
  0  75  1  94  2  78  3  2  4  44  5  12  6  8  7  31  8  60  9  6  10  70  11  21  12  55  13  10  14  97
  0  64  1  4  2  25  3  90  4  85  5  47  6  69  7  69  8  22  9  95  10  33  11  73  12  85  13  71  14  43
  0  7  1  98  2  80  3  73  4  93  5  64  6  27  7  43  8  13  9  32  10  99  11  1  12  9  13  46  14  92
  0  77  1  4  2  98  3  54  4  60  5  61  6  38  7  60  8  22  9  68  10  79  11  64  12  1  13  41  14  26
  0  73  1  23  2  76  3  17  4  38  5  13  6  92  7  36  8  73  9  29  10  44  11  51  12  43  13  12  14  88
  0  88  1  57  2  57  3  59  4  35  5  94  6  32  7  55  8  34  9  32  10  88  11  61  12  29  13  37  14  71
  0  57  1  56  2  79  3  96  4  75  5  84  6  40  7  58  8  32  9  76  10  34  11  2  12  7  13  2  14  95
  0  46  1  88  2  24  3  54  4  65  5  84  6  67  7  29  8  48  9  59  10  93  11  11  12  7  13  71  14  83
  0  6  1  95  2  5  3  85  4  72  5  60  6  21  7  68  8  54  9  35  10  78  11  20  12  10  13  53  14  95
  0  40  1  87  2  46  3  49  4  45  5  91  6  26  7  41  8  83  9  37  10  3  11  73  12  12  13  98  14  70
  0  13  1  98  2  88  3  55  4  33  5  42  6  34  7  17  8  66  9  29  10  25  11  52  12  18  13  69  14  51
  0  34  1  94  2  72  3  76  4  84  5  76  6  66  7  77  8  71  9  28  10  68  11  78  12  70  13  14  14  51
  0  48  1  34  2  89  3  75  4  32  5  64  6  53  7  76  8  50  9  78  10  7  11  24  12  72  13  1  14  45
  0  97  1  64  2  48  3  74  4  46  5  45  6  67  7  38  8  22  9  23  10  43  11  82  12  1  13  85  14  10
  0  10  1  45  2  65  3  8  4  92  5  62  6  8  7  71  8  44  9  58  10  6  11  62  12  73  13  4  14  95
  0  57  1  72  2  48  3  4  4  63  5  97  6  58  7  6  8  34  9  69  10  67  11  40  12  88  13  83  14  55
  0  70  1  63  2  4  3  96  4  6  5  60  6  2  7  49  8  14  9  57  10  44  11  77  12  90  13  97  14  40
  0  17  1  67  2  78  3  25  4  35  5  75  6  1  7  15  8  46  9  93  10  57  11  67  12  78  13  42  14  62
  0  46  1  3  2  20  3  52  4  53  5  80  6  77  7  18  8  89  9  75  10  77  11  35  12  58  13  44  14  92
  0  18  1  17  2  5  3  38  4  4  5  42  6  42  7  39  8  40  9  65  10  96  11  72  12  41  13  93  14  49
  0  45  1  29  2  27  3  8  4  97  5  86  6  29  7  41  8  40  9  64  10  13  11  23  12  48  13  50  14  55
  0  88  1  3  2  65  3  54  4  7  5  36  6  58  7  77  8  25  9  6  10  21  11  77  12  39  13  32  14  24
  0  73  1  96  2  64  3  61  4  21  5  31  6  44  7  53  8  18  9  92  10  3  11  44  12  21  13  21  14  5
  0  82  1  68  2  63  3  15  4  90  5  41  6  56  7  64  8  46  9  97  10  8  11  35  12  39  13  68  14  51
  0  90  1  74  2  96  3  56  4  20  5  36  6  60  7  28  8  77  9  26  10  19  11  21  12  30  13  55  14  50
  0  42  1  53  2  44  3  93  4  38  5  22  6  52  7  5  8  80  9  3  10  57  11  85  12  85  13  41  14  48
  0  46  1  51  2  89  3  98  4  17  5  84  6  31  7  41  8  20  9  50  10  88  11  59  12  45  13  80  14  35
  0  55  1  28  2  5  3  24  4  79  5  92  6  5  7  20  8  16  9  15  10  3  11  8  12  63  13  36  14  24
  0  89  1  59  2  6  3  9  4  99  5  30  6  53  7  59  8  18  9  72  10  9  11  45  12  50  13  91  14  25
  0  96  1  83  2  60  3  68  4  73  5  74  6  65  7  89  8  76  9  6  10  55  11  75  12  45  13  15  14  19
  0  58  1  59  2  95  3  43  4  32  5  33  6  16  7  39  8  86  9  76  10  6  11  31  12  80  13  53  14  8
  0  44  1  99  2  67  3  92  4  44  5  77  6  58  7  90  8  13  9  73  10  84  11  79  12  52  13  32  14  19
  0  32  1  59  2  76  3  95  4  28  5  26  6  98  7  81  8  62  9  27  10  62  11  54  12  18  13  29  14  23
  0  12  1  84  2  20  3  24  4  56  5  31  6  38  7  47  8  13  9  83  10  65  11  97  12  81  13  40  14  95
  0  70  1  36  2  46  3  7  4  28  5  12  6  6  7  92  8  69  9  58  10  88  11  28  12  92  13  30  14  81
  0  82  1  66  2  53  3  80  4  5  5  69  6  2  7  20  8  30  9  59  10  38  11  89  12  97  13  78  14  41
  0  90  1  83  2  14  3  1  4  21  5  64  6  66  7  54  8  1  9  86  10  95  11  10  12  69  13  10  14  49
  0  61  1  23  2  21  3  77  4  7  5  71  6  70  7  19  8  10  9  30  10  67  11  87  12  79  13  73  14  20
  0  98  1  55  2  34  3  20  4  24  5  14  6  95  7  16  8  55  9  38  10  35  11  10  12  19  13  28  14  8
  0  72  1  71  2  28  3  72  4  74  5  65  6  93  7  12  8  66  9  70  10  57  11  84  12  55  13  91  14  27
  0  27  1  71  2  2  3  39  4  74  5  18  6  4  7  70  8  86  9  30  10  75  11  52  12  82  13  19  14  69
  0  53  1  33  2  48  3  61  4  27  5  59  6  87  7  74  8  34  9  29  10  28  11  37  12  92  13  59  14  55
  0  22  1  17  2  66  3  29  4  97  5  24  6  20  7  98  8  92  9  62  10  85  11  60  12  22  13  54  14  69
  0  30  1  66  2  68  3  1  4  5  5  84  6  78  7  19  8  9  9  91  10  39  11  31  12  74  13  43  14  34
  0  80  1  87  2  15  3  30  4  36  5  98  6  60  7  66  8  78  9  90  10  70  11  75  12  63  13  39  14  1
  0  71  1  72  2  19  3  17  4  3  5  93  6  38  7  73  8  21  9  82  10  95  11  39  12  21  13  98  14  5
  0  29  1  68  2  27  3  31  4  1  5  92  6  7  7  21  8  26  9  40  10  60  11  29  12  57  13  90  14  65
  0  82  1  36  2  3  3  22  4  17  5  20  6  29  7  19  8  81  9  20  10  14  11  86  12  13  13  81  14  81
  0  92  1  4  2  50  3  54  4  27  5  22  6  95  7  78  8  75  9  67  10  96  11  39  12  74  13  59  14  10
  0  86  1  14  2  92  3  63  4  17  5  96  6  14  7  61  8  68  9  14  10  98  11  84  12  39  13  68  14  35
  0  22  1  21  2  48  3  36  4  74  5  21  6  62  7  52  8  6  9  4  10  65  11  44  12  38  13  79  14  36
  0  32  1  26  2  35  3  7  4  50  5  33  6  52  7  30  8  57  9  16  10  85  11  39  12  86  13  88  14  94
  0  66  1  40  2  1  3  36  4  77  5  51  6  83  7  67  8  67  9  75  10  25  11  30  12  26  13  90  14  79
  0  96  1  59  2  9  3  41  4  4  5  22  6  21  7  9  8  18  9  4  10  52  11  49  12  89  13  84  14  74
  0  19  1  2  2  21  3  19  4  98  5  14  6  69  7  80  8  74  9  62  10  24  11  98  12  38  13  66  14  36
  0  77  1  15  2  45  3  59  4  55  5  30  6  54  7  10  8  54  9  70  10  93  11  55  12  62  13  14  14  37
  0  62  1  26  2  26  3  2  4  74  5  67  6  35  7  43  8  89  9  40  10  56  11  47  12  69  13  90  14  19
  0  66  1  97  2  8  3  2  4  2  5  54  6  47  7  7  8  46  9  99  10  79  11  9  12  29  13  70  14  8
  0  54  1  29  2  17  3  36  4  26  5  55  6  68  7  89  8  70  9  3  10  78  11  25  12  55  13  30  14  90
  0  76  1  29  2  27  3  40  4  20  5  61  6  63  7  62  8  68  9  26  10  33  11  97  12  11  13  31  14  44
  0  86  1  68  2  99  3  10  4  16  5  33  6  95  7  43  8  49  9  97  10  99  11  69  12  57  13  18  14  10
  0  91  1  28  2  37  3  19  4  92  5  21  6  82  7  80  8  45  9  6  10  9  11  79  12  63  13  83  14  45
  0  57  1  31  2  94  3  81  4  72  5  73  6  52  7  77  8  78  9  69  10  63  11  12  12  61  13  15  14  19
  0  80  1  71  2  83  3  70  4  16  5  30  6  53  7  23  8  98  9  8  10  85  11  6  12  68  13  96  14  81
  0  17  1  62  2  24  3  48  4  36  5  40  6  82  7  54  8  49  9  64  10  82  11  54  12  58  13  59  14  31
  0  6  1  36  2  58  3  8  4  25  5  61  6  9  7  91  8  42  9  54  10  3  11  59  12  41  13  86  14  52
  0  50  1  27  2  33  3  25  4  77  5  29  6  3  7  96  8  29  9  36  10  54  11  19  12  77  13  40  14  84
  0  75  1  24  2  4  3  57  4  80  5  98  6  10  7  93  8  72  9  22  10  39  11  53  12  63  13  11  14  89
  0  73  1  76  2  49  3  33  4  43  5  76  6  82  7  72  8  40  9  62  10  97  11  46  12  41  13  2  14  99
  0  90  1  91  2  3  3  93  4  67  5  7  6  59  7  39  8  96  9  13  10  22  11  28  12  69  13  81  14  82
  0  5  1  28  2  92  3  62  4  41  5  33  6  35  7  45  8  15  9  52  10  44  11  4  12  68  13  56  14  11
  0  6  1  47  2  88  3  34  4  94  5  34  6  49  7  85  8  87  9  39  10  19  11  16  12  28  13  7  14  4
  0  28  1  92  2  48  3  76  4  73  5  40  6  15  7  49  8  73  9  42  10  65  11  9  12  61  13  47  14  6
  0  84  1  91  2  54  3  82  4  37  5  64  6  8  7  75  8  96  9  71  10  42  11  20  12  79  13  52  14  20
  0  44  1  57  2  10  3  60  4  12  5  71  6  46  7  47  8  95  9  4  10  99  11  61  12  40  13  56  14  92
  0  76  1  65  2  94  3  37  4  6  5  34  6  59  7  40  8  11  9  90  10  53  11  20  12  85  13  20  14  49
  0  20  1  86  2  15  3  91  4  67  5  84  6  28  7  73  8  42  9  29  10  50  11  13  12  31  13  78  14  56
  0  75  1  88  2  33  3  90  4  94  5  27  6  52  7  93  8  1  9  17  10  76  11  88  12  58  13  61  14  57
  0  89  1  72  2  71  3  73  4  82  5  13  6  70  7  98  8  96  9  60  10  93  11  40  12  83  13  87  14  63
  0  53  1  49  2  21  3  50  4  15  5  17  6  40  7  70  8  17  9  15  10  24  11  56  12  88  13  20  14  45
  0  4  1  85  2  94  3  61  4  10  5  81  6  99  7  72  8  15  9  67  10  79  11  32  12  37  13  41  14  38
  0  35  1  65  2  27  3  64  4  15  5  32  6  80  7  63  8  28  9  99  10  54  11  19  12  15  13  16  14  37
  0  72  1  43  2  31  3  76  4  14  5  98  6  90  7  72  8  9  9  66  10  23  11  88  12  3  13  9  14  8
  0  2  1  98  2  56  3  85  4  24  5  63  6  50  7  40  8  43  9  44  10  5  11  76  12  56  13  87  14  77
  0  59  1  19  2  73  3  77  4  4  5  23  6  39  7  40  8  18  9  66  10  39  11  38  12  42  13  91  14  57
  0  29  1  43  2  96  3  85  4  49  5  48  6  53  7  21  8  93  9  31  10  76  11  59  12  59  13  86  14  43
  0  69  1  37  2  50  3  40  4  89  5  68  6  60  7  97  8  80  9  9  10  52  11  38  12  13  13  74  14  49
  0  41  1  97  2  55  3  83  4  14  5  60  6  7  7  54  8  4  9  28  10  76  11  14  12  11  13  97  14  27
  0  43  1  69  2  76  3  40  4  54  5  15  6  27  7  30  8  13  9  58  10  56  11  97  12  1  13  23  14  38
  0  10  1  44  2  33  3  43  4  67  5  70  6  43  7  23  8  16  9  79  10  49  11  86  12  5  13  47  14  34
  0  37  1  88  2  87  3  25  4  83  5  52  6  37  7  65  8  29  9  73  10  52  11  43  12  5  13  74  14  26
  0  12  1  14  2  20  3  57  4  96  5  75  6  66  7  45  8  86  9  13  10  60  11  78  12  46  13  14  14  52
  0  44  1  92  2  47  3  69  4  85  5  28  6  31  7  58  8  67  9  19  10  79  11  5  12  46  13  76  14  73
  0  71  1  39  2  56  3  25  4  30  5  41  6  92  7  41  8  73  9  52  10  51  11  9  12  20  13  81  14  33
  0  43  1  65  2  67  3  90  4  83  5  41  6  30  7  32  8  22  9  66  10  16  11  14  12  3  13  25  14  38
  0  62  1  27  2  94  3  5  4  63  5  50  6  9  7  79  8  17  9  52  10  30  11  37  12  53  13  27  14  66
  0  94  1  30  2  19  3  59  4  32  5  88  6  91  7  20  8  41  9  24  10  24  11  3  12  52  13  95  14  58
  0  31  1  47  2  88  3  43  4  20  5  38  6  97  7  53  8  69  9  78  10  97  11  82  12  97  13  48  14  17
  0  25  1  69  2  3  3  44  4  1  5  19  6  5  7  7  8  7  9  68  10  64  11  22  12  70  13  15  14  52
  0  15  1  49  2  14  3  71  4  27  5  13  6  93  7  7  8  84  9  89  10  71  11  73  12  92  13  72  14  60
  0  32  1  73  2  96  3  94  4  64  5  61  6  62  7  2  8  4  9  22  10  53  11  91  12  74  13  78  14  56
  0  68  1  87  2  34  3  14  4  61  5  82  6  30  7  41  8  32  9  30  10  3  11  3  12  20  13  26  14  96
  0  23  1  19  2  42  3  62  4  76  5  1  6  16  7  51  8  91  9  32  10  96  11  69  12  43  13  44  14  69
  0  78  1  42  2  53  3  37  4  20  5  32  6  56  7  32  8  36  9  50  10  21  11  77  12  93  13  24  14  65
  0  23  1  36  2  3  3  96  4  28  5  31  6  40  7  44  8  72  9  66  10  90  11  9  12  7  13  43  14  79
  0  22  1  75  2  37  3  52  4  76  5  75  6  50  7  21  8  75  9  45  10  61  11  71  12  18  13  71  14  52
  0  76  1  3  2  78  3  68  4  42  5  38  6  43  7  34  8  97  9  73  10  21  11  44  12  75  13  97  14  6
TPM
  0  3253  1  3253  2  3253  3  3253  4  3253  5  3253  6  3253  7  3253  8  3253  9  3253  10  3253  11  3253  12  3253  13  3253  14  3253
PMT
  0  138  1  79  2  103  3  66  4  10  5  109  6  99  7  127  8  11  9  59  10  138  11  38  12  17  13  81  14  74
  0  126  1  52  2  103  3  108  4  51  5  128  6  55  7  7  8  66  9  51  10  5  11  54  12  45  13  3  14  112
  0  56  1  26  2  39  3  65  4  109  5  84  6  103  7  88  8  107  9  67  10  125  11  122  12  113  13  76  14  102
  0  90  1  20  2  63  3  79  4  4  5  90  6  85  7  19  8  68  9  122  10  129  11  4  12  67  13  107  14  61
  0  61  1  51  2  50  3  27  4  17  5  31  6  102  7  25  8  60  9  37  10  92  11  57  12  118  13  125  14  133
  0  119  1  2  2  98  3  116  4  31  5  114  6  98  7  147  8  61  9  9  10  137  11  109  12  44  13  26  14  81
  0  26  1  109  2  69  3  17  4  98  5  53  6  106  7  63  8  51  9  86  10  102  11  77  12  38  13  72  14  1
  0  31  1  136  2  64  3  90  4  90  5  119  6  73  7  50  8  53  9  93  10  10  11  83  12  94  13  4  14  47
  0  96  1  149  2  8  3  34  4  124  5  116  6  122  7  71  8  131  9  84  10  139  11  56  12  54  13  125  14  109
  0  91  1  94  2  7  3  54  4  75  5  118  6  72  7  44  8  9  9  16  10  120  11  112  12  1  13  127  14  17
  0  23  1  81  2  58  3  132  4  91  5  93  6  4  7  30  8  149  9  127  10  3  11  147  12  25  13  63  14  84
  0  44  1  50  2  94  3  134  4  132  5  111  6  131  7  109  8  72  9  6  10  35  11  77  12  82  13  5  14  145
  0  73  1  76  2  114  3  92  4  62  5  102  6  13  7  61  8  56  9  58  10  14  11  46  12  15  13  141  14  27
  0  125  1  114  2  92  3  86  4  65  5  18  6  96  7  76  8  25  9  63  10  138  11  80  12  124  13  85  14  7
  0  89  1  143  2  54  3  93  4  107  5  25  6  124  7  38  8  96  9  125  10  3  11  72  12  103  13  26  14  102
  0  89  1  88  2  149  3  114  4  25  5  23  6  139  7  101  8  92  9  7  10  115  11  101  12  40  13  145  14  31
