200  20
  0  35  1  72  2  31  3  6  4  48  5  91  6  55  7  1  8  22  9  22  10  63  11  21  12  95  13  45  14  7  15  8  16  8  17  36  18  26  19  86
  0  23  1  76  2  88  3  65  4  35  5  60  6  90  7  8  8  46  9  92  10  99  11  85  12  46  13  81  14  20  15  38  16  46  17  92  18  84  19  4
  0  30  1  1  2  26  3  88  4  30  5  57  6  68  7  84  8  42  9  83  10  40  11  72  12  43  13  18  14  11  15  50  16  65  17  4  18  88  19  78
  0  42  1  3  2  51  3  46  4  36  5  48  6  71  7  75  8  15  9  77  10  74  11  40  12  22  13  24  14  50  15  51  16  69  17  48  18  73  19  45
  0  56  1  30  2  43  3  76  4  70  5  63  6  19  7  83  8  37  9  22  10  24  11  8  12  34  13  87  14  42  15  68  16  66  17  52  18  28  19  16
  0  78  1  54  2  14  3  32  4  58  5  89  6  65  7  45  8  36  9  12  10  40  11  73  12  4  13  27  14  37  15  13  16  10  17  34  18  52  19  45
  0  81  1  63  2  62  3  25  4  99  5  26  6  17  7  65  8  32  9  70  10  9  11  38  12  76  13  6  14  41  15  63  16  92  17  44  18  29  19  42
  0  16  1  66  2  87  3  59  4  76  5  25  6  6  7  78  8  82  9  19  10  99  11  71  12  19  13  18  14  99  15  91  16  83  17  21  18  23  19  55
  0  72  1  75  2  8  3  7  4  61  5  81  6  47  7  74  8  64  9  73  10  24  11  42  12  58  13  48  14  41  15  3  16  6  17  67  18  7  19  51
  0  24  1  80  2  2  3  58  4  59  5  23  6  57  7  99  8  91  9  94  10  7  11  68  12  61  13  32  14  97  15  66  16  99  17  2  18  73  19  63
  0  3  1  15  2  59  3  81  4  77  5  15  6  22  7  9  8  62  9  94  10  75  11  95  12  81  13  48  14  53  15  55  16  3  17  59  18  82  19  77
  0  94  1  89  2  20  3  37  4  15  5  3  6  26  7  46  8  71  9  58  10  14  11  87  12  26  13  45  14  71  15  28  16  51  17  44  18  57  19  92
  0  55  1  40  2  23  3  54  4  19  5  25  6  97  7  74  8  36  9  56  10  51  11  84  12  28  13  68  14  12  15  7  16  86  17  46  18  19  19  57
  0  71  1  14  2  14  3  60  4  41  5  91  6  23  7  82  8  22  9  34  10  72  11  76  12  32  13  35  14  38  15  57  16  14  17  81  18  31  19  83
  0  36  1  85  2  61  3  12  4  90  5  14  6  36  7  29  8  70  9  15  10  75  11  94  12  10  13  97  14  70  15  52  16  46  17  25  18  4  19  80
  0  95  1  2  2  97  3  90  4  82  5  5  6  84  7  14  8  55  9  60  10  2  11  8  12  70  13  65  14  43  15  85  16  46  17  29  18  46  19  60
  0  96  1  56  2  74  3  35  4  9  5  15  6  32  7  94  8  26  9  58  10  28  11  85  12  43  13  86  14  61  15  72  16  32  17  69  18  4  19  18
  0  48  1  73  2  8  3  31  4  92  5  59  6  50  7  64  8  22  9  39  10  99  11  69  12  38  13  14  14  71  15  38  16  6  17  36  18  98  19  74
  0  55  1  54  2  40  3  99  4  97  5  47  6  95  7  68  8  46  9  45  10  14  11  46  12  14  13  4  14  1  15  94  16  48  17  75  18  62  19  37
  0  8  1  85  2  52  3  30  4  5  5  27  6  96  7  46  8  50  9  4  10  22  11  37  12  97  13  20  14  8  15  53  16  58  17  62  18  34  19  31
  0  30  1  44  2  9  3  57  4  83  5  5  6  82  7  96  8  69  9  68  10  87  11  29  12  61  13  35  14  63  15  26  16  45  17  28  18  58  19  86
  0  10  1  33  2  5  3  84  4  7  5  5  6  27  7  13  8  86  9  33  10  12  11  22  12  27  13  72  14  60  15  93  16  5  17  97  18  8  19  95
  0  78  1  36  2  59  3  94  4  99  5  71  6  93  7  45  8  48  9  49  10  39  11  65  12  61  13  6  14  2  15  79  16  23  17  8  18  19  19  74
  0  10  1  76  2  64  3  10  4  21  5  32  6  15  7  79  8  38  9  78  10  81  11  6  12  87  13  24  14  37  15  26  16  9  17  98  18  6  19  86
  0  42  1  12  2  1  3  75  4  99  5  75  6  20  7  38  8  78  9  69  10  33  11  69  12  18  13  35  14  29  15  71  16  33  17  20  18  96  19  22
  0  60  1  10  2  60  3  99  4  97  5  23  6  10  7  42  8  34  9  44  10  62  11  56  12  91  13  39  14  80  15  89  16  31  17  67  18  16  19  40
  0  92  1  78  2  45  3  62  4  66  5  67  6  47  7  92  8  25  9  29  10  6  11  13  12  60  13  27  14  54  15  8  16  96  17  66  18  88  19  99
  0  87  1  50  2  30  3  67  4  3  5  43  6  92  7  65  8  77  9  75  10  98  11  17  12  75  13  67  14  55  15  47  16  72  17  56  18  58  19  65
  0  95  1  47  2  21  3  24  4  41  5  33  6  21  7  18  8  65  9  35  10  16  11  85  12  45  13  85  14  73  15  42  16  21  17  37  18  27  19  42
  0  74  1  64  2  31  3  62  4  24  5  14  6  92  7  55  8  21  9  1  10  6  11  89  12  85  13  58  14  94  15  12  16  20  17  4  18  74  19  76
  0  69  1  56  2  56  3  21  4  47  5  35  6  63  7  9  8  30  9  26  10  50  11  41  12  71  13  68  14  25  15  26  16  25  17  42  18  13  19  47
  0  56  1  22  2  32  3  73  4  72  5  40  6  57  7  16  8  28  9  83  10  76  11  86  12  65  13  99  14  4  15  58  16  97  17  6  18  67  19  5
  0  52  1  10  2  7  3  70  4  32  5  93  6  43  7  15  8  56  9  21  10  95  11  17  12  89  13  63  14  85  15  34  16  72  17  67  18  16  19  56
  0  12  1  88  2  43  3  12  4  1  5  82  6  77  7  84  8  62  9  24  10  59  11  75  12  48  13  87  14  16  15  15  16  33  17  16  18  2  19  95
  0  82  1  64  2  50  3  93  4  97  5  86  6  12  7  93  8  44  9  8  10  53  11  39  12  31  13  5  14  40  15  69  16  10  17  66  18  25  19  17
  0  75  1  37  2  10  3  72  4  21  5  49  6  75  7  47  8  66  9  80  10  69  11  90  12  58  13  31  14  12  15  37  16  18  17  72  18  59  19  84
  0  80  1  28  2  30  3  50  4  59  5  87  6  85  7  38  8  16  9  57  10  18  11  9  12  32  13  13  14  95  15  57  16  9  17  81  18  57  19  21
  0  39  1  4  2  63  3  82  4  26  5  26  6  39  7  39  8  54  9  25  10  79  11  45  12  18  13  85  14  82  15  60  16  84  17  63  18  48  19  53
  0  32  1  10  2  56  3  44  4  91  5  38  6  91  7  97  8  91  9  68  10  12  11  71  12  69  13  73  14  53  15  9  16  20  17  99  18  22  19  27
  0  72  1  65  2  24  3  25  4  29  5  36  6  24  7  23  8  8  9  30  10  50  11  6  12  61  13  20  14  65  15  41  16  79  17  22  18  75  19  70
  0  87  1  87  2  65  3  19  4  92  5  44  6  63  7  66  8  60  9  47  10  74  11  59  12  5  13  39  14  45  15  76  16  26  17  31  18  43  19  71
  0  45  1  53  2  64  3  48  4  93  5  31  6  98  7  47  8  83  9  91  10  27  11  58  12  52  13  11  14  21  15  65  16  55  17  44  18  65  19  11
  0  57  1  10  2  36  3  28  4  45  5  8  6  99  7  64  8  62  9  16  10  8  11  27  12  27  13  71  14  14  15  88  16  10  17  31  18  34  19  48
  0  55  1  95  2  27  3  53  4  83  5  8  6  58  7  95  8  20  9  72  10  84  11  54  12  13  13  72  14  75  15  55  16  55  17  56  18  44  19  58
  0  26  1  31  2  59  3  89  4  96  5  90  6  74  7  92  8  78  9  54  10  78  11  59  12  11  13  5  14  57  15  56  16  17  17  41  18  32  19  77
  0  63  1  94  2  96  3  66  4  13  5  66  6  86  7  1  8  55  9  88  10  35  11  37  12  49  13  14  14  18  15  44  16  14  17  90  18  74  19  85
  0  58  1  79  2  63  3  27  4  32  5  7  6  3  7  73  8  25  9  70  10  76  11  61  12  74  13  49  14  32  15  75  16  37  17  69  18  88  19  54
  0  35  1  29  2  34  3  86  4  98  5  94  6  79  7  56  8  49  9  19  10  91  11  48  12  96  13  32  14  48  15  35  16  61  17  12  18  48  19  20
  0  22  1  50  2  1  3  80  4  58  5  46  6  68  7  68  8  52  9  3  10  30  11  36  12  46  13  22  14  2  15  2  16  84  17  2  18  15  19  76
  0  88  1  93  2  58  3  22  4  30  5  78  6  18  7  97  8  9  9  49  10  81  11  19  12  60  13  30  14  89  15  50  16  33  17  62  18  37  19  87
  0  14  1  34  2  83  3  5  4  2  5  32  6  1  7  83  8  52  9  56  10  75  11  37  12  34  13  5  14  54  15  3  16  83  17  37  18  83  19  60
  0  47  1  70  2  90  3  1  4  32  5  54  6  5  7  71  8  31  9  48  10  22  11  35  12  66  13  74  14  49  15  47  16  83  17  46  18  95  19  42
  0  88  1  76  2  84  3  54  4  98  5  11  6  14  7  47  8  72  9  65  10  84  11  3  12  12  13  45  14  66  15  6  16  67  17  64  18  87  19  25
  0  97  1  22  2  57  3  69  4  45  5  83  6  55  7  84  8  34  9  69  10  52  11  94  12  18  13  75  14  46  15  26  16  12  17  41  18  23  19  67
  0  99  1  70  2  85  3  39  4  4  5  64  6  99  7  78  8  35  9  94  10  50  11  74  12  94  13  74  14  28  15  10  16  72  17  63  18  53  19  72
  0  61  1  28  2  39  3  66  4  5  5  60  6  38  7  32  8  14  9  95  10  18  11  36  12  58  13  3  14  79  15  15  16  87  17  39  18  84  19  73
  0  44  1  77  2  87  3  69  4  95  5  65  6  71  7  29  8  60  9  62  10  24  11  95  12  38  13  67  14  24  15  91  16  52  17  37  18  16  19  37
  0  64  1  45  2  86  3  79  4  30  5  59  6  82  7  7  8  92  9  1  10  15  11  54  12  43  13  37  14  67  15  37  16  89  17  24  18  78  19  60
  0  11  1  75  2  73  3  74  4  98  5  55  6  78  7  10  8  3  9  2  10  11  11  87  12  31  13  30  14  69  15  86  16  84  17  79  18  40  19  26
  0  12  1  2  2  88  3  88  4  19  5  96  6  33  7  93  8  79  9  52  10  87  11  94  12  14  13  40  14  35  15  61  16  43  17  77  18  74  19  70
  0  37  1  50  2  32  3  14  4  1  5  59  6  57  7  2  8  83  9  51  10  24  11  18  12  2  13  13  14  4  15  55  16  96  17  72  18  9  19  33
  0  80  1  20  2  92  3  80  4  48  5  43  6  68  7  43  8  36  9  42  10  85  11  30  12  76  13  71  14  63  15  27  16  70  17  17  18  93  19  25
  0  74  1  7  2  31  3  58  4  83  5  28  6  58  7  40  8  41  9  76  10  90  11  34  12  26  13  69  14  36  15  23  16  83  17  12  18  59  19  35
  0  6  1  77  2  87  3  53  4  80  5  50  6  68  7  22  8  54  9  52  10  72  11  19  12  95  13  23  14  86  15  57  16  42  17  59  18  55  19  35
  0  56  1  16  2  54  3  59  4  58  5  12  6  15  7  87  8  76  9  22  10  21  11  90  12  44  13  29  14  57  15  12  16  46  17  67  18  82  19  78
  0  78  1  87  2  39  3  1  4  75  5  23  6  41  7  56  8  26  9  40  10  95  11  43  12  85  13  93  14  52  15  51  16  37  17  29  18  73  19  95
  0  73  1  93  2  91  3  92  4  6  5  67  6  73  7  86  8  13  9  97  10  23  11  54  12  83  13  15  14  92  15  45  16  28  17  74  18  72  19  30
  0  49  1  24  2  85  3  71  4  12  5  9  6  10  7  38  8  36  9  72  10  13  11  26  12  11  13  93  14  37  15  57  16  13  17  79  18  16  19  64
  0  56  1  11  2  78  3  95  4  26  5  96  6  82  7  87  8  59  9  90  10  84  11  88  12  89  13  82  14  29  15  38  16  55  17  54  18  34  19  30
  0  41  1  65  2  80  3  18  4  13  5  32  6  51  7  34  8  49  9  75  10  65  11  41  12  92  13  75  14  19  15  27  16  72  17  65  18  9  19  17
  0  63  1  31  2  8  3  70  4  86  5  13  6  35  7  66  8  76  9  18  10  5  11  19  12  54  13  2  14  80  15  64  16  93  17  66  18  51  19  6
  0  62  1  83  2  7  3  20  4  76  5  50  6  87  7  58  8  9  9  24  10  23  11  84  12  24  13  98  14  99  15  50  16  47  17  27  18  11  19  89
  0  73  1  84  2  79  3  80  4  89  5  42  6  64  7  20  8  55  9  95  10  84  11  86  12  65  13  53  14  24  15  13  16  1  17  93  18  5  19  80
  0  30  1  46  2  30  3  96  4  13  5  43  6  44  7  34  8  40  9  60  10  68  11  48  12  86  13  33  14  92  15  74  16  77  17  22  18  37  19  94
  0  90  1  69  2  21  3  24  4  34  5  54  6  4  7  39  8  99  9  57  10  69  11  70  12  47  13  74  14  85  15  17  16  92  17  59  18  51  19  61
  0  98  1  67  2  20  3  88  4  92  5  38  6  55  7  40  8  60  9  44  10  54  11  57  12  79  13  78  14  60  15  99  16  10  17  77  18  33  19  25
  0  45  1  87  2  55  3  83  4  87  5  24  6  95  7  69  8  12  9  86  10  58  11  5  12  20  13  24  14  78  15  68  16  8  17  70  18  54  19  2
  0  95  1  82  2  25  3  36  4  92  5  60  6  28  7  27  8  96  9  32  10  2  11  5  12  47  13  28  14  12  15  61  16  89  17  78  18  19  19  35
  0  12  1  10  2  28  3  67  4  67  5  26  6  58  7  50  8  87  9  94  10  53  11  66  12  55  13  82  14  8  15  13  16  89  17  98  18  76  19  51
  0  63  1  50  2  2  3  22  4  57  5  17  6  66  7  27  8  6  9  92  10  67  11  50  12  21  13  60  14  51  15  88  16  65  17  87  18  78  19  6
  0  27  1  71  2  92  3  25  4  24  5  57  6  14  7  31  8  18  9  21  10  81  11  52  12  43  13  81  14  24  15  26  16  62  17  86  18  24  19  85
  0  5  1  91  2  99  3  12  4  55  5  14  6  43  7  38  8  4  9  47  10  55  11  14  12  59  13  56  14  90  15  47  16  1  17  93  18  6  19  89
  0  14  1  1  2  50  3  41  4  32  5  97  6  63  7  76  8  92  9  65  10  63  11  27  12  67  13  69  14  32  15  73  16  23  17  90  18  49  19  19
  0  36  1  59  2  10  3  62  4  58  5  2  6  39  7  90  8  1  9  45  10  97  11  48  12  6  13  57  14  13  15  63  16  90  17  90  18  16  19  37
  0  15  1  78  2  41  3  22  4  89  5  91  6  28  7  47  8  20  9  58  10  37  11  67  12  80  13  2  14  62  15  45  16  34  17  52  18  10  19  92
  0  51  1  39  2  54  3  21  4  7  5  54  6  29  7  95  8  44  9  72  10  78  11  83  12  35  13  44  14  92  15  26  16  80  17  95  18  4  19  3
  0  30  1  27  2  4  3  52  4  19  5  71  6  38  7  66  8  38  9  51  10  47  11  73  12  92  13  69  14  93  15  80  16  23  17  1  18  80  19  49
  0  82  1  75  2  50  3  96  4  99  5  76  6  27  7  75  8  64  9  86  10  27  11  66  12  28  13  56  14  72  15  75  16  97  17  86  18  59  19  35
  0  61  1  36  2  76  3  36  4  81  5  5  6  84  7  60  8  46  9  52  10  81  11  66  12  57  13  51  14  31  15  66  16  91  17  85  18  30  19  90
  0  78  1  40  2  18  3  24  4  76  5  46  6  92  7  71  8  27  9  83  10  53  11  69  12  31  13  38  14  96  15  69  16  87  17  79  18  47  19  47
  0  60  1  9  2  67  3  24  4  86  5  74  6  24  7  88  8  35  9  77  10  64  11  73  12  75  13  4  14  48  15  18  16  28  17  45  18  39  19  8
  0  79  1  20  2  48  3  96  4  17  5  85  6  84  7  41  8  94  9  2  10  52  11  89  12  37  13  15  14  4  15  29  16  51  17  36  18  31  19  69
  0  92  1  52  2  71  3  12  4  21  5  94  6  39  7  50  8  23  9  47  10  15  11  83  12  94  13  76  14  71  15  50  16  25  17  1  18  92  19  3
  0  2  1  48  2  25  3  91  4  36  5  62  6  80  7  25  8  95  9  52  10  57  11  22  12  66  13  5  14  66  15  72  16  94  17  98  18  65  19  77
  0  91  1  89  2  50  3  33  4  74  5  50  6  56  7  71  8  2  9  4  10  50  11  90  12  19  13  66  14  39  15  15  16  7  17  85  18  16  19  84
  0  30  1  54  2  11  3  65  4  95  5  27  6  42  7  7  8  90  9  76  10  52  11  18  12  53  13  55  14  99  15  21  16  84  17  60  18  34  19  11
  0  33  1  7  2  64  3  21  4  73  5  75  6  23  7  80  8  89  9  67  10  53  11  17  12  28  13  96  14  98  15  30  16  62  17  4  18  67  19  50
  0  18  1  53  2  78  3  44  4  16  5  74  6  45  7  47  8  57  9  46  10  38  11  25  12  42  13  20  14  17  15  95  16  6  17  61  18  52  19  65
  0  11  1  34  2  62  3  59  4  26  5  56  6  31  7  50  8  83  9  19  10  88  11  18  12  96  13  28  14  71  15  88  16  77  17  22  18  96  19  41
  0  84  1  66  2  5  3  79  4  93  5  47  6  66  7  97  8  68  9  83  10  57  11  8  12  88  13  56  14  42  15  87  16  25  17  25  18  20  19  72
  0  18  1  48  2  29  3  11  4  64  5  70  6  13  7  41  8  25  9  16  10  88  11  69  12  26  13  3  14  70  15  46  16  88  17  87  18  49  19  92
  0  32  1  70  2  21  3  99  4  27  5  53  6  15  7  5  8  92  9  19  10  76  11  46  12  62  13  64  14  85  15  11  16  71  17  18  18  34  19  50
  0  33  1  21  2  82  3  27  4  4  5  55  6  74  7  8  8  69  9  36  10  77  11  30  12  76  13  21  14  73  15  91  16  23  17  85  18  31  19  50
  0  56  1  74  2  16  3  32  4  52  5  35  6  36  7  83  8  81  9  80  10  19  11  20  12  65  13  48  14  68  15  44  16  6  17  43  18  57  19  51
  0  16  1  84  2  41  3  41  4  1  5  6  6  2  7  95  8  59  9  62  10  67  11  95  12  12  13  46  14  55  15  97  16  64  17  22  18  31  19  77
  0  73  1  38  2  2  3  14  4  77  5  53  6  59  7  83  8  81  9  8  10  60  11  73  12  48  13  17  14  4  15  41  16  13  17  63  18  40  19  76
  0  10  1  37  2  27  3  45  4  15  5  10  6  11  7  19  8  11  9  85  10  1  11  24  12  40  13  39  14  70  15  54  16  10  17  37  18  98  19  42
  0  45  1  11  2  26  3  79  4  25  5  14  6  9  7  27  8  38  9  5  10  76  11  60  12  36  13  7  14  41  15  34  16  87  17  62  18  2  19  78
  0  45  1  77  2  49  3  35  4  87  5  5  6  62  7  18  8  96  9  45  10  53  11  46  12  77  13  33  14  1  15  80  16  45  17  53  18  73  19  79
  0  16  1  9  2  50  3  29  4  90  5  16  6  64  7  34  8  17  9  21  10  49  11  66  12  61  13  47  14  58  15  10  16  37  17  26  18  68  19  43
  0  56  1  68  2  19  3  57  4  19  5  76  6  30  7  96  8  43  9  6  10  94  11  61  12  97  13  27  14  51  15  24  16  12  17  54  18  79  19  46
  0  51  1  21  2  75  3  82  4  89  5  39  6  86  7  25  8  22  9  62  10  28  11  23  12  1  13  45  14  16  15  70  16  78  17  63  18  62  19  55
  0  95  1  37  2  42  3  18  4  51  5  80  6  22  7  43  8  31  9  55  10  98  11  7  12  6  13  21  14  5  15  34  16  99  17  91  18  69  19  45
  0  91  1  45  2  37  3  11  4  27  5  56  6  92  7  11  8  26  9  37  10  47  11  92  12  19  13  12  14  65  15  77  16  56  17  59  18  56  19  43
  0  65  1  98  2  55  3  82  4  58  5  98  6  61  7  33  8  2  9  42  10  18  11  14  12  9  13  77  14  37  15  17  16  24  17  30  18  24  19  38
  0  96  1  58  2  36  3  51  4  65  5  84  6  89  7  53  8  8  9  27  10  99  11  38  12  23  13  11  14  13  15  75  16  51  17  51  18  73  19  4
  0  44  1  18  2  20  3  60  4  50  5  29  6  26  7  9  8  69  9  38  10  10  11  46  12  90  13  12  14  80  15  82  16  29  17  11  18  15  19  38
  0  15  1  14  2  49  3  98  4  1  5  60  6  61  7  20  8  88  9  96  10  68  11  76  12  15  13  46  14  40  15  93  16  8  17  42  18  50  19  12
  0  28  1  98  2  77  3  58  4  69  5  99  6  36  7  45  8  41  9  37  10  19  11  10  12  2  13  22  14  52  15  55  16  82  17  63  18  16  19  80
  0  43  1  74  2  76  3  86  4  40  5  46  6  21  7  9  8  84  9  30  10  11  11  10  12  56  13  75  14  82  15  33  16  60  17  47  18  58  19  6
  0  74  1  7  2  57  3  27  4  3  5  25  6  10  7  95  8  45  9  81  10  20  11  58  12  48  13  42  14  30  15  82  16  85  17  36  18  78  19  80
  0  2  1  74  2  56  3  44  4  96  5  77  6  5  7  62  8  56  9  96  10  5  11  40  12  37  13  58  14  61  15  34  16  71  17  65  18  73  19  64
  0  51  1  21  2  40  3  84  4  2  5  80  6  61  7  16  8  56  9  25  10  8  11  69  12  90  13  29  14  90  15  14  16  84  17  58  18  51  19  67
  0  12  1  13  2  34  3  29  4  79  5  27  6  37  7  56  8  71  9  55  10  45  11  64  12  54  13  33  14  74  15  24  16  66  17  87  18  6  19  49
  0  96  1  21  2  79  3  17  4  99  5  17  6  67  7  75  8  41  9  16  10  56  11  7  12  45  13  81  14  6  15  63  16  90  17  42  18  70  19  1
  0  82  1  79  2  80  3  57  4  94  5  15  6  43  7  75  8  69  9  83  10  99  11  50  12  87  13  26  14  42  15  47  16  88  17  31  18  91  19  45
  0  77  1  97  2  79  3  68  4  42  5  6  6  83  7  42  8  96  9  27  10  21  11  59  12  97  13  91  14  85  15  62  16  6  17  9  18  95  19  69
  0  99  1  9  2  80  3  96  4  53  5  36  6  18  7  69  8  35  9  36  10  21  11  93  12  94  13  90  14  8  15  75  16  48  17  13  18  31  19  68
  0  64  1  2  2  26  3  7  4  24  5  15  6  19  7  54  8  6  9  1  10  8  11  68  12  13  13  23  14  88  15  73  16  53  17  46  18  9  19  71
  0  26  1  66  2  62  3  53  4  82  5  32  6  56  7  81  8  76  9  46  10  13  11  58  12  1  13  83  14  99  15  98  16  83  17  43  18  88  19  68
  0  4  1  26  2  79  3  69  4  27  5  8  6  63  7  72  8  88  9  42  10  91  11  28  12  65  13  26  14  78  15  11  16  19  17  1  18  62  19  74
  0  2  1  72  2  94  3  33  4  48  5  80  6  33  7  75  8  11  9  43  10  56  11  96  12  98  13  61  14  41  15  1  16  26  17  63  18  49  19  94
  0  97  1  8  2  20  3  95  4  71  5  89  6  79  7  13  8  72  9  24  10  94  11  75  12  63  13  78  14  47  15  20  16  91  17  99  18  91  19  58
  0  56  1  48  2  34  3  88  4  77  5  31  6  46  7  25  8  55  9  12  10  88  11  47  12  60  13  21  14  24  15  12  16  75  17  3  18  28  19  63
  0  98  1  71  2  46  3  38  4  66  5  70  6  39  7  58  8  54  9  42  10  20  11  54  12  83  13  63  14  85  15  53  16  16  17  3  18  76  19  36
  0  27  1  94  2  28  3  47  4  90  5  57  6  10  7  99  8  23  9  80  10  40  11  24  12  44  13  61  14  36  15  46  16  77  17  74  18  42  19  91
  0  96  1  5  2  38  3  50  4  69  5  66  6  28  7  55  8  79  9  90  10  39  11  62  12  14  13  72  14  15  15  18  16  48  17  85  18  62  19  61
  0  73  1  10  2  82  3  14  4  43  5  54  6  10  7  21  8  29  9  39  10  28  11  73  12  20  13  79  14  43  15  16  16  7  17  1  18  28  19  18
  0  24  1  55  2  70  3  64  4  57  5  30  6  97  7  90  8  27  9  68  10  41  11  86  12  2  13  45  14  72  15  11  16  21  17  57  18  41  19  13
  0  18  1  30  2  73  3  63  4  65  5  52  6  8  7  8  8  99  9  84  10  3  11  23  12  90  13  1  14  31  15  34  16  59  17  67  18  28  19  6
  0  61  1  67  2  81  3  44  4  93  5  14  6  78  7  49  8  88  9  23  10  30  11  7  12  3  13  36  14  53  15  30  16  10  17  7  18  81  19  60
  0  68  1  3  2  24  3  9  4  14  5  76  6  8  7  96  8  86  9  9  10  55  11  9  12  24  13  37  14  97  15  86  16  51  17  13  18  23  19  22
  0  49  1  49  2  2  3  20  4  8  5  64  6  45  7  49  8  73  9  20  10  90  11  92  12  48  13  14  14  14  15  72  16  13  17  79  18  16  19  14
  0  70  1  97  2  35  3  56  4  30  5  29  6  79  7  50  8  92  9  8  10  78  11  80  12  94  13  78  14  9  15  3  16  23  17  44  18  29  19  6
  0  12  1  66  2  38  3  8  4  85  5  44  6  44  7  68  8  1  9  49  10  94  11  74  12  6  13  96  14  22  15  11  16  29  17  86  18  91  19  54
  0  45  1  38  2  69  3  33  4  4  5  99  6  31  7  38  8  97  9  24  10  85  11  90  12  22  13  12  14  5  15  90  16  43  17  90  18  42  19  10
  0  76  1  71  2  13  3  4  4  53  5  90  6  71  7  42  8  12  9  52  10  78  11  97  12  54  13  10  14  71  15  46  16  45  17  47  18  72  19  42
  0  50  1  72  2  97  3  4  4  39  5  23  6  45  7  8  8  96  9  23  10  82  11  66  12  28  13  77  14  64  15  59  16  35  17  82  18  44  19  29
  0  9  1  63  2  59  3  67  4  78  5  1  6  11  7  43  8  79  9  97  10  66  11  62  12  61  13  79  14  48  15  52  16  37  17  56  18  92  19  11
  0  37  1  76  2  93  3  65  4  34  5  44  6  69  7  30  8  38  9  96  10  97  11  58  12  89  13  49  14  28  15  28  16  88  17  60  18  67  19  7
  0  52  1  77  2  71  3  80  4  73  5  54  6  23  7  51  8  29  9  68  10  55  11  33  12  67  13  62  14  56  15  94  16  61  17  94  18  74  19  40
  0  15  1  79  2  93  3  24  4  60  5  39  6  59  7  31  8  71  9  7  10  71  11  77  12  1  13  55  14  73  15  12  16  96  17  27  18  10  19  25
  0  68  1  7  2  20  3  90  4  7  5  57  6  1  7  95  8  65  9  94  10  54  11  44  12  80  13  94  14  95  15  28  16  68  17  54  18  2  19  8
  0  28  1  29  2  5  3  51  4  49  5  45  6  83  7  2  8  3  9  47  10  96  11  2  12  45  13  18  14  49  15  81  16  86  17  12  18  10  19  71
  0  90  1  56  2  8  3  31  4  15  5  28  6  68  7  79  8  1  9  12  10  79  11  74  12  71  13  85  14  2  15  83  16  14  17  9  18  41  19  31
  0  29  1  85  2  73  3  23  4  91  5  41  6  80  7  88  8  54  9  44  10  18  11  80  12  72  13  39  14  62  15  21  16  61  17  85  18  76  19  95
  0  81  1  25  2  96  3  29  4  31  5  8  6  46  7  89  8  97  9  51  10  10  11  12  12  75  13  33  14  33  15  32  16  76  17  13  18  30  19  75
  0  69  1  45  2  12  3  41  4  34  5  44  6  71  7  69  8  28  9  92  10  88  11  3  12  75  13  3  14  31  15  52  16  49  17  92  18  75  19  38
  0  92  1  24  2  82  3  89  4  8  5  2  6  68  7  85  8  9  9  63  10  90  11  90  12  7  13  73  14  28  15  27  16  86  17  22  18  15  19  63
  0  85  1  95  2  73  3  34  4  85  5  48  6  37  7  8  8  81  9  13  10  78  11  59  12  80  13  21  14  76  15  44  16  53  17  23  18  74  19  45
  0  36  1  19  2  29  3  64  4  55  5  60  6  56  7  70  8  32  9  65  10  99  11  21  12  70  13  62  14  2  15  30  16  54  17  60  18  47  19  42
  0  99  1  8  2  94  3  40  4  33  5  85  6  37  7  84  8  6  9  47  10  47  11  80  12  44  13  2  14  91  15  9  16  17  17  7  18  36  19  64
  0  60  1  14  2  57  3  95  4  82  5  78  6  46  7  39  8  62  9  33  10  71  11  85  12  87  13  87  14  15  15  24  16  10  17  5  18  35  19  55
  0  22  1  47  2  84  3  68  4  60  5  27  6  99  7  20  8  9  9  82  10  60  11  54  12  50  13  51  14  48  15  72  16  86  17  51  18  80  19  19
  0  31  1  56  2  91  3  50  4  44  5  35  6  83  7  14  8  60  9  9  10  69  11  33  12  23  13  15  14  86  15  95  16  49  17  9  18  52  19  76
  0  62  1  29  2  73  3  49  4  72  5  8  6  59  7  69  8  9  9  9  10  79  11  32  12  19  13  14  14  71  15  30  16  82  17  1  18  92  19  68
  0  21  1  76  2  62  3  28  4  93  5  64  6  54  7  55  8  15  9  53  10  23  11  40  12  21  13  58  14  69  15  11  16  81  17  58  18  2  19  38
  0  43  1  98  2  20  3  53  4  26  5  86  6  49  7  4  8  29  9  6  10  90  11  8  12  19  13  30  14  66  15  81  16  83  17  28  18  91  19  47
  0  99  1  64  2  63  3  55  4  44  5  53  6  95  7  61  8  26  9  23  10  15  11  61  12  45  13  89  14  81  15  60  16  87  17  50  18  38  19  32
  0  26  1  42  2  73  3  7  4  71  5  38  6  59  7  69  8  5  9  59  10  1  11  81  12  86  13  39  14  2  15  48  16  5  17  64  18  51  19  81
  0  41  1  67  2  65  3  56  4  34  5  69  6  43  7  42  8  82  9  75  10  30  11  58  12  26  13  73  14  91  15  97  16  83  17  13  18  45  19  98
  0  36  1  31  2  88  3  75  4  95  5  71  6  42  7  30  8  90  9  14  10  85  11  8  12  51  13  3  14  46  15  71  16  95  17  48  18  87  19  93
  0  25  1  27  2  92  3  9  4  99  5  32  6  45  7  73  8  48  9  14  10  53  11  12  12  18  13  38  14  62  15  52  16  88  17  49  18  66  19  91
  0  2  1  96  2  99  3  36  4  70  5  85  6  74  7  90  8  76  9  53  10  96  11  19  12  70  13  68  14  70  15  92  16  30  17  20  18  87  19  83
  0  50  1  44  2  41  3  80  4  55  5  94  6  31  7  44  8  63  9  57  10  31  11  11  12  53  13  73  14  48  15  19  16  2  17  18  18  97  19  27
  0  90  1  35  2  56  3  29  4  13  5  54  6  84  7  2  8  14  9  11  10  21  11  33  12  61  13  54  14  94  15  13  16  18  17  35  18  6  19  92
  0  59  1  75  2  71  3  45  4  74  5  79  6  34  7  67  8  36  9  45  10  85  11  30  12  14  13  63  14  52  15  43  16  84  17  38  18  31  19  11
  0  62  1  48  2  2  3  88  4  43  5  38  6  22  7  46  8  40  9  15  10  97  11  45  12  53  13  77  14  96  15  35  16  10  17  18  18  15  19  51
  0  55  1  60  2  39  3  78  4  86  5  28  6  72  7  88  8  57  9  66  10  86  11  78  12  1  13  46  14  36  15  71  16  46  17  35  18  60  19  54
  0  18  1  8  2  22  3  57  4  61  5  33  6  96  7  5  8  15  9  63  10  96  11  94  12  29  13  1  14  81  15  87  16  14  17  40  18  6  19  98
  0  43  1  81  2  98  3  43  4  69  5  89  6  84  7  62  8  9  9  31  10  73  11  41  12  14  13  11  14  91  15  92  16  40  17  9  18  32  19  60
  0  62  1  58  2  41  3  83  4  17  5  50  6  66  7  2  8  63  9  29  10  44  11  18  12  91  13  23  14  96  15  29  16  20  17  32  18  55  19  1
  0  61  1  56  2  51  3  44  4  54  5  40  6  25  7  23  8  84  9  64  10  46  11  93  12  37  13  20  14  57  15  59  16  66  17  36  18  70  19  2
  0  69  1  47  2  80  3  94  4  92  5  22  6  83  7  42  8  21  9  98  10  11  11  80  12  20  13  86  14  11  15  34  16  27  17  30  18  40  19  27
  0  26  1  55  2  54  3  74  4  38  5  31  6  9  7  23  8  15  9  32  10  99  11  98  12  27  13  64  14  8  15  88  16  73  17  8  18  39  19  71
  0  54  1  84  2  65  3  57  4  92  5  43  6  94  7  15  8  87  9  39  10  56  11  91  12  40  13  33  14  50  15  60  16  79  17  49  18  9  19  31
  0  88  1  56  2  84  3  37  4  97  5  74  6  22  7  64  8  1  9  6  10  21  11  87  12  15  13  55  14  81  15  41  16  74  17  92  18  73  19  21
  0  53  1  42  2  95  3  13  4  37  5  44  6  4  7  87  8  89  9  97  10  24  11  99  12  3  13  74  14  83  15  93  16  7  17  86  18  20  19  96
  0  82  1  32  2  62  3  46  4  12  5  47  6  77  7  4  8  50  9  46  10  42  11  23  12  6  13  38  14  81  15  92  16  67  17  31  18  62  19  77
  0  9  1  73  2  70  3  3  4  61  5  93  6  81  7  80  8  42  9  35  10  2  11  67  12  62  13  4  14  72  15  84  16  70  17  65  18  20  19  70
  0  93  1  61  2  25  3  21  4  91  5  43  6  37  7  41  8  22  9  31  10  49  11  34  12  93  13  43  14  18  15  70  16  59  17  70  18  88  19  40
  0  58  1  72  2  67  3  64  4  27  5  30  6  38  7  22  8  27  9  86  10  30  11  27  12  69  13  40  14  70  15  50  16  20  17  95  18  90  19  77
  0  29  1  75  2  63  3  43  4  14  5  43  6  85  7  92  8  77  9  4  10  43  11  47  12  71  13  70  14  18  15  86  16  97  17  16  18  23  19  61
  0  34  1  57  2  77  3  17  4  27  5  31  6  54  7  78  8  65  9  53  10  68  11  27  12  57  13  92  14  82  15  74  16  52  17  80  18  46  19  16
  0  88  1  40  2  10  3  13  4  62  5  23  6  58  7  37  8  38  9  61  10  66  11  88  12  58  13  94  14  84  15  39  16  10  17  26  18  79  19  6
  0  66  1  94  2  99  3  24  4  14  5  6  6  57  7  80  8  9  9  32  10  23  11  44  12  53  13  69  14  79  15  75  16  76  17  43  18  91  19  31
  0  50  1  62  2  84  3  71  4  77  5  87  6  28  7  54  8  46  9  63  10  74  11  64  12  25  13  18  14  16  15  10  16  45  17  33  18  20  19  95
  0  93  1  44  2  91  3  40  4  20  5  28  6  68  7  12  8  24  9  65  10  27  11  87  12  74  13  10  14  70  15  63  16  87  17  90  18  30  19  77
  0  56  1  28  2  96  3  21  4  8  5  43  6  49  7  35  8  35  9  88  10  74  11  37  12  34  13  37  14  76  15  25  16  29  17  96  18  22  19  29
  0  77  1  43  2  70  3  35  4  89  5  90  6  92  7  96  8  96  9  34  10  71  11  83  12  48  13  48  14  27  15  73  16  44  17  9  18  33  19  55
TPM
  0  1591  1  1591  2  1591  3  1591  4  1591  5  1591  6  1591  7  1591  8  1591  9  1591  10  1591  11  1591  12  1591  13  1591  14  1591  15  1591  16  1591  17  1591  18  1591  19  1591
PMT
  0  9  1  80  2  4  3  6  4  69  5  96  6  58  7  75  8  7  9  2  10  9  11  65  12  73  13  52  14  32  15  11  16  16  17  85  18  97  19  87
  0  25  1  16  2  78  3  4  4  19  5  97  6  73  7  53  8  29  9  74  10  5  11  37  12  30  13  14  14  68  15  85  16  54  17  82  18  64  19  28
  0  70  1  17  2  28  3  94  4  15  5  85  6  24  7  58  8  11  9  73  10  8  11  38  12  11  13  5  14  33  15  29  16  56  17  96  18  72  19  25
  0  22  1  20  2  98  3  53  4  1  5  88  6  2  7  43  8  57  9  24  10  77  11  77  12  27  13  57  14  1  15  23  16  67  17  59  18  59  19  29
  0  70  1  24  2  22  3  29  4  4  5  38  6  66  7  5  8  34  9  10  10  86  11  84  12  43  13  46  14  56  15  84  16  62  17  98  18  19  19  25
  0  59  1  19  2  30  3  73  4  70  5  85  6  79  7  87  8  59  9  9  10  51  11  82  12  32  13  7  14  16  15  27  16  68  17  27  18  62  19  39
  0  18  1  47  2  3  3  63  4  81  5  73  6  15  7  19  8  95  9  35  10  6  11  65  12  58  13  37  14  7  15  26  16  85  17  12  18  41  19  61
  0  84  1  88  2  17  3  87  4  70  5  84  6  41  7  78  8  82  9  50  10  56  11  93  12  60  13  65  14  37  15  23  16  86  17  42  18  19  19  54
  0  20  1  83  2  30  3  77  4  64  5  18  6  43  7  3  8  45  9  86  10  86  11  46  12  1  13  76  14  73  15  19  16  98  17  14  18  28  19  17
  0  39  1  57  2  35  3  88  4  5  5  63  6  30  7  59  8  73  9  14  10  11  11  92  12  94  13  25  14  33  15  60  16  1  17  71  18  27  19  28
  0  11  1  10  2  48  3  81  4  30  5  68  6  39  7  59  8  71  9  50  10  79  11  53  12  44  13  68  14  36  15  5  16  83  17  87  18  51  19  99
  0  21  1  69  2  35  3  48  4  17  5  34  6  33  7  91  8  8  9  79  10  96  11  84  12  35  13  25  14  80  15  34  16  59  17  79  18  36  19  1
  0  80  1  42  2  79  3  86  4  19  5  75  6  50  7  78  8  16  9  31  10  94  11  7  12  71  13  12  14  38  15  40  16  23  17  84  18  25  19  36
