200  20
  0  25  1  82  2  4  3  10  4  58  5  65  6  72  7  73  8  38  9  46  10  10  11  5  12  24  13  73  14  33  15  8  16  52  17  47  18  71  19  58
  0  98  1  18  2  57  3  14  4  91  5  7  6  31  7  1  8  83  9  50  10  46  11  26  12  60  13  87  14  6  15  12  16  36  17  41  18  58  19  43
  0  78  1  65  2  24  3  97  4  47  5  54  6  57  7  77  8  49  9  47  10  37  11  69  12  43  13  65  14  48  15  14  16  47  17  55  18  18  19  33
  0  25  1  51  2  85  3  78  4  56  5  59  6  43  7  80  8  34  9  29  10  70  11  9  12  19  13  71  14  47  15  90  16  53  17  44  18  24  19  30
  0  28  1  92  2  70  3  35  4  35  5  31  6  49  7  42  8  53  9  15  10  75  11  90  12  64  13  13  14  62  15  6  16  84  17  89  18  55  19  59
  0  52  1  70  2  17  3  46  4  23  5  35  6  13  7  89  8  56  9  60  10  2  11  49  12  90  13  18  14  36  15  11  16  41  17  90  18  26  19  73
  0  78  1  75  2  35  3  68  4  60  5  56  6  79  7  65  8  24  9  7  10  78  11  68  12  75  13  25  14  74  15  82  16  17  17  14  18  1  19  27
  0  7  1  82  2  79  3  18  4  43  5  97  6  91  7  29  8  13  9  36  10  19  11  37  12  52  13  13  14  71  15  84  16  1  17  71  18  61  19  18
  0  59  1  80  2  45  3  2  4  69  5  64  6  93  7  96  8  81  9  55  10  33  11  62  12  84  13  55  14  68  15  22  16  1  17  45  18  91  19  98
  0  83  1  70  2  34  3  13  4  59  5  94  6  9  7  86  8  10  9  8  10  53  11  24  12  85  13  18  14  82  15  33  16  85  17  75  18  91  19  20
  0  57  1  94  2  81  3  79  4  5  5  86  6  95  7  49  8  87  9  13  10  86  11  7  12  68  13  11  14  52  15  31  16  43  17  76  18  13  19  49
  0  43  1  81  2  20  3  47  4  5  5  67  6  12  7  11  8  55  9  58  10  56  11  33  12  42  13  59  14  59  15  90  16  14  17  50  18  14  19  86
  0  33  1  92  2  21  3  15  4  67  5  91  6  21  7  75  8  7  9  4  10  95  11  72  12  88  13  71  14  47  15  50  16  27  17  13  18  51  19  61
  0  93  1  26  2  49  3  70  4  90  5  61  6  28  7  35  8  91  9  81  10  92  11  26  12  75  13  14  14  35  15  61  16  61  17  57  18  59  19  79
  0  9  1  12  2  17  3  82  4  67  5  23  6  40  7  2  8  68  9  81  10  14  11  86  12  1  13  9  14  98  15  16  16  16  17  7  18  92  19  77
  0  51  1  82  2  22  3  58  4  62  5  48  6  64  7  62  8  16  9  70  10  59  11  30  12  66  13  21  14  78  15  33  16  34  17  42  18  26  19  67
  0  55  1  36  2  8  3  64  4  55  5  48  6  4  7  9  8  89  9  87  10  5  11  9  12  37  13  17  14  15  15  77  16  48  17  3  18  39  19  9
  0  77  1  4  2  79  3  64  4  54  5  46  6  29  7  4  8  75  9  1  10  49  11  17  12  21  13  80  14  37  15  50  16  22  17  1  18  36  19  35
  0  40  1  84  2  58  3  48  4  28  5  13  6  2  7  78  8  94  9  25  10  86  11  70  12  77  13  46  14  49  15  71  16  5  17  86  18  62  19  1
  0  11  1  36  2  78  3  20  4  6  5  57  6  99  7  76  8  48  9  37  10  35  11  35  12  54  13  69  14  96  15  40  16  36  17  64  18  35  19  56
  0  71  1  4  2  29  3  91  4  27  5  1  6  70  7  90  8  10  9  34  10  18  11  57  12  92  13  47  14  98  15  51  16  58  17  46  18  90  19  51
  0  62  1  41  2  12  3  1  4  76  5  2  6  6  7  54  8  4  9  29  10  85  11  11  12  55  13  62  14  81  15  94  16  24  17  83  18  14  19  16
  0  16  1  66  2  80  3  33  4  6  5  97  6  19  7  81  8  36  9  69  10  97  11  60  12  77  13  14  14  48  15  74  16  10  17  31  18  19  19  91
  0  9  1  26  2  47  3  41  4  33  5  67  6  56  7  77  8  46  9  26  10  21  11  90  12  31  13  54  14  78  15  15  16  69  17  16  18  65  19  89
  0  3  1  85  2  8  3  63  4  87  5  65  6  93  7  51  8  13  9  93  10  12  11  73  12  60  13  41  14  32  15  47  16  97  17  22  18  62  19  15
  0  55  1  72  2  3  3  10  4  18  5  53  6  87  7  14  8  34  9  93  10  87  11  49  12  31  13  92  14  1  15  99  16  71  17  25  18  72  19  77
  0  5  1  19  2  8  3  52  4  99  5  24  6  73  7  33  8  50  9  70  10  1  11  57  12  94  13  82  14  41  15  20  16  98  17  10  18  28  19  70
  0  83  1  87  2  51  3  40  4  1  5  30  6  50  7  84  8  89  9  31  10  74  11  49  12  60  13  21  14  75  15  6  16  3  17  86  18  24  19  4
  0  99  1  93  2  70  3  34  4  92  5  28  6  88  7  20  8  53  9  61  10  66  11  50  12  34  13  17  14  47  15  43  16  99  17  72  18  29  19  8
  0  84  1  41  2  63  3  18  4  14  5  5  6  27  7  38  8  78  9  8  10  57  11  62  12  62  13  13  14  65  15  49  16  58  17  96  18  67  19  59
  0  20  1  31  2  12  3  44  4  35  5  67  6  83  7  39  8  23  9  37  10  3  11  38  12  84  13  22  14  71  15  82  16  57  17  66  18  22  19  78
  0  66  1  28  2  68  3  19  4  63  5  88  6  72  7  83  8  84  9  89  10  70  11  40  12  91  13  33  14  22  15  73  16  68  17  86  18  88  19  11
  0  75  1  77  2  31  3  19  4  96  5  58  6  1  7  95  8  38  9  88  10  63  11  85  12  40  13  52  14  71  15  81  16  35  17  21  18  77  19  94
  0  47  1  21  2  60  3  15  4  24  5  70  6  98  7  82  8  50  9  86  10  13  11  44  12  66  13  88  14  73  15  71  16  15  17  46  18  26  19  61
  0  63  1  43  2  2  3  43  4  7  5  50  6  99  7  60  8  17  9  46  10  59  11  17  12  4  13  22  14  71  15  89  16  26  17  35  18  88  19  44
  0  27  1  44  2  26  3  25  4  17  5  2  6  79  7  94  8  12  9  97  10  89  11  36  12  99  13  90  14  31  15  60  16  5  17  55  18  10  19  67
  0  57  1  44  2  92  3  61  4  96  5  33  6  8  7  19  8  66  9  8  10  82  11  55  12  80  13  99  14  17  15  40  16  52  17  90  18  96  19  60
  0  46  1  37  2  7  3  26  4  68  5  83  6  90  7  75  8  7  9  65  10  76  11  17  12  12  13  30  14  47  15  14  16  49  17  14  18  42  19  12
  0  73  1  58  2  20  3  42  4  23  5  58  6  97  7  80  8  9  9  65  10  69  11  20  12  58  13  5  14  60  15  89  16  49  17  60  18  67  19  50
  0  17  1  42  2  93  3  24  4  45  5  59  6  87  7  40  8  67  9  35  10  19  11  26  12  30  13  46  14  82  15  57  16  1  17  87  18  97  19  37
  0  27  1  76  2  34  3  1  4  71  5  54  6  6  7  37  8  82  9  49  10  89  11  76  12  73  13  11  14  79  15  5  16  28  17  27  18  75  19  79
  0  42  1  81  2  54  3  74  4  78  5  19  6  99  7  77  8  93  9  21  10  68  11  1  12  58  13  13  14  25  15  6  16  91  17  51  18  67  19  30
  0  62  1  68  2  34  3  70  4  46  5  61  6  69  7  78  8  39  9  67  10  66  11  49  12  45  13  54  14  32  15  19  16  19  17  15  18  43  19  8
  0  13  1  55  2  81  3  67  4  61  5  3  6  69  7  17  8  7  9  79  10  40  11  81  12  43  13  25  14  22  15  74  16  39  17  48  18  20  19  65
  0  65  1  51  2  12  3  43  4  32  5  64  6  8  7  73  8  9  9  59  10  33  11  81  12  4  13  51  14  29  15  32  16  2  17  13  18  92  19  88
  0  89  1  33  2  90  3  57  4  36  5  14  6  20  7  59  8  87  9  87  10  7  11  85  12  3  13  92  14  57  15  31  16  40  17  42  18  7  19  3
  0  63  1  67  2  32  3  54  4  43  5  33  6  21  7  91  8  53  9  50  10  13  11  56  12  94  13  23  14  53  15  73  16  12  17  20  18  39  19  20
  0  61  1  63  2  28  3  62  4  53  5  41  6  45  7  59  8  90  9  27  10  26  11  25  12  57  13  43  14  51  15  12  16  42  17  91  18  91  19  46
  0  96  1  60  2  44  3  30  4  58  5  71  6  35  7  97  8  97  9  19  10  38  11  80  12  61  13  20  14  2  15  22  16  28  17  86  18  14  19  51
  0  87  1  76  2  30  3  9  4  21  5  82  6  45  7  65  8  43  9  77  10  92  11  94  12  22  13  27  14  97  15  94  16  1  17  17  18  12  19  49
  0  76  1  71  2  17  3  88  4  23  5  67  6  64  7  88  8  44  9  59  10  93  11  8  12  17  13  59  14  57  15  74  16  43  17  65  18  13  19  51
  0  22  1  9  2  96  3  39  4  26  5  74  6  77  7  14  8  25  9  11  10  31  11  99  12  93  13  30  14  25  15  23  16  12  17  81  18  74  19  90
  0  29  1  26  2  14  3  4  4  48  5  59  6  13  7  93  8  70  9  63  10  99  11  36  12  87  13  67  14  97  15  84  16  15  17  65  18  84  19  27
  0  17  1  20  2  10  3  71  4  49  5  37  6  54  7  83  8  30  9  98  10  10  11  57  12  16  13  93  14  97  15  92  16  33  17  75  18  75  19  89
  0  9  1  39  2  97  3  9  4  81  5  97  6  9  7  34  8  1  9  1  10  14  11  52  12  44  13  24  14  34  15  39  16  2  17  21  18  44  19  1
  0  10  1  22  2  70  3  20  4  46  5  9  6  62  7  4  8  8  9  19  10  91  11  38  12  20  13  40  14  41  15  87  16  77  17  9  18  64  19  95
  0  4  1  21  2  57  3  79  4  59  5  17  6  62  7  28  8  66  9  3  10  77  11  30  12  16  13  18  14  74  15  11  16  70  17  57  18  22  19  43
  0  87  1  16  2  80  3  65  4  23  5  7  6  12  7  16  8  84  9  74  10  17  11  76  12  53  13  7  14  2  15  80  16  96  17  6  18  23  19  16
  0  19  1  89  2  84  3  53  4  48  5  16  6  61  7  63  8  45  9  63  10  85  11  94  12  75  13  7  14  28  15  48  16  97  17  66  18  37  19  64
  0  41  1  32  2  43  3  87  4  85  5  76  6  27  7  99  8  71  9  14  10  14  11  30  12  90  13  78  14  37  15  79  16  37  17  11  18  89  19  13
  0  35  1  89  2  58  3  16  4  54  5  45  6  94  7  18  8  79  9  35  10  88  11  31  12  20  13  82  14  36  15  39  16  43  17  87  18  12  19  59
  0  84  1  77  2  3  3  53  4  70  5  57  6  56  7  44  8  48  9  62  10  41  11  97  12  15  13  39  14  39  15  42  16  88  17  99  18  8  19  55
  0  61  1  20  2  83  3  38  4  27  5  92  6  11  7  45  8  79  9  38  10  28  11  60  12  19  13  47  14  31  15  17  16  8  17  1  18  8  19  10
  0  76  1  90  2  15  3  56  4  63  5  53  6  23  7  87  8  29  9  52  10  67  11  93  12  95  13  16  14  83  15  36  16  1  17  90  18  5  19  19
  0  54  1  64  2  42  3  75  4  39  5  85  6  5  7  3  8  7  9  72  10  99  11  63  12  54  13  84  14  32  15  27  16  71  17  12  18  99  19  40
  0  6  1  99  2  42  3  16  4  90  5  6  6  97  7  2  8  13  9  70  10  71  11  76  12  34  13  39  14  19  15  59  16  92  17  73  18  6  19  48
  0  31  1  27  2  89  3  20  4  42  5  93  6  33  7  54  8  33  9  35  10  55  11  65  12  35  13  53  14  71  15  59  16  15  17  64  18  78  19  39
  0  66  1  90  2  86  3  36  4  94  5  79  6  15  7  40  8  12  9  1  10  82  11  39  12  1  13  7  14  76  15  23  16  36  17  33  18  78  19  79
  0  54  1  82  2  71  3  5  4  14  5  36  6  66  7  11  8  91  9  52  10  25  11  77  12  98  13  71  14  49  15  17  16  20  17  36  18  84  19  22
  0  11  1  76  2  56  3  14  4  96  5  44  6  8  7  39  8  64  9  80  10  51  11  49  12  46  13  50  14  23  15  77  16  22  17  86  18  8  19  9
  0  5  1  22  2  79  3  72  4  79  5  99  6  73  7  39  8  99  9  3  10  77  11  86  12  84  13  19  14  17  15  62  16  54  17  59  18  75  19  63
  0  88  1  80  2  52  3  8  4  29  5  76  6  82  7  78  8  23  9  58  10  44  11  45  12  95  13  13  14  33  15  9  16  11  17  26  18  96  19  25
  0  33  1  10  2  36  3  94  4  14  5  65  6  25  7  26  8  67  9  61  10  14  11  17  12  3  13  39  14  4  15  5  16  30  17  36  18  17  19  79
  0  61  1  18  2  97  3  61  4  60  5  54  6  19  7  94  8  29  9  62  10  77  11  98  12  27  13  29  14  1  15  78  16  60  17  61  18  13  19  96
  0  88  1  51  2  7  3  47  4  32  5  27  6  48  7  89  8  85  9  44  10  86  11  28  12  67  13  46  14  59  15  52  16  57  17  66  18  17  19  67
  0  1  1  88  2  91  3  85  4  95  5  68  6  7  7  51  8  69  9  72  10  79  11  20  12  29  13  15  14  82  15  30  16  38  17  79  18  48  19  14
  0  38  1  55  2  51  3  50  4  52  5  37  6  90  7  61  8  98  9  55  10  52  11  88  12  28  13  46  14  38  15  13  16  60  17  77  18  83  19  99
  0  68  1  74  2  99  3  92  4  56  5  30  6  12  7  65  8  11  9  96  10  86  11  29  12  40  13  62  14  62  15  45  16  10  17  99  18  24  19  85
  0  58  1  17  2  95  3  47  4  45  5  41  6  35  7  8  8  53  9  43  10  57  11  90  12  69  13  57  14  13  15  60  16  95  17  63  18  13  19  80
  0  77  1  40  2  67  3  89  4  48  5  97  6  68  7  93  8  17  9  58  10  61  11  75  12  63  13  38  14  62  15  60  16  17  17  43  18  21  19  2
  0  10  1  92  2  47  3  63  4  63  5  27  6  32  7  24  8  30  9  69  10  50  11  30  12  95  13  37  14  14  15  52  16  31  17  31  18  13  19  48
  0  33  1  48  2  74  3  29  4  4  5  93  6  13  7  70  8  43  9  87  10  54  11  25  12  77  13  91  14  70  15  35  16  29  17  3  18  41  19  34
  0  2  1  92  2  32  3  94  4  54  5  80  6  69  7  73  8  62  9  74  10  34  11  40  12  3  13  21  14  7  15  98  16  23  17  46  18  54  19  45
  0  57  1  71  2  15  3  13  4  9  5  44  6  39  7  3  8  24  9  18  10  91  11  92  12  10  13  66  14  12  15  81  16  79  17  25  18  99  19  14
  0  24  1  75  2  66  3  77  4  49  5  42  6  72  7  87  8  25  9  49  10  38  11  79  12  23  13  58  14  2  15  98  16  65  17  94  18  58  19  35
  0  90  1  18  2  8  3  53  4  12  5  13  6  88  7  24  8  26  9  89  10  88  11  32  12  8  13  24  14  38  15  45  16  83  17  90  18  53  19  49
  0  69  1  45  2  60  3  97  4  38  5  74  6  34  7  18  8  16  9  26  10  31  11  79  12  54  13  66  14  81  15  22  16  21  17  44  18  8  19  82
  0  83  1  57  2  40  3  91  4  10  5  47  6  75  7  2  8  93  9  59  10  3  11  91  12  76  13  63  14  64  15  47  16  34  17  10  18  52  19  11
  0  37  1  60  2  53  3  61  4  22  5  36  6  79  7  55  8  11  9  59  10  59  11  44  12  74  13  77  14  81  15  54  16  37  17  11  18  98  19  86
  0  56  1  56  2  47  3  71  4  23  5  26  6  37  7  3  8  73  9  20  10  18  11  15  12  15  13  58  14  20  15  80  16  83  17  19  18  33  19  61
  0  12  1  48  2  77  3  23  4  52  5  59  6  56  7  87  8  4  9  21  10  21  11  13  12  27  13  3  14  78  15  98  16  41  17  40  18  12  19  67
  0  53  1  22  2  10  3  71  4  40  5  20  6  17  7  14  8  14  9  16  10  49  11  2  12  12  13  90  14  43  15  58  16  6  17  80  18  32  19  57
  0  29  1  22  2  54  3  70  4  45  5  34  6  62  7  33  8  25  9  6  10  66  11  68  12  2  13  99  14  31  15  23  16  15  17  84  18  29  19  15
  0  67  1  46  2  2  3  87  4  57  5  53  6  82  7  17  8  56  9  79  10  92  11  31  12  45  13  98  14  5  15  26  16  34  17  98  18  34  19  88
  0  24  1  8  2  24  3  60  4  81  5  99  6  1  7  15  8  45  9  31  10  33  11  15  12  82  13  40  14  35  15  81  16  51  17  92  18  67  19  91
  0  54  1  61  2  47  3  79  4  86  5  71  6  72  7  25  8  97  9  62  10  98  11  28  12  45  13  25  14  54  15  26  16  86  17  33  18  61  19  91
  0  49  1  75  2  5  3  21  4  82  5  44  6  65  7  98  8  56  9  56  10  12  11  2  12  88  13  92  14  22  15  74  16  98  17  5  18  54  19  85
  0  25  1  1  2  32  3  68  4  54  5  21  6  70  7  71  8  44  9  74  10  75  11  1  12  49  13  74  14  12  15  14  16  70  17  18  18  78  19  7
  0  91  1  76  2  79  3  94  4  76  5  7  6  62  7  87  8  35  9  97  10  43  11  6  12  86  13  6  14  79  15  75  16  75  17  50  18  32  19  33
  0  16  1  62  2  25  3  90  4  77  5  24  6  19  7  56  8  35  9  35  10  30  11  21  12  35  13  78  14  77  15  43  16  70  17  97  18  37  19  95
  0  56  1  90  2  25  3  57  4  37  5  84  6  58  7  68  8  89  9  56  10  44  11  71  12  93  13  99  14  13  15  13  16  73  17  58  18  86  19  84
  0  45  1  82  2  47  3  14  4  20  5  76  6  57  7  46  8  55  9  27  10  34  11  73  12  29  13  62  14  83  15  91  16  11  17  55  18  54  19  18
  0  35  1  72  2  57  3  74  4  5  5  54  6  61  7  18  8  84  9  51  10  69  11  10  12  53  13  63  14  26  15  5  16  41  17  69  18  17  19  30
  0  46  1  18  2  60  3  97  4  31  5  31  6  94  7  34  8  28  9  53  10  24  11  46  12  10  13  20  14  65  15  55  16  6  17  57  18  14  19  61
  0  64  1  14  2  18  3  23  4  95  5  93  6  34  7  66  8  48  9  51  10  99  11  46  12  95  13  60  14  45  15  50  16  46  17  54  18  33  19  88
  0  91  1  25  2  94  3  26  4  67  5  9  6  11  7  55  8  89  9  4  10  34  11  95  12  77  13  99  14  78  15  90  16  91  17  2  18  9  19  23
  0  50  1  1  2  93  3  75  4  86  5  4  6  36  7  10  8  65  9  28  10  66  11  33  12  85  13  33  14  64  15  81  16  21  17  40  18  77  19  42
  0  80  1  53  2  5  3  78  4  92  5  98  6  91  7  55  8  41  9  32  10  56  11  50  12  14  13  87  14  33  15  22  16  33  17  66  18  4  19  59
  0  87  1  87  2  58  3  25  4  77  5  54  6  1  7  90  8  40  9  1  10  98  11  10  12  36  13  28  14  32  15  69  16  90  17  40  18  92  19  35
  0  29  1  44  2  56  3  76  4  61  5  70  6  95  7  19  8  84  9  29  10  37  11  83  12  22  13  7  14  67  15  95  16  19  17  77  18  42  19  81
  0  53  1  69  2  49  3  78  4  45  5  16  6  38  7  26  8  55  9  93  10  15  11  27  12  23  13  9  14  57  15  79  16  77  17  95  18  7  19  24
  0  23  1  34  2  44  3  66  4  82  5  99  6  50  7  55  8  42  9  8  10  96  11  33  12  47  13  14  14  53  15  94  16  32  17  68  18  70  19  11
  0  82  1  66  2  84  3  4  4  70  5  13  6  75  7  90  8  99  9  1  10  35  11  24  12  62  13  91  14  56  15  96  16  92  17  18  18  53  19  89
  0  63  1  63  2  43  3  76  4  63  5  88  6  75  7  34  8  50  9  2  10  91  11  86  12  74  13  6  14  25  15  14  16  7  17  56  18  3  19  90
  0  27  1  10  2  95  3  30  4  48  5  73  6  24  7  62  8  82  9  54  10  24  11  59  12  82  13  76  14  31  15  95  16  6  17  39  18  31  19  94
  0  90  1  94  2  87  3  18  4  39  5  98  6  52  7  82  8  45  9  53  10  95  11  15  12  14  13  38  14  49  15  80  16  62  17  17  18  17  19  54
  0  92  1  37  2  2  3  6  4  80  5  93  6  78  7  24  8  32  9  99  10  75  11  4  12  72  13  91  14  65  15  70  16  94  17  68  18  79  19  13
  0  84  1  32  2  86  3  46  4  74  5  89  6  2  7  40  8  16  9  22  10  26  11  62  12  66  13  38  14  22  15  43  16  23  17  74  18  76  19  47
  0  60  1  93  2  13  3  15  4  50  5  99  6  49  7  12  8  66  9  80  10  16  11  82  12  6  13  37  14  72  15  24  16  79  17  57  18  3  19  1
  0  56  1  53  2  62  3  81  4  60  5  65  6  16  7  62  8  55  9  93  10  83  11  3  12  64  13  33  14  91  15  9  16  11  17  89  18  86  19  11
  0  88  1  37  2  64  3  48  4  73  5  22  6  25  7  34  8  57  9  22  10  48  11  81  12  59  13  40  14  58  15  7  16  36  17  65  18  9  19  34
  0  10  1  41  2  32  3  81  4  77  5  18  6  6  7  89  8  75  9  99  10  44  11  39  12  1  13  81  14  24  15  40  16  33  17  59  18  84  19  18
  0  94  1  54  2  81  3  26  4  37  5  75  6  64  7  34  8  62  9  27  10  24  11  2  12  97  13  18  14  22  15  22  16  90  17  41  18  94  19  92
  0  94  1  28  2  9  3  68  4  52  5  94  6  88  7  66  8  15  9  33  10  62  11  66  12  36  13  15  14  87  15  6  16  34  17  16  18  54  19  61
  0  19  1  74  2  76  3  87  4  17  5  41  6  23  7  17  8  52  9  79  10  41  11  76  12  54  13  39  14  86  15  72  16  99  17  96  18  47  19  14
  0  31  1  42  2  38  3  22  4  84  5  52  6  98  7  18  8  27  9  82  10  19  11  88  12  88  13  74  14  79  15  89  16  44  17  42  18  76  19  10
  0  68  1  3  2  77  3  28  4  72  5  60  6  7  7  26  8  7  9  47  10  86  11  43  12  75  13  98  14  64  15  79  16  99  17  4  18  92  19  88
  0  24  1  59  2  71  3  17  4  67  5  29  6  40  7  83  8  42  9  64  10  95  11  96  12  3  13  68  14  76  15  58  16  99  17  84  18  16  19  7
  0  47  1  45  2  85  3  92  4  28  5  30  6  62  7  85  8  98  9  97  10  92  11  67  12  68  13  97  14  45  15  49  16  54  17  82  18  61  19  20
  0  54  1  68  2  61  3  24  4  76  5  23  6  59  7  8  8  21  9  67  10  82  11  93  12  99  13  28  14  19  15  76  16  47  17  77  18  24  19  37
  0  58  1  50  2  66  3  32  4  35  5  9  6  93  7  88  8  59  9  16  10  41  11  27  12  8  13  26  14  26  15  90  16  70  17  2  18  92  19  42
  0  51  1  30  2  96  3  66  4  52  5  71  6  58  7  85  8  78  9  95  10  12  11  84  12  12  13  65  14  26  15  86  16  33  17  71  18  89  19  42
  0  99  1  51  2  72  3  8  4  14  5  25  6  12  7  46  8  22  9  30  10  85  11  53  12  41  13  55  14  65  15  6  16  1  17  91  18  69  19  87
  0  47  1  53  2  59  3  27  4  51  5  37  6  32  7  62  8  2  9  25  10  28  11  17  12  98  13  49  14  44  15  46  16  63  17  65  18  12  19  91
  0  26  1  21  2  94  3  61  4  72  5  92  6  18  7  95  8  49  9  44  10  15  11  28  12  62  13  34  14  68  15  18  16  24  17  50  18  86  19  16
  0  15  1  76  2  23  3  21  4  88  5  8  6  41  7  97  8  33  9  63  10  88  11  81  12  35  13  77  14  23  15  10  16  59  17  53  18  4  19  21
  0  8  1  23  2  49  3  27  4  17  5  35  6  12  7  60  8  38  9  76  10  41  11  32  12  78  13  95  14  9  15  67  16  11  17  66  18  42  19  96
  0  80  1  48  2  76  3  19  4  61  5  91  6  17  7  72  8  51  9  16  10  93  11  68  12  95  13  59  14  25  15  82  16  83  17  66  18  35  19  10
  0  58  1  77  2  87  3  19  4  33  5  14  6  41  7  65  8  13  9  3  10  22  11  54  12  47  13  62  14  78  15  61  16  72  17  44  18  67  19  47
  0  27  1  18  2  77  3  24  4  41  5  26  6  90  7  67  8  22  9  55  10  50  11  74  12  7  13  3  14  67  15  16  16  50  17  30  18  93  19  30
  0  50  1  32  2  50  3  57  4  57  5  62  6  68  7  16  8  94  9  6  10  14  11  59  12  2  13  66  14  64  15  79  16  77  17  35  18  88  19  33
  0  70  1  39  2  42  3  12  4  64  5  92  6  66  7  84  8  34  9  6  10  63  11  76  12  87  13  10  14  91  15  70  16  17  17  22  18  91  19  42
  0  13  1  34  2  37  3  61  4  20  5  29  6  86  7  25  8  47  9  35  10  55  11  7  12  54  13  72  14  66  15  33  16  69  17  75  18  13  19  16
  0  22  1  66  2  65  3  21  4  94  5  32  6  8  7  34  8  17  9  24  10  62  11  51  12  69  13  78  14  67  15  30  16  61  17  39  18  93  19  52
  0  2  1  16  2  26  3  91  4  78  5  23  6  46  7  98  8  18  9  68  10  84  11  27  12  85  13  3  14  37  15  83  16  51  17  32  18  55  19  64
  0  28  1  70  2  66  3  5  4  63  5  75  6  77  7  70  8  39  9  92  10  58  11  56  12  98  13  6  14  28  15  68  16  32  17  70  18  77  19  22
  0  63  1  79  2  3  3  59  4  28  5  66  6  33  7  81  8  45  9  81  10  83  11  55  12  7  13  72  14  57  15  18  16  54  17  52  18  84  19  16
  0  95  1  50  2  70  3  32  4  4  5  71  6  84  7  94  8  86  9  13  10  26  11  68  12  18  13  4  14  32  15  84  16  84  17  77  18  31  19  38
  0  70  1  93  2  39  3  76  4  90  5  60  6  62  7  55  8  55  9  23  10  55  11  23  12  10  13  37  14  44  15  78  16  90  17  20  18  17  19  2
  0  95  1  58  2  26  3  55  4  50  5  26  6  85  7  96  8  25  9  17  10  29  11  76  12  30  13  19  14  65  15  75  16  1  17  73  18  75  19  35
  0  41  1  93  2  96  3  75  4  91  5  43  6  11  7  92  8  41  9  96  10  37  11  1  12  97  13  31  14  85  15  48  16  88  17  20  18  21  19  21
  0  50  1  30  2  42  3  20  4  34  5  46  6  98  7  75  8  41  9  68  10  65  11  25  12  43  13  55  14  65  15  85  16  84  17  20  18  22  19  75
  0  45  1  85  2  57  3  79  4  13  5  69  6  80  7  68  8  17  9  49  10  38  11  6  12  94  13  28  14  11  15  95  16  2  17  6  18  71  19  75
  0  96  1  15  2  67  3  46  4  50  5  92  6  60  7  91  8  64  9  85  10  52  11  29  12  98  13  11  14  80  15  98  16  43  17  24  18  56  19  86
  0  79  1  65  2  87  3  26  4  27  5  84  6  90  7  31  8  59  9  64  10  12  11  51  12  38  13  96  14  88  15  70  16  9  17  76  18  28  19  56
  0  39  1  21  2  93  3  56  4  8  5  34  6  9  7  98  8  74  9  61  10  32  11  26  12  76  13  9  14  61  15  86  16  45  17  38  18  62  19  55
  0  39  1  31  2  42  3  58  4  17  5  12  6  6  7  21  8  24  9  66  10  57  11  71  12  50  13  70  14  59  15  63  16  84  17  57  18  37  19  96
  0  75  1  61  2  93  3  59  4  65  5  12  6  96  7  14  8  84  9  89  10  23  11  99  12  84  13  50  14  81  15  24  16  68  17  73  18  66  19  72
  0  57  1  14  2  85  3  54  4  73  5  44  6  84  7  56  8  51  9  22  10  56  11  84  12  96  13  18  14  98  15  14  16  64  17  91  18  78  19  65
  0  9  1  7  2  91  3  95  4  43  5  8  6  43  7  54  8  10  9  6  10  88  11  51  12  30  13  56  14  93  15  48  16  15  17  16  18  23  19  43
  0  34  1  7  2  53  3  32  4  73  5  39  6  75  7  65  8  46  9  57  10  35  11  23  12  18  13  20  14  8  15  78  16  74  17  28  18  37  19  33
  0  42  1  50  2  60  3  37  4  20  5  22  6  9  7  25  8  15  9  22  10  48  11  33  12  70  13  32  14  9  15  84  16  23  17  47  18  23  19  44
  0  43  1  6  2  41  3  95  4  42  5  23  6  31  7  82  8  43  9  74  10  65  11  19  12  48  13  60  14  41  15  57  16  62  17  29  18  2  19  79
  0  46  1  64  2  55  3  39  4  4  5  53  6  2  7  65  8  43  9  79  10  9  11  30  12  45  13  24  14  16  15  18  16  47  17  74  18  42  19  46
  0  21  1  49  2  30  3  47  4  94  5  4  6  58  7  94  8  51  9  80  10  89  11  38  12  14  13  9  14  60  15  72  16  87  17  70  18  3  19  72
  0  18  1  84  2  72  3  56  4  99  5  87  6  25  7  52  8  28  9  96  10  40  11  7  12  90  13  94  14  25  15  30  16  30  17  64  18  11  19  82
  0  39  1  74  2  36  3  48  4  56  5  84  6  97  7  49  8  79  9  17  10  79  11  81  12  13  13  27  14  23  15  4  16  13  17  60  18  76  19  86
  0  17  1  77  2  46  3  6  4  39  5  89  6  41  7  57  8  85  9  37  10  69  11  4  12  33  13  92  14  49  15  88  16  46  17  85  18  23  19  83
  0  49  1  68  2  95  3  46  4  74  5  86  6  40  7  10  8  47  9  95  10  29  11  36  12  74  13  66  14  2  15  83  16  62  17  55  18  63  19  93
  0  77  1  34  2  72  3  94  4  3  5  10  6  80  7  62  8  86  9  68  10  13  11  93  12  70  13  41  14  10  15  92  16  36  17  54  18  72  19  61
  0  23  1  38  2  80  3  43  4  96  5  77  6  66  7  84  8  67  9  50  10  72  11  80  12  3  13  78  14  31  15  43  16  71  17  87  18  30  19  97
  0  14  1  56  2  63  3  99  4  26  5  85  6  73  7  29  8  10  9  37  10  42  11  94  12  21  13  17  14  78  15  75  16  12  17  90  18  22  19  53
  0  63  1  70  2  44  3  38  4  40  5  9  6  24  7  87  8  23  9  76  10  41  11  53  12  97  13  34  14  91  15  21  16  8  17  94  18  38  19  35
  0  92  1  56  2  38  3  2  4  76  5  54  6  15  7  27  8  81  9  49  10  71  11  36  12  71  13  55  14  52  15  60  16  54  17  77  18  4  19  20
  0  96  1  18  2  3  3  10  4  42  5  52  6  34  7  80  8  15  9  1  10  46  11  69  12  64  13  45  14  22  15  22  16  84  17  60  18  26  19  21
  0  99  1  59  2  36  3  80  4  20  5  78  6  61  7  19  8  89  9  52  10  89  11  80  12  91  13  41  14  48  15  79  16  80  17  25  18  47  19  2
  0  53  1  73  2  38  3  67  4  87  5  54  6  24  7  50  8  96  9  33  10  92  11  3  12  91  13  91  14  59  15  38  16  42  17  56  18  34  19  62
  0  76  1  14  2  74  3  65  4  64  5  64  6  59  7  96  8  82  9  29  10  10  11  11  12  38  13  23  14  47  15  41  16  6  17  44  18  46  19  30
  0  23  1  61  2  44  3  48  4  18  5  81  6  2  7  58  8  83  9  42  10  29  11  16  12  25  13  55  14  18  15  17  16  28  17  94  18  59  19  24
  0  48  1  8  2  20  3  33  4  89  5  96  6  6  7  77  8  48  9  93  10  60  11  57  12  33  13  21  14  52  15  58  16  71  17  28  18  48  19  93
  0  94  1  29  2  97  3  80  4  29  5  87  6  53  7  35  8  55  9  29  10  20  11  51  12  11  13  66  14  94  15  98  16  40  17  83  18  37  19  41
  0  25  1  92  2  8  3  80  4  50  5  79  6  35  7  60  8  76  9  95  10  2  11  99  12  34  13  49  14  87  15  33  16  67  17  33  18  82  19  65
  0  75  1  52  2  56  3  93  4  38  5  76  6  72  7  37  8  26  9  9  10  63  11  74  12  30  13  46  14  3  15  97  16  60  17  90  18  55  19  8
  0  90  1  9  2  85  3  32  4  68  5  74  6  44  7  29  8  98  9  28  10  78  11  10  12  75  13  41  14  29  15  94  16  28  17  70  18  14  19  79
  0  93  1  39  2  99  3  94  4  40  5  73  6  25  7  60  8  3  9  99  10  23  11  81  12  6  13  61  14  44  15  47  16  73  17  14  18  5  19  99
  0  66  1  24  2  82  3  20  4  2  5  57  6  45  7  23  8  15  9  48  10  96  11  60  12  95  13  78  14  58  15  96  16  13  17  8  18  30  19  70
  0  78  1  40  2  90  3  90  4  45  5  8  6  41  7  4  8  29  9  18  10  4  11  52  12  95  13  86  14  9  15  97  16  56  17  54  18  55  19  72
  0  61  1  71  2  20  3  13  4  93  5  71  6  46  7  49  8  90  9  96  10  40  11  82  12  43  13  33  14  58  15  66  16  64  17  67  18  62  19  64
  0  28  1  74  2  70  3  71  4  94  5  93  6  41  7  98  8  99  9  74  10  57  11  67  12  66  13  66  14  5  15  74  16  58  17  1  18  63  19  2
  0  98  1  99  2  48  3  2  4  11  5  90  6  70  7  69  8  53  9  24  10  11  11  89  12  67  13  10  14  30  15  17  16  55  17  40  18  33  19  28
  0  52  1  49  2  92  3  55  4  60  5  24  6  90  7  82  8  64  9  87  10  10  11  78  12  45  13  93  14  20  15  84  16  56  17  14  18  17  19  88
  0  34  1  25  2  14  3  43  4  52  5  92  6  1  7  27  8  50  9  32  10  8  11  45  12  88  13  96  14  49  15  11  16  7  17  98  18  37  19  75
  0  96  1  94  2  75  3  78  4  19  5  67  6  87  7  41  8  9  9  91  10  32  11  35  12  60  13  81  14  16  15  90  16  96  17  26  18  99  19  15
  0  37  1  91  2  60  3  58  4  44  5  27  6  60  7  37  8  2  9  10  10  26  11  96  12  49  13  21  14  50  15  79  16  94  17  24  18  56  19  29
  0  56  1  3  2  97  3  51  4  22  5  69  6  82  7  98  8  22  9  57  10  36  11  71  12  55  13  53  14  55  15  28  16  11  17  38  18  3  19  61
  0  73  1  38  2  57  3  87  4  21  5  5  6  17  7  36  8  27  9  81  10  2  11  62  12  45  13  15  14  39  15  1  16  37  17  29  18  1  19  35
  0  58  1  68  2  17  3  63  4  28  5  67  6  28  7  68  8  38  9  18  10  2  11  39  12  85  13  32  14  54  15  91  16  21  17  26  18  53  19  77
  0  55  1  71  2  68  3  3  4  79  5  83  6  28  7  79  8  60  9  63  10  76  11  71  12  41  13  81  14  43  15  34  16  58  17  96  18  82  19  41
  0  35  1  42  2  25  3  51  4  32  5  3  6  56  7  54  8  64  9  2  10  34  11  11  12  2  13  38  14  71  15  66  16  20  17  57  18  79  19  6
  0  77  1  41  2  36  3  77  4  17  5  60  6  12  7  4  8  37  9  20  10  96  11  64  12  65  13  75  14  86  15  6  16  40  17  23  18  26  19  25
TPM
  0  2033  1  2033  2  2033  3  2033  4  2033  5  2033  6  2033  7  2033  8  2033  9  2033  10  2033  11  2033  12  2033  13  2033  14  2033  15  2033  16  2033  17  2033  18  2033  19  2033
PMT
  0  94  1  108  2  34  3  24  4  87  5  54  6  121  7  24  8  109  9  85  10  71  11  32  12  9  13  116  14  34  15  33  16  47  17  6  18  16  19  86
  0  41  1  36  2  18  3  5  4  68  5  91  6  57  7  47  8  87  9  43  10  58  11  62  12  107  13  97  14  123  15  78  16  59  17  74  18  3  19  97
  0  73  1  52  2  82  3  16  4  1  5  20  6  23  7  117  8  79  9  68  10  44  11  4  12  124  13  35  14  65  15  98  16  102  17  98  18  11  19  11
  0  19  1  47  2  25  3  101  4  44  5  12  6  10  7  98  8  6  9  93  10  14  11  18  12  84  13  112  14  75  15  82  16  54  17  87  18  118  19  69
  0  78  1  110  2  75  3  70  4  94  5  47  6  122  7  73  8  108  9  30  10  29  11  6  12  1  13  2  14  85  15  88  16  87  17  67  18  12  19  98
  0  117  1  113  2  28  3  59  4  11  5  20  6  45  7  15  8  66  9  99  10  83  11  110  12  15  13  32  14  83  15  68  16  97  17  114  18  9  19  83
  0  84  1  39  2  108  3  51  4  107  5  70  6  45  7  88  8  57  9  32  10  68  11  67  12  64  13  29  14  4  15  64  16  40  17  13  18  46  19  3
  0  97  1  40  2  77  3  91  4  118  5  27  6  34  7  2  8  13  9  48  10  10  11  94  12  96  13  13  14  48  15  73  16  79  17  121  18  108  19  47
  0  31  1  92  2  110  3  87  4  118  5  3  6  111  7  61  8  58  9  66  10  65  11  21  12  4  13  99  14  36  15  111  16  5  17  92  18  13  19  94
  0  70  1  49  2  121  3  12  4  35  5  77  6  82  7  31  8  69  9  104  10  4  11  34  12  97  13  114  14  64  15  86  16  33  17  90  18  111  19  22
