100  15
  0  80  1  34  2  42  3  40  4  92  5  52  6  31  7  70  8  31  9  78  10  26  11  86  12  17  13  14  14  7
  0  1  1  63  2  51  3  59  4  52  5  64  6  72  7  97  8  4  9  68  10  42  11  43  12  23  13  35  14  43
  0  24  1  3  2  18  3  40  4  17  5  26  6  37  7  76  8  24  9  74  10  17  11  19  12  59  13  43  14  17
  0  34  1  8  2  16  3  68  4  43  5  46  6  94  7  4  8  86  9  70  10  4  11  42  12  14  13  61  14  10
  0  55  1  50  2  60  3  25  4  47  5  41  6  73  7  79  8  6  9  48  10  97  11  94  12  14  13  52  14  54
  0  83  1  33  2  8  3  57  4  55  5  85  6  25  7  67  8  10  9  18  10  90  11  4  12  51  13  3  14  56
  0  5  1  43  2  18  3  46  4  82  5  92  6  14  7  62  8  82  9  42  10  48  11  4  12  69  13  93  14  70
  0  8  1  89  2  99  3  58  4  93  5  75  6  98  7  49  8  66  9  2  10  77  11  30  12  99  13  6  14  81
  0  63  1  17  2  36  3  24  4  70  5  40  6  77  7  34  8  92  9  64  10  79  11  78  12  15  13  86  14  92
  0  30  1  10  2  95  3  63  4  53  5  38  6  4  7  69  8  72  9  22  10  67  11  89  12  93  13  68  14  34
  0  26  1  26  2  12  3  23  4  31  5  23  6  7  7  1  8  22  9  23  10  85  11  39  12  64  13  70  14  59
  0  47  1  59  2  54  3  35  4  12  5  81  6  75  7  70  8  11  9  35  10  46  11  94  12  62  13  40  14  77
  0  60  1  26  2  51  3  9  4  11  5  83  6  81  7  83  8  74  9  52  10  83  11  75  12  20  13  12  14  99
  0  22  1  36  2  44  3  3  4  16  5  24  6  32  7  68  8  69  9  3  10  45  11  58  12  34  13  82  14  18
  0  20  1  67  2  38  3  12  4  9  5  50  6  5  7  93  8  91  9  18  10  74  11  80  12  16  13  56  14  49
  0  39  1  13  2  56  3  99  4  46  5  93  6  57  7  29  8  17  9  60  10  6  11  36  12  92  13  14  14  99
  0  27  1  32  2  66  3  23  4  31  5  38  6  63  7  67  8  9  9  29  10  81  11  9  12  56  13  24  14  63
  0  73  1  54  2  14  3  94  4  17  5  9  6  26  7  42  8  19  9  83  10  9  11  9  12  29  13  20  14  98
  0  65  1  48  2  96  3  38  4  75  5  21  6  73  7  58  8  21  9  71  10  18  11  49  12  83  13  9  14  22
  0  84  1  60  2  80  3  42  4  59  5  1  6  69  7  22  8  66  9  97  10  33  11  93  12  33  13  78  14  51
  0  60  1  67  2  66  3  30  4  89  5  1  6  12  7  63  8  99  9  32  10  25  11  69  12  4  13  95  14  45
  0  41  1  27  2  18  3  28  4  77  5  47  6  30  7  50  8  96  9  98  10  57  11  48  12  30  13  45  14  98
  0  50  1  57  2  9  3  59  4  57  5  44  6  25  7  19  8  99  9  69  10  47  11  31  12  57  13  62  14  13
  0  93  1  27  2  98  3  75  4  38  5  78  6  9  7  29  8  17  9  27  10  6  11  3  12  97  13  22  14  34
  0  96  1  96  2  15  3  99  4  73  5  92  6  70  7  31  8  53  9  21  10  30  11  77  12  52  13  30  14  42
  0  48  1  70  2  50  3  5  4  47  5  24  6  20  7  12  8  64  9  75  10  41  11  78  12  20  13  97  14  92
  0  85  1  64  2  86  3  99  4  81  5  2  6  12  7  45  8  25  9  79  10  49  11  71  12  59  13  50  14  55
  0  15  1  38  2  19  3  75  4  56  5  67  6  19  7  82  8  91  9  18  10  79  11  98  12  58  13  17  14  86
  0  47  1  55  2  43  3  38  4  30  5  66  6  70  7  60  8  34  9  49  10  31  11  22  12  14  13  67  14  4
  0  66  1  96  2  76  3  47  4  63  5  6  6  84  7  20  8  20  9  11  10  42  11  75  12  34  13  40  14  55
  0  17  1  69  2  20  3  9  4  41  5  64  6  15  7  36  8  18  9  38  10  98  11  97  12  84  13  36  14  76
  0  37  1  47  2  29  3  20  4  18  5  7  6  63  7  16  8  90  9  77  10  24  11  20  12  18  13  52  14  55
  0  65  1  53  2  19  3  56  4  82  5  80  6  61  7  50  8  10  9  30  10  72  11  70  12  21  13  42  14  75
  0  46  1  91  2  41  3  37  4  58  5  68  6  45  7  96  8  99  9  35  10  14  11  73  12  76  13  73  14  22
  0  4  1  12  2  68  3  5  4  27  5  53  6  6  7  8  8  28  9  95  10  57  11  54  12  98  13  63  14  63
  0  87  1  78  2  20  3  40  4  76  5  82  6  94  7  87  8  74  9  33  10  44  11  69  12  76  13  52  14  93
  0  86  1  17  2  77  3  22  4  68  5  95  6  8  7  86  8  61  9  36  10  2  11  97  12  79  13  95  14  73
  0  91  1  41  2  2  3  59  4  72  5  30  6  69  7  59  8  3  9  25  10  31  11  73  12  67  13  5  14  81
  0  74  1  60  2  25  3  21  4  7  5  47  6  12  7  46  8  93  9  5  10  22  11  18  12  84  13  47  14  70
  0  27  1  88  2  2  3  23  4  7  5  71  6  63  7  97  8  80  9  7  10  62  11  30  12  44  13  12  14  32
  0  98  1  18  2  13  3  33  4  7  5  13  6  17  7  94  8  70  9  7  10  81  11  73  12  61  13  14  14  16
  0  34  1  5  2  1  3  50  4  10  5  27  6  84  7  60  8  96  9  2  10  3  11  28  12  77  13  52  14  55
  0  83  1  99  2  89  3  54  4  56  5  38  6  3  7  27  8  20  9  17  10  45  11  62  12  31  13  80  14  57
  0  91  1  74  2  37  3  32  4  54  5  78  6  2  7  23  8  74  9  56  10  22  11  32  12  62  13  89  14  70
  0  44  1  11  2  62  3  25  4  88  5  44  6  6  7  72  8  33  9  56  10  18  11  11  12  61  13  30  14  65
  0  36  1  86  2  29  3  78  4  37  5  79  6  5  7  6  8  35  9  33  10  71  11  82  12  35  13  1  14  17
  0  22  1  85  2  59  3  65  4  59  5  58  6  86  7  23  8  76  9  4  10  69  11  52  12  3  13  20  14  71
  0  60  1  73  2  66  3  29  4  8  5  85  6  6  7  48  8  56  9  81  10  38  11  30  12  32  13  48  14  77
  0  50  1  59  2  22  3  84  4  52  5  81  6  28  7  45  8  49  9  9  10  1  11  67  12  37  13  22  14  53
  0  32  1  55  2  36  3  8  4  21  5  65  6  20  7  91  8  12  9  19  10  93  11  67  12  6  13  40  14  68
  0  54  1  34  2  47  3  13  4  47  5  52  6  79  7  31  8  58  9  27  10  20  11  4  12  20  13  72  14  12
  0  32  1  40  2  81  3  18  4  73  5  83  6  68  7  77  8  66  9  31  10  19  11  47  12  83  13  39  14  8
  0  39  1  50  2  89  3  37  4  85  5  36  6  23  7  92  8  1  9  92  10  79  11  40  12  18  13  91  14  93
  0  96  1  21  2  8  3  20  4  47  5  90  6  20  7  82  8  97  9  49  10  54  11  79  12  85  13  66  14  76
  0  86  1  81  2  56  3  6  4  30  5  62  6  86  7  17  8  34  9  30  10  73  11  50  12  61  13  15  14  38
  0  40  1  94  2  87  3  43  4  30  5  42  6  53  7  34  8  58  9  48  10  20  11  66  12  97  13  49  14  67
  0  84  1  7  2  15  3  36  4  69  5  20  6  45  7  31  8  95  9  80  10  34  11  9  12  60  13  1  14  11
  0  80  1  54  2  96  3  8  4  65  5  9  6  39  7  41  8  68  9  32  10  1  11  89  12  63  13  17  14  21
  0  93  1  12  2  88  3  90  4  41  5  50  6  11  7  38  8  88  9  13  10  88  11  80  12  38  13  95  14  24
  0  44  1  75  2  57  3  15  4  96  5  34  6  18  7  99  8  32  9  44  10  9  11  96  12  96  13  78  14  79
  0  88  1  53  2  4  3  66  4  40  5  26  6  98  7  71  8  63  9  61  10  7  11  18  12  64  13  7  14  25
  0  74  1  29  2  91  3  41  4  64  5  45  6  54  7  86  8  4  9  50  10  65  11  64  12  34  13  67  14  24
  0  52  1  38  2  71  3  34  4  10  5  70  6  77  7  94  8  33  9  21  10  61  11  48  12  34  13  5  14  49
  0  79  1  39  2  51  3  42  4  59  5  33  6  14  7  47  8  67  9  95  10  54  11  44  12  51  13  7  14  49
  0  9  1  95  2  12  3  30  4  58  5  11  6  81  7  58  8  17  9  62  10  5  11  86  12  89  13  17  14  92
  0  77  1  96  2  53  3  87  4  52  5  29  6  72  7  15  8  14  9  1  10  17  11  3  12  67  13  20  14  61
  0  62  1  7  2  12  3  58  4  21  5  67  6  41  7  36  8  28  9  62  10  51  11  75  12  89  13  31  14  87
  0  41  1  93  2  83  3  87  4  15  5  43  6  23  7  60  8  65  9  90  10  69  11  59  12  66  13  64  14  15
  0  65  1  24  2  14  3  1  4  94  5  89  6  9  7  80  8  17  9  72  10  96  11  8  12  46  13  65  14  74
  0  81  1  43  2  54  3  41  4  17  5  28  6  83  7  40  8  32  9  6  10  78  11  3  12  76  13  56  14  64
  0  51  1  36  2  19  3  26  4  32  5  73  6  3  7  99  8  68  9  21  10  79  11  89  12  74  13  17  14  50
  0  43  1  62  2  41  3  96  4  47  5  23  6  17  7  50  8  13  9  79  10  64  11  38  12  60  13  31  14  32
  0  99  1  38  2  48  3  42  4  74  5  12  6  76  7  12  8  8  9  34  10  56  11  62  12  28  13  66  14  87
  0  7  1  82  2  7  3  70  4  79  5  41  6  67  7  20  8  67  9  15  10  86  11  25  12  28  13  32  14  68
  0  97  1  25  2  73  3  1  4  54  5  14  6  72  7  84  8  96  9  48  10  6  11  68  12  94  13  96  14  63
  0  86  1  99  2  88  3  42  4  33  5  30  6  39  7  20  8  23  9  1  10  98  11  7  12  24  13  4  14  50
  0  61  1  66  2  60  3  39  4  41  5  47  6  81  7  3  8  8  9  3  10  29  11  59  12  23  13  12  14  66
  0  35  1  84  2  45  3  16  4  70  5  4  6  84  7  84  8  29  9  28  10  75  11  21  12  85  13  39  14  75
  0  10  1  79  2  4  3  26  4  19  5  54  6  38  7  55  8  56  9  31  10  28  11  85  12  3  13  68  14  10
  0  8  1  23  2  12  3  95  4  42  5  79  6  55  7  19  8  6  9  93  10  34  11  13  12  47  13  29  14  49
  0  52  1  25  2  97  3  83  4  38  5  27  6  11  7  47  8  81  9  86  10  21  11  90  12  30  13  9  14  32
  0  43  1  43  2  31  3  75  4  81  5  1  6  86  7  72  8  40  9  16  10  23  11  30  12  5  13  72  14  20
  0  60  1  54  2  11  3  88  4  88  5  51  6  43  7  59  8  13  9  88  10  61  11  82  12  29  13  44  14  63
  0  5  1  24  2  96  3  28  4  88  5  3  6  15  7  6  8  94  9  15  10  19  11  98  12  46  13  81  14  63
  0  56  1  29  2  38  3  12  4  7  5  16  6  65  7  90  8  2  9  17  10  39  11  44  12  46  13  71  14  51
  0  23  1  27  2  65  3  70  4  87  5  93  6  22  7  45  8  9  9  18  10  92  11  67  12  81  13  49  14  68
  0  48  1  4  2  67  3  69  4  78  5  78  6  60  7  89  8  78  9  32  10  97  11  3  12  46  13  74  14  78
  0  62  1  69  2  31  3  76  4  41  5  56  6  21  7  98  8  5  9  9  10  75  11  45  12  11  13  31  14  11
  0  23  1  65  2  45  3  88  4  57  5  95  6  81  7  55  8  17  9  24  10  38  11  24  12  14  13  30  14  28
  0  37  1  80  2  45  3  80  4  41  5  13  6  37  7  54  8  44  9  27  10  44  11  62  12  51  13  99  14  91
  0  41  1  85  2  56  3  94  4  2  5  51  6  32  7  18  8  42  9  89  10  47  11  67  12  22  13  37  14  38
  0  16  1  16  2  84  3  50  4  96  5  96  6  97  7  92  8  18  9  25  10  53  11  87  12  77  13  40  14  89
  0  93  1  81  2  78  3  81  4  58  5  97  6  61  7  94  8  47  9  6  10  38  11  74  12  50  13  1  14  70
  0  60  1  57  2  88  3  82  4  62  5  61  6  74  7  42  8  14  9  23  10  8  11  19  12  87  13  19  14  78
  0  38  1  66  2  39  3  36  4  56  5  68  6  18  7  99  8  81  9  94  10  10  11  83  12  42  13  45  14  52
  0  36  1  87  2  5  3  61  4  82  5  40  6  15  7  63  8  17  9  57  10  73  11  61  12  86  13  75  14  33
  0  82  1  51  2  20  3  76  4  52  5  20  6  33  7  11  8  97  9  6  10  33  11  94  12  81  13  38  14  12
  0  86  1  5  2  21  3  42  4  1  5  41  6  39  7  37  8  78  9  83  10  49  11  95  12  32  13  20  14  92
  0  23  1  19  2  70  3  33  4  10  5  37  6  50  7  4  8  1  9  70  10  38  11  6  12  2  13  9  14  70
  0  10  1  95  2  27  3  85  4  33  5  68  6  99  7  89  8  11  9  63  10  87  11  27  12  76  13  24  14  14
TPM
  0  1131  1  1131  2  1131  3  1131  4  1131  5  1131  6  1131  7  1131  8  1131  9  1131  10  1131  11  1131  12  1131  13  1131  14  1131
PMT
  0  59  1  21  2  80  3  21  4  97  5  94  6  97  7  83  8  50  9  66  10  95  11  3  12  57  13  72  14  87
  0  23  1  41  2  99  3  31  4  38  5  98  6  85  7  60  8  73  9  1  10  53  11  47  12  71  13  72  14  87
  0  23  1  15  2  92  3  27  4  53  5  61  6  9  7  39  8  38  9  71  10  73  11  96  12  88  13  58  14  47
  0  61  1  4  2  92  3  6  4  64  5  44  6  40  7  77  8  23  9  81  10  13  11  69  12  34  13  55  14  51
  0  78  1  54  2  89  3  99  4  84  5  21  6  38  7  7  8  72  9  4  10  48  11  79  12  41  13  87  14  91
  0  83  1  79  2  11  3  76  4  42  5  32  6  20  7  50  8  96  9  78  10  22  11  54  12  29  13  93  14  27
  0  94  1  49  2  76  3  31  4  34  5  4  6  52  7  72  8  19  9  68  10  85  11  55  12  11  13  4  14  75
  0  42  1  56  2  22  3  99  4  40  5  50  6  68  7  36  8  40  9  53  10  18  11  86  12  92  13  69  14  55
  0  72  1  13  2  10  3  77  4  78  5  55  6  78  7  35  8  62  9  10  10  70  11  3  12  70  13  97  14  70
