50  10
  0  14  1  45  2  97  3  74  4  25  5  23  6  47  7  83  8  65  9  55
  0  64  1  31  2  83  3  32  4  52  5  48  6  48  7  80  8  22  9  65
  0  11  1  83  2  5  3  69  4  99  5  76  6  4  7  10  8  28  9  98
  0  65  1  40  2  19  3  40  4  96  5  58  6  76  7  21  8  64  9  80
  0  61  1  84  2  43  3  55  4  49  5  97  6  15  7  10  8  69  9  81
  0  18  1  87  2  65  3  24  4  8  5  12  6  27  7  48  8  86  9  85
  0  64  1  30  2  87  3  17  4  50  5  96  6  49  7  29  8  35  9  40
  0  6  1  85  2  11  3  40  4  63  5  59  6  84  7  74  8  64  9  97
  0  85  1  52  2  44  3  95  4  21  5  16  6  30  7  49  8  40  9  83
  0  51  1  65  2  86  3  31  4  40  5  56  6  45  7  38  8  58  9  29
  0  8  1  44  2  78  3  63  4  20  5  96  6  92  7  23  8  82  9  70
  0  42  1  59  2  12  3  8  4  74  5  96  6  97  7  6  8  86  9  98
  0  2  1  30  2  15  3  68  4  82  5  70  6  49  7  29  8  49  9  26
  0  18  1  79  2  80  3  12  4  56  5  28  6  55  7  20  8  46  9  54
  0  70  1  62  2  11  3  40  4  71  5  7  6  77  7  73  8  1  9  52
  0  64  1  25  2  32  3  22  4  39  5  41  6  69  7  78  8  63  9  9
  0  14  1  62  2  22  3  75  4  26  5  34  6  86  7  48  8  39  9  64
  0  82  1  89  2  10  3  88  4  52  5  89  6  97  7  43  8  19  9  85
  0  17  1  29  2  17  3  46  4  7  5  83  6  30  7  57  8  99  9  51
  0  49  1  69  2  1  3  85  4  56  5  92  6  96  7  16  8  84  9  42
  0  53  1  73  2  8  3  88  4  92  5  52  6  69  7  59  8  28  9  51
  0  58  1  71  2  16  3  25  4  72  5  32  6  61  7  27  8  41  9  15
  0  57  1  50  2  93  3  87  4  77  5  75  6  5  7  78  8  28  9  78
  0  38  1  78  2  37  3  79  4  69  5  40  6  46  7  21  8  84  9  98
  0  11  1  6  2  50  3  42  4  52  5  40  6  28  7  4  8  88  9  54
  0  69  1  40  2  61  3  98  4  6  5  41  6  21  7  50  8  44  9  60
  0  42  1  55  2  3  3  81  4  87  5  4  6  65  7  57  8  27  9  25
  0  41  1  63  2  1  3  19  4  46  5  88  6  59  7  92  8  50  9  34
  0  40  1  57  2  57  3  86  4  59  5  84  6  14  7  9  8  14  9  66
  0  47  1  40  2  38  3  93  4  6  5  24  6  58  7  58  8  35  9  80
  0  29  1  59  2  3  3  8  4  61  5  41  6  90  7  76  8  57  9  11
  0  75  1  47  2  24  3  15  4  95  5  33  6  36  7  61  8  66  9  71
  0  49  1  21  2  83  3  99  4  3  5  56  6  46  7  30  8  62  9  41
  0  64  1  78  2  75  3  83  4  54  5  87  6  61  7  64  8  25  9  48
  0  46  1  40  2  12  3  19  4  6  5  98  6  15  7  84  8  7  9  43
  0  32  1  12  2  26  3  48  4  16  5  92  6  4  7  19  8  90  9  77
  0  69  1  42  2  84  3  45  4  23  5  22  6  97  7  62  8  81  9  18
  0  85  1  24  2  11  3  37  4  39  5  76  6  11  7  64  8  96  9  73
  0  20  1  13  2  99  3  14  4  51  5  23  6  4  7  52  8  90  9  71
  0  76  1  92  2  8  3  38  4  73  5  99  6  63  7  61  8  58  9  91
  0  7  1  70  2  4  3  98  4  19  5  74  6  3  7  98  8  21  9  61
  0  63  1  59  2  57  3  13  4  80  5  63  6  40  7  59  8  1  9  88
  0  97  1  18  2  14  3  57  4  64  5  97  6  51  7  89  8  17  9  52
  0  81  1  36  2  31  3  30  4  8  5  46  6  19  7  38  8  23  9  16
  0  75  1  24  2  84  3  26  4  32  5  52  6  4  7  47  8  17  9  8
  0  57  1  86  2  40  3  77  4  79  5  1  6  81  7  74  8  86  9  89
  0  41  1  12  2  33  3  58  4  57  5  44  6  19  7  14  8  44  9  29
  0  88  1  10  2  71  3  79  4  76  5  86  6  92  7  4  8  19  9  53
  0  11  1  61  2  19  3  9  4  17  5  81  6  25  7  7  8  61  9  15
  0  90  1  98  2  23  3  18  4  95  5  24  6  94  7  97  8  55  9  28
TPM
  0  1039  1  1039  2  1039  3  1039  4  1039  5  1039  6  1039  7  1039  8  1039  9  1039
PMT
  0  12  1  77  2  72  3  19  4  82  5  53  6  123  7  98  8  23  9  5
  0  121  1  90  2  75  3  63  4  30  5  117  6  14  7  97  8  84  9  13
  0  79  1  66  2  28  3  55  4  106  5  19  6  97  7  123  8  75  9  22
  0  37  1  114  2  17  3  80  4  77  5  20  6  87  7  19  8  71  9  85
  0  26  1  67  2  37  3  121  4  17  5  55  6  12  7  72  8  107  9  31
