200  5
  0  43  1  26  2  23  3  27  4  74
  0  12  1  40  2  29  3  28  4  32
  0  32  1  20  2  6  3  63  4  42
  0  31  1  2  2  74  3  21  4  8
  0  10  1  80  2  58  3  27  4  80
  0  22  1  34  2  73  3  72  4  2
  0  90  1  65  2  68  3  61  4  73
  0  84  1  53  2  79  3  88  4  28
  0  87  1  10  2  77  3  5  4  9
  0  10  1  6  2  33  3  53  4  13
  0  10  1  27  2  76  3  49  4  66
  0  56  1  13  2  24  3  53  4  40
  0  12  1  3  2  37  3  92  4  33
  0  62  1  6  2  32  3  85  4  7
  0  7  1  43  2  52  3  59  4  92
  0  17  1  33  2  79  3  66  4  40
  0  85  1  72  2  74  3  95  4  65
  0  65  1  4  2  94  3  81  4  97
  0  66  1  52  2  27  3  46  4  95
  0  82  1  42  2  50  3  63  4  74
  0  24  1  50  2  15  3  60  4  95
  0  30  1  72  2  12  3  92  4  28
  0  40  1  8  2  25  3  70  4  46
  0  60  1  36  2  20  3  66  4  6
  0  55  1  68  2  32  3  80  4  15
  0  96  1  29  2  47  3  93  4  90
  0  17  1  47  2  87  3  85  4  35
  0  75  1  29  2  69  3  85  4  28
  0  14  1  80  2  91  3  52  4  87
  0  71  1  82  2  97  3  15  4  26
  0  51  1  65  2  40  3  53  4  82
  0  79  1  84  2  90  3  55  4  56
  0  71  1  95  2  60  3  18  4  57
  0  11  1  88  2  89  3  4  4  20
  0  78  1  85  2  40  3  33  4  38
  0  47  1  76  2  85  3  68  4  19
  0  90  1  16  2  58  3  53  4  80
  0  68  1  28  2  87  3  58  4  33
  0  42  1  36  2  48  3  22  4  19
  0  89  1  79  2  44  3  2  4  15
  0  10  1  18  2  75  3  88  4  26
  0  51  1  48  2  24  3  86  4  65
  0  15  1  66  2  16  3  42  4  86
  0  60  1  61  2  23  3  54  4  23
  0  76  1  2  2  9  3  72  4  89
  0  72  1  41  2  96  3  64  4  22
  0  99  1  68  2  74  3  95  4  76
  0  23  1  41  2  73  3  42  4  70
  0  98  1  14  2  59  3  16  4  7
  0  76  1  39  2  83  3  6  4  22
  0  26  1  89  2  88  3  43  4  27
  0  7  1  45  2  94  3  3  4  7
  0  85  1  2  2  10  3  77  4  68
  0  81  1  57  2  58  3  70  4  4
  0  92  1  35  2  86  3  74  4  66
  0  76  1  46  2  13  3  18  4  27
  0  77  1  66  2  82  3  72  4  62
  0  74  1  18  2  42  3  57  4  81
  0  6  1  19  2  81  3  64  4  63
  0  75  1  96  2  98  3  70  4  47
  0  11  1  22  2  22  3  21  4  9
  0  38  1  27  2  89  3  78  4  65
  0  30  1  5  2  77  3  51  4  39
  0  41  1  76  2  81  3  57  4  36
  0  55  1  72  2  80  3  67  4  55
  0  6  1  88  2  4  3  7  4  64
  0  46  1  25  2  75  3  74  4  6
  0  91  1  16  2  41  3  58  4  29
  0  13  1  67  2  81  3  36  4  46
  0  67  1  88  2  47  3  25  4  24
  0  70  1  4  2  59  3  49  4  82
  0  17  1  72  2  46  3  20  4  12
  0  82  1  93  2  90  3  8  4  89
  0  78  1  70  2  67  3  46  4  64
  0  4  1  4  2  23  3  72  4  79
  0  50  1  64  2  3  3  1  4  23
  0  17  1  29  2  35  3  21  4  76
  0  41  1  92  2  66  3  62  4  25
  0  90  1  57  2  49  3  95  4  85
  0  96  1  92  2  24  3  94  4  25
  0  29  1  35  2  35  3  51  4  45
  0  55  1  34  2  84  3  49  4  37
  0  21  1  86  2  74  3  93  4  79
  0  20  1  6  2  23  3  21  4  47
  0  21  1  2  2  36  3  5  4  70
  0  73  1  90  2  75  3  40  4  67
  0  8  1  2  2  79  3  24  4  47
  0  46  1  82  2  12  3  57  4  80
  0  60  1  49  2  72  3  37  4  33
  0  88  1  83  2  88  3  32  4  15
  0  3  1  23  2  7  3  57  4  93
  0  29  1  48  2  27  3  41  4  10
  0  1  1  38  2  89  3  89  4  4
  0  50  1  66  2  93  3  99  4  55
  0  61  1  92  2  93  3  10  4  54
  0  58  1  43  2  51  3  80  4  75
  0  32  1  80  2  99  3  91  4  41
  0  89  1  1  2  9  3  25  4  52
  0  50  1  48  2  54  3  36  4  74
  0  42  1  97  2  74  3  41  4  32
  0  26  1  23  2  61  3  79  4  85
  0  87  1  41  2  14  3  68  4  91
  0  53  1  86  2  69  3  31  4  99
  0  83  1  11  2  21  3  99  4  34
  0  79  1  39  2  6  3  24  4  99
  0  29  1  47  2  68  3  45  4  6
  0  48  1  33  2  56  3  68  4  73
  0  8  1  11  2  44  3  85  4  54
  0  88  1  88  2  37  3  83  4  97
  0  22  1  18  2  59  3  67  4  90
  0  32  1  1  2  32  3  72  4  74
  0  51  1  46  2  58  3  42  4  34
  0  19  1  96  2  91  3  98  4  46
  0  69  1  14  2  54  3  83  4  40
  0  16  1  8  2  95  3  92  4  19
  0  89  1  60  2  53  3  96  4  16
  0  26  1  62  2  39  3  14  4  42
  0  33  1  96  2  27  3  19  4  33
  0  48  1  64  2  81  3  45  4  2
  0  68  1  19  2  22  3  3  4  1
  0  58  1  27  2  38  3  89  4  96
  0  24  1  36  2  81  3  88  4  71
  0  4  1  81  2  63  3  15  4  67
  0  83  1  6  2  98  3  92  4  30
  0  55  1  34  2  4  3  43  4  83
  0  96  1  33  2  11  3  61  4  42
  0  60  1  40  2  25  3  53  4  34
  0  97  1  11  2  72  3  80  4  97
  0  4  1  68  2  34  3  16  4  24
  0  52  1  63  2  31  3  62  4  39
  0  56  1  26  2  9  3  11  4  99
  0  11  1  66  2  39  3  69  4  28
  0  21  1  67  2  9  3  68  4  17
  0  65  1  61  2  9  3  73  4  98
  0  91  1  32  2  15  3  80  4  9
  0  15  1  15  2  95  3  74  4  83
  0  85  1  23  2  59  3  59  4  47
  0  85  1  77  2  64  3  58  4  7
  0  22  1  55  2  13  3  54  4  73
  0  94  1  4  2  1  3  56  4  86
  0  34  1  35  2  62  3  36  4  21
  0  89  1  75  2  5  3  6  4  86
  0  50  1  77  2  90  3  10  4  50
  0  59  1  48  2  49  3  31  4  61
  0  79  1  79  2  25  3  62  4  15
  0  80  1  77  2  32  3  94  4  95
  0  29  1  76  2  54  3  81  4  39
  0  20  1  10  2  23  3  8  4  43
  0  33  1  88  2  43  3  55  4  33
  0  59  1  54  2  36  3  10  4  62
  0  7  1  16  2  35  3  82  4  41
  0  47  1  69  2  45  3  49  4  4
  0  39  1  79  2  67  3  6  4  12
  0  11  1  16  2  52  3  60  4  54
  0  9  1  25  2  94  3  85  4  4
  0  67  1  4  2  24  3  72  4  85
  0  39  1  58  2  99  3  98  4  23
  0  86  1  60  2  46  3  82  4  65
  0  17  1  38  2  23  3  76  4  37
  0  84  1  96  2  64  3  41  4  58
  0  36  1  1  2  4  3  73  4  55
  0  79  1  88  2  74  3  37  4  51
  0  82  1  83  2  59  3  38  4  60
  0  40  1  29  2  7  3  98  4  25
  0  24  1  80  2  10  3  74  4  75
  0  10  1  78  2  8  3  15  4  54
  0  14  1  23  2  93  3  26  4  49
  0  47  1  40  2  94  3  52  4  42
  0  2  1  84  2  39  3  91  4  8
  0  74  1  87  2  27  3  27  4  5
  0  97  1  82  2  29  3  47  4  61
  0  58  1  59  2  93  3  11  4  50
  0  84  1  64  2  85  3  85  4  76
  0  38  1  23  2  37  3  42  4  75
  0  52  1  45  2  11  3  62  4  72
  0  50  1  35  2  12  3  32  4  6
  0  81  1  85  2  27  3  51  4  94
  0  47  1  3  2  42  3  81  4  40
  0  27  1  72  2  39  3  46  4  58
  0  45  1  19  2  91  3  34  4  66
  0  16  1  85  2  47  3  66  4  11
  0  20  1  91  2  86  3  7  4  60
  0  98  1  78  2  45  3  2  4  82
  0  95  1  84  2  79  3  69  4  87
  0  85  1  56  2  97  3  15  4  26
  0  24  1  85  2  61  3  42  4  85
  0  17  1  91  2  81  3  9  4  98
  0  94  1  91  2  85  3  80  4  8
  0  2  1  6  2  41  3  6  4  59
  0  50  1  84  2  15  3  25  4  62
  0  98  1  64  2  53  3  43  4  71
  0  4  1  6  2  91  3  73  4  46
  0  58  1  64  2  30  3  3  4  21
  0  52  1  67  2  29  3  80  4  84
  0  98  1  6  2  14  3  2  4  66
  0  8  1  55  2  72  3  83  4  38
  0  5  1  37  2  27  3  48  4  8
  0  98  1  72  2  46  3  54  4  12
  0  77  1  73  2  67  3  18  4  60
  0  21  1  83  2  39  3  18  4  75
TPM
  0  2033  1  2033  2  2033  3  2033  4  2033
PMT
  0  11  1  9  2  21  3  14  4  12
  0  17  1  8  2  15  3  13  4  14
  0  13  1  8  2  20  3  16  4  23
  0  7  1  3  2  4  3  24  4  8
  0  15  1  5  2  2  3  18  4  15
  0  20  1  6  2  1  3  20  4  4
  0  4  1  12  2  21  3  14  4  13
  0  3  1  8  2  3  3  11  4  23
  0  16  1  9  2  24  3  21  4  17
  0  6  1  11  2  21  3  15  4  20
