50  10
  0  98  1  57  2  72  3  33  4  64  5  46  6  61  7  44  8  62  9  84
  0  13  1  66  2  13  3  85  4  3  5  8  6  57  7  32  8  23  9  57
  0  74  1  63  2  59  3  24  4  97  5  53  6  92  7  88  8  85  9  52
  0  32  1  16  2  11  3  26  4  22  5  16  6  71  7  16  8  67  9  47
  0  48  1  8  2  92  3  7  4  55  5  80  6  6  7  50  8  54  9  72
  0  45  1  21  2  34  3  86  4  33  5  98  6  86  7  25  8  54  9  6
  0  3  1  18  2  41  3  95  4  98  5  97  6  22  7  43  8  35  9  17
  0  90  1  6  2  74  3  31  4  68  5  10  6  24  7  78  8  88  9  9
  0  20  1  34  2  30  3  80  4  78  5  25  6  58  7  95  8  11  9  23
  0  67  1  57  2  72  3  63  4  29  5  85  6  98  7  45  8  80  9  28
  0  51  1  22  2  25  3  77  4  69  5  82  6  20  7  64  8  1  9  75
  0  63  1  36  2  63  3  38  4  21  5  42  6  60  7  36  8  53  9  2
  0  46  1  99  2  26  3  97  4  8  5  43  6  10  7  43  8  37  9  88
  0  26  1  14  2  81  3  23  4  66  5  31  6  99  7  86  8  6  9  41
  0  79  1  35  2  95  3  43  4  79  5  52  6  88  7  39  8  98  9  95
  0  42  1  11  2  2  3  2  4  98  5  64  6  36  7  82  8  51  9  84
  0  30  1  90  2  18  3  80  4  51  5  31  6  11  7  38  8  72  9  62
  0  56  1  94  2  72  3  94  4  2  5  1  6  52  7  85  8  29  9  41
  0  74  1  1  2  46  3  26  4  30  5  70  6  34  7  80  8  1  9  79
  0  67  1  81  2  80  3  61  4  41  5  35  6  48  7  79  8  58  9  79
  0  32  1  24  2  84  3  63  4  1  5  60  6  50  7  36  8  57  9  97
  0  65  1  51  2  34  3  69  4  90  5  58  6  20  7  42  8  54  9  47
  0  57  1  98  2  29  3  66  4  82  5  55  6  5  7  23  8  26  9  20
  0  9  1  47  2  63  3  80  4  74  5  65  6  5  7  8  8  59  9  34
  0  56  1  90  2  46  3  2  4  87  5  40  6  1  7  25  8  2  9  51
  0  58  1  52  2  73  3  76  4  56  5  28  6  19  7  73  8  49  9  20
  0  1  1  25  2  64  3  36  4  90  5  39  6  91  7  6  8  34  9  83
  0  1  1  37  2  2  3  11  4  47  5  61  6  9  7  69  8  6  9  53
  0  43  1  24  2  25  3  64  4  35  5  20  6  21  7  14  8  61  9  60
  0  37  1  33  2  55  3  88  4  29  5  52  6  75  7  98  8  73  9  69
  0  55  1  6  2  96  3  46  4  34  5  52  6  72  7  30  8  36  9  36
  0  33  1  76  2  50  3  84  4  5  5  36  6  40  7  8  8  46  9  27
  0  70  1  7  2  59  3  6  4  34  5  24  6  7  7  9  8  19  9  54
  0  36  1  24  2  49  3  60  4  22  5  20  6  84  7  52  8  49  9  40
  0  71  1  39  2  16  3  37  4  69  5  50  6  28  7  2  8  99  9  84
  0  7  1  31  2  95  3  48  4  33  5  11  6  47  7  64  8  5  9  26
  0  63  1  98  2  74  3  21  4  9  5  6  6  3  7  75  8  71  9  95
  0  35  1  58  2  81  3  97  4  84  5  83  6  86  7  35  8  1  9  79
  0  40  1  71  2  30  3  46  4  75  5  66  6  4  7  57  8  65  9  65
  0  31  1  32  2  88  3  18  4  56  5  95  6  43  7  70  8  16  9  85
  0  4  1  12  2  10  3  82  4  97  5  50  6  73  7  73  8  26  9  49
  0  7  1  70  2  1  3  54  4  92  5  50  6  37  7  87  8  40  9  83
  0  29  1  1  2  95  3  62  4  12  5  92  6  28  7  63  8  73  9  51
  0  89  1  82  2  78  3  72  4  84  5  45  6  12  7  57  8  20  9  72
  0  51  1  95  2  3  3  57  4  37  5  91  6  26  7  79  8  99  9  84
  0  40  1  62  2  38  3  65  4  9  5  63  6  91  7  1  8  12  9  25
  0  36  1  18  2  5  3  57  4  82  5  99  6  93  7  9  8  84  9  97
  0  58  1  53  2  63  3  73  4  27  5  6  6  17  7  13  8  10  9  26
  0  67  1  73  2  27  3  1  4  58  5  73  6  85  7  85  8  25  9  15
  0  7  1  63  2  81  3  10  4  93  5  56  6  90  7  57  8  99  9  71
TPM
  0  913  1  913  2  913  3  913  4  913  5  913  6  913  7  913  8  913  9  913
PMT
  0  37  1  73  2  29  3  96  4  6  5  79  6  89  7  64  8  23  9  17
  0  77  1  43  2  35  3  18  4  50  5  36  6  19  7  61  8  39  9  87
  0  49  1  1  2  87  3  43  4  74  5  35  6  40  7  84  8  67  9  56
  0  89  1  62  2  57  3  3  4  71  5  91  6  58  7  4  8  80  9  67
  0  51  1  73  2  15  3  40  4  87  5  25  6  88  7  39  8  14  9  83
  0  84  1  39  2  37  3  24  4  9  5  12  6  92  7  72  8  79  9  7
