20  10
  0  80  1  26  2  38  3  15  4  84  5  35  6  22  7  70  8  73  9  72
  0  65  1  95  2  97  3  63  4  70  5  32  6  49  7  62  8  35  9  61
  0  30  1  70  2  92  3  24  4  97  5  68  6  80  7  12  8  2  9  79
  0  98  1  4  2  20  3  63  4  49  5  6  6  57  7  87  8  60  9  31
  0  67  1  41  2  44  3  7  4  9  5  93  6  33  7  12  8  44  9  99
  0  89  1  69  2  42  3  5  4  98  5  65  6  56  7  16  8  84  9  46
  0  67  1  24  2  98  3  29  4  27  5  3  6  77  7  32  8  38  9  21
  0  81  1  89  2  60  3  39  4  38  5  36  6  20  7  80  8  62  9  48
  0  68  1  89  2  39  3  92  4  18  5  34  6  72  7  18  8  45  9  97
  0  43  1  89  2  54  3  75  4  32  5  48  6  10  7  71  8  96  9  44
  0  15  1  55  2  18  3  87  4  88  5  37  6  32  7  97  8  40  9  52
  0  44  1  66  2  74  3  82  4  68  5  44  6  74  7  36  8  44  9  25
  0  22  1  80  2  29  3  96  4  77  5  97  6  62  7  63  8  15  9  90
  0  56  1  76  2  87  3  78  4  49  5  20  6  78  7  48  8  39  9  38
  0  40  1  61  2  67  3  95  4  54  5  23  6  42  7  25  8  44  9  60
  0  96  1  88  2  31  3  75  4  44  5  55  6  17  7  76  8  54  9  82
  0  30  1  79  2  80  3  42  4  70  5  49  6  11  7  45  8  43  9  33
  0  95  1  36  2  58  3  77  4  23  5  74  6  38  7  52  8  96  9  16
  0  74  1  26  2  65  3  68  4  7  5  42  6  13  7  87  8  16  9  17
  0  73  1  24  2  78  3  49  4  72  5  39  6  91  7  97  8  86  9  73
TPM
  0  595  1  595  2  595  3  595  4  595  5  595  6  595  7  595  8  595  9  595
PMT
  0  43  1  48  2  34  3  4  4  46  5  45  6  1  7  25  8  47  9  3
  0  24  1  40  2  13  3  12  4  18  5  40  6  35  7  41  8  45  9  24
  0  41  1  23  2  44  3  7  4  12  5  5  6  5  7  25  8  46  9  12
  0  7  1  39  2  2  3  46  4  25  5  46  6  6  7  6  8  48  9  38
