200  20
  0  63  1  32  2  23  3  26  4  37  5  15  6  85  7  88  8  76  9  82  10  35  11  4  12  9  13  66  14  50  15  74  16  95  17  13  18  22  19  26
  0  28  1  48  2  52  3  67  4  38  5  46  6  46  7  3  8  81  9  33  10  13  11  54  12  63  13  96  14  91  15  68  16  3  17  5  18  90  19  21
  0  54  1  30  2  97  3  37  4  55  5  40  6  92  7  96  8  41  9  15  10  94  11  88  12  61  13  75  14  88  15  32  16  88  17  53  18  49  19  86
  0  92  1  42  2  33  3  7  4  39  5  84  6  13  7  26  8  16  9  3  10  90  11  68  12  11  13  82  14  79  15  17  16  90  17  51  18  75  19  4
  0  49  1  23  2  44  3  90  4  31  5  1  6  88  7  43  8  44  9  43  10  77  11  47  12  19  13  58  14  63  15  92  16  87  17  71  18  94  19  30
  0  71  1  70  2  20  3  94  4  8  5  45  6  39  7  25  8  69  9  56  10  27  11  31  12  38  13  9  14  69  15  3  16  40  17  21  18  61  19  45
  0  61  1  93  2  55  3  85  4  95  5  50  6  84  7  2  8  95  9  76  10  72  11  44  12  28  13  86  14  18  15  75  16  48  17  17  18  13  19  29
  0  59  1  84  2  29  3  73  4  13  5  89  6  93  7  33  8  53  9  49  10  21  11  89  12  38  13  77  14  81  15  83  16  72  17  56  18  28  19  80
  0  39  1  63  2  9  3  66  4  8  5  52  6  21  7  88  8  72  9  94  10  12  11  78  12  43  13  36  14  14  15  82  16  68  17  27  18  67  19  20
  0  99  1  22  2  81  3  36  4  10  5  61  6  30  7  7  8  16  9  85  10  78  11  36  12  80  13  44  14  90  15  25  16  96  17  87  18  70  19  25
  0  63  1  66  2  27  3  4  4  17  5  79  6  66  7  66  8  88  9  30  10  65  11  32  12  73  13  95  14  59  15  51  16  51  17  9  18  54  19  4
  0  2  1  19  2  70  3  31  4  76  5  73  6  35  7  83  8  47  9  33  10  9  11  79  12  38  13  19  14  22  15  19  16  91  17  54  18  23  19  92
  0  47  1  52  2  93  3  76  4  32  5  44  6  71  7  12  8  78  9  77  10  83  11  5  12  24  13  4  14  90  15  86  16  67  17  52  18  81  19  37
  0  73  1  50  2  78  3  57  4  57  5  32  6  39  7  24  8  90  9  71  10  70  11  86  12  6  13  90  14  79  15  88  16  97  17  65  18  37  19  1
  0  42  1  21  2  22  3  23  4  88  5  62  6  77  7  80  8  85  9  27  10  99  11  15  12  53  13  21  14  24  15  70  16  18  17  83  18  96  19  96
  0  54  1  10  2  47  3  31  4  17  5  88  6  81  7  37  8  56  9  76  10  77  11  9  12  36  13  88  14  52  15  57  16  16  17  84  18  21  19  50
  0  51  1  87  2  84  3  77  4  30  5  46  6  92  7  39  8  56  9  44  10  91  11  2  12  33  13  21  14  45  15  65  16  20  17  37  18  81  19  27
  0  56  1  13  2  15  3  34  4  91  5  24  6  31  7  84  8  42  9  31  10  62  11  90  12  75  13  73  14  56  15  18  16  12  17  48  18  32  19  89
  0  49  1  80  2  92  3  83  4  95  5  26  6  6  7  89  8  43  9  70  10  89  11  90  12  14  13  32  14  71  15  84  16  78  17  67  18  95  19  68
  0  14  1  33  2  93  3  53  4  57  5  64  6  62  7  63  8  67  9  69  10  91  11  57  12  11  13  55  14  51  15  71  16  22  17  16  18  23  19  59
  0  7  1  66  2  42  3  98  4  6  5  13  6  75  7  72  8  7  9  53  10  56  11  54  12  95  13  91  14  61  15  48  16  83  17  87  18  78  19  74
  0  34  1  73  2  24  3  87  4  95  5  26  6  88  7  77  8  6  9  51  10  42  11  88  12  18  13  52  14  1  15  51  16  73  17  51  18  51  19  23
  0  25  1  12  2  1  3  69  4  63  5  78  6  59  7  44  8  32  9  18  10  5  11  42  12  9  13  43  14  79  15  30  16  96  17  44  18  10  19  94
  0  57  1  66  2  60  3  48  4  73  5  96  6  55  7  81  8  25  9  67  10  29  11  63  12  20  13  68  14  94  15  24  16  8  17  36  18  37  19  66
  0  67  1  72  2  69  3  91  4  56  5  81  6  14  7  44  8  46  9  59  10  89  11  1  12  99  13  60  14  25  15  69  16  57  17  17  18  21  19  55
  0  29  1  98  2  37  3  32  4  19  5  43  6  78  7  13  8  34  9  76  10  92  11  98  12  47  13  13  14  26  15  81  16  4  17  11  18  82  19  95
  0  14  1  14  2  84  3  56  4  69  5  9  6  37  7  38  8  46  9  72  10  41  11  74  12  20  13  4  14  9  15  76  16  86  17  53  18  69  19  11
  0  62  1  82  2  77  3  81  4  14  5  50  6  55  7  3  8  41  9  77  10  44  11  60  12  12  13  47  14  25  15  3  16  17  17  52  18  48  19  1
  0  3  1  69  2  84  3  68  4  96  5  63  6  77  7  48  8  30  9  9  10  63  11  77  12  24  13  8  14  92  15  15  16  2  17  37  18  64  19  77
  0  25  1  44  2  55  3  20  4  88  5  93  6  18  7  66  8  8  9  4  10  60  11  60  12  80  13  61  14  46  15  5  16  21  17  74  18  76  19  9
  0  90  1  18  2  31  3  56  4  67  5  73  6  93  7  55  8  32  9  72  10  87  11  64  12  74  13  96  14  78  15  65  16  33  17  81  18  48  19  56
  0  22  1  48  2  29  3  76  4  20  5  43  6  48  7  79  8  20  9  59  10  42  11  28  12  53  13  81  14  18  15  69  16  53  17  75  18  85  19  19
  0  17  1  2  2  84  3  50  4  73  5  39  6  75  7  93  8  71  9  35  10  77  11  61  12  51  13  39  14  61  15  69  16  53  17  58  18  40  19  23
  0  83  1  56  2  14  3  82  4  38  5  96  6  50  7  26  8  56  9  76  10  25  11  75  12  57  13  15  14  42  15  58  16  68  17  95  18  10  19  11
  0  71  1  76  2  41  3  57  4  4  5  99  6  13  7  15  8  1  9  93  10  95  11  99  12  66  13  26  14  29  15  56  16  8  17  57  18  27  19  17
  0  67  1  11  2  21  3  58  4  42  5  46  6  74  7  43  8  72  9  15  10  45  11  30  12  38  13  19  14  54  15  1  16  2  17  25  18  94  19  46
  0  70  1  81  2  18  3  6  4  87  5  50  6  31  7  43  8  61  9  50  10  27  11  14  12  88  13  83  14  32  15  54  16  49  17  77  18  22  19  92
  0  60  1  59  2  51  3  74  4  17  5  73  6  7  7  31  8  79  9  79  10  68  11  58  12  61  13  2  14  34  15  69  16  29  17  28  18  60  19  42
  0  38  1  59  2  2  3  73  4  38  5  69  6  72  7  9  8  48  9  33  10  49  11  27  12  71  13  17  14  93  15  71  16  89  17  46  18  65  19  70
  0  86  1  97  2  44  3  97  4  59  5  77  6  99  7  53  8  39  9  82  10  62  11  62  12  16  13  62  14  83  15  34  16  47  17  13  18  4  19  27
  0  93  1  85  2  51  3  99  4  10  5  94  6  44  7  59  8  80  9  39  10  74  11  24  12  86  13  85  14  87  15  75  16  42  17  75  18  96  19  52
  0  27  1  55  2  81  3  19  4  13  5  34  6  78  7  19  8  60  9  29  10  41  11  70  12  33  13  50  14  47  15  96  16  43  17  18  18  73  19  81
  0  51  1  47  2  53  3  80  4  57  5  19  6  14  7  54  8  74  9  12  10  31  11  92  12  67  13  7  14  67  15  36  16  85  17  43  18  69  19  30
  0  39  1  6  2  51  3  57  4  1  5  88  6  83  7  37  8  5  9  34  10  54  11  92  12  2  13  64  14  99  15  11  16  90  17  42  18  90  19  59
  0  11  1  46  2  40  3  36  4  1  5  21  6  66  7  46  8  28  9  54  10  17  11  57  12  56  13  97  14  52  15  66  16  20  17  9  18  32  19  72
  0  88  1  12  2  62  3  51  4  73  5  75  6  85  7  67  8  91  9  73  10  36  11  71  12  94  13  81  14  82  15  74  16  30  17  98  18  30  19  86
  0  75  1  27  2  57  3  68  4  1  5  30  6  13  7  31  8  5  9  63  10  93  11  86  12  56  13  37  14  72  15  27  16  44  17  64  18  61  19  86
  0  81  1  98  2  21  3  29  4  58  5  69  6  47  7  34  8  21  9  64  10  10  11  7  12  2  13  17  14  3  15  18  16  72  17  2  18  55  19  46
  0  56  1  49  2  93  3  97  4  32  5  20  6  63  7  94  8  32  9  8  10  53  11  89  12  92  13  74  14  66  15  30  16  24  17  4  18  48  19  74
  0  5  1  61  2  59  3  60  4  19  5  73  6  45  7  40  8  87  9  79  10  50  11  61  12  65  13  9  14  84  15  55  16  2  17  86  18  14  19  40
  0  94  1  79  2  65  3  77  4  73  5  28  6  46  7  28  8  1  9  27  10  27  11  86  12  77  13  51  14  34  15  10  16  79  17  43  18  49  19  54
  0  77  1  99  2  24  3  85  4  14  5  32  6  45  7  43  8  20  9  87  10  5  11  53  12  28  13  48  14  74  15  35  16  86  17  57  18  85  19  35
  0  90  1  24  2  49  3  94  4  98  5  20  6  89  7  28  8  72  9  67  10  57  11  62  12  85  13  70  14  52  15  84  16  69  17  51  18  81  19  76
  0  3  1  89  2  19  3  35  4  67  5  77  6  39  7  29  8  7  9  30  10  61  11  23  12  79  13  26  14  11  15  55  16  90  17  70  18  85  19  90
  0  29  1  81  2  88  3  47  4  69  5  69  6  60  7  83  8  90  9  46  10  26  11  4  12  29  13  84  14  40  15  91  16  86  17  26  18  90  19  12
  0  25  1  83  2  1  3  19  4  48  5  10  6  31  7  60  8  41  9  27  10  81  11  85  12  18  13  19  14  41  15  76  16  2  17  45  18  29  19  63
  0  25  1  40  2  37  3  6  4  45  5  80  6  53  7  39  8  99  9  48  10  39  11  16  12  46  13  27  14  83  15  8  16  61  17  97  18  57  19  30
  0  2  1  35  2  37  3  7  4  47  5  5  6  84  7  99  8  68  9  16  10  87  11  64  12  9  13  4  14  99  15  98  16  58  17  8  18  46  19  99
  0  59  1  93  2  69  3  57  4  87  5  38  6  42  7  35  8  75  9  56  10  63  11  22  12  88  13  60  14  17  15  55  16  62  17  61  18  70  19  49
  0  70  1  71  2  19  3  84  4  68  5  51  6  27  7  28  8  41  9  17  10  7  11  5  12  56  13  8  14  44  15  35  16  81  17  67  18  58  19  2
  0  36  1  98  2  48  3  24  4  79  5  86  6  85  7  42  8  51  9  8  10  23  11  41  12  21  13  70  14  57  15  77  16  17  17  43  18  56  19  73
  0  30  1  77  2  27  3  92  4  21  5  30  6  3  7  31  8  74  9  34  10  66  11  66  12  77  13  82  14  41  15  57  16  20  17  20  18  7  19  83
  0  38  1  56  2  43  3  72  4  49  5  42  6  85  7  58  8  59  9  85  10  52  11  48  12  27  13  81  14  96  15  10  16  23  17  96  18  59  19  10
  0  26  1  27  2  53  3  47  4  22  5  11  6  92  7  75  8  17  9  87  10  51  11  6  12  86  13  15  14  12  15  26  16  97  17  86  18  42  19  97
  0  86  1  27  2  8  3  97  4  94  5  39  6  10  7  11  8  72  9  39  10  7  11  18  12  13  13  7  14  55  15  18  16  81  17  32  18  84  19  66
  0  42  1  34  2  85  3  41  4  1  5  86  6  83  7  63  8  23  9  74  10  15  11  25  12  82  13  66  14  40  15  99  16  64  17  82  18  61  19  57
  0  16  1  81  2  14  3  87  4  22  5  3  6  61  7  13  8  58  9  40  10  22  11  48  12  31  13  28  14  81  15  31  16  23  17  71  18  89  19  33
  0  94  1  45  2  43  3  25  4  16  5  44  6  94  7  65  8  26  9  63  10  48  11  19  12  40  13  47  14  25  15  30  16  56  17  17  18  13  19  21
  0  42  1  73  2  39  3  75  4  84  5  55  6  12  7  25  8  34  9  63  10  39  11  63  12  98  13  11  14  20  15  43  16  48  17  46  18  42  19  40
  0  39  1  54  2  68  3  73  4  70  5  53  6  61  7  41  8  32  9  20  10  3  11  90  12  13  13  18  14  94  15  31  16  65  17  22  18  49  19  78
  0  54  1  51  2  17  3  66  4  33  5  51  6  86  7  82  8  28  9  5  10  80  11  98  12  24  13  46  14  20  15  8  16  73  17  11  18  23  19  1
  0  81  1  52  2  73  3  30  4  39  5  2  6  75  7  35  8  3  9  58  10  69  11  56  12  43  13  20  14  83  15  38  16  10  17  19  18  37  19  3
  0  92  1  98  2  35  3  50  4  65  5  53  6  7  7  13  8  51  9  27  10  83  11  70  12  47  13  25  14  20  15  1  16  77  17  1  18  93  19  37
  0  88  1  10  2  50  3  30  4  99  5  50  6  78  7  56  8  58  9  35  10  20  11  21  12  69  13  49  14  55  15  39  16  12  17  8  18  29  19  91
  0  49  1  6  2  94  3  92  4  89  5  22  6  89  7  26  8  74  9  36  10  87  11  22  12  77  13  46  14  69  15  80  16  61  17  18  18  16  19  80
  0  17  1  90  2  31  3  14  4  73  5  25  6  19  7  40  8  76  9  63  10  91  11  52  12  47  13  44  14  83  15  95  16  81  17  93  18  82  19  85
  0  66  1  71  2  25  3  6  4  91  5  54  6  7  7  95  8  5  9  91  10  86  11  55  12  41  13  50  14  19  15  15  16  12  17  39  18  31  19  59
  0  38  1  93  2  2  3  11  4  67  5  36  6  55  7  89  8  10  9  63  10  46  11  16  12  77  13  19  14  97  15  37  16  14  17  45  18  44  19  71
  0  45  1  39  2  57  3  7  4  2  5  44  6  86  7  15  8  78  9  50  10  21  11  39  12  37  13  91  14  65  15  93  16  69  17  70  18  90  19  66
  0  75  1  24  2  82  3  13  4  22  5  35  6  24  7  99  8  93  9  46  10  64  11  10  12  37  13  22  14  75  15  44  16  79  17  77  18  84  19  62
  0  55  1  62  2  47  3  53  4  78  5  73  6  92  7  32  8  54  9  31  10  48  11  3  12  93  13  38  14  46  15  30  16  3  17  21  18  49  19  7
  0  42  1  8  2  53  3  23  4  76  5  95  6  58  7  59  8  72  9  22  10  18  11  66  12  16  13  24  14  93  15  7  16  32  17  73  18  92  19  65
  0  58  1  96  2  60  3  55  4  92  5  40  6  41  7  76  8  12  9  24  10  46  11  7  12  37  13  99  14  96  15  30  16  93  17  13  18  7  19  26
  0  92  1  22  2  41  3  89  4  21  5  31  6  69  7  40  8  31  9  45  10  78  11  43  12  59  13  43  14  40  15  67  16  17  17  33  18  23  19  23
  0  29  1  36  2  13  3  81  4  18  5  12  6  81  7  57  8  61  9  22  10  91  11  4  12  64  13  90  14  61  15  56  16  21  17  23  18  12  19  24
  0  73  1  64  2  64  3  20  4  74  5  39  6  72  7  60  8  24  9  89  10  99  11  94  12  25  13  94  14  75  15  43  16  89  17  53  18  98  19  41
  0  91  1  63  2  65  3  31  4  27  5  14  6  38  7  45  8  56  9  84  10  84  11  64  12  20  13  28  14  64  15  60  16  60  17  51  18  23  19  43
  0  84  1  57  2  31  3  76  4  59  5  82  6  84  7  38  8  21  9  56  10  38  11  22  12  33  13  76  14  55  15  32  16  34  17  44  18  79  19  95
  0  54  1  46  2  77  3  98  4  97  5  49  6  94  7  36  8  9  9  39  10  31  11  5  12  83  13  48  14  28  15  11  16  78  17  28  18  19  19  45
  0  44  1  72  2  93  3  51  4  75  5  93  6  64  7  13  8  53  9  8  10  50  11  4  12  33  13  84  14  8  15  97  16  94  17  66  18  75  19  25
  0  55  1  59  2  14  3  17  4  21  5  48  6  52  7  96  8  22  9  5  10  83  11  76  12  57  13  71  14  57  15  86  16  48  17  44  18  72  19  61
  0  65  1  98  2  61  3  23  4  1  5  20  6  18  7  64  8  66  9  36  10  26  11  14  12  73  13  62  14  65  15  36  16  11  17  12  18  19  19  92
  0  15  1  31  2  10  3  76  4  20  5  45  6  27  7  94  8  17  9  51  10  37  11  50  12  67  13  83  14  77  15  65  16  51  17  20  18  77  19  34
  0  29  1  33  2  66  3  99  4  72  5  94  6  55  7  98  8  80  9  66  10  92  11  14  12  72  13  71  14  55  15  24  16  57  17  6  18  98  19  49
  0  87  1  35  2  92  3  33  4  68  5  96  6  17  7  99  8  69  9  94  10  83  11  75  12  66  13  57  14  22  15  83  16  6  17  98  18  30  19  27
  0  71  1  7  2  91  3  34  4  99  5  35  6  5  7  27  8  58  9  86  10  71  11  31  12  8  13  10  14  46  15  48  16  91  17  46  18  46  19  53
  0  31  1  2  2  58  3  91  4  23  5  23  6  16  7  76  8  61  9  11  10  14  11  24  12  39  13  99  14  84  15  84  16  88  17  77  18  70  19  30
  0  75  1  39  2  46  3  30  4  60  5  84  6  87  7  14  8  75  9  7  10  84  11  13  12  97  13  44  14  51  15  17  16  9  17  70  18  74  19  95
  0  69  1  64  2  5  3  76  4  54  5  80  6  90  7  53  8  23  9  97  10  87  11  10  12  27  13  36  14  24  15  43  16  69  17  64  18  77  19  35
  0  70  1  26  2  4  3  19  4  21  5  68  6  38  7  18  8  98  9  56  10  26  11  69  12  97  13  87  14  81  15  52  16  99  17  57  18  82  19  87
  0  74  1  41  2  23  3  73  4  93  5  71  6  9  7  75  8  96  9  50  10  56  11  95  12  44  13  21  14  27  15  73  16  43  17  69  18  22  19  94
  0  31  1  60  2  98  3  30  4  53  5  2  6  94  7  6  8  74  9  8  10  82  11  92  12  4  13  98  14  66  15  62  16  20  17  58  18  6  19  40
  0  44  1  38  2  40  3  65  4  75  5  78  6  28  7  35  8  93  9  83  10  32  11  81  12  8  13  79  14  24  15  19  16  81  17  27  18  75  19  70
  0  89  1  77  2  67  3  30  4  59  5  7  6  35  7  52  8  16  9  30  10  21  11  57  12  54  13  19  14  22  15  95  16  59  17  56  18  32  19  20
  0  92  1  96  2  24  3  42  4  94  5  33  6  35  7  86  8  69  9  75  10  30  11  64  12  72  13  85  14  63  15  21  16  80  17  46  18  72  19  49
  0  55  1  42  2  63  3  55  4  4  5  79  6  71  7  19  8  4  9  81  10  16  11  2  12  47  13  35  14  78  15  76  16  22  17  61  18  64  19  90
  0  40  1  57  2  39  3  87  4  61  5  20  6  47  7  43  8  95  9  43  10  50  11  94  12  73  13  67  14  42  15  71  16  14  17  99  18  34  19  54
  0  29  1  55  2  11  3  13  4  54  5  74  6  7  7  16  8  85  9  24  10  48  11  95  12  57  13  76  14  63  15  25  16  12  17  39  18  50  19  32
  0  21  1  70  2  65  3  59  4  74  5  2  6  69  7  49  8  42  9  58  10  32  11  99  12  74  13  43  14  94  15  44  16  3  17  34  18  42  19  24
  0  42  1  99  2  24  3  74  4  23  5  33  6  38  7  40  8  91  9  71  10  52  11  81  12  63  13  45  14  40  15  50  16  22  17  59  18  57  19  40
  0  83  1  27  2  64  3  39  4  87  5  85  6  1  7  41  8  65  9  79  10  47  11  97  12  16  13  89  14  31  15  8  16  78  17  21  18  75  19  84
  0  82  1  17  2  86  3  44  4  17  5  29  6  26  7  6  8  45  9  76  10  20  11  5  12  77  13  73  14  7  15  36  16  34  17  90  18  13  19  11
  0  9  1  20  2  10  3  67  4  91  5  14  6  8  7  85  8  6  9  32  10  64  11  88  12  81  13  43  14  38  15  27  16  65  17  31  18  98  19  96
  0  40  1  9  2  74  3  9  4  95  5  60  6  12  7  41  8  91  9  39  10  66  11  15  12  84  13  12  14  47  15  95  16  22  17  13  18  96  19  3
  0  23  1  50  2  70  3  67  4  99  5  91  6  42  7  98  8  82  9  4  10  62  11  27  12  62  13  32  14  37  15  30  16  54  17  45  18  8  19  83
  0  54  1  80  2  46  3  76  4  37  5  55  6  98  7  78  8  20  9  49  10  41  11  63  12  89  13  57  14  36  15  18  16  60  17  71  18  86  19  84
  0  31  1  45  2  47  3  34  4  34  5  42  6  28  7  50  8  7  9  83  10  1  11  77  12  27  13  35  14  92  15  72  16  97  17  96  18  33  19  43
  0  66  1  3  2  86  3  80  4  3  5  29  6  78  7  20  8  3  9  63  10  10  11  66  12  62  13  99  14  8  15  86  16  42  17  56  18  67  19  60
  0  43  1  23  2  70  3  20  4  30  5  92  6  93  7  41  8  86  9  27  10  45  11  50  12  2  13  76  14  79  15  74  16  99  17  38  18  93  19  38
  0  79  1  18  2  3  3  85  4  15  5  56  6  29  7  88  8  35  9  11  10  78  11  59  12  97  13  9  14  77  15  90  16  99  17  14  18  92  19  75
  0  14  1  83  2  56  3  94  4  34  5  92  6  66  7  71  8  56  9  50  10  54  11  17  12  57  13  55  14  9  15  39  16  20  17  49  18  20  19  73
  0  28  1  63  2  83  3  54  4  38  5  78  6  55  7  50  8  83  9  31  10  81  11  29  12  79  13  49  14  14  15  4  16  34  17  92  18  98  19  8
  0  87  1  27  2  7  3  85  4  17  5  67  6  20  7  84  8  94  9  58  10  17  11  11  12  98  13  92  14  9  15  58  16  76  17  68  18  17  19  46
  0  45  1  44  2  5  3  11  4  69  5  49  6  92  7  35  8  38  9  40  10  27  11  26  12  47  13  28  14  76  15  55  16  52  17  16  18  81  19  36
  0  48  1  9  2  81  3  1  4  87  5  94  6  80  7  94  8  59  9  8  10  49  11  4  12  60  13  26  14  58  15  88  16  62  17  58  18  93  19  82
  0  43  1  17  2  4  3  78  4  28  5  4  6  65  7  20  8  73  9  32  10  92  11  64  12  74  13  70  14  5  15  77  16  3  17  87  18  28  19  92
  0  74  1  23  2  17  3  36  4  21  5  19  6  89  7  89  8  23  9  92  10  45  11  71  12  14  13  27  14  82  15  23  16  63  17  4  18  50  19  58
  0  2  1  19  2  98  3  98  4  62  5  60  6  1  7  8  8  15  9  12  10  81  11  91  12  49  13  34  14  61  15  35  16  31  17  34  18  99  19  96
  0  8  1  18  2  99  3  58  4  77  5  95  6  21  7  27  8  23  9  70  10  86  11  28  12  76  13  48  14  2  15  29  16  83  17  38  18  12  19  89
  0  55  1  25  2  72  3  35  4  49  5  56  6  1  7  77  8  10  9  54  10  37  11  50  12  60  13  40  14  39  15  34  16  24  17  64  18  75  19  64
  0  17  1  43  2  6  3  72  4  47  5  63  6  52  7  97  8  4  9  10  10  9  11  56  12  25  13  7  14  33  15  77  16  78  17  4  18  29  19  22
  0  91  1  33  2  5  3  51  4  15  5  15  6  69  7  24  8  11  9  97  10  5  11  19  12  95  13  55  14  14  15  19  16  79  17  77  18  54  19  9
  0  75  1  28  2  85  3  73  4  86  5  55  6  99  7  81  8  82  9  79  10  17  11  11  12  23  13  93  14  57  15  55  16  91  17  41  18  26  19  82
  0  55  1  82  2  69  3  78  4  48  5  37  6  96  7  73  8  52  9  73  10  61  11  25  12  40  13  88  14  64  15  37  16  64  17  91  18  7  19  14
  0  42  1  88  2  12  3  69  4  63  5  29  6  99  7  76  8  5  9  63  10  67  11  1  12  42  13  22  14  32  15  43  16  99  17  13  18  14  19  28
  0  59  1  6  2  81  3  62  4  28  5  35  6  93  7  79  8  50  9  55  10  93  11  52  12  80  13  27  14  38  15  5  16  90  17  4  18  88  19  89
  0  52  1  71  2  82  3  98  4  19  5  41  6  56  7  18  8  18  9  3  10  3  11  56  12  7  13  97  14  70  15  97  16  61  17  54  18  50  19  63
  0  97  1  7  2  99  3  81  4  58  5  87  6  96  7  7  8  92  9  51  10  33  11  23  12  25  13  1  14  83  15  32  16  96  17  85  18  7  19  17
  0  9  1  22  2  77  3  16  4  17  5  43  6  38  7  67  8  47  9  79  10  34  11  84  12  27  13  27  14  65  15  94  16  76  17  57  18  63  19  49
  0  73  1  77  2  93  3  66  4  2  5  31  6  10  7  88  8  51  9  22  10  51  11  60  12  16  13  79  14  29  15  46  16  26  17  9  18  46  19  61
  0  83  1  87  2  73  3  72  4  20  5  17  6  33  7  91  8  72  9  21  10  93  11  88  12  50  13  56  14  80  15  65  16  49  17  89  18  30  19  88
  0  22  1  36  2  57  3  77  4  24  5  83  6  23  7  69  8  81  9  28  10  7  11  31  12  59  13  4  14  25  15  88  16  24  17  97  18  47  19  80
  0  26  1  56  2  17  3  62  4  54  5  33  6  59  7  23  8  25  9  45  10  36  11  85  12  14  13  35  14  94  15  7  16  55  17  34  18  4  19  90
  0  48  1  6  2  84  3  83  4  49  5  95  6  68  7  28  8  48  9  12  10  53  11  77  12  54  13  37  14  39  15  93  16  32  17  23  18  42  19  2
  0  74  1  17  2  47  3  66  4  93  5  44  6  35  7  92  8  71  9  29  10  92  11  97  12  5  13  19  14  93  15  83  16  20  17  77  18  12  19  19
  0  69  1  19  2  99  3  6  4  12  5  33  6  45  7  84  8  42  9  12  10  97  11  21  12  32  13  65  14  10  15  47  16  93  17  12  18  52  19  87
  0  74  1  57  2  83  3  61  4  40  5  14  6  3  7  56  8  24  9  9  10  90  11  20  12  26  13  4  14  34  15  97  16  96  17  8  18  93  19  25
  0  58  1  55  2  43  3  57  4  23  5  96  6  97  7  82  8  10  9  5  10  19  11  51  12  2  13  9  14  52  15  36  16  62  17  5  18  30  19  81
  0  7  1  94  2  65  3  26  4  20  5  67  6  7  7  91  8  41  9  22  10  22  11  83  12  69  13  81  14  47  15  47  16  58  17  64  18  10  19  56
  0  3  1  11  2  14  3  53  4  35  5  65  6  47  7  57  8  90  9  79  10  45  11  98  12  99  13  84  14  24  15  61  16  20  17  34  18  70  19  35
  0  20  1  31  2  43  3  14  4  76  5  85  6  32  7  82  8  42  9  66  10  72  11  84  12  94  13  38  14  13  15  68  16  90  17  4  18  95  19  45
  0  58  1  95  2  70  3  6  4  25  5  74  6  80  7  85  8  55  9  45  10  77  11  84  12  45  13  83  14  47  15  51  16  95  17  35  18  69  19  14
  0  64  1  45  2  37  3  18  4  76  5  16  6  95  7  82  8  27  9  98  10  98  11  2  12  14  13  78  14  79  15  55  16  92  17  5  18  76  19  90
  0  23  1  66  2  84  3  1  4  68  5  27  6  98  7  13  8  56  9  67  10  84  11  50  12  5  13  88  14  83  15  40  16  98  17  91  18  43  19  84
  0  39  1  17  2  38  3  11  4  20  5  27  6  96  7  60  8  2  9  61  10  78  11  99  12  81  13  79  14  46  15  55  16  81  17  2  18  42  19  3
  0  4  1  89  2  52  3  57  4  34  5  32  6  17  7  66  8  77  9  34  10  38  11  77  12  62  13  23  14  68  15  42  16  51  17  9  18  99  19  91
  0  43  1  75  2  80  3  70  4  54  5  89  6  23  7  27  8  12  9  44  10  96  11  3  12  94  13  80  14  1  15  61  16  9  17  52  18  70  19  45
  0  93  1  33  2  64  3  65  4  71  5  75  6  23  7  44  8  97  9  61  10  17  11  77  12  92  13  24  14  3  15  93  16  29  17  22  18  73  19  2
  0  31  1  86  2  56  3  80  4  2  5  87  6  8  7  41  8  77  9  74  10  2  11  58  12  92  13  98  14  7  15  65  16  79  17  29  18  11  19  51
  0  65  1  93  2  26  3  4  4  18  5  28  6  93  7  90  8  56  9  19  10  58  11  73  12  45  13  55  14  95  15  86  16  12  17  30  18  5  19  39
  0  76  1  68  2  97  3  20  4  80  5  61  6  53  7  99  8  39  9  34  10  17  11  78  12  70  13  84  14  59  15  13  16  74  17  55  18  25  19  19
  0  52  1  48  2  41  3  44  4  2  5  72  6  63  7  52  8  24  9  96  10  73  11  51  12  31  13  48  14  68  15  76  16  32  17  69  18  91  19  99
  0  42  1  34  2  5  3  27  4  47  5  82  6  99  7  8  8  9  9  19  10  97  11  64  12  96  13  93  14  86  15  24  16  86  17  56  18  83  19  92
  0  54  1  46  2  48  3  34  4  55  5  75  6  53  7  8  8  83  9  93  10  13  11  4  12  19  13  70  14  12  15  76  16  40  17  7  18  81  19  47
  0  53  1  76  2  39  3  50  4  33  5  61  6  60  7  29  8  25  9  20  10  60  11  8  12  29  13  10  14  12  15  99  16  54  17  54  18  18  19  27
  0  34  1  27  2  9  3  58  4  38  5  78  6  55  7  92  8  12  9  48  10  90  11  48  12  31  13  30  14  3  15  30  16  68  17  77  18  30  19  86
  0  80  1  70  2  71  3  77  4  92  5  84  6  4  7  21  8  19  9  36  10  53  11  79  12  50  13  78  14  72  15  17  16  10  17  88  18  26  19  22
  0  34  1  66  2  65  3  85  4  55  5  30  6  67  7  90  8  74  9  88  10  64  11  29  12  57  13  12  14  71  15  65  16  99  17  43  18  11  19  24
  0  31  1  17  2  76  3  44  4  59  5  80  6  99  7  43  8  80  9  27  10  91  11  95  12  97  13  90  14  92  15  92  16  27  17  68  18  39  19  52
  0  88  1  60  2  35  3  95  4  97  5  43  6  93  7  19  8  23  9  24  10  72  11  97  12  62  13  39  14  34  15  31  16  55  17  84  18  84  19  5
  0  38  1  16  2  99  3  27  4  4  5  22  6  15  7  60  8  37  9  85  10  52  11  65  12  9  13  80  14  13  15  38  16  82  17  59  18  45  19  66
  0  45  1  40  2  81  3  85  4  73  5  87  6  95  7  83  8  94  9  63  10  28  11  81  12  8  13  71  14  69  15  10  16  70  17  32  18  24  19  35
  0  63  1  64  2  66  3  18  4  1  5  56  6  73  7  11  8  31  9  49  10  12  11  21  12  66  13  70  14  79  15  90  16  11  17  95  18  60  19  79
  0  98  1  9  2  27  3  58  4  54  5  7  6  1  7  25  8  28  9  62  10  63  11  25  12  75  13  36  14  66  15  26  16  91  17  16  18  90  19  79
  0  5  1  96  2  54  3  77  4  98  5  68  6  62  7  71  8  15  9  40  10  52  11  28  12  52  13  34  14  84  15  27  16  82  17  28  18  67  19  33
  0  20  1  23  2  29  3  92  4  30  5  75  6  65  7  41  8  72  9  5  10  42  11  16  12  2  13  83  14  12  15  14  16  69  17  53  18  74  19  48
  0  11  1  45  2  22  3  72  4  4  5  71  6  3  7  90  8  35  9  39  10  22  11  78  12  7  13  96  14  66  15  61  16  74  17  3  18  4  19  47
  0  2  1  93  2  7  3  98  4  58  5  83  6  97  7  90  8  19  9  20  10  15  11  94  12  16  13  76  14  47  15  85  16  67  17  74  18  86  19  57
  0  93  1  37  2  90  3  87  4  61  5  36  6  74  7  10  8  44  9  83  10  45  11  61  12  97  13  70  14  63  15  18  16  53  17  69  18  4  19  50
  0  3  1  28  2  33  3  45  4  34  5  49  6  33  7  77  8  21  9  17  10  40  11  43  12  80  13  17  14  79  15  71  16  69  17  62  18  5  19  76
  0  64  1  28  2  84  3  32  4  45  5  44  6  94  7  68  8  99  9  5  10  97  11  21  12  88  13  12  14  28  15  90  16  61  17  21  18  8  19  87
  0  4  1  93  2  72  3  73  4  54  5  65  6  68  7  22  8  33  9  70  10  56  11  54  12  47  13  93  14  38  15  41  16  92  17  42  18  83  19  53
  0  54  1  53  2  25  3  11  4  61  5  74  6  53  7  80  8  79  9  95  10  31  11  90  12  22  13  18  14  91  15  81  16  16  17  67  18  16  19  15
  0  66  1  21  2  84  3  98  4  96  5  81  6  54  7  5  8  53  9  16  10  14  11  83  12  10  13  70  14  4  15  12  16  17  17  87  18  13  19  23
  0  61  1  24  2  84  3  91  4  45  5  24  6  9  7  5  8  3  9  3  10  55  11  8  12  1  13  49  14  91  15  20  16  5  17  38  18  3  19  69
  0  2  1  35  2  73  3  78  4  99  5  8  6  34  7  99  8  67  9  96  10  61  11  80  12  69  13  98  14  80  15  32  16  8  17  67  18  36  19  93
  0  91  1  45  2  97  3  44  4  76  5  57  6  36  7  85  8  52  9  56  10  82  11  17  12  79  13  88  14  49  15  66  16  96  17  14  18  89  19  30
  0  37  1  14  2  7  3  76  4  52  5  60  6  55  7  80  8  6  9  24  10  86  11  4  12  1  13  65  14  31  15  45  16  53  17  21  18  25  19  23
  0  9  1  73  2  20  3  60  4  91  5  86  6  31  7  79  8  10  9  30  10  20  11  44  12  66  13  25  14  7  15  92  16  50  17  94  18  71  19  45
  0  2  1  88  2  75  3  97  4  84  5  29  6  18  7  19  8  2  9  84  10  18  11  17  12  34  13  72  14  66  15  45  16  6  17  61  18  10  19  62
  0  90  1  95  2  52  3  66  4  8  5  84  6  72  7  65  8  91  9  31  10  20  11  61  12  21  13  77  14  20  15  47  16  38  17  94  18  99  19  55
  0  7  1  61  2  25  3  10  4  75  5  81  6  98  7  51  8  56  9  63  10  78  11  64  12  28  13  42  14  90  15  1  16  30  17  16  18  65  19  92
  0  95  1  46  2  17  3  1  4  53  5  26  6  39  7  32  8  95  9  21  10  93  11  27  12  68  13  37  14  9  15  99  16  70  17  74  18  24  19  90
  0  37  1  63  2  30  3  44  4  50  5  99  6  15  7  37  8  13  9  15  10  97  11  26  12  67  13  61  14  5  15  66  16  53  17  90  18  51  19  38
  0  28  1  56  2  91  3  87  4  99  5  66  6  84  7  46  8  46  9  68  10  72  11  7  12  12  13  54  14  61  15  66  16  25  17  91  18  83  19  47
  0  53  1  47  2  35  3  79  4  3  5  42  6  55  7  93  8  37  9  50  10  78  11  61  12  48  13  50  14  65  15  76  16  29  17  76  18  17  19  63
  0  16  1  30  2  2  3  78  4  5  5  46  6  69  7  7  8  57  9  37  10  28  11  85  12  60  13  49  14  94  15  20  16  87  17  1  18  63  19  53
  0  87  1  98  2  44  3  5  4  8  5  42  6  61  7  14  8  97  9  61  10  23  11  26  12  86  13  66  14  96  15  16  16  3  17  72  18  52  19  45
  0  93  1  50  2  58  3  88  4  57  5  26  6  43  7  77  8  94  9  94  10  52  11  44  12  51  13  56  14  72  15  77  16  95  17  69  18  3  19  4
  0  61  1  89  2  71  3  64  4  49  5  34  6  68  7  61  8  61  9  85  10  11  11  72  12  18  13  41  14  62  15  77  16  83  17  54  18  99  19  35
TPM
  0  1591  1  1591  2  1591  3  1591  4  1591  5  1591  6  1591  7  1591  8  1591  9  1591  10  1591  11  1591  12  1591  13  1591  14  1591  15  1591  16  1591  17  1591  18  1591  19  1591
PMT
  0  21  1  7  2  17  3  1  4  9  5  15  6  22  7  24  8  10  9  16  10  22  11  8  12  22  13  23  14  21  15  17  16  22  17  8  18  14  19  22
  0  24  1  14  2  12  3  21  4  14  5  4  6  1  7  13  8  22  9  20  10  9  11  9  12  5  13  11  14  23  15  24  16  5  17  16  18  6  19  23
  0  3  1  14  2  23  3  17  4  17  5  21  6  8  7  20  8  18  9  2  10  6  11  4  12  22  13  20  14  16  15  21  16  16  17  18  18  5  19  2
  0  10  1  6  2  19  3  20  4  7  5  9  6  7  7  6  8  10  9  13  10  2  11  24  12  4  13  17  14  19  15  16  16  23  17  10  18  9  19  4
  0  17  1  11  2  14  3  17  4  21  5  19  6  17  7  23  8  13  9  3  10  6  11  24  12  5  13  16  14  23  15  8  16  12  17  12  18  24  19  5
  0  23  1  6  2  15  3  13  4  24  5  5  6  15  7  14  8  18  9  2  10  18  11  7  12  5  13  21  14  20  15  9  16  23  17  17  18  16  19  6
  0  14  1  4  2  5  3  20  4  4  5  18  6  4  7  24  8  23  9  14  10  15  11  12  12  13  13  23  14  7  15  2  16  11  17  5  18  14  19  15
  0  11  1  24  2  18  3  9  4  17  5  4  6  8  7  5  8  22  9  4  10  16  11  2  12  13  13  19  14  16  15  24  16  11  17  16  18  4  19  15
  0  19  1  24  2  1  3  3  4  11  5  1  6  10  7  4  8  20  9  20  10  11  11  20  12  9  13  2  14  2  15  6  16  10  17  12  18  22  19  14
  0  2  1  22  2  18  3  19  4  17  5  20  6  3  7  14  8  5  9  11  10  5  11  12  12  23  13  10  14  6  15  9  16  16  17  2  18  7  19  12
  0  16  1  2  2  20  3  23  4  2  5  22  6  3  7  6  8  13  9  17  10  11  11  6  12  12  13  22  14  1  15  20  16  14  17  23  18  19  19  15
  0  20  1  19  2  5  3  13  4  8  5  1  6  17  7  21  8  18  9  23  10  8  11  19  12  2  13  24  14  2  15  18  16  7  17  19  18  16  19  7
  0  3  1  21  2  5  3  7  4  20  5  7  6  17  7  17  8  4  9  24  10  16  11  22  12  20  13  2  14  9  15  4  16  16  17  14  18  23  19  16
