20  20
  0  56  1  30  2  93  3  83  4  19  5  58  6  56  7  22  8  16  9  99  10  19  11  61  12  36  13  41  14  49  15  61  16  43  17  23  18  38  19  5
  0  54  1  25  2  5  3  55  4  48  5  82  6  41  7  52  8  38  9  73  10  26  11  87  12  5  13  45  14  19  15  60  16  65  17  73  18  25  19  99
  0  16  1  65  2  83  3  94  4  92  5  57  6  23  7  77  8  24  9  68  10  91  11  53  12  73  13  4  14  49  15  62  16  91  17  22  18  77  19  24
  0  37  1  18  2  53  3  98  4  26  5  77  6  88  7  67  8  19  9  97  10  20  11  11  12  65  13  3  14  29  15  40  16  49  17  74  18  90  19  14
  0  22  1  90  2  12  3  39  4  1  5  41  6  90  7  47  8  80  9  51  10  11  11  83  12  87  13  57  14  62  15  53  16  54  17  82  18  28  19  26
  0  23  1  37  2  9  3  72  4  88  5  25  6  57  7  95  8  35  9  23  10  40  11  82  12  39  13  95  14  62  15  74  16  37  17  30  18  21  19  57
  0  84  1  9  2  57  3  95  4  48  5  80  6  38  7  69  8  12  9  65  10  91  11  89  12  84  13  18  14  58  15  10  16  51  17  40  18  47  19  43
  0  93  1  2  2  6  3  54  4  68  5  35  6  37  7  5  8  46  9  80  10  34  11  46  12  10  13  24  14  8  15  10  16  94  17  48  18  19  19  21
  0  12  1  74  2  59  3  46  4  76  5  86  6  38  7  56  8  56  9  52  10  54  11  46  12  78  13  81  14  76  15  59  16  92  17  3  18  52  19  8
  0  57  1  24  2  25  3  75  4  7  5  23  6  32  7  53  8  16  9  90  10  92  11  41  12  55  13  3  14  36  15  15  16  34  17  10  18  18  19  52
  0  45  1  59  2  10  3  50  4  63  5  3  6  92  7  82  8  81  9  42  10  53  11  94  12  64  13  13  14  90  15  16  16  61  17  27  18  74  19  41
  0  13  1  9  2  2  3  20  4  32  5  89  6  57  7  47  8  57  9  73  10  70  11  47  12  99  13  56  14  23  15  85  16  31  17  75  18  44  19  70
  0  94  1  39  2  12  3  11  4  23  5  19  6  27  7  45  8  99  9  54  10  57  11  68  12  4  13  72  14  36  15  7  16  23  17  20  18  80  19  30
  0  11  1  85  2  69  3  97  4  40  5  32  6  78  7  64  8  81  9  81  10  76  11  24  12  82  13  25  14  25  15  31  16  55  17  35  18  36  19  48
  0  85  1  16  2  78  3  14  4  19  5  24  6  42  7  7  8  94  9  23  10  93  11  81  12  21  13  74  14  90  15  66  16  26  17  71  18  37  19  82
  0  26  1  72  2  82  3  3  4  81  5  79  6  18  7  65  8  44  9  73  10  18  11  18  12  24  13  20  14  13  15  38  16  4  17  74  18  13  19  85
  0  6  1  74  2  7  3  51  4  80  5  86  6  11  7  28  8  55  9  55  10  37  11  17  12  92  13  69  14  8  15  26  16  19  17  23  18  41  19  57
  0  41  1  67  2  74  3  56  4  57  5  68  6  11  7  87  8  16  9  7  10  95  11  63  12  3  13  92  14  62  15  24  16  46  17  90  18  9  19  61
  0  67  1  59  2  94  3  28  4  22  5  65  6  51  7  69  8  12  9  24  10  71  11  80  12  59  13  69  14  11  15  72  16  68  17  60  18  2  19  87
  0  29  1  71  2  89  3  20  4  20  5  46  6  23  7  15  8  37  9  75  10  64  11  54  12  36  13  52  14  98  15  59  16  68  17  21  18  61  19  65
TPM
  0  595  1  595  2  595  3  595  4  595  5  595  6  595  7  595  8  595  9  595  10  595  11  595  12  595  13  595  14  595  15  595  16  595  17  595  18  595  19  595
PMT
  0  48  1  72  2  11  3  32  4  55  5  41  6  25  7  61  8  58  9  65  10  67  11  36  12  22  13  69  14  33  15  70  16  63  17  33  18  62  19  56
  0  29  1  37  2  44  3  2  4  59  5  2  6  14  7  28  8  1  9  52  10  29  11  4  12  53  13  74  14  1  15  64  16  21  17  13  18  37  19  8
  0  35  1  30  2  41  3  47  4  14  5  46  6  46  7  59  8  6  9  32  10  46  11  64  12  74  13  32  14  56  15  7  16  39  17  52  18  72  19  54
  0  4  1  12  2  28  3  30  4  12  5  27  6  64  7  62  8  19  9  52  10  50  11  66  12  55  13  2  14  42  15  5  16  10  17  31  18  70  19  22
