500  20
  0  8  1  62  2  87  3  14  4  11  5  74  6  35  7  92  8  45  9  69  10  7  11  25  12  90  13  69  14  93  15  16  16  32  17  25  18  47  19  8
  0  80  1  99  2  8  3  69  4  66  5  43  6  90  7  59  8  68  9  32  10  35  11  13  12  51  13  25  14  49  15  20  16  91  17  31  18  19  19  15
  0  47  1  6  2  65  3  3  4  86  5  19  6  60  7  67  8  73  9  68  10  30  11  56  12  96  13  13  14  20  15  38  16  68  17  58  18  96  19  58
  0  39  1  42  2  6  3  60  4  8  5  59  6  10  7  38  8  20  9  52  10  82  11  40  12  77  13  61  14  32  15  33  16  15  17  84  18  74  19  6
  0  5  1  14  2  84  3  71  4  1  5  41  6  88  7  84  8  40  9  47  10  89  11  96  12  43  13  25  14  29  15  12  16  4  17  86  18  21  19  12
  0  43  1  70  2  28  3  68  4  78  5  42  6  57  7  59  8  35  9  48  10  83  11  53  12  72  13  81  14  49  15  36  16  49  17  52  18  91  19  87
  0  20  1  84  2  82  3  34  4  24  5  71  6  1  7  42  8  54  9  75  10  58  11  14  12  74  13  38  14  61  15  9  16  33  17  44  18  69  19  10
  0  18  1  60  2  84  3  90  4  12  5  36  6  89  7  68  8  62  9  36  10  9  11  35  12  82  13  40  14  68  15  16  16  36  17  46  18  71  19  86
  0  66  1  40  2  28  3  53  4  91  5  30  6  86  7  78  8  62  9  61  10  73  11  93  12  53  13  45  14  29  15  55  16  48  17  90  18  98  19  17
  0  23  1  1  2  23  3  24  4  45  5  81  6  14  7  66  8  47  9  80  10  43  11  35  12  34  13  38  14  60  15  71  16  36  17  40  18  13  19  2
  0  26  1  82  2  49  3  4  4  40  5  94  6  17  7  41  8  95  9  99  10  95  11  63  12  80  13  75  14  16  15  56  16  63  17  69  18  63  19  95
  0  42  1  76  2  65  3  38  4  39  5  74  6  11  7  41  8  14  9  82  10  47  11  11  12  24  13  91  14  55  15  16  16  94  17  72  18  4  19  3
  0  55  1  65  2  26  3  23  4  48  5  10  6  73  7  43  8  28  9  60  10  37  11  94  12  17  13  9  14  44  15  1  16  55  17  96  18  65  19  68
  0  92  1  91  2  2  3  47  4  93  5  67  6  26  7  87  8  45  9  12  10  91  11  50  12  21  13  34  14  60  15  44  16  1  17  72  18  81  19  5
  0  75  1  6  2  34  3  40  4  82  5  21  6  34  7  89  8  44  9  1  10  33  11  93  12  8  13  22  14  88  15  57  16  13  17  85  18  70  19  61
  0  36  1  16  2  38  3  52  4  72  5  98  6  98  7  7  8  79  9  55  10  27  11  68  12  75  13  54  14  28  15  88  16  65  17  27  18  42  19  27
  0  54  1  27  2  51  3  87  4  55  5  50  6  20  7  96  8  99  9  16  10  78  11  59  12  23  13  59  14  51  15  35  16  80  17  97  18  65  19  24
  0  88  1  67  2  1  3  66  4  39  5  48  6  68  7  79  8  4  9  10  10  28  11  92  12  27  13  58  14  83  15  56  16  96  17  70  18  12  19  31
  0  7  1  23  2  12  3  90  4  79  5  86  6  89  7  83  8  4  9  12  10  14  11  43  12  97  13  40  14  93  15  44  16  18  17  25  18  82  19  38
  0  51  1  25  2  1  3  25  4  90  5  28  6  20  7  36  8  59  9  98  10  81  11  29  12  31  13  68  14  12  15  43  16  89  17  12  18  64  19  40
  0  89  1  70  2  20  3  42  4  39  5  24  6  97  7  49  8  98  9  18  10  75  11  68  12  76  13  97  14  22  15  21  16  62  17  10  18  76  19  98
  0  32  1  71  2  46  3  72  4  6  5  7  6  94  7  88  8  52  9  20  10  38  11  4  12  77  13  47  14  90  15  34  16  9  17  90  18  7  19  42
  0  13  1  55  2  26  3  60  4  59  5  22  6  5  7  33  8  49  9  27  10  96  11  46  12  67  13  45  14  28  15  47  16  3  17  90  18  55  19  84
  0  82  1  67  2  25  3  32  4  90  5  60  6  56  7  63  8  69  9  32  10  18  11  87  12  25  13  62  14  92  15  84  16  96  17  63  18  15  19  72
  0  47  1  43  2  50  3  16  4  85  5  96  6  45  7  47  8  35  9  65  10  63  11  67  12  7  13  78  14  90  15  42  16  47  17  74  18  74  19  6
  0  43  1  59  2  27  3  59  4  42  5  56  6  7  7  96  8  97  9  59  10  68  11  11  12  41  13  72  14  33  15  75  16  66  17  24  18  24  19  76
  0  52  1  73  2  64  3  58  4  68  5  50  6  52  7  6  8  49  9  97  10  31  11  73  12  21  13  5  14  33  15  40  16  10  17  53  18  78  19  33
  0  85  1  14  2  33  3  74  4  4  5  70  6  68  7  27  8  57  9  43  10  86  11  46  12  45  13  51  14  82  15  60  16  21  17  48  18  78  19  55
  0  91  1  86  2  36  3  9  4  55  5  22  6  37  7  18  8  13  9  61  10  95  11  14  12  98  13  5  14  29  15  47  16  99  17  40  18  6  19  6
  0  67  1  91  2  60  3  72  4  42  5  32  6  18  7  61  8  36  9  10  10  89  11  78  12  57  13  40  14  28  15  87  16  63  17  82  18  41  19  89
  0  74  1  87  2  21  3  42  4  88  5  78  6  26  7  73  8  80  9  30  10  22  11  78  12  71  13  29  14  72  15  82  16  12  17  44  18  46  19  30
  0  95  1  40  2  57  3  24  4  16  5  4  6  70  7  20  8  26  9  81  10  47  11  62  12  57  13  31  14  94  15  4  16  22  17  51  18  48  19  54
  0  86  1  31  2  17  3  45  4  8  5  32  6  52  7  11  8  61  9  10  10  21  11  18  12  99  13  18  14  5  15  94  16  30  17  69  18  55  19  45
  0  88  1  30  2  62  3  47  4  63  5  88  6  31  7  67  8  77  9  12  10  68  11  46  12  48  13  83  14  22  15  38  16  77  17  1  18  31  19  97
  0  36  1  47  2  70  3  59  4  59  5  90  6  8  7  53  8  48  9  70  10  97  11  39  12  61  13  64  14  91  15  65  16  32  17  50  18  24  19  83
  0  50  1  17  2  13  3  67  4  85  5  70  6  92  7  25  8  48  9  53  10  41  11  94  12  23  13  70  14  3  15  74  16  1  17  75  18  91  19  21
  0  9  1  90  2  44  3  8  4  16  5  36  6  44  7  45  8  45  9  3  10  43  11  86  12  48  13  93  14  60  15  91  16  6  17  21  18  10  19  3
  0  49  1  30  2  17  3  57  4  44  5  87  6  98  7  61  8  63  9  60  10  36  11  75  12  41  13  54  14  63  15  92  16  89  17  22  18  29  19  23
  0  19  1  28  2  33  3  93  4  93  5  42  6  37  7  50  8  7  9  8  10  83  11  3  12  75  13  88  14  92  15  51  16  64  17  5  18  18  19  5
  0  3  1  5  2  70  3  52  4  61  5  36  6  53  7  65  8  85  9  15  10  58  11  42  12  14  13  3  14  18  15  5  16  22  17  30  18  26  19  34
  0  75  1  52  2  49  3  90  4  85  5  11  6  6  7  50  8  85  9  21  10  95  11  69  12  85  13  36  14  74  15  44  16  75  17  51  18  37  19  33
  0  68  1  32  2  44  3  56  4  26  5  98  6  95  7  3  8  83  9  95  10  58  11  89  12  86  13  19  14  67  15  62  16  2  17  96  18  96  19  34
  0  50  1  30  2  45  3  7  4  95  5  54  6  82  7  5  8  77  9  62  10  65  11  32  12  68  13  7  14  1  15  23  16  90  17  84  18  43  19  52
  0  43  1  49  2  16  3  23  4  5  5  18  6  27  7  47  8  11  9  65  10  3  11  92  12  37  13  24  14  55  15  46  16  28  17  29  18  78  19  42
  0  53  1  77  2  14  3  34  4  77  5  95  6  46  7  12  8  83  9  23  10  11  11  1  12  79  13  70  14  37  15  96  16  83  17  5  18  44  19  9
  0  63  1  59  2  68  3  21  4  67  5  86  6  90  7  3  8  94  9  98  10  98  11  24  12  75  13  51  14  87  15  44  16  55  17  74  18  95  19  96
  0  18  1  71  2  28  3  80  4  84  5  8  6  6  7  33  8  66  9  79  10  59  11  42  12  74  13  38  14  35  15  23  16  98  17  1  18  94  19  74
  0  18  1  75  2  29  3  74  4  5  5  79  6  15  7  98  8  22  9  40  10  68  11  61  12  48  13  84  14  99  15  5  16  65  17  82  18  61  19  10
  0  84  1  88  2  42  3  75  4  22  5  84  6  48  7  13  8  29  9  41  10  83  11  41  12  39  13  37  14  11  15  76  16  93  17  9  18  53  19  67
  0  64  1  9  2  87  3  95  4  66  5  11  6  9  7  71  8  41  9  85  10  94  11  63  12  58  13  25  14  84  15  70  16  49  17  99  18  55  19  9
  0  95  1  79  2  54  3  66  4  8  5  36  6  33  7  71  8  82  9  26  10  85  11  52  12  32  13  17  14  72  15  1  16  4  17  93  18  12  19  57
  0  48  1  76  2  45  3  89  4  97  5  23  6  11  7  21  8  64  9  7  10  3  11  39  12  74  13  82  14  78  15  95  16  92  17  92  18  38  19  57
  0  1  1  66  2  20  3  89  4  39  5  23  6  48  7  80  8  31  9  73  10  46  11  27  12  35  13  86  14  7  15  39  16  2  17  66  18  67  19  52
  0  36  1  46  2  42  3  39  4  80  5  13  6  3  7  57  8  74  9  97  10  21  11  89  12  66  13  10  14  94  15  46  16  63  17  4  18  41  19  51
  0  56  1  84  2  21  3  25  4  63  5  18  6  24  7  23  8  59  9  81  10  28  11  25  12  2  13  82  14  22  15  51  16  66  17  28  18  54  19  63
  0  47  1  13  2  25  3  82  4  87  5  81  6  70  7  24  8  47  9  57  10  75  11  35  12  30  13  57  14  26  15  77  16  11  17  41  18  92  19  9
  0  46  1  42  2  94  3  31  4  58  5  98  6  97  7  28  8  27  9  80  10  32  11  8  12  20  13  71  14  48  15  9  16  59  17  51  18  38  19  56
  0  96  1  1  2  82  3  60  4  38  5  18  6  26  7  97  8  68  9  99  10  61  11  23  12  28  13  66  14  94  15  96  16  70  17  96  18  22  19  28
  0  92  1  19  2  16  3  67  4  16  5  73  6  40  7  96  8  69  9  35  10  13  11  10  12  81  13  75  14  91  15  66  16  8  17  85  18  60  19  77
  0  40  1  5  2  28  3  48  4  62  5  16  6  82  7  78  8  64  9  2  10  51  11  18  12  36  13  85  14  59  15  3  16  72  17  92  18  97  19  35
  0  90  1  93  2  36  3  83  4  36  5  37  6  33  7  98  8  6  9  76  10  48  11  93  12  46  13  40  14  44  15  26  16  90  17  1  18  38  19  68
  0  33  1  56  2  42  3  71  4  66  5  21  6  92  7  55  8  40  9  72  10  75  11  68  12  88  13  33  14  78  15  10  16  59  17  66  18  42  19  11
  0  35  1  4  2  83  3  6  4  19  5  57  6  12  7  56  8  48  9  74  10  68  11  88  12  30  13  26  14  54  15  71  16  34  17  56  18  25  19  52
  0  83  1  24  2  74  3  99  4  15  5  6  6  34  7  54  8  13  9  63  10  51  11  62  12  40  13  72  14  37  15  55  16  7  17  80  18  84  19  94
  0  56  1  36  2  9  3  95  4  75  5  94  6  48  7  9  8  27  9  24  10  40  11  1  12  82  13  33  14  51  15  90  16  11  17  9  18  26  19  13
  0  24  1  46  2  98  3  25  4  5  5  84  6  56  7  66  8  68  9  4  10  68  11  57  12  27  13  30  14  18  15  80  16  52  17  67  18  86  19  80
  0  71  1  46  2  98  3  92  4  30  5  51  6  11  7  58  8  9  9  82  10  3  11  19  12  82  13  55  14  22  15  73  16  50  17  38  18  65  19  48
  0  81  1  89  2  21  3  16  4  60  5  47  6  82  7  63  8  10  9  69  10  32  11  93  12  35  13  45  14  37  15  1  16  34  17  4  18  11  19  80
  0  28  1  17  2  38  3  34  4  44  5  52  6  59  7  93  8  37  9  26  10  65  11  88  12  35  13  73  14  49  15  1  16  46  17  22  18  18  19  99
  0  57  1  47  2  50  3  60  4  24  5  34  6  70  7  83  8  15  9  85  10  60  11  91  12  78  13  43  14  36  15  54  16  26  17  17  18  52  19  77
  0  66  1  35  2  33  3  63  4  31  5  58  6  15  7  1  8  63  9  35  10  63  11  77  12  71  13  65  14  8  15  3  16  81  17  25  18  88  19  79
  0  9  1  59  2  22  3  82  4  56  5  40  6  23  7  9  8  11  9  50  10  44  11  26  12  76  13  49  14  22  15  27  16  88  17  21  18  28  19  61
  0  78  1  12  2  84  3  16  4  92  5  10  6  73  7  49  8  92  9  22  10  58  11  12  12  65  13  62  14  7  15  5  16  51  17  31  18  54  19  61
  0  47  1  74  2  78  3  47  4  46  5  46  6  62  7  19  8  38  9  6  10  53  11  87  12  48  13  24  14  74  15  70  16  24  17  88  18  16  19  38
  0  78  1  29  2  24  3  84  4  48  5  98  6  79  7  64  8  37  9  84  10  12  11  4  12  44  13  29  14  2  15  56  16  92  17  1  18  60  19  60
  0  26  1  28  2  6  3  39  4  20  5  87  6  55  7  25  8  34  9  27  10  9  11  15  12  2  13  40  14  5  15  86  16  34  17  44  18  55  19  29
  0  80  1  15  2  4  3  65  4  76  5  78  6  60  7  77  8  71  9  82  10  1  11  56  12  11  13  74  14  50  15  37  16  28  17  65  18  70  19  98
  0  53  1  72  2  23  3  30  4  63  5  48  6  97  7  87  8  15  9  44  10  2  11  20  12  36  13  81  14  64  15  6  16  84  17  4  18  3  19  42
  0  79  1  55  2  43  3  92  4  67  5  98  6  6  7  58  8  94  9  62  10  93  11  45  12  78  13  92  14  34  15  45  16  4  17  40  18  75  19  43
  0  96  1  16  2  37  3  20  4  47  5  88  6  54  7  19  8  70  9  7  10  79  11  90  12  49  13  78  14  23  15  41  16  82  17  30  18  42  19  37
  0  35  1  33  2  25  3  46  4  70  5  76  6  19  7  28  8  1  9  98  10  89  11  88  12  99  13  46  14  32  15  67  16  45  17  87  18  62  19  29
  0  2  1  12  2  44  3  68  4  56  5  8  6  54  7  54  8  59  9  63  10  79  11  67  12  50  13  74  14  90  15  21  16  52  17  30  18  54  19  56
  0  73  1  2  2  64  3  43  4  57  5  90  6  9  7  58  8  53  9  72  10  1  11  96  12  10  13  62  14  48  15  32  16  12  17  92  18  27  19  66
  0  13  1  66  2  90  3  98  4  31  5  29  6  42  7  20  8  12  9  81  10  19  11  12  12  77  13  22  14  4  15  9  16  17  17  76  18  39  19  49
  0  80  1  84  2  13  3  12  4  88  5  20  6  47  7  44  8  67  9  80  10  6  11  97  12  73  13  76  14  1  15  42  16  58  17  85  18  58  19  24
  0  3  1  81  2  95  3  87  4  11  5  28  6  87  7  71  8  42  9  3  10  50  11  51  12  28  13  10  14  64  15  1  16  97  17  69  18  98  19  74
  0  15  1  12  2  35  3  48  4  84  5  1  6  84  7  61  8  1  9  77  10  46  11  51  12  40  13  98  14  64  15  83  16  8  17  83  18  70  19  97
  0  7  1  36  2  17  3  34  4  83  5  78  6  49  7  18  8  61  9  16  10  60  11  3  12  83  13  22  14  34  15  3  16  5  17  17  18  70  19  80
  0  17  1  84  2  37  3  48  4  5  5  21  6  11  7  6  8  43  9  47  10  86  11  38  12  3  13  14  14  68  15  27  16  25  17  69  18  88  19  56
  0  66  1  82  2  91  3  14  4  42  5  43  6  97  7  29  8  6  9  75  10  36  11  83  12  54  13  30  14  89  15  97  16  41  17  58  18  20  19  69
  0  30  1  73  2  44  3  26  4  34  5  46  6  84  7  16  8  20  9  3  10  29  11  36  12  64  13  14  14  53  15  3  16  97  17  3  18  98  19  74
  0  74  1  92  2  12  3  10  4  49  5  83  6  89  7  13  8  58  9  41  10  79  11  99  12  20  13  13  14  29  15  78  16  18  17  12  18  95  19  43
  0  24  1  45  2  45  3  15  4  71  5  76  6  10  7  71  8  98  9  23  10  86  11  73  12  10  13  57  14  81  15  55  16  27  17  60  18  49  19  42
  0  27  1  20  2  77  3  25  4  6  5  9  6  4  7  94  8  87  9  58  10  84  11  12  12  81  13  12  14  35  15  79  16  65  17  55  18  25  19  29
  0  30  1  22  2  86  3  41  4  28  5  31  6  76  7  76  8  2  9  20  10  6  11  64  12  85  13  65  14  4  15  84  16  18  17  4  18  7  19  54
  0  89  1  5  2  85  3  79  4  28  5  57  6  28  7  52  8  91  9  54  10  64  11  92  12  18  13  11  14  1  15  75  16  56  17  40  18  83  19  86
  0  77  1  68  2  26  3  91  4  34  5  66  6  50  7  25  8  25  9  31  10  54  11  24  12  83  13  43  14  85  15  65  16  84  17  87  18  75  19  87
  0  57  1  2  2  94  3  89  4  25  5  99  6  8  7  58  8  38  9  87  10  39  11  57  12  47  13  57  14  99  15  70  16  37  17  36  18  11  19  1
  0  36  1  22  2  38  3  50  4  44  5  32  6  21  7  43  8  65  9  49  10  58  11  70  12  33  13  43  14  87  15  50  16  55  17  90  18  62  19  51
  0  29  1  41  2  31  3  16  4  92  5  81  6  46  7  78  8  24  9  6  10  80  11  73  12  99  13  4  14  26  15  62  16  60  17  2  18  82  19  45
  0  71  1  37  2  82  3  22  4  56  5  44  6  12  7  18  8  51  9  83  10  97  11  3  12  99  13  43  14  98  15  50  16  83  17  82  18  10  19  28
  0  87  1  27  2  55  3  14  4  2  5  97  6  64  7  75  8  35  9  53  10  9  11  63  12  91  13  89  14  81  15  94  16  27  17  93  18  40  19  40
  0  94  1  73  2  22  3  42  4  34  5  3  6  35  7  5  8  80  9  48  10  61  11  60  12  83  13  71  14  34  15  98  16  68  17  20  18  72  19  84
  0  83  1  57  2  92  3  45  4  6  5  91  6  14  7  73  8  8  9  96  10  46  11  74  12  5  13  47  14  19  15  80  16  33  17  2  18  81  19  80
  0  33  1  10  2  99  3  55  4  34  5  32  6  15  7  13  8  65  9  83  10  51  11  67  12  38  13  55  14  78  15  96  16  83  17  72  18  66  19  75
  0  28  1  82  2  6  3  84  4  41  5  91  6  50  7  14  8  8  9  91  10  33  11  39  12  78  13  45  14  48  15  20  16  24  17  21  18  99  19  51
  0  94  1  94  2  74  3  86  4  43  5  58  6  60  7  82  8  81  9  8  10  52  11  54  12  78  13  98  14  94  15  42  16  4  17  86  18  55  19  21
  0  85  1  93  2  35  3  97  4  44  5  76  6  58  7  97  8  3  9  71  10  91  11  15  12  2  13  57  14  92  15  86  16  56  17  48  18  86  19  24
  0  46  1  18  2  10  3  90  4  16  5  14  6  93  7  28  8  28  9  7  10  48  11  60  12  7  13  1  14  87  15  32  16  45  17  71  18  8  19  63
  0  82  1  38  2  94  3  11  4  66  5  68  6  35  7  92  8  52  9  78  10  54  11  1  12  14  13  67  14  6  15  3  16  60  17  15  18  80  19  30
  0  92  1  24  2  19  3  76  4  27  5  74  6  37  7  76  8  87  9  44  10  1  11  25  12  41  13  92  14  15  15  57  16  12  17  23  18  6  19  16
  0  18  1  69  2  14  3  50  4  8  5  68  6  31  7  40  8  96  9  12  10  38  11  43  12  12  13  4  14  37  15  96  16  15  17  48  18  85  19  21
  0  65  1  53  2  67  3  23  4  21  5  30  6  59  7  79  8  97  9  9  10  85  11  50  12  52  13  16  14  68  15  67  16  44  17  76  18  7  19  83
  0  72  1  34  2  49  3  71  4  41  5  7  6  45  7  28  8  54  9  24  10  85  11  16  12  62  13  2  14  65  15  32  16  25  17  64  18  36  19  8
  0  22  1  10  2  31  3  68  4  73  5  80  6  68  7  7  8  23  9  93  10  75  11  49  12  1  13  30  14  98  15  26  16  73  17  90  18  66  19  64
  0  41  1  75  2  41  3  67  4  50  5  40  6  77  7  57  8  24  9  30  10  57  11  83  12  24  13  5  14  78  15  31  16  8  17  95  18  20  19  77
  0  38  1  67  2  13  3  84  4  58  5  70  6  72  7  26  8  43  9  7  10  95  11  79  12  87  13  46  14  7  15  40  16  90  17  62  18  16  19  39
  0  52  1  82  2  35  3  55  4  82  5  69  6  37  7  78  8  1  9  66  10  79  11  49  12  69  13  88  14  14  15  70  16  83  17  45  18  59  19  98
  0  21  1  3  2  9  3  31  4  19  5  50  6  89  7  58  8  35  9  8  10  16  11  48  12  6  13  97  14  81  15  77  16  12  17  73  18  94  19  35
  0  8  1  65  2  54  3  48  4  88  5  95  6  7  7  20  8  83  9  63  10  48  11  77  12  19  13  22  14  55  15  59  16  73  17  72  18  49  19  99
  0  21  1  62  2  41  3  89  4  46  5  69  6  13  7  15  8  68  9  81  10  16  11  8  12  2  13  39  14  4  15  58  16  52  17  71  18  41  19  79
  0  26  1  58  2  30  3  7  4  86  5  1  6  62  7  87  8  6  9  65  10  94  11  5  12  77  13  56  14  82  15  2  16  1  17  14  18  46  19  38
  0  47  1  55  2  39  3  84  4  67  5  99  6  39  7  23  8  10  9  43  10  95  11  28  12  43  13  78  14  97  15  35  16  13  17  73  18  35  19  23
  0  82  1  56  2  88  3  68  4  24  5  66  6  56  7  55  8  58  9  68  10  99  11  27  12  81  13  50  14  83  15  39  16  5  17  34  18  23  19  40
  0  98  1  85  2  76  3  77  4  32  5  96  6  44  7  21  8  26  9  68  10  52  11  52  12  86  13  39  14  43  15  45  16  65  17  12  18  5  19  52
  0  72  1  88  2  92  3  68  4  44  5  17  6  41  7  27  8  27  9  96  10  68  11  69  12  45  13  17  14  14  15  72  16  53  17  4  18  66  19  32
  0  94  1  9  2  71  3  48  4  12  5  78  6  24  7  46  8  98  9  60  10  98  11  30  12  61  13  51  14  47  15  56  16  46  17  2  18  82  19  85
  0  61  1  14  2  42  3  26  4  64  5  2  6  66  7  89  8  33  9  12  10  61  11  40  12  23  13  15  14  25  15  64  16  69  17  12  18  48  19  41
  0  8  1  23  2  34  3  56  4  6  5  53  6  85  7  95  8  40  9  48  10  54  11  36  12  50  13  80  14  60  15  81  16  60  17  48  18  18  19  40
  0  58  1  53  2  28  3  27  4  57  5  1  6  24  7  40  8  81  9  44  10  82  11  57  12  66  13  58  14  33  15  33  16  54  17  13  18  33  19  94
  0  15  1  91  2  79  3  81  4  48  5  63  6  92  7  69  8  26  9  12  10  80  11  68  12  83  13  81  14  66  15  82  16  82  17  75  18  54  19  92
  0  86  1  53  2  46  3  79  4  39  5  66  6  46  7  95  8  14  9  67  10  16  11  71  12  99  13  65  14  59  15  9  16  27  17  99  18  59  19  78
  0  45  1  93  2  91  3  47  4  26  5  67  6  78  7  5  8  21  9  45  10  79  11  27  12  37  13  83  14  11  15  51  16  76  17  97  18  48  19  10
  0  61  1  75  2  61  3  54  4  62  5  96  6  68  7  86  8  69  9  94  10  32  11  53  12  89  13  37  14  15  15  88  16  65  17  6  18  68  19  96
  0  37  1  11  2  39  3  28  4  98  5  54  6  99  7  73  8  20  9  42  10  43  11  77  12  33  13  14  14  98  15  75  16  10  17  10  18  60  19  68
  0  72  1  27  2  34  3  2  4  18  5  34  6  41  7  31  8  48  9  11  10  40  11  73  12  31  13  66  14  49  15  64  16  51  17  51  18  86  19  3
  0  99  1  41  2  59  3  31  4  31  5  82  6  59  7  77  8  88  9  21  10  64  11  87  12  50  13  44  14  40  15  83  16  82  17  20  18  87  19  51
  0  82  1  14  2  1  3  54  4  44  5  4  6  2  7  87  8  87  9  32  10  96  11  57  12  35  13  75  14  51  15  35  16  24  17  1  18  75  19  10
  0  83  1  46  2  86  3  63  4  27  5  63  6  77  7  20  8  20  9  76  10  99  11  55  12  43  13  71  14  58  15  67  16  56  17  9  18  67  19  31
  0  18  1  26  2  9  3  11  4  34  5  76  6  3  7  89  8  39  9  7  10  80  11  29  12  20  13  93  14  11  15  94  16  43  17  72  18  23  19  88
  0  58  1  30  2  46  3  83  4  66  5  56  6  23  7  49  8  85  9  64  10  91  11  12  12  62  13  31  14  50  15  95  16  94  17  17  18  23  19  25
  0  73  1  60  2  11  3  1  4  60  5  67  6  93  7  65  8  54  9  30  10  8  11  27  12  16  13  53  14  26  15  9  16  53  17  64  18  6  19  45
  0  90  1  47  2  96  3  31  4  58  5  15  6  2  7  1  8  3  9  17  10  45  11  7  12  84  13  42  14  3  15  98  16  7  17  67  18  73  19  43
  0  27  1  66  2  13  3  27  4  96  5  62  6  60  7  36  8  71  9  10  10  20  11  6  12  68  13  28  14  81  15  69  16  56  17  18  18  95  19  74
  0  35  1  41  2  33  3  31  4  93  5  51  6  95  7  3  8  2  9  87  10  60  11  74  12  44  13  78  14  70  15  40  16  97  17  20  18  1  19  5
  0  48  1  29  2  79  3  90  4  54  5  76  6  22  7  92  8  21  9  47  10  16  11  21  12  53  13  99  14  74  15  27  16  89  17  10  18  29  19  2
  0  26  1  20  2  45  3  92  4  2  5  36  6  64  7  77  8  2  9  34  10  25  11  85  12  78  13  77  14  1  15  68  16  23  17  54  18  70  19  50
  0  29  1  83  2  96  3  5  4  14  5  48  6  83  7  58  8  22  9  57  10  45  11  92  12  97  13  49  14  91  15  12  16  11  17  79  18  32  19  5
  0  81  1  58  2  34  3  81  4  19  5  30  6  1  7  14  8  90  9  21  10  54  11  71  12  73  13  77  14  26  15  47  16  58  17  87  18  4  19  20
  0  5  1  55  2  87  3  78  4  76  5  56  6  43  7  30  8  96  9  19  10  60  11  46  12  1  13  90  14  59  15  31  16  92  17  84  18  99  19  10
  0  9  1  28  2  80  3  71  4  62  5  48  6  41  7  26  8  18  9  64  10  2  11  40  12  18  13  85  14  1  15  72  16  60  17  17  18  17  19  27
  0  95  1  34  2  87  3  86  4  10  5  74  6  57  7  4  8  84  9  56  10  17  11  47  12  70  13  26  14  30  15  46  16  14  17  85  18  32  19  78
  0  15  1  69  2  72  3  80  4  4  5  49  6  31  7  93  8  85  9  3  10  10  11  65  12  62  13  75  14  6  15  65  16  49  17  99  18  10  19  1
  0  44  1  83  2  76  3  25  4  6  5  58  6  60  7  75  8  65  9  52  10  40  11  98  12  57  13  39  14  38  15  34  16  70  17  69  18  27  19  70
  0  28  1  81  2  91  3  90  4  63  5  64  6  56  7  80  8  48  9  1  10  28  11  58  12  86  13  23  14  99  15  49  16  86  17  64  18  9  19  21
  0  63  1  77  2  58  3  38  4  45  5  56  6  46  7  29  8  86  9  87  10  38  11  38  12  3  13  15  14  11  15  33  16  77  17  91  18  32  19  88
  0  25  1  57  2  47  3  45  4  89  5  51  6  14  7  36  8  22  9  79  10  84  11  28  12  71  13  63  14  32  15  9  16  66  17  48  18  69  19  23
  0  88  1  66  2  16  3  39  4  63  5  60  6  93  7  3  8  2  9  20  10  79  11  5  12  87  13  93  14  29  15  60  16  94  17  67  18  45  19  6
  0  60  1  34  2  76  3  25  4  66  5  82  6  56  7  77  8  97  9  87  10  11  11  9  12  76  13  90  14  12  15  26  16  4  17  70  18  40  19  94
  0  44  1  80  2  95  3  98  4  32  5  80  6  64  7  39  8  8  9  89  10  23  11  89  12  89  13  52  14  50  15  21  16  39  17  75  18  79  19  70
  0  5  1  92  2  97  3  13  4  12  5  61  6  80  7  56  8  56  9  93  10  28  11  85  12  27  13  74  14  28  15  2  16  45  17  34  18  69  19  48
  0  1  1  56  2  75  3  25  4  35  5  56  6  45  7  12  8  95  9  55  10  99  11  70  12  44  13  26  14  83  15  91  16  22  17  4  18  78  19  97
  0  90  1  72  2  14  3  35  4  88  5  76  6  77  7  99  8  99  9  15  10  84  11  85  12  6  13  26  14  36  15  56  16  63  17  61  18  80  19  72
  0  53  1  4  2  68  3  20  4  58  5  95  6  48  7  37  8  99  9  60  10  63  11  25  12  18  13  46  14  26  15  86  16  78  17  27  18  94  19  39
  0  60  1  29  2  79  3  84  4  22  5  77  6  38  7  39  8  80  9  78  10  50  11  61  12  45  13  75  14  88  15  17  16  82  17  57  18  1  19  71
  0  98  1  97  2  93  3  19  4  87  5  49  6  73  7  65  8  63  9  41  10  83  11  24  12  80  13  28  14  50  15  10  16  12  17  11  18  15  19  34
  0  28  1  15  2  25  3  22  4  20  5  92  6  13  7  18  8  37  9  10  10  74  11  52  12  39  13  98  14  29  15  71  16  87  17  11  18  40  19  79
  0  22  1  1  2  98  3  13  4  2  5  10  6  19  7  58  8  2  9  46  10  3  11  10  12  90  13  72  14  52  15  78  16  38  17  49  18  47  19  40
  0  35  1  96  2  28  3  67  4  5  5  68  6  33  7  80  8  45  9  55  10  86  11  21  12  46  13  60  14  45  15  25  16  55  17  16  18  34  19  62
  0  82  1  23  2  41  3  42  4  88  5  49  6  56  7  38  8  74  9  10  10  49  11  53  12  76  13  9  14  50  15  40  16  43  17  32  18  68  19  50
  0  28  1  2  2  51  3  62  4  45  5  44  6  82  7  38  8  59  9  33  10  69  11  83  12  9  13  2  14  69  15  18  16  84  17  36  18  37  19  91
  0  19  1  7  2  27  3  90  4  50  5  81  6  54  7  25  8  65  9  36  10  2  11  95  12  40  13  67  14  46  15  61  16  39  17  47  18  19  19  86
  0  26  1  95  2  29  3  20  4  98  5  62  6  26  7  29  8  78  9  23  10  72  11  12  12  75  13  45  14  40  15  38  16  36  17  93  18  78  19  10
  0  46  1  45  2  97  3  37  4  27  5  61  6  63  7  57  8  64  9  32  10  16  11  60  12  50  13  81  14  40  15  98  16  35  17  8  18  56  19  75
  0  8  1  91  2  16  3  54  4  59  5  2  6  2  7  42  8  99  9  72  10  91  11  15  12  28  13  47  14  26  15  5  16  72  17  89  18  68  19  72
  0  69  1  35  2  84  3  12  4  22  5  13  6  56  7  82  8  65  9  57  10  4  11  64  12  52  13  21  14  97  15  59  16  5  17  19  18  73  19  8
  0  1  1  89  2  86  3  92  4  12  5  46  6  56  7  36  8  99  9  54  10  6  11  12  12  19  13  62  14  91  15  47  16  15  17  59  18  61  19  67
  0  98  1  53  2  13  3  14  4  30  5  85  6  24  7  47  8  55  9  15  10  71  11  94  12  81  13  60  14  81  15  30  16  67  17  70  18  60  19  74
  0  68  1  51  2  95  3  64  4  89  5  87  6  50  7  32  8  96  9  35  10  62  11  78  12  12  13  58  14  32  15  46  16  94  17  53  18  78  19  23
  0  72  1  72  2  61  3  25  4  80  5  47  6  24  7  46  8  26  9  67  10  10  11  73  12  81  13  72  14  34  15  1  16  73  17  58  18  29  19  91
  0  21  1  99  2  92  3  77  4  43  5  54  6  10  7  92  8  44  9  89  10  22  11  73  12  28  13  50  14  61  15  73  16  19  17  56  18  86  19  91
  0  82  1  4  2  81  3  94  4  78  5  5  6  94  7  74  8  76  9  90  10  46  11  5  12  30  13  57  14  15  15  57  16  94  17  44  18  96  19  93
  0  11  1  54  2  90  3  68  4  11  5  73  6  41  7  76  8  10  9  40  10  68  11  52  12  99  13  67  14  50  15  4  16  38  17  31  18  28  19  21
  0  18  1  69  2  71  3  11  4  57  5  58  6  16  7  43  8  35  9  49  10  44  11  96  12  70  13  2  14  96  15  62  16  22  17  39  18  21  19  27
  0  57  1  97  2  95  3  44  4  98  5  66  6  92  7  78  8  78  9  29  10  58  11  60  12  32  13  54  14  27  15  9  16  25  17  98  18  11  19  94
  0  93  1  15  2  7  3  55  4  34  5  83  6  31  7  88  8  78  9  15  10  74  11  75  12  51  13  71  14  21  15  19  16  69  17  29  18  90  19  3
  0  56  1  71  2  90  3  94  4  66  5  70  6  87  7  50  8  43  9  18  10  40  11  3  12  67  13  3  14  38  15  34  16  53  17  45  18  59  19  68
  0  11  1  36  2  26  3  30  4  71  5  48  6  24  7  58  8  64  9  4  10  23  11  68  12  68  13  27  14  3  15  10  16  83  17  15  18  76  19  50
  0  11  1  3  2  70  3  92  4  15  5  97  6  95  7  2  8  20  9  26  10  23  11  1  12  60  13  13  14  50  15  57  16  86  17  64  18  9  19  77
  0  98  1  60  2  73  3  74  4  49  5  59  6  52  7  71  8  59  9  57  10  71  11  77  12  18  13  83  14  95  15  20  16  59  17  3  18  37  19  38
  0  62  1  64  2  43  3  70  4  87  5  21  6  75  7  82  8  57  9  95  10  9  11  27  12  53  13  87  14  25  15  28  16  73  17  27  18  70  19  31
  0  84  1  35  2  99  3  60  4  41  5  38  6  38  7  76  8  88  9  44  10  23  11  29  12  50  13  91  14  16  15  44  16  64  17  11  18  79  19  85
  0  28  1  69  2  82  3  86  4  72  5  94  6  63  7  45  8  55  9  85  10  67  11  23  12  61  13  56  14  41  15  85  16  48  17  87  18  42  19  83
  0  53  1  66  2  15  3  69  4  91  5  34  6  12  7  73  8  75  9  98  10  93  11  8  12  38  13  53  14  15  15  71  16  64  17  12  18  76  19  49
  0  46  1  83  2  29  3  62  4  11  5  99  6  27  7  94  8  93  9  99  10  83  11  97  12  69  13  33  14  73  15  59  16  33  17  15  18  81  19  88
  0  23  1  75  2  1  3  47  4  11  5  62  6  18  7  27  8  3  9  90  10  51  11  69  12  38  13  66  14  16  15  48  16  62  17  15  18  40  19  91
  0  25  1  86  2  62  3  7  4  16  5  30  6  66  7  10  8  61  9  50  10  50  11  6  12  20  13  99  14  33  15  57  16  61  17  57  18  31  19  35
  0  22  1  98  2  79  3  45  4  61  5  73  6  69  7  61  8  64  9  21  10  16  11  35  12  74  13  7  14  4  15  33  16  38  17  63  18  56  19  38
  0  1  1  54  2  20  3  23  4  94  5  1  6  75  7  52  8  93  9  43  10  19  11  8  12  26  13  30  14  53  15  23  16  85  17  42  18  3  19  68
  0  77  1  8  2  38  3  41  4  65  5  62  6  63  7  29  8  41  9  60  10  14  11  69  12  15  13  35  14  68  15  22  16  91  17  78  18  65  19  4
  0  99  1  71  2  71  3  89  4  76  5  93  6  64  7  56  8  20  9  2  10  10  11  16  12  74  13  34  14  46  15  84  16  11  17  3  18  18  19  81
  0  99  1  64  2  6  3  37  4  8  5  96  6  53  7  65  8  64  9  3  10  91  11  40  12  62  13  37  14  9  15  60  16  4  17  22  18  9  19  9
  0  11  1  79  2  57  3  33  4  45  5  32  6  28  7  1  8  11  9  21  10  77  11  12  12  47  13  45  14  5  15  82  16  22  17  36  18  4  19  1
  0  86  1  15  2  92  3  47  4  51  5  83  6  75  7  29  8  99  9  66  10  82  11  49  12  46  13  95  14  91  15  34  16  91  17  2  18  25  19  76
  0  56  1  56  2  71  3  71  4  84  5  87  6  81  7  53  8  39  9  49  10  30  11  57  12  40  13  25  14  61  15  70  16  26  17  95  18  42  19  41
  0  23  1  98  2  83  3  55  4  52  5  68  6  33  7  15  8  31  9  13  10  29  11  63  12  27  13  93  14  62  15  46  16  76  17  99  18  10  19  7
  0  77  1  25  2  16  3  47  4  25  5  14  6  40  7  13  8  37  9  6  10  6  11  73  12  92  13  13  14  12  15  13  16  92  17  10  18  81  19  53
  0  93  1  9  2  83  3  66  4  90  5  63  6  35  7  53  8  49  9  9  10  66  11  7  12  99  13  49  14  23  15  65  16  55  17  34  18  22  19  33
  0  22  1  92  2  92  3  34  4  95  5  20  6  68  7  15  8  72  9  26  10  11  11  12  12  24  13  98  14  83  15  49  16  6  17  38  18  2  19  44
  0  96  1  62  2  27  3  27  4  1  5  99  6  90  7  89  8  55  9  6  10  55  11  49  12  7  13  77  14  53  15  66  16  78  17  53  18  56  19  63
  0  34  1  21  2  73  3  34  4  82  5  66  6  77  7  33  8  18  9  40  10  3  11  3  12  73  13  30  14  70  15  45  16  21  17  54  18  32  19  81
  0  67  1  22  2  37  3  37  4  8  5  29  6  64  7  45  8  57  9  67  10  78  11  65  12  60  13  92  14  95  15  46  16  40  17  63  18  61  19  99
  0  62  1  35  2  3  3  45  4  1  5  98  6  77  7  51  8  36  9  81  10  39  11  83  12  46  13  45  14  15  15  31  16  31  17  59  18  30  19  79
  0  7  1  34  2  43  3  39  4  71  5  34  6  82  7  59  8  85  9  12  10  87  11  84  12  65  13  33  14  95  15  21  16  61  17  78  18  28  19  39
  0  62  1  49  2  79  3  22  4  60  5  8  6  91  7  22  8  69  9  29  10  81  11  9  12  70  13  49  14  55  15  9  16  28  17  34  18  15  19  66
  0  19  1  5  2  56  3  83  4  39  5  90  6  98  7  13  8  6  9  97  10  8  11  14  12  53  13  19  14  97  15  7  16  94  17  13  18  19  19  58
  0  8  1  41  2  75  3  6  4  52  5  26  6  25  7  7  8  30  9  76  10  51  11  42  12  55  13  6  14  21  15  50  16  87  17  10  18  58  19  34
  0  45  1  6  2  99  3  85  4  4  5  45  6  14  7  29  8  44  9  34  10  1  11  48  12  18  13  45  14  96  15  79  16  21  17  98  18  63  19  72
  0  15  1  41  2  26  3  46  4  24  5  47  6  86  7  94  8  3  9  37  10  46  11  34  12  56  13  73  14  89  15  74  16  46  17  81  18  26  19  64
  0  21  1  14  2  91  3  55  4  60  5  34  6  55  7  67  8  12  9  24  10  81  11  55  12  61  13  3  14  48  15  18  16  68  17  34  18  8  19  86
  0  64  1  64  2  61  3  92  4  79  5  89  6  67  7  6  8  52  9  75  10  9  11  69  12  50  13  66  14  99  15  3  16  86  17  50  18  86  19  41
  0  22  1  74  2  93  3  11  4  83  5  30  6  6  7  81  8  46  9  40  10  94  11  51  12  43  13  30  14  29  15  24  16  20  17  65  18  21  19  16
  0  34  1  69  2  12  3  84  4  72  5  76  6  82  7  71  8  36  9  77  10  55  11  7  12  12  13  48  14  15  15  1  16  39  17  89  18  63  19  45
  0  28  1  9  2  6  3  73  4  98  5  17  6  99  7  74  8  44  9  31  10  42  11  46  12  40  13  1  14  62  15  34  16  39  17  98  18  52  19  98
  0  37  1  46  2  52  3  2  4  9  5  59  6  61  7  98  8  23  9  42  10  61  11  96  12  99  13  56  14  51  15  95  16  77  17  52  18  53  19  22
  0  87  1  38  2  22  3  47  4  61  5  3  6  63  7  23  8  19  9  57  10  68  11  81  12  7  13  33  14  92  15  94  16  1  17  45  18  52  19  83
  0  66  1  42  2  15  3  11  4  60  5  66  6  94  7  17  8  19  9  11  10  94  11  78  12  46  13  57  14  57  15  77  16  25  17  5  18  96  19  40
  0  92  1  48  2  45  3  72  4  53  5  58  6  20  7  91  8  43  9  61  10  8  11  41  12  45  13  42  14  20  15  40  16  24  17  94  18  49  19  96
  0  47  1  11  2  54  3  89  4  79  5  80  6  41  7  3  8  98  9  30  10  19  11  57  12  56  13  36  14  47  15  84  16  71  17  88  18  4  19  27
  0  52  1  85  2  48  3  68  4  68  5  87  6  45  7  24  8  19  9  66  10  80  11  49  12  78  13  15  14  89  15  32  16  14  17  20  18  71  19  96
  0  88  1  97  2  62  3  29  4  20  5  57  6  90  7  86  8  46  9  36  10  41  11  69  12  12  13  14  14  97  15  65  16  88  17  22  18  38  19  83
  0  85  1  78  2  7  3  47  4  18  5  35  6  87  7  16  8  37  9  7  10  48  11  41  12  39  13  22  14  38  15  92  16  6  17  17  18  44  19  6
  0  51  1  57  2  54  3  22  4  66  5  64  6  79  7  44  8  94  9  80  10  21  11  22  12  79  13  96  14  95  15  24  16  58  17  24  18  57  19  85
  0  4  1  95  2  71  3  25  4  36  5  14  6  32  7  68  8  54  9  92  10  26  11  27  12  50  13  54  14  92  15  18  16  26  17  74  18  22  19  24
  0  17  1  96  2  94  3  26  4  71  5  57  6  67  7  67  8  81  9  82  10  36  11  15  12  29  13  57  14  42  15  46  16  3  17  77  18  7  19  58
  0  15  1  31  2  9  3  93  4  94  5  76  6  32  7  25  8  66  9  2  10  50  11  28  12  22  13  97  14  34  15  64  16  45  17  67  18  94  19  23
  0  60  1  56  2  89  3  15  4  95  5  86  6  64  7  9  8  2  9  13  10  3  11  48  12  54  13  48  14  15  15  7  16  25  17  15  18  76  19  43
  0  24  1  26  2  95  3  93  4  18  5  8  6  93  7  89  8  98  9  5  10  1  11  97  12  54  13  35  14  9  15  26  16  48  17  95  18  43  19  26
  0  34  1  17  2  36  3  8  4  52  5  33  6  18  7  24  8  73  9  9  10  52  11  6  12  1  13  45  14  87  15  59  16  50  17  44  18  2  19  36
  0  43  1  16  2  60  3  52  4  14  5  56  6  10  7  22  8  95  9  19  10  84  11  20  12  41  13  80  14  99  15  87  16  3  17  41  18  44  19  61
  0  57  1  42  2  17  3  78  4  65  5  77  6  59  7  77  8  5  9  22  10  65  11  23  12  6  13  19  14  99  15  8  16  77  17  99  18  37  19  12
  0  12  1  11  2  97  3  17  4  3  5  88  6  61  7  21  8  15  9  2  10  70  11  94  12  85  13  43  14  53  15  59  16  45  17  63  18  44  19  3
  0  6  1  48  2  66  3  48  4  26  5  3  6  97  7  42  8  72  9  92  10  61  11  33  12  33  13  46  14  92  15  53  16  37  17  25  18  69  19  26
  0  10  1  13  2  25  3  55  4  55  5  86  6  68  7  80  8  37  9  61  10  79  11  3  12  16  13  28  14  64  15  97  16  58  17  24  18  83  19  90
  0  17  1  7  2  79  3  60  4  62  5  19  6  79  7  74  8  2  9  65  10  45  11  2  12  25  13  43  14  89  15  32  16  53  17  91  18  98  19  6
  0  98  1  52  2  99  3  49  4  38  5  62  6  94  7  36  8  70  9  14  10  39  11  48  12  16  13  59  14  16  15  98  16  64  17  44  18  71  19  32
  0  95  1  81  2  86  3  31  4  9  5  32  6  96  7  72  8  55  9  24  10  6  11  32  12  52  13  36  14  45  15  24  16  14  17  44  18  70  19  14
  0  45  1  69  2  95  3  65  4  64  5  14  6  19  7  86  8  69  9  57  10  83  11  85  12  52  13  42  14  70  15  79  16  26  17  87  18  28  19  83
  0  25  1  92  2  77  3  89  4  84  5  34  6  56  7  14  8  25  9  65  10  79  11  60  12  78  13  60  14  39  15  52  16  47  17  76  18  66  19  94
  0  69  1  14  2  31  3  3  4  48  5  11  6  49  7  94  8  56  9  90  10  20  11  28  12  16  13  53  14  30  15  41  16  46  17  85  18  73  19  16
  0  88  1  10  2  87  3  92  4  81  5  27  6  4  7  74  8  36  9  2  10  62  11  27  12  24  13  90  14  32  15  57  16  97  17  43  18  50  19  8
  0  90  1  89  2  58  3  26  4  72  5  8  6  4  7  80  8  51  9  52  10  41  11  35  12  64  13  60  14  36  15  7  16  78  17  79  18  79  19  58
  0  94  1  86  2  35  3  22  4  54  5  83  6  6  7  35  8  54  9  95  10  80  11  33  12  37  13  6  14  83  15  57  16  24  17  1  18  68  19  38
  0  80  1  16  2  4  3  83  4  51  5  91  6  45  7  82  8  7  9  97  10  3  11  86  12  73  13  76  14  42  15  48  16  45  17  10  18  72  19  25
  0  8  1  15  2  20  3  66  4  15  5  29  6  82  7  57  8  92  9  25  10  17  11  73  12  74  13  78  14  8  15  80  16  84  17  76  18  9  19  84
  0  21  1  32  2  66  3  98  4  13  5  60  6  66  7  8  8  48  9  5  10  55  11  26  12  92  13  47  14  28  15  88  16  60  17  20  18  98  19  22
  0  88  1  17  2  72  3  81  4  42  5  61  6  2  7  53  8  41  9  80  10  98  11  57  12  86  13  4  14  12  15  93  16  43  17  71  18  17  19  36
  0  75  1  27  2  76  3  45  4  77  5  30  6  40  7  60  8  20  9  11  10  24  11  3  12  10  13  58  14  80  15  88  16  53  17  8  18  35  19  39
  0  35  1  66  2  63  3  29  4  84  5  5  6  32  7  28  8  81  9  90  10  31  11  2  12  7  13  54  14  62  15  97  16  72  17  98  18  66  19  27
  0  58  1  2  2  3  3  10  4  45  5  76  6  18  7  53  8  43  9  80  10  59  11  78  12  21  13  91  14  27  15  13  16  10  17  94  18  72  19  16
  0  35  1  42  2  69  3  6  4  83  5  83  6  40  7  4  8  26  9  84  10  96  11  17  12  50  13  65  14  33  15  11  16  71  17  44  18  84  19  69
  0  11  1  62  2  26  3  25  4  91  5  9  6  91  7  3  8  71  9  7  10  31  11  28  12  3  13  96  14  23  15  80  16  11  17  34  18  37  19  95
  0  25  1  11  2  93  3  40  4  89  5  43  6  60  7  33  8  53  9  80  10  7  11  62  12  19  13  55  14  89  15  37  16  78  17  66  18  35  19  74
  0  91  1  43  2  55  3  94  4  67  5  69  6  7  7  94  8  60  9  43  10  85  11  10  12  96  13  1  14  99  15  91  16  78  17  47  18  84  19  57
  0  48  1  47  2  41  3  87  4  95  5  85  6  7  7  80  8  54  9  8  10  12  11  89  12  8  13  76  14  45  15  4  16  6  17  22  18  64  19  46
  0  65  1  69  2  15  3  91  4  7  5  69  6  33  7  46  8  38  9  60  10  56  11  27  12  98  13  53  14  66  15  38  16  33  17  95  18  35  19  30
  0  29  1  71  2  53  3  88  4  71  5  49  6  52  7  99  8  80  9  61  10  62  11  67  12  26  13  93  14  59  15  95  16  60  17  27  18  86  19  63
  0  1  1  36  2  77  3  41  4  39  5  52  6  89  7  37  8  83  9  49  10  33  11  68  12  50  13  90  14  65  15  99  16  47  17  74  18  80  19  86
  0  44  1  37  2  98  3  23  4  2  5  15  6  53  7  82  8  99  9  81  10  32  11  84  12  13  13  97  14  4  15  56  16  90  17  45  18  46  19  40
  0  69  1  32  2  60  3  86  4  8  5  96  6  34  7  29  8  15  9  36  10  83  11  24  12  40  13  48  14  93  15  12  16  21  17  52  18  33  19  21
  0  10  1  34  2  18  3  36  4  36  5  38  6  39  7  86  8  66  9  75  10  95  11  38  12  73  13  49  14  80  15  81  16  29  17  12  18  20  19  69
  0  66  1  87  2  68  3  32  4  97  5  35  6  96  7  63  8  74  9  45  10  37  11  88  12  12  13  83  14  65  15  24  16  46  17  22  18  41  19  6
  0  65  1  32  2  24  3  50  4  42  5  25  6  56  7  58  8  79  9  58  10  59  11  93  12  10  13  52  14  91  15  85  16  38  17  86  18  82  19  42
  0  15  1  55  2  4  3  69  4  66  5  21  6  77  7  39  8  32  9  82  10  17  11  44  12  77  13  51  14  46  15  34  16  88  17  6  18  53  19  32
  0  66  1  49  2  66  3  59  4  67  5  26  6  64  7  20  8  70  9  35  10  54  11  43  12  63  13  63  14  75  15  57  16  74  17  34  18  31  19  55
  0  97  1  25  2  29  3  88  4  81  5  14  6  2  7  75  8  87  9  56  10  38  11  24  12  33  13  96  14  32  15  5  16  73  17  71  18  47  19  28
  0  91  1  58  2  38  3  96  4  1  5  69  6  94  7  51  8  74  9  8  10  78  11  27  12  59  13  24  14  87  15  86  16  44  17  45  18  56  19  96
  0  78  1  63  2  79  3  62  4  63  5  7  6  23  7  53  8  77  9  26  10  51  11  58  12  89  13  80  14  90  15  63  16  74  17  95  18  4  19  59
  0  44  1  19  2  51  3  94  4  49  5  25  6  56  7  42  8  24  9  17  10  5  11  49  12  65  13  34  14  47  15  85  16  80  17  79  18  82  19  11
  0  43  1  92  2  41  3  19  4  40  5  70  6  91  7  38  8  95  9  83  10  50  11  97  12  2  13  43  14  56  15  79  16  14  17  43  18  50  19  15
  0  66  1  44  2  65  3  19  4  17  5  94  6  12  7  37  8  45  9  12  10  31  11  64  12  49  13  49  14  33  15  75  16  10  17  42  18  51  19  49
  0  38  1  93  2  80  3  91  4  3  5  47  6  76  7  84  8  12  9  64  10  35  11  27  12  5  13  89  14  84  15  27  16  64  17  92  18  47  19  70
  0  60  1  95  2  65  3  84  4  85  5  40  6  93  7  51  8  52  9  54  10  3  11  56  12  42  13  11  14  43  15  70  16  43  17  97  18  71  19  98
  0  17  1  44  2  30  3  53  4  64  5  60  6  36  7  23  8  4  9  94  10  28  11  45  12  63  13  18  14  58  15  25  16  59  17  81  18  42  19  28
  0  10  1  12  2  7  3  53  4  10  5  35  6  89  7  74  8  57  9  54  10  77  11  91  12  17  13  11  14  3  15  31  16  57  17  9  18  19  19  91
  0  94  1  88  2  31  3  31  4  35  5  61  6  60  7  24  8  89  9  61  10  48  11  45  12  17  13  65  14  52  15  64  16  9  17  91  18  70  19  51
  0  19  1  70  2  9  3  16  4  14  5  58  6  75  7  51  8  86  9  32  10  58  11  51  12  62  13  82  14  32  15  4  16  92  17  5  18  96  19  98
  0  10  1  35  2  34  3  97  4  94  5  11  6  52  7  50  8  69  9  22  10  40  11  56  12  41  13  98  14  54  15  7  16  24  17  55  18  21  19  66
  0  43  1  74  2  8  3  51  4  93  5  6  6  13  7  46  8  93  9  19  10  70  11  51  12  69  13  31  14  73  15  42  16  52  17  87  18  48  19  2
  0  88  1  89  2  54  3  50  4  73  5  82  6  80  7  84  8  76  9  39  10  63  11  83  12  6  13  23  14  45  15  74  16  42  17  6  18  52  19  51
  0  35  1  74  2  62  3  68  4  29  5  45  6  90  7  89  8  90  9  81  10  8  11  42  12  23  13  79  14  67  15  6  16  9  17  65  18  30  19  48
  0  16  1  18  2  78  3  69  4  45  5  11  6  77  7  38  8  23  9  52  10  33  11  18  12  50  13  34  14  28  15  16  16  65  17  47  18  63  19  11
  0  98  1  25  2  24  3  30  4  98  5  95  6  40  7  1  8  76  9  81  10  22  11  83  12  99  13  67  14  92  15  48  16  19  17  19  18  37  19  88
  0  17  1  34  2  39  3  53  4  14  5  56  6  98  7  46  8  69  9  73  10  18  11  33  12  53  13  93  14  19  15  54  16  1  17  61  18  31  19  22
  0  44  1  64  2  53  3  56  4  1  5  38  6  86  7  3  8  74  9  69  10  81  11  9  12  69  13  61  14  57  15  73  16  41  17  95  18  85  19  90
  0  43  1  34  2  36  3  44  4  23  5  10  6  37  7  39  8  82  9  23  10  1  11  62  12  21  13  39  14  94  15  17  16  6  17  48  18  88  19  71
  0  49  1  34  2  96  3  12  4  86  5  63  6  73  7  1  8  82  9  3  10  72  11  66  12  6  13  7  14  47  15  86  16  61  17  41  18  55  19  39
  0  58  1  44  2  13  3  25  4  53  5  30  6  95  7  97  8  14  9  86  10  82  11  52  12  67  13  26  14  93  15  46  16  43  17  90  18  76  19  65
  0  30  1  22  2  23  3  72  4  90  5  40  6  35  7  61  8  16  9  98  10  70  11  42  12  8  13  11  14  33  15  18  16  27  17  53  18  83  19  15
  0  40  1  12  2  2  3  2  4  43  5  6  6  13  7  89  8  75  9  14  10  57  11  8  12  15  13  93  14  75  15  89  16  43  17  54  18  34  19  29
  0  19  1  42  2  12  3  70  4  74  5  28  6  25  7  60  8  68  9  22  10  58  11  65  12  12  13  53  14  30  15  32  16  81  17  78  18  18  19  57
  0  82  1  23  2  6  3  72  4  6  5  52  6  45  7  84  8  24  9  39  10  29  11  6  12  93  13  74  14  32  15  78  16  67  17  23  18  57  19  77
  0  40  1  45  2  99  3  31  4  73  5  12  6  5  7  15  8  74  9  96  10  1  11  92  12  31  13  31  14  18  15  15  16  13  17  31  18  25  19  3
  0  8  1  54  2  59  3  66  4  53  5  42  6  10  7  51  8  56  9  42  10  99  11  1  12  45  13  26  14  62  15  74  16  79  17  56  18  15  19  77
  0  4  1  55  2  79  3  74  4  48  5  67  6  86  7  96  8  81  9  53  10  81  11  74  12  82  13  30  14  13  15  44  16  97  17  41  18  53  19  11
  0  78  1  50  2  23  3  73  4  28  5  62  6  78  7  44  8  2  9  29  10  99  11  9  12  41  13  94  14  97  15  14  16  29  17  85  18  9  19  87
  0  1  1  43  2  62  3  14  4  51  5  67  6  30  7  30  8  19  9  10  10  93  11  8  12  34  13  36  14  97  15  43  16  68  17  50  18  56  19  68
  0  24  1  39  2  51  3  51  4  44  5  4  6  29  7  55  8  28  9  56  10  83  11  65  12  94  13  17  14  87  15  16  16  31  17  37  18  4  19  71
  0  95  1  33  2  92  3  28  4  85  5  7  6  98  7  65  8  86  9  77  10  81  11  59  12  46  13  68  14  11  15  9  16  63  17  14  18  69  19  74
  0  67  1  73  2  9  3  15  4  30  5  85  6  56  7  60  8  52  9  79  10  76  11  74  12  95  13  39  14  35  15  89  16  62  17  88  18  3  19  7
  0  42  1  30  2  15  3  12  4  80  5  68  6  74  7  40  8  37  9  1  10  44  11  81  12  32  13  48  14  87  15  31  16  9  17  56  18  42  19  8
  0  59  1  8  2  45  3  5  4  76  5  5  6  33  7  43  8  55  9  31  10  84  11  38  12  34  13  86  14  94  15  5  16  53  17  60  18  88  19  64
  0  91  1  89  2  5  3  19  4  71  5  15  6  21  7  13  8  76  9  34  10  96  11  2  12  12  13  2  14  56  15  82  16  86  17  49  18  27  19  73
  0  22  1  1  2  23  3  40  4  99  5  25  6  35  7  98  8  7  9  36  10  49  11  56  12  42  13  47  14  27  15  61  16  97  17  27  18  13  19  71
  0  13  1  16  2  49  3  70  4  81  5  16  6  8  7  87  8  59  9  38  10  81  11  95  12  80  13  87  14  99  15  99  16  16  17  14  18  28  19  36
  0  93  1  59  2  6  3  50  4  95  5  86  6  16  7  17  8  88  9  56  10  71  11  22  12  40  13  93  14  3  15  24  16  57  17  71  18  49  19  58
  0  20  1  83  2  90  3  60  4  18  5  99  6  94  7  13  8  97  9  19  10  41  11  44  12  85  13  61  14  61  15  37  16  46  17  66  18  3  19  27
  0  86  1  98  2  3  3  89  4  19  5  58  6  39  7  54  8  38  9  61  10  82  11  88  12  82  13  40  14  72  15  49  16  80  17  66  18  91  19  83
  0  1  1  4  2  19  3  31  4  63  5  45  6  65  7  65  8  75  9  91  10  43  11  63  12  94  13  67  14  15  15  7  16  48  17  92  18  16  19  37
  0  41  1  48  2  61  3  33  4  50  5  11  6  71  7  77  8  80  9  37  10  75  11  23  12  18  13  24  14  80  15  89  16  26  17  84  18  23  19  43
  0  57  1  11  2  23  3  35  4  84  5  97  6  20  7  14  8  65  9  76  10  66  11  31  12  93  13  67  14  90  15  1  16  15  17  43  18  61  19  91
  0  95  1  81  2  32  3  49  4  83  5  30  6  26  7  94  8  83  9  24  10  89  11  35  12  52  13  18  14  50  15  78  16  88  17  44  18  29  19  57
  0  49  1  83  2  3  3  76  4  40  5  20  6  25  7  62  8  56  9  27  10  40  11  73  12  66  13  89  14  50  15  90  16  68  17  72  18  28  19  3
  0  61  1  75  2  72  3  62  4  11  5  54  6  64  7  68  8  5  9  82  10  56  11  94  12  16  13  85  14  11  15  98  16  38  17  81  18  73  19  43
  0  45  1  2  2  32  3  37  4  95  5  71  6  19  7  80  8  83  9  90  10  37  11  55  12  98  13  24  14  30  15  8  16  73  17  4  18  26  19  7
  0  93  1  8  2  17  3  89  4  21  5  46  6  55  7  3  8  57  9  96  10  95  11  27  12  41  13  49  14  90  15  27  16  54  17  59  18  29  19  62
  0  79  1  24  2  79  3  75  4  50  5  25  6  72  7  8  8  68  9  97  10  28  11  34  12  82  13  35  14  27  15  12  16  58  17  27  18  76  19  80
  0  84  1  79  2  2  3  57  4  92  5  98  6  92  7  23  8  73  9  3  10  72  11  86  12  45  13  6  14  61  15  68  16  82  17  2  18  60  19  58
  0  13  1  11  2  85  3  18  4  59  5  3  6  6  7  42  8  62  9  82  10  91  11  2  12  20  13  15  14  54  15  33  16  35  17  22  18  44  19  37
  0  50  1  72  2  45  3  11  4  9  5  65  6  61  7  24  8  76  9  50  10  9  11  15  12  14  13  65  14  41  15  64  16  79  17  65  18  73  19  67
  0  6  1  66  2  93  3  24  4  75  5  59  6  67  7  13  8  95  9  40  10  75  11  15  12  46  13  62  14  40  15  1  16  38  17  24  18  36  19  13
  0  29  1  36  2  81  3  87  4  66  5  28  6  65  7  8  8  60  9  99  10  50  11  81  12  99  13  22  14  53  15  83  16  79  17  36  18  7  19  12
  0  90  1  15  2  45  3  32  4  85  5  82  6  57  7  30  8  38  9  4  10  20  11  89  12  48  13  94  14  95  15  46  16  57  17  10  18  55  19  17
  0  83  1  4  2  60  3  87  4  96  5  93  6  16  7  3  8  74  9  44  10  90  11  3  12  23  13  57  14  38  15  99  16  57  17  65  18  94  19  81
  0  56  1  18  2  21  3  91  4  59  5  33  6  19  7  18  8  58  9  67  10  32  11  93  12  94  13  94  14  27  15  96  16  84  17  18  18  7  19  83
  0  14  1  47  2  85  3  18  4  86  5  22  6  64  7  60  8  14  9  64  10  51  11  44  12  75  13  75  14  28  15  39  16  99  17  26  18  69  19  88
  0  33  1  4  2  46  3  73  4  5  5  11  6  77  7  27  8  93  9  27  10  24  11  14  12  70  13  82  14  14  15  45  16  64  17  8  18  63  19  91
  0  73  1  52  2  31  3  14  4  19  5  82  6  4  7  35  8  20  9  21  10  20  11  1  12  35  13  66  14  72  15  23  16  87  17  9  18  40  19  4
  0  91  1  48  2  44  3  62  4  25  5  57  6  46  7  32  8  28  9  61  10  97  11  99  12  17  13  21  14  36  15  97  16  51  17  40  18  85  19  64
  0  87  1  36  2  92  3  54  4  3  5  49  6  15  7  42  8  80  9  68  10  42  11  62  12  85  13  5  14  21  15  81  16  78  17  49  18  6  19  83
  0  37  1  73  2  58  3  29  4  88  5  85  6  71  7  7  8  72  9  42  10  92  11  96  12  82  13  57  14  62  15  9  16  68  17  88  18  3  19  64
  0  86  1  86  2  16  3  43  4  22  5  17  6  83  7  6  8  41  9  5  10  68  11  61  12  42  13  78  14  63  15  51  16  98  17  79  18  44  19  62
  0  23  1  81  2  16  3  82  4  97  5  42  6  53  7  80  8  51  9  70  10  89  11  55  12  72  13  84  14  93  15  96  16  85  17  95  18  38  19  53
  0  39  1  42  2  61  3  85  4  81  5  58  6  56  7  75  8  21  9  56  10  63  11  92  12  83  13  43  14  25  15  57  16  41  17  20  18  44  19  43
  0  58  1  22  2  59  3  13  4  67  5  99  6  9  7  79  8  1  9  51  10  67  11  23  12  13  13  49  14  60  15  35  16  83  17  41  18  9  19  40
  0  91  1  90  2  37  3  34  4  72  5  10  6  66  7  35  8  36  9  87  10  63  11  29  12  87  13  18  14  21  15  69  16  67  17  92  18  97  19  56
  0  31  1  87  2  29  3  1  4  16  5  85  6  97  7  45  8  65  9  96  10  16  11  20  12  12  13  77  14  78  15  32  16  48  17  57  18  61  19  19
  0  19  1  14  2  91  3  27  4  25  5  78  6  8  7  88  8  29  9  43  10  97  11  2  12  79  13  6  14  61  15  51  16  18  17  78  18  52  19  10
  0  32  1  43  2  2  3  19  4  49  5  32  6  98  7  36  8  7  9  59  10  11  11  88  12  38  13  39  14  60  15  86  16  47  17  68  18  84  19  67
  0  76  1  51  2  45  3  95  4  86  5  98  6  73  7  23  8  99  9  28  10  58  11  79  12  78  13  44  14  18  15  75  16  31  17  89  18  13  19  8
  0  85  1  82  2  88  3  12  4  60  5  70  6  53  7  11  8  18  9  96  10  37  11  36  12  94  13  38  14  82  15  27  16  33  17  58  18  57  19  49
  0  59  1  3  2  1  3  65  4  89  5  5  6  40  7  61  8  52  9  6  10  37  11  13  12  58  13  89  14  47  15  35  16  62  17  89  18  6  19  65
  0  90  1  20  2  82  3  56  4  36  5  43  6  51  7  91  8  39  9  69  10  76  11  43  12  6  13  43  14  14  15  34  16  38  17  81  18  71  19  81
  0  70  1  57  2  89  3  29  4  40  5  40  6  16  7  90  8  37  9  44  10  5  11  69  12  8  13  39  14  61  15  25  16  14  17  29  18  94  19  94
  0  62  1  13  2  73  3  4  4  63  5  58  6  85  7  10  8  85  9  70  10  42  11  70  12  7  13  38  14  87  15  37  16  83  17  86  18  98  19  90
  0  90  1  56  2  87  3  3  4  3  5  98  6  41  7  68  8  9  9  76  10  57  11  47  12  2  13  65  14  67  15  9  16  71  17  29  18  56  19  74
  0  84  1  16  2  9  3  1  4  47  5  67  6  54  7  29  8  81  9  78  10  79  11  33  12  45  13  15  14  46  15  1  16  93  17  92  18  18  19  50
  0  61  1  87  2  85  3  69  4  93  5  97  6  52  7  24  8  82  9  7  10  15  11  71  12  74  13  7  14  54  15  72  16  42  17  81  18  10  19  4
  0  64  1  59  2  15  3  97  4  33  5  81  6  20  7  60  8  92  9  56  10  13  11  61  12  80  13  84  14  27  15  88  16  14  17  77  18  1  19  93
  0  64  1  11  2  5  3  96  4  84  5  78  6  88  7  22  8  6  9  37  10  78  11  68  12  3  13  68  14  40  15  45  16  5  17  86  18  2  19  31
  0  97  1  71  2  72  3  31  4  35  5  9  6  33  7  41  8  77  9  66  10  59  11  46  12  95  13  34  14  19  15  7  16  34  17  10  18  46  19  17
  0  15  1  12  2  86  3  36  4  8  5  41  6  68  7  22  8  23  9  33  10  37  11  25  12  96  13  66  14  72  15  18  16  62  17  24  18  53  19  70
  0  38  1  22  2  55  3  94  4  71  5  37  6  3  7  16  8  30  9  27  10  91  11  58  12  13  13  5  14  60  15  29  16  26  17  8  18  85  19  55
  0  63  1  90  2  22  3  9  4  67  5  13  6  14  7  14  8  60  9  14  10  40  11  27  12  88  13  96  14  88  15  31  16  2  17  51  18  53  19  96
  0  69  1  98  2  14  3  80  4  5  5  32  6  28  7  78  8  45  9  93  10  56  11  55  12  18  13  4  14  4  15  9  16  74  17  29  18  23  19  44
  0  92  1  80  2  49  3  69  4  61  5  39  6  37  7  34  8  10  9  80  10  19  11  78  12  37  13  41  14  27  15  49  16  61  17  34  18  20  19  21
  0  92  1  19  2  24  3  17  4  90  5  82  6  81  7  9  8  74  9  79  10  55  11  67  12  85  13  47  14  36  15  64  16  29  17  91  18  55  19  63
  0  31  1  95  2  99  3  47  4  9  5  16  6  75  7  64  8  17  9  68  10  68  11  4  12  35  13  1  14  4  15  16  16  2  17  10  18  7  19  49
  0  11  1  71  2  90  3  73  4  31  5  59  6  57  7  87  8  98  9  94  10  74  11  62  12  18  13  40  14  47  15  50  16  47  17  29  18  27  19  58
  0  70  1  15  2  6  3  78  4  74  5  49  6  92  7  11  8  83  9  40  10  80  11  31  12  18  13  59  14  36  15  86  16  85  17  81  18  72  19  20
  0  23  1  81  2  2  3  54  4  35  5  27  6  65  7  89  8  5  9  32  10  78  11  95  12  82  13  73  14  66  15  8  16  57  17  71  18  59  19  43
  0  83  1  95  2  57  3  9  4  16  5  42  6  25  7  62  8  66  9  96  10  42  11  53  12  87  13  80  14  23  15  50  16  61  17  39  18  7  19  25
  0  25  1  22  2  50  3  73  4  81  5  62  6  88  7  59  8  65  9  70  10  51  11  39  12  62  13  69  14  43  15  98  16  19  17  64  18  20  19  90
  0  58  1  10  2  28  3  84  4  22  5  18  6  96  7  39  8  89  9  32  10  78  11  77  12  38  13  40  14  91  15  23  16  56  17  23  18  8  19  12
  0  20  1  41  2  94  3  6  4  95  5  27  6  94  7  73  8  26  9  17  10  5  11  93  12  8  13  47  14  93  15  19  16  91  17  13  18  61  19  95
  0  28  1  28  2  40  3  23  4  64  5  75  6  77  7  9  8  62  9  15  10  65  11  48  12  83  13  78  14  87  15  33  16  73  17  1  18  21  19  62
  0  26  1  34  2  95  3  26  4  28  5  54  6  6  7  71  8  2  9  80  10  31  11  77  12  98  13  22  14  98  15  93  16  12  17  60  18  11  19  25
  0  18  1  19  2  1  3  62  4  55  5  69  6  9  7  94  8  97  9  96  10  80  11  54  12  98  13  95  14  31  15  74  16  93  17  96  18  29  19  62
  0  97  1  31  2  94  3  23  4  35  5  79  6  16  7  84  8  79  9  72  10  18  11  2  12  7  13  37  14  57  15  53  16  74  17  97  18  11  19  46
  0  87  1  89  2  86  3  96  4  12  5  29  6  77  7  61  8  45  9  61  10  33  11  22  12  63  13  71  14  21  15  56  16  88  17  34  18  5  19  44
  0  55  1  35  2  55  3  2  4  74  5  88  6  79  7  31  8  20  9  41  10  25  11  26  12  73  13  23  14  3  15  90  16  21  17  5  18  30  19  38
  0  85  1  53  2  87  3  86  4  21  5  3  6  53  7  79  8  21  9  91  10  29  11  79  12  13  13  18  14  5  15  18  16  32  17  18  18  12  19  10
  0  8  1  74  2  58  3  57  4  1  5  15  6  42  7  99  8  72  9  39  10  6  11  91  12  82  13  99  14  64  15  1  16  32  17  20  18  11  19  83
  0  12  1  28  2  4  3  58  4  21  5  35  6  72  7  78  8  55  9  84  10  4  11  14  12  95  13  66  14  92  15  42  16  30  17  48  18  72  19  43
  0  2  1  93  2  52  3  40  4  68  5  48  6  35  7  19  8  97  9  17  10  90  11  39  12  51  13  89  14  96  15  2  16  31  17  45  18  93  19  44
  0  82  1  71  2  2  3  74  4  77  5  80  6  88  7  70  8  34  9  81  10  11  11  98  12  32  13  76  14  42  15  36  16  40  17  65  18  76  19  98
  0  58  1  80  2  65  3  97  4  45  5  90  6  26  7  91  8  87  9  53  10  30  11  8  12  16  13  82  14  57  15  32  16  88  17  77  18  83  19  11
  0  2  1  39  2  27  3  99  4  77  5  38  6  75  7  64  8  56  9  40  10  62  11  11  12  91  13  91  14  86  15  97  16  14  17  21  18  63  19  67
  0  24  1  10  2  69  3  94  4  24  5  39  6  22  7  33  8  3  9  13  10  89  11  15  12  34  13  20  14  43  15  40  16  38  17  78  18  76  19  41
  0  41  1  79  2  72  3  30  4  18  5  29  6  78  7  57  8  91  9  34  10  29  11  26  12  61  13  9  14  25  15  64  16  36  17  84  18  49  19  33
  0  32  1  37  2  96  3  21  4  46  5  89  6  31  7  71  8  7  9  39  10  99  11  17  12  83  13  13  14  84  15  41  16  91  17  66  18  45  19  79
  0  26  1  59  2  97  3  22  4  9  5  92  6  39  7  8  8  49  9  82  10  94  11  93  12  29  13  94  14  71  15  46  16  70  17  84  18  14  19  1
  0  62  1  8  2  24  3  75  4  36  5  88  6  80  7  36  8  11  9  70  10  66  11  48  12  78  13  93  14  93  15  67  16  68  17  47  18  77  19  50
  0  23  1  18  2  15  3  87  4  82  5  28  6  56  7  91  8  49  9  15  10  69  11  94  12  75  13  20  14  53  15  31  16  14  17  74  18  42  19  13
  0  11  1  7  2  97  3  32  4  25  5  4  6  92  7  33  8  27  9  2  10  34  11  48  12  78  13  93  14  68  15  90  16  25  17  72  18  70  19  42
  0  40  1  57  2  24  3  78  4  3  5  53  6  22  7  33  8  97  9  61  10  54  11  80  12  64  13  33  14  71  15  80  16  57  17  30  18  25  19  46
  0  63  1  35  2  31  3  91  4  5  5  34  6  13  7  91  8  22  9  60  10  9  11  63  12  17  13  59  14  56  15  33  16  93  17  32  18  86  19  63
  0  32  1  57  2  2  3  53  4  86  5  5  6  96  7  29  8  77  9  78  10  68  11  92  12  45  13  67  14  14  15  3  16  52  17  84  18  12  19  82
  0  84  1  19  2  46  3  7  4  64  5  40  6  96  7  98  8  82  9  26  10  34  11  36  12  25  13  93  14  71  15  54  16  28  17  71  18  60  19  90
  0  6  1  30  2  55  3  17  4  26  5  67  6  57  7  38  8  38  9  10  10  28  11  66  12  57  13  69  14  30  15  4  16  83  17  89  18  28  19  73
  0  95  1  50  2  76  3  97  4  50  5  21  6  52  7  14  8  82  9  76  10  24  11  67  12  72  13  33  14  67  15  21  16  53  17  47  18  61  19  85
  0  40  1  95  2  25  3  53  4  28  5  30  6  85  7  70  8  87  9  65  10  82  11  11  12  48  13  65  14  51  15  28  16  44  17  8  18  34  19  72
  0  78  1  61  2  26  3  39  4  26  5  6  6  39  7  62  8  59  9  64  10  51  11  67  12  3  13  48  14  68  15  59  16  20  17  14  18  16  19  4
  0  8  1  98  2  47  3  27  4  42  5  76  6  24  7  39  8  6  9  46  10  10  11  74  12  86  13  61  14  81  15  70  16  25  17  38  18  58  19  59
  0  68  1  22  2  82  3  36  4  34  5  91  6  27  7  12  8  98  9  29  10  98  11  85  12  83  13  87  14  57  15  89  16  72  17  33  18  85  19  77
  0  2  1  48  2  71  3  74  4  15  5  8  6  84  7  10  8  45  9  91  10  60  11  87  12  92  13  68  14  33  15  79  16  5  17  74  18  69  19  42
  0  67  1  78  2  90  3  80  4  72  5  3  6  2  7  30  8  19  9  34  10  55  11  22  12  60  13  43  14  15  15  36  16  12  17  27  18  1  19  86
  0  74  1  95  2  34  3  77  4  32  5  98  6  11  7  17  8  51  9  61  10  66  11  91  12  68  13  62  14  22  15  34  16  45  17  85  18  20  19  34
  0  53  1  18  2  77  3  81  4  73  5  84  6  36  7  27  8  64  9  40  10  78  11  14  12  15  13  50  14  22  15  22  16  78  17  50  18  48  19  2
  0  73  1  40  2  89  3  10  4  81  5  74  6  3  7  75  8  87  9  46  10  4  11  47  12  34  13  73  14  23  15  2  16  98  17  44  18  34  19  26
  0  97  1  63  2  36  3  88  4  84  5  28  6  16  7  68  8  11  9  8  10  5  11  18  12  36  13  19  14  14  15  52  16  29  17  3  18  17  19  17
  0  95  1  65  2  95  3  69  4  13  5  32  6  89  7  59  8  57  9  15  10  7  11  19  12  76  13  10  14  74  15  87  16  14  17  68  18  58  19  23
  0  97  1  2  2  66  3  83  4  66  5  25  6  14  7  83  8  69  9  34  10  26  11  55  12  84  13  95  14  90  15  62  16  25  17  71  18  3  19  62
  0  35  1  8  2  56  3  98  4  6  5  86  6  67  7  73  8  47  9  83  10  45  11  50  12  95  13  8  14  46  15  50  16  55  17  5  18  67  19  76
  0  2  1  48  2  67  3  66  4  80  5  57  6  34  7  44  8  98  9  14  10  12  11  54  12  79  13  57  14  85  15  65  16  28  17  95  18  65  19  90
  0  44  1  55  2  23  3  71  4  52  5  44  6  82  7  2  8  61  9  27  10  51  11  11  12  62  13  19  14  57  15  12  16  24  17  43  18  24  19  90
  0  49  1  27  2  95  3  11  4  4  5  16  6  97  7  30  8  26  9  37  10  97  11  65  12  76  13  36  14  90  15  65  16  3  17  78  18  43  19  55
  0  3  1  81  2  47  3  74  4  29  5  19  6  86  7  34  8  70  9  16  10  10  11  34  12  83  13  25  14  58  15  38  16  86  17  58  18  1  19  8
  0  19  1  3  2  68  3  9  4  32  5  48  6  98  7  71  8  71  9  20  10  18  11  58  12  64  13  76  14  36  15  63  16  18  17  13  18  22  19  61
  0  88  1  7  2  92  3  66  4  94  5  65  6  30  7  78  8  68  9  78  10  99  11  23  12  69  13  81  14  58  15  13  16  11  17  85  18  47  19  83
  0  73  1  27  2  28  3  94  4  95  5  40  6  1  7  80  8  82  9  63  10  9  11  1  12  61  13  20  14  24  15  37  16  65  17  54  18  67  19  5
  0  54  1  89  2  5  3  10  4  75  5  57  6  24  7  52  8  30  9  9  10  90  11  55  12  10  13  99  14  17  15  78  16  7  17  23  18  27  19  36
  0  18  1  26  2  67  3  46  4  85  5  29  6  8  7  52  8  68  9  38  10  55  11  23  12  14  13  27  14  27  15  6  16  75  17  10  18  2  19  86
  0  17  1  54  2  32  3  96  4  73  5  84  6  58  7  57  8  76  9  94  10  1  11  51  12  55  13  53  14  94  15  70  16  73  17  76  18  1  19  78
  0  66  1  14  2  3  3  73  4  81  5  45  6  76  7  61  8  47  9  14  10  2  11  56  12  15  13  23  14  30  15  78  16  45  17  75  18  50  19  13
  0  44  1  44  2  9  3  52  4  68  5  91  6  66  7  33  8  50  9  76  10  8  11  37  12  8  13  20  14  48  15  28  16  53  17  20  18  69  19  31
  0  8  1  40  2  11  3  86  4  82  5  91  6  90  7  25  8  94  9  9  10  18  11  57  12  14  13  83  14  42  15  72  16  67  17  85  18  31  19  72
  0  54  1  14  2  89  3  8  4  34  5  41  6  54  7  90  8  91  9  47  10  19  11  79  12  11  13  51  14  91  15  82  16  90  17  2  18  73  19  21
  0  81  1  67  2  13  3  38  4  55  5  42  6  91  7  56  8  3  9  71  10  17  11  13  12  40  13  43  14  55  15  31  16  72  17  10  18  11  19  99
  0  22  1  41  2  43  3  76  4  53  5  11  6  86  7  34  8  24  9  70  10  89  11  9  12  54  13  80  14  14  15  33  16  1  17  72  18  48  19  52
  0  63  1  83  2  28  3  60  4  74  5  87  6  66  7  99  8  40  9  1  10  35  11  25  12  34  13  39  14  60  15  3  16  67  17  72  18  12  19  15
  0  82  1  82  2  2  3  89  4  49  5  20  6  25  7  55  8  46  9  44  10  8  11  20  12  77  13  49  14  44  15  3  16  39  17  45  18  36  19  70
  0  46  1  35  2  69  3  70  4  82  5  98  6  89  7  44  8  26  9  88  10  61  11  78  12  80  13  91  14  24  15  19  16  92  17  6  18  78  19  48
  0  54  1  49  2  65  3  25  4  12  5  92  6  22  7  13  8  30  9  78  10  30  11  54  12  84  13  78  14  84  15  71  16  83  17  93  18  53  19  96
  0  41  1  6  2  5  3  64  4  44  5  24  6  22  7  14  8  99  9  2  10  32  11  90  12  48  13  1  14  18  15  41  16  73  17  34  18  95  19  45
  0  55  1  25  2  64  3  20  4  40  5  44  6  75  7  96  8  21  9  24  10  73  11  62  12  64  13  65  14  88  15  92  16  16  17  76  18  12  19  47
  0  75  1  17  2  70  3  91  4  18  5  29  6  65  7  49  8  8  9  86  10  73  11  36  12  41  13  90  14  6  15  94  16  87  17  88  18  66  19  49
  0  39  1  6  2  74  3  51  4  83  5  5  6  36  7  66  8  52  9  15  10  64  11  51  12  13  13  7  14  4  15  94  16  16  17  88  18  7  19  40
  0  98  1  61  2  44  3  6  4  23  5  51  6  75  7  64  8  89  9  14  10  6  11  62  12  49  13  77  14  84  15  82  16  30  17  56  18  47  19  73
  0  22  1  75  2  97  3  13  4  94  5  70  6  71  7  75  8  59  9  52  10  45  11  10  12  70  13  62  14  68  15  57  16  54  17  54  18  44  19  71
  0  97  1  68  2  70  3  5  4  24  5  95  6  30  7  82  8  70  9  47  10  98  11  81  12  9  13  65  14  84  15  80  16  92  17  53  18  36  19  43
  0  29  1  12  2  82  3  63  4  85  5  90  6  88  7  76  8  99  9  16  10  34  11  17  12  53  13  44  14  61  15  74  16  4  17  40  18  39  19  83
  0  13  1  2  2  43  3  44  4  12  5  61  6  49  7  58  8  67  9  47  10  89  11  40  12  70  13  81  14  25  15  14  16  44  17  41  18  18  19  32
  0  40  1  24  2  19  3  58  4  86  5  79  6  9  7  7  8  88  9  9  10  45  11  29  12  3  13  37  14  10  15  95  16  41  17  11  18  65  19  9
  0  68  1  86  2  48  3  39  4  93  5  94  6  79  7  81  8  89  9  6  10  51  11  74  12  69  13  36  14  26  15  13  16  18  17  59  18  68  19  65
  0  46  1  22  2  78  3  67  4  26  5  68  6  5  7  53  8  25  9  33  10  59  11  52  12  34  13  54  14  57  15  47  16  71  17  7  18  54  19  95
  0  98  1  70  2  57  3  38  4  95  5  79  6  31  7  55  8  53  9  12  10  23  11  49  12  6  13  17  14  74  15  57  16  6  17  3  18  12  19  19
  0  3  1  15  2  11  3  67  4  92  5  75  6  86  7  6  8  40  9  90  10  58  11  92  12  93  13  18  14  82  15  41  16  41  17  54  18  64  19  17
  0  92  1  11  2  79  3  91  4  63  5  54  6  67  7  62  8  6  9  46  10  88  11  74  12  28  13  15  14  49  15  88  16  61  17  23  18  33  19  87
  0  3  1  42  2  3  3  16  4  29  5  23  6  48  7  81  8  41  9  27  10  6  11  86  12  20  13  76  14  74  15  54  16  75  17  15  18  94  19  56
  0  30  1  98  2  70  3  85  4  69  5  61  6  54  7  10  8  45  9  14  10  21  11  96  12  24  13  76  14  1  15  17  16  4  17  60  18  53  19  42
  0  47  1  38  2  86  3  14  4  12  5  73  6  70  7  36  8  66  9  96  10  95  11  21  12  18  13  53  14  71  15  4  16  9  17  54  18  59  19  83
  0  40  1  10  2  98  3  73  4  34  5  28  6  67  7  56  8  53  9  95  10  74  11  89  12  23  13  96  14  90  15  3  16  33  17  12  18  54  19  65
  0  22  1  22  2  11  3  43  4  51  5  1  6  79  7  58  8  43  9  62  10  50  11  19  12  29  13  20  14  45  15  87  16  26  17  53  18  19  19  1
  0  53  1  93  2  64  3  71  4  47  5  80  6  54  7  17  8  37  9  47  10  42  11  6  12  92  13  32  14  80  15  20  16  49  17  28  18  60  19  65
  0  82  1  26  2  61  3  82  4  86  5  96  6  63  7  43  8  57  9  28  10  71  11  26  12  17  13  11  14  49  15  18  16  12  17  41  18  63  19  76
  0  66  1  80  2  74  3  52  4  92  5  86  6  49  7  55  8  70  9  15  10  55  11  21  12  52  13  54  14  80  15  99  16  73  17  39  18  81  19  77
  0  50  1  48  2  45  3  16  4  97  5  2  6  37  7  44  8  24  9  98  10  56  11  62  12  53  13  58  14  21  15  33  16  3  17  67  18  60  19  62
  0  12  1  38  2  83  3  7  4  89  5  29  6  47  7  53  8  42  9  90  10  58  11  61  12  90  13  31  14  60  15  60  16  88  17  15  18  8  19  45
  0  4  1  43  2  22  3  9  4  17  5  71  6  75  7  10  8  64  9  77  10  62  11  60  12  13  13  68  14  40  15  84  16  48  17  98  18  51  19  83
  0  33  1  40  2  74  3  94  4  28  5  14  6  39  7  59  8  21  9  95  10  21  11  2  12  85  13  35  14  4  15  13  16  69  17  56  18  60  19  75
  0  84  1  37  2  3  3  76  4  46  5  73  6  95  7  1  8  94  9  85  10  36  11  88  12  74  13  22  14  41  15  15  16  76  17  52  18  6  19  18
  0  63  1  81  2  10  3  75  4  19  5  6  6  92  7  24  8  8  9  95  10  21  11  57  12  34  13  89  14  31  15  46  16  29  17  15  18  99  19  84
  0  9  1  81  2  93  3  25  4  84  5  16  6  93  7  89  8  15  9  25  10  85  11  51  12  27  13  8  14  88  15  12  16  66  17  56  18  34  19  54
  0  21  1  17  2  34  3  15  4  48  5  98  6  97  7  14  8  14  9  50  10  77  11  46  12  86  13  46  14  71  15  6  16  72  17  47  18  95  19  20
  0  83  1  31  2  6  3  81  4  60  5  6  6  43  7  39  8  5  9  59  10  24  11  71  12  85  13  91  14  99  15  41  16  27  17  45  18  55  19  30
  0  95  1  33  2  29  3  80  4  36  5  14  6  64  7  5  8  34  9  86  10  35  11  38  12  89  13  86  14  93  15  38  16  50  17  99  18  38  19  66
  0  25  1  56  2  10  3  99  4  67  5  40  6  46  7  60  8  32  9  35  10  59  11  53  12  5  13  10  14  32  15  64  16  81  17  84  18  22  19  50
  0  54  1  49  2  29  3  13  4  4  5  31  6  80  7  60  8  24  9  12  10  17  11  87  12  31  13  59  14  91  15  25  16  23  17  23  18  26  19  30
  0  91  1  89  2  65  3  50  4  12  5  25  6  42  7  59  8  58  9  31  10  43  11  30  12  9  13  96  14  19  15  41  16  59  17  23  18  97  19  92
  0  47  1  56  2  94  3  80  4  44  5  52  6  20  7  86  8  95  9  50  10  21  11  41  12  96  13  54  14  30  15  96  16  29  17  17  18  89  19  6
  0  18  1  97  2  80  3  89  4  61  5  34  6  73  7  57  8  56  9  42  10  77  11  88  12  24  13  45  14  67  15  4  16  95  17  85  18  95  19  84
  0  19  1  76  2  38  3  19  4  3  5  92  6  13  7  73  8  6  9  21  10  82  11  30  12  26  13  95  14  37  15  31  16  63  17  13  18  89  19  26
  0  54  1  86  2  56  3  10  4  98  5  85  6  5  7  97  8  33  9  85  10  74  11  75  12  14  13  99  14  11  15  18  16  28  17  90  18  73  19  72
  0  28  1  64  2  5  3  41  4  60  5  10  6  67  7  16  8  58  9  32  10  87  11  43  12  82  13  77  14  68  15  25  16  54  17  79  18  55  19  88
  0  17  1  43  2  61  3  74  4  93  5  65  6  99  7  28  8  58  9  51  10  75  11  89  12  25  13  72  14  18  15  29  16  17  17  93  18  77  19  63
  0  76  1  32  2  18  3  41  4  29  5  55  6  54  7  12  8  13  9  24  10  42  11  83  12  24  13  25  14  12  15  54  16  58  17  62  18  92  19  70
  0  40  1  1  2  82  3  32  4  63  5  66  6  57  7  69  8  1  9  71  10  25  11  49  12  37  13  1  14  54  15  83  16  50  17  78  18  51  19  53
  0  35  1  11  2  66  3  72  4  43  5  62  6  37  7  45  8  96  9  27  10  2  11  1  12  83  13  84  14  58  15  13  16  47  17  60  18  39  19  17
  0  33  1  36  2  20  3  7  4  51  5  71  6  98  7  65  8  64  9  30  10  1  11  44  12  21  13  29  14  6  15  30  16  77  17  61  18  95  19  35
  0  88  1  39  2  67  3  7  4  66  5  68  6  70  7  53  8  23  9  64  10  52  11  13  12  51  13  54  14  23  15  31  16  16  17  22  18  79  19  16
  0  54  1  9  2  46  3  83  4  10  5  62  6  13  7  11  8  44  9  97  10  98  11  70  12  1  13  25  14  56  15  9  16  28  17  38  18  87  19  83
  0  73  1  85  2  64  3  78  4  3  5  59  6  46  7  69  8  17  9  76  10  52  11  97  12  66  13  37  14  30  15  79  16  80  17  87  18  18  19  53
  0  75  1  14  2  11  3  54  4  89  5  55  6  61  7  60  8  71  9  1  10  78  11  40  12  21  13  25  14  18  15  20  16  52  17  58  18  54  19  30
  0  33  1  3  2  98  3  6  4  11  5  57  6  99  7  48  8  49  9  79  10  29  11  80  12  16  13  28  14  46  15  49  16  2  17  46  18  3  19  46
  0  64  1  83  2  17  3  67  4  28  5  78  6  34  7  25  8  77  9  25  10  62  11  79  12  28  13  15  14  25  15  66  16  63  17  30  18  2  19  13
  0  72  1  8  2  28  3  96  4  26  5  25  6  71  7  74  8  71  9  60  10  26  11  86  12  39  13  33  14  73  15  19  16  94  17  38  18  10  19  63
  0  70  1  6  2  37  3  41  4  57  5  72  6  67  7  40  8  63  9  38  10  85  11  6  12  46  13  36  14  76  15  87  16  79  17  60  18  5  19  8
  0  23  1  4  2  5  3  33  4  92  5  16  6  24  7  54  8  62  9  90  10  17  11  90  12  35  13  18  14  98  15  94  16  62  17  80  18  85  19  20
  0  13  1  84  2  1  3  66  4  5  5  25  6  9  7  25  8  64  9  61  10  15  11  82  12  69  13  30  14  38  15  69  16  83  17  22  18  44  19  42
  0  9  1  20  2  7  3  42  4  92  5  47  6  16  7  80  8  78  9  89  10  68  11  33  12  79  13  91  14  98  15  42  16  22  17  29  18  40  19  60
  0  81  1  24  2  24  3  93  4  12  5  35  6  52  7  14  8  36  9  56  10  12  11  59  12  51  13  3  14  5  15  37  16  76  17  50  18  12  19  94
  0  25  1  94  2  30  3  37  4  93  5  2  6  34  7  87  8  9  9  99  10  59  11  31  12  48  13  15  14  3  15  90  16  43  17  64  18  99  19  16
  0  40  1  50  2  7  3  88  4  49  5  12  6  14  7  77  8  36  9  55  10  59  11  91  12  13  13  35  14  11  15  23  16  52  17  80  18  61  19  64
  0  19  1  80  2  32  3  53  4  92  5  73  6  77  7  82  8  42  9  5  10  58  11  58  12  45  13  50  14  10  15  23  16  97  17  16  18  15  19  48
  0  31  1  58  2  83  3  85  4  43  5  98  6  77  7  17  8  13  9  11  10  38  11  45  12  42  13  15  14  2  15  31  16  60  17  5  18  24  19  35
  0  78  1  89  2  36  3  57  4  69  5  27  6  3  7  60  8  31  9  79  10  61  11  18  12  38  13  29  14  60  15  44  16  3  17  16  18  26  19  74
  0  99  1  95  2  21  3  8  4  8  5  37  6  87  7  46  8  9  9  88  10  67  11  73  12  10  13  98  14  63  15  61  16  93  17  67  18  69  19  9
  0  24  1  60  2  87  3  37  4  49  5  4  6  19  7  97  8  71  9  62  10  75  11  85  12  98  13  61  14  71  15  38  16  85  17  80  18  84  19  66
  0  11  1  72  2  88  3  78  4  84  5  55  6  98  7  52  8  60  9  83  10  95  11  84  12  91  13  13  14  3  15  37  16  66  17  91  18  39  19  31
TPM
  0  2546  1  2546  2  2546  3  2546  4  2546  5  2546  6  2546  7  2546  8  2546  9  2546  10  2546  11  2546  12  2546  13  2546  14  2546  15  2546  16  2546  17  2546  18  2546  19  2546
PMT
  0  11  1  46  2  54  3  55  4  48  5  38  6  37  7  22  8  61  9  53  10  50  11  32  12  38  13  56  14  13  15  68  16  29  17  22  18  22  19  32
  0  59  1  4  2  51  3  7  4  62  5  65  6  69  7  27  8  6  9  53  10  38  11  65  12  66  13  60  14  68  15  71  16  7  17  23  18  14  19  64
  0  35  1  24  2  61  3  4  4  23  5  63  6  27  7  6  8  72  9  28  10  49  11  61  12  18  13  60  14  58  15  11  16  70  17  22  18  14  19  25
  0  6  1  69  2  28  3  52  4  29  5  24  6  25  7  28  8  10  9  64  10  32  11  12  12  47  13  60  14  42  15  53  16  48  17  47  18  58  19  63
  0  56  1  27  2  34  3  36  4  21  5  61  6  9  7  29  8  38  9  58  10  15  11  6  12  9  13  55  14  25  15  27  16  73  17  54  18  17  19  17
  0  16  1  17  2  65  3  27  4  43  5  22  6  69  7  28  8  60  9  27  10  21  11  27  12  56  13  26  14  27  15  41  16  71  17  74  18  47  19  21
  0  20  1  52  2  9  3  21  4  59  5  4  6  18  7  3  8  68  9  5  10  11  11  2  12  31  13  49  14  17  15  54  16  69  17  64  18  50  19  65
  0  17  1  5  2  17  3  22  4  68  5  61  6  21  7  35  8  66  9  34  10  20  11  27  12  21  13  26  14  65  15  28  16  63  17  35  18  36  19  35
  0  22  1  61  2  66  3  49  4  33  5  46  6  11  7  44  8  56  9  42  10  29  11  61  12  33  13  32  14  38  15  72  16  4  17  55  18  29  19  2
  0  28  1  37  2  70  3  20  4  2  5  74  6  11  7  51  8  14  9  22  10  70  11  1  12  11  13  68  14  37  15  24  16  48  17  57  18  26  19  27
  0  32  1  27  2  27  3  51  4  14  5  63  6  39  7  19  8  65  9  39  10  10  11  25  12  25  13  48  14  48  15  51  16  28  17  63  18  28  19  26
  0  61  1  38  2  2  3  40  4  27  5  57  6  25  7  40  8  4  9  74  10  43  11  39  12  60  13  17  14  51  15  58  16  21  17  34  18  14  19  42
  0  72  1  4  2  18  3  61  4  27  5  46  6  26  7  29  8  45  9  7  10  59  11  23  12  69  13  64  14  49  15  41  16  55  17  15  18  73  19  12
  0  21  1  27  2  40  3  48  4  5  5  2  6  16  7  16  8  55  9  5  10  69  11  70  12  62  13  46  14  50  15  20  16  48  17  27  18  4  19  18
  0  25  1  61  2  28  3  27  4  59  5  55  6  20  7  8  8  72  9  38  10  22  11  27  12  45  13  12  14  1  15  28  16  61  17  47  18  42  19  69
  0  50  1  12  2  51  3  74  4  63  5  2  6  50  7  57  8  3  9  72  10  56  11  13  12  47  13  11  14  64  15  8  16  67  17  20  18  61  19  63
  0  46  1  35  2  30  3  49  4  72  5  62  6  56  7  32  8  3  9  61  10  8  11  54  12  27  13  72  14  69  15  66  16  21  17  36  18  57  19  55
  0  3  1  59  2  38  3  15  4  67  5  5  6  58  7  1  8  60  9  20  10  58  11  74  12  12  13  19  14  52  15  66  16  68  17  7  18  41  19  44
  0  8  1  28  2  74  3  15  4  15  5  32  6  46  7  29  8  22  9  51  10  54  11  69  12  57  13  27  14  25  15  30  16  73  17  43  18  30  19  24
  0  19  1  18  2  9  3  25  4  69  5  41  6  63  7  17  8  49  9  60  10  15  11  57  12  58  13  73  14  11  15  58  16  56  17  11  18  20  19  61
