100  15
  0  4  1  12  2  18  3  37  4  84  5  45  6  40  7  42  8  43  9  24  10  67  11  86  12  61  13  64  14  46
  0  17  1  55  2  63  3  69  4  62  5  42  6  80  7  59  8  60  9  73  10  7  11  19  12  56  13  1  14  24
  0  27  1  56  2  90  3  80  4  5  5  18  6  5  7  28  8  83  9  83  10  13  11  87  12  59  13  92  14  5
  0  63  1  8  2  41  3  28  4  94  5  86  6  64  7  49  8  30  9  69  10  63  11  23  12  71  13  70  14  5
  0  34  1  97  2  57  3  52  4  16  5  92  6  69  7  30  8  84  9  13  10  82  11  8  12  32  13  90  14  85
  0  63  1  67  2  49  3  66  4  69  5  5  6  66  7  20  8  3  9  30  10  29  11  16  12  67  13  5  14  55
  0  8  1  96  2  76  3  85  4  64  5  67  6  13  7  53  8  35  9  26  10  75  11  98  12  13  13  37  14  7
  0  92  1  34  2  87  3  90  4  67  5  36  6  7  7  96  8  80  9  63  10  92  11  54  12  57  13  83  14  45
  0  78  1  90  2  68  3  62  4  63  5  89  6  46  7  32  8  22  9  10  10  21  11  36  12  12  13  96  14  23
  0  48  1  98  2  43  3  43  4  84  5  48  6  27  7  51  8  60  9  27  10  77  11  10  12  27  13  72  14  10
  0  31  1  23  2  59  3  94  4  36  5  55  6  59  7  76  8  23  9  78  10  94  11  46  12  40  13  66  14  11
  0  34  1  30  2  66  3  28  4  81  5  92  6  97  7  47  8  1  9  64  10  37  11  23  12  38  13  45  14  76
  0  20  1  94  2  86  3  79  4  22  5  77  6  40  7  59  8  63  9  75  10  32  11  41  12  87  13  87  14  2
  0  98  1  75  2  50  3  24  4  69  5  72  6  36  7  9  8  97  9  28  10  27  11  51  12  47  13  20  14  79
  0  50  1  84  2  12  3  33  4  47  5  41  6  97  7  35  8  53  9  82  10  6  11  81  12  35  13  55  14  66
  0  97  1  10  2  92  3  86  4  98  5  61  6  88  7  68  8  22  9  65  10  81  11  64  12  7  13  7  14  3
  0  63  1  61  2  2  3  76  4  49  5  62  6  83  7  90  8  78  9  54  10  96  11  60  12  52  13  54  14  12
  0  57  1  3  2  77  3  64  4  83  5  12  6  49  7  71  8  4  9  10  10  47  11  78  12  72  13  60  14  5
  0  44  1  15  2  5  3  79  4  73  5  49  6  15  7  32  8  33  9  58  10  9  11  12  12  35  13  55  14  98
  0  14  1  61  2  87  3  79  4  70  5  60  6  84  7  98  8  82  9  53  10  49  11  48  12  5  13  10  14  21
  0  55  1  52  2  1  3  99  4  3  5  69  6  32  7  78  8  73  9  7  10  6  11  29  12  96  13  69  14  77
  0  55  1  74  2  49  3  5  4  84  5  83  6  55  7  88  8  84  9  81  10  96  11  76  12  7  13  91  14  80
  0  68  1  4  2  20  3  41  4  32  5  72  6  27  7  8  8  41  9  18  10  72  11  65  12  80  13  37  14  4
  0  83  1  81  2  74  3  44  4  10  5  82  6  90  7  11  8  53  9  33  10  48  11  71  12  1  13  80  14  15
  0  8  1  46  2  7  3  24  4  59  5  30  6  13  7  51  8  51  9  8  10  58  11  94  12  45  13  99  14  7
  0  70  1  51  2  95  3  45  4  56  5  2  6  11  7  56  8  49  9  67  10  22  11  76  12  18  13  69  14  19
  0  75  1  60  2  23  3  64  4  24  5  12  6  9  7  41  8  40  9  55  10  58  11  23  12  37  13  15  14  3
  0  16  1  6  2  65  3  19  4  37  5  17  6  67  7  76  8  31  9  8  10  6  11  65  12  59  13  93  14  12
  0  52  1  91  2  42  3  81  4  18  5  87  6  64  7  24  8  38  9  59  10  31  11  4  12  41  13  45  14  26
  0  59  1  43  2  36  3  67  4  13  5  43  6  29  7  87  8  4  9  28  10  13  11  38  12  6  13  22  14  3
  0  56  1  26  2  85  3  70  4  30  5  69  6  35  7  54  8  15  9  42  10  51  11  34  12  23  13  21  14  95
  0  6  1  70  2  87  3  46  4  92  5  53  6  55  7  18  8  80  9  93  10  85  11  51  12  63  13  69  14  98
  0  68  1  27  2  33  3  30  4  15  5  21  6  60  7  66  8  70  9  94  10  12  11  77  12  82  13  81  14  71
  0  29  1  31  2  75  3  9  4  35  5  73  6  36  7  92  8  83  9  94  10  92  11  17  12  61  13  73  14  54
  0  45  1  32  2  37  3  47  4  83  5  74  6  67  7  26  8  26  9  65  10  82  11  27  12  34  13  65  14  99
  0  77  1  54  2  54  3  61  4  64  5  76  6  11  7  69  8  29  9  88  10  43  11  85  12  51  13  85  14  5
  0  52  1  19  2  27  3  58  4  73  5  19  6  66  7  83  8  55  9  79  10  86  11  13  12  84  13  59  14  7
  0  68  1  5  2  64  3  70  4  23  5  7  6  19  7  4  8  5  9  63  10  48  11  13  12  31  13  57  14  34
  0  71  1  17  2  81  3  58  4  97  5  31  6  27  7  33  8  34  9  57  10  73  11  89  12  74  13  6  14  48
  0  88  1  2  2  75  3  30  4  50  5  38  6  64  7  98  8  29  9  16  10  81  11  65  12  83  13  6  14  92
  0  36  1  8  2  92  3  26  4  85  5  35  6  62  7  3  8  57  9  23  10  36  11  75  12  97  13  79  14  91
  0  90  1  3  2  98  3  32  4  3  5  43  6  3  7  95  8  9  9  75  10  20  11  33  12  82  13  69  14  41
  0  81  1  30  2  5  3  27  4  13  5  85  6  24  7  75  8  42  9  30  10  32  11  59  12  14  13  90  14  89
  0  86  1  12  2  69  3  36  4  65  5  60  6  93  7  43  8  57  9  1  10  86  11  82  12  58  13  71  14  25
  0  50  1  39  2  22  3  91  4  5  5  36  6  41  7  77  8  84  9  72  10  83  11  69  12  25  13  53  14  7
  0  36  1  90  2  62  3  76  4  92  5  93  6  52  7  92  8  15  9  62  10  13  11  34  12  32  13  72  14  48
  0  43  1  2  2  68  3  12  4  79  5  80  6  36  7  67  8  31  9  7  10  93  11  79  12  49  13  82  14  18
  0  53  1  48  2  18  3  26  4  71  5  98  6  64  7  78  8  13  9  79  10  64  11  65  12  30  13  94  14  79
  0  7  1  33  2  54  3  86  4  64  5  5  6  78  7  51  8  54  9  45  10  81  11  9  12  6  13  18  14  24
  0  27  1  2  2  47  3  69  4  20  5  6  6  92  7  63  8  38  9  50  10  88  11  20  12  62  13  50  14  37
  0  2  1  65  2  54  3  96  4  7  5  25  6  65  7  80  8  13  9  8  10  75  11  78  12  37  13  43  14  12
  0  69  1  14  2  66  3  74  4  64  5  93  6  4  7  20  8  20  9  23  10  21  11  30  12  10  13  54  14  58
  0  48  1  24  2  94  3  27  4  93  5  60  6  97  7  42  8  76  9  15  10  44  11  9  12  72  13  70  14  87
  0  97  1  32  2  83  3  42  4  63  5  41  6  69  7  41  8  7  9  42  10  60  11  2  12  70  13  91  14  96
  0  71  1  27  2  21  3  45  4  36  5  5  6  8  7  86  8  21  9  37  10  89  11  94  12  9  13  62  14  73
  0  9  1  69  2  84  3  23  4  69  5  56  6  84  7  16  8  68  9  27  10  42  11  29  12  35  13  93  14  95
  0  71  1  58  2  3  3  70  4  66  5  19  6  5  7  39  8  89  9  73  10  62  11  88  12  77  13  26  14  11
  0  28  1  69  2  72  3  61  4  45  5  70  6  5  7  22  8  95  9  21  10  6  11  61  12  1  13  22  14  79
  0  65  1  57  2  60  3  93  4  28  5  17  6  13  7  29  8  3  9  72  10  40  11  61  12  7  13  49  14  95
  0  25  1  25  2  18  3  5  4  29  5  90  6  44  7  95  8  29  9  24  10  65  11  83  12  66  13  51  14  49
  0  41  1  44  2  49  3  69  4  9  5  89  6  69  7  22  8  22  9  21  10  51  11  49  12  66  13  28  14  33
  0  50  1  83  2  23  3  96  4  94  5  83  6  36  7  28  8  77  9  53  10  45  11  69  12  64  13  43  14  71
  0  97  1  32  2  93  3  90  4  52  5  93  6  24  7  22  8  95  9  65  10  88  11  6  12  91  13  15  14  84
  0  90  1  14  2  97  3  62  4  66  5  41  6  74  7  68  8  38  9  88  10  62  11  27  12  21  13  85  14  62
  0  43  1  83  2  95  3  67  4  65  5  98  6  49  7  48  8  72  9  56  10  23  11  56  12  40  13  59  14  85
  0  18  1  20  2  6  3  19  4  74  5  36  6  14  7  43  8  23  9  77  10  70  11  36  12  46  13  37  14  89
  0  19  1  34  2  36  3  4  4  39  5  54  6  30  7  58  8  86  9  97  10  77  11  46  12  8  13  30  14  37
  0  20  1  16  2  5  3  2  4  68  5  13  6  42  7  93  8  40  9  60  10  57  11  88  12  58  13  76  14  2
  0  36  1  45  2  37  3  53  4  82  5  71  6  14  7  64  8  38  9  75  10  80  11  63  12  19  13  37  14  57
  0  45  1  73  2  89  3  84  4  28  5  71  6  14  7  55  8  36  9  4  10  32  11  19  12  49  13  37  14  13
  0  62  1  28  2  6  3  50  4  28  5  95  6  52  7  66  8  3  9  48  10  28  11  71  12  18  13  14  14  37
  0  59  1  20  2  92  3  73  4  37  5  16  6  38  7  74  8  15  9  1  10  69  11  19  12  92  13  15  14  17
  0  15  1  36  2  91  3  51  4  66  5  26  6  99  7  40  8  19  9  5  10  83  11  32  12  19  13  78  14  54
  0  71  1  29  2  35  3  91  4  83  5  96  6  93  7  51  8  89  9  67  10  84  11  1  12  32  13  76  14  37
  0  15  1  35  2  73  3  21  4  7  5  25  6  66  7  63  8  80  9  65  10  68  11  46  12  30  13  18  14  13
  0  45  1  19  2  9  3  48  4  76  5  13  6  61  7  34  8  52  9  54  10  36  11  12  12  74  13  99  14  89
  0  92  1  94  2  57  3  28  4  22  5  46  6  96  7  26  8  88  9  13  10  19  11  52  12  91  13  85  14  9
  0  86  1  93  2  34  3  8  4  53  5  8  6  80  7  70  8  91  9  12  10  74  11  11  12  36  13  79  14  74
  0  40  1  85  2  71  3  11  4  50  5  69  6  26  7  80  8  94  9  62  10  50  11  91  12  83  13  82  14  88
  0  58  1  85  2  92  3  30  4  20  5  88  6  78  7  77  8  39  9  94  10  68  11  84  12  82  13  23  14  47
  0  48  1  16  2  58  3  39  4  94  5  42  6  69  7  88  8  10  9  84  10  79  11  64  12  97  13  79  14  64
  0  42  1  66  2  38  3  18  4  70  5  72  6  93  7  99  8  15  9  86  10  27  11  62  12  14  13  44  14  64
  0  16  1  29  2  4  3  66  4  84  5  46  6  30  7  62  8  65  9  64  10  55  11  3  12  75  13  91  14  15
  0  21  1  71  2  14  3  40  4  39  5  60  6  28  7  54  8  59  9  50  10  40  11  19  12  13  13  94  14  73
  0  12  1  71  2  34  3  42  4  41  5  34  6  47  7  78  8  27  9  57  10  56  11  26  12  3  13  73  14  53
  0  30  1  14  2  24  3  33  4  86  5  33  6  14  7  63  8  51  9  91  10  36  11  19  12  86  13  20  14  53
  0  61  1  21  2  45  3  18  4  43  5  50  6  62  7  66  8  67  9  86  10  19  11  26  12  30  13  57  14  48
  0  22  1  26  2  90  3  43  4  62  5  1  6  49  7  74  8  53  9  71  10  3  11  82  12  54  13  54  14  38
  0  90  1  91  2  72  3  57  4  31  5  85  6  28  7  17  8  76  9  48  10  63  11  93  12  21  13  84  14  47
  0  89  1  49  2  61  3  55  4  12  5  81  6  72  7  45  8  91  9  6  10  87  11  25  12  21  13  11  14  62
  0  75  1  27  2  90  3  62  4  86  5  8  6  90  7  16  8  94  9  10  10  1  11  7  12  48  13  5  14  31
  0  59  1  35  2  10  3  18  4  96  5  46  6  59  7  42  8  54  9  56  10  5  11  70  12  87  13  58  14  21
  0  39  1  19  2  72  3  40  4  36  5  88  6  7  7  28  8  78  9  18  10  68  11  94  12  61  13  4  14  30
  0  95  1  30  2  94  3  96  4  53  5  25  6  21  7  49  8  24  9  70  10  72  11  46  12  82  13  25  14  61
  0  5  1  95  2  15  3  99  4  5  5  15  6  3  7  83  8  81  9  95  10  82  11  63  12  96  13  42  14  90
  0  44  1  12  2  24  3  82  4  47  5  99  6  10  7  99  8  15  9  60  10  25  11  44  12  56  13  45  14  20
  0  31  1  56  2  88  3  14  4  69  5  93  6  4  7  40  8  23  9  47  10  6  11  19  12  20  13  86  14  46
  0  22  1  31  2  68  3  93  4  21  5  34  6  85  7  85  8  18  9  29  10  49  11  22  12  6  13  75  14  98
  0  6  1  13  2  57  3  59  4  32  5  19  6  16  7  2  8  69  9  57  10  87  11  70  12  17  13  29  14  45
  0  89  1  3  2  7  3  29  4  60  5  69  6  93  7  14  8  95  9  64  10  69  11  57  12  84  13  20  14  39
TPM
  0  1270  1  1270  2  1270  3  1270  4  1270  5  1270  6  1270  7  1270  8  1270  9  1270  10  1270  11  1270  12  1270  13  1270  14  1270
PMT
  0  10  1  84  2  1  3  90  4  123  5  145  6  78  7  51  8  73  9  62  10  109  11  86  12  68  13  49  14  149
  0  129  1  64  2  53  3  110  4  104  5  64  6  57  7  41  8  43  9  53  10  114  11  27  12  12  13  128  14  103
  0  129  1  31  2  24  3  75  4  32  5  92  6  137  7  51  8  90  9  86  10  72  11  66  12  83  13  127  14  3
  0  3  1  127  2  116  3  47  4  78  5  131  6  130  7  54  8  93  9  79  10  129  11  139  12  60  13  146  14  40
  0  113  1  61  2  148  3  115  4  18  5  98  6  121  7  26  8  117  9  110  10  96  11  94  12  111  13  81  14  43
  0  53  1  31  2  55  3  70  4  23  5  92  6  47  7  137  8  53  9  122  10  47  11  41  12  9  13  97  14  21
  0  38  1  109  2  68  3  41  4  120  5  87  6  56  7  77  8  19  9  47  10  64  11  89  12  101  13  4  14  108
  0  45  1  110  2  82  3  37  4  123  5  9  6  57  7  25  8  45  9  81  10  140  11  88  12  124  13  37  14  2
