100  5
  0  12  1  57  2  90  3  39  4  29
  0  92  1  31  2  87  3  80  4  27
  0  56  1  75  2  73  3  54  4  36
  0  99  1  6  2  34  3  53  4  95
  0  20  1  1  2  8  3  76  4  10
  0  96  1  21  2  55  3  93  4  81
  0  27  1  49  2  54  3  11  4  2
  0  34  1  92  2  87  3  75  4  14
  0  72  1  28  2  6  3  4  4  34
  0  2  1  13  2  53  3  92  4  31
  0  24  1  56  2  90  3  59  4  60
  0  18  1  29  2  27  3  59  4  85
  0  5  1  14  2  35  3  59  4  61
  0  36  1  98  2  28  3  78  4  6
  0  8  1  22  2  96  3  93  4  10
  0  53  1  49  2  46  3  91  4  94
  0  13  1  58  2  68  3  22  4  51
  0  95  1  59  2  12  3  74  4  19
  0  28  1  85  2  50  3  55  4  4
  0  17  1  43  2  18  3  4  4  60
  0  62  1  67  2  13  3  75  4  55
  0  74  1  3  2  36  3  57  4  15
  0  89  1  52  2  98  3  14  4  74
  0  61  1  36  2  29  3  95  4  41
  0  48  1  10  2  3  3  71  4  1
  0  10  1  30  2  45  3  4  4  20
  0  19  1  81  2  91  3  44  4  33
  0  26  1  95  2  45  3  51  4  24
  0  15  1  34  2  35  3  95  4  76
  0  76  1  10  2  58  3  54  4  31
  0  16  1  76  2  94  3  63  4  92
  0  25  1  52  2  79  3  18  4  8
  0  46  1  82  2  29  3  58  4  82
  0  57  1  70  2  15  3  12  4  9
  0  57  1  56  2  3  3  33  4  60
  0  31  1  71  2  96  3  28  4  13
  0  81  1  27  2  25  3  79  4  4
  0  72  1  38  2  90  3  16  4  69
  0  80  1  6  2  63  3  22  4  4
  0  70  1  24  2  81  3  81  4  71
  0  40  1  93  2  53  3  36  4  18
  0  44  1  7  2  5  3  1  4  5
  0  62  1  35  2  66  3  89  4  84
  0  98  1  13  2  52  3  15  4  78
  0  28  1  87  2  40  3  79  4  48
  0  29  1  93  2  12  3  71  4  43
  0  84  1  17  2  65  3  57  4  4
  0  28  1  79  2  98  3  26  4  2
  0  77  1  8  2  32  3  50  4  25
  0  47  1  15  2  74  3  3  4  47
  0  30  1  61  2  40  3  40  4  23
  0  9  1  86  2  75  3  33  4  90
  0  54  1  18  2  52  3  57  4  16
  0  79  1  9  2  63  3  27  4  31
  0  73  1  46  2  13  3  86  4  37
  0  1  1  47  2  76  3  93  4  33
  0  99  1  28  2  23  3  76  4  28
  0  39  1  66  2  13  3  59  4  6
  0  39  1  29  2  71  3  37  4  18
  0  91  1  67  2  71  3  98  4  37
  0  20  1  76  2  15  3  3  4  9
  0  2  1  60  2  40  3  90  4  8
  0  58  1  91  2  75  3  91  4  66
  0  25  1  86  2  93  3  15  4  49
  0  44  1  43  2  12  3  63  4  89
  0  79  1  70  2  5  3  38  4  66
  0  38  1  6  2  38  3  71  4  23
  0  72  1  66  2  88  3  67  4  36
  0  84  1  22  2  2  3  57  4  47
  0  62  1  66  2  73  3  31  4  18
  0  19  1  16  2  14  3  85  4  33
  0  44  1  49  2  77  3  57  4  73
  0  92  1  28  2  23  3  93  4  82
  0  56  1  79  2  96  3  79  4  59
  0  9  1  70  2  28  3  53  4  74
  0  24  1  78  2  89  3  61  4  51
  0  95  1  26  2  40  3  47  4  35
  0  10  1  68  2  35  3  58  4  15
  0  84  1  62  2  43  3  43  4  85
  0  87  1  73  2  69  3  71  4  57
  0  40  1  3  2  16  3  40  4  89
  0  83  1  87  2  75  3  76  4  50
  0  22  1  51  2  37  3  33  4  44
  0  20  1  70  2  67  3  65  4  15
  0  97  1  27  2  16  3  24  4  43
  0  28  1  86  2  37  3  50  4  54
  0  97  1  73  2  32  3  84  4  3
  0  56  1  9  2  51  3  7  4  85
  0  94  1  48  2  52  3  31  4  31
  0  58  1  8  2  47  3  80  4  86
  0  57  1  76  2  16  3  99  4  70
  0  2  1  93  2  24  3  22  4  56
  0  75  1  53  2  60  3  4  4  38
  0  46  1  67  2  42  3  96  4  42
  0  57  1  17  2  31  3  12  4  90
  0  14  1  74  2  20  3  13  4  82
  0  16  1  73  2  55  3  25  4  34
  0  71  1  29  2  27  3  42  4  98
  0  20  1  26  2  31  3  11  4  71
  0  45  1  32  2  7  3  89  4  38
TPM
  0  1446  1  1446  2  1446  3  1446  4  1446
PMT
  0  8  1  23  2  6  3  5  4  8
  0  24  1  2  2  21  3  20  4  10
  0  13  1  5  2  7  3  3  4  14
  0  20  1  11  2  8  3  7  4  6
  0  19  1  12  2  10  3  22  4  5
  0  18  1  13  2  9  3  21  4  15
  0  8  1  23  2  17  3  1  4  11
