100  20
  0  38  1  23  2  27  3  26  4  2  5  59  6  31  7  34  8  40  9  72  10  60  11  84  12  67  13  91  14  15  15  29  16  43  17  98  18  71  19  20
  0  58  1  94  2  67  3  84  4  33  5  29  6  14  7  34  8  59  9  53  10  71  11  81  12  29  13  18  14  50  15  79  16  33  17  92  18  13  19  7
  0  11  1  79  2  11  3  54  4  1  5  79  6  61  7  91  8  2  9  95  10  58  11  26  12  73  13  2  14  69  15  73  16  5  17  13  18  61  19  97
  0  49  1  25  2  68  3  3  4  2  5  19  6  71  7  87  8  59  9  39  10  77  11  68  12  2  13  98  14  6  15  58  16  71  17  74  18  15  19  57
  0  49  1  73  2  40  3  66  4  51  5  10  6  16  7  54  8  89  9  16  10  4  11  42  12  79  13  57  14  57  15  59  16  86  17  56  18  84  19  10
  0  28  1  25  2  91  3  46  4  1  5  61  6  34  7  31  8  81  9  69  10  80  11  47  12  21  13  97  14  86  15  79  16  34  17  19  18  38  19  74
  0  56  1  77  2  81  3  55  4  21  5  90  6  85  7  62  8  73  9  81  10  86  11  18  12  24  13  71  14  3  15  55  16  9  17  66  18  36  19  61
  0  22  1  3  2  91  3  14  4  17  5  57  6  71  7  16  8  4  9  24  10  45  11  61  12  89  13  10  14  85  15  80  16  34  17  12  18  23  19  54
  0  22  1  66  2  75  3  87  4  75  5  96  6  31  7  89  8  45  9  86  10  6  11  98  12  71  13  60  14  8  15  42  16  2  17  57  18  68  19  32
  0  80  1  13  2  22  3  29  4  88  5  92  6  58  7  22  8  65  9  53  10  67  11  13  12  52  13  5  14  51  15  6  16  46  17  12  18  74  19  30
  0  38  1  61  2  84  3  49  4  98  5  71  6  15  7  49  8  2  9  27  10  51  11  91  12  24  13  71  14  29  15  72  16  65  17  78  18  95  19  38
  0  55  1  92  2  44  3  48  4  48  5  8  6  14  7  66  8  39  9  24  10  9  11  36  12  35  13  4  14  68  15  76  16  61  17  11  18  27  19  87
  0  10  1  14  2  97  3  68  4  32  5  78  6  6  7  68  8  48  9  88  10  42  11  47  12  30  13  52  14  4  15  1  16  61  17  10  18  67  19  68
  0  99  1  37  2  84  3  52  4  92  5  94  6  5  7  3  8  6  9  97  10  81  11  40  12  82  13  84  14  87  15  40  16  43  17  12  18  66  19  78
  0  77  1  15  2  95  3  26  4  6  5  99  6  23  7  48  8  3  9  63  10  16  11  23  12  9  13  48  14  30  15  7  16  84  17  87  18  92  19  7
  0  67  1  1  2  45  3  24  4  40  5  30  6  98  7  95  8  33  9  40  10  2  11  45  12  8  13  19  14  7  15  6  16  87  17  50  18  7  19  95
  0  50  1  43  2  64  3  45  4  87  5  51  6  49  7  9  8  98  9  3  10  80  11  27  12  70  13  28  14  10  15  87  16  65  17  57  18  15  19  31
  0  19  1  30  2  79  3  95  4  8  5  35  6  75  7  80  8  69  9  60  10  85  11  86  12  44  13  41  14  21  15  59  16  95  17  34  18  25  19  51
  0  34  1  36  2  70  3  58  4  30  5  37  6  94  7  14  8  9  9  96  10  18  11  49  12  53  13  44  14  44  15  40  16  62  17  65  18  53  19  97
  0  35  1  34  2  17  3  92  4  92  5  73  6  94  7  99  8  34  9  82  10  13  11  10  12  8  13  47  14  16  15  53  16  48  17  29  18  46  19  17
  0  81  1  96  2  92  3  61  4  32  5  37  6  17  7  68  8  66  9  83  10  45  11  64  12  57  13  22  14  83  15  21  16  62  17  74  18  95  19  5
  0  39  1  74  2  47  3  42  4  48  5  72  6  21  7  24  8  17  9  52  10  34  11  45  12  60  13  27  14  26  15  87  16  86  17  61  18  94  19  55
  0  32  1  32  2  7  3  46  4  95  5  18  6  96  7  11  8  87  9  98  10  36  11  24  12  89  13  84  14  40  15  90  16  98  17  14  18  43  19  38
  0  17  1  96  2  59  3  80  4  85  5  78  6  5  7  53  8  90  9  65  10  51  11  60  12  84  13  26  14  44  15  65  16  3  17  61  18  93  19  33
  0  67  1  21  2  30  3  12  4  2  5  82  6  77  7  77  8  17  9  46  10  88  11  22  12  19  13  1  14  46  15  34  16  62  17  61  18  20  19  94
  0  53  1  90  2  39  3  22  4  63  5  48  6  16  7  2  8  17  9  38  10  37  11  94  12  61  13  38  14  91  15  32  16  31  17  35  18  24  19  11
  0  73  1  14  2  18  3  61  4  80  5  48  6  47  7  52  8  58  9  7  10  61  11  53  12  26  13  75  14  82  15  65  16  22  17  55  18  33  19  93
  0  67  1  78  2  17  3  32  4  95  5  64  6  39  7  56  8  72  9  2  10  20  11  79  12  54  13  32  14  41  15  96  16  52  17  67  18  39  19  16
  0  7  1  64  2  22  3  79  4  96  5  53  6  87  7  93  8  28  9  70  10  56  11  38  12  71  13  59  14  50  15  15  16  60  17  37  18  89  19  64
  0  59  1  39  2  81  3  57  4  58  5  84  6  21  7  29  8  68  9  30  10  27  11  36  12  4  13  7  14  95  15  31  16  94  17  53  18  34  19  98
  0  62  1  89  2  99  3  87  4  36  5  99  6  79  7  48  8  9  9  12  10  63  11  43  12  63  13  96  14  4  15  97  16  1  17  27  18  72  19  15
  0  57  1  55  2  43  3  56  4  12  5  24  6  78  7  75  8  87  9  97  10  77  11  50  12  22  13  77  14  28  15  55  16  56  17  67  18  75  19  66
  0  59  1  66  2  82  3  86  4  97  5  23  6  55  7  39  8  7  9  84  10  59  11  71  12  34  13  9  14  46  15  55  16  54  17  30  18  67  19  84
  0  80  1  7  2  52  3  3  4  14  5  70  6  57  7  10  8  18  9  73  10  34  11  39  12  94  13  97  14  69  15  97  16  14  17  59  18  84  19  3
  0  20  1  55  2  1  3  70  4  2  5  98  6  19  7  43  8  21  9  56  10  61  11  42  12  19  13  93  14  68  15  93  16  64  17  74  18  55  19  77
  0  93  1  76  2  77  3  68  4  58  5  22  6  49  7  88  8  99  9  42  10  13  11  92  12  95  13  3  14  63  15  45  16  55  17  79  18  73  19  63
  0  63  1  55  2  61  3  35  4  87  5  70  6  12  7  44  8  11  9  66  10  42  11  45  12  48  13  76  14  55  15  88  16  63  17  78  18  47  19  74
  0  85  1  4  2  40  3  93  4  3  5  65  6  70  7  82  8  76  9  52  10  47  11  90  12  1  13  98  14  68  15  62  16  11  17  41  18  46  19  55
  0  4  1  92  2  88  3  55  4  33  5  23  6  44  7  66  8  81  9  25  10  91  11  84  12  39  13  73  14  44  15  77  16  26  17  49  18  90  19  30
  0  37  1  61  2  5  3  34  4  13  5  82  6  85  7  28  8  50  9  6  10  11  11  14  12  10  13  69  14  17  15  8  16  87  17  9  18  46  19  2
  0  52  1  39  2  12  3  51  4  68  5  73  6  77  7  94  8  63  9  32  10  49  11  92  12  97  13  98  14  37  15  36  16  45  17  18  18  20  19  46
  0  8  1  60  2  22  3  88  4  10  5  84  6  3  7  61  8  44  9  71  10  90  11  29  12  76  13  19  14  39  15  16  16  18  17  21  18  68  19  79
  0  27  1  60  2  21  3  33  4  9  5  98  6  60  7  70  8  8  9  39  10  76  11  36  12  25  13  95  14  72  15  30  16  96  17  96  18  70  19  33
  0  22  1  94  2  33  3  13  4  23  5  85  6  5  7  29  8  74  9  32  10  24  11  51  12  42  13  53  14  32  15  70  16  8  17  43  18  20  19  44
  0  72  1  1  2  63  3  27  4  79  5  98  6  32  7  73  8  78  9  32  10  96  11  96  12  27  13  9  14  55  15  52  16  19  17  77  18  44  19  47
  0  61  1  14  2  26  3  10  4  50  5  97  6  60  7  83  8  22  9  59  10  85  11  97  12  77  13  77  14  90  15  54  16  92  17  51  18  46  19  34
  0  77  1  90  2  13  3  84  4  59  5  86  6  66  7  78  8  61  9  53  10  91  11  36  12  42  13  70  14  35  15  39  16  4  17  52  18  36  19  8
  0  70  1  19  2  54  3  4  4  25  5  63  6  70  7  63  8  20  9  30  10  37  11  13  12  31  13  40  14  97  15  85  16  3  17  47  18  2  19  56
  0  8  1  93  2  83  3  68  4  19  5  4  6  85  7  4  8  71  9  47  10  41  11  38  12  58  13  39  14  50  15  67  16  78  17  74  18  14  19  6
  0  60  1  6  2  4  3  91  4  87  5  20  6  83  7  48  8  35  9  57  10  24  11  81  12  80  13  98  14  61  15  25  16  34  17  7  18  90  19  54
  0  37  1  79  2  7  3  25  4  79  5  81  6  23  7  27  8  70  9  44  10  37  11  40  12  49  13  49  14  22  15  36  16  13  17  38  18  53  19  76
  0  20  1  26  2  20  3  84  4  66  5  89  6  62  7  94  8  68  9  70  10  39  11  21  12  94  13  19  14  18  15  77  16  19  17  55  18  49  19  54
  0  91  1  31  2  56  3  35  4  60  5  21  6  44  7  94  8  85  9  75  10  43  11  36  12  11  13  8  14  6  15  28  16  16  17  6  18  30  19  74
  0  40  1  79  2  94  3  20  4  57  5  7  6  11  7  63  8  50  9  13  10  33  11  53  12  1  13  9  14  86  15  65  16  10  17  79  18  98  19  98
  0  96  1  80  2  39  3  45  4  51  5  6  6  23  7  7  8  44  9  10  10  8  11  66  12  9  13  17  14  2  15  47  16  47  17  51  18  73  19  8
  0  34  1  53  2  4  3  61  4  21  5  74  6  50  7  14  8  50  9  78  10  90  11  60  12  53  13  75  14  80  15  84  16  70  17  65  18  39  19  51
  0  29  1  82  2  40  3  85  4  72  5  56  6  77  7  83  8  4  9  34  10  44  11  92  12  24  13  19  14  18  15  46  16  36  17  45  18  65  19  72
  0  74  1  67  2  2  3  78  4  76  5  49  6  56  7  90  8  92  9  76  10  50  11  20  12  15  13  25  14  72  15  49  16  66  17  71  18  18  19  92
  0  80  1  5  2  13  3  58  4  57  5  1  6  58  7  13  8  96  9  56  10  55  11  40  12  12  13  90  14  91  15  31  16  1  17  62  18  8  19  58
  0  25  1  77  2  76  3  8  4  8  5  61  6  54  7  86  8  68  9  28  10  93  11  20  12  42  13  84  14  23  15  5  16  66  17  32  18  35  19  94
  0  17  1  67  2  44  3  22  4  34  5  86  6  93  7  80  8  74  9  47  10  28  11  38  12  67  13  50  14  65  15  42  16  78  17  32  18  35  19  33
  0  91  1  87  2  53  3  93  4  71  5  64  6  67  7  86  8  68  9  93  10  83  11  61  12  75  13  55  14  57  15  33  16  51  17  90  18  21  19  71
  0  60  1  4  2  61  3  41  4  8  5  21  6  91  7  80  8  62  9  1  10  64  11  31  12  91  13  9  14  22  15  26  16  62  17  7  18  92  19  19
  0  70  1  9  2  67  3  12  4  13  5  17  6  21  7  95  8  11  9  33  10  59  11  33  12  36  13  5  14  5  15  35  16  24  17  64  18  57  19  18
  0  59  1  50  2  97  3  32  4  61  5  44  6  1  7  10  8  23  9  42  10  93  11  72  12  69  13  49  14  74  15  81  16  37  17  70  18  64  19  41
  0  1  1  39  2  75  3  75  4  91  5  92  6  5  7  47  8  80  9  96  10  88  11  77  12  31  13  84  14  86  15  94  16  32  17  41  18  67  19  24
  0  77  1  74  2  21  3  77  4  51  5  30  6  22  7  36  8  17  9  55  10  17  11  5  12  47  13  29  14  10  15  91  16  32  17  77  18  61  19  58
  0  34  1  81  2  40  3  18  4  5  5  26  6  88  7  86  8  74  9  44  10  77  11  27  12  62  13  75  14  72  15  22  16  89  17  12  18  51  19  75
  0  86  1  31  2  11  3  34  4  17  5  19  6  80  7  58  8  77  9  45  10  25  11  12  12  28  13  28  14  92  15  30  16  73  17  20  18  61  19  82
  0  99  1  91  2  60  3  62  4  29  5  87  6  2  7  50  8  50  9  2  10  32  11  32  12  45  13  74  14  79  15  81  16  14  17  22  18  80  19  34
  0  59  1  46  2  97  3  7  4  95  5  89  6  53  7  37  8  90  9  29  10  62  11  63  12  58  13  16  14  24  15  55  16  42  17  24  18  11  19  65
  0  83  1  51  2  59  3  69  4  54  5  86  6  56  7  9  8  82  9  42  10  82  11  62  12  26  13  5  14  34  15  98  16  59  17  66  18  56  19  94
  0  77  1  40  2  52  3  20  4  36  5  49  6  54  7  15  8  80  9  68  10  54  11  29  12  33  13  57  14  54  15  86  16  41  17  87  18  78  19  84
  0  6  1  83  2  33  3  66  4  38  5  14  6  39  7  4  8  31  9  3  10  60  11  94  12  16  13  56  14  94  15  50  16  61  17  14  18  10  19  31
  0  38  1  74  2  38  3  59  4  30  5  61  6  67  7  14  8  96  9  17  10  84  11  86  12  4  13  42  14  56  15  53  16  71  17  38  18  70  19  93
  0  10  1  87  2  54  3  56  4  54  5  3  6  52  7  60  8  2  9  30  10  28  11  78  12  22  13  66  14  21  15  33  16  92  17  52  18  73  19  15
  0  74  1  34  2  13  3  99  4  40  5  12  6  53  7  16  8  15  9  12  10  35  11  99  12  87  13  57  14  50  15  35  16  4  17  27  18  90  19  64
  0  62  1  15  2  25  3  13  4  54  5  38  6  12  7  83  8  32  9  61  10  73  11  84  12  92  13  21  14  6  15  15  16  14  17  79  18  99  19  25
  0  72  1  38  2  94  3  10  4  40  5  91  6  88  7  20  8  40  9  92  10  75  11  82  12  86  13  76  14  88  15  75  16  69  17  54  18  71  19  5
  0  45  1  67  2  95  3  54  4  36  5  77  6  4  7  34  8  63  9  28  10  50  11  37  12  60  13  94  14  61  15  69  16  38  17  16  18  37  19  30
  0  4  1  87  2  76  3  44  4  59  5  23  6  87  7  88  8  17  9  51  10  13  11  45  12  19  13  93  14  95  15  83  16  49  17  27  18  53  19  64
  0  67  1  37  2  36  3  91  4  12  5  23  6  96  7  82  8  36  9  3  10  87  11  18  12  97  13  17  14  62  15  87  16  3  17  54  18  64  19  56
  0  60  1  33  2  98  3  13  4  30  5  10  6  54  7  68  8  44  9  9  10  97  11  22  12  44  13  79  14  62  15  10  16  70  17  42  18  16  19  12
  0  79  1  67  2  59  3  72  4  90  5  8  6  6  7  56  8  79  9  66  10  39  11  66  12  78  13  74  14  47  15  73  16  44  17  30  18  79  19  36
  0  94  1  86  2  86  3  31  4  48  5  26  6  14  7  96  8  97  9  35  10  86  11  75  12  6  13  72  14  99  15  10  16  13  17  8  18  79  19  4
  0  88  1  52  2  9  3  91  4  61  5  24  6  23  7  50  8  15  9  12  10  7  11  47  12  41  13  42  14  66  15  22  16  76  17  40  18  49  19  38
  0  66  1  59  2  26  3  52  4  36  5  24  6  81  7  82  8  62  9  84  10  58  11  89  12  72  13  99  14  47  15  83  16  16  17  95  18  45  19  25
  0  86  1  62  2  95  3  93  4  86  5  77  6  89  7  36  8  63  9  80  10  6  11  6  12  65  13  41  14  4  15  75  16  84  17  75  18  4  19  75
  0  97  1  25  2  17  3  83  4  8  5  88  6  4  7  80  8  61  9  76  10  85  11  36  12  91  13  30  14  36  15  3  16  96  17  16  18  7  19  19
  0  81  1  4  2  95  3  51  4  94  5  76  6  40  7  39  8  54  9  24  10  92  11  6  12  44  13  37  14  34  15  60  16  15  17  99  18  4  19  99
  0  32  1  24  2  65  3  80  4  50  5  11  6  40  7  33  8  4  9  99  10  72  11  26  12  43  13  60  14  10  15  11  16  71  17  33  18  9  19  92
  0  34  1  13  2  1  3  23  4  88  5  50  6  89  7  5  8  48  9  4  10  52  11  45  12  75  13  65  14  57  15  13  16  75  17  44  18  49  19  74
  0  3  1  93  2  41  3  21  4  2  5  95  6  15  7  4  8  25  9  48  10  33  11  47  12  6  13  29  14  7  15  12  16  84  17  13  18  63  19  8
  0  7  1  70  2  26  3  1  4  54  5  97  6  86  7  45  8  64  9  18  10  31  11  53  12  52  13  81  14  69  15  73  16  46  17  50  18  51  19  30
  0  99  1  30  2  89  3  66  4  38  5  9  6  16  7  85  8  47  9  92  10  39  11  70  12  24  13  63  14  83  15  34  16  43  17  88  18  30  19  48
  0  8  1  63  2  79  3  26  4  76  5  67  6  15  7  62  8  7  9  61  10  40  11  73  12  54  13  55  14  6  15  76  16  89  17  28  18  61  19  94
  0  57  1  80  2  98  3  97  4  74  5  41  6  56  7  95  8  34  9  76  10  16  11  50  12  82  13  55  14  15  15  82  16  62  17  74  18  39  19  73
  0  53  1  60  2  77  3  3  4  60  5  73  6  59  7  57  8  8  9  14  10  2  11  20  12  59  13  84  14  29  15  7  16  71  17  58  18  53  19  20
  0  30  1  69  2  24  3  37  4  55  5  17  6  84  7  45  8  61  9  49  10  2  11  2  12  92  13  73  14  34  15  66  16  4  17  3  18  81  19  51
  0  28  1  34  2  23  3  75  4  62  5  36  6  18  7  20  8  67  9  64  10  61  11  22  12  49  13  46  14  84  15  52  16  82  17  15  18  62  19  70
TPM
  0  1131  1  1131  2  1131  3  1131  4  1131  5  1131  6  1131  7  1131  8  1131  9  1131  10  1131  11  1131  12  1131  13  1131  14  1131  15  1131  16  1131  17  1131  18  1131  19  1131
PMT
  0  66  1  42  2  49  3  36  4  54  5  18  6  45  7  72  8  63  9  23  10  41  11  40  12  57  13  3  14  26  15  6  16  28  17  63  18  39  19  51
  0  41  1  3  2  31  3  1  4  18  5  43  6  60  7  72  8  7  9  46  10  36  11  35  12  19  13  59  14  72  15  18  16  58  17  22  18  61  19  8
  0  14  1  14  2  9  3  16  4  51  5  62  6  58  7  73  8  18  9  1  10  18  11  67  12  47  13  14  14  24  15  29  16  1  17  15  18  36  19  23
  0  52  1  12  2  50  3  70  4  10  5  20  6  44  7  33  8  26  9  2  10  1  11  3  12  24  13  71  14  29  15  49  16  5  17  58  18  13  19  43
  0  14  1  56  2  18  3  23  4  46  5  31  6  38  7  74  8  31  9  19  10  53  11  52  12  64  13  60  14  56  15  50  16  45  17  17  18  17  19  27
  0  5  1  38  2  71  3  44  4  52  5  45  6  53  7  45  8  61  9  30  10  31  11  24  12  67  13  15  14  33  15  35  16  45  17  5  18  65  19  23
  0  14  1  25  2  66  3  68  4  53  5  3  6  38  7  40  8  29  9  11  10  40  11  24  12  72  13  58  14  15  15  31  16  65  17  62  18  73  19  24
  0  59  1  47  2  54  3  1  4  48  5  49  6  62  7  73  8  5  9  29  10  9  11  48  12  16  13  54  14  66  15  20  16  20  17  58  18  2  19  54
  0  64  1  50  2  19  3  54  4  35  5  63  6  6  7  70  8  40  9  5  10  44  11  51  12  51  13  68  14  40  15  55  16  26  17  48  18  25  19  42
