20  15
  0  58  1  92  2  44  3  55  4  39  5  61  6  66  7  98  8  85  9  91  10  57  11  74  12  20  13  33  14  19
  0  78  1  89  2  64  3  21  4  78  5  58  6  56  7  85  8  39  9  40  10  88  11  82  12  39  13  78  14  29
  0  14  1  71  2  49  3  92  4  7  5  88  6  37  7  36  8  64  9  8  10  31  11  48  12  33  13  29  14  21
  0  51  1  82  2  96  3  95  4  20  5  20  6  30  7  79  8  84  9  62  10  87  11  60  12  69  13  65  14  46
  0  82  1  90  2  73  3  22  4  14  5  15  6  15  7  35  8  19  9  36  10  93  11  29  12  89  13  50  14  39
  0  77  1  14  2  14  3  97  4  32  5  85  6  17  7  5  8  16  9  88  10  22  11  47  12  52  13  8  14  33
  0  22  1  83  2  46  3  1  4  49  5  27  6  51  7  81  8  74  9  57  10  88  11  12  12  2  13  33  14  4
  0  48  1  23  2  97  3  65  4  93  5  22  6  12  7  86  8  23  9  4  10  12  11  55  12  55  13  48  14  4
  0  29  1  53  2  97  3  15  4  76  5  39  6  33  7  90  8  65  9  56  10  84  11  94  12  31  13  30  14  7
  0  41  1  73  2  83  3  77  4  90  5  75  6  30  7  34  8  64  9  33  10  45  11  40  12  73  13  31  14  81
  0  43  1  65  2  28  3  90  4  82  5  31  6  16  7  52  8  38  9  18  10  70  11  41  12  42  13  64  14  15
  0  70  1  93  2  29  3  57  4  86  5  42  6  86  7  77  8  25  9  32  10  21  11  66  12  30  13  32  14  27
  0  51  1  13  2  78  3  14  4  67  5  92  6  13  7  48  8  38  9  48  10  98  11  16  12  84  13  75  14  38
  0  58  1  91  2  26  3  22  4  22  5  73  6  76  7  98  8  40  9  38  10  44  11  35  12  14  13  35  14  62
  0  93  1  81  2  34  3  74  4  71  5  73  6  68  7  99  8  69  9  12  10  51  11  1  12  69  13  91  14  39
  0  40  1  57  2  46  3  94  4  7  5  18  6  96  7  93  8  61  9  77  10  34  11  54  12  18  13  82  14  78
  0  98  1  67  2  33  3  17  4  78  5  7  6  12  7  23  8  8  9  40  10  79  11  91  12  93  13  48  14  25
  0  55  1  68  2  54  3  83  4  73  5  42  6  33  7  82  8  82  9  52  10  39  11  53  12  76  13  57  14  42
  0  35  1  48  2  21  3  8  4  55  5  94  6  69  7  65  8  57  9  93  10  22  11  30  12  16  13  84  14  40
  0  90  1  59  2  19  3  17  4  74  5  92  6  62  7  34  8  43  9  81  10  60  11  37  12  95  13  44  14  5
TPM
  0  678  1  678  2  678  3  678  4  678  5  678  6  678  7  678  8  678  9  678  10  678  11  678  12  678  13  678  14  678
PMT
  0  13  1  73  2  70  3  62  4  74  5  85  6  60  7  49  8  72  9  16  10  36  11  64  12  5  13  75  14  93
  0  15  1  94  2  94  3  87  4  95  5  37  6  98  7  58  8  14  9  51  10  84  11  55  12  61  13  95  14  7
  0  16  1  78  2  18  3  35  4  90  5  57  6  41  7  43  8  42  9  93  10  36  11  43  12  47  13  70  14  8
