20  20
  0  32  1  90  2  43  3  51  4  46  5  87  6  79  7  31  8  90  9  79  10  57  11  32  12  51  13  60  14  89  15  68  16  79  17  48  18  85  19  41
  0  13  1  32  2  37  3  4  4  1  5  44  6  45  7  62  8  22  9  2  10  13  11  61  12  40  13  92  14  25  15  42  16  5  17  87  18  87  19  70
  0  30  1  2  2  4  3  76  4  82  5  48  6  7  7  45  8  64  9  45  10  73  11  43  12  91  13  80  14  95  15  99  16  72  17  31  18  73  19  48
  0  63  1  3  2  67  3  98  4  48  5  44  6  22  7  19  8  56  9  20  10  38  11  26  12  36  13  82  14  67  15  18  16  39  17  63  18  51  19  2
  0  73  1  60  2  31  3  94  4  44  5  18  6  99  7  14  8  87  9  3  10  67  11  64  12  62  13  33  14  66  15  97  16  52  17  17  18  24  19  17
  0  4  1  4  2  62  3  29  4  96  5  48  6  14  7  67  8  13  9  47  10  70  11  65  12  72  13  11  14  84  15  22  16  34  17  48  18  3  19  5
  0  78  1  8  2  4  3  86  4  41  5  91  6  59  7  87  8  39  9  27  10  46  11  3  12  20  13  77  14  87  15  16  16  39  17  19  18  83  19  19
  0  9  1  15  2  63  3  19  4  18  5  60  6  88  7  82  8  87  9  95  10  62  11  40  12  16  13  89  14  39  15  75  16  36  17  52  18  44  19  56
  0  81  1  34  2  31  3  75  4  38  5  99  6  48  7  32  8  27  9  12  10  95  11  47  12  45  13  46  14  82  15  4  16  52  17  17  18  25  19  66
  0  97  1  3  2  35  3  92  4  11  5  86  6  4  7  74  8  1  9  58  10  75  11  48  12  44  13  45  14  47  15  67  16  57  17  49  18  75  19  32
  0  68  1  37  2  42  3  13  4  56  5  95  6  29  7  20  8  10  9  36  10  98  11  97  12  18  13  35  14  78  15  45  16  11  17  32  18  5  19  8
  0  97  1  23  2  53  3  68  4  80  5  12  6  90  7  43  8  38  9  26  10  5  11  76  12  4  13  2  14  96  15  57  16  87  17  85  18  56  19  24
  0  13  1  15  2  45  3  33  4  69  5  76  6  55  7  89  8  7  9  57  10  27  11  84  12  8  13  29  14  34  15  75  16  31  17  30  18  83  19  1
  0  9  1  49  2  72  3  35  4  18  5  9  6  5  7  6  8  2  9  11  10  70  11  31  12  72  13  99  14  24  15  61  16  35  17  32  18  27  19  22
  0  24  1  85  2  30  3  96  4  23  5  30  6  24  7  89  8  28  9  44  10  74  11  70  12  58  13  59  14  16  15  84  16  33  17  53  18  90  19  64
  0  73  1  34  2  28  3  12  4  89  5  79  6  23  7  4  8  61  9  27  10  56  11  49  12  29  13  36  14  52  15  16  16  51  17  50  18  80  19  86
  0  91  1  39  2  38  3  17  4  43  5  17  6  76  7  9  8  10  9  30  10  56  11  25  12  92  13  90  14  38  15  99  16  54  17  89  18  54  19  17
  0  61  1  8  2  10  3  84  4  29  5  26  6  8  7  2  8  15  9  83  10  13  11  2  12  29  13  50  14  75  15  34  16  79  17  2  18  92  19  1
  0  47  1  26  2  76  3  60  4  61  5  84  6  61  7  80  8  43  9  11  10  59  11  87  12  10  13  39  14  53  15  49  16  68  17  65  18  85  19  91
  0  47  1  95  2  81  3  26  4  40  5  53  6  17  7  53  8  53  9  17  10  8  11  61  12  85  13  25  14  7  15  27  16  98  17  89  18  8  19  1
TPM
  0  530  1  530  2  530  3  530  4  530  5  530  6  530  7  530  8  530  9  530  10  530  11  530  12  530  13  530  14  530  15  530  16  530  17  530  18  530  19  530
PMT
  0  20  1  51  2  3  3  27  4  35  5  6  6  41  7  54  8  22  9  44  10  40  11  7  12  74  13  16  14  1  15  7  16  9  17  55  18  12  19  26
  0  6  1  60  2  50  3  72  4  3  5  4  6  57  7  46  8  26  9  39  10  32  11  48  12  44  13  26  14  60  15  12  16  57  17  15  18  63  19  68
  0  26  1  7  2  42  3  44  4  26  5  49  6  24  7  45  8  15  9  60  10  40  11  56  12  42  13  28  14  11  15  20  16  13  17  30  18  70  19  66
  0  13  1  65  2  59  3  26  4  64  5  19  6  8  7  10  8  49  9  2  10  12  11  39  12  36  13  9  14  9  15  21  16  23  17  4  18  69  19  33
